"V1","V2","V3","V4","V5","V6","V7","V8","V9","V10"
"6913","2","3","3","19","221","321","428","541","667","C0000768"
"3043","2","5","7","34","52","216","395","549","116","C0000768"
"1130","2","5","7","60","54","326","141","359","462","C0000768"
"5077","2","3","3","19","221","321","428","541","667","C0000768"
"3892","2","1","6","11","142","225","142","220","298","C0000768"
"3914","2","5","7","53","51","342","454","573","492","C0000768"
"3265","2","5","7","60","54","24","30","46","72","C0000768"
"10225","2","5","7","53","51","119","395","549","674","C0000768"
"4157","2","5","4","68","96","326","427","548","672","C0000768"
"613","2","5","7","60","54","24","30","46","72","C0000768"
"4998","2","3","12","76","31","261","116","1","86","C0000768"
"627","2","5","7","53","51","335","444","423","373","C0000832"
"6891","2","3","12","41","116","119","156","568","116","C0000832"
"7021","2","3","12","19","31","261","91","433","664","C0000832"
"3594","2","5","7","53","51","119","25","560","373","C0000887"
"2263","2","5","7","53","14","20","25","40","186","C0000887"
"2316","2","5","7","53","51","342","454","573","702","C0000887"
"2908","2","3","12","19","151","276","91","433","118","C0000887"
"55670","2","3","5","43","161","305","409","208","482","C0000887"
"4750","2","5","12","76","14","20","34","540","68","C0000887"
"2645","2","3","2","90","167","266","367","101","664","C0000889"
"7249","2","3","7","60","57","110","141","359","462","C0000889"
"10084","2","3","2","22","33","323","66","101","136","C0000889"
"4512","2","3","2","48","170","110","141","359","8","C0000889"
"4976","2","3","2","48","170","50","119","444","556","C0000889"
"5897","2","3","12","41","116","268","141","568","605","C0000889"
"10225","2","5","7","53","51","119","395","549","674","C0000889"
"4629","2","5","8","63","45","23","103","464","187","C0000889"
"5002","2","5","8","45","94","199","240","415","666","C0000889"
"2690","2","5","7","53","14","20","25","40","186","C0000889"
"7248","2","3","2","48","57","110","141","359","462","C0000889"
"6608","2","3","3","68","221","321","428","560","667","C0000889"
"23322","2","3","12","76","153","40","38","54","75","C0000889"
"617","2","3","2","48","170","50","304","167","593","C0000889"
"4054","2","5","7","53","51","342","454","573","492","C0000889"
"10013","2","3","12","19","31","143","91","236","311","C0000889"
"1584","2","3","5","79","159","256","276","353","456","C0000889"
"7291","2","3","12","19","151","276","91","489","416","C0000889"
"2033","2","3","12","19","31","1","91","433","118","C0000889"
"7518","2","3","12","19","31","261","116","1","86","C0000889"
"5192","2","3","5","43","161","305","409","208","482","C0001122"
"5506","2","3","12","76","137","76","136","82","658","C0001122"
"1281","2","5","7","53","51","342","454","573","492","C0001122"
"860","2","3","12","19","31","276","91","433","118","C0001126"
"10002","2","3","3","19","151","276","91","433","118","C0001126"
"5160","2","3","2","67","92","293","55","75","311","C0001126"
"3248","2","3","2","69","83","133","167","224","301","C0001126"
"8890","2","3","2","110","85","237","433","547","671","C0001126"
"55636","2","3","3","19","221","321","428","423","389","C0001126"
"940","2","5","7","53","14","20","25","40","186","C0001126"
"8626","2","3","3","19","221","321","428","541","667","C0001126"
"7044","2","5","7","53","51","342","454","573","702","C0001126"
"2296","2","3","3","19","221","321","428","541","667","C0001126"
"4724","2","3","2","48","170","50","119","444","556","C0001175"
"2697","2","3","7","76","153","40","38","54","75","C0001175"
"9627","2","3","12","19","31","1","426","55","78","C0001175"
"10518","2","3","2","22","170","50","119","444","556","C0001202"
"9632","2","3","7","60","153","40","38","54","203","C0001202"
"9049","2","3","3","41","151","276","378","271","356","C0001206"
"7314","2","3","12","41","219","261","409","208","482","C0001206"
"760","2","3","5","35","41","77","40","78","178","C0001206"
"3785","2","5","8","63","36","166","106","110","158","C0001206"
"3735","2","3","2","110","85","237","433","252","154","C0001206"
"29123","2","3","12","19","151","276","91","433","118","C0001206"
"8820","2","3","3","19","221","321","428","541","667","C0001206"
"2896","2","5","7","34","52","216","395","549","674","C0001206"
"3077","2","5","7","53","51","119","395","549","674","C0001206"
"4261","2","3","12","53","184","119","156","287","116","C0001206"
"10262","2","3","2","22","33","323","66","101","136","C0001206"
"2812","2","5","7","53","51","342","454","573","492","C0001206"
"4647","2","5","7","60","83","101","126","170","224","C0001206"
"6785","2","3","5","67","7","5","239","311","393","C0001206"
"80339","2","3","5","2","213","334","443","559","687","C0001206"
"5157","2","5","7","80","81","342","367","500","577","C0001206"
"4214","2","3","12","41","219","339","34","540","117","C0001206"
"9401","2","3","12","76","31","261","116","1","86","C0001339"
"641","2","3","12","19","31","261","116","1","86","C0001339"
"9581","2","3","5","27","36","150","76","223","628","C0001339"
"3043","2","5","7","34","52","216","395","549","116","C0001403"
"2138","2","3","12","19","31","1","426","55","78","C0001403"
"6261","2","5","8","63","45","23","34","464","187","C0001403"
"7097","2","5","7","34","52","216","395","549","674","C0001403"
"1954","2","5","7","53","51","342","454","573","492","C0001403"
"5860","2","3","2","69","91","75","204","267","352","C0001403"
"1584","2","3","5","79","159","256","276","353","456","C0001403"
"23347","2","3","12","41","116","268","434","468","213","C0001403"
"23529","2","5","7","53","51","119","25","40","416","C0001403"
"60","2","3","12","60","45","184","155","287","78","C0001403"
"55193","2","3","12","19","31","1","426","55","78","C0001403"
"5015","2","3","3","19","221","321","428","541","667","C0001403"
"7518","2","3","12","19","31","261","116","1","86","C0001403"
"3620","2","3","5","91","214","183","307","391","507","C0001403"
"207","2","3","7","53","14","20","34","489","416","C0001403"
"8085","2","3","12","19","31","1","426","55","78","C0001403"
"1272","2","5","7","53","51","335","444","236","373","C0001403"
"57216","2","3","12","41","116","268","259","568","422","C0001403"
"9210","2","5","7","53","51","342","454","573","492","C0001430"
"1585","2","3","5","79","159","256","351","100","589","C0001430"
"3908","2","5","7","53","51","342","454","573","492","C0001430"
"3930","2","3","2","22","33","323","66","3","464","C0001430"
"23141","2","3","12","76","105","40","226","489","435","C0001430"
"6855","2","5","7","27","36","150","341","223","628","C0001430"
"5251","2","3","5","80","81","296","474","593","722","C0001430"
"356","2","5","7","53","219","339","25","489","697","C0001430"
"4313","2","5","7","53","51","342","454","573","492","C0001430"
"23095","2","3","7","76","153","40","38","54","75","C0001430"
"9940","2","3","5","68","221","321","428","447","586","C0001430"
"5894","2","5","7","60","54","23","34","464","187","C0001430"
"7248","2","3","2","48","57","110","141","359","462","C0001430"
"8398","2","3","5","116","183","40","38","352","455","C0001430"
"10149","2","5","5","63","36","166","332","220","158","C0001430"
"6833","2","5","8","45","36","166","240","415","666","C0001430"
"5195","2","3","5","43","161","305","409","208","482","C0001430"
"4629","2","5","8","63","45","23","103","464","187","C0001430"
"4338","2","3","2","110","85","75","204","267","352","C0001430"
"4915","2","5","7","53","14","20","25","40","186","C0001430"
"5745","2","5","4","68","96","326","427","548","672","C0001430"
"4620","2","5","8","63","45","23","103","464","187","C0001430"
"8516","2","5","7","53","51","342","454","573","492","C0001430"
"624","2","5","4","68","96","326","427","548","672","C0001430"
"7415","2","3","7","34","52","216","395","536","445","C0001430"
"1674","2","5","8","63","45","23","103","464","187","C0001430"
"54808","2","3","12","76","153","40","38","54","75","C0001430"
"3559","2","5","7","53","14","20","25","40","186","C0001430"
"1493","2","5","7","53","51","119","25","40","186","C0001430"
"5311","2","5","8","63","45","166","306","390","158","C0001430"
"23451","2","3","2","22","33","323","66","101","136","C0001430"
"4361","2","3","12","19","31","261","116","1","86","C0001430"
"6870","2","5","4","68","96","326","427","548","672","C0001618"
"7546","2","5","3","19","221","321","79","560","373","C0001618"
"488","2","5","8","63","45","23","103","464","187","C0001618"
"54757","2","5","7","53","51","342","454","573","492","C0001621"
"6833","2","5","8","45","36","166","240","415","666","C0001621"
"6812","2","5","7","27","36","150","341","223","628","C0001623"
"10518","2","3","2","22","170","50","119","444","556","C0001623"
"5332","2","3","4","68","96","326","427","548","672","C0001623"
"367","2","3","12","19","31","276","91","433","118","C0001623"
"5696","2","3","12","41","116","268","156","568","116","C0001623"
"2006","2","5","7","53","51","342","454","573","492","C0001623"
"9570","2","3","7","60","153","40","38","66","203","C0001623"
"3674","2","5","7","53","51","342","454","573","492","C0001623"
"7841","2","3","2","41","116","178","423","536","445","C0001623"
"6499","2","3","2","110","85","237","433","547","671","C0001624"
"50484","2","3","5","80","109","182","235","307","506","C0001624"
"23529","2","5","7","53","51","119","25","40","416","C0001624"
"6868","2","5","7","53","51","342","454","236","492","C0001624"
"811","2","3","2","41","116","342","423","536","342","C0001624"
"4487","2","3","3","19","221","321","428","541","667","C0001624"
"6311","2","3","2","22","33","323","66","362","468","C0001624"
"5373","2","3","2","90","167","123","158","207","278","C0001624"
"1134","2","5","8","27","70","99","162","216","290","C0001624"
"23090","2","3","12","19","151","276","91","433","118","C0001624"
"9321","2","3","12","76","153","40","38","54","203","C0001624"
"4683","2","3","12","19","31","261","116","1","86","C0001627"
"6908","2","3","12","19","31","1","116","159","211","C0001627"
"7291","2","3","12","19","151","276","91","489","416","C0001627"
"4629","2","5","8","63","45","23","103","464","187","C0001627"
"8517","2","3","12","41","219","339","156","568","697","C0001627"
"5422","2","3","12","19","31","261","116","1","86","C0001627"
"2263","2","5","7","53","14","20","25","40","186","C0001627"
"2752","2","3","2","101","62","189","182","509","409","C0001627"
"54714","2","5","8","63","36","166","106","110","158","C0001627"
"3383","2","5","7","53","51","119","454","287","116","C0001627"
"51715","2","5","7","60","54","24","30","46","72","C0001627"
"5179","2","5","4","68","96","326","427","548","672","C0001723"
"212","2","3","2","67","92","293","55","487","116","C0001723"
"3315","2","3","12","41","181","160","362","402","215","C0001723"
"94","2","5","7","53","51","342","259","423","389","C0001723"
"3207","2","3","3","19","221","321","428","541","667","C0001723"
"714","2","5","7","53","51","119","395","549","674","C0001723"
"3852","2","1","6","11","142","225","142","220","298","C0001733"
"190","2","3","3","19","151","276","91","433","118","C0001733"
"5972","2","5","5","34","52","216","397","418","568","C0001733"
"8260","2","3","12","41","85","266","76","287","78","C0001768"
"5468","2","3","3","19","151","276","91","433","118","C0001768"
"8517","2","3","12","41","219","339","156","568","697","C0001768"
"4170","2","3","12","41","219","339","402","489","416","C0001768"
"1289","2","5","7","53","51","342","454","573","492","C0001768"
"3565","2","5","7","53","51","119","25","489","416","C0001768"
"9791","2","3","8","45","94","199","240","415","666","C0001768"
"4693","2","5","7","53","51","342","454","573","492","C0001768"
"6913","2","3","3","19","221","321","428","541","667","C0001768"
"55065","2","3","5","38","242","230","312","395","511","C0001768"
"3172","2","3","3","19","151","276","91","433","118","C0001768"
"9632","2","3","7","60","153","40","38","54","203","C0001768"
"3035","2","3","2","110","85","237","433","547","154","C0001768"
"355","2","3","7","41","219","339","156","568","697","C0001768"
"2138","2","3","12","19","31","1","426","55","78","C0001768"
"1535","2","5","7","34","52","216","395","549","674","C0001768"
"2006","2","5","7","53","51","342","454","573","492","C0001815"
"6144","2","3","2","110","85","237","433","547","671","C0001815"
"79661","2","3","12","19","31","261","116","1","86","C0001816"
"4722","2","3","2","48","170","50","119","444","556","C0001816"
"2261","2","5","7","53","14","20","25","40","186","C0001816"
"7248","2","3","2","48","57","110","141","359","462","C0001818"
"4509","2","3","2","48","170","50","119","444","556","C0001818"
"4340","2","5","7","53","51","119","341","223","628","C0001818"
"3552","2","3","12","53","51","119","156","489","416","C0001818"
"4851","2","3","12","19","221","143","428","236","667","C0001824"
"10585","2","5","2","27","206","324","430","215","290","C0001824"
"6094","2","3","2","27","83","326","126","414","702","C0001824"
"6261","2","5","8","63","45","23","34","464","187","C0001824"
"6689","2","3","12","19","31","276","91","433","118","C0001883"
"100","2","3","5","33","21","47","56","80","199","C0001883"
"3949","2","5","7","60","14","184","341","544","669","C0001883"
"54880","2","3","12","19","31","1","426","55","78","C0001916"
"7456","2","5","7","60","14","20","25","40","215","C0001916"
"5743","2","3","5","53","175","119","167","489","416","C0001916"
"6885","2","3","12","41","219","339","156","568","697","C0001916"
"2731","2","3","2","106","104","214","234","67","53","C0001916"
"242","2","3","5","11","142","223","142","220","298","C0001916"
"3798","2","3","7","76","153","40","38","54","75","C0001916"
"55687","2","3","2","48","170","152","119","252","154","C0001916"
"351","2","5","4","68","96","326","188","145","193","C0001916"
"8626","2","3","3","19","221","321","428","541","667","C0001916"
"8626","2","3","3","19","221","321","428","541","667","C0001916"
"229","2","3","2","90","167","266","367","500","577","C0001925"
"6605","2","3","12","19","31","1","426","55","78","C0001925"
"355","2","3","7","41","219","339","156","568","697","C0001925"
"5205","2","3","8","63","45","23","103","464","619","C0001925"
"7473","2","5","3","68","221","197","259","560","422","C0001925"
"445","2","3","2","84","97","167","210","278","360","C0001925"
"55636","2","3","3","19","221","321","428","423","389","C0001925"
"10161","2","5","4","68","96","326","427","548","672","C0001925"
"6913","2","3","3","19","221","321","428","541","667","C0001925"
"6469","2","5","3","53","221","197","259","560","422","C0001925"
"5328","2","5","7","34","52","216","395","549","674","C0001925"
"658","2","5","7","53","51","342","259","423","389","C0001925"
"23426","2","5","7","42","36","71","177","223","219","C0001925"
"4233","2","5","7","53","14","20","25","40","186","C0001925"
"5443","2","5","4","68","96","326","427","548","672","C0001925"
"3848","2","5","7","34","52","225","142","220","298","C0001925"
"1719","2","3","2","76","153","40","116","54","75","C0001925"
"8200","2","5","7","53","51","342","259","423","389","C0001925"
"2563","2","5","8","27","70","99","162","216","290","C0001925"
"1723","2","3","2","48","170","50","119","444","556","C0001925"
"3690","2","5","7","53","51","342","454","573","492","C0001925"
"5573","2","3","12","19","184","118","155","287","116","C0001956"
"6899","2","5","7","53","184","335","259","560","373","C0001956"
"6391","2","3","2","48","170","50","119","444","556","C0001956"
"1119","2","3","2","85","143","286","51","488","102","C0001956"
"3209","2","3","3","19","221","321","428","541","667","C0001956"
"860","2","3","12","19","31","276","91","433","118","C0001956"
"10661","2","3","12","19","31","1","426","55","78","C0001956"
"6868","2","5","7","53","51","342","454","236","492","C0001956"
"7138","2","5","8","63","45","23","103","464","187","C0001956"
"4582","2","5","7","53","206","324","430","429","544","C0001956"
"7454","2","5","7","60","14","20","25","40","215","C0001956"
"3845","2","5","7","60","54","24","30","46","72","C0001956"
"23729","2","3","2","90","167","148","36","51","383","C0001957"
"3033","2","3","2","67","80","145","179","239","618","C0001957"
"2263","2","5","7","53","14","20","25","40","186","C0002018"
"54657","2","3","2","78","205","207","67","355","138","C0002018"
"3930","2","3","2","22","33","323","66","3","464","C0002018"
"7390","2","3","5","80","81","166","132","175","473","C0002018"
"7157","2","3","12","19","31","261","402","489","551","C0002018"
"7422","2","5","7","53","51","342","454","573","702","C0002018"
"10133","2","3","12","76","153","40","38","54","75","C0002063"
"3239","2","3","3","19","221","321","428","541","667","C0002063"
"2592","2","3","2","68","117","196","257","326","419","C0002064"
"1026","2","3","12","19","31","1","116","489","416","C0002064"
"5922","2","5","7","60","54","24","30","46","72","C0002064"
"1294","2","5","7","53","51","342","454","573","492","C0002064"
"2260","2","5","7","53","14","20","25","40","186","C0002064"
"701","2","3","12","76","153","40","38","54","75","C0002171"
"2153","2","5","7","53","51","342","454","573","492","C0002171"
"9990","2","5","8","45","94","199","240","415","666","C0002171"
"9742","2","3","12","76","153","40","38","54","75","C0002171"
"3119","2","5","7","53","153","119","156","287","116","C0002171"
"1027","2","3","12","19","31","1","116","1","86","C0002171"
"4091","2","3","12","53","219","342","259","423","389","C0002171"
"5727","2","3","12","68","221","197","259","560","422","C0002171"
"773","2","5","8","27","36","166","341","223","628","C0002171"
"8106","2","3","2","22","33","323","66","101","136","C0002171"
"472","2","3","12","19","31","261","116","1","86","C0002171"
"2132","2","3","2","74","58","112","148","193","263","C0002312"
"5354","2","5","7","27","36","150","341","223","628","C0002312"
"8289","2","3","12","19","31","1","426","55","78","C0002312"
"5111","2","3","12","19","31","261","116","1","86","C0002382"
"641","2","3","12","19","31","261","116","1","86","C0002382"
"4854","2","5","7","53","51","143","428","236","667","C0002418"
"6495","2","3","3","19","221","321","428","541","667","C0002418"
"2263","2","5","7","53","14","20","25","40","186","C0002418"
"1145","2","5","8","27","70","99","162","216","290","C0002418"
"26258","2","5","7","60","18","184","341","544","669","C0002418"
"4750","2","5","12","76","14","20","34","540","68","C0002418"
"2006","2","5","7","53","51","342","454","573","492","C0002418"
"8803","2","3","8","67","92","293","55","75","311","C0002418"
"8643","2","5","3","68","221","197","259","560","422","C0002418"
"2798","2","5","4","68","96","326","427","548","672","C0002418"
"6342","2","3","5","80","161","305","409","208","482","C0002418"
"8200","2","5","7","53","51","342","259","423","389","C0002418"
"7291","2","3","12","19","151","276","91","489","416","C0002418"
"23746","2","3","12","41","83","101","126","271","356","C0002418"
"3683","2","5","7","53","51","119","395","549","674","C0002418"
"3251","2","3","4","68","96","326","427","341","150","C0002418"
"23417","2","3","2","43","161","305","409","208","482","C0002418"
"6439","2","5","5","68","96","185","238","310","272","C0002418"
"5449","2","3","3","19","221","321","428","541","667","C0002418"
"3575","2","5","7","53","51","184","341","544","669","C0002448"
"5518","2","3","12","76","153","40","38","54","435","C0002448"
"7837","2","3","5","80","51","342","454","573","492","C0002452"
"54345","2","5","3","19","221","321","428","541","667","C0002452"
"7428","2","3","12","41","116","268","434","468","213","C0002452"
"5350","2","5","8","63","45","23","103","464","187","C0002452"
"652","2","5","7","53","51","342","454","573","492","C0002452"
"2074","2","3","12","19","31","1","426","55","78","C0002452"
"2022","2","5","7","53","51","342","259","423","389","C0002452"
"55764","2","3","12","76","153","40","38","54","75","C0002452"
"5048","2","3","12","76","153","40","38","54","75","C0002452"
"9150","2","3","12","19","31","261","116","159","211","C0002452"
"5190","2","3","5","43","161","305","409","208","482","C0002452"
"6197","2","3","12","19","14","20","34","540","68","C0002452"
"57216","2","3","12","41","116","268","259","568","422","C0002452"
"4882","2","3","4","68","96","326","427","548","672","C0002452"
"55505","2","3","2","110","85","237","433","547","671","C0002453"
"3557","2","3","12","41","219","339","156","568","697","C0002453"
"4043","2","5","7","60","51","342","454","544","669","C0002453"
"2317","2","5","7","63","45","23","103","287","664","C0002453"
"25836","2","3","12","76","153","40","38","54","75","C0002453"
"2395","2","3","2","48","170","50","304","167","593","C0002453"
"1356","2","3","7","53","51","342","454","573","492","C0002514"
"6598","2","3","12","19","31","1","426","55","78","C0002514"
"5077","2","3","3","19","221","321","428","541","667","C0002514"
"54361","2","5","3","68","221","197","259","560","422","C0002514"
"6338","2","5","8","63","45","23","34","464","187","C0002514"
"2131","2","3","2","74","58","112","148","181","416","C0002514"
"146845","2","3","12","76","137","76","136","271","356","C0002514"
"5190","2","3","5","43","161","305","409","208","482","C0002514"
"6531","2","5","8","45","94","199","240","415","666","C0002514"
"9031","2","3","12","19","31","1","426","55","78","C0002514"
"3339","2","5","7","53","51","342","454","573","492","C0002514"
"51204","2","3","2","48","170","50","119","444","556","C0002514"
"1512","2","5","7","34","52","216","395","549","674","C0002514"
"2261","2","5","7","53","14","20","25","40","186","C0002622"
"7415","2","3","7","34","52","216","395","536","445","C0002622"
"2639","2","3","2","71","148","34","160","115","164","C0002622"
"326","2","3","12","19","31","261","377","370","269","C0002622"
"2006","2","5","7","53","51","342","454","573","492","C0002622"
"3082","2","5","7","53","51","342","25","40","186","C0002622"
"7043","2","5","7","53","51","342","454","573","492","C0002622"
"5193","2","3","5","43","161","305","409","208","482","C0002622"
"10000","2","5","7","53","14","20","34","540","68","C0002622"
"5728","2","3","5","80","81","339","156","568","605","C0002622"
"7439","2","5","8","63","45","23","34","464","187","C0002622"
"4810","2","3","2","76","57","110","444","560","373","C0002622"
"1991","2","5","7","34","52","216","395","549","674","C0002622"
"9469","2","3","2","103","189","303","29","475","467","C0002622"
"1001","2","5","7","53","51","335","444","560","373","C0002622"
"6299","2","3","12","19","221","321","428","541","667","C0002622"
"4803","2","5","7","60","54","24","30","46","72","C0002622"
"351","2","5","4","68","96","326","188","145","193","C0002726"
"9723","2","5","7","53","51","342","79","560","373","C0002726"
"344","2","5","7","53","51","342","454","573","492","C0002726"
"51524","2","5","7","45","94","199","240","415","666","C0002726"
"27031","2","3","6","11","142","225","38","331","506","C0002726"
"8910","2","5","8","63","45","23","103","464","187","C0002726"
"7518","2","3","12","19","31","261","116","1","86","C0002726"
"3984","2","5","7","53","14","20","34","540","68","C0002726"
"9244","2","5","7","53","51","119","25","40","416","C0002726"
"726","2","5","7","53","51","342","454","573","492","C0002768"
"9313","2","5","7","53","51","342","454","573","492","C0002768"
"8929","2","3","3","19","221","321","428","541","667","C0002768"
"367","2","3","12","19","31","276","91","433","118","C0002768"
"617","2","3","2","48","170","50","304","167","593","C0002768"
"9662","2","3","12","76","153","40","38","54","75","C0002768"
"1576","2","3","5","91","214","226","326","413","574","C0002792"
"4141","2","3","2","110","85","237","433","547","154","C0002792"
"6399","2","5","7","60","54","24","30","46","72","C0002792"
"2773","2","5","4","68","96","326","427","548","672","C0002792"
"7043","2","5","7","53","51","342","454","573","492","C0002793"
"8200","2","5","7","53","51","342","259","423","389","C0002793"
"7051","2","1","6","11","142","225","142","220","298","C0002874"
"50964","2","5","3","68","221","197","259","423","422","C0002874"
"9791","2","3","8","45","94","199","240","415","666","C0002874"
"2317","2","5","7","63","45","23","103","287","664","C0002874"
"7469","2","3","12","19","31","261","116","159","211","C0002874"
"735","2","5","7","53","51","119","395","549","674","C0002874"
"538","2","3","8","63","45","23","103","464","187","C0002874"
"6648","2","3","2","95","151","160","378","173","229","C0002874"
"1186","2","5","8","63","45","23","34","464","187","C0002874"
"3553","2","5","7","53","51","119","25","489","416","C0002874"
"1910","2","5","4","68","96","326","427","548","672","C0002874"
"54808","2","3","12","76","153","40","38","54","75","C0002876"
"2706","2","3","12","76","153","40","38","54","75","C0002876"
"7001","2","3","5","80","81","110","141","359","229","C0002876"
"9401","2","3","12","76","31","261","116","1","86","C0002876"
"10166","2","3","2","84","97","167","210","278","360","C0002876"
"3984","2","5","7","53","14","20","34","540","68","C0002880"
"5176","2","5","7","53","51","342","454","573","492","C0002880"
"695","2","5","7","53","14","20","25","40","186","C0002880"
"4976","2","3","2","48","170","50","119","444","556","C0002880"
"840","2","3","12","41","219","339","156","568","697","C0002880"
"5580","2","5","7","34","52","216","395","287","116","C0002880"
"1413","2","3","6","63","45","160","362","177","673","C0002880"
"1591","2","3","5","92","163","262","136","460","566","C0002880"
"6557","2","5","8","45","94","199","240","415","666","C0002880"
"2516","2","3","3","19","151","276","91","433","118","C0002880"
"6324","2","5","7","63","36","166","341","223","158","C0002880"
"10342","2","3","7","60","219","40","202","66","203","C0002880"
"6662","2","3","3","19","221","321","428","541","667","C0002880"
"8643","2","5","3","68","221","197","259","560","422","C0002880"
"9897","2","3","12","76","18","75","38","1","212","C0002880"
"7187","2","3","12","41","219","339","156","568","697","C0002881"
"9401","2","3","12","76","31","261","116","1","86","C0002881"
"6647","2","3","2","95","2","342","378","173","702","C0002881"
"3106","2","5","7","34","52","119","395","549","674","C0002882"
"5314","2","3","12","76","153","40","38","54","75","C0002882"
"4287","2","3","12","41","116","268","434","468","215","C0002882"
"3786","2","5","8","63","36","166","106","110","158","C0002884"
"54714","2","5","8","63","36","166","106","110","158","C0002884"
"10075","2","3","12","34","52","216","434","468","213","C0002886"
"22931","2","5","7","34","54","24","30","46","72","C0002886"
"1298","2","5","7","53","51","342","454","573","492","C0002886"
"23224","2","3","12","19","31","1","426","55","78","C0002886"
"3991","2","3","5","80","81","166","57","83","658","C0002886"
"1536","2","5","7","34","52","216","395","549","674","C0002886"
"2353","2","3","12","19","31","1","91","489","416","C0002886"
"8626","2","3","3","19","221","321","428","541","667","C0002886"
"55636","2","3","3","19","221","321","428","423","389","C0002886"
"1437","2","5","7","53","14","20","25","40","186","C0002886"
"57817","2","5","7","34","51","342","350","243","561","C0002886"
"3043","2","5","7","34","52","216","395","549","116","C0002886"
"846","2","5","4","68","96","326","427","548","672","C0002886"
"8822","2","5","7","53","14","20","25","40","186","C0002886"
"5663","2","5","7","34","52","216","395","549","667","C0002886"
"54880","2","3","12","19","31","1","426","55","78","C0002886"
"90","2","5","7","53","51","342","259","423","389","C0002886"
"7422","2","5","7","53","51","342","454","573","702","C0002888"
"4983","2","5","7","60","54","24","30","46","72","C0002888"
"26191","2","5","7","53","14","20","25","40","186","C0002888"
"5506","2","3","12","76","137","76","136","82","658","C0002888"
"2321","2","5","7","53","14","20","25","40","186","C0002888"
"54463","2","3","2","48","57","110","141","359","462","C0002888"
"10312","2","3","7","34","52","216","395","549","674","C0002888"
"6390","2","3","2","48","170","50","119","444","556","C0002888"
"5054","2","5","7","53","51","342","454","573","492","C0002888"
"7042","2","5","7","53","51","342","454","573","492","C0002888"
"669","2","3","5","90","167","266","441","106","616","C0002888"
"23532","2","3","12","41","116","152","129","252","154","C0002888"
"6234","2","3","2","110","85","237","433","547","671","C0002888"
"3561","2","5","7","53","14","20","25","40","186","C0002888"
"579","2","3","3","19","221","321","428","541","667","C0002888"
"8174","2","5","7","53","51","119","454","573","492","C0002888"
"3237","2","3","3","19","221","321","428","541","667","C0002893"
"51752","2","3","2","41","153","119","156","536","116","C0002893"
"1605","2","5","7","53","51","342","454","573","492","C0002893"
"7518","2","3","12","19","31","261","116","1","86","C0002893"
"9915","2","3","3","27","151","276","91","433","118","C0002893"
"1947","2","5","7","53","51","20","25","560","373","C0002893"
"8289","2","3","12","19","31","1","426","55","78","C0002895"
"7048","2","5","7","53","51","342","259","423","389","C0002895"
"2200","2","5","7","53","51","342","454","573","492","C0002895"
"54487","2","3","2","22","33","323","66","101","136","C0002895"
"50939","2","3","12","76","153","40","38","472","435","C0002895"
"2494","2","3","3","19","151","276","91","433","118","C0002895"
"23395","2","3","2","110","85","67","76","252","154","C0002895"
"1836","2","3","2","35","41","94","260","330","375","C0002895"
"3931","2","3","5","116","183","295","454","243","327","C0002896"
"118856","2","5","7","53","51","342","454","573","492","C0002896"
"7476","2","5","3","68","221","197","259","560","422","C0002896"
"2483","2","3","2","22","33","323","66","101","136","C0002896"
"6899","2","5","7","53","184","335","259","560","373","C0002896"
"2022","2","5","7","53","51","342","259","423","389","C0002896"
"5292","2","5","7","53","14","20","34","540","68","C0002896"
"10522","2","3","12","19","221","197","259","236","422","C0002896"
"3909","2","5","7","53","51","342","454","573","492","C0002896"
"51750","2","3","12","19","31","261","116","1","86","C0002896"
"9342","2","5","7","34","52","216","395","549","674","C0002896"
"23503","2","3","6","11","142","225","142","220","298","C0002896"
"10907","2","3","2","22","33","323","66","101","136","C0002902"
"958","2","5","7","53","51","119","156","568","697","C0002902"
"1301","2","5","7","53","51","342","454","573","492","C0002902"
"1848","2","3","5","42","81","296","399","201","274","C0002902"
"9401","2","3","12","76","31","261","116","1","86","C0002902"
"7436","2","5","7","53","51","342","341","544","669","C0002902"
"5149","2","3","5","68","38","16","477","596","725","C0002902"
"3119","2","5","7","53","153","119","156","287","116","C0002938"
"1723","2","3","2","48","170","50","119","444","556","C0002938"
"1277","2","5","7","53","51","342","454","573","492","C0002938"
"345","2","5","7","53","51","342","454","573","492","C0002938"
"7058","2","5","7","53","51","342","454","573","492","C0002940"
"5824","2","3","5","47","144","185","238","310","392","C0002940"
"9031","2","3","12","19","31","1","426","55","78","C0002940"
"2158","2","5","7","68","51","119","395","549","674","C0002940"
"55624","2","3","2","78","123","194","255","215","412","C0002940"
"3043","2","5","7","34","52","216","395","549","116","C0002940"
"5660","2","5","7","34","52","326","427","548","702","C0002940"
"5982","2","3","12","19","31","261","116","1","86","C0002949"
"9126","2","3","12","76","153","40","38","54","75","C0002949"
"3930","2","3","2","22","33","323","66","3","464","C0002949"
"6616","2","5","7","34","52","216","341","223","628","C0002949"
"8048","2","5","8","63","45","23","103","464","187","C0002949"
"9663","2","3","5","80","81","296","51","488","102","C0002949"
"1293","2","5","7","53","51","342","454","573","492","C0002949"
"5664","2","5","7","53","219","143","428","236","667","C0002949"
"3930","2","3","2","22","33","323","66","3","464","C0002962"
"9927","2","3","12","19","31","118","155","287","116","C0002962"
"326","2","3","12","19","31","261","377","370","269","C0002962"
"24","2","3","12","41","116","268","423","536","445","C0002962"
"2068","2","3","12","19","31","261","116","159","211","C0002962"
"8216","2","3","12","41","119","330","214","454","144","C0002962"
"1947","2","5","7","53","51","20","25","560","373","C0002962"
"773","2","5","8","27","36","166","341","223","628","C0002962"
"3039","2","3","5","35","41","118","155","287","116","C0002962"
"10320","2","5","7","19","119","143","214","236","389","C0002962"
"2071","2","3","12","19","31","261","116","159","211","C0002962"
"801","2","5","8","63","45","23","103","464","187","C0002962"
"10516","2","5","7","53","51","342","454","573","492","C0002962"
"9235","2","5","7","53","51","119","25","40","186","C0002962"
"7253","2","5","4","68","96","326","427","548","672","C0002965"
"9907","2","3","5","27","142","335","444","560","214","C0002965"
"2263","2","5","7","53","14","20","25","40","186","C0002965"
"2645","2","3","2","90","167","266","367","101","664","C0002982"
"157","2","5","4","68","14","326","427","548","672","C0002982"
"729262","2","3","12","22","142","225","366","362","468","C0002982"
"8625","2","3","12","19","31","276","91","236","118","C0002982"
"7403","2","3","12","19","31","1","426","55","78","C0002982"
"4846","2","3","5","41","219","75","243","44","64","C0002982"
"2752","2","3","2","101","62","189","182","509","409","C0002982"
"4780","2","3","12","19","31","276","91","433","118","C0002985"
"2812","2","5","7","53","51","342","454","573","492","C0002985"
"9723","2","5","7","53","51","342","79","560","373","C0002985"
"26123","2","3","2","76","153","40","38","54","75","C0002985"
"347","2","3","7","98","51","298","401","506","626","C0002986"
"10265","2","3","3","19","221","321","428","541","667","C0002986"
"4688","2","5","7","60","14","20","25","40","215","C0002986"
"55651","2","3","2","110","85","237","433","547","671","C0002986"
"54658","2","3","2","78","205","207","67","355","138","C0002994"
"1301","2","5","7","53","51","342","454","573","492","C0002994"
"9049","2","3","3","41","151","276","378","271","356","C0002994"
"7084","2","3","2","72","109","115","62","268","353","C0002994"
"207","2","3","7","53","14","20","34","489","416","C0002994"
"54463","2","3","2","48","57","110","141","359","462","C0002994"
"6714","2","5","7","53","14","20","25","40","186","C0002994"
"26227","2","3","2","41","137","44","208","81","108","C0002994"
"4221","2","3","12","19","31","342","454","573","492","C0002994"
"9509","2","5","7","53","51","342","454","573","492","C0002994"
"6295","2","3","4","68","45","272","427","518","621","C0003028"
"3592","2","5","7","53","51","119","25","489","416","C0003028"
"7468","2","3","12","19","31","1","426","55","78","C0003028"
"545","2","3","12","19","31","261","116","1","86","C0003028"
"11200","2","3","12","19","31","261","116","1","86","C0003028"
"2175","2","3","12","19","31","261","116","1","86","C0003028"
"10555","2","3","7","34","52","216","395","549","622","C0003028"
"55215","2","3","12","76","31","261","116","1","86","C0003028"
"9469","2","3","2","103","189","303","29","475","467","C0003028"
"1297","2","5","7","53","51","342","454","573","492","C0003028"
"10269","2","3","2","48","182","50","119","444","556","C0003028"
"4689","2","5","7","60","14","20","25","40","215","C0003028"
"5573","2","3","12","19","184","118","155","287","116","C0003028"
"5465","2","3","3","19","151","276","91","433","118","C0003028"
"5824","2","3","5","47","144","185","238","310","392","C0003076"
"6663","2","3","3","19","221","321","428","541","667","C0003076"
"8086","2","3","12","22","33","323","66","101","664","C0003076"
"2332","2","3","2","22","33","71","373","466","609","C0003076"
"2218","2","5","2","53","123","194","255","560","373","C0003076"
"5579","2","5","7","53","14","20","34","540","68","C0003076"
"7461","2","3","7","60","153","40","38","93","75","C0003076"
"1501","2","5","7","27","36","150","341","223","628","C0003076"
"6314","2","3","12","19","31","1","426","568","78","C0003079"
"1311","2","5","7","53","51","342","454","573","492","C0003079"
"65217","2","5","7","53","51","335","444","560","373","C0003119"
"1308","2","5","7","53","51","119","454","573","492","C0003119"
"3717","2","5","7","53","14","20","25","40","186","C0003119"
"54714","2","5","8","63","36","166","106","110","158","C0003119"
"6144","2","3","2","110","85","237","433","547","671","C0003119"
"6495","2","3","3","19","221","321","428","541","667","C0003119"
"100","2","3","5","33","21","47","56","80","199","C0003119"
"6772","2","3","12","53","184","119","156","287","116","C0003119"
"1285","2","5","7","53","51","342","454","573","492","C0003119"
"4853","2","3","12","19","124","143","428","236","667","C0003119"
"2200","2","5","7","53","51","342","454","573","492","C0003119"
"1301","2","5","7","53","51","342","454","573","492","C0003119"
"3659","2","3","12","19","184","119","156","287","116","C0003119"
"1807","2","3","5","80","23","186","79","560","273","C0003125"
"3981","2","3","12","19","31","261","116","1","86","C0003125"
"1959","2","3","3","19","151","276","91","433","118","C0003126"
"650","2","5","7","53","51","342","259","423","389","C0003126"
"9897","2","3","12","76","18","75","38","1","212","C0003126"
"26281","2","5","7","53","14","20","25","40","186","C0003126"
"2627","2","3","12","19","31","118","155","287","116","C0003126"
"9131","2","3","12","41","219","339","347","271","356","C0003126"
"6635","2","3","2","22","33","323","66","101","136","C0003126"
"2623","2","3","12","19","31","1","155","287","116","C0003126"
"3852","2","1","6","11","142","225","142","220","298","C0003126"
"3914","2","5","7","53","51","342","454","573","492","C0003126"
"4627","2","5","7","63","45","184","103","572","658","C0003126"
"26249","2","3","12","41","116","268","434","468","213","C0003126"
"3313","2","3","2","48","170","50","304","167","593","C0003126"
"8292","2","5","5","27","51","342","454","573","492","C0003126"
"3106","2","5","7","34","52","119","395","549","674","C0003126"
"778","2","5","8","63","36","166","341","223","158","C0003126"
"860","2","3","12","19","31","276","91","433","118","C0003126"
"6658","2","3","12","19","221","321","428","541","667","C0003126"
"1134","2","5","8","27","70","99","162","216","290","C0003126"
"5906","2","5","7","34","52","216","30","46","72","C0003126"
"55636","2","3","3","19","221","321","428","423","389","C0003126"
"2639","2","3","2","71","148","34","160","115","164","C0003126"
"10157","2","3","5","71","102","175","222","290","371","C0003165"
"5982","2","3","12","19","31","261","116","1","86","C0003165"
"5932","2","3","12","19","31","261","116","1","86","C0003165"
"477","2","3","8","63","45","23","103","464","187","C0003165"
"1736","2","3","2","110","85","237","433","547","671","C0003460"
"2483","2","3","2","22","33","323","66","101","136","C0003460"
"9487","2","3","5","80","81","142","176","235","317","C0003460"
"5325","2","3","12","19","31","198","261","146","118","C0003460"
"3728","2","5","7","34","52","225","142","220","298","C0003460"
"6473","2","3","3","19","221","321","428","541","667","C0003460"
"10599","2","3","8","35","41","77","40","57","80","C0003486"
"3248","2","3","2","69","83","133","167","224","301","C0003486"
"1947","2","5","7","53","51","20","25","560","373","C0003486"
"51816","2","5","7","34","52","216","395","549","674","C0003486"
"22954","2","3","12","41","116","268","434","468","213","C0003486"
"3977","2","5","7","53","51","119","25","40","416","C0003486"
"7518","2","3","12","19","31","261","116","1","86","C0003486"
"4750","2","5","12","76","14","20","34","540","68","C0003486"
"9049","2","3","3","41","151","276","378","271","356","C0003486"
"26580","2","5","8","27","70","99","162","216","290","C0003486"
"7849","2","3","3","19","221","321","428","541","667","C0003492"
"8220","2","3","2","22","33","323","66","101","136","C0003492"
"2200","2","5","7","53","51","342","454","573","492","C0003492"
"5830","2","3","5","43","161","305","409","208","482","C0003492"
"2950","2","5","7","34","52","216","395","549","674","C0003492"
"5663","2","5","7","34","52","216","395","549","667","C0003492"
"421","2","5","7","42","51","335","444","560","373","C0003492"
"7054","2","3","5","80","81","166","34","258","345","C0003492"
"6569","2","3","8","45","94","199","240","415","666","C0003492"
"7056","2","5","7","53","51","119","454","573","492","C0003492"
"3690","2","5","7","53","51","342","454","573","492","C0003492"
"26277","2","3","12","19","31","1","426","1","78","C0003492"
"3798","2","3","7","76","153","40","38","54","75","C0003492"
"2703","2","3","12","76","153","40","38","54","75","C0003492"
"324","2","3","12","41","219","197","70","255","422","C0003492"
"1001","2","5","7","53","51","335","444","560","373","C0003492"
"1050","2","3","12","19","151","276","91","433","118","C0003492"
"1356","2","3","7","53","51","342","454","573","492","C0003492"
"23384","2","3","12","63","45","184","103","572","658","C0003492"
"2706","2","3","12","76","153","40","38","54","75","C0003492"
"2629","2","3","5","80","81","250","291","152","420","C0003492"
"50940","2","3","4","68","96","326","427","548","672","C0003492"
"9289","2","5","4","68","96","326","427","548","672","C0003492"
"667","2","5","7","53","51","342","454","573","492","C0003492"
"3458","2","5","7","53","184","119","156","287","116","C0003492"
"9652","2","3","2","110","85","237","433","547","671","C0003492"
"7473","2","5","3","68","221","197","259","560","422","C0003492"
"7157","2","3","12","19","31","261","402","489","551","C0003492"
"10195","2","3","2","48","69","99","162","216","290","C0003492"
"7545","2","5","3","34","52","216","142","220","298","C0003492"
"3440","2","3","12","19","184","118","155","287","116","C0003493"
"23111","2","3","12","41","219","339","156","568","697","C0003493"
"7421","2","3","3","19","151","276","91","433","118","C0003493"
"5573","2","3","12","19","184","118","155","287","116","C0003493"
"55651","2","3","2","110","85","237","433","547","671","C0003493"
"2175","2","3","12","19","31","261","116","1","86","C0003493"
"2581","2","3","5","80","81","250","291","152","420","C0003496"
"7840","2","3","12","76","153","40","38","54","75","C0003496"
"2122","2","3","12","19","31","1","426","55","78","C0003496"
"4780","2","3","12","19","31","276","91","433","118","C0003496"
"2706","2","3","12","76","153","40","38","54","75","C0003496"
"1028","2","3","12","19","31","1","116","1","86","C0003499"
"10243","2","3","2","27","91","71","204","267","352","C0003499"
"4014","2","1","6","11","142","225","142","220","298","C0003499"
"6440","2","5","5","68","96","185","238","310","272","C0003499"
"5257","2","3","7","34","45","23","103","464","187","C0003499"
"411","2","3","7","34","52","216","395","549","674","C0003499"
"22995","2","3","12","76","153","40","38","54","75","C0003499"
"4513","2","3","2","48","170","110","141","359","532","C0003499"
"7809","2","5","8","63","45","23","34","464","187","C0003499"
"5896","2","3","12","41","116","268","434","568","605","C0003504"
"51702","2","3","12","19","31","1","426","55","78","C0003504"
"1427","2","3","6","63","45","160","362","177","673","C0003504"
"686","2","3","5","80","81","166","166","127","173","C0003504"
"6473","2","3","3","19","221","321","428","541","667","C0003504"
"2146","2","3","12","19","31","1","426","55","78","C0003504"
"4683","2","3","12","19","31","261","116","1","86","C0003504"
"1387","2","3","12","19","31","276","91","433","118","C0003504"
"4513","2","3","2","48","170","110","141","359","532","C0003504"
"51574","2","3","2","22","33","323","66","101","136","C0003504"
"715","2","5","7","53","51","119","395","549","674","C0003504"
"23411","2","3","12","19","31","1","91","433","118","C0003504"
"5468","2","3","3","19","151","276","91","433","118","C0003504"
"26227","2","3","2","41","137","44","208","81","108","C0003504"
"55612","2","5","7","60","36","71","177","560","701","C0003504"
"2743","2","5","8","27","70","99","162","216","290","C0003504"
"6239","2","3","12","19","119","330","214","454","144","C0003504"
"3815","2","5","7","53","14","20","25","40","186","C0003504"
"10516","2","5","7","53","51","342","454","573","492","C0003504"
"11128","2","3","2","22","33","261","116","159","211","C0003504"
"4000","2","3","12","26","105","178","226","297","156","C0003504"
"57045","2","5","7","53","51","342","259","573","492","C0003504"
"567","2","5","7","34","52","119","395","549","674","C0003504"
"3481","2","5","7","53","51","342","454","573","492","C0003504"
"26229","2","3","2","74","205","191","396","408","257","C0003504"
"134","2","5","4","68","96","326","427","548","672","C0003504"
"6648","2","3","2","95","151","160","378","173","229","C0003504"
"4041","2","5","3","68","221","197","259","560","422","C0003504"
"10459","2","3","12","76","31","261","116","1","86","C0003504"
"10049","2","3","12","22","219","339","347","271","356","C0003504"
"2700","2","3","6","76","153","40","38","54","75","C0003507"
"3762","2","5","8","63","36","166","106","110","158","C0003507"
"2356","2","3","5","15","166","85","314","397","513","C0003507"
"2072","2","3","12","19","31","261","116","1","86","C0003507"
"2317","2","5","7","63","45","23","103","287","664","C0003507"
"10269","2","3","2","48","182","50","119","444","556","C0003507"
"1235","2","5","4","68","96","326","427","548","672","C0003507"
"5243","2","3","12","41","116","268","423","536","445","C0003507"
"22845","2","3","2","48","68","125","161","214","288","C0003507"
"7415","2","3","7","34","52","216","395","536","445","C0003507"
"7053","2","3","6","11","142","225","142","220","298","C0003507"
"1583","2","3","5","79","152","273","375","100","589","C0003507"
"10149","2","5","5","63","36","166","332","220","158","C0003507"
"3949","2","5","7","60","14","184","341","544","669","C0003507"
"2697","2","3","7","76","153","40","38","54","75","C0003507"
"2798","2","5","4","68","96","326","427","548","672","C0003507"
"2956","2","3","12","19","31","261","116","1","86","C0003507"
"330","2","3","12","41","219","339","156","568","697","C0003507"
"2033","2","3","12","19","31","1","91","433","118","C0003507"
"26503","2","3","2","89","124","204","272","347","442","C0003507"
"84627","2","3","2","48","170","50","347","167","593","C0003537"
"10683","2","5","7","53","51","143","428","560","667","C0003537"
"6658","2","3","12","19","221","321","428","541","667","C0003537"
"5468","2","3","3","19","151","276","91","433","118","C0003537"
"2690","2","5","7","53","14","20","25","40","186","C0003537"
"3756","2","5","8","63","36","166","106","110","158","C0003537"
"861","2","3","12","19","31","1","426","55","78","C0003537"
"6905","2","3","12","76","153","40","38","54","75","C0003537"
"8929","2","3","3","19","221","321","428","541","667","C0003537"
"231","2","3","2","90","216","273","246","100","589","C0003564"
"1026","2","3","12","19","31","1","116","489","416","C0003564"
"5376","2","5","7","53","51","342","454","573","492","C0003564"
"4337","2","3","2","80","91","75","204","267","352","C0003615"
"6165","2","3","2","110","85","237","433","547","671","C0003615"
"27229","2","3","12","76","153","40","38","54","75","C0003635"
"9731","2","3","12","76","153","40","38","54","75","C0003635"
"6310","2","3","12","22","142","225","366","362","468","C0003635"
"6262","2","5","8","63","45","23","34","464","187","C0003635"
"10225","2","5","7","53","51","119","395","549","674","C0003635"
"242","2","3","5","11","142","223","142","220","298","C0003635"
"10225","2","5","7","53","51","119","395","549","674","C0003635"
"7415","2","3","7","34","52","216","395","536","445","C0003635"
"51360","2","3","3","26","35","276","91","433","203","C0003635"
"4627","2","5","7","63","45","184","103","572","658","C0003635"
"4054","2","5","7","53","51","342","454","573","492","C0003635"
"860","2","3","12","19","31","276","91","433","118","C0003635"
"3239","2","3","3","19","221","321","428","541","667","C0003635"
"3691","2","5","7","53","51","342","454","573","492","C0003635"
"7010","2","5","7","53","14","20","25","40","186","C0003635"
"22854","2","5","5","27","51","335","444","560","373","C0003635"
"10743","2","3","3","19","151","276","91","433","118","C0003635"
"6218","2","3","2","110","85","237","433","547","671","C0003635"
"547","2","3","7","76","153","40","38","54","75","C0003635"
"274","2","5","7","60","14","184","341","544","669","C0003635"
"4990","2","3","3","19","221","321","428","541","667","C0003635"
"8139","2","3","12","41","116","268","434","468","213","C0003635"
"2512","2","3","7","34","52","216","395","544","358","C0003635"
"2736","2","3","12","41","116","321","428","54","667","C0003635"
"7040","2","5","7","53","51","342","454","573","492","C0003635"
"6522","2","5","8","35","41","199","40","415","666","C0003635"
"7555","2","3","2","110","85","237","433","547","671","C0003635"
"8504","2","3","5","47","144","185","238","310","392","C0003742"
"4621","2","5","8","63","45","23","103","464","187","C0003742"
"3606","2","5","7","53","51","119","156","489","416","C0003742"
"2255","2","5","7","53","14","20","25","40","186","C0003742"
"2057","2","5","7","53","14","20","25","40","186","C0003742"
"8195","2","3","12","76","153","76","38","54","75","C0003803"
"1759","2","5","7","60","14","184","341","544","669","C0003803"
"2177","2","3","2","110","90","261","431","545","443","C0003803"
"2158","2","5","7","68","51","119","395","549","674","C0003803"
"4538","2","3","2","48","170","50","119","444","556","C0003803"
"2652","2","5","4","68","96","326","427","548","672","C0003803"
"5321","2","3","5","116","183","295","398","243","327","C0003803"
"3953","2","5","7","53","14","20","25","40","186","C0003803"
"5728","2","3","5","80","81","339","156","568","605","C0003803"
"6776","2","5","7","53","14","20","25","40","186","C0003803"
"406","2","3","3","19","151","276","91","433","118","C0003803"
"4851","2","3","12","19","221","143","428","236","667","C0003838"
"4645","2","3","4","67","92","293","55","75","311","C0003838"
"7046","2","3","12","41","219","339","259","423","605","C0003838"
"331","2","3","12","41","219","339","156","568","697","C0003850"
"9897","2","3","12","76","18","75","38","1","212","C0003850"
"5428","2","3","2","48","170","50","119","167","593","C0003850"
"4000","2","3","12","26","105","178","226","297","156","C0003850"
"4843","2","3","5","43","161","305","409","489","416","C0003850"
"5016","2","5","7","11","51","342","454","573","617","C0003850"
"4015","2","5","7","53","51","342","454","573","492","C0003850"
"50717","2","3","12","41","116","268","434","468","213","C0003850"
"9939","2","3","2","22","33","323","66","101","136","C0003850"
"2645","2","3","2","90","167","266","367","101","664","C0003850"
"5000","2","3","12","76","31","261","116","1","86","C0003850"
"5195","2","3","5","43","161","305","409","208","482","C0003857"
"1137","2","5","8","27","70","99","162","216","290","C0003857"
"10161","2","5","4","68","96","326","427","548","672","C0003857"
"10535","2","3","12","76","153","40","38","54","75","C0003857"
"3458","2","5","7","53","184","119","156","287","116","C0003857"
"8573","2","5","7","53","36","71","341","223","219","C0003857"
"1411","2","3","6","63","45","160","362","177","673","C0003857"
"54888","2","3","2","110","85","152","129","252","154","C0003857"
"686","2","3","5","80","81","166","166","127","173","C0003860"
"3596","2","5","7","53","51","119","25","489","416","C0003860"
"175","2","3","7","34","52","216","395","549","674","C0003860"
"6662","2","3","3","19","221","321","428","541","667","C0003868"
"7275","2","5","7","53","14","20","25","40","186","C0003868"
"1134","2","5","8","27","70","99","162","216","290","C0003868"
"23522","2","3","12","19","31","1","426","55","78","C0003868"
"7439","2","5","8","63","45","23","34","464","187","C0003868"
"23396","2","3","7","60","14","184","341","544","669","C0003868"
"9241","2","5","7","53","51","342","259","423","389","C0003868"
"70","2","5","8","63","45","23","103","464","187","C0003868"
"5982","2","3","12","19","31","261","116","1","86","C0003868"
"2752","2","3","2","101","62","189","182","509","409","C0003869"
"10060","2","3","8","41","45","23","423","464","445","C0003869"
"25814","2","3","2","48","170","110","119","444","462","C0003869"
"4915","2","5","7","53","14","20","25","40","186","C0003872"
"5728","2","3","5","80","81","339","156","568","605","C0003872"
"2067","2","3","12","19","31","261","116","1","86","C0003872"
"9927","2","3","12","19","31","118","155","287","116","C0003872"
"8799","2","3","5","43","161","305","409","208","482","C0003872"
"2200","2","5","7","53","51","342","454","573","492","C0003872"
"5063","2","5","7","53","14","20","34","540","68","C0003872"
"4000","2","3","12","26","105","178","226","297","156","C0003872"
"1497","2","5","2","63","182","50","103","297","628","C0003872"
"8878","2","3","12","41","219","339","156","568","697","C0003872"
"56848","2","3","2","50","47","39","100","321","255","C0003872"
"2627","2","3","12","19","31","118","155","287","116","C0003872"
"5519","2","3","12","76","153","40","38","54","75","C0003872"
"1594","2","3","5","92","163","96","363","460","487","C0003872"
"2022","2","5","7","53","51","342","259","423","389","C0003892"
"9056","2","3","8","45","94","199","240","415","666","C0003892"
"6097","2","3","3","19","151","276","91","433","118","C0003949"
"9049","2","3","3","41","151","276","378","271","356","C0003949"
"348","2","5","7","53","51","342","454","573","492","C0003949"
"6573","2","3","5","80","81","166","369","117","583","C0003949"
"5618","2","5","7","53","51","119","25","40","186","C0003949"
"1106","2","3","12","19","31","1","426","55","78","C0003949"
"4538","2","3","2","48","170","50","119","444","556","C0003949"
"1716","2","3","2","27","36","150","221","138","188","C0003949"
"673","2","5","7","53","14","20","34","540","68","C0003949"
"1910","2","5","4","68","96","326","427","548","672","C0003949"
"6845","2","5","7","60","14","184","341","544","669","C0003949"
"7051","2","1","6","11","142","225","142","220","298","C0003949"
"3549","2","5","3","53","51","197","259","560","422","C0003962"
"2294","2","3","3","19","221","321","428","541","667","C0003962"
"5332","2","3","4","68","96","326","427","548","672","C0003962"
"2263","2","5","7","53","14","20","25","40","186","C0003962"
"221037","2","3","12","19","31","118","155","287","116","C0003962"
"1544","2","3","5","91","214","271","372","471","586","C0003962"
"2239","2","3","2","74","51","342","454","573","492","C0003962"
"2033","2","3","12","19","31","1","91","433","118","C0003962"
"1312","2","3","2","87","79","105","426","129","25","C0003962"
"8379","2","3","12","76","153","40","38","54","75","C0003962"
"1387","2","3","12","19","31","276","91","433","118","C0003962"
"4709","2","3","2","48","170","50","119","444","556","C0003962"
"53834","2","5","7","53","51","342","454","573","492","C0003962"
"6496","2","3","3","19","221","321","428","541","667","C0003962"
"2304","2","3","12","19","221","321","428","541","667","C0003962"
"59067","2","5","7","53","51","119","25","40","186","C0003962"
"54551","2","3","12","41","219","197","156","568","422","C0003962"
"6885","2","3","12","41","219","339","156","568","697","C0003962"
"2033","2","3","12","19","31","1","91","433","118","C0003962"
"9380","2","3","2","67","128","208","289","366","472","C0003962"
"84059","2","5","7","53","51","335","444","560","373","C0003962"
"54809","2","5","7","50","30","193","306","148","624","C0004045"
"440275","2","3","2","110","85","237","433","547","671","C0004045"
"1759","2","5","7","60","14","184","341","544","669","C0004045"
"2672","2","3","3","19","221","321","259","423","389","C0004045"
"3000","2","5","4","68","96","326","427","548","672","C0004045"
"7852","2","5","4","68","96","326","427","548","672","C0004045"
"2006","2","5","7","53","51","342","454","573","492","C0004045"
"3106","2","5","7","34","52","119","395","549","674","C0004106"
"29925","2","3","2","68","66","123","158","207","278","C0004106"
"9791","2","3","8","45","94","199","240","415","666","C0004106"
"113189","2","3","2","103","112","197","249","318","97","C0004106"
"80144","2","5","7","53","51","335","444","560","373","C0004106"
"5982","2","3","12","19","31","261","116","1","86","C0004106"
"554","2","5","4","68","96","326","427","548","672","C0004106"
"2261","2","5","7","53","14","20","25","40","186","C0004106"
"7849","2","3","3","19","221","321","428","541","667","C0004106"
"540","2","5","8","63","45","23","103","464","187","C0004106"
"26229","2","3","2","74","205","191","396","408","257","C0004106"
"30817","2","5","3","68","221","197","259","560","422","C0004106"
"2815","2","5","7","53","51","342","454","573","492","C0004106"
"54903","2","3","12","76","153","40","38","54","75","C0004106"
"1278","2","5","7","53","51","342","454","573","492","C0004106"
"6774","2","3","12","53","14","276","25","489","416","C0004106"
"8622","2","3","4","68","96","326","427","548","672","C0004106"
"5781","2","5","7","53","14","20","25","40","186","C0004106"
"3887","2","1","6","11","142","225","142","220","298","C0004106"
"7137","2","5","8","63","45","23","103","464","187","C0004106"
"5781","2","5","7","53","14","20","25","40","186","C0004106"
"7468","2","3","12","19","31","1","426","55","78","C0004114"
"5663","2","5","7","34","52","216","395","549","667","C0004114"
"5277","2","3","2","61","77","142","176","235","317","C0004114"
"1857","2","3","12","76","153","40","38","54","422","C0004114"
"54551","2","3","12","41","219","197","156","568","422","C0004114"
"3315","2","3","12","41","181","160","362","402","215","C0004114"
"9622","2","5","7","68","51","119","395","549","674","C0004114"
"3481","2","5","7","53","51","342","454","573","492","C0004114"
"2317","2","5","7","63","45","23","103","287","664","C0004114"
"9499","2","5","7","53","51","23","103","464","187","C0004114"
"8260","2","3","12","41","85","266","76","287","78","C0004114"
"25974","2","3","7","48","51","105","139","186","245","C0004114"
"3090","2","3","12","19","31","1","426","55","664","C0004114"
"5095","2","3","2","48","40","130","166","127","173","C0004114"
"4668","2","3","5","21","111","188","242","313","396","C0004114"
"3984","2","5","7","53","14","20","34","540","68","C0004114"
"8643","2","5","3","68","221","197","259","560","422","C0004114"
"6261","2","5","8","63","45","23","34","464","187","C0004114"
"773","2","5","8","27","36","166","341","223","628","C0004114"
"9997","2","3","2","48","170","50","119","444","556","C0004114"
"1813","2","5","4","68","96","326","427","548","672","C0004114"
"23742","2","5","5","68","96","326","427","447","586","C0004114"
"1584","2","3","5","79","159","256","276","353","456","C0004114"
"2483","2","3","2","22","33","323","66","101","136","C0004114"
"26608","2","3","2","22","170","50","119","463","153","C0004114"
"4882","2","3","4","68","96","326","427","548","672","C0004114"
"4843","2","3","5","43","161","305","409","489","416","C0004114"
"1280","2","5","7","53","51","342","454","573","492","C0004114"
"79054","2","5","8","63","45","193","306","390","158","C0004114"
"2317","2","5","7","63","45","23","103","287","664","C0004134"
"51062","2","5","7","27","36","150","402","489","373","C0004134"
"4621","2","5","8","63","45","23","103","464","187","C0004134"
"120892","2","3","2","110","85","28","164","85","522","C0004134"
"55612","2","5","7","60","36","71","177","560","701","C0004134"
"2248","2","5","7","53","14","20","25","40","186","C0004134"
"5447","2","3","5","91","214","271","372","471","586","C0004134"
"3763","2","5","8","63","36","166","106","110","158","C0004134"
"7048","2","5","7","53","51","342","259","423","389","C0004134"
"8195","2","3","12","76","153","76","38","54","75","C0004134"
"6863","2","5","4","68","96","326","427","548","672","C0004134"
"5727","2","3","12","68","221","197","259","560","422","C0004134"
"3265","2","5","7","60","54","24","30","46","72","C0004134"
"57805","2","3","12","41","219","339","347","271","356","C0004134"
"3569","2","5","7","53","51","342","454","573","416","C0004134"
"1269","2","5","4","68","96","326","427","548","672","C0004144"
"4683","2","3","12","19","31","261","116","1","86","C0004144"
"1890","2","3","5","80","81","296","62","94","150","C0004144"
"9968","2","4","3","24","119","330","214","454","144","C0004144"
"23322","2","3","12","76","153","40","38","54","75","C0004144"
"1629","2","3","2","67","92","293","55","75","311","C0004144"
"4204","2","3","12","19","31","1","426","55","78","C0004144"
"1027","2","3","12","19","31","1","116","1","86","C0004144"
"9445","2","3","12","19","31","1","426","55","78","C0004158"
"9719","2","5","7","53","51","342","454","573","492","C0004158"
"6812","2","5","7","27","36","150","341","223","628","C0004158"
"2255","2","5","7","53","14","20","25","40","186","C0004158"
"9150","2","3","12","19","31","261","116","159","211","C0004158"
"4692","2","5","7","53","51","119","402","489","416","C0004158"
"1027","2","3","12","19","31","1","116","1","86","C0004158"
"22978","2","3","5","80","81","296","373","341","150","C0004158"
"29954","2","5","2","27","206","324","430","215","290","C0004158"
"567","2","5","7","34","52","119","395","549","674","C0004158"
"6899","2","5","7","53","184","335","259","560","373","C0004158"
"2074","2","3","12","19","31","1","426","55","78","C0004158"
"5728","2","3","5","80","81","339","156","568","605","C0004158"
"5238","2","3","2","80","141","221","111","385","501","C0004158"
"2562","2","5","8","27","70","99","162","216","290","C0004158"
"5116","2","3","12","76","153","40","38","54","75","C0004158"
"7469","2","3","12","19","31","261","116","159","211","C0004239"
"5888","2","3","12","19","31","261","116","1","86","C0004239"
"7508","2","3","12","19","31","261","116","1","664","C0004239"
"9663","2","3","5","80","81","296","51","488","102","C0004239"
"11285","2","3","2","74","205","191","396","408","620","C0004245"
"7169","2","5","8","63","45","23","103","464","187","C0004245"
"5538","2","3","2","115","18","340","269","342","444","C0004245"
"4041","2","5","3","68","221","197","259","560","422","C0004245"
"3295","2","3","5","43","161","305","409","208","482","C0004245"
"185","2","5","4","68","96","326","427","548","672","C0004245"
"4868","2","5","7","53","51","335","25","560","373","C0004245"
"4771","2","5","7","60","36","71","177","64","215","C0004245"
"123624","2","3","12","76","153","40","38","54","75","C0004245"
"8626","2","3","3","19","221","321","428","541","667","C0004245"
"4204","2","3","12","19","31","1","426","55","78","C0004245"
"7048","2","5","7","53","51","342","259","423","389","C0004310"
"50964","2","5","3","68","221","197","259","423","422","C0004310"
"1749","2","3","3","19","221","321","428","541","667","C0004509"
"545","2","3","12","19","31","261","116","1","86","C0004509"
"84152","2","3","12","76","45","23","402","518","621","C0004509"
"2626","2","3","12","19","31","118","155","287","116","C0004509"
"6927","2","3","3","19","221","321","428","541","667","C0004509"
"7498","2","3","5","80","157","187","159","209","282","C0004509"
"2200","2","5","7","53","51","342","454","573","492","C0004509"
"9966","2","5","12","41","219","339","156","568","697","C0004509"
"5728","2","3","5","80","81","339","156","568","605","C0004509"
"4792","2","3","12","41","219","339","156","568","605","C0004509"
"11277","2","3","12","19","31","261","116","1","86","C0004509"
"2299","2","3","3","19","221","321","428","541","667","C0004509"
"1280","2","5","7","53","51","342","454","573","492","C0004509"
"10000","2","5","7","53","14","20","34","540","68","C0004509"
"1717","2","3","2","19","151","276","48","69","204","C0004509"
"5818","2","5","7","53","51","335","444","560","373","C0004509"
"8792","2","3","12","41","219","339","156","568","697","C0004509"
"25978","2","3","2","48","57","110","141","359","462","C0004509"
"3481","2","5","7","53","51","342","454","573","492","C0004509"
"10585","2","5","2","27","206","324","430","215","290","C0004509"
"10804","2","3","12","76","153","40","38","54","75","C0004509"
"5818","2","5","7","53","51","335","444","560","373","C0004509"
"8878","2","3","12","41","219","339","156","568","697","C0004509"
"54790","2","3","12","19","31","1","426","55","78","C0004509"
"5345","2","5","7","53","51","342","454","573","702","C0004509"
"51750","2","3","12","19","31","261","116","1","86","C0004509"
"3973","2","5","4","68","96","326","427","548","672","C0004509"
"4512","2","3","2","48","170","110","141","359","8","C0004509"
"4292","2","3","12","19","31","261","116","1","86","C0004509"
"9049","2","3","3","41","151","276","378","271","356","C0004509"
"1134","2","5","8","27","70","99","162","216","290","C0004509"
"2261","2","5","7","53","14","20","25","40","186","C0004509"
"2896","2","5","7","34","52","216","395","549","674","C0004604"
"538","2","3","8","63","45","23","103","464","187","C0004604"
"3077","2","5","7","53","51","119","395","549","674","C0004604"
"54345","2","5","3","19","221","321","428","541","667","C0004604"
"23322","2","3","12","76","153","40","38","54","75","C0004604"
"2022","2","5","7","53","51","342","259","423","389","C0004604"
"4041","2","5","3","68","221","197","259","560","422","C0004604"
"5573","2","3","12","19","184","118","155","287","116","C0004610"
"3265","2","5","7","60","54","24","30","46","72","C0004610"
"9829","2","5","7","60","14","184","341","544","669","C0004763"
"213","2","5","7","53","51","342","454","573","492","C0004763"
"51109","2","3","2","69","51","101","126","170","224","C0004763"
"3796","2","3","12","76","153","40","38","54","75","C0004763"
"9570","2","3","7","60","153","40","38","66","203","C0004763"
"4323","2","5","7","53","51","342","454","573","492","C0004763"
"5155","2","5","7","53","51","342","454","573","186","C0004763"
"22954","2","3","12","41","116","268","434","468","213","C0004763"
"9394","2","3","2","74","58","112","148","193","263","C0004763"
"2920","2","5","4","68","96","326","427","548","672","C0004763"
"4023","2","3","5","24","51","342","91","20","27","C0004763"
"6558","2","5","8","45","94","199","240","415","666","C0004763"
"5199","2","5","7","34","52","216","395","549","674","C0004763"
"801","2","5","8","63","45","23","103","464","187","C0004763"
"8518","2","3","12","19","31","1","426","55","78","C0004763"
"5745","2","5","4","68","96","326","427","548","672","C0004775"
"213","2","5","7","53","51","342","454","573","492","C0004775"
"22930","2","5","7","60","54","24","30","46","72","C0004775"
"9150","2","3","12","19","31","261","116","159","211","C0004775"
"7415","2","3","7","34","52","216","395","536","445","C0004779"
"54487","2","3","2","22","33","323","66","101","136","C0004779"
"5604","2","5","7","53","14","20","34","540","68","C0004779"
"25970","2","5","7","53","14","20","25","40","116","C0004779"
"51626","2","3","12","76","153","40","38","54","75","C0004782"
"7048","2","5","7","53","51","342","259","423","389","C0004782"
"2317","2","5","7","63","45","23","103","287","664","C0004782"
"2245","2","5","7","60","54","24","30","46","72","C0004782"
"58","2","5","8","63","45","23","103","464","187","C0004782"
"1300","2","5","7","53","51","342","454","573","492","C0004782"
"2178","2","3","12","19","31","261","116","1","86","C0004782"
"4728","2","3","2","48","170","50","119","444","556","C0004782"
"5617","2","5","12","19","31","1","426","55","78","C0004782"
"1147","2","3","12","41","219","339","156","568","697","C0004782"
"2192","2","5","7","53","51","342","454","573","492","C0004782"
"11315","2","3","2","48","170","50","399","201","229","C0004782"
"9966","2","5","12","41","219","339","156","568","697","C0004782"
"6016","2","5","7","60","54","24","30","46","72","C0004782"
"5080","2","3","3","19","221","321","428","541","667","C0004903"
"355","2","3","7","41","219","339","156","568","697","C0004903"
"2719","2","5","7","53","51","342","454","573","492","C0004903"
"9150","2","3","12","19","31","261","116","159","211","C0004936"
"4041","2","5","3","68","221","197","259","560","422","C0004936"
"50511","2","3","12","19","31","1","426","55","78","C0004936"
"3887","2","1","6","11","142","225","142","220","298","C0004936"
"4023","2","3","5","24","51","342","91","20","27","C0004936"
"7476","2","5","3","68","221","197","259","560","422","C0004936"
"7153","2","3","12","19","31","261","116","1","86","C0004936"
"6576","2","3","2","45","94","199","240","569","666","C0004936"
"4784","2","3","2","22","33","261","116","159","211","C0004936"
"3458","2","5","7","53","184","119","156","287","116","C0004936"
"2261","2","5","7","53","14","20","25","40","186","C0004936"
"2218","2","5","2","53","123","194","255","560","373","C0004936"
"5664","2","5","7","53","219","143","428","236","667","C0004943"
"2071","2","3","12","19","31","261","116","159","211","C0004943"
"11107","2","3","12","19","31","1","426","55","78","C0004943"
"2317","2","5","7","63","45","23","103","287","664","C0004943"
"9409","2","3","5","43","161","305","409","208","482","C0004943"
"2746","2","3","2","110","62","189","182","509","356","C0004943"
"7053","2","3","6","11","142","225","142","220","298","C0004943"
"6335","2","5","8","63","36","166","341","390","158","C0004943"
"90993","2","3","12","26","35","276","91","433","156","C0004943"
"1289","2","5","7","53","51","342","454","573","492","C0004943"
"3741","2","5","8","63","36","166","106","110","158","C0004943"
"5080","2","3","3","19","221","321","428","541","667","C0004943"
"54880","2","3","12","19","31","1","426","55","78","C0004943"
"6334","2","5","8","63","36","166","341","223","158","C0004943"
"658","2","5","7","53","51","342","259","423","389","C0004943"
"9652","2","3","2","110","85","237","433","547","671","C0004943"
"4638","2","5","7","53","45","23","103","464","187","C0004943"
"3651","2","3","3","19","221","321","428","541","667","C0004943"
"26504","2","3","5","42","81","296","399","201","274","C0004943"
"5213","2","3","2","90","167","266","367","500","577","C0004943"
"6303","2","3","2","67","118","160","261","188","423","C0004943"
"177","2","5","7","53","51","339","156","568","697","C0005129"
"1316","2","3","12","19","31","276","91","433","118","C0005129"
"585","2","3","12","76","153","40","38","54","75","C0005129"
"3691","2","5","7","53","51","342","454","573","492","C0005138"
"4000","2","3","12","26","105","178","226","297","156","C0005138"
"2554","2","5","8","27","70","99","162","216","290","C0005138"
"1299","2","5","7","53","51","342","454","573","492","C0005138"
"5260","2","5","7","53","14","20","34","540","68","C0005138"
"4938","2","5","7","53","184","119","156","287","116","C0005138"
"5251","2","3","5","80","81","296","474","593","722","C0005138"
"3339","2","5","7","53","51","342","454","573","492","C0005138"
"5073","2","3","2","110","85","323","433","146","194","C0005138"
"2200","2","5","7","53","51","342","454","573","492","C0005138"
"111","2","5","4","68","96","326","427","548","672","C0005283"
"23141","2","3","12","76","105","40","226","489","435","C0005283"
"10913","2","3","12","41","219","339","156","568","697","C0005283"
"4000","2","3","12","26","105","178","226","297","156","C0005283"
"2890","2","5","8","63","36","166","106","110","158","C0005283"
"8892","2","3","2","110","85","237","433","547","671","C0005283"
"100","2","3","5","33","21","47","56","80","199","C0005283"
"2177","2","3","2","110","90","261","431","545","443","C0005283"
"4724","2","3","2","48","170","50","119","444","556","C0005283"
"3423","2","3","5","74","3","342","374","294","590","C0005283"
"91574","2","3","2","110","85","237","433","547","671","C0005411"
"4867","2","5","7","76","153","40","38","54","75","C0005411"
"4001","2","3","12","76","31","40","38","54","75","C0005411"
"6391","2","3","2","48","170","50","119","444","556","C0005424"
"728294","2","3","2","48","170","152","119","252","154","C0005424"
"185","2","5","4","68","96","326","427","548","672","C0005424"
"54453","2","5","7","60","54","24","30","46","72","C0005424"
"2067","2","3","12","19","31","261","116","1","86","C0005424"
"4519","2","3","2","48","170","50","119","508","312","C0005424"
"9632","2","3","7","60","153","40","38","54","203","C0005424"
"2316","2","5","7","53","51","342","454","573","702","C0005424"
"2022","2","5","7","53","51","342","259","423","389","C0005424"
"3162","2","3","5","53","51","119","402","489","416","C0005424"
"10265","2","3","3","19","221","321","428","541","667","C0005424"
"10682","2","5","4","68","96","326","48","69","204","C0005424"
"3654","2","3","12","41","219","339","156","568","697","C0005424"
"7840","2","3","12","76","153","40","38","54","75","C0005424"
"6314","2","3","12","19","31","1","426","568","78","C0005424"
"23534","2","3","2","22","33","323","66","101","136","C0005424"
"6335","2","5","8","63","36","166","341","390","158","C0005426"
"4436","2","3","12","19","31","261","116","1","86","C0005426"
"715","2","5","7","53","51","119","395","549","674","C0005426"
"4853","2","3","12","19","124","143","428","236","667","C0005587"
"5449","2","3","3","19","221","321","428","541","667","C0005587"
"771","2","3","5","35","41","77","40","241","212","C0005587"
"4000","2","3","12","26","105","178","226","297","156","C0005587"
"9469","2","3","2","103","189","303","29","475","467","C0005587"
"7048","2","5","7","53","51","342","259","423","389","C0005587"
"9702","2","3","12","76","153","40","38","54","75","C0005587"
"9370","2","5","3","41","151","276","91","433","118","C0005587"
"7498","2","3","5","80","157","187","159","209","282","C0005587"
"6697","2","3","2","69","91","75","204","267","352","C0005587"
"10195","2","3","2","48","69","99","162","216","290","C0005587"
"4352","2","5","7","53","14","20","25","40","186","C0005587"
"2301","2","5","6","11","142","225","142","220","673","C0005612"
"3954","2","3","2","48","170","67","119","444","593","C0005612"
"1493","2","5","7","53","51","119","25","40","186","C0005612"
"4000","2","3","12","26","105","178","226","297","156","C0005612"
"5961","2","5","7","27","51","326","126","414","702","C0005612"
"9531","2","3","12","41","219","339","347","271","356","C0005612"
"56606","2","5","7","90","216","337","448","565","562","C0005612"
"5429","2","3","12","19","31","261","116","1","86","C0005612"
"5961","2","5","7","27","51","326","126","414","702","C0005612"
"23347","2","3","12","41","116","268","434","468","213","C0005612"
"26154","2","3","5","47","144","185","238","310","392","C0005612"
"5506","2","3","12","76","137","76","136","82","658","C0005612"
"5340","2","5","7","53","51","342","454","573","492","C0005612"
"3339","2","5","7","53","51","342","454","573","492","C0005686"
"2969","2","3","12","19","31","276","91","433","118","C0005686"
"2557","2","5","8","27","70","99","162","216","290","C0005686"
"1513","2","5","7","53","51","342","454","573","492","C0005686"
"55636","2","3","3","19","221","321","428","423","389","C0005686"
"6697","2","3","2","69","91","75","204","267","352","C0005689"
"8573","2","5","7","53","36","71","341","223","219","C0005689"
"5308","2","3","3","19","221","321","428","541","667","C0005689"
"5906","2","5","7","34","52","216","30","46","72","C0005697"
"2260","2","5","7","53","14","20","25","40","186","C0005697"
"4879","2","5","4","68","96","326","427","548","672","C0005697"
"1636","2","3","5","80","81","166","397","418","568","C0005697"
"5788","2","5","7","34","52","216","395","549","674","C0005697"
"5648","2","5","7","53","51","119","395","549","674","C0005697"
"6218","2","3","2","110","85","237","433","547","671","C0005699"
"64699","2","5","7","68","51","119","395","549","674","C0005699"
"5116","2","3","12","76","153","40","38","54","75","C0005741"
"55135","2","3","12","76","137","76","136","472","435","C0005741"
"1616","2","3","12","19","31","1","426","55","316","C0005741"
"55209","2","3","12","11","142","225","142","220","298","C0005741"
"7486","2","3","12","19","31","261","116","1","86","C0005741"
"2255","2","5","7","53","14","20","25","40","186","C0005741"
"54658","2","3","2","78","205","207","67","355","138","C0005741"
"5194","2","3","5","43","161","305","409","208","482","C0005741"
"2131","2","3","2","74","58","112","148","181","416","C0005741"
"8243","2","3","12","76","31","40","38","54","75","C0005741"
"1594","2","3","5","92","163","96","363","460","487","C0005741"
"4920","2","5","7","53","14","20","259","560","373","C0005741"
"9060","2","3","2","68","18","63","69","102","143","C0005741"
"10269","2","3","2","48","182","50","119","444","556","C0005741"
"2146","2","3","12","19","31","1","426","55","78","C0005741"
"7468","2","3","12","19","31","1","426","55","78","C0005741"
"51364","2","3","6","11","142","225","142","220","298","C0005741"
"1300","2","5","7","53","51","342","454","573","492","C0005747"
"2200","2","5","7","53","51","342","454","573","492","C0005747"
"1487","2","3","12","19","31","1","426","55","340","C0005747"
"10461","2","5","7","53","14","20","25","40","186","C0005747"
"9343","2","3","2","22","33","323","66","101","136","C0005747"
"26229","2","3","2","74","205","191","396","408","257","C0005747"
"6439","2","5","5","68","96","185","238","310","272","C0005747"
"25886","2","3","12","76","153","76","136","472","435","C0005747"
"7148","2","5","7","53","51","342","454","573","492","C0005747"
"6557","2","5","8","45","94","199","240","415","666","C0005747"
"7415","2","3","7","34","52","216","395","536","445","C0005747"
"148","2","5","4","68","96","326","427","548","672","C0005754"
"811","2","3","2","41","116","342","423","536","342","C0005754"
"859","2","5","8","63","45","23","103","464","187","C0005818"
"9990","2","5","8","45","94","199","240","415","666","C0005818"
"4488","2","3","3","19","221","321","428","541","667","C0005818"
"8516","2","5","7","53","51","342","454","573","492","C0005859"
"3851","2","3","12","76","153","40","38","54","75","C0005859"
"3930","2","3","2","22","33","323","66","3","464","C0005874"
"368","2","3","12","41","116","268","423","536","445","C0005874"
"9839","2","3","3","19","221","321","428","541","667","C0005874"
"3784","2","5","8","63","36","166","106","110","158","C0005874"
"9031","2","3","12","19","31","1","426","55","78","C0005904"
"23322","2","3","12","76","153","40","38","54","75","C0005904"
"2563","2","5","8","27","70","99","162","216","290","C0005904"
"4935","2","5","4","68","96","326","427","548","672","C0005904"
"5828","2","3","5","43","161","305","409","208","482","C0005904"
"3763","2","5","8","63","36","166","106","110","158","C0005904"
"5728","2","3","5","80","81","339","156","568","605","C0005904"
"2131","2","3","2","74","58","112","148","181","416","C0005904"
"4000","2","3","12","26","105","178","226","297","156","C0005904"
"6663","2","3","3","19","221","321","428","541","667","C0005904"
"5626","2","3","3","19","221","321","428","541","667","C0005910"
"9049","2","3","3","41","151","276","378","271","356","C0005910"
"6891","2","3","12","41","116","119","156","568","116","C0005910"
"7124","2","3","12","41","219","339","156","568","697","C0005910"
"10436","2","3","2","110","85","237","433","547","671","C0005910"
"28960","2","3","2","22","33","323","433","146","194","C0005910"
"4864","2","3","5","48","152","184","341","544","669","C0005910"
"6439","2","5","5","68","96","185","238","310","272","C0005910"
"1285","2","5","7","53","51","342","454","573","492","C0005910"
"2033","2","3","12","19","31","1","91","433","118","C0005910"
"1278","2","5","7","53","51","342","454","573","492","C0005910"
"1848","2","3","5","42","81","296","399","201","274","C0005910"
"8625","2","3","12","19","31","276","91","236","118","C0005910"
"1513","2","5","7","53","51","342","454","573","492","C0005910"
"3035","2","3","2","110","85","237","433","547","154","C0005937"
"6812","2","5","7","27","36","150","341","223","628","C0005937"
"1832","2","5","7","34","52","225","142","220","298","C0005937"
"3106","2","5","7","34","52","119","395","549","674","C0005937"
"4784","2","3","2","22","33","261","116","159","211","C0005937"
"2261","2","5","7","53","14","20","25","40","186","C0005937"
"10060","2","3","8","41","45","23","423","464","445","C0005937"
"948","2","5","7","34","52","216","91","433","702","C0005937"
"8838","2","5","7","53","51","342","259","423","389","C0005937"
"5525","2","3","12","76","153","40","38","54","75","C0005937"
"3861","2","1","6","11","142","225","142","220","298","C0005937"
"1106","2","3","12","19","31","1","426","55","78","C0005937"
"1756","2","5","8","63","45","23","103","464","187","C0005940"
"10269","2","3","2","48","182","50","119","444","556","C0005940"
"9968","2","4","3","24","119","330","214","454","144","C0005940"
"26277","2","3","12","19","31","1","426","1","78","C0005940"
"54585","2","3","12","76","153","76","38","54","75","C0005940"
"6664","2","3","3","19","221","321","428","541","667","C0005940"
"6309","2","3","5","19","151","76","48","69","204","C0005940"
"4313","2","5","7","53","51","342","454","573","492","C0005940"
"182","2","5","7","53","51","143","428","236","667","C0005941"
"5728","2","3","5","80","81","339","156","568","605","C0005941"
"4000","2","3","12","26","105","178","226","297","156","C0005941"
"1001","2","5","7","53","51","335","444","560","373","C0005941"
"8195","2","3","12","76","153","76","38","54","75","C0005941"
"5130","2","3","2","85","143","286","51","488","102","C0005941"
"9896","2","3","5","80","81","296","399","201","274","C0005941"
"2262","2","3","2","74","51","342","454","573","492","C0005941"
"4023","2","3","5","24","51","342","91","20","27","C0005941"
"1848","2","3","5","42","81","296","399","201","274","C0005941"
"9401","2","3","12","76","31","261","116","1","86","C0005941"
"10483","2","3","7","60","54","24","30","46","72","C0005941"
"6648","2","3","2","95","151","160","378","173","229","C0005941"
"2812","2","5","7","53","51","342","454","573","492","C0005941"
"51134","2","3","12","76","153","40","38","54","75","C0005941"
"2316","2","5","7","53","51","342","454","573","702","C0005941"
"5781","2","5","7","53","14","20","25","40","186","C0005941"
"2937","2","3","2","83","171","97","381","478","597","C0005941"
"1644","2","3","2","88","79","239","333","258","345","C0005941"
"11078","2","3","12","76","45","184","103","572","658","C0005941"
"5830","2","3","5","43","161","305","409","208","482","C0005941"
"26137","2","5","7","63","45","184","103","572","658","C0005941"
"6926","2","5","7","53","51","335","259","560","373","C0005941"
"7443","2","3","12","19","31","261","34","540","68","C0005941"
"5828","2","3","5","43","161","305","409","208","482","C0005941"
"50485","2","3","12","19","31","261","116","1","86","C0005942"
"9321","2","3","12","76","153","40","38","54","203","C0005942"
"5251","2","3","5","80","81","296","474","593","722","C0005944"
"6925","2","3","12","19","31","225","142","220","298","C0005944"
"10908","2","3","2","97","173","275","377","473","592","C0005944"
"3691","2","5","7","53","51","342","454","573","492","C0005944"
"10913","2","3","12","41","219","339","156","568","697","C0005944"
"3239","2","3","3","19","221","321","428","541","667","C0005944"
"3265","2","5","7","60","54","24","30","46","72","C0005944"
"1798","2","3","2","48","69","99","162","216","290","C0005944"
"4160","2","5","4","68","96","326","427","548","672","C0005944"
"59","2","5","8","63","45","23","103","464","187","C0005944"
"5456","2","3","3","19","221","321","428","541","667","C0005944"
"3454","2","5","7","53","184","119","156","287","116","C0005956"
"284058","2","3","12","19","31","1","426","55","78","C0005956"
"2736","2","3","12","41","116","321","428","54","667","C0005956"
"2259","2","5","8","63","36","166","341","223","158","C0005956"
"7283","2","3","12","76","153","40","38","54","75","C0005956"
"950","2","5","7","60","14","184","341","544","669","C0005956"
"2697","2","3","7","76","153","40","38","54","75","C0005956"
"6736","2","3","12","19","31","276","91","433","667","C0005967"
"6531","2","5","8","45","94","199","240","415","666","C0005967"
"3767","2","5","8","63","36","166","106","110","158","C0005967"
"120227","2","3","5","91","214","101","126","460","224","C0005967"
"427","2","3","7","34","52","216","395","549","420","C0005967"
"4519","2","3","2","48","170","50","119","508","312","C0005967"
"5573","2","3","12","19","184","118","155","287","116","C0005967"
"5697","2","5","4","68","96","326","427","548","672","C0005967"
"10269","2","3","2","48","182","50","119","444","556","C0005974"
"3229","2","3","3","19","221","321","428","541","667","C0005974"
"11284","2","3","12","19","31","261","116","1","86","C0005974"
"4638","2","5","7","53","45","23","103","464","187","C0005974"
"51259","2","3","2","76","153","40","38","54","75","C0005974"
"3399","2","3","12","19","31","276","91","433","118","C0005974"
"8867","2","3","5","60","14","184","341","544","669","C0005974"
"10269","2","3","2","48","182","50","119","444","556","C0006079"
"8085","2","3","12","19","31","1","426","55","78","C0006079"
"2175","2","3","12","19","31","261","116","1","86","C0006079"
"6885","2","3","12","41","219","339","156","568","697","C0006105"
"4148","2","5","7","53","51","342","454","573","492","C0006105"
"843","2","3","12","41","219","339","156","568","697","C0006111"
"26040","2","3","12","19","31","1","116","297","78","C0006111"
"2263","2","5","7","53","14","20","25","40","186","C0006111"
"51371","2","3","12","41","116","268","434","568","605","C0006111"
"2073","2","3","12","19","31","261","116","1","86","C0006111"
"6872","2","3","12","19","31","261","116","159","211","C0006111"
"6335","2","5","8","63","36","166","341","390","158","C0006111"
"5290","2","3","7","53","14","20","25","40","186","C0006111"
"2702","2","3","12","76","153","40","38","54","75","C0006111"
"6608","2","3","3","68","221","321","428","560","667","C0006111"
"3655","2","5","7","53","51","342","454","573","492","C0006111"
"9254","2","5","8","63","36","166","341","223","158","C0006111"
"9640","2","3","12","19","31","261","116","159","211","C0006111"
"79633","2","3","7","80","51","335","444","560","373","C0006111"
"388015","2","3","2","110","90","266","431","545","443","C0006111"
"4535","2","3","2","48","170","50","119","444","556","C0006111"
"23118","2","3","12","41","219","339","156","568","697","C0006111"
"3190","2","3","2","22","33","323","66","101","136","C0006111"
"6927","2","3","3","19","221","321","428","541","667","C0006111"
"65062","2","3","2","48","170","50","119","444","556","C0006111"
"2645","2","3","2","90","167","266","367","101","664","C0006111"
"1855","2","5","12","76","153","197","259","560","422","C0006111"
"7351","2","3","2","20","29","98","123","166","221","C0006111"
"10466","2","5","7","60","153","40","38","66","203","C0006112"
"26119","2","5","7","60","14","184","341","544","669","C0006112"
"57190","2","5","7","11","142","71","341","560","219","C0006114"
"2189","2","3","12","19","31","261","116","1","86","C0006114"
"4000","2","3","12","26","105","178","226","297","156","C0006114"
"3977","2","5","7","53","51","119","25","40","416","C0006114"
"2184","2","3","5","76","153","138","236","332","407","C0006114"
"1302","2","5","7","53","51","342","454","573","492","C0006114"
"2178","2","3","12","19","31","261","116","1","86","C0006114"
"3265","2","5","7","60","54","24","30","46","72","C0006114"
"5293","2","3","7","53","14","20","25","40","186","C0006114"
"9581","2","3","5","27","36","150","76","223","628","C0006114"
"5479","2","3","2","53","51","342","454","573","492","C0006114"
"551","2","5","4","68","96","326","427","548","672","C0006114"
"2006","2","5","7","53","51","342","454","573","492","C0006114"
"5192","2","3","5","43","161","305","409","208","482","C0006114"
"5116","2","3","12","76","153","40","38","54","75","C0006114"
"5648","2","5","7","53","51","119","395","549","674","C0006114"
"7054","2","3","5","80","81","166","34","258","345","C0006114"
"3784","2","5","8","63","36","166","106","110","158","C0006114"
"7020","2","3","12","19","31","276","91","433","664","C0006114"
"1959","2","3","3","19","151","276","91","433","118","C0006114"
"10815","2","5","7","60","36","71","341","223","666","C0006114"
"4535","2","3","2","48","170","50","119","444","556","C0006114"
"8813","2","3","2","48","116","142","136","280","363","C0006114"
"5925","2","3","12","19","31","1","426","55","78","C0006114"
"3892","2","1","6","11","142","225","142","220","298","C0006114"
"9361","2","3","2","48","170","50","119","444","556","C0006118"
"3897","2","5","7","53","51","335","444","560","373","C0006118"
"1026","2","3","12","19","31","1","116","489","416","C0006118"
"4893","2","5","7","34","52","24","30","46","72","C0006118"
"28952","2","3","12","41","116","268","434","468","213","C0006118"
"9723","2","5","7","53","51","342","79","560","373","C0006118"
"1522","2","5","7","34","52","216","395","549","674","C0006118"
"2316","2","5","7","53","51","342","454","573","702","C0006118"
"26873","2","3","5","83","171","97","237","77","391","C0006118"
"5116","2","3","12","76","153","40","38","54","75","C0006118"
"974","2","5","7","53","51","119","395","549","674","C0006118"
"6197","2","3","12","19","14","20","34","540","68","C0006118"
"93","2","5","7","53","14","20","259","423","389","C0006118"
"51196","2","3","7","60","54","24","30","46","72","C0006118"
"2798","2","5","4","68","96","326","427","548","672","C0006118"
"4340","2","5","7","53","51","119","341","223","628","C0006118"
"7345","2","3","12","41","116","268","341","223","628","C0006118"
"3172","2","3","3","19","151","276","91","433","118","C0006118"
"10484","2","3","7","60","153","40","38","54","203","C0006118"
"128674","2","5","4","68","96","326","427","548","672","C0006118"
"1080","2","3","12","41","219","339","156","544","669","C0006118"
"145873","2","5","12","19","221","335","259","423","389","C0006118"
"2245","2","5","7","60","54","24","30","46","72","C0006118"
"3709","2","5","8","63","45","23","306","390","158","C0006131"
"2316","2","5","7","53","51","342","454","573","702","C0006131"
"55120","2","3","12","19","31","261","116","1","86","C0006131"
"9871","2","3","7","60","153","40","38","54","203","C0006142"
"9829","2","5","7","60","14","184","341","544","669","C0006142"
"7840","2","3","12","76","153","40","38","54","75","C0006142"
"2177","2","3","2","110","90","261","431","545","443","C0006142"
"5788","2","5","7","34","52","216","395","549","674","C0006142"
"4618","2","3","12","19","31","276","91","433","118","C0006142"
"54361","2","5","3","68","221","197","259","560","422","C0006142"
"4000","2","3","12","26","105","178","226","297","156","C0006142"
"2158","2","5","7","68","51","119","395","549","674","C0006142"
"8838","2","5","7","53","51","342","259","423","389","C0006142"
"23363","2","3","12","41","116","268","434","468","213","C0006142"
"5080","2","3","3","19","221","321","428","541","667","C0006142"
"5663","2","5","7","34","52","216","395","549","667","C0006142"
"3110","2","3","3","19","221","321","428","541","667","C0006142"
"1355","2","3","2","48","170","50","119","444","556","C0006157"
"23426","2","5","7","42","36","71","177","223","219","C0006157"
"1906","2","5","4","68","96","326","427","548","672","C0006157"
"10300","2","3","12","76","153","40","38","54","75","C0006157"
"9380","2","3","2","67","128","208","289","366","472","C0006157"
"10312","2","3","7","34","52","216","395","549","674","C0006157"
"23384","2","3","12","63","45","184","103","572","658","C0006157"
"4338","2","3","2","110","85","75","204","267","352","C0006157"
"2261","2","5","7","53","14","20","25","40","186","C0006157"
"11020","2","5","7","60","54","24","30","46","72","C0006157"
"9820","2","3","12","41","116","268","434","468","213","C0006261"
"3543","2","5","7","53","51","119","395","549","674","C0006261"
"1280","2","5","7","53","51","342","454","573","492","C0006261"
"8086","2","3","12","22","33","323","66","101","664","C0006271"
"3456","2","3","12","19","31","118","155","287","116","C0006271"
"6390","2","3","2","48","170","50","119","444","556","C0006271"
"6439","2","5","5","68","96","185","238","310","272","C0006271"
"1027","2","3","12","19","31","1","116","1","86","C0006271"
"2645","2","3","2","90","167","266","367","101","664","C0006281"
"5889","2","3","12","19","31","261","116","1","86","C0006281"
"10020","2","3","2","89","124","204","42","452","258","C0006281"
"1586","2","3","5","79","98","256","335","425","540","C0006287"
"123016","2","3","12","76","153","40","38","54","75","C0006287"
"5309","2","3","3","19","221","321","428","541","667","C0006287"
"57670","2","5","7","42","81","184","118","543","214","C0006325"
"1906","2","5","4","68","96","326","427","548","672","C0006325"
"582","2","3","12","76","153","76","38","54","75","C0006325"
"8085","2","3","12","19","31","1","426","55","78","C0006384"
"4688","2","5","7","60","14","20","25","40","215","C0006384"
"1364","2","5","6","42","36","71","177","64","219","C0006384"
"3730","2","5","7","53","14","20","25","40","186","C0006384"
"9790","2","3","2","110","85","237","433","547","671","C0006384"
"3763","2","5","8","63","36","166","106","110","158","C0006384"
"4624","2","5","8","63","45","23","103","464","187","C0006384"
"5573","2","3","12","19","184","118","155","287","116","C0006384"
"1301","2","5","7","53","51","342","454","573","492","C0006386"
"1278","2","5","7","53","51","342","454","573","492","C0006386"
"5468","2","3","3","19","151","276","91","433","118","C0006386"
"1909","2","5","4","68","96","326","427","548","672","C0006386"
"650","2","5","7","53","51","342","259","423","389","C0006386"
"23554","2","5","3","68","221","197","259","518","492","C0006386"
"2316","2","5","7","53","51","342","454","573","702","C0006386"
"10087","2","3","7","50","47","39","100","321","255","C0006386"
"4359","2","5","7","53","51","342","454","573","492","C0006386"
"3115","2","5","7","53","184","119","156","287","116","C0006386"
"1028","2","3","12","19","31","1","116","1","86","C0006386"
"2904","2","5","7","53","14","20","25","223","219","C0006386"
"3149","2","3","2","48","57","110","378","370","664","C0006386"
"54386","2","3","12","19","31","261","116","1","78","C0006386"
"4634","2","5","8","63","45","23","103","464","187","C0006386"
"3981","2","3","12","19","31","261","116","1","86","C0006386"
"4893","2","5","7","34","52","24","30","46","72","C0006386"
"3835","2","3","12","76","153","40","38","54","75","C0006386"
"8639","2","3","5","80","81","114","290","367","475","C0006386"
"7490","2","3","3","19","221","321","428","541","667","C0006386"
"5894","2","5","7","60","54","23","34","464","187","C0006386"
"3032","2","3","2","48","57","38","347","12","145","C0006386"
"2324","2","5","7","53","14","20","25","40","186","C0006386"
"673","2","5","7","53","14","20","34","540","68","C0006386"
"79759","2","4","3","24","119","330","214","454","144","C0006386"
"2296","2","3","3","19","221","321","428","541","667","C0006386"
"27130","2","3","12","48","45","143","38","236","69","C0006413"
"5095","2","3","2","48","40","130","166","127","173","C0006413"
"7035","2","5","7","68","51","119","395","549","674","C0006413"
"3854","2","1","6","11","142","225","142","220","298","C0006413"
"11311","2","3","12","19","31","118","155","287","116","C0006413"
"885","2","5","4","68","96","326","427","548","672","C0006413"
"4261","2","3","12","53","184","119","156","287","116","C0006413"
"4015","2","5","7","53","51","342","454","573","492","C0006413"
"7292","2","5","12","41","219","339","156","568","697","C0006413"
"3431","2","3","12","53","184","119","156","287","116","C0006413"
"5449","2","3","3","19","221","321","428","541","667","C0006413"
"3952","2","5","3","53","151","276","91","433","118","C0006413"
"4534","2","3","5","80","81","296","399","362","468","C0006413"
"23729","2","3","2","90","167","148","36","51","383","C0006413"
"29123","2","3","12","19","151","276","91","433","118","C0006413"
"3592","2","5","7","53","51","119","25","489","416","C0006635"
"5894","2","5","7","60","54","23","34","464","187","C0006635"
"8452","2","3","12","41","116","268","434","468","213","C0006635"
"2717","2","3","7","34","52","216","395","549","674","C0006845"
"11005","2","1","6","11","142","225","142","220","298","C0006845"
"347733","2","3","12","76","153","40","38","54","75","C0006845"
"6338","2","5","8","63","45","23","34","464","187","C0006845"
"51259","2","3","2","76","153","40","38","54","75","C0006845"
"1509","2","5","7","34","52","216","395","549","568","C0006845"
"2034","2","3","12","41","116","268","434","468","213","C0006845"
"1594","2","3","5","92","163","96","363","460","487","C0006845"
"4000","2","3","12","26","105","178","226","297","156","C0006845"
"7018","2","5","7","53","51","342","454","573","669","C0006845"
"111","2","5","4","68","96","326","427","548","672","C0006845"
"51702","2","3","12","19","31","1","426","55","78","C0006870"
"5071","2","3","12","41","116","268","434","468","213","C0006870"
"4089","2","3","12","19","219","339","259","423","605","C0006870"
"9851","2","3","12","76","153","40","38","54","75","C0006870"
"627","2","5","7","53","51","335","444","423","373","C0006870"
"6567","2","5","8","35","41","77","40","57","80","C0006870"
"54806","2","5","7","76","153","40","38","54","75","C0006870"
"2155","2","5","7","53","51","119","454","549","674","C0006870"
"50964","2","5","3","68","221","197","259","423","422","C0007095"
"2074","2","3","12","19","31","1","426","55","78","C0007095"
"8517","2","3","12","41","219","339","156","568","697","C0007102"
"3814","2","5","4","68","96","326","427","548","672","C0007102"
"10128","2","3","2","48","170","50","119","444","556","C0007102"
"6103","2","3","12","76","153","40","38","54","75","C0007102"
"715","2","5","7","53","51","119","395","549","674","C0007102"
"843","2","3","12","41","219","339","156","568","697","C0007102"
"26278","2","3","12","41","116","268","347","271","356","C0007102"
"53834","2","5","7","53","51","342","454","573","492","C0007102"
"9495","2","5","4","68","96","326","427","223","158","C0007102"
"1733","2","3","5","69","83","101","126","57","224","C0007102"
"2006","2","5","7","53","51","342","454","573","492","C0007102"
"6337","2","5","8","63","45","23","34","464","187","C0007102"
"4723","2","3","2","48","170","50","119","444","556","C0007102"
"1528","2","3","5","91","214","271","372","471","586","C0007102"
"55630","2","3","5","27","81","99","162","216","290","C0007102"
"25778","2","3","2","41","51","138","79","160","385","C0007102"
"673","2","5","7","53","14","20","34","540","68","C0007114"
"9343","2","3","2","22","33","323","66","101","136","C0007114"
"5159","2","5","7","53","14","20","25","40","186","C0007114"
"11200","2","3","12","19","31","261","116","1","86","C0007114"
"2263","2","5","7","53","14","20","25","40","186","C0007114"
"53834","2","5","7","53","51","342","454","573","492","C0007114"
"790","2","3","12","41","219","339","347","206","627","C0007114"
"5144","2","3","4","68","96","326","427","548","672","C0007114"
"10042","2","3","12","19","31","1","426","55","78","C0007114"
"2253","2","5","7","53","14","20","25","40","186","C0007114"
"7040","2","5","7","53","51","342","454","573","492","C0007114"
"51085","2","3","2","48","57","110","141","359","462","C0007114"
"2022","2","5","7","53","51","342","259","423","389","C0007114"
"1285","2","5","7","53","51","342","454","573","492","C0007114"
"8450","2","3","12","41","116","268","434","468","213","C0007114"
"4292","2","3","12","19","31","261","116","1","86","C0007120"
"3561","2","5","7","53","14","20","25","40","186","C0007120"
"4893","2","5","7","34","52","24","30","46","72","C0007120"
"2916","2","5","4","68","96","326","427","548","672","C0007120"
"2189","2","3","12","19","31","261","116","1","86","C0007120"
"51524","2","5","7","45","94","199","240","415","666","C0007120"
"9516","2","3","2","48","116","110","141","152","462","C0007120"
"8822","2","5","7","53","14","20","25","40","186","C0007120"
"1413","2","3","6","63","45","160","362","177","673","C0007120"
"6913","2","3","3","19","221","321","428","541","667","C0007120"
"4125","2","3","7","34","52","216","395","549","674","C0007120"
"2896","2","5","7","34","52","216","395","549","674","C0007120"
"23780","2","5","7","53","51","342","454","216","290","C0007120"
"2720","2","3","7","34","52","216","395","21","599","C0007120"
"627","2","5","7","53","51","335","444","423","373","C0007124"
"1605","2","5","7","53","51","342","454","573","492","C0007124"
"3594","2","5","7","53","51","119","25","560","373","C0007124"
"53834","2","5","7","53","51","342","454","573","492","C0007124"
"3636","2","3","5","80","14","20","25","40","186","C0007124"
"3479","2","5","7","53","51","342","454","573","492","C0007138"
"51626","2","3","12","76","153","40","38","54","75","C0007138"
"843","2","3","12","41","219","339","156","568","697","C0007138"
"268","2","5","7","53","51","342","259","423","389","C0007138"
"10908","2","3","2","97","173","275","377","473","592","C0007138"
"4512","2","3","2","48","170","110","141","359","8","C0007138"
"474","2","3","12","11","142","225","142","488","673","C0007138"
"1387","2","3","12","19","31","276","91","433","118","C0007138"
"4864","2","3","5","48","152","184","341","544","669","C0007138"
"3984","2","5","7","53","14","20","34","540","68","C0007138"
"26040","2","3","12","19","31","1","116","297","78","C0007138"
"6638","2","3","2","22","33","323","66","101","136","C0007138"
"55572","2","3","2","48","170","50","119","444","556","C0007138"
"3977","2","5","7","53","51","119","25","40","416","C0007138"
"54903","2","3","12","76","153","40","38","54","75","C0007138"
"3265","2","5","7","60","54","24","30","46","72","C0007138"
"3549","2","5","3","53","51","197","259","560","422","C0007138"
"8398","2","3","5","116","183","40","38","352","455","C0007138"
"23111","2","3","12","41","219","339","156","568","697","C0007138"
"5264","2","3","5","43","161","305","409","208","482","C0007138"
"7319","2","3","12","41","116","268","434","468","213","C0007138"
"359","2","3","5","80","81","166","397","374","486","C0007138"
"5573","2","3","12","19","184","118","155","287","116","C0007138"
"3265","2","5","7","60","54","24","30","46","72","C0007138"
"4986","2","5","4","68","96","326","427","548","672","C0007138"
"1663","2","3","12","76","105","178","226","297","380","C0007138"
"673","2","5","7","53","14","20","34","540","68","C0007138"
"4512","2","3","2","48","170","110","141","359","8","C0007138"
"25978","2","3","2","48","57","110","141","359","462","C0007138"
"2627","2","3","12","19","31","118","155","287","116","C0007138"
"1832","2","5","7","34","52","225","142","220","298","C0007138"
"4842","2","3","5","63","45","71","177","464","219","C0007138"
"1399","2","5","7","53","14","20","25","40","186","C0007140"
"4726","2","3","2","48","170","50","119","444","556","C0007140"
"58","2","5","8","63","45","23","103","464","187","C0007196"
"5443","2","5","4","68","96","326","427","548","672","C0007196"
"23414","2","3","12","19","31","118","155","287","116","C0007196"
"546","2","3","12","19","31","261","426","1","86","C0007196"
"5573","2","3","12","19","184","118","155","287","116","C0007196"
"10060","2","3","8","41","45","23","423","464","445","C0007273"
"6581","2","3","8","45","94","199","240","415","666","C0007273"
"287","2","5","7","76","153","40","38","54","203","C0007273"
"1543","2","3","5","91","151","276","91","433","118","C0007273"
"1235","2","5","4","68","96","326","427","548","672","C0007273"
"6786","2","5","8","63","45","23","103","464","187","C0007273"
"2332","2","3","2","22","33","71","373","466","609","C0007273"
"2623","2","3","12","19","31","1","155","287","116","C0007273"
"3418","2","3","2","67","151","276","33","48","155","C0007273"
"6546","2","5","8","45","94","199","240","415","666","C0007273"
"582","2","3","12","76","153","76","38","54","75","C0007273"
"5573","2","3","12","19","184","118","155","287","116","C0007274"
"5290","2","3","7","53","14","20","25","40","186","C0007274"
"1482","2","3","3","19","221","321","428","541","667","C0007274"
"2720","2","3","7","34","52","216","395","21","599","C0007274"
"200942","2","3","12","76","137","76","136","472","435","C0007279"
"1120","2","3","2","85","143","286","51","488","102","C0007279"
"9420","2","3","5","79","159","256","215","282","366","C0007279"
"55505","2","3","2","110","85","237","433","547","671","C0007279"
"3617","2","5","7","86","221","321","454","311","518","C0007302"
"2318","2","5","7","53","45","23","103","464","187","C0007302"
"3115","2","5","7","53","184","119","156","287","116","C0007302"
"6845","2","5","7","60","14","184","341","544","669","C0007302"
"7957","2","3","5","42","81","296","399","201","274","C0007302"
"6309","2","3","5","19","151","76","48","69","204","C0007370"
"4018","2","5","7","68","51","342","454","573","492","C0007370"
"7428","2","3","12","41","116","268","434","468","213","C0007370"
"1497","2","5","2","63","182","50","103","297","628","C0007370"
"30813","2","3","3","19","221","321","428","541","667","C0007370"
"4613","2","3","12","19","31","1","426","55","78","C0007370"
"2316","2","5","7","53","51","342","454","573","702","C0007370"
"9213","2","5","7","68","96","184","219","380","666","C0007370"
"8086","2","3","12","22","33","323","66","101","664","C0007370"
"834","2","5","12","41","219","339","156","568","697","C0007370"
"11160","2","3","12","41","116","268","423","536","445","C0007370"
"23321","2","5","7","53","184","119","156","287","116","C0007370"
"7879","2","5","7","34","54","24","30","46","72","C0007370"
"23322","2","3","12","76","153","40","38","54","75","C0007370"
"5654","2","5","7","53","51","342","454","573","492","C0007370"
"2260","2","5","7","53","14","20","25","40","186","C0007384"
"6303","2","3","2","67","118","160","261","188","423","C0007384"
"7033","2","3","12","19","31","1","426","55","78","C0007384"
"1594","2","3","5","92","163","96","363","460","487","C0007384"
"6331","2","5","8","63","36","166","341","223","158","C0007384"
"5194","2","3","5","43","161","305","409","208","482","C0007384"
"5993","2","3","12","19","31","1","426","55","78","C0007384"
"1281","2","5","7","53","51","342","454","573","492","C0007384"
"6522","2","5","8","35","41","199","40","415","666","C0007384"
"5979","2","5","7","53","14","20","25","40","186","C0007384"
"860","2","3","12","19","31","276","91","433","118","C0007384"
"9215","2","5","2","27","36","150","430","215","628","C0007528"
"50814","2","3","2","69","221","73","360","86","119","C0007528"
"54903","2","3","12","76","153","40","38","54","75","C0007528"
"3606","2","5","7","53","51","119","156","489","416","C0007528"
"28976","2","3","2","48","170","50","247","322","446","C0007570"
"103","2","3","2","110","184","119","156","287","116","C0007570"
"3861","2","1","6","11","142","225","142","220","298","C0007570"
"8200","2","5","7","53","51","342","259","423","389","C0007570"
"79694","2","5","5","80","81","150","162","269","354","C0007570"
"23592","2","3","12","26","105","342","259","423","389","C0007570"
"6138","2","3","2","110","85","237","433","547","671","C0007570"
"51422","2","3","2","48","57","110","141","359","462","C0007570"
"8863","2","3","3","19","151","276","91","208","118","C0007570"
"6608","2","3","3","68","221","321","428","560","667","C0007570"
"1080","2","3","12","41","219","339","156","544","669","C0007570"
"6442","2","5","8","63","45","23","103","464","187","C0007570"
"10262","2","3","2","22","33","323","66","101","136","C0007570"
"4803","2","5","7","60","54","24","30","46","72","C0007570"
"5824","2","3","5","47","144","185","238","310","392","C0007570"
"3559","2","5","7","53","14","20","25","40","186","C0007570"
"10166","2","3","2","84","97","167","210","278","360","C0007570"
"1615","2","3","2","110","85","237","433","547","154","C0007570"
"59272","2","3","5","80","94","199","240","415","666","C0007570"
"23322","2","3","12","76","153","40","38","54","75","C0007570"
"1482","2","3","3","19","221","321","428","541","667","C0007642"
"5376","2","5","7","53","51","342","454","573","492","C0007642"
"23426","2","5","7","42","36","71","177","223","219","C0007642"
"10585","2","5","2","27","206","324","430","215","290","C0007642"
"9248","2","5","4","68","96","326","427","548","672","C0007642"
"10060","2","3","8","41","45","23","423","464","445","C0007642"
"324","2","3","12","41","219","197","70","255","422","C0007642"
"6718","2","3","2","46","136","227","168","225","490","C0007642"
"3553","2","5","7","53","51","119","25","489","416","C0007682"
"7421","2","3","3","19","151","276","91","433","118","C0007682"
"4683","2","3","12","19","31","261","116","1","86","C0007682"
"1584","2","3","5","79","159","256","276","353","456","C0007760"
"8890","2","3","2","110","85","237","433","547","671","C0007760"
"5314","2","3","12","76","153","40","38","54","75","C0007760"
"1236","2","5","4","68","96","326","427","548","672","C0007760"
"8626","2","3","3","19","221","321","428","541","667","C0007760"
"9711","2","3","2","48","57","110","141","359","462","C0007760"
"50939","2","3","12","76","153","40","38","472","435","C0007781"
"6440","2","5","5","68","96","185","238","310","272","C0007781"
"5922","2","5","7","60","54","24","30","46","72","C0007785"
"2263","2","5","7","53","14","20","25","40","186","C0007785"
"3339","2","5","7","53","51","342","454","573","492","C0007785"
"6391","2","3","2","48","170","50","119","444","556","C0007785"
"51594","2","3","7","76","153","40","38","54","75","C0007785"
"4322","2","5","7","53","51","342","454","573","492","C0007785"
"94","2","5","7","53","51","342","259","423","389","C0007785"
"3691","2","5","7","53","51","342","454","573","492","C0007785"
"2077","2","3","12","76","153","40","38","54","75","C0007785"
"3516","2","3","12","19","31","143","428","236","667","C0007785"
"55112","2","3","12","76","153","40","38","54","75","C0007787"
"5873","2","5","7","34","54","24","30","46","72","C0007787"
"1145","2","5","8","27","70","99","162","216","290","C0007787"
"7374","2","3","12","19","31","261","116","1","86","C0007787"
"2776","2","5","4","68","96","326","427","548","672","C0007787"
"4358","2","3","5","43","161","305","409","208","482","C0007787"
"5091","2","3","2","35","40","130","166","57","435","C0007787"
"1814","2","5","4","68","96","326","427","548","672","C0007787"
"4292","2","3","12","19","31","261","116","1","86","C0007787"
"4902","2","5","7","53","14","20","25","40","186","C0007787"
"29851","2","5","7","53","14","20","25","40","186","C0007789"
"5091","2","3","2","35","40","130","166","57","435","C0007789"
"4988","2","5","4","68","96","326","427","548","672","C0007789"
"7076","2","5","7","53","51","342","454","573","492","C0007789"
"2261","2","5","7","53","14","20","25","40","186","C0007789"
"10020","2","3","2","89","124","204","42","452","258","C0007789"
"6338","2","5","8","63","45","23","34","464","187","C0007789"
"26119","2","5","7","60","14","184","341","544","669","C0007789"
"3458","2","5","7","53","184","119","156","287","116","C0007789"
"2006","2","5","7","53","51","342","454","573","492","C0007789"
"7403","2","3","12","19","31","1","426","55","78","C0007789"
"5518","2","3","12","76","153","40","38","54","435","C0007789"
"1145","2","5","8","27","70","99","162","216","290","C0007789"
"10280","2","3","2","110","85","52","57","86","119","C0007789"
"1146","2","5","8","27","70","99","162","216","290","C0007789"
"1440","2","5","7","53","51","119","25","489","416","C0007795"
"3757","2","5","8","63","36","166","106","110","158","C0007795"
"54585","2","3","12","76","153","76","38","54","75","C0007820"
"7547","2","3","3","19","221","321","428","541","667","C0007820"
"4000","2","3","12","26","105","178","226","297","156","C0007873"
"2690","2","5","7","53","14","20","25","40","186","C0007873"
"4436","2","3","12","19","31","261","116","1","86","C0007873"
"54968","2","3","2","48","170","50","119","444","556","C0007873"
"7512","2","5","5","27","51","335","444","560","373","C0007873"
"857","2","5","7","53","45","23","57","83","422","C0007873"
"10555","2","3","7","34","52","216","395","549","622","C0007873"
"3106","2","5","7","34","52","119","395","549","674","C0007873"
"2539","2","3","2","48","57","110","141","359","383","C0007873"
"8086","2","3","12","22","33","323","66","101","664","C0007873"
"51684","2","3","12","41","116","268","38","54","75","C0007873"
"2775","2","5","4","68","36","150","341","223","628","C0007873"
"2332","2","3","2","22","33","71","373","466","609","C0007873"
"667","2","5","7","53","51","342","454","573","492","C0007873"
"8878","2","3","12","41","219","339","156","568","697","C0007873"
"1836","2","3","2","35","41","94","260","330","375","C0007873"
"25861","2","5","7","42","36","71","177","223","219","C0007873"
"26277","2","3","12","19","31","1","426","1","78","C0007873"
"23534","2","3","2","22","33","323","66","101","136","C0007873"
"1991","2","5","7","34","52","216","395","549","674","C0007873"
"6299","2","3","12","19","221","321","428","541","667","C0007873"
"4352","2","5","7","53","14","20","25","40","186","C0007873"
"4853","2","3","12","19","124","143","428","236","667","C0007873"
"2690","2","5","7","53","14","20","25","40","186","C0007873"
"8517","2","3","12","41","219","339","156","568","697","C0007873"
"3815","2","5","7","53","14","20","25","40","186","C0007959"
"2697","2","3","7","76","153","40","38","54","75","C0007959"
"59","2","5","8","63","45","23","103","464","187","C0007959"
"6389","2","3","2","48","170","50","119","444","556","C0007959"
"7415","2","3","7","34","52","216","395","536","445","C0007959"
"6663","2","3","3","19","221","321","428","541","667","C0007959"
"3426","2","5","7","53","51","119","395","549","674","C0007959"
"5896","2","3","12","41","116","268","434","568","605","C0007971"
"2332","2","3","2","22","33","71","373","466","609","C0007971"
"54808","2","3","12","76","153","40","38","54","75","C0007971"
"5116","2","3","12","76","153","40","38","54","75","C0007971"
"5350","2","5","8","63","45","23","103","464","187","C0007971"
"3425","2","3","5","80","81","166","454","573","492","C0008073"
"3516","2","3","12","19","31","143","428","236","667","C0008073"
"1848","2","3","5","42","81","296","399","201","274","C0008073"
"5290","2","3","7","53","14","20","25","40","186","C0008073"
"8029","2","5","7","53","51","105","139","186","245","C0008073"
"411","2","3","7","34","52","216","395","549","674","C0008073"
"1536","2","5","7","34","52","216","395","549","674","C0008073"
"2120","2","3","12","19","31","193","306","148","624","C0008073"
"5346","2","3","3","19","151","276","91","433","118","C0008073"
"5340","2","5","7","53","51","342","454","573","492","C0008073"
"6567","2","5","8","35","41","77","40","57","80","C0008073"
"345","2","5","7","53","51","342","454","573","492","C0008073"
"2670","2","5","7","27","36","150","341","223","628","C0008073"
"5376","2","5","7","53","51","342","454","573","492","C0008073"
"3549","2","5","3","53","51","197","259","560","422","C0008073"
"93","2","5","7","53","14","20","259","423","389","C0008073"
"1188","2","5","8","63","45","23","34","464","187","C0008073"
"51062","2","5","7","27","36","150","402","489","373","C0008073"
"4000","2","3","12","26","105","178","226","297","156","C0008073"
"3889","2","1","6","11","142","225","142","220","298","C0008073"
"1524","2","5","4","68","96","326","427","548","672","C0008073"
"4535","2","3","2","48","170","50","119","444","556","C0008073"
"8892","2","3","2","110","85","237","433","547","671","C0008074"
"2895","2","5","4","68","36","71","427","223","219","C0008074"
"2335","2","5","7","53","51","342","454","573","492","C0008074"
"6714","2","5","7","53","14","20","25","40","186","C0008149"
"5932","2","3","12","19","31","261","116","1","86","C0008149"
"54756","2","5","7","41","219","238","118","543","214","C0008297"
"6905","2","3","12","76","153","40","38","54","75","C0008297"
"1947","2","5","7","53","51","20","25","560","373","C0008297"
"55325","2","5","7","34","181","23","119","544","187","C0008297"
"2779","2","5","4","68","96","326","427","548","672","C0008297"
"9652","2","3","2","110","85","237","433","547","671","C0008297"
"71","2","5","7","60","14","184","103","544","669","C0008297"
"1536","2","5","7","34","52","216","395","549","674","C0008297"
"3094","2","3","2","48","170","266","367","500","78","C0008297"
"2316","2","5","7","53","51","342","454","573","702","C0008297"
"2697","2","3","7","76","153","40","38","54","75","C0008297"
"5244","2","3","3","41","151","276","91","433","118","C0008297"
"4282","2","5","7","34","52","216","395","549","674","C0008297"
"51807","2","3","12","76","153","40","38","54","75","C0008297"
"2334","2","5","7","53","14","20","25","40","186","C0008297"
"3728","2","5","7","34","52","225","142","220","298","C0008297"
"2316","2","5","7","53","51","342","454","573","702","C0008297"
"5158","2","3","4","68","45","272","259","518","621","C0008297"
"9782","2","3","2","22","33","323","66","101","136","C0008297"
"10743","2","3","3","19","151","276","91","433","118","C0008297"
"7132","2","3","12","41","219","339","156","568","697","C0008297"
"79742","2","3","5","91","175","271","372","471","586","C0008297"
"3845","2","5","7","60","54","24","30","46","72","C0008297"
"8050","2","3","2","67","92","293","55","75","311","C0008297"
"2688","2","5","7","53","51","119","25","40","186","C0008297"
"54903","2","3","12","76","153","40","38","54","75","C0008297"
"4313","2","5","7","53","51","342","454","573","492","C0008297"
"6261","2","5","8","63","45","23","34","464","187","C0008297"
"9049","2","3","3","41","151","276","378","271","356","C0008311"
"29110","2","3","12","41","219","339","156","568","697","C0008311"
"3360","2","5","4","68","96","326","427","548","672","C0008311"
"4313","2","5","7","53","51","342","454","573","492","C0008311"
"3689","2","5","7","34","52","216","395","549","674","C0008311"
"7490","2","3","3","19","221","321","428","541","667","C0008311"
"2073","2","3","12","19","31","261","116","1","86","C0008311"
"10555","2","3","7","34","52","216","395","549","622","C0008311"
"6338","2","5","8","63","45","23","34","464","187","C0008311"
"2812","2","5","7","53","51","342","454","573","492","C0008311"
"7421","2","3","3","19","151","276","91","433","118","C0008312"
"6913","2","3","3","19","221","321","428","541","667","C0008312"
"5332","2","3","4","68","96","326","427","548","672","C0008312"
"5376","2","5","7","53","51","342","454","573","492","C0008312"
"25970","2","5","7","53","14","20","25","40","116","C0008312"
"9786","2","3","12","76","153","40","38","54","75","C0008312"
"1736","2","3","2","110","85","237","433","547","671","C0008312"
"4010","2","3","3","19","221","321","428","541","667","C0008312"
"10577","2","5","7","34","52","216","395","549","674","C0008312"
"367","2","3","12","19","31","276","91","433","118","C0008312"
"546","2","3","12","19","31","261","426","1","86","C0008312"
"7136","2","5","8","63","45","23","103","464","187","C0008312"
"2317","2","5","7","63","45","23","103","287","664","C0008312"
"613","2","5","7","60","54","24","30","46","72","C0008312"
"5826","2","3","7","48","161","105","139","186","245","C0008313"
"26040","2","3","12","19","31","1","116","297","78","C0008313"
"435","2","3","8","84","97","167","210","278","360","C0008313"
"6885","2","3","12","41","219","339","156","568","697","C0008313"
"7124","2","3","12","41","219","339","156","568","697","C0008313"
"669","2","3","5","90","167","266","441","106","616","C0008325"
"7157","2","3","12","19","31","261","402","489","551","C0008325"
"51750","2","3","12","19","31","261","116","1","86","C0008325"
"26610","2","3","12","19","31","1","426","55","78","C0008325"
"26191","2","5","7","53","14","20","25","40","186","C0008325"
"50484","2","3","5","80","109","182","235","307","506","C0008325"
"6532","2","5","8","45","94","199","240","415","666","C0008325"
"6578","2","3","5","35","41","77","40","57","80","C0008325"
"7084","2","3","2","72","109","115","62","268","353","C0008325"
"6908","2","3","12","19","31","1","116","159","211","C0008325"
"9820","2","3","12","41","116","268","434","468","213","C0008325"
"79188","2","3","2","48","182","50","119","444","666","C0008325"
"5309","2","3","3","19","221","321","428","541","667","C0008340"
"3569","2","5","7","53","51","342","454","573","416","C0008340"
"10269","2","3","2","48","182","50","119","444","556","C0008340"
"368","2","3","12","41","116","268","423","536","445","C0008340"
"9049","2","3","3","41","151","276","378","271","356","C0008340"
"6261","2","5","8","63","45","23","34","464","187","C0008350"
"390594","2","3","12","41","116","268","434","468","213","C0008350"
"4791","2","3","12","41","219","339","156","568","697","C0008350"
"6938","2","3","12","19","31","1","426","55","78","C0008350"
"51715","2","5","7","60","54","24","30","46","72","C0008350"
"4066","2","3","12","19","31","276","91","433","118","C0008350"
"27130","2","3","12","48","45","143","38","236","69","C0008350"
"65057","2","3","12","19","31","1","426","55","78","C0008350"
"7148","2","5","7","53","51","342","454","573","492","C0008350"
"3728","2","5","7","34","52","225","142","220","298","C0008350"
"6911","2","5","6","19","142","335","259","560","373","C0008350"
"7290","2","3","12","19","31","1","426","55","78","C0008350"
"9096","2","5","7","53","51","335","259","560","373","C0008350"
"2719","2","5","7","53","51","342","454","573","492","C0008350"
"2488","2","5","4","68","96","326","427","548","672","C0008350"
"54820","2","3","12","76","153","40","38","54","75","C0008350"
"5251","2","3","5","80","81","296","474","593","722","C0008350"
"1788","2","3","12","19","31","1","426","55","78","C0008350"
"6340","2","5","8","63","45","23","34","464","187","C0008350"
"51702","2","3","12","19","31","1","426","55","78","C0008350"
"51305","2","5","8","63","36","166","106","110","158","C0008372"
"55630","2","3","5","27","81","99","162","216","290","C0008372"
"2033","2","3","12","19","31","1","91","433","118","C0008372"
"2737","2","3","12","19","116","321","428","54","667","C0008372"
"1586","2","3","5","79","98","256","335","425","540","C0008372"
"5648","2","5","7","53","51","119","395","549","674","C0008372"
"1436","2","5","7","53","14","20","25","40","186","C0008372"
"51099","2","3","2","67","92","293","55","75","311","C0008372"
"4723","2","3","2","48","170","50","119","444","556","C0008372"
"1282","2","5","7","53","51","342","454","573","492","C0008372"
"3207","2","3","3","19","221","321","428","541","667","C0008372"
"3981","2","3","12","19","31","261","116","1","86","C0008372"
"4519","2","3","2","48","170","50","119","508","312","C0008372"
"345","2","5","7","53","51","342","454","573","492","C0008373"
"4286","2","3","12","19","31","261","116","1","664","C0008373"
"783","2","5","8","63","36","166","106","110","158","C0008479"
"1495","2","5","7","53","51","335","444","560","373","C0008479"
"7518","2","3","12","19","31","261","116","1","86","C0008479"
"2919","2","5","7","34","52","216","427","548","672","C0008479"
"332","2","3","12","76","153","40","38","54","75","C0008479"
"7112","2","3","12","76","153","40","38","54","75","C0008487"
"183","2","5","4","68","96","326","427","548","672","C0008487"
"1188","2","5","8","63","45","23","34","464","187","C0008487"
"9569","2","3","12","19","31","276","91","433","118","C0008489"
"2778","2","5","4","68","96","326","427","548","672","C0008489"
"37","2","3","2","110","105","178","226","297","380","C0008489"
"6495","2","3","3","19","221","321","428","541","667","C0008489"
"9113","2","5","7","53","14","20","34","540","68","C0008489"
"6911","2","5","6","19","142","335","259","560","373","C0008489"
"4763","2","5","7","60","54","24","30","46","214","C0008489"
"5443","2","5","4","68","96","326","427","548","672","C0008489"
"55869","2","3","12","19","153","40","38","54","75","C0008489"
"3552","2","3","12","53","51","119","156","489","416","C0008489"
"2072","2","3","12","19","31","261","116","1","86","C0008489"
"2261","2","5","7","53","14","20","25","40","186","C0008489"
"1736","2","3","2","110","85","237","433","547","671","C0008489"
"6555","2","5","8","45","94","199","240","415","666","C0008489"
"23411","2","3","12","19","31","1","91","433","118","C0008489"
"716","2","5","7","53","51","119","395","549","674","C0008489"
"3075","2","5","7","53","51","119","395","549","674","C0008489"
"9440","2","4","3","24","119","330","214","454","144","C0008489"
"6794","2","3","12","53","14","20","34","540","68","C0008489"
"4049","2","3","12","41","219","339","156","568","697","C0008489"
"440","2","3","2","101","62","189","182","509","154","C0008489"
"7421","2","3","3","19","151","276","91","433","118","C0008489"
"567","2","5","7","34","52","119","395","549","674","C0008489"
"6253","2","5","4","27","36","326","402","489","187","C0008489"
"10262","2","3","2","22","33","323","66","101","136","C0008489"
"6714","2","5","7","53","14","20","25","40","186","C0008489"
"6628","2","3","2","22","33","323","66","101","136","C0008489"
"4713","2","3","2","48","170","50","119","444","556","C0008489"
"4000","2","3","12","26","105","178","226","297","156","C0008489"
"2022","2","5","7","53","51","342","259","423","389","C0008519"
"1908","2","5","4","68","96","326","427","548","672","C0008519"
"4015","2","5","7","53","51","342","454","573","492","C0008519"
"383","2","3","7","34","52","216","395","549","674","C0008519"
"10806","2","3","12","76","153","40","38","54","75","C0008519"
"6869","2","5","4","68","96","326","427","548","672","C0008519"
"3984","2","5","7","53","14","20","34","540","68","C0008519"
"9031","2","3","12","19","31","1","426","55","78","C0008519"
"673","2","5","7","53","14","20","34","540","68","C0008519"
"1813","2","5","4","68","96","326","427","548","672","C0008519"
"6885","2","3","12","41","219","339","156","568","697","C0008519"
"54567","2","5","7","53","51","143","428","236","667","C0008519"
"1029","2","3","12","19","31","1","116","1","664","C0008519"
"3763","2","5","8","63","36","166","106","110","158","C0008519"
"4221","2","3","12","19","31","342","454","573","492","C0008521"
"5605","2","5","7","53","14","20","34","540","68","C0008521"
"6845","2","5","7","60","14","184","341","544","669","C0008521"
"5972","2","5","5","34","52","216","397","418","568","C0008521"
"8450","2","3","12","41","116","268","434","468","213","C0008521"
"2260","2","5","7","53","14","20","25","40","186","C0008521"
"3718","2","5","7","53","14","20","25","40","186","C0008521"
"2261","2","5","7","53","14","20","25","40","186","C0008525"
"4704","2","3","2","48","170","50","119","444","556","C0008525"
"3800","2","5","7","27","36","150","341","223","628","C0008525"
"1234","2","5","4","68","96","326","427","548","672","C0008525"
"5805","2","3","2","43","91","75","204","267","352","C0008525"
"9152","2","5","8","45","94","199","240","415","666","C0008525"
"673","2","5","7","53","14","20","34","540","68","C0008625"
"595","2","3","12","19","31","1","426","489","416","C0008625"
"7170","2","5","8","63","45","23","103","464","187","C0008625"
"2263","2","5","7","53","14","20","25","40","186","C0008625"
"1130","2","5","7","60","54","326","141","359","462","C0008625"
"5573","2","3","12","19","184","118","155","287","116","C0008625"
"5727","2","3","12","68","221","197","259","560","422","C0008625"
"10262","2","3","2","22","33","323","66","101","136","C0008625"
"4838","2","5","3","53","221","321","259","423","389","C0008625"
"5828","2","3","5","43","161","305","409","208","482","C0008625"
"1145","2","5","8","27","70","99","162","216","290","C0008625"
"1349","2","3","2","48","170","110","141","359","462","C0008625"
"4763","2","5","7","60","54","24","30","46","214","C0008625"
"5295","2","5","7","53","14","20","25","40","186","C0008625"
"4512","2","3","2","48","170","110","141","359","8","C0008625"
"55612","2","5","7","60","36","71","177","560","701","C0008677"
"7157","2","3","12","19","31","261","402","489","551","C0008677"
"7039","2","3","12","19","31","1","426","55","203","C0008677"
"411","2","3","7","34","52","216","395","549","674","C0008677"
"10370","2","3","12","19","31","276","91","433","118","C0008677"
"1186","2","5","8","63","45","23","34","464","187","C0008677"
"7476","2","5","3","68","221","197","259","560","422","C0008677"
"10564","2","5","7","60","54","24","30","46","72","C0008677"
"5727","2","3","12","68","221","197","259","560","422","C0008677"
"10043","2","5","7","34","52","216","395","549","674","C0008677"
"23400","2","5","8","63","45","23","103","464","187","C0008677"
"4976","2","3","2","48","170","50","119","444","556","C0008677"
"1081","2","5","4","68","96","326","427","548","672","C0008711"
"51360","2","3","3","26","35","276","91","433","203","C0008711"
"9992","2","5","8","63","36","166","341","110","158","C0008711"
"2266","2","5","7","53","51","342","454","573","492","C0008711"
"8643","2","5","3","68","221","197","259","560","422","C0008711"
"55135","2","3","12","76","137","76","136","472","435","C0008733"
"2670","2","5","7","27","36","150","341","223","628","C0008733"
"7415","2","3","7","34","52","216","395","536","445","C0008767"
"8195","2","3","12","76","153","76","38","54","75","C0008767"
"4705","2","3","2","48","170","50","119","444","556","C0008767"
"4487","2","3","3","19","221","321","428","541","667","C0009024"
"50485","2","3","12","19","31","261","116","1","86","C0009024"
"6392","2","3","2","48","170","50","119","444","556","C0009024"
"19","2","3","3","19","151","276","91","433","118","C0009024"
"6470","2","3","5","15","166","104","369","117","281","C0009024"
"727897","2","3","2","89","206","324","430","429","544","C0009024"
"51604","2","3","2","61","77","142","176","235","317","C0009024"
"6311","2","3","2","22","33","323","66","362","468","C0009024"
"10801","2","3","12","76","108","293","141","305","387","C0009024"
"4536","2","3","2","48","170","50","119","444","556","C0009024"
"2072","2","3","12","19","31","261","116","1","86","C0009024"
"1736","2","3","2","110","85","237","433","547","671","C0009024"
"2706","2","3","12","76","153","40","38","54","75","C0009024"
"26090","2","3","2","80","81","166","397","361","466","C0009024"
"7084","2","3","2","72","109","115","62","268","353","C0009024"
"54101","2","3","2","48","170","50","347","167","593","C0009024"
"673","2","5","7","53","14","20","34","540","68","C0009024"
"158","2","3","4","96","177","61","373","341","142","C0009024"
"3704","2","3","5","80","195","300","308","15","633","C0009080"
"949","2","5","5","45","94","199","240","415","666","C0009080"
"35","2","3","2","67","148","70","456","575","704","C0009080"
"7040","2","5","7","53","51","342","454","573","492","C0009080"
"3074","2","3","7","34","52","216","395","549","607","C0009171"
"987","2","3","6","48","94","279","347","330","304","C0009171"
"5914","2","3","3","19","151","276","91","433","118","C0009171"
"3516","2","3","12","19","31","143","428","236","667","C0009171"
"6756","2","3","12","19","31","1","426","55","78","C0009171"
"3730","2","5","7","53","14","20","25","40","186","C0009171"
"5648","2","5","7","53","51","119","395","549","674","C0009171"
"775","2","5","8","63","36","166","341","223","158","C0009171"
"4763","2","5","7","60","54","24","30","46","214","C0009171"
"1029","2","3","12","19","31","1","116","1","664","C0009171"
"338","2","5","7","53","51","342","454","573","492","C0009171"
"4719","2","3","2","48","170","50","119","444","556","C0009171"
"27249","2","3","2","48","182","50","119","186","245","C0009171"
"6324","2","5","7","63","36","166","341","223","158","C0009171"
"2261","2","5","7","53","14","20","25","40","186","C0009171"
"23169","2","3","2","78","205","112","430","429","544","C0009171"
"1201","2","3","2","48","170","50","304","167","593","C0009178"
"335","2","5","7","53","51","342","454","573","492","C0009178"
"5153","2","3","4","68","96","326","427","548","672","C0009197"
"1991","2","5","7","34","52","216","395","549","674","C0009197"
"7291","2","3","12","19","151","276","91","489","416","C0009207"
"5994","2","3","12","19","31","276","91","491","118","C0009207"
"3611","2","5","7","53","14","20","103","188","701","C0009241"
"10060","2","3","8","41","45","23","423","464","445","C0009241"
"1376","2","3","2","19","151","276","91","433","118","C0009241"
"5155","2","5","7","53","51","342","454","573","186","C0009241"
"5069","2","5","7","53","51","342","454","573","492","C0009241"
"3636","2","3","5","80","14","20","25","40","186","C0009241"
"7248","2","3","2","48","57","110","141","359","462","C0009241"
"4089","2","3","12","19","219","339","259","423","605","C0009241"
"64175","2","5","7","53","51","342","454","573","492","C0009241"
"6299","2","3","12","19","221","321","428","541","667","C0009241"
"5745","2","5","4","68","96","326","427","548","672","C0009241"
"1387","2","3","12","19","31","276","91","433","118","C0009241"
"5424","2","3","12","19","31","261","116","1","86","C0009241"
"6905","2","3","12","76","153","40","38","54","75","C0009241"
"2643","2","3","5","87","91","75","204","267","352","C0009241"
"4089","2","3","12","19","219","339","259","423","605","C0009241"
"5156","2","5","7","53","14","20","25","40","186","C0009241"
"7737","2","3","12","22","33","268","434","468","213","C0009241"
"3040","2","5","5","53","51","342","40","78","178","C0009241"
"348","2","5","7","53","51","342","454","573","492","C0009241"
"1280","2","5","7","53","51","342","454","573","492","C0009241"
"1352","2","3","2","48","170","50","119","444","556","C0009241"
"4763","2","5","7","60","54","24","30","46","214","C0009241"
"4487","2","3","3","19","221","321","428","541","667","C0009241"
"4647","2","5","7","60","83","101","126","170","224","C0009241"
"4173","2","3","12","76","31","261","116","1","86","C0009241"
"9451","2","3","2","110","51","335","226","297","380","C0009241"
"282617","2","5","7","53","51","119","25","40","186","C0009241"
"2316","2","5","7","53","51","342","454","573","702","C0009241"
"585","2","3","12","76","153","40","38","54","75","C0009241"
"55636","2","3","3","19","221","321","428","423","389","C0009319"
"1146","2","5","8","27","70","99","162","216","290","C0009319"
"270","2","3","5","33","21","47","84","261","246","C0009319"
"10235","2","3","12","41","116","268","434","568","158","C0009319"
"8626","2","3","3","19","221","321","428","541","667","C0009319"
"3075","2","5","7","53","51","119","395","549","674","C0009319"
"1280","2","5","7","53","51","342","454","573","492","C0009319"
"4621","2","5","8","63","45","23","103","464","187","C0009319"
"2244","2","5","7","53","51","342","454","573","492","C0009319"
"4535","2","3","2","48","170","50","119","444","556","C0009319"
"462","2","5","7","53","51","342","454","573","492","C0009319"
"3028","2","3","2","67","92","152","32","252","154","C0009319"
"4990","2","3","3","19","221","321","428","541","667","C0009319"
"54205","2","3","2","48","170","50","119","444","556","C0009319"
"673","2","5","7","53","14","20","34","540","68","C0009319"
"2548","2","3","7","34","52","216","395","549","674","C0009319"
"6440","2","5","5","68","96","185","238","310","272","C0009319"
"7450","2","5","7","53","51","342","454","573","492","C0009319"
"930","2","5","7","53","14","119","25","40","186","C0009319"
"10815","2","5","7","60","36","71","341","223","666","C0009319"
"3516","2","3","12","19","31","143","428","236","667","C0009319"
"23322","2","3","12","76","153","40","38","54","75","C0009319"
"9770","2","3","2","48","57","110","141","359","72","C0009319"
"9968","2","4","3","24","119","330","214","454","144","C0009319"
"6103","2","3","12","76","153","40","38","54","75","C0009319"
"4137","2","3","7","27","36","150","341","223","628","C0009319"
"4261","2","3","12","53","184","119","156","287","116","C0009319"
"7704","2","3","12","41","116","268","434","468","213","C0009319"
"2316","2","5","7","53","51","342","454","573","702","C0009319"
"5979","2","5","7","53","14","20","25","40","186","C0009319"
"627","2","5","7","53","51","335","444","423","373","C0009319"
"2175","2","3","12","19","31","261","116","1","86","C0009376"
"959","2","5","7","53","51","119","395","549","674","C0009376"
"5155","2","5","7","53","51","342","454","573","186","C0009376"
"7167","2","3","2","90","167","266","367","500","577","C0009398"
"673","2","5","7","53","14","20","34","540","68","C0009398"
"5734","2","5","4","68","96","326","427","548","672","C0009398"
"3516","2","3","12","19","31","143","428","236","667","C0009398"
"5728","2","3","5","80","81","339","156","568","605","C0009398"
"4524","2","3","2","15","166","104","369","117","583","C0009398"
"2302","2","3","12","76","153","40","38","54","75","C0009398"
"3516","2","3","12","19","31","143","428","236","667","C0009398"
"10309","2","3","12","19","31","261","116","1","86","C0009398"
"1482","2","3","3","19","221","321","428","541","667","C0009398"
"4000","2","3","12","26","105","178","226","297","156","C0009398"
"5159","2","5","7","53","14","20","25","40","186","C0009398"
"242","2","3","5","11","142","223","142","220","298","C0009398"
"3887","2","1","6","11","142","225","142","220","298","C0009398"
"8200","2","5","7","53","51","342","259","423","389","C0009398"
"5156","2","5","7","53","14","20","25","40","186","C0009398"
"26277","2","3","12","19","31","1","426","1","78","C0009398"
"1026","2","3","12","19","31","1","116","489","416","C0009398"
"5195","2","3","5","43","161","305","409","208","482","C0009398"
"10194","2","5","7","53","221","321","259","423","389","C0009398"
"5073","2","3","2","110","85","323","433","146","194","C0009398"
"59","2","5","8","63","45","23","103","464","187","C0009398"
"2316","2","5","7","53","51","342","454","573","702","C0009398"
"4921","2","5","7","53","14","20","25","573","186","C0009398"
"22995","2","3","12","76","153","40","38","54","75","C0009398"
"2239","2","3","2","74","51","342","454","573","492","C0009398"
"2033","2","3","12","19","31","1","91","433","118","C0009398"
"2067","2","3","12","19","31","261","116","1","86","C0009398"
"930","2","5","7","53","14","119","25","40","186","C0009398"
"7169","2","5","8","63","45","23","103","464","187","C0009398"
"3000","2","5","4","68","96","326","427","548","672","C0009398"
"23767","2","5","7","53","14","20","25","40","186","C0009398"
"6201","2","3","2","110","85","237","433","547","671","C0009398"
"7297","2","5","7","53","184","119","25","40","186","C0009405"
"2571","2","3","2","67","142","71","152","197","219","C0009405"
"974","2","5","7","53","51","119","395","549","674","C0009405"
"2200","2","5","7","53","51","342","454","573","492","C0009405"
"158","2","3","4","96","177","61","373","341","142","C0009405"
"6535","2","5","8","45","94","199","240","415","666","C0009405"
"23522","2","3","12","19","31","1","426","55","78","C0009405"
"3123","2","5","7","53","51","119","156","287","116","C0009405"
"7351","2","3","2","20","29","98","123","166","221","C0009447"
"4010","2","3","3","19","221","321","428","541","667","C0009447"
"7879","2","5","7","34","54","24","30","46","72","C0009447"
"3284","2","3","2","69","98","169","299","183","243","C0009447"
"37","2","3","2","110","105","178","226","297","380","C0009447"
"5889","2","3","12","19","31","261","116","1","86","C0009447"
"1021","2","3","12","19","31","1","426","55","78","C0009447"
"28982","2","3","5","25","44","165","101","274","358","C0009447"
"4724","2","3","2","48","170","50","119","444","556","C0009447"
"10046","2","3","12","19","31","143","428","236","667","C0009447"
"5015","2","3","3","19","221","321","428","541","667","C0009447"
"5908","2","5","7","34","52","216","30","46","72","C0009451"
"2243","2","5","7","53","51","342","454","573","492","C0009451"
"55630","2","3","5","27","81","99","162","216","290","C0009451"
"6929","2","3","12","19","31","1","426","55","78","C0009451"
"25942","2","3","12","19","31","1","426","55","78","C0009451"
"2303","2","5","3","19","221","321","428","541","667","C0009451"
"3569","2","5","7","53","51","342","454","573","416","C0009451"
"50964","2","5","3","68","221","197","259","423","422","C0009451"
"2895","2","5","4","68","36","71","427","223","219","C0009676"
"3172","2","3","3","19","151","276","91","433","118","C0009676"
"8799","2","3","5","43","161","305","409","208","482","C0009676"
"2316","2","5","7","53","51","342","454","573","702","C0009676"
"2488","2","5","4","68","96","326","427","548","672","C0009676"
"6638","2","3","2","22","33","323","66","101","136","C0009676"
"841","2","3","12","41","219","339","156","568","697","C0009676"
"9640","2","3","12","19","31","261","116","159","211","C0009676"
"11277","2","3","12","19","31","261","116","1","86","C0009676"
"2239","2","3","2","74","51","342","454","573","492","C0009676"
"7046","2","3","12","41","219","339","259","423","605","C0009676"
"547","2","3","7","76","153","40","38","54","75","C0009676"
"2588","2","3","7","34","52","216","395","549","674","C0009676"
"55131","2","3","2","110","85","237","433","547","671","C0009676"
"6281","2","5","7","34","52","216","395","572","327","C0009676"
"5604","2","5","7","53","14","20","34","540","68","C0009676"
"54","2","3","5","80","81","178","195","256","342","C0009676"
"2188","2","3","12","19","31","261","116","1","86","C0009676"
"3060","2","5","4","68","96","326","427","548","672","C0009676"
"1959","2","3","3","19","151","276","91","433","118","C0009676"
"4843","2","3","5","43","161","305","409","489","416","C0009676"
"348","2","5","7","53","51","342","454","573","492","C0009676"
"847","2","3","7","34","52","216","395","549","674","C0009681"
"6910","2","3","12","19","51","335","444","560","373","C0009681"
"2488","2","5","4","68","96","326","427","548","672","C0009681"
"3265","2","5","7","60","54","24","30","46","72","C0009681"
"4893","2","5","7","34","52","24","30","46","72","C0009714"
"274","2","5","7","60","14","184","341","544","669","C0009714"
"2720","2","3","7","34","52","216","395","21","599","C0009714"
"6648","2","3","2","95","151","160","378","173","229","C0009714"
"3458","2","5","7","53","184","119","156","287","116","C0009714"
"2896","2","5","7","34","52","216","395","549","674","C0009714"
"1401","2","5","7","53","51","119","395","573","492","C0009714"
"1616","2","3","12","19","31","1","426","55","316","C0009714"
"21","2","3","5","47","144","185","238","310","272","C0009714"
"1280","2","5","7","53","51","342","454","573","492","C0009782"
"4221","2","3","12","19","31","342","454","573","492","C0009782"
"2121","2","3","12","41","116","268","434","568","605","C0009952"
"2677","2","5","7","53","51","342","454","573","492","C0009952"
"7737","2","3","12","22","33","268","434","468","213","C0009952"
"55315","2","3","5","80","81","296","62","94","150","C0009952"
"2261","2","5","7","53","14","20","25","40","186","C0009952"
"6888","2","3","2","90","167","266","367","500","577","C0009952"
"26281","2","5","7","53","14","20","25","40","186","C0009952"
"1356","2","3","7","53","51","342","454","573","492","C0009952"
"5396","2","3","3","19","221","321","428","541","667","C0009952"
"6299","2","3","12","19","221","321","428","541","667","C0009952"
"3321","2","5","7","53","51","119","395","549","674","C0009952"
"1294","2","5","7","53","51","342","454","573","492","C0009952"
"54919","2","3","2","41","96","279","304","370","257","C0009952"
"7291","2","3","12","19","151","276","91","489","416","C0009952"
"6103","2","3","12","76","153","40","38","54","75","C0010034"
"2175","2","3","12","19","31","261","116","1","86","C0010034"
"5293","2","3","7","53","14","20","25","40","186","C0010034"
"2068","2","3","12","19","31","261","116","159","211","C0010036"
"10269","2","3","2","48","182","50","119","444","556","C0010036"
"2710","2","3","2","72","43","179","88","125","382","C0010036"
"4041","2","5","3","68","221","197","259","560","422","C0010036"
"1736","2","3","2","110","85","237","433","547","671","C0010036"
"4613","2","3","12","19","31","1","426","55","78","C0010036"
"54790","2","3","12","19","31","1","426","55","78","C0010036"
"6833","2","5","8","45","36","166","240","415","666","C0010036"
"6440","2","5","5","68","96","185","238","310","272","C0010036"
"5741","2","5","4","68","96","326","427","548","672","C0010036"
"7979","2","3","12","41","116","268","434","468","605","C0010036"
"3991","2","3","5","80","81","166","57","83","658","C0010036"
"3110","2","3","3","19","221","321","428","541","667","C0010036"
"3954","2","3","2","48","170","67","119","444","593","C0010043"
"2254","2","5","7","53","14","20","25","40","186","C0010043"
"9569","2","3","12","19","31","276","91","433","118","C0010043"
"847","2","3","7","34","52","216","395","549","674","C0010043"
"4538","2","3","2","48","170","50","119","444","556","C0010043"
"3265","2","5","7","60","54","24","30","46","72","C0010043"
"4038","2","5","7","53","51","342","454","573","492","C0010043"
"9321","2","3","12","76","153","40","38","54","203","C0010043"
"9361","2","3","2","48","170","50","119","444","556","C0010043"
"10913","2","3","12","41","219","339","156","568","697","C0010043"
"3239","2","3","3","19","221","321","428","541","667","C0010043"
"5069","2","5","7","53","51","342","454","573","492","C0010043"
"51259","2","3","2","76","153","40","38","54","75","C0010043"
"673","2","5","7","53","14","20","34","540","68","C0010043"
"169792","2","3","12","19","116","330","214","454","144","C0010043"
"23141","2","3","12","76","105","40","226","489","435","C0010051"
"5745","2","5","4","68","96","326","427","548","672","C0010051"
"51360","2","3","3","26","35","276","91","433","203","C0010051"
"6125","2","3","2","110","85","237","433","547","671","C0010054"
"7015","2","3","12","19","31","1","426","55","78","C0010054"
"55612","2","5","7","60","36","71","177","560","701","C0010054"
"7048","2","5","7","53","51","342","259","423","389","C0010054"
"8924","2","3","12","41","116","268","434","468","213","C0010054"
"2950","2","5","7","34","52","216","395","549","674","C0010054"
"5566","2","3","12","76","14","20","34","540","75","C0010068"
"4000","2","3","12","26","105","178","226","297","156","C0010068"
"429","2","3","3","19","221","321","428","541","667","C0010068"
"3313","2","3","2","48","170","50","304","167","593","C0010068"
"5604","2","5","7","53","14","20","34","540","68","C0010068"
"3730","2","5","7","53","14","20","25","40","186","C0010068"
"4256","2","5","7","53","51","342","454","573","492","C0010068"
"526","2","3","5","29","88","132","172","199","308","C0010068"
"5447","2","3","5","91","214","271","372","471","586","C0010068"
"25782","2","5","7","60","54","24","30","46","72","C0010068"
"1062","2","3","12","76","153","40","38","54","75","C0010068"
"9414","2","5","7","42","36","71","177","223","219","C0010068"
"5925","2","3","12","19","31","1","426","55","78","C0010068"
"3032","2","3","2","48","57","38","347","12","145","C0010068"
"2717","2","3","7","34","52","216","395","549","674","C0010068"
"6638","2","3","2","22","33","323","66","101","136","C0010068"
"3953","2","5","7","53","14","20","25","40","186","C0010072"
"8600","2","5","7","41","219","339","156","568","697","C0010072"
"1278","2","5","7","53","51","342","454","573","492","C0010073"
"3663","2","3","12","53","184","119","156","287","116","C0010073"
"1019","2","3","12","19","31","1","116","1","86","C0010073"
"5071","2","3","12","41","116","268","434","468","213","C0010200"
"6888","2","3","2","90","167","266","367","500","577","C0010200"
"3690","2","5","7","53","51","342","454","573","492","C0010200"
"2645","2","3","2","90","167","266","367","101","664","C0010200"
"8600","2","5","7","41","219","339","156","568","697","C0010200"
"3105","2","5","7","53","51","119","156","287","116","C0010200"
"1411","2","3","6","63","45","160","362","177","673","C0010200"
"26227","2","3","2","41","137","44","208","81","108","C0010200"
"1663","2","3","12","76","105","178","226","297","380","C0010200"
"10165","2","3","2","48","170","50","304","167","593","C0010200"
"2658","2","5","7","53","51","342","259","423","389","C0010200"
"2218","2","5","2","53","123","194","255","560","373","C0010200"
"2705","2","3","12","76","153","40","38","54","75","C0010200"
"3052","2","3","2","48","170","50","119","444","556","C0010200"
"55704","2","3","12","76","153","40","38","54","75","C0010200"
"9401","2","3","12","76","31","261","116","1","86","C0010200"
"5573","2","3","12","19","184","118","155","287","116","C0010200"
"54209","2","5","7","53","51","119","395","549","674","C0010200"
"23347","2","3","12","41","116","268","434","468","213","C0010200"
"1312","2","3","2","87","79","105","426","129","25","C0010200"
"864","2","3","12","19","31","276","91","236","605","C0010200"
"3763","2","5","8","63","36","166","106","110","158","C0010200"
"429","2","3","3","19","221","321","428","541","667","C0010200"
"1380","2","5","7","53","51","119","395","549","674","C0010200"
"5189","2","3","5","43","161","305","409","208","482","C0010200"
"200879","2","3","5","116","183","295","398","552","622","C0010246"
"2702","2","3","12","76","153","40","38","54","75","C0010246"
"1032","2","3","12","19","31","1","426","55","78","C0010246"
"55699","2","3","2","110","85","67","76","252","154","C0010246"
"1586","2","3","5","79","98","256","335","425","540","C0010276"
"421","2","5","7","42","51","335","444","560","373","C0010276"
"778","2","5","8","63","36","166","341","223","158","C0010276"
"7068","2","3","3","19","151","276","91","433","118","C0010308"
"1583","2","3","5","79","152","273","375","100","589","C0010308"
"9723","2","5","7","53","51","342","79","560","373","C0010308"
"2022","2","5","7","53","51","342","259","423","389","C0010308"
"5130","2","3","2","85","143","286","51","488","102","C0010308"
"7476","2","5","3","68","221","197","259","560","422","C0010308"
"7295","2","3","2","48","57","110","141","359","229","C0010308"
"79574","2","5","7","60","14","20","25","40","215","C0010308"
"1280","2","5","7","53","51","342","454","573","492","C0010308"
"3425","2","3","5","80","81","166","454","573","492","C0010308"
"3981","2","3","12","19","31","261","116","1","86","C0010308"
"7227","2","3","12","19","31","276","91","433","118","C0010308"
"1281","2","5","7","53","51","342","454","573","492","C0010308"
"6949","2","3","2","110","85","237","164","390","311","C0010308"
"7048","2","5","7","53","51","342","259","423","389","C0010314"
"1001","2","5","7","53","51","335","444","560","373","C0010314"
"5354","2","5","7","27","36","150","341","223","628","C0010314"
"7555","2","3","2","110","85","237","433","547","671","C0010324"
"2073","2","3","12","19","31","261","116","1","86","C0010324"
"6392","2","3","2","48","170","50","119","444","556","C0010481"
"4715","2","3","2","48","170","50","119","444","556","C0010481"
"26278","2","3","12","41","116","268","347","271","356","C0010481"
"6638","2","3","2","22","33","323","66","101","136","C0010495"
"845","2","5","8","63","45","23","34","464","187","C0010495"
"9927","2","3","12","19","31","118","155","287","116","C0010495"
"84976","2","3","12","19","124","238","428","236","667","C0010495"
"4514","2","3","2","48","57","110","141","359","5","C0010495"
"861","2","3","12","19","31","1","426","55","78","C0010495"
"8260","2","3","12","41","85","266","76","287","78","C0010495"
"1889","2","5","4","68","96","326","427","548","672","C0010495"
"84153","2","3","12","76","153","40","38","54","75","C0010495"
"2697","2","3","7","76","153","40","38","54","75","C0010495"
"885","2","5","4","68","96","326","427","548","672","C0010495"
"8924","2","3","12","41","116","268","434","468","213","C0010495"
"4041","2","5","3","68","221","197","259","560","422","C0010495"
"6532","2","5","8","45","94","199","240","415","666","C0010495"
"5194","2","3","5","43","161","305","409","208","482","C0010495"
"658","2","5","7","53","51","342","259","423","389","C0010495"
"8314","2","3","12","41","31","1","426","55","78","C0010495"
"730","2","5","7","53","51","119","395","549","674","C0010495"
"6016","2","5","7","60","54","24","30","46","72","C0010495"
"4041","2","5","3","68","221","197","259","560","422","C0010495"
"2626","2","3","12","19","31","118","155","287","116","C0010495"
"55605","2","3","12","76","153","40","38","54","75","C0010495"
"5076","2","3","3","19","221","321","428","541","667","C0010495"
"7048","2","5","7","53","51","342","259","423","389","C0010495"
"51067","2","3","2","110","85","67","76","252","154","C0010520"
"9652","2","3","2","110","85","237","433","547","671","C0010520"
"2218","2","5","2","53","123","194","255","560","373","C0010520"
"2296","2","3","3","19","221","321","428","541","667","C0010520"
"1420","2","3","6","63","45","160","362","177","673","C0010520"
"5277","2","3","2","61","77","142","176","235","317","C0010520"
"3426","2","5","7","53","51","119","395","549","674","C0010520"
"4998","2","3","12","76","31","261","116","1","86","C0010520"
"5328","2","5","7","34","52","216","395","549","674","C0010520"
"7879","2","5","7","34","54","24","30","46","72","C0010520"
"23363","2","3","12","41","116","268","434","468","213","C0010520"
"4854","2","5","7","53","51","143","428","236","667","C0010520"
"1297","2","5","7","53","51","342","454","573","492","C0010520"
"5119","2","3","2","48","57","110","141","359","462","C0010520"
"2184","2","3","5","76","153","138","236","332","407","C0010520"
"715","2","5","7","53","51","119","395","549","674","C0010520"
"7051","2","1","6","11","142","225","142","220","298","C0010520"
"29887","2","3","7","60","18","110","141","198","270","C0010674"
"440","2","3","2","101","62","189","182","509","154","C0010674"
"4763","2","5","7","60","54","24","30","46","214","C0010674"
"9652","2","3","2","110","85","237","433","547","671","C0010674"
"54487","2","3","2","22","33","323","66","101","136","C0010674"
"7066","2","5","7","53","51","119","25","573","416","C0010674"
"51715","2","5","7","60","54","24","30","46","72","C0010674"
"1233","2","5","4","68","96","326","427","548","672","C0010674"
"2121","2","3","12","41","116","268","434","568","605","C0010674"
"2138","2","3","12","19","31","1","426","55","78","C0010691"
"54386","2","3","12","19","31","261","116","1","78","C0010691"
"10280","2","3","2","110","85","52","57","86","119","C0010691"
"1027","2","3","12","19","31","1","116","1","86","C0010691"
"5468","2","3","3","19","151","276","91","433","118","C0010692"
"6387","2","5","4","68","96","326","427","548","672","C0010692"
"1072","2","5","7","53","45","342","454","572","702","C0010692"
"4004","2","3","12","19","31","1","426","55","78","C0010692"
"6813","2","5","7","53","51","342","454","573","702","C0010701"
"3032","2","3","2","48","57","38","347","12","145","C0010701"
"4200","2","3","2","67","92","293","55","75","311","C0010701"
"6335","2","5","8","63","36","166","341","390","158","C0010701"
"2316","2","5","7","53","51","342","454","573","702","C0010701"
"9095","2","5","7","53","51","335","444","560","373","C0010930"
"4854","2","5","7","53","51","143","428","236","667","C0010930"
"7428","2","3","12","41","116","268","434","468","213","C0010930"
"9049","2","3","3","41","151","276","378","271","356","C0010930"
"2261","2","5","7","53","14","20","25","40","186","C0010964"
"1186","2","5","8","63","45","23","34","464","187","C0010964"
"7249","2","3","7","60","57","110","141","359","462","C0010964"
"1528","2","3","5","91","214","271","372","471","586","C0010964"
"1889","2","5","4","68","96","326","427","548","672","C0010964"
"207","2","3","7","53","14","20","34","489","416","C0010964"
"1292","2","5","7","53","51","342","454","573","492","C0010964"
"5728","2","3","5","80","81","339","156","568","605","C0010964"
"2248","2","5","7","53","14","20","25","40","186","C0010964"
"10978","2","3","2","22","33","323","66","101","136","C0010964"
"1909","2","5","4","68","96","326","427","548","672","C0010964"
"1029","2","3","12","19","31","1","116","1","664","C0010964"
"3553","2","5","7","53","51","119","25","489","416","C0010964"
"1302","2","5","7","53","51","342","454","573","492","C0010964"
"9210","2","5","7","53","51","342","454","573","492","C0010964"
"11277","2","3","12","19","31","261","116","1","86","C0010964"
"8924","2","3","12","41","116","268","434","468","213","C0010964"
"6905","2","3","12","76","153","40","38","54","75","C0010964"
"50717","2","3","12","41","116","268","434","468","213","C0010964"
"7225","2","5","8","63","45","193","306","390","158","C0010964"
"1356","2","3","7","53","51","342","454","573","492","C0010964"
"7840","2","3","12","76","153","40","38","54","75","C0010964"
"51259","2","3","2","76","153","40","38","54","75","C0010964"
"2629","2","3","5","80","81","250","291","152","420","C0010964"
"2395","2","3","2","48","170","50","304","167","593","C0010964"
"11127","2","3","12","76","153","40","38","54","75","C0010964"
"673","2","5","7","53","14","20","34","540","68","C0010964"
"9860","2","5","7","53","219","184","156","568","697","C0010964"
"9049","2","3","3","41","151","276","378","271","356","C0010964"
"112476","2","3","2","48","170","50","119","444","556","C0010964"
"10262","2","3","2","22","33","323","66","101","136","C0011071"
"5979","2","5","7","53","14","20","25","40","186","C0011071"
"1184","2","5","8","63","45","23","34","464","187","C0011071"
"567","2","5","7","34","52","119","395","549","674","C0011071"
"207","2","3","7","53","14","20","34","489","416","C0011071"
"55851","2","5","7","53","14","143","428","236","667","C0011071"
"27249","2","3","2","48","182","50","119","186","245","C0011071"
"5293","2","3","7","53","14","20","25","40","186","C0011071"
"5770","2","5","7","53","14","20","25","40","186","C0011071"
"54714","2","5","8","63","36","166","106","110","158","C0011071"
"11005","2","1","6","11","142","225","142","220","298","C0011071"
"50809","2","3","2","110","85","237","433","547","311","C0011071"
"5290","2","3","7","53","14","20","25","40","186","C0011071"
"1536","2","5","7","34","52","216","395","549","674","C0011071"
"8085","2","3","12","19","31","1","426","55","78","C0011071"
"8481","2","3","12","76","153","40","38","54","75","C0011071"
"10371","2","5","7","53","51","342","79","560","373","C0011071"
"2934","2","5","7","34","52","216","395","549","674","C0011195"
"5894","2","5","7","60","54","23","34","464","187","C0011195"
"1131","2","5","4","68","96","326","427","548","672","C0011195"
"4221","2","3","12","19","31","342","454","573","492","C0011195"
"54903","2","3","12","76","153","40","38","54","75","C0011195"
"55729","2","3","12","19","31","1","426","55","78","C0011206"
"23545","2","3","5","29","88","132","85","222","346","C0011206"
"2717","2","3","7","34","52","216","395","549","674","C0011206"
"6687","2","3","2","48","170","50","119","444","593","C0011206"
"7428","2","3","12","41","116","268","434","468","213","C0011206"
"54938","2","3","2","110","85","67","76","252","154","C0011206"
"25942","2","3","12","19","31","1","426","55","78","C0011206"
"7018","2","5","7","53","51","342","454","573","669","C0011206"
"9401","2","3","12","76","31","261","116","1","86","C0011206"
"54463","2","3","2","48","57","110","141","359","462","C0011206"
"351","2","5","4","68","96","326","188","145","193","C0011253"
"6910","2","3","12","19","51","335","444","560","373","C0011253"
"132","2","3","2","110","85","237","433","80","394","C0011253"
"843","2","3","12","41","219","339","156","568","697","C0011253"
"213","2","5","7","53","51","342","454","573","492","C0011253"
"5160","2","3","2","67","92","293","55","75","311","C0011253"
"19","2","3","3","19","151","276","91","433","118","C0011253"
"6323","2","5","8","63","36","166","341","390","158","C0011253"
"411","2","3","7","34","52","216","395","549","674","C0011253"
"5244","2","3","3","41","151","276","91","433","118","C0011253"
"5830","2","3","5","43","161","305","409","208","482","C0011253"
"6103","2","3","12","76","153","40","38","54","75","C0011303"
"4621","2","5","8","63","45","23","103","464","187","C0011303"
"6607","2","3","2","22","33","323","66","101","664","C0011303"
"1277","2","5","7","53","51","342","454","573","492","C0011303"
"60","2","3","12","60","45","184","155","287","78","C0011303"
"4593","2","5","7","53","14","20","454","573","492","C0011303"
"3763","2","5","8","63","36","166","106","110","158","C0011303"
"1289","2","5","7","53","51","342","454","573","492","C0011436"
"5351","2","5","7","53","51","342","454","573","492","C0011436"
"57282","2","3","2","45","94","199","240","415","666","C0011436"
"6662","2","3","3","19","221","321","428","541","667","C0011436"
"1281","2","5","7","53","51","342","454","573","492","C0011436"
"2263","2","5","7","53","14","20","25","40","186","C0011573"
"26040","2","3","12","19","31","1","116","297","78","C0011573"
"2673","2","3","2","110","94","178","226","297","380","C0011573"
"7227","2","3","12","19","31","276","91","433","118","C0011573"
"6866","2","5","4","68","96","326","427","548","672","C0011573"
"5184","2","3","5","80","81","166","52","105","349","C0011603"
"11234","2","3","5","60","18","184","341","544","669","C0011603"
"7020","2","3","12","19","31","276","91","433","664","C0011603"
"50814","2","3","2","69","221","73","360","86","119","C0011603"
"401","2","3","3","19","221","321","428","541","667","C0011603"
"5351","2","5","7","53","51","342","454","573","492","C0011603"
"1910","2","5","4","68","96","326","427","548","672","C0011603"
"3977","2","5","7","53","51","119","25","40","416","C0011603"
"6305","2","5","7","60","54","24","30","46","72","C0011606"
"2567","2","5","8","27","70","99","162","216","290","C0011606"
"2200","2","5","7","53","51","342","454","573","492","C0011606"
"1406","2","3","3","19","221","321","428","541","667","C0011606"
"50485","2","3","12","19","31","261","116","1","86","C0011606"
"5428","2","3","2","48","170","50","119","167","593","C0011606"
"2022","2","5","7","53","51","342","259","423","389","C0011606"
"5144","2","3","4","68","96","326","427","548","672","C0011606"
"861","2","3","12","19","31","1","426","55","78","C0011606"
"860","2","3","12","19","31","276","91","433","118","C0011606"
"1056","2","3","5","98","194","309","415","524","645","C0011606"
"5116","2","3","12","76","153","40","38","54","75","C0011606"
"7486","2","3","12","19","31","261","116","1","86","C0011606"
"23479","2","3","2","48","170","50","119","100","556","C0011606"
"4838","2","5","3","53","221","321","259","423","389","C0011606"
"3981","2","3","12","19","31","261","116","1","86","C0011606"
"9361","2","3","2","48","170","50","119","444","556","C0011606"
"2067","2","3","12","19","31","261","116","1","86","C0011606"
"1828","2","5","7","34","52","216","142","220","298","C0011606"
"2664","2","5","7","60","54","24","30","46","72","C0011606"
"51314","2","3","2","76","153","178","378","54","229","C0011606"
"8626","2","3","3","19","221","321","428","541","667","C0011606"
"6499","2","3","2","110","85","237","433","547","671","C0011606"
"1663","2","3","12","76","105","178","226","297","380","C0011606"
"4921","2","5","7","53","14","20","25","573","186","C0011609"
"9361","2","3","2","48","170","50","119","444","556","C0011609"
"55636","2","3","3","19","221","321","428","423","389","C0011609"
"7295","2","3","2","48","57","110","141","359","229","C0011609"
"7468","2","3","12","19","31","1","426","55","78","C0011609"
"23522","2","3","12","19","31","1","426","55","78","C0011609"
"4882","2","3","4","68","96","326","427","548","672","C0011609"
"6736","2","3","12","19","31","276","91","433","667","C0011609"
"9968","2","4","3","24","119","330","214","454","144","C0011609"
"9775","2","3","2","22","33","323","66","101","136","C0011609"
"4297","2","3","12","19","31","1","426","55","78","C0011609"
"627","2","5","7","53","51","335","444","423","373","C0011609"
"57055","2","3","2","22","33","323","66","101","136","C0011609"
"1278","2","5","7","53","51","342","454","573","492","C0011609"
"3758","2","5","8","63","36","166","106","110","158","C0011609"
"7048","2","5","7","53","51","342","259","423","389","C0011609"
"4694","2","3","2","48","170","50","119","444","556","C0011609"
"3106","2","5","7","34","52","119","395","549","674","C0011609"
"596","2","3","12","19","219","339","402","489","416","C0011633"
"7140","2","5","8","63","45","23","103","464","187","C0011633"
"2261","2","5","7","53","14","20","25","40","186","C0011633"
"2697","2","3","7","76","153","40","38","54","75","C0011633"
"1536","2","5","7","34","52","216","395","549","674","C0011633"
"3257","2","5","7","60","54","24","30","46","72","C0011633"
"57096","2","3","12","76","153","40","38","54","75","C0011644"
"6892","2","3","12","41","116","119","156","568","116","C0011644"
"1147","2","3","12","41","219","339","156","568","697","C0011644"
"5728","2","3","5","80","81","339","156","568","605","C0011644"
"1896","2","5","12","41","219","339","156","568","697","C0011644"
"1462","2","5","7","53","51","342","454","573","492","C0011644"
"788","2","3","2","45","151","199","240","415","666","C0011644"
"6662","2","3","3","19","221","321","428","541","667","C0011813"
"6391","2","3","2","48","170","50","119","444","556","C0011813"
"5116","2","3","12","76","153","40","38","54","75","C0011813"
"5657","2","5","7","34","52","216","395","549","674","C0011818"
"5781","2","5","7","53","14","20","25","40","186","C0011818"
"2177","2","3","2","110","90","261","431","545","443","C0011818"
"1137","2","5","8","27","70","99","162","216","290","C0011848"
"8626","2","3","3","19","221","321","428","541","667","C0011848"
"4089","2","3","12","19","219","339","259","423","605","C0011848"
"7473","2","5","3","68","221","197","259","560","422","C0011848"
"5468","2","3","3","19","151","276","91","433","118","C0011848"
"3236","2","3","3","19","221","321","428","541","667","C0011848"
"2260","2","5","7","53","14","20","25","40","186","C0011848"
"1896","2","5","12","41","219","339","156","568","697","C0011848"
"2562","2","5","8","27","70","99","162","216","290","C0011848"
"6392","2","3","2","48","170","50","119","444","556","C0011848"
"7518","2","3","12","19","31","261","116","1","86","C0011859"
"843","2","3","12","41","219","339","156","568","697","C0011859"
"23545","2","3","5","29","88","132","85","222","346","C0011859"
"5468","2","3","3","19","151","276","91","433","118","C0011859"
"4000","2","3","12","26","105","178","226","297","156","C0011859"
"4855","2","5","7","53","51","143","428","236","667","C0011875"
"5740","2","3","5","91","175","279","167","224","301","C0011875"
"4627","2","5","7","63","45","184","103","572","658","C0011875"
"1289","2","5","7","53","51","342","454","573","492","C0011875"
"6469","2","5","3","53","221","197","259","560","422","C0011875"
"1311","2","5","7","53","51","342","454","573","492","C0011875"
"3248","2","3","2","69","83","133","167","224","301","C0011875"
"207","2","3","7","53","14","20","34","489","416","C0011875"
"54790","2","3","12","19","31","1","426","55","78","C0011875"
"950","2","5","7","60","14","184","341","544","669","C0011875"
"2492","2","5","4","68","96","326","427","548","672","C0011875"
"4137","2","3","7","27","36","150","341","223","628","C0011875"
"472","2","3","12","19","31","261","116","1","86","C0011875"
"6790","2","3","12","76","153","40","34","540","68","C0011875"
"8481","2","3","12","76","153","40","38","54","75","C0011875"
"53904","2","5","7","53","14","20","34","540","68","C0011875"
"6648","2","3","2","95","151","160","378","173","229","C0011880"
"11186","2","5","7","60","54","24","30","46","72","C0011880"
"2562","2","5","8","27","70","99","162","216","290","C0011882"
"6595","2","3","12","19","31","1","426","55","78","C0011882"
"1855","2","5","12","76","153","197","259","560","422","C0011882"
"23533","2","3","2","53","14","20","25","362","468","C0011882"
"7507","2","3","12","19","31","261","116","1","86","C0011882"
"3516","2","3","12","19","31","143","428","236","667","C0011882"
"440275","2","3","2","110","85","237","433","547","671","C0011882"
"2629","2","3","5","80","81","250","291","152","420","C0011882"
"9368","2","5","7","42","36","71","177","223","219","C0011882"
"1954","2","5","7","53","51","342","454","573","492","C0011882"
"26281","2","5","7","53","14","20","25","40","186","C0011882"
"2896","2","5","7","34","52","216","395","549","674","C0011882"
"4313","2","5","7","53","51","342","454","573","492","C0011882"
"23534","2","3","2","22","33","323","66","101","136","C0011882"
"4669","2","3","5","80","81","166","454","453","492","C0011884"
"6870","2","5","4","68","96","326","427","548","672","C0011884"
"51592","2","3","12","19","31","1","259","423","389","C0011884"
"1824","2","1","6","11","142","225","142","220","298","C0011884"
"10269","2","3","2","48","182","50","119","444","556","C0011884"
"5213","2","3","2","90","167","266","367","500","577","C0011884"
"673","2","5","7","53","14","20","34","540","68","C0011884"
"5625","2","3","2","101","103","177","225","271","356","C0011884"
"959","2","5","7","53","51","119","395","549","674","C0011884"
"9060","2","3","2","68","18","63","69","102","143","C0011884"
"1139","2","5","8","27","70","99","162","216","290","C0011884"
"2182","2","3","2","67","92","265","284","147","235","C0011981"
"10815","2","5","7","60","36","71","341","223","666","C0011981"
"7915","2","3","5","87","39","74","191","250","285","C0011981"
"4750","2","5","12","76","14","20","34","540","68","C0011981"
"1586","2","3","5","79","98","256","335","425","540","C0011989"
"5009","2","3","2","48","97","50","304","167","593","C0011989"
"1947","2","5","7","53","51","20","25","560","373","C0011989"
"5727","2","3","12","68","221","197","259","560","422","C0011989"
"22796","2","5","7","60","153","40","38","66","203","C0011989"
"4284","2","3","5","80","81","166","397","374","486","C0011993"
"5961","2","5","7","27","51","326","126","414","702","C0011993"
"5155","2","5","7","53","51","342","454","573","186","C0011993"
"667","2","5","7","53","51","342","454","573","492","C0011998"
"1832","2","5","7","34","52","225","142","220","298","C0011998"
"55636","2","3","3","19","221","321","428","423","389","C0011998"
"3759","2","5","8","63","36","166","106","110","158","C0011998"
"7443","2","3","12","19","31","261","34","540","68","C0012236"
"10084","2","3","2","22","33","323","66","101","136","C0012236"
"81620","2","3","12","76","31","261","116","1","86","C0012236"
"2138","2","3","12","19","31","1","426","55","78","C0012236"
"81693","2","5","7","48","51","105","139","186","245","C0012236"
"3172","2","3","3","19","151","276","91","433","118","C0012236"
"55612","2","5","7","60","36","71","177","560","701","C0012236"
"5167","2","3","5","32","93","163","207","303","126","C0012236"
"443","2","3","5","80","81","189","182","509","409","C0012236"
"673","2","5","7","53","14","20","34","540","68","C0012236"
"9896","2","3","5","80","81","296","399","201","274","C0012236"
"5077","2","3","3","19","221","321","428","541","667","C0012243"
"1294","2","5","7","53","51","342","454","573","492","C0012243"
"8322","2","5","3","68","221","184","259","544","669","C0012569"
"5979","2","5","7","53","14","20","25","40","186","C0012569"
"1437","2","5","7","53","14","20","25","40","186","C0012569"
"51098","2","3","12","76","153","40","38","54","75","C0012569"
"51128","2","5","7","60","153","24","38","46","72","C0012569"
"2623","2","3","12","19","31","1","155","287","116","C0012569"
"25970","2","5","7","53","14","20","25","40","116","C0012569"
"3785","2","5","8","63","36","166","106","110","158","C0012569"
"2717","2","3","7","34","52","216","395","549","674","C0012715"
"10008","2","5","8","63","36","166","341","223","158","C0012715"
"5159","2","5","7","53","14","20","25","40","186","C0012715"
"860","2","3","12","19","31","276","91","433","118","C0012715"
"355","2","3","7","41","219","339","156","568","697","C0012715"
"51010","2","3","2","110","85","237","433","547","671","C0012739"
"4867","2","5","7","76","153","40","38","54","75","C0012739"
"11186","2","5","7","60","54","24","30","46","72","C0012739"
"1027","2","3","12","19","31","1","116","1","86","C0012739"
"10749","2","3","7","76","153","40","38","54","75","C0012739"
"2717","2","3","7","34","52","216","395","549","674","C0012739"
"5428","2","3","2","48","170","50","119","167","593","C0012739"
"1352","2","3","2","48","170","50","119","444","556","C0012739"
"5663","2","5","7","34","52","216","395","549","667","C0012739"
"5277","2","3","2","61","77","142","176","235","317","C0012811"
"10436","2","3","2","110","85","237","433","547","671","C0012811"
"1836","2","3","2","35","41","94","260","330","375","C0012811"
"1499","2","3","12","19","221","197","259","560","422","C0012811"
"5449","2","3","3","19","221","321","428","541","667","C0012811"
"4148","2","5","7","53","51","342","454","573","492","C0012811"
"324","2","3","12","41","219","197","70","255","422","C0012811"
"9321","2","3","12","76","153","40","38","54","203","C0012811"
"55215","2","3","12","76","31","261","116","1","86","C0012811"
"2556","2","5","8","27","70","99","162","216","290","C0012811"
"50640","2","3","5","116","183","295","398","243","327","C0012811"
"10585","2","5","2","27","206","324","430","215","290","C0012811"
"5993","2","3","12","19","31","1","426","55","78","C0012811"
"3209","2","3","3","19","221","321","428","541","667","C0012811"
"4512","2","3","2","48","170","110","141","359","8","C0012811"
"10743","2","3","3","19","151","276","91","433","118","C0012819"
"2517","2","3","7","34","52","216","395","549","674","C0012819"
"10290","2","5","7","53","14","20","34","540","68","C0012819"
"5495","2","3","12","41","219","339","347","287","664","C0012819"
"1029","2","3","12","19","31","1","116","1","664","C0012819"
"778","2","5","8","63","36","166","341","223","158","C0012819"
"4000","2","3","12","26","105","178","226","297","156","C0012819"
"5159","2","5","7","53","14","20","25","40","186","C0012819"
"846","2","5","4","68","96","326","427","548","672","C0012819"
"1911","2","3","12","19","31","1","426","55","78","C0012819"
"51151","2","3","5","23","18","138","250","332","407","C0012819"
"4645","2","3","4","67","92","293","55","75","311","C0012819"
"6223","2","3","2","110","85","237","433","547","671","C0012819"
"3643","2","5","7","53","14","20","25","40","186","C0012819"
"10842","2","3","12","76","153","40","38","472","435","C0012819"
"973","2","5","7","53","14","20","25","40","186","C0012833"
"23431","2","5","7","60","18","184","341","544","669","C0012833"
"2200","2","5","7","53","51","342","454","573","492","C0012833"
"3861","2","1","6","11","142","225","142","220","298","C0012833"
"2153","2","5","7","53","51","342","454","573","492","C0012833"
"538","2","3","8","63","45","23","103","464","187","C0012833"
"429","2","3","3","19","221","321","428","541","667","C0012833"
"23274","2","5","7","53","51","119","395","549","674","C0012833"
"2629","2","3","5","80","81","250","291","152","420","C0012833"
"2697","2","3","7","76","153","40","38","54","75","C0012833"
"9409","2","3","5","43","161","305","409","208","482","C0012833"
"7015","2","3","12","19","31","1","426","55","78","C0012833"
"8600","2","5","7","41","219","339","156","568","697","C0012833"
"478","2","3","8","63","45","23","366","464","187","C0012833"
"54756","2","5","7","41","219","238","118","543","214","C0012833"
"1583","2","3","5","79","152","273","375","100","589","C0012833"
"2911","2","5","4","68","96","326","427","548","672","C0012833"
"1355","2","3","2","48","170","50","119","444","556","C0012833"
"5167","2","3","5","32","93","163","207","303","126","C0012833"
"3549","2","5","3","53","51","197","259","560","422","C0012833"
"355","2","3","7","41","219","339","156","568","697","C0012833"
"5130","2","3","2","85","143","286","51","488","102","C0012833"
"54938","2","3","2","110","85","67","76","252","154","C0012833"
"4088","2","3","12","19","219","339","259","423","605","C0012833"
"2562","2","5","8","27","70","99","162","216","290","C0012833"
"1041","2","1","6","11","142","225","142","220","298","C0012833"
"658","2","5","7","53","51","342","259","423","389","C0012833"
"26580","2","5","8","27","70","99","162","216","290","C0012833"
"7274","2","3","5","43","161","99","162","216","290","C0013069"
"3257","2","5","7","60","54","24","30","46","72","C0013069"
"6648","2","3","2","95","151","160","378","173","229","C0013069"
"3764","2","5","8","63","36","166","106","110","158","C0013069"
"2153","2","5","7","53","51","342","454","573","492","C0013069"
"2812","2","5","7","53","51","342","454","573","492","C0013069"
"54101","2","3","2","48","170","50","347","167","593","C0013069"
"1001","2","5","7","53","51","335","444","560","373","C0013069"
"284119","2","3","7","53","51","342","454","573","492","C0013069"
"6295","2","3","4","68","45","272","427","518","621","C0013080"
"1277","2","5","7","53","51","342","454","573","492","C0013080"
"1497","2","5","2","63","182","50","103","297","628","C0013080"
"3651","2","3","3","19","221","321","428","541","667","C0013080"
"5743","2","3","5","53","175","119","167","489","416","C0013080"
"1588","2","3","5","79","159","256","350","27","44","C0013080"
"23414","2","3","12","19","31","118","155","287","116","C0013080"
"2332","2","3","2","22","33","71","373","466","609","C0013080"
"10161","2","5","4","68","96","326","427","548","672","C0013080"
"843","2","3","12","41","219","339","156","568","697","C0013080"
"2990","2","3","7","34","52","216","395","549","674","C0013080"
"50846","2","3","3","68","221","197","259","560","422","C0013080"
"7299","2","3","5","23","18","138","250","332","407","C0013080"
"6392","2","3","2","48","170","50","119","444","556","C0013080"
"7507","2","3","12","19","31","261","116","1","86","C0013132"
"5146","2","3","5","86","72","258","318","403","518","C0013132"
"3265","2","5","7","60","54","24","30","46","72","C0013132"
"1071","2","5","7","53","51","342","454","573","492","C0013132"
"23418","2","5","7","53","36","71","177","560","373","C0013132"
"1268","2","5","4","68","96","326","427","548","672","C0013132"
"100","2","3","5","33","21","47","56","80","199","C0013132"
"1893","2","5","7","53","51","342","454","573","702","C0013132"
"6154","2","3","2","110","85","237","433","547","671","C0013132"
"5105","2","3","3","67","151","276","91","433","118","C0013132"
"5521","2","3","12","76","137","76","136","472","435","C0013132"
"6913","2","3","3","19","221","321","428","541","667","C0013132"
"2187","2","3","12","19","31","261","116","1","86","C0013132"
"10806","2","3","12","76","153","40","38","54","75","C0013132"
"2243","2","5","7","53","51","342","454","573","492","C0013132"
"2263","2","5","7","53","14","20","25","40","186","C0013132"
"2218","2","5","2","53","123","194","255","560","373","C0013132"
"4929","2","3","3","19","151","276","91","433","118","C0013132"
"2353","2","3","12","19","31","1","91","489","416","C0013132"
"5447","2","3","5","91","214","271","372","471","586","C0013132"
"2737","2","3","12","19","116","321","428","54","667","C0013132"
"847","2","3","7","34","52","216","395","549","674","C0013132"
"5159","2","5","7","53","14","20","25","40","186","C0013132"
"3313","2","3","2","48","170","50","304","167","593","C0013132"
"1548","2","3","5","91","214","226","326","447","586","C0013132"
"3315","2","3","12","41","181","160","362","402","215","C0013132"
"1769","2","3","12","76","153","40","38","54","75","C0013132"
"8600","2","5","7","41","219","339","156","568","697","C0013144"
"2778","2","5","4","68","96","326","427","548","672","C0013144"
"3265","2","5","7","60","54","24","30","46","72","C0013144"
"7290","2","3","12","19","31","1","426","55","78","C0013144"
"6513","2","5","7","90","216","337","448","565","562","C0013144"
"7157","2","3","12","19","31","261","402","489","551","C0013144"
"2260","2","5","7","53","14","20","25","40","186","C0013144"
"10908","2","3","2","97","173","275","377","473","592","C0013238"
"2067","2","3","12","19","31","261","116","1","86","C0013238"
"2690","2","5","7","53","14","20","25","40","186","C0013238"
"7291","2","3","12","19","151","276","91","489","416","C0013238"
"9321","2","3","12","76","153","40","38","54","203","C0013238"
"3479","2","5","7","53","51","342","454","573","492","C0013238"
"5728","2","3","5","80","81","339","156","568","605","C0013238"
"2153","2","5","7","53","51","342","454","573","492","C0013238"
"2147","2","5","7","68","51","342","454","573","492","C0013261"
"3514","2","5","7","53","51","119","395","549","674","C0013261"
"4709","2","3","2","48","170","50","119","444","556","C0013261"
"6663","2","3","3","19","221","321","428","541","667","C0013261"
"26160","2","3","12","76","153","40","38","54","75","C0013261"
"4137","2","3","7","27","36","150","341","223","628","C0013261"
"7124","2","3","12","41","219","339","156","568","697","C0013264"
"8626","2","3","3","19","221","321","428","541","667","C0013264"
"846","2","5","4","68","96","326","427","548","672","C0013264"
"10908","2","3","2","97","173","275","377","473","592","C0013264"
"5274","2","5","7","68","51","342","454","573","492","C0013264"
"7490","2","3","3","19","221","321","428","541","667","C0013264"
"6945","2","3","12","19","31","110","141","488","102","C0013264"
"2132","2","3","2","74","58","112","148","193","263","C0013295"
"392255","2","5","7","53","51","342","259","423","389","C0013295"
"4318","2","5","7","34","52","216","395","573","492","C0013295"
"2627","2","3","12","19","31","118","155","287","116","C0013295"
"6908","2","3","12","19","31","1","116","159","211","C0013295"
"4306","2","3","3","19","151","276","91","433","118","C0013295"
"2316","2","5","7","53","51","342","454","573","702","C0013295"
"6792","2","5","7","53","14","20","34","540","68","C0013338"
"5077","2","3","3","19","221","321","428","541","667","C0013338"
"56172","2","5","2","63","182","50","103","297","628","C0013338"
"590","2","3","5","85","143","286","51","488","604","C0013338"
"4536","2","3","2","48","170","50","119","444","556","C0013363"
"8600","2","5","7","41","219","339","156","568","697","C0013363"
"144717","2","5","7","60","54","24","30","46","72","C0013363"
"4893","2","5","7","34","52","24","30","46","72","C0013363"
"1390","2","3","12","19","151","276","91","433","118","C0013363"
"9990","2","5","8","45","94","199","240","415","666","C0013363"
"4541","2","3","2","48","170","50","119","444","24","C0013363"
"3425","2","3","5","80","81","166","454","573","492","C0013363"
"538","2","3","8","63","45","23","103","464","187","C0013363"
"3861","2","1","6","11","142","225","142","220","298","C0013363"
"9652","2","3","2","110","85","237","433","547","671","C0013363"
"6753","2","5","4","68","96","326","427","548","672","C0013363"
"4784","2","3","2","22","33","261","116","159","211","C0013363"
"843","2","3","12","41","219","339","156","568","697","C0013363"
"5020","2","5","4","68","96","326","427","548","672","C0013363"
"1958","2","3","12","19","31","276","91","433","116","C0013363"
"6567","2","5","8","35","41","77","40","57","80","C0013363"
"3630","2","5","7","53","14","20","25","40","186","C0013363"
"2263","2","5","7","53","14","20","25","40","186","C0013363"
"790","2","3","12","41","219","339","347","206","627","C0013363"
"6662","2","3","3","19","221","321","428","541","667","C0013374"
"8398","2","3","5","116","183","40","38","352","455","C0013374"
"5446","2","3","5","80","147","236","328","411","528","C0013374"
"4644","2","5","7","60","54","184","141","359","411","C0013374"
"4621","2","5","8","63","45","23","103","464","187","C0013377"
"23529","2","5","7","53","51","119","25","40","416","C0013377"
"2072","2","3","12","19","31","261","116","1","86","C0013377"
"3930","2","3","2","22","33","323","66","3","464","C0013377"
"6591","2","3","12","19","31","1","426","55","78","C0013377"
"348","2","5","7","53","51","342","454","573","492","C0013377"
"9469","2","3","2","103","189","303","29","475","467","C0013377"
"5468","2","3","3","19","151","276","91","433","118","C0013384"
"5443","2","5","4","68","96","326","427","548","672","C0013384"
"6331","2","5","8","63","36","166","341","223","158","C0013384"
"4695","2","3","2","48","170","50","119","444","556","C0013384"
"6392","2","3","2","48","170","50","119","444","556","C0013384"
"5444","2","3","5","80","147","236","328","411","229","C0013384"
"2317","2","5","7","63","45","23","103","287","664","C0013384"
"51010","2","3","2","110","85","237","433","547","671","C0013384"
"23414","2","3","12","19","31","118","155","287","116","C0013384"
"6584","2","3","8","45","94","199","240","415","666","C0013384"
"24","2","3","12","41","116","268","423","536","445","C0013384"
"54880","2","3","12","19","31","1","426","55","78","C0013384"
"4000","2","3","12","26","105","178","226","297","156","C0013384"
"3508","2","3","12","19","31","261","116","1","86","C0013384"
"8989","2","5","8","63","45","193","306","390","158","C0013384"
"3759","2","5","8","63","36","166","106","110","158","C0013384"
"4313","2","5","7","53","51","342","454","573","492","C0013386"
"4481","2","5","7","53","51","342","454","573","492","C0013386"
"3775","2","5","8","63","36","166","106","110","158","C0013386"
"4318","2","5","7","34","52","216","395","573","492","C0013386"
"10060","2","3","8","41","45","23","423","464","445","C0013386"
"183","2","5","4","68","96","326","427","548","672","C0013386"
"3952","2","5","3","53","151","276","91","433","118","C0013386"
"5580","2","5","7","34","52","216","395","287","116","C0013386"
"9569","2","3","12","19","31","276","91","433","118","C0013386"
"4318","2","5","7","34","52","216","395","573","492","C0013386"
"338","2","5","7","53","51","342","454","573","492","C0013386"
"2131","2","3","2","74","58","112","148","181","416","C0013386"
"54977","2","3","2","110","85","118","155","287","116","C0013386"
"5468","2","3","3","19","151","276","91","433","118","C0013386"
"3117","2","5","7","53","153","119","156","287","116","C0013386"
"6391","2","3","2","48","170","50","119","444","556","C0013390"
"23438","2","3","2","110","85","67","76","252","154","C0013390"
"1184","2","5","8","63","45","23","34","464","187","C0013390"
"3845","2","5","7","60","54","24","30","46","72","C0013390"
"6531","2","5","8","45","94","199","240","415","666","C0013390"
"51204","2","3","2","48","170","50","119","444","556","C0013405"
"7248","2","3","2","48","57","110","141","359","462","C0013405"
"2811","2","5","7","53","51","1","454","573","78","C0013405"
"4893","2","5","7","34","52","24","30","46","72","C0013405"
"6335","2","5","8","63","36","166","341","390","158","C0013405"
"2184","2","3","5","76","153","138","236","332","407","C0013405"
"2652","2","5","4","68","96","326","427","548","672","C0013405"
"4621","2","5","8","63","45","23","103","464","187","C0013405"
"7415","2","3","7","34","52","216","395","536","445","C0013405"
"9241","2","5","7","53","51","342","259","423","389","C0013405"
"2178","2","3","12","19","31","261","116","1","86","C0013405"
"7840","2","3","12","76","153","40","38","54","75","C0013405"
"8085","2","3","12","19","31","1","426","55","78","C0013405"
"1824","2","1","6","11","142","225","142","220","298","C0013415"
"26504","2","3","5","42","81","296","399","201","274","C0013415"
"9215","2","5","2","27","36","150","430","215","628","C0013415"
"338","2","5","7","53","51","342","454","573","492","C0013415"
"3717","2","5","7","53","14","20","25","40","186","C0013415"
"2314","2","3","12","63","45","184","103","572","658","C0013415"
"5015","2","3","3","19","221","321","428","541","667","C0013423"
"54888","2","3","2","110","85","152","129","252","154","C0013423"
"7048","2","5","7","53","51","342","259","423","389","C0013423"
"3284","2","3","2","69","98","169","299","183","243","C0013423"
"4629","2","5","8","63","45","23","103","464","187","C0013423"
"6772","2","3","12","53","184","119","156","287","116","C0013428"
"6121","2","3","2","69","83","101","126","170","224","C0013428"
"672","2","3","12","19","31","261","116","1","86","C0013502"
"37","2","3","2","110","105","178","226","297","380","C0013502"
"10630","2","5","7","53","14","20","25","40","186","C0013502"
"2261","2","5","7","53","14","20","25","40","186","C0013528"
"1282","2","5","7","53","51","342","454","573","492","C0013528"
"6338","2","5","8","63","45","23","34","464","187","C0013528"
"1130","2","5","7","60","54","326","141","359","462","C0013528"
"7390","2","3","5","80","81","166","132","175","473","C0013528"
"23141","2","3","12","76","105","40","226","489","435","C0013528"
"4519","2","3","2","48","170","50","119","508","312","C0013528"
"50940","2","3","4","68","96","326","427","548","672","C0013528"
"8626","2","3","3","19","221","321","428","541","667","C0013528"
"55505","2","3","2","110","85","237","433","547","671","C0013575"
"5594","2","5","7","34","14","20","34","540","274","C0013575"
"121278","2","3","5","80","81","166","307","258","345","C0013575"
"8200","2","5","7","53","51","342","259","423","389","C0013575"
"5604","2","5","7","53","14","20","34","540","68","C0013575"
"6335","2","5","8","63","36","166","341","390","158","C0013575"
"8106","2","3","2","22","33","323","66","101","136","C0013575"
"3549","2","5","3","53","51","197","259","560","422","C0013575"
"8516","2","5","7","53","51","342","454","573","492","C0013575"
"7227","2","3","12","19","31","276","91","433","118","C0013575"
"1292","2","5","7","53","51","342","454","573","492","C0013575"
"10661","2","3","12","19","31","1","426","55","78","C0013575"
"4000","2","3","12","26","105","178","226","297","156","C0013575"
"2317","2","5","7","63","45","23","103","287","664","C0013581"
"1073","2","3","8","63","45","184","103","572","658","C0013581"
"9343","2","3","2","22","33","323","66","101","136","C0013581"
"3594","2","5","7","53","51","119","25","560","373","C0013581"
"767","2","3","5","35","41","87","93","149","196","C0013581"
"2941","2","3","5","91","175","271","372","471","586","C0013581"
"60681","2","3","12","48","124","75","136","271","212","C0013581"
"1130","2","5","7","60","54","326","141","359","462","C0013581"
"545","2","3","12","19","31","261","116","1","86","C0013581"
"841","2","3","12","41","219","339","156","568","697","C0013581"
"4867","2","5","7","76","153","40","38","54","75","C0013581"
"2316","2","5","7","53","51","342","454","573","702","C0013581"
"5447","2","3","5","91","214","271","372","471","586","C0013581"
"26191","2","5","7","53","14","20","25","40","186","C0013581"
"9051","2","5","7","60","14","20","25","40","215","C0013581"
"2033","2","3","12","19","31","1","91","433","118","C0013581"
"8214","2","3","6","11","142","225","142","220","298","C0013581"
"2492","2","5","4","68","96","326","427","548","672","C0013592"
"2317","2","5","7","63","45","23","103","287","664","C0013592"
"7040","2","5","7","53","51","342","454","573","492","C0013592"
"8863","2","3","3","19","151","276","91","208","118","C0013592"
"30061","2","3","5","25","44","165","101","274","358","C0013592"
"6340","2","5","8","63","45","23","34","464","187","C0013592"
"5654","2","5","7","53","51","342","454","573","492","C0013592"
"4337","2","3","2","80","91","75","204","267","352","C0013592"
"10166","2","3","2","84","97","167","210","278","360","C0013592"
"8626","2","3","3","19","221","321","428","541","667","C0013592"
"5630","2","3","2","27","36","150","55","414","628","C0013592"
"411","2","3","7","34","52","216","395","549","674","C0013592"
"9993","2","5","7","53","51","342","454","573","492","C0013592"
"4978","2","5","7","27","51","335","444","560","373","C0013592"
"10908","2","3","2","97","173","275","377","473","592","C0013592"
"5781","2","5","7","53","14","20","25","40","186","C0013592"
"11093","2","5","7","53","51","342","454","573","492","C0013592"
"3458","2","5","7","53","184","119","156","287","116","C0013592"
"51251","2","3","5","80","81","296","62","94","150","C0013592"
"1954","2","5","7","53","51","342","454","573","492","C0013592"
"7547","2","3","3","19","221","321","428","541","667","C0013592"
"11231","2","3","2","110","105","178","226","297","380","C0013608"
"2879","2","3","5","80","81","166","378","173","229","C0013608"
"2969","2","3","12","19","31","276","91","433","118","C0013720"
"9820","2","3","12","41","116","268","434","468","213","C0013720"
"1406","2","3","3","19","221","321","428","541","667","C0013902"
"93986","2","3","12","19","221","321","428","541","667","C0013902"
"2022","2","5","7","53","51","342","259","423","389","C0013902"
"4256","2","5","7","53","51","342","454","573","492","C0013902"
"627","2","5","7","53","51","335","444","423","373","C0013902"
"7124","2","3","12","41","219","339","156","568","697","C0013902"
"9990","2","5","8","45","94","199","240","415","666","C0013902"
"5015","2","3","3","19","221","321","428","541","667","C0013902"
"5428","2","3","2","48","170","50","119","167","593","C0013902"
"5376","2","5","7","53","51","342","454","573","492","C0013903"
"6446","2","5","8","63","45","23","34","464","187","C0013903"
"1349","2","3","2","48","170","110","141","359","462","C0013903"
"368","2","3","12","41","116","268","423","536","445","C0013990"
"6338","2","5","8","63","45","23","34","464","187","C0013990"
"7450","2","5","7","53","51","342","454","573","492","C0013990"
"7490","2","3","3","19","221","321","428","541","667","C0013990"
"9197","2","3","2","67","92","293","55","75","311","C0013990"
"60482","2","5","8","45","94","199","240","415","666","C0013990"
"34","2","3","2","19","151","276","91","433","118","C0013990"
"128178","2","3","12","41","219","339","156","568","697","C0013990"
"811","2","3","2","41","116","342","423","536","342","C0013990"
"9968","2","4","3","24","119","330","214","454","144","C0013990"
"5192","2","3","5","43","161","305","409","208","482","C0014038"
"2068","2","3","12","19","31","261","116","159","211","C0014038"
"4720","2","3","2","48","170","50","119","444","556","C0014038"
"6654","2","5","7","60","54","24","30","46","72","C0014038"
"1493","2","5","7","53","51","119","25","40","186","C0014038"
"3190","2","3","2","22","33","323","66","101","136","C0014038"
"5194","2","3","5","43","161","305","409","208","482","C0014038"
"6499","2","3","2","110","85","237","433","547","671","C0014038"
"4763","2","5","7","60","54","24","30","46","214","C0014038"
"8988","2","3","8","63","45","160","103","464","187","C0014038"
"7037","2","5","7","60","14","184","341","544","669","C0014038"
"3600","2","5","7","53","51","119","25","40","186","C0014065"
"5428","2","3","2","48","170","50","119","167","593","C0014065"
"5080","2","3","3","19","221","321","428","541","667","C0014065"
"6473","2","3","3","19","221","321","428","541","667","C0014065"
"6683","2","3","12","76","153","40","38","54","75","C0014065"
"54880","2","3","12","19","31","1","426","55","78","C0014065"
"1758","2","5","7","53","51","342","454","573","492","C0014065"
"2796","2","5","4","68","96","326","427","548","672","C0014065"
"50937","2","5","7","53","51","335","444","560","373","C0014065"
"9896","2","3","5","80","81","296","399","201","274","C0014065"
"6515","2","5","7","34","52","216","395","549","674","C0014065"
"249","2","3","5","27","51","335","444","560","373","C0014065"
"4719","2","3","2","48","170","50","119","444","556","C0014065"
"6690","2","5","7","68","51","119","395","549","674","C0014065"
"2719","2","5","7","53","51","342","454","573","492","C0014065"
"51750","2","3","12","19","31","261","116","1","86","C0014065"
"125","2","3","2","75","120","200","263","251","425","C0014065"
"7941","2","3","5","7","218","338","450","567","696","C0014065"
"176","2","5","7","53","51","342","454","573","492","C0014065"
"2904","2","5","7","53","14","20","25","223","219","C0014065"
"26281","2","5","7","53","14","20","25","40","186","C0014065"
"2261","2","5","7","53","14","20","25","40","186","C0014067"
"1186","2","5","8","63","45","23","34","464","187","C0014067"
"9719","2","5","7","53","51","342","454","573","492","C0014067"
"7461","2","3","7","60","153","40","38","93","75","C0014067"
"9401","2","3","12","76","31","261","116","1","86","C0014067"
"4810","2","3","2","76","57","110","444","560","373","C0014067"
"2316","2","5","7","53","51","342","454","573","702","C0014067"
"6571","2","3","8","60","36","71","341","223","624","C0014067"
"200879","2","3","5","116","183","295","398","552","622","C0014067"
"9723","2","5","7","53","51","342","79","560","373","C0014067"
"10060","2","3","8","41","45","23","423","464","445","C0014072"
"5538","2","3","2","115","18","340","269","342","444","C0014072"
"7436","2","5","7","53","51","342","341","544","669","C0014072"
"4688","2","5","7","60","14","20","25","40","215","C0014072"
"1144","2","5","8","27","70","99","162","216","290","C0014072"
"2022","2","5","7","53","51","342","259","423","389","C0014072"
"1026","2","3","12","19","31","1","116","489","416","C0014072"
"2664","2","5","7","60","54","24","30","46","72","C0014084"
"3479","2","5","7","53","51","342","454","573","492","C0014084"
"51343","2","3","12","41","116","268","434","468","213","C0014084"
"2261","2","5","7","53","14","20","25","40","186","C0014084"
"6469","2","5","3","53","221","197","259","560","422","C0014084"
"4359","2","5","7","53","51","342","454","573","492","C0014116"
"8985","2","5","7","53","51","342","454","573","492","C0014116"
"2178","2","3","12","19","31","261","116","1","86","C0014116"
"4212","2","3","3","19","221","321","428","541","667","C0014116"
"11041","2","3","2","27","36","150","341","223","628","C0014116"
"2074","2","3","12","19","31","1","426","55","78","C0014116"
"1289","2","5","7","53","51","342","454","573","492","C0014116"
"1723","2","3","2","48","170","50","119","444","556","C0014116"
"2767","2","5","4","68","96","326","427","548","672","C0014116"
"9180","2","5","7","53","51","119","25","549","416","C0014116"
"23169","2","3","2","78","205","112","430","429","544","C0014116"
"5244","2","3","3","41","151","276","91","433","118","C0014116"
"7040","2","5","7","53","51","342","454","573","492","C0014116"
"4867","2","5","7","76","153","40","38","54","75","C0014116"
"94","2","5","7","53","51","342","259","423","389","C0014116"
"10733","2","3","12","76","153","40","38","54","75","C0014116"
"54101","2","3","2","48","170","50","347","167","593","C0014116"
"7450","2","5","7","53","51","342","454","573","492","C0014117"
"1586","2","3","5","79","98","256","335","425","540","C0014117"
"207","2","3","7","53","14","20","34","489","416","C0014117"
"6708","2","5","7","60","14","20","25","40","186","C0014117"
"4001","2","3","12","76","31","40","38","54","75","C0014117"
"5873","2","5","7","34","54","24","30","46","72","C0014130"
"8929","2","3","3","19","221","321","428","541","667","C0014130"
"3425","2","3","5","80","81","166","454","573","492","C0014130"
"182","2","5","7","53","51","143","428","236","667","C0014130"
"6647","2","3","2","95","2","342","378","173","702","C0014130"
"91147","2","3","12","76","153","40","38","54","75","C0014130"
"1158","2","3","2","72","115","66","72","507","35","C0014130"
"6898","2","3","8","67","94","199","182","509","666","C0014130"
"3559","2","5","7","53","14","20","25","40","186","C0014130"
"547","2","3","7","76","153","40","38","54","75","C0014130"
"2625","2","3","12","19","31","339","155","287","116","C0014130"
"10059","2","3","2","48","170","50","304","167","304","C0014173"
"6144","2","3","2","110","85","237","433","547","671","C0014173"
"1302","2","5","7","53","51","342","454","573","492","C0014173"
"1145","2","5","8","27","70","99","162","216","290","C0014173"
"3558","2","5","7","53","14","20","25","40","186","C0014173"
"885","2","5","4","68","96","326","427","548","672","C0014324"
"8200","2","5","7","53","51","342","259","423","389","C0014324"
"9569","2","3","12","19","31","276","91","433","118","C0014324"
"10265","2","3","3","19","221","321","428","541","667","C0014324"
"3315","2","3","12","41","181","160","362","402","215","C0014324"
"55112","2","3","12","76","153","40","38","54","75","C0014324"
"3383","2","5","7","53","51","119","454","287","116","C0014356"
"5732","2","5","4","68","96","326","427","548","672","C0014356"
"1340","2","3","2","48","170","50","141","359","462","C0014356"
"7994","2","3","12","19","31","1","426","55","78","C0014356"
"4810","2","3","2","76","57","110","444","560","373","C0014356"
"11005","2","1","6","11","142","225","142","220","298","C0014356"
"540","2","5","8","63","45","23","103","464","187","C0014390"
"11067","2","5","6","11","142","225","142","220","298","C0014390"
"8642","2","5","7","53","51","335","444","560","373","C0014390"
"6495","2","3","3","19","221","321","428","541","667","C0014390"
"7099","2","5","7","41","219","339","156","568","697","C0014390"
"10161","2","5","4","68","96","326","427","548","672","C0014390"
"23495","2","3","12","41","219","339","156","568","697","C0014390"
"5015","2","3","3","19","221","321","428","541","667","C0014390"
"5116","2","3","12","76","153","40","38","54","75","C0014394"
"23545","2","3","5","29","88","132","85","222","346","C0014394"
"6134","2","3","2","110","85","237","433","547","671","C0014394"
"7461","2","3","7","60","153","40","38","93","75","C0014394"
"3636","2","3","5","80","14","20","25","40","186","C0014394"
"3425","2","3","5","80","81","166","454","573","492","C0014394"
"9896","2","3","5","80","81","296","399","201","274","C0014394"
"55343","2","3","4","68","69","306","410","520","639","C0014457"
"672","2","3","12","19","31","261","116","1","86","C0014457"
"4852","2","5","4","68","96","326","427","548","672","C0014457"
"2077","2","3","12","76","153","40","38","54","75","C0014457"
"2260","2","5","7","53","14","20","25","40","186","C0014457"
"51364","2","3","6","11","142","225","142","220","298","C0014457"
"51151","2","3","5","23","18","138","250","332","407","C0014457"
"5244","2","3","3","41","151","276","91","433","118","C0014457"
"27031","2","3","6","11","142","225","38","331","506","C0014457"
"6863","2","5","4","68","96","326","427","548","672","C0014457"
"6391","2","3","2","48","170","50","119","444","556","C0014457"
"7486","2","3","12","19","31","261","116","1","86","C0014457"
"7287","2","5","7","11","142","71","341","560","219","C0014457"
"2316","2","5","7","53","51","342","454","573","702","C0014457"
"729920","2","3","2","48","170","110","329","251","533","C0014457"
"3479","2","5","7","53","51","342","454","573","492","C0014457"
"7840","2","3","12","76","153","40","38","54","75","C0014457"
"26229","2","3","2","74","205","191","396","408","257","C0014457"
"4318","2","5","7","34","52","216","395","573","492","C0014457"
"1586","2","3","5","79","98","256","335","425","540","C0014457"
"1991","2","5","7","34","52","216","395","549","674","C0014457"
"6532","2","5","8","45","94","199","240","415","666","C0014457"
"9723","2","5","7","53","51","342","79","560","373","C0014457"
"1717","2","3","2","19","151","276","48","69","204","C0014457"
"286077","2","3","12","76","153","40","38","54","75","C0014457"
"1812","2","5","4","68","96","326","427","548","672","C0014457"
"3848","2","5","7","34","52","225","142","220","298","C0014457"
"3458","2","5","7","53","184","119","156","287","116","C0014474"
"2551","2","3","3","19","151","276","91","433","118","C0014474"
"9871","2","3","7","60","153","40","38","54","203","C0014474"
"2263","2","5","7","53","14","20","25","40","186","C0014474"
"3630","2","5","7","53","14","20","25","40","186","C0014474"
"3730","2","5","7","53","14","20","25","40","186","C0014474"
"5956","2","5","4","68","96","326","427","548","672","C0014474"
"4204","2","3","12","19","31","1","426","55","78","C0014474"
"1663","2","3","12","76","105","178","226","297","380","C0014474"
"5073","2","3","2","110","85","323","433","146","194","C0014474"
"5774","2","5","7","60","81","296","399","201","274","C0014474"
"3123","2","5","7","53","51","119","156","287","116","C0014474"
"1030","2","3","12","19","31","1","426","55","78","C0014474"
"1583","2","3","5","79","152","273","375","100","589","C0014474"
"10459","2","3","12","76","31","261","116","1","86","C0014511"
"3930","2","3","2","22","33","323","66","3","464","C0014511"
"6528","2","5","8","45","94","199","240","415","666","C0014511"
"7305","2","5","7","34","52","216","395","549","674","C0014522"
"472","2","3","12","19","31","261","116","1","86","C0014522"
"7045","2","5","12","19","51","1","426","55","78","C0014534"
"7138","2","5","8","63","45","23","103","464","187","C0014534"
"3691","2","5","7","53","51","342","454","573","492","C0014548"
"4582","2","5","7","53","206","324","430","429","544","C0014548"
"3586","2","5","7","53","51","119","25","489","416","C0014548"
"3339","2","5","7","53","51","342","454","573","492","C0014548"
"8878","2","3","12","41","219","339","156","568","697","C0014549"
"6786","2","5","8","63","45","23","103","464","187","C0014549"
"7038","2","5","7","60","18","184","98","66","203","C0014549"
"185","2","5","4","68","96","326","427","548","672","C0014549"
"9896","2","3","5","80","81","296","399","201","274","C0014549"
"6548","2","3","2","45","94","199","240","415","326","C0014549"
"1230","2","5","4","68","96","326","427","548","672","C0014549"
"1200","2","3","5","80","81","178","226","297","380","C0014549"
"1636","2","3","5","80","81","166","397","418","568","C0014549"
"3553","2","5","7","53","51","119","25","489","416","C0014549"
"2303","2","5","3","19","221","321","428","541","667","C0014553"
"54209","2","5","7","53","51","119","395","549","674","C0014553"
"554","2","5","4","68","96","326","427","548","672","C0014553"
"3145","2","3","5","80","81","166","132","175","473","C0014553"
"6638","2","3","2","22","33","323","66","101","136","C0014553"
"6654","2","5","7","60","54","24","30","46","72","C0014553"
"7039","2","3","12","19","31","1","426","55","203","C0014553"
"23479","2","3","2","48","170","50","119","100","556","C0014553"
"5032","2","5","4","68","96","326","427","548","672","C0014553"
"55636","2","3","3","19","221","321","428","423","389","C0014553"
"3425","2","3","5","80","81","166","454","573","492","C0014553"
"2719","2","5","7","53","51","342","454","573","492","C0014553"
"3560","2","5","7","53","14","20","25","40","186","C0014553"
"2245","2","5","7","60","54","24","30","46","72","C0014553"
"8036","2","5","7","60","54","296","399","359","658","C0014553"
"2969","2","3","12","19","31","276","91","433","118","C0014553"
"2290","2","3","3","19","221","321","428","541","667","C0014553"
"3861","2","1","6","11","142","225","142","220","298","C0014553"
"26580","2","5","8","27","70","99","162","216","290","C0014553"
"23385","2","5","7","34","52","216","395","549","674","C0014553"
"1062","2","3","12","76","153","40","38","54","75","C0014553"
"7545","2","5","3","34","52","216","142","220","298","C0014553"
"51062","2","5","7","27","36","150","402","489","373","C0014556"
"11253","2","3","2","41","116","268","423","536","445","C0014556"
"3251","2","3","4","68","96","326","427","341","150","C0014556"
"2990","2","3","7","34","52","216","395","549","674","C0014556"
"4137","2","3","7","27","36","150","341","223","628","C0014556"
"23431","2","5","7","60","18","184","341","544","669","C0014556"
"775","2","5","8","63","36","166","341","223","158","C0014556"
"5727","2","3","12","68","221","197","259","560","422","C0014556"
"10577","2","5","7","34","52","216","395","549","674","C0014556"
"6314","2","3","12","19","31","1","426","568","78","C0014556"
"4000","2","3","12","26","105","178","226","297","156","C0014556"
"5621","2","5","8","27","36","342","454","573","628","C0014556"
"4982","2","5","12","41","219","339","156","568","697","C0014556"
"6870","2","5","4","68","96","326","427","548","672","C0014556"
"54","2","3","5","80","81","178","195","256","342","C0014556"
"8890","2","3","2","110","85","237","433","547","671","C0014556"
"4041","2","5","3","68","221","197","259","560","422","C0014556"
"1134","2","5","8","27","70","99","162","216","290","C0014556"
"3594","2","5","7","53","51","119","25","560","373","C0014556"
"2301","2","5","6","11","142","225","142","220","673","C0014556"
"1497","2","5","2","63","182","50","103","297","628","C0014556"
"4893","2","5","7","34","52","24","30","46","72","C0014556"
"91252","2","5","4","68","96","326","427","548","672","C0014556"
"1583","2","3","5","79","152","273","375","100","589","C0014583"
"5961","2","5","7","27","51","326","126","414","702","C0014583"
"4000","2","3","12","26","105","178","226","297","156","C0014583"
"3835","2","3","12","76","153","40","38","54","75","C0014714"
"54361","2","5","3","68","221","197","259","560","422","C0014714"
"3845","2","5","7","60","54","24","30","46","72","C0014733"
"51752","2","3","2","41","153","119","156","536","116","C0014733"
"5080","2","3","3","19","221","321","428","541","667","C0014743"
"6548","2","3","2","45","94","199","240","415","326","C0014743"
"2263","2","5","7","53","14","20","25","40","186","C0014743"
"23742","2","5","5","68","96","326","427","447","586","C0014805"
"8985","2","5","7","53","51","342","454","573","492","C0014805"
"4306","2","3","3","19","151","276","91","433","118","C0014805"
"7480","2","5","3","68","221","197","259","560","422","C0014836"
"8822","2","5","7","53","14","20","25","40","186","C0014836"
"51601","2","3","2","67","92","293","55","75","311","C0014836"
"23767","2","5","7","53","14","20","25","40","186","C0014836"
"54840","2","3","12","19","31","261","116","1","86","C0014848"
"3861","2","1","6","11","142","225","142","220","298","C0014848"
"7421","2","3","3","19","151","276","91","433","118","C0014848"
"8216","2","3","12","41","119","330","214","454","144","C0014848"
"9569","2","3","12","19","31","276","91","433","118","C0014848"
"701","2","3","12","76","153","40","38","54","75","C0014848"
"1497","2","5","2","63","182","50","103","297","628","C0014848"
"4704","2","3","2","48","170","50","119","444","556","C0014848"
"10555","2","3","7","34","52","216","395","549","622","C0014848"
"1380","2","5","7","53","51","119","395","549","674","C0014850"
"3914","2","5","7","53","51","342","454","573","492","C0014850"
"6389","2","3","2","48","170","50","119","444","556","C0014850"
"5376","2","5","7","53","51","342","454","573","492","C0014850"
"1001","2","5","7","53","51","335","444","560","373","C0014850"
"2260","2","5","7","53","14","20","25","40","186","C0014850"
"7020","2","3","12","19","31","276","91","433","664","C0014850"
"7297","2","5","7","53","184","119","25","40","186","C0014850"
"585","2","3","12","76","153","40","38","54","75","C0014850"
"1487","2","3","12","19","31","1","426","55","340","C0014850"
"51067","2","3","2","110","85","67","76","252","154","C0014850"
"22948","2","3","12","76","137","76","136","472","435","C0014850"
"2068","2","3","12","19","31","261","116","159","211","C0014850"
"7076","2","5","7","53","51","342","454","573","492","C0014850"
"4893","2","5","7","34","52","24","30","46","72","C0014850"
"953","2","3","5","64","42","242","95","283","367","C0014850"
"2296","2","3","3","19","221","321","428","541","667","C0014850"
"2261","2","5","7","53","14","20","25","40","186","C0014850"
"5663","2","5","7","34","52","216","395","549","667","C0014850"
"23636","2","3","12","22","33","323","66","101","664","C0014850"
"5859","2","3","2","110","85","237","433","547","154","C0014850"
"2596","2","5","7","27","36","150","341","223","628","C0014850"
"22","2","3","2","48","170","279","423","274","154","C0014850"
"4921","2","5","7","53","14","20","25","573","186","C0014850"
"2200","2","5","7","53","51","342","454","573","492","C0014866"
"8200","2","5","7","53","51","342","259","423","389","C0014866"
"5784","2","5","7","42","81","296","399","201","274","C0014866"
"5015","2","3","3","19","221","321","428","541","667","C0014866"
"9791","2","3","8","45","94","199","240","415","666","C0014866"
"4094","2","3","12","19","31","276","91","433","118","C0014866"
"23426","2","5","7","42","36","71","177","223","219","C0014866"
"6786","2","5","8","63","45","23","103","464","187","C0014866"
"4359","2","5","7","53","51","342","454","573","492","C0014866"
"1906","2","5","4","68","96","326","427","548","672","C0014866"
"5190","2","3","5","43","161","305","409","208","482","C0014866"
"8625","2","3","12","19","31","276","91","236","118","C0014866"
"5573","2","3","12","19","184","118","155","287","116","C0014866"
"8200","2","5","7","53","51","342","259","423","389","C0014866"
"5077","2","3","3","19","221","321","428","541","667","C0014866"
"27286","2","5","7","53","51","342","444","560","492","C0014867"
"3561","2","5","7","53","14","20","25","40","186","C0014867"
"9632","2","3","7","60","153","40","38","54","203","C0014867"
"1906","2","5","4","68","96","326","427","548","672","C0014867"
"3123","2","5","7","53","51","119","156","287","116","C0014867"
"2703","2","3","12","76","153","40","38","54","75","C0014867"
"4625","2","3","8","63","45","23","103","464","187","C0014868"
"4540","2","3","2","48","170","50","119","444","556","C0014868"
"7546","2","5","3","19","221","321","79","560","373","C0014868"
"355","2","3","7","41","219","339","156","568","697","C0014868"
"10269","2","3","2","48","182","50","119","444","556","C0014868"
"10312","2","3","7","34","52","216","395","549","674","C0014868"
"9241","2","5","7","53","51","342","259","423","389","C0014868"
"3694","2","5","7","53","51","342","454","573","492","C0014868"
"7840","2","3","12","76","153","40","38","54","75","C0014868"
"2778","2","5","4","68","96","326","427","548","672","C0014877"
"190","2","3","3","19","151","276","91","433","118","C0014877"
"183","2","5","4","68","96","326","427","548","672","C0014877"
"857","2","5","7","53","45","23","57","83","422","C0014877"
"1977","2","3","2","110","85","237","433","547","671","C0014877"
"5468","2","3","3","19","151","276","91","433","118","C0014877"
"5157","2","5","7","80","81","342","367","500","577","C0014877"
"55102","2","3","12","76","153","266","367","500","462","C0014877"
"10682","2","5","4","68","96","326","48","69","204","C0014877"
"1513","2","5","7","53","51","342","454","573","492","C0014877"
"5648","2","5","7","53","51","119","395","549","674","C0014877"
"26119","2","5","7","60","14","184","341","544","669","C0014877"
"6569","2","3","8","45","94","199","240","415","666","C0014877"
"1617","2","3","2","22","33","323","66","101","468","C0014877"
"3887","2","1","6","11","142","225","142","220","298","C0014877"
"7040","2","5","7","53","51","342","454","573","492","C0014877"
"2697","2","3","7","76","153","40","38","54","75","C0014877"
"1499","2","3","12","19","221","197","259","560","422","C0014877"
"8626","2","3","3","19","221","321","428","541","667","C0014877"
"23171","2","3","5","116","183","295","398","552","622","C0015306"
"9049","2","3","3","41","151","276","378","271","356","C0015306"
"5657","2","5","7","34","52","216","395","549","674","C0015306"
"2303","2","5","3","19","221","321","428","541","667","C0015310"
"3592","2","5","7","53","51","119","25","489","416","C0015310"
"10913","2","3","12","41","219","339","156","568","697","C0015310"
"2697","2","3","7","76","153","40","38","54","75","C0015310"
"4053","2","5","7","53","51","342","454","573","492","C0015310"
"3552","2","3","12","53","51","119","156","489","416","C0015310"
"1376","2","3","2","19","151","276","91","433","118","C0015310"
"55624","2","3","2","78","123","194","255","215","412","C0015310"
"6239","2","3","12","19","119","330","214","454","144","C0015310"
"1184","2","5","8","63","45","23","34","464","187","C0015310"
"6201","2","3","2","110","85","237","433","547","671","C0015310"
"1146","2","5","8","27","70","99","162","216","290","C0015310"
"6696","2","5","7","53","51","342","454","573","492","C0015310"
"374654","2","3","12","76","153","40","38","54","75","C0015310"
"5179","2","5","4","68","96","326","427","548","672","C0015310"
"27247","2","3","2","48","170","50","119","100","556","C0015310"
"26128","2","3","12","76","153","40","38","54","154","C0015310"
"26119","2","5","7","60","14","184","341","544","669","C0015310"
"1497","2","5","2","63","182","50","103","297","628","C0015310"
"23166","2","5","7","53","51","342","395","549","674","C0015310"
"673","2","5","7","53","14","20","34","540","68","C0015310"
"5743","2","3","5","53","175","119","167","489","416","C0015310"
"6309","2","3","5","19","151","76","48","69","204","C0015310"
"6913","2","3","3","19","221","321","428","541","667","C0015310"
"3078","2","5","7","53","51","119","395","549","674","C0015310"
"10522","2","3","12","19","221","197","259","236","422","C0015371"
"4286","2","3","12","19","31","261","116","1","664","C0015371"
"51741","2","3","2","22","33","323","66","101","127","C0015371"
"2068","2","3","12","19","31","261","116","159","211","C0015371"
"3954","2","3","2","48","170","67","119","444","593","C0015371"
"9993","2","5","7","53","51","342","454","573","492","C0015371"
"4625","2","3","8","63","45","23","103","464","187","C0015371"
"6103","2","3","12","76","153","40","38","54","75","C0015371"
"3636","2","3","5","80","14","20","25","40","186","C0015371"
"3953","2","5","7","53","14","20","25","40","186","C0015371"
"6499","2","3","2","110","85","237","433","547","671","C0015371"
"2707","2","3","12","76","153","40","38","54","75","C0015371"
"5607","2","5","7","53","14","20","34","540","68","C0015371"
"9531","2","3","12","41","219","339","347","271","356","C0015371"
"7157","2","3","12","19","31","261","402","489","551","C0015371"
"8784","2","3","12","41","219","339","156","568","697","C0015371"
"604","2","3","12","19","151","276","91","489","416","C0015371"
"673","2","5","7","53","14","20","34","540","68","C0015371"
"5728","2","3","5","80","81","339","156","568","605","C0015371"
"4540","2","3","2","48","170","50","119","444","556","C0015371"
"18","2","3","8","67","94","199","182","509","666","C0015371"
"3762","2","5","8","63","36","166","106","110","158","C0015371"
"2677","2","5","7","53","51","342","454","573","492","C0015371"
"2263","2","5","7","53","14","20","25","40","186","C0015371"
"5663","2","5","7","34","52","216","395","549","667","C0015371"
"11005","2","1","6","11","142","225","142","220","298","C0015371"
"4598","2","3","2","19","151","276","198","259","427","C0015371"
"55343","2","3","4","68","69","306","410","520","639","C0015371"
"411","2","3","7","34","52","216","395","549","674","C0015371"
"6901","2","3","2","48","170","50","304","167","593","C0015379"
"5663","2","5","7","34","52","216","395","549","667","C0015379"
"3690","2","5","7","53","51","342","454","573","492","C0015379"
"5573","2","3","12","19","184","118","155","287","116","C0015379"
"26277","2","3","12","19","31","1","426","1","78","C0015379"
"2643","2","3","5","87","91","75","204","267","352","C0015379"
"35","2","3","2","67","148","70","456","575","704","C0015397"
"6611","2","3","2","58","55","25","46","329","198","C0015397"
"673","2","5","7","53","14","20","34","540","68","C0015397"
"2159","2","5","7","68","51","119","454","549","674","C0015397"
"6833","2","5","8","45","36","166","240","415","666","C0015397"
"4692","2","5","7","53","51","119","402","489","416","C0015397"
"10269","2","3","2","48","182","50","119","444","556","C0015397"
"3930","2","3","2","22","33","323","66","3","464","C0015397"
"4361","2","3","12","19","31","261","116","1","86","C0015397"
"1594","2","3","5","92","163","96","363","460","487","C0015397"
"7080","2","3","3","19","221","321","428","541","667","C0015397"
"2138","2","3","12","19","31","1","426","55","78","C0015397"
"4000","2","3","12","26","105","178","226","297","156","C0015397"
"9968","2","4","3","24","119","330","214","454","144","C0015397"
"1420","2","3","6","63","45","160","362","177","673","C0015397"
"4306","2","3","3","19","151","276","91","433","118","C0015397"
"7174","2","3","12","41","116","268","434","468","213","C0015397"
"54","2","3","5","80","81","178","195","256","342","C0015397"
"23095","2","3","7","76","153","40","38","54","75","C0015397"
"54344","2","3","2","61","77","142","176","280","363","C0015397"
"5277","2","3","2","61","77","142","176","235","317","C0015397"
"2896","2","5","7","34","52","216","395","549","674","C0015397"
"9131","2","3","12","41","219","339","347","271","356","C0015398"
"51259","2","3","2","76","153","40","38","54","75","C0015398"
"4654","2","3","12","19","31","276","91","433","118","C0015398"
"6845","2","5","7","60","14","184","341","544","669","C0015398"
"7305","2","5","7","34","52","216","395","549","674","C0015398"
"5230","2","3","12","72","167","266","367","500","577","C0015398"
"3426","2","5","7","53","51","119","395","549","674","C0015404"
"4000","2","3","12","26","105","178","226","297","156","C0015404"
"1585","2","3","5","79","159","256","351","100","589","C0015423"
"5961","2","5","7","27","51","326","126","414","702","C0015423"
"5573","2","3","12","19","184","118","155","287","116","C0015469"
"54187","2","3","5","80","81","296","272","452","148","C0015469"
"55163","2","3","5","80","81","166","120","161","228","C0015469"
"2263","2","5","7","53","14","20","25","40","186","C0015469"
"26608","2","3","2","22","170","50","119","463","153","C0015499"
"1848","2","3","5","42","81","296","399","201","274","C0015499"
"836","2","3","12","41","219","339","402","489","697","C0015503"
"1906","2","5","4","68","96","326","427","548","672","C0015503"
"291","2","3","2","48","170","50","304","167","593","C0015519"
"6261","2","5","8","63","45","23","34","464","187","C0015519"
"8085","2","3","12","19","31","1","426","55","78","C0015523"
"3643","2","5","7","53","14","20","25","40","186","C0015523"
"1302","2","5","7","53","51","342","454","573","492","C0015523"
"4351","2","3","2","90","167","266","367","500","577","C0015523"
"29108","2","5","7","34","52","216","395","549","674","C0015523"
"81027","2","3","12","76","153","40","38","54","75","C0015526"
"11285","2","3","2","74","205","191","396","408","620","C0015526"
"3106","2","5","7","34","52","119","395","549","674","C0015526"
"3630","2","5","7","53","14","20","25","40","186","C0015526"
"4830","2","3","2","72","109","182","235","307","506","C0015526"
"5172","2","5","8","45","94","199","240","415","666","C0015530"
"8799","2","3","5","43","161","305","409","208","482","C0015530"
"1193","2","5","8","63","45","23","34","464","187","C0015624"
"26608","2","3","2","22","170","50","119","463","153","C0015624"
"4313","2","5","7","53","51","342","454","573","492","C0015624"
"26146","2","3","12","76","153","40","38","54","75","C0015625"
"4221","2","3","12","19","31","342","454","573","492","C0015625"
"2033","2","3","12","19","31","1","91","433","118","C0015625"
"4508","2","3","2","48","170","50","119","444","556","C0015625"
"4313","2","5","7","53","51","342","454","573","492","C0015625"
"4072","2","5","7","53","51","119","454","573","492","C0015625"
"6352","2","5","4","68","96","326","427","548","672","C0015625"
"2643","2","3","5","87","91","75","204","267","352","C0015625"
"7157","2","3","12","19","31","261","402","489","551","C0015625"
"6712","2","5","7","60","153","40","341","223","203","C0015625"
"8260","2","3","12","41","85","266","76","287","78","C0015625"
"8985","2","5","7","53","51","342","454","573","492","C0015625"
"9533","2","3","2","19","31","1","426","55","78","C0015625"
"4514","2","3","2","48","57","110","141","359","5","C0015625"
"5076","2","3","3","19","221","321","428","541","667","C0015625"
"3664","2","5","7","53","184","119","156","287","116","C0015625"
"3832","2","3","12","76","153","40","38","54","75","C0015625"
"10269","2","3","2","48","182","50","119","444","556","C0015625"
"1301","2","5","7","53","51","342","454","573","492","C0015625"
"1113","2","5","7","34","157","226","350","243","561","C0015625"
"3909","2","5","7","53","51","342","454","573","492","C0015625"
"9401","2","3","12","76","31","261","116","1","86","C0015625"
"2638","2","5","8","63","45","23","103","464","187","C0015644"
"50484","2","3","5","80","109","182","235","307","506","C0015644"
"579","2","3","3","19","221","321","428","541","667","C0015644"
"2316","2","5","7","53","51","342","454","573","702","C0015644"
"6422","2","5","3","68","221","197","259","560","422","C0015644"
"5190","2","3","5","43","161","305","409","208","482","C0015644"
"22880","2","3","2","115","151","340","451","569","698","C0015644"
"6556","2","3","7","34","52","216","395","549","674","C0015644"
"6905","2","3","12","76","153","40","38","54","75","C0015644"
"1080","2","3","12","41","219","339","156","544","669","C0015644"
"658","2","5","7","53","51","342","259","423","389","C0015644"
"1910","2","5","4","68","96","326","427","548","672","C0015644"
"7840","2","3","12","76","153","40","38","54","75","C0015644"
"8842","2","5","5","53","82","147","184","179","328","C0015644"
"10743","2","3","3","19","151","276","91","433","118","C0015644"
"2778","2","5","4","68","96","326","427","548","672","C0015644"
"58","2","5","8","63","45","23","103","464","187","C0015644"
"5443","2","5","4","68","96","326","427","548","672","C0015644"
"5896","2","3","12","41","116","268","434","568","605","C0015644"
"5993","2","3","12","19","31","1","426","55","78","C0015644"
"5727","2","3","12","68","221","197","259","560","422","C0015644"
"9215","2","5","2","27","36","150","430","215","628","C0015644"
"5743","2","3","5","53","175","119","167","489","416","C0015696"
"7157","2","3","12","19","31","261","402","489","551","C0015696"
"54902","2","3","2","48","182","50","119","444","556","C0015696"
"22796","2","5","7","60","153","40","38","66","203","C0015732"
"2006","2","5","7","53","51","342","454","573","492","C0015732"
"23400","2","5","8","63","45","23","103","464","187","C0015732"
"9210","2","5","7","53","51","342","454","573","492","C0015732"
"150094","2","3","3","53","14","20","34","540","68","C0015732"
"5605","2","5","7","53","14","20","34","540","68","C0015732"
"23230","2","5","7","11","142","71","341","560","219","C0015732"
"3908","2","5","7","53","51","342","454","573","492","C0015814"
"7035","2","5","7","68","51","119","395","549","674","C0015814"
"29899","2","5","4","68","96","326","427","548","672","C0015923"
"11277","2","3","12","19","31","261","116","1","86","C0015923"
"22858","2","3","7","53","14","20","34","540","68","C0015923"
"57379","2","3","5","22","137","261","104","146","194","C0015923"
"1302","2","5","7","53","51","342","454","573","492","C0015923"
"4842","2","3","5","63","45","71","177","464","219","C0015923"
"8022","2","3","3","110","85","321","428","541","667","C0015923"
"23418","2","5","7","53","36","71","177","560","373","C0015923"
"3891","2","1","6","11","142","225","142","220","298","C0015923"
"4068","2","5","7","53","51","119","25","549","674","C0015923"
"10216","2","3","2","48","170","50","304","167","593","C0015923"
"6949","2","3","2","110","85","237","164","390","311","C0015923"
"883","2","3","5","80","81","189","182","509","290","C0015923"
"6340","2","5","8","63","45","23","34","464","187","C0015923"
"26040","2","3","12","19","31","1","116","297","78","C0015923"
"7167","2","3","2","90","167","266","367","500","577","C0015929"
"26229","2","3","2","74","205","191","396","408","257","C0015929"
"79147","2","3","2","27","36","150","430","215","628","C0015944"
"103","2","3","2","110","184","119","156","287","116","C0015944"
"7157","2","3","12","19","31","261","402","489","551","C0015944"
"185","2","5","4","68","96","326","427","548","672","C0015944"
"2273","2","5","8","63","45","23","103","464","187","C0015944"
"5184","2","3","5","80","81","166","52","105","349","C0015951"
"30061","2","3","5","25","44","165","101","274","358","C0015951"
"4322","2","5","7","53","51","342","454","573","492","C0016045"
"5830","2","3","5","43","161","305","409","208","482","C0016045"
"6866","2","5","4","68","96","326","427","548","672","C0016045"
"1071","2","5","7","53","51","342","454","573","492","C0016045"
"8456","2","3","3","19","221","321","428","541","667","C0016049"
"2717","2","3","7","34","52","216","395","549","674","C0016049"
"23534","2","3","2","22","33","323","66","101","136","C0016049"
"4089","2","3","12","19","219","339","259","423","605","C0016049"
"2175","2","3","12","19","31","261","116","1","86","C0016049"
"773","2","5","8","27","36","166","341","223","628","C0016049"
"50617","2","3","5","29","88","100","125","168","223","C0016049"
"2317","2","5","7","63","45","23","103","287","664","C0016049"
"6347","2","5","7","53","51","119","427","489","416","C0016052"
"8626","2","3","3","19","221","321","428","541","667","C0016052"
"55670","2","3","5","43","161","305","409","208","482","C0016057"
"1280","2","5","7","53","51","342","454","573","492","C0016057"
"55714","2","5","7","53","51","342","454","573","254","C0016057"
"22","2","3","2","48","170","279","423","274","154","C0016057"
"3918","2","5","7","53","51","342","454","573","492","C0016057"
"53834","2","5","7","53","51","342","454","573","492","C0016063"
"9791","2","3","8","45","94","199","240","415","666","C0016063"
"81027","2","3","12","76","153","40","38","54","75","C0016470"
"60","2","3","12","60","45","184","155","287","78","C0016470"
"5155","2","5","7","53","51","342","454","573","186","C0016470"
"5443","2","5","4","68","96","326","427","548","672","C0016506"
"3630","2","5","7","53","14","20","25","40","186","C0016506"
"4524","2","3","2","15","166","104","369","117","583","C0016506"
"11136","2","3","5","80","94","199","240","415","666","C0016506"
"5781","2","5","7","53","14","20","25","40","186","C0016506"
"55212","2","3","12","76","153","76","38","54","75","C0016506"
"8241","2","3","2","22","33","323","66","101","136","C0016506"
"9342","2","5","7","34","52","216","395","549","674","C0016506"
"6774","2","3","12","53","14","276","25","489","416","C0016506"
"7291","2","3","12","19","151","276","91","489","416","C0016506"
"958","2","5","7","53","51","119","156","568","697","C0016506"
"7080","2","3","3","19","221","321","428","541","667","C0016506"
"6016","2","5","7","60","54","24","30","46","72","C0016506"
"26249","2","3","12","41","116","268","434","468","213","C0016506"
"51119","2","3","2","110","85","237","433","547","671","C0016506"
"23414","2","3","12","19","31","118","155","287","116","C0016506"
"10060","2","3","8","41","45","23","423","464","445","C0016506"
"4867","2","5","7","76","153","40","38","54","75","C0016506"
"6899","2","5","7","53","184","335","259","560","373","C0016506"
"5447","2","3","5","91","214","271","372","471","586","C0016506"
"1954","2","5","7","53","51","342","454","573","492","C0016506"
"6261","2","5","8","63","45","23","34","464","187","C0016506"
"2317","2","5","7","63","45","23","103","287","664","C0016506"
"5313","2","3","2","90","167","321","428","541","115","C0016506"
"324","2","3","12","41","219","197","70","255","422","C0016506"
"8626","2","3","3","19","221","321","428","541","667","C0016506"
"26580","2","5","8","27","70","99","162","216","290","C0016506"
"7468","2","3","12","19","31","1","426","55","78","C0016506"
"2624","2","3","12","19","31","1","155","287","116","C0016506"
"23530","2","3","2","88","34","234","322","505","523","C0016506"
"51062","2","5","7","27","36","150","402","489","373","C0016508"
"51741","2","3","2","22","33","323","66","101","127","C0016508"
"3845","2","5","7","60","54","24","30","46","72","C0016508"
"4000","2","3","12","26","105","178","226","297","156","C0016508"
"10269","2","3","2","48","182","50","119","444","556","C0016522"
"22856","2","3","2","78","189","303","251","320","403","C0016522"
"208","2","5","7","53","14","20","34","540","68","C0016522"
"8890","2","3","2","110","85","237","433","547","671","C0016522"
"1080","2","3","12","41","219","339","156","544","669","C0016522"
"6736","2","3","12","19","31","276","91","433","667","C0016522"
"3592","2","5","7","53","51","119","25","489","416","C0016522"
"1719","2","3","2","76","153","40","116","54","75","C0016522"
"8813","2","3","2","48","116","142","136","280","363","C0016522"
"2201","2","5","7","53","51","342","454","573","492","C0016522"
"7474","2","5","3","68","221","184","259","544","669","C0016663"
"5076","2","3","3","19","221","321","428","541","667","C0016663"
"4538","2","3","2","48","170","50","119","444","556","C0016663"
"8813","2","3","2","48","116","142","136","280","363","C0016663"
"7415","2","3","7","34","52","216","395","536","445","C0016663"
"6622","2","3","7","27","36","150","341","223","628","C0016663"
"1629","2","3","2","67","92","293","55","75","311","C0016663"
"150684","2","3","12","41","116","268","434","468","213","C0016663"
"9241","2","5","7","53","51","342","259","423","389","C0016663"
"6529","2","5","8","45","94","199","240","415","666","C0016663"
"658","2","5","7","53","51","342","259","423","389","C0016663"
"715","2","5","7","53","51","119","395","549","674","C0016663"
"2215","2","5","7","34","52","216","395","549","674","C0016663"
"10522","2","3","12","19","221","197","259","236","422","C0016663"
"356","2","5","7","53","219","339","25","489","697","C0016663"
"1499","2","3","12","19","221","197","259","560","422","C0016663"
"23729","2","3","2","90","167","148","36","51","383","C0016663"
"3663","2","3","12","53","184","119","156","287","116","C0016663"
"4668","2","3","5","21","111","188","242","313","396","C0016663"
"3984","2","5","7","53","14","20","34","540","68","C0016663"
"2916","2","5","4","68","96","326","427","548","672","C0016667"
"9509","2","5","7","53","51","342","454","573","492","C0016667"
"3039","2","3","5","35","41","118","155","287","116","C0016667"
"6392","2","3","2","48","170","50","119","444","556","C0016689"
"100288687","2","3","2","110","85","237","433","547","671","C0016689"
"6597","2","3","12","19","31","1","426","55","78","C0016689"
"8822","2","5","7","53","14","20","25","40","186","C0016689"
"7507","2","3","12","19","31","261","116","1","86","C0016689"
"3586","2","5","7","53","51","119","25","489","416","C0016689"
"6016","2","5","7","60","54","24","30","46","72","C0016689"
"183","2","5","4","68","96","326","427","548","672","C0016689"
"4313","2","5","7","53","51","342","454","573","492","C0016689"
"7157","2","3","12","19","31","261","402","489","551","C0016689"
"5073","2","3","2","110","85","323","433","146","194","C0016689"
"1855","2","5","12","76","153","197","259","560","422","C0016689"
"1798","2","3","2","48","69","99","162","216","290","C0016689"
"121278","2","3","5","80","81","166","307","258","345","C0016689"
"7355","2","3","2","78","206","324","430","429","544","C0016689"
"54101","2","3","2","48","170","50","347","167","593","C0016689"
"5979","2","5","7","53","14","20","25","40","186","C0016689"
"2072","2","3","12","19","31","261","116","1","86","C0016689"
"3784","2","5","8","63","36","166","106","110","158","C0016689"
"9126","2","3","12","76","153","40","38","54","75","C0016689"
"10225","2","5","7","53","51","119","395","549","674","C0016689"
"51151","2","3","5","23","18","138","250","332","407","C0016689"
"421","2","5","7","42","51","335","444","560","373","C0016689"
"7849","2","3","3","19","221","321","428","541","667","C0016689"
"26128","2","3","12","76","153","40","38","54","154","C0016689"
"2033","2","3","12","19","31","1","91","433","118","C0016689"
"10269","2","3","2","48","182","50","119","444","556","C0016689"
"4287","2","3","12","41","116","268","434","468","215","C0016689"
"4193","2","3","12","19","31","1","116","89","605","C0016689"
"4485","2","5","7","68","51","119","395","549","674","C0016689"
"23586","2","3","12","41","219","339","156","568","605","C0016689"
"11232","2","3","3","19","151","276","91","433","118","C0016689"
"8526","2","3","2","63","30","193","306","390","158","C0016689"
"4638","2","5","7","53","45","23","103","464","187","C0016781"
"55209","2","3","12","11","142","225","142","220","298","C0016781"
"9241","2","5","7","53","51","342","259","423","389","C0016781"
"794","2","5","8","27","36","150","341","223","593","C0016781"
"5979","2","5","7","53","14","20","25","40","186","C0016781"
"23384","2","3","12","63","45","184","103","572","658","C0016952"
"1292","2","5","7","53","51","342","454","573","492","C0016952"
"5573","2","3","12","19","184","118","155","287","116","C0016952"
"4524","2","3","2","15","166","104","369","117","583","C0016978"
"6899","2","5","7","53","184","335","259","560","373","C0016978"
"6683","2","3","12","76","153","40","38","54","75","C0016978"
"6201","2","3","2","110","85","237","433","547","671","C0016978"
"1001","2","5","7","53","51","335","444","560","373","C0016978"
"10293","2","3","12","41","116","268","434","468","213","C0016978"
"2033","2","3","12","19","31","1","91","433","118","C0016978"
"10686","2","5","6","42","36","71","177","64","219","C0016978"
"4286","2","3","12","19","31","261","116","1","664","C0016978"
"4000","2","3","12","26","105","178","226","297","156","C0016978"
"3569","2","5","7","53","51","342","454","573","416","C0017075"
"2736","2","3","12","41","116","321","428","54","667","C0017075"
"3569","2","5","7","53","51","342","454","573","416","C0017075"
"4758","2","3","7","34","52","216","395","549","517","C0017075"
"8573","2","5","7","53","36","71","341","223","219","C0017075"
"3973","2","5","4","68","96","326","427","548","672","C0017075"
"650","2","5","7","53","51","342","259","423","389","C0017075"
"6010","2","5","4","68","96","326","427","548","672","C0017086"
"6390","2","3","2","48","170","50","119","444","556","C0017086"
"5580","2","5","7","34","52","216","395","287","116","C0017086"
"1421","2","3","6","63","45","160","362","177","673","C0017086"
"8200","2","5","7","53","51","342","259","423","389","C0017154"
"4879","2","5","4","68","96","326","427","548","672","C0017154"
"3265","2","5","7","60","54","24","30","46","72","C0017154"
"3265","2","5","7","60","54","24","30","46","72","C0017154"
"7436","2","5","7","53","51","342","341","544","669","C0017178"
"9401","2","3","12","76","31","261","116","1","86","C0017178"
"2273","2","5","8","63","45","23","103","464","187","C0017178"
"6926","2","5","7","53","51","335","259","560","373","C0017178"
"222662","2","5","5","53","105","143","226","194","156","C0017178"
"1154","2","3","12","41","116","268","434","468","213","C0017178"
"30813","2","3","3","19","221","321","428","541","667","C0017178"
"9742","2","3","12","76","153","40","38","54","75","C0017178"
"7148","2","5","7","53","51","342","454","573","492","C0017178"
"51524","2","5","7","45","94","199","240","415","666","C0017178"
"5932","2","3","12","19","31","261","116","1","86","C0017178"
"9401","2","3","12","76","31","261","116","1","86","C0017178"
"554","2","5","4","68","96","326","427","548","672","C0017185"
"1906","2","5","4","68","96","326","427","548","672","C0017185"
"54968","2","3","2","48","170","50","119","444","556","C0017185"
"7167","2","3","2","90","167","266","367","500","577","C0017185"
"4747","2","5","7","27","36","150","341","223","628","C0017185"
"7276","2","5","7","34","52","216","395","549","674","C0017185"
"7249","2","3","7","60","57","110","141","359","462","C0017185"
"4143","2","3","5","80","81","105","426","129","2","C0017205"
"5631","2","3","2","72","119","109","266","336","452","C0017205"
"4864","2","3","5","48","152","184","341","544","669","C0017205"
"8260","2","3","12","41","85","266","76","287","78","C0017205"
"3845","2","5","7","60","54","24","30","46","72","C0017563"
"5443","2","5","4","68","96","326","427","548","672","C0017563"
"6862","2","5","3","53","51","335","259","560","373","C0017563"
"348","2","5","7","53","51","342","454","573","492","C0017563"
"1131","2","5","4","68","96","326","427","548","672","C0017563"
"3930","2","3","2","22","33","323","66","3","464","C0017563"
"4864","2","3","5","48","152","184","341","544","669","C0017563"
"9420","2","3","5","79","159","256","215","282","366","C0017563"
"213","2","5","7","53","51","342","454","573","492","C0017563"
"8924","2","3","12","41","116","268","434","468","213","C0017563"
"54806","2","5","7","76","153","40","38","54","75","C0017563"
"5660","2","5","7","34","52","326","427","548","702","C0017563"
"673","2","5","7","53","14","20","34","540","68","C0017563"
"2353","2","3","12","19","31","1","91","489","416","C0017563"
"27125","2","3","12","19","31","261","116","159","211","C0017563"
"2200","2","5","7","53","51","342","454","573","492","C0017563"
"8626","2","3","3","19","221","321","428","541","667","C0017563"
"11019","2","3","2","67","92","293","55","75","311","C0017563"
"4148","2","5","7","53","51","342","454","573","492","C0017563"
"2074","2","3","12","19","31","1","426","55","78","C0017565"
"1382","2","3","3","67","92","293","55","75","311","C0017565"
"8643","2","5","3","68","221","197","259","560","422","C0017565"
"2153","2","5","7","53","51","342","454","573","492","C0017565"
"50617","2","3","5","29","88","100","125","168","223","C0017565"
"5961","2","5","7","27","51","326","126","414","702","C0017565"
"7157","2","3","12","19","31","261","402","489","551","C0017565"
"9791","2","3","8","45","94","199","240","415","666","C0017565"
"2248","2","5","7","53","14","20","25","40","186","C0017565"
"2703","2","3","12","76","153","40","38","54","75","C0017565"
"1144","2","5","8","27","70","99","162","216","290","C0017565"
"5728","2","3","5","80","81","339","156","568","605","C0017565"
"5443","2","5","4","68","96","326","427","548","672","C0017565"
"6103","2","3","12","76","153","40","38","54","75","C0017565"
"570","2","3","5","43","161","305","409","255","56","C0017565"
"5828","2","3","5","43","161","305","409","208","482","C0017565"
"1807","2","3","5","80","23","186","79","560","273","C0017565"
"1277","2","5","7","53","51","342","454","573","492","C0017565"
"5077","2","3","3","19","221","321","428","541","667","C0017574"
"6609","2","3","5","105","155","250","291","152","420","C0017574"
"5378","2","3","12","19","31","261","116","1","86","C0017574"
"2022","2","5","7","53","51","342","259","423","389","C0017574"
"3981","2","3","12","19","31","261","116","1","86","C0017574"
"51109","2","3","2","69","51","101","126","170","224","C0017574"
"1737","2","3","2","67","92","293","55","75","311","C0017574"
"29089","2","3","12","41","116","268","434","468","213","C0017574"
"5155","2","5","7","53","51","342","454","573","186","C0017574"
"51473","2","5","7","60","36","20","25","64","215","C0017574"
"25782","2","5","7","60","54","24","30","46","72","C0017574"
"54903","2","3","12","76","153","40","38","54","75","C0017605"
"421","2","5","7","42","51","335","444","560","373","C0017605"
"6899","2","5","7","53","184","335","259","560","373","C0017605"
"5781","2","5","7","53","14","20","25","40","186","C0017605"
"7305","2","5","7","34","52","216","395","549","674","C0017605"
"1144","2","5","8","27","70","99","162","216","290","C0017605"
"25959","2","3","3","19","151","276","91","433","118","C0017605"
"1314","2","3","7","76","153","40","38","54","203","C0017612"
"8526","2","3","2","63","30","193","306","390","158","C0017612"
"1281","2","5","7","53","51","342","454","573","492","C0017612"
"9993","2","5","7","53","51","342","454","573","492","C0017612"
"9241","2","5","7","53","51","342","259","423","389","C0017662"
"2099","2","3","12","19","151","276","91","433","118","C0017662"
"7507","2","3","12","19","31","261","116","1","86","C0017662"
"5594","2","5","7","34","14","20","34","540","274","C0017662"
"51604","2","3","2","61","77","142","176","235","317","C0017662"
"2261","2","5","7","53","14","20","25","40","186","C0017662"
"6794","2","3","12","53","14","20","34","540","68","C0017665"
"84197","2","5","2","53","14","20","25","215","186","C0017665"
"3431","2","3","12","53","184","119","156","287","116","C0017665"
"25978","2","3","2","48","57","110","141","359","462","C0017665"
"7227","2","3","12","19","31","276","91","433","118","C0017665"
"10847","2","3","12","19","31","1","426","55","78","C0017665"
"3558","2","5","7","53","14","20","25","40","186","C0017665"
"51364","2","3","6","11","142","225","142","220","298","C0017671"
"64131","2","3","2","74","205","191","98","66","203","C0017671"
"8653","2","3","12","110","85","237","136","472","127","C0017671"
"940","2","5","7","53","14","20","25","40","186","C0017671"
"3418","2","3","2","67","151","276","33","48","155","C0017919"
"3914","2","5","7","53","51","342","454","573","492","C0017919"
"1785","2","5","7","60","14","184","341","544","669","C0017922"
"4893","2","5","7","34","52","24","30","46","72","C0017922"
"7809","2","5","8","63","45","23","34","464","187","C0017924"
"2657","2","5","7","53","51","342","259","423","389","C0017924"
"7042","2","5","7","53","51","342","454","573","492","C0017979"
"2688","2","5","7","53","51","119","25","40","186","C0017979"
"3418","2","3","2","67","151","276","33","48","155","C0017979"
"7291","2","3","12","19","151","276","91","489","416","C0017979"
"4055","2","3","12","41","219","339","156","568","697","C0017979"
"3630","2","5","7","53","14","20","25","40","186","C0017979"
"10265","2","3","3","19","221","321","428","541","667","C0017979"
"10342","2","3","7","60","219","40","202","66","203","C0017979"
"5351","2","5","7","53","51","342","454","573","492","C0017979"
"51103","2","3","2","48","170","50","119","444","556","C0017979"
"4000","2","3","12","26","105","178","226","297","156","C0017979"
"29954","2","5","2","27","206","324","430","215","290","C0017979"
"7490","2","3","3","19","221","321","428","541","667","C0017979"
"718","2","5","7","34","51","119","395","549","674","C0017979"
"9049","2","3","3","41","151","276","378","271","356","C0017979"
"2072","2","3","12","19","31","261","116","1","86","C0017979"
"5144","2","3","4","68","96","326","427","548","672","C0017979"
"2688","2","5","7","53","51","119","25","40","186","C0017979"
"5339","2","5","7","53","51","342","454","573","492","C0017979"
"1080","2","3","12","41","219","339","156","544","669","C0017979"
"10653","2","5","7","68","51","114","162","321","475","C0017979"
"8195","2","3","12","76","153","76","38","54","75","C0017979"
"7290","2","3","12","19","31","1","426","55","78","C0017979"
"5015","2","3","3","19","221","321","428","541","667","C0017979"
"1277","2","5","7","53","51","342","454","573","492","C0017979"
"10617","2","3","12","48","57","110","141","359","462","C0017979"
"1586","2","3","5","79","98","256","335","425","540","C0017979"
"23522","2","3","12","19","31","1","426","55","78","C0017979"
"1312","2","3","2","87","79","105","426","129","25","C0017979"
"6341","2","3","2","48","170","50","119","444","556","C0018021"
"54880","2","3","12","19","31","1","426","55","78","C0018021"
"27245","2","3","6","22","142","225","366","362","468","C0018021"
"8322","2","5","3","68","221","184","259","544","669","C0018021"
"7486","2","3","12","19","31","261","116","1","86","C0018021"
"1301","2","5","7","53","51","342","454","573","492","C0018021"
"220296","2","5","7","53","51","119","444","549","674","C0018021"
"9927","2","3","12","19","31","118","155","287","116","C0018021"
"10491","2","5","7","53","51","342","454","573","492","C0018021"
"1717","2","3","2","19","151","276","48","69","204","C0018021"
"7421","2","3","3","19","151","276","91","433","118","C0018021"
"1130","2","5","7","60","54","326","141","359","462","C0018021"
"871","2","5","7","53","51","342","454","573","492","C0018021"
"25974","2","3","7","48","51","105","139","186","245","C0018021"
"51135","2","3","12","53","219","20","156","568","697","C0018021"
"26119","2","5","7","60","14","184","341","544","669","C0018021"
"8813","2","3","2","48","116","142","136","280","363","C0018021"
"208","2","5","7","53","14","20","34","540","68","C0018021"
"9569","2","3","12","19","31","276","91","433","118","C0018023"
"10262","2","3","2","22","33","323","66","101","136","C0018023"
"7385","2","3","2","48","170","50","119","514","85","C0018023"
"2073","2","3","12","19","31","261","116","1","86","C0018051"
"7468","2","3","12","19","31","1","426","55","78","C0018051"
"4088","2","3","12","19","219","339","259","423","605","C0018051"
"4548","2","3","2","15","85","105","139","186","245","C0018051"
"2978","2","3","5","80","81","272","223","518","621","C0018051"
"3892","2","1","6","11","142","225","142","220","298","C0018051"
"773","2","5","8","27","36","166","341","223","628","C0018051"
"1896","2","5","12","41","219","339","156","568","697","C0018051"
"54919","2","3","2","41","96","279","304","370","257","C0018051"
"4313","2","5","7","53","51","342","454","573","492","C0018051"
"51702","2","3","12","19","31","1","426","55","78","C0018051"
"64805","2","5","4","68","96","326","427","548","672","C0018051"
"22930","2","5","7","60","54","24","30","46","72","C0018051"
"1565","2","3","5","91","214","226","326","413","530","C0018051"
"2263","2","5","7","53","14","20","25","40","186","C0018051"
"7415","2","3","7","34","52","216","395","536","445","C0018051"
"4536","2","3","2","48","170","50","119","444","556","C0018051"
"2737","2","3","12","19","116","321","428","54","667","C0018051"
"3280","2","3","12","19","31","143","428","236","667","C0018051"
"3239","2","3","3","19","221","321","428","541","667","C0018051"
"5447","2","3","5","91","214","271","372","471","586","C0018054"
"58","2","5","8","63","45","23","103","464","187","C0018054"
"5422","2","3","12","19","31","261","116","1","86","C0018054"
"7015","2","3","12","19","31","1","426","55","78","C0018055"
"4261","2","3","12","53","184","119","156","287","116","C0018055"
"23363","2","3","12","41","116","268","434","468","213","C0018055"
"1586","2","3","5","79","98","256","335","425","540","C0018055"
"2315","2","5","8","63","45","23","141","464","187","C0018055"
"5591","2","3","12","19","31","261","116","1","86","C0018055"
"4137","2","3","7","27","36","150","341","223","628","C0018055"
"26012","2","3","12","19","31","261","116","159","211","C0018055"
"8214","2","3","6","11","142","225","142","220","298","C0018055"
"5625","2","3","2","101","103","177","225","271","356","C0018055"
"4519","2","3","2","48","170","50","119","508","312","C0018055"
"4000","2","3","12","26","105","178","226","297","156","C0018055"
"4508","2","3","2","48","170","50","119","444","556","C0018055"
"2539","2","3","2","48","57","110","141","359","383","C0018055"
"2720","2","3","7","34","52","216","395","21","599","C0018055"
"5696","2","3","12","41","116","268","156","568","116","C0018055"
"3586","2","5","7","53","51","119","25","489","416","C0018055"
"5781","2","5","7","53","14","20","25","40","186","C0018055"
"9031","2","3","12","19","31","1","426","55","78","C0018055"
"3123","2","5","7","53","51","119","156","287","116","C0018099"
"3239","2","3","3","19","221","321","428","541","667","C0018099"
"641","2","3","12","19","31","261","116","1","86","C0018099"
"5340","2","5","7","53","51","342","454","573","492","C0018099"
"6341","2","3","2","48","170","50","119","444","556","C0018099"
"3423","2","3","5","74","3","342","374","294","590","C0018099"
"51741","2","3","2","22","33","323","66","101","127","C0018099"
"8626","2","3","3","19","221","321","428","541","667","C0018099"
"84530","2","5","2","22","33","323","66","101","136","C0018099"
"2263","2","5","7","53","14","20","25","40","186","C0018099"
"396","2","5","7","60","54","24","30","46","72","C0018099"
"23095","2","3","7","76","153","40","38","54","75","C0018099"
"50940","2","3","4","68","96","326","427","548","672","C0018099"
"3832","2","3","12","76","153","40","38","54","75","C0018099"
"5604","2","5","7","53","14","20","34","540","68","C0018133"
"4694","2","3","2","48","170","50","119","444","556","C0018133"
"2581","2","3","5","80","81","250","291","152","420","C0018133"
"6335","2","5","8","63","36","166","341","390","158","C0018133"
"10804","2","3","12","76","153","40","38","54","75","C0018133"
"2677","2","5","7","53","51","342","454","573","492","C0018199"
"2132","2","3","2","74","58","112","148","193","263","C0018199"
"6392","2","3","2","48","170","50","119","444","556","C0018200"
"4750","2","5","12","76","14","20","34","540","68","C0018200"
"657","2","5","7","53","221","342","259","423","389","C0018203"
"9215","2","5","2","27","36","150","430","215","628","C0018203"
"4000","2","3","12","26","105","178","226","297","156","C0018203"
"257202","2","3","5","80","81","110","378","173","229","C0018203"
"3315","2","3","12","41","181","160","362","402","215","C0018203"
"4846","2","3","5","41","219","75","243","44","64","C0018203"
"4358","2","3","5","43","161","305","409","208","482","C0018213"
"5621","2","5","8","27","36","342","454","573","628","C0018213"
"1813","2","5","4","68","96","326","427","548","672","C0018213"
"2683","2","3","7","34","52","216","395","549","617","C0018213"
"6775","2","5","7","53","14","119","25","40","186","C0018213"
"8214","2","3","6","11","142","225","142","220","298","C0018213"
"10342","2","3","7","60","219","40","202","66","203","C0018213"
"779","2","5","8","63","36","166","341","390","158","C0018213"
"1811","2","5","8","35","41","199","40","415","666","C0018213"
"7032","2","3","12","19","156","251","349","437","78","C0018213"
"4318","2","5","7","34","52","216","395","573","492","C0018213"
"54862","2","3","12","76","153","40","38","54","75","C0018273"
"50964","2","5","3","68","221","197","259","423","422","C0018273"
"2626","2","3","12","19","31","118","155","287","116","C0018273"
"7124","2","3","12","41","219","339","156","568","697","C0018273"
"4094","2","3","12","19","31","276","91","433","118","C0018273"
"9632","2","3","7","60","153","40","38","54","203","C0018273"
"9719","2","5","7","53","51","342","454","573","492","C0018273"
"9927","2","3","12","19","31","118","155","287","116","C0018273"
"10142","2","3","12","76","153","40","38","54","75","C0018273"
"1717","2","3","2","19","151","276","48","69","204","C0018273"
"2731","2","3","2","106","104","214","234","67","53","C0018273"
"51114","2","5","5","68","96","326","162","216","290","C0018273"
"7248","2","3","2","48","57","110","141","359","462","C0018273"
"5339","2","5","7","53","51","342","454","573","492","C0018273"
"1302","2","5","7","53","51","342","454","573","492","C0018273"
"3123","2","5","7","53","51","119","156","287","116","C0018273"
"54840","2","3","12","19","31","261","116","1","86","C0018273"
"51360","2","3","3","26","35","276","91","433","203","C0018273"
"5307","2","3","3","19","221","321","428","541","667","C0018273"
"9782","2","3","2","22","33","323","66","101","136","C0018273"
"6772","2","3","12","53","184","119","156","287","116","C0018273"
"2254","2","5","7","53","14","20","25","40","186","C0018273"
"2775","2","5","4","68","36","150","341","223","628","C0018273"
"10815","2","5","7","60","36","71","341","223","666","C0018273"
"3305","2","3","12","41","219","339","347","271","356","C0018273"
"23495","2","3","12","41","219","339","156","568","697","C0018273"
"7040","2","5","7","53","51","342","454","573","492","C0018273"
"55315","2","3","5","80","81","296","62","94","150","C0018273"
"4854","2","5","7","53","51","143","428","236","667","C0018273"
"4288","2","3","12","76","153","40","38","54","75","C0018273"
"6390","2","3","2","48","170","50","119","444","556","C0018273"
"8526","2","3","2","63","30","193","306","390","158","C0018273"
"10716","2","5","7","53","51","335","444","560","373","C0018500"
"1962","2","3","5","43","161","305","409","208","482","C0018500"
"22948","2","3","12","76","137","76","136","472","435","C0018500"
"4514","2","3","2","48","57","110","141","359","5","C0018536"
"5073","2","3","2","110","85","323","433","146","194","C0018536"
"5818","2","5","7","53","51","335","444","560","373","C0018536"
"2200","2","5","7","53","51","342","454","573","492","C0018536"
"7809","2","5","8","63","45","23","34","464","187","C0018536"
"10804","2","3","12","76","153","40","38","54","75","C0018536"
"10269","2","3","2","48","182","50","119","444","556","C0018536"
"488","2","5","8","63","45","23","103","464","187","C0018536"
"9573","2","5","7","53","51","342","259","423","389","C0018536"
"3954","2","3","2","48","170","67","119","444","593","C0018536"
"175","2","3","7","34","52","216","395","549","674","C0018536"
"6576","2","3","2","45","94","199","240","569","666","C0018536"
"2492","2","5","4","68","96","326","427","548","672","C0018536"
"8220","2","3","2","22","33","323","66","101","136","C0018536"
"6499","2","3","2","110","85","237","433","547","671","C0018536"
"5444","2","3","5","80","147","236","328","411","229","C0018536"
"79042","2","3","12","22","33","323","66","101","664","C0018536"
"8200","2","5","7","53","51","342","259","423","389","C0018536"
"8575","2","3","2","22","33","323","66","101","194","C0018536"
"3954","2","3","2","48","170","67","119","444","593","C0018536"
"1834","2","5","7","53","51","342","454","573","492","C0018536"
"25923","2","3","2","48","184","50","119","444","116","C0018536"
"1302","2","5","7","53","51","342","454","573","492","C0018536"
"2239","2","3","2","74","51","342","454","573","492","C0018536"
"51259","2","3","2","76","153","40","38","54","75","C0018536"
"6234","2","3","2","110","85","237","433","547","671","C0018536"
"2138","2","3","12","19","31","1","426","55","78","C0018552"
"3123","2","5","7","53","51","119","156","287","116","C0018552"
"7157","2","3","12","19","31","261","402","489","551","C0018552"
"4148","2","5","7","53","51","342","454","573","492","C0018553"
"4625","2","3","8","63","45","23","103","464","187","C0018553"
"10749","2","3","7","76","153","40","38","54","75","C0018553"
"1301","2","5","7","53","51","342","454","573","492","C0018553"
"6531","2","5","8","45","94","199","240","415","666","C0018553"
"2255","2","5","7","53","14","20","25","40","186","C0018553"
"79738","2","3","12","76","153","76","38","54","75","C0018553"
"5980","2","3","12","19","31","261","116","1","86","C0018553"
"6340","2","5","8","63","45","23","34","464","187","C0018553"
"1815","2","5","4","68","96","326","427","548","672","C0018564"
"10686","2","5","6","42","36","71","177","64","219","C0018564"
"147409","2","1","6","11","142","225","142","220","298","C0018564"
"3313","2","3","2","48","170","50","304","167","593","C0018564"
"7054","2","3","5","80","81","166","34","258","345","C0018564"
"6888","2","3","2","90","167","266","367","500","577","C0018564"
"6905","2","3","12","76","153","40","38","54","75","C0018564"
"3861","2","1","6","11","142","225","142","220","298","C0018564"
"1811","2","5","8","35","41","199","40","415","666","C0018564"
"256297","2","3","3","19","221","321","428","541","667","C0018564"
"421","2","5","7","42","51","335","444","560","373","C0018564"
"9247","2","5","7","53","221","197","259","423","389","C0018564"
"7390","2","3","5","80","81","166","132","175","473","C0018564"
"8289","2","3","12","19","31","1","426","55","78","C0018564"
"3918","2","5","7","53","51","342","454","573","492","C0018564"
"3052","2","3","2","48","170","50","119","444","556","C0018564"
"3561","2","5","7","53","14","20","25","40","186","C0018564"
"477","2","3","8","63","45","23","103","464","187","C0018564"
"8517","2","3","12","41","219","339","156","568","697","C0018564"
"3098","2","3","2","90","167","266","367","500","577","C0018564"
"6899","2","5","7","53","184","335","259","560","373","C0018564"
"694","2","3","12","19","31","198","261","146","118","C0018564"
"4000","2","3","12","26","105","178","226","297","156","C0018564"
"4644","2","5","7","60","54","184","141","359","411","C0018564"
"5422","2","3","12","19","31","261","116","1","86","C0018564"
"4358","2","3","5","43","161","305","409","208","482","C0018564"
"5373","2","3","2","90","167","123","158","207","278","C0018564"
"1621","2","3","5","53","51","239","333","422","537","C0018564"
"2010","2","3","12","26","105","296","226","488","156","C0018564"
"5979","2","5","7","53","14","20","25","40","186","C0018564"
"473","2","3","12","19","31","1","426","55","78","C0018564"
"10483","2","3","7","60","54","24","30","46","72","C0018564"
"4835","2","3","5","80","130","114","290","367","475","C0018566"
"4803","2","5","7","60","54","24","30","46","72","C0018566"
"2255","2","5","7","53","14","20","25","40","186","C0018566"
"5627","2","5","7","53","51","342","454","573","702","C0018566"
"7476","2","5","3","68","221","197","259","560","422","C0018566"
"3981","2","3","12","19","31","261","116","1","86","C0018566"
"7461","2","3","7","60","153","40","38","93","75","C0018566"
"1277","2","5","7","53","51","342","454","573","492","C0018566"
"6948","2","5","7","48","51","105","139","186","245","C0018671"
"9049","2","3","3","41","151","276","378","271","356","C0018671"
"3954","2","3","2","48","170","67","119","444","593","C0018671"
"731","2","5","7","53","51","119","395","549","674","C0018671"
"2218","2","5","2","53","123","194","255","560","373","C0018671"
"3845","2","5","7","60","54","24","30","46","72","C0018671"
"8022","2","3","3","110","85","321","428","541","667","C0018671"
"3458","2","5","7","53","184","119","156","287","116","C0018671"
"710","2","5","7","53","51","342","454","573","702","C0018671"
"5885","2","3","12","76","153","40","38","54","75","C0018671"
"3559","2","5","7","53","14","20","25","40","186","C0018671"
"7415","2","3","7","34","52","216","395","536","445","C0018671"
"2353","2","3","12","19","31","1","91","489","416","C0018671"
"650","2","5","7","53","51","342","259","423","389","C0018671"
"54880","2","3","12","19","31","1","426","55","78","C0018671"
"23317","2","5","7","34","52","216","395","549","674","C0018671"
"55612","2","5","7","60","36","71","177","560","701","C0018671"
"7099","2","5","7","41","219","339","156","568","697","C0018671"
"5076","2","3","3","19","221","321","428","541","667","C0018671"
"9966","2","5","12","41","219","339","156","568","697","C0018671"
"5631","2","3","2","72","119","109","266","336","452","C0018671"
"55135","2","3","12","76","137","76","136","472","435","C0018671"
"6628","2","3","2","22","33","323","66","101","136","C0018671"
"29925","2","3","2","68","66","123","158","207","278","C0018671"
"1134","2","5","8","27","70","99","162","216","290","C0018671"
"8314","2","3","12","41","31","1","426","55","78","C0018671"
"1131","2","5","4","68","96","326","427","548","672","C0018780"
"9401","2","3","12","76","31","261","116","1","86","C0018780"
"4935","2","5","4","68","96","326","427","548","672","C0018780"
"10300","2","3","12","76","153","40","38","54","75","C0018780"
"5781","2","5","7","53","14","20","25","40","186","C0018781"
"2166","2","3","2","11","142","152","142","570","298","C0018781"
"7421","2","3","3","19","151","276","91","433","118","C0018781"
"1411","2","3","6","63","45","160","362","177","673","C0018781"
"30813","2","3","3","19","221","321","428","541","667","C0018781"
"338","2","5","7","53","51","342","454","573","492","C0018790"
"2741","2","5","8","27","70","99","162","216","290","C0018790"
"4629","2","5","8","63","45","23","103","464","187","C0018790"
"3984","2","5","7","53","14","20","34","540","68","C0018790"
"9179","2","5","7","60","18","184","341","544","669","C0018790"
"7473","2","5","3","68","221","197","259","560","422","C0018790"
"1387","2","3","12","19","31","276","91","433","118","C0018790"
"6928","2","3","3","19","221","321","428","541","667","C0018790"
"5243","2","3","12","41","116","268","423","536","445","C0018790"
"27229","2","3","12","76","153","40","38","54","75","C0018790"
"3929","2","5","7","53","51","119","25","489","416","C0018794"
"2588","2","3","7","34","52","216","395","549","674","C0018794"
"6622","2","3","7","27","36","150","341","223","628","C0018808"
"5015","2","3","3","19","221","321","428","541","667","C0018808"
"8878","2","3","12","41","219","339","156","568","697","C0018808"
"6010","2","5","4","68","96","326","427","548","672","C0018808"
"4692","2","5","7","53","51","119","402","489","416","C0018808"
"6890","2","3","12","41","184","119","156","568","116","C0018816"
"8777","2","5","7","42","36","71","177","223","219","C0018816"
"54567","2","5","7","53","51","143","428","236","667","C0018816"
"5073","2","3","2","110","85","323","433","146","194","C0018816"
"11005","2","1","6","11","142","225","142","220","298","C0018816"
"5663","2","5","7","34","52","216","395","549","667","C0018816"
"1301","2","5","7","53","51","342","454","573","492","C0018816"
"3265","2","5","7","60","54","24","30","46","72","C0018816"
"2271","2","3","5","80","81","166","170","226","305","C0018816"
"6010","2","5","4","68","96","326","427","548","672","C0018816"
"6909","2","5","7","53","51","335","444","560","373","C0018816"
"9496","2","5","6","11","142","225","142","220","673","C0018816"
"4688","2","5","7","60","14","20","25","40","215","C0018816"
"1272","2","5","7","53","51","335","444","236","373","C0018816"
"26278","2","3","12","41","116","268","347","271","356","C0018816"
"6575","2","3","8","45","94","199","240","415","666","C0018816"
"242","2","3","5","11","142","223","142","220","298","C0018816"
"9213","2","5","7","68","96","184","219","380","666","C0018816"
"673","2","5","7","53","14","20","34","540","68","C0018816"
"6890","2","3","12","41","184","119","156","568","116","C0018816"
"10060","2","3","8","41","45","23","423","464","445","C0018816"
"8575","2","3","2","22","33","323","66","101","194","C0018816"
"25814","2","3","2","48","170","110","119","444","462","C0018816"
"5444","2","3","5","80","147","236","328","411","229","C0018816"
"29926","2","3","2","68","66","123","158","207","278","C0018843"
"2623","2","3","12","19","31","1","155","287","116","C0018843"
"3835","2","3","12","76","153","40","38","54","75","C0018843"
"3553","2","5","7","53","51","119","25","489","416","C0018843"
"2260","2","5","7","53","14","20","25","40","186","C0018843"
"847","2","3","7","34","52","216","395","549","674","C0018843"
"118429","2","5","8","53","51","197","454","540","422","C0018843"
"3592","2","5","7","53","51","119","25","489","416","C0018843"
"2147","2","5","7","68","51","342","454","573","492","C0018843"
"50964","2","5","3","68","221","197","259","423","422","C0018843"
"55534","2","3","12","19","31","143","428","236","667","C0018843"
"2048","2","5","7","53","14","20","25","560","373","C0018843"
"51364","2","3","6","11","142","225","142","220","298","C0018843"
"2271","2","3","5","80","81","166","170","226","305","C0018916"
"53834","2","5","7","53","51","342","454","573","492","C0018916"
"5277","2","3","2","61","77","142","176","235","317","C0018916"
"1581","2","3","5","19","151","276","91","433","118","C0018916"
"6674","2","3","12","48","57","50","38","54","462","C0018916"
"26281","2","5","7","53","14","20","25","40","186","C0018916"
"3785","2","5","8","63","36","166","106","110","158","C0018916"
"3643","2","5","7","53","14","20","25","40","186","C0018916"
"5648","2","5","7","53","51","119","395","549","674","C0018916"
"1294","2","5","7","53","51","342","454","573","492","C0018916"
"1290","2","5","7","53","51","342","454","573","492","C0018916"
"5832","2","3","2","101","62","189","182","509","252","C0018916"
"6341","2","3","2","48","170","50","119","444","556","C0018916"
"6622","2","3","7","27","36","150","341","223","628","C0018916"
"4878","2","3","12","19","31","1","426","55","78","C0018916"
"2733","2","3","2","22","33","323","66","101","664","C0018916"
"673","2","5","7","53","14","20","34","540","68","C0018916"
"4593","2","5","7","53","14","20","454","573","492","C0018916"
"4615","2","3","12","41","219","339","156","568","697","C0018916"
"4256","2","5","7","53","51","342","454","573","492","C0018916"
"3358","2","5","4","68","96","326","427","548","672","C0018916"
"51204","2","3","2","48","170","50","119","444","556","C0018916"
"2006","2","5","7","53","51","342","454","573","492","C0018916"
"388585","2","3","12","19","31","143","428","236","667","C0018916"
"190","2","3","3","19","151","276","91","433","118","C0018920"
"3426","2","5","7","53","51","119","395","549","674","C0018920"
"4352","2","5","7","53","14","20","25","40","186","C0018920"
"3350","2","5","4","68","96","326","427","548","672","C0018920"
"29119","2","5","7","11","51","335","444","560","373","C0018920"
"182","2","5","7","53","51","143","428","236","667","C0018920"
"1758","2","5","7","53","51","342","454","573","492","C0018920"
"7170","2","5","8","63","45","23","103","464","187","C0018920"
"7436","2","5","7","53","51","342","341","544","669","C0018920"
"201626","2","3","12","41","116","268","434","468","593","C0018920"
"29954","2","5","2","27","206","324","430","215","290","C0018920"
"8074","2","5","7","53","14","20","25","40","186","C0018920"
"9289","2","5","4","68","96","326","427","548","672","C0018920"
"2908","2","3","12","19","151","276","91","433","118","C0018920"
"3845","2","5","7","60","54","24","30","46","72","C0018920"
"6295","2","3","4","68","45","272","427","518","621","C0018920"
"54768","2","3","12","41","92","197","57","198","517","C0018920"
"6638","2","3","2","22","33","323","66","101","136","C0018920"
"387357","2","5","7","53","14","20","25","40","186","C0018920"
"2165","2","5","7","53","51","342","454","573","492","C0018920"
"3209","2","3","3","19","221","321","428","541","667","C0018922"
"23347","2","3","12","41","116","268","434","468","213","C0018922"
"219844","2","3","5","60","18","184","356","544","669","C0018923"
"1027","2","3","12","19","31","1","116","1","86","C0018923"
"2203","2","3","5","80","81","266","367","500","577","C0018923"
"10654","2","3","3","72","151","276","91","433","118","C0018923"
"3998","2","3","7","60","153","40","202","66","203","C0018923"
"6389","2","3","2","48","170","50","119","444","556","C0018923"
"8450","2","3","12","41","116","268","434","468","213","C0018923"
"4719","2","3","2","48","170","50","119","444","556","C0018923"
"1280","2","5","7","53","51","342","454","573","492","C0018923"
"6913","2","3","3","19","221","321","428","541","667","C0018923"
"478","2","3","8","63","45","23","366","464","187","C0018923"
"5447","2","3","5","91","214","271","372","471","586","C0018923"
"217","2","3","5","75","120","200","75","230","309","C0018923"
"3070","2","3","12","76","31","1","426","55","78","C0018923"
"6868","2","5","7","53","51","342","454","236","492","C0018923"
"865","2","3","12","19","31","1","426","55","78","C0018923"
"8626","2","3","3","19","221","321","428","541","667","C0018923"
"9702","2","3","12","76","153","40","38","54","75","C0018923"
"4913","2","3","12","19","31","261","116","1","86","C0018924"
"10587","2","3","2","95","2","60","378","37","55","C0018924"
"6654","2","5","7","60","54","24","30","46","72","C0018924"
"10395","2","5","7","60","54","24","30","46","72","C0018924"
"3643","2","5","7","53","14","20","25","40","186","C0018924"
"8643","2","5","3","68","221","197","259","560","422","C0018924"
"3576","2","5","4","68","96","326","427","548","672","C0018924"
"5155","2","5","7","53","51","342","454","573","186","C0018924"
"8481","2","3","12","76","153","40","38","54","75","C0018924"
"1639","2","3","12","76","153","40","38","54","75","C0018924"
"4297","2","3","12","19","31","1","426","55","78","C0018924"
"8490","2","5","4","68","96","326","427","548","672","C0018926"
"9445","2","3","12","19","31","1","426","55","78","C0018926"
"2290","2","3","3","19","221","321","428","541","667","C0018926"
"3861","2","1","6","11","142","225","142","220","298","C0018926"
"4893","2","5","7","34","52","24","30","46","72","C0018932"
"1188","2","5","8","63","45","23","34","464","187","C0018932"
"1493","2","5","7","53","51","119","25","40","186","C0018932"
"3673","2","5","7","53","51","342","454","573","492","C0018932"
"4851","2","3","12","19","221","143","428","236","667","C0018932"
"1813","2","5","4","68","96","326","427","548","672","C0018932"
"100507436","2","5","7","53","51","119","395","549","674","C0018932"
"4089","2","3","12","19","219","339","259","423","605","C0018932"
"4072","2","5","7","53","51","119","454","573","492","C0018932"
"355","2","3","7","41","219","339","156","568","697","C0018939"
"4539","2","3","2","53","184","86","107","560","195","C0018939"
"26040","2","3","12","19","31","1","116","297","78","C0018939"
"2301","2","5","6","11","142","225","142","220","673","C0018939"
"3717","2","5","7","53","14","20","25","40","186","C0018939"
"2138","2","3","12","19","31","1","426","55","78","C0018939"
"9939","2","3","2","22","33","323","66","101","136","C0018939"
"5015","2","3","3","19","221","321","428","541","667","C0018939"
"10535","2","3","12","76","153","40","38","54","75","C0018939"
"10134","2","3","2","41","219","339","156","536","342","C0018939"
"6125","2","3","2","110","85","237","433","547","671","C0018939"
"5828","2","3","5","43","161","305","409","208","482","C0018939"
"2290","2","3","3","19","221","321","428","541","667","C0018939"
"5319","2","3","5","116","183","295","398","243","327","C0018939"
"1836","2","3","2","35","41","94","260","330","375","C0018939"
"4292","2","3","12","19","31","261","116","1","86","C0018939"
"3931","2","3","5","116","183","295","454","243","327","C0018939"
"29954","2","5","2","27","206","324","430","215","290","C0018939"
"6660","2","3","3","19","221","321","428","541","667","C0018975"
"9702","2","3","12","76","153","40","38","54","75","C0018975"
"2263","2","5","7","53","14","20","25","40","186","C0018975"
"2109","2","3","2","48","170","50","119","444","556","C0018975"
"5447","2","3","5","91","214","271","372","471","586","C0018979"
"10128","2","3","2","48","170","50","119","444","556","C0018979"
"22880","2","3","2","115","151","340","451","569","698","C0018979"
"6662","2","3","3","19","221","321","428","541","667","C0018979"
"3481","2","5","7","53","51","342","454","573","492","C0018979"
"6833","2","5","8","45","36","166","240","415","666","C0018979"
"3606","2","5","7","53","51","119","156","489","416","C0018979"
"5885","2","3","12","76","153","40","38","54","75","C0018979"
"7040","2","5","7","53","51","342","454","573","492","C0018979"
"3718","2","5","7","53","14","20","25","40","186","C0018979"
"8802","2","3","8","67","92","293","55","75","311","C0018979"
"4214","2","3","12","41","219","339","34","540","117","C0018979"
"7020","2","3","12","19","31","276","91","433","664","C0018979"
"10939","2","3","2","48","170","50","119","444","593","C0018979"
"4842","2","3","5","63","45","71","177","464","219","C0018979"
"6913","2","3","3","19","221","321","428","541","667","C0018991"
"6399","2","5","7","60","54","24","30","46","72","C0018991"
"650","2","5","7","53","51","342","259","423","389","C0018991"
"4853","2","3","12","19","124","143","428","236","667","C0018991"
"22954","2","3","12","41","116","268","434","468","213","C0018991"
"1269","2","5","4","68","96","326","427","548","672","C0018991"
"6347","2","5","7","53","51","119","427","489","416","C0018991"
"1499","2","3","12","19","221","197","259","560","422","C0018991"
"4626","2","5","8","63","45","23","103","464","187","C0018991"
"5979","2","5","7","53","14","20","25","40","186","C0018991"
"356","2","5","7","53","219","339","25","489","697","C0018991"
"2316","2","5","7","53","51","342","454","573","702","C0018991"
"845","2","5","8","63","45","23","34","464","187","C0018991"
"1187","2","5","8","63","45","23","34","464","187","C0018995"
"9401","2","3","12","76","31","261","116","1","86","C0018995"
"7227","2","3","12","19","31","276","91","433","118","C0018995"
"6899","2","5","7","53","184","335","259","560","373","C0018995"
"64072","2","5","7","53","51","335","444","560","373","C0018995"
"175","2","3","7","34","52","216","395","549","674","C0018995"
"1030","2","3","12","19","31","1","426","55","78","C0018995"
"3845","2","5","7","60","54","24","30","46","72","C0018995"
"6789","2","3","7","53","14","20","34","540","68","C0018995"
"1848","2","3","5","42","81","296","399","201","274","C0018995"
"4158","2","5","4","68","96","326","427","548","672","C0018995"
"55145","2","3","2","22","33","225","142","220","140","C0018995"
"4625","2","3","8","63","45","23","103","464","187","C0019025"
"2697","2","3","7","76","153","40","38","54","75","C0019025"
"4982","2","5","12","41","219","339","156","568","697","C0019025"
"5449","2","3","3","19","221","321","428","541","667","C0019025"
"836","2","3","12","41","219","339","402","489","697","C0019050"
"229","2","3","2","90","167","266","367","500","577","C0019050"
"5371","2","3","12","19","31","1","91","287","116","C0019054"
"10804","2","3","12","76","153","40","38","54","75","C0019054"
"3195","2","3","3","19","221","321","428","541","667","C0019054"
"10019","2","5","7","53","14","20","25","40","116","C0019054"
"4089","2","3","12","19","219","339","259","423","605","C0019054"
"7003","2","3","12","19","31","276","91","433","118","C0019054"
"7461","2","3","7","60","153","40","38","93","75","C0019061"
"6949","2","3","2","110","85","237","164","390","311","C0019061"
"1281","2","5","7","53","51","342","454","573","492","C0019061"
"8892","2","3","2","110","85","237","433","547","671","C0019061"
"8314","2","3","12","41","31","1","426","55","78","C0019061"
"5982","2","3","12","19","31","261","116","1","86","C0019061"
"23363","2","3","12","41","116","268","434","468","213","C0019061"
"3558","2","5","7","53","14","20","25","40","186","C0019061"
"4668","2","3","5","21","111","188","242","313","396","C0019061"
"6392","2","3","2","48","170","50","119","444","556","C0019069"
"6752","2","5","4","68","96","326","427","548","672","C0019069"
"11141","2","5","7","53","36","335","444","223","373","C0019079"
"81037","2","3","2","48","170","50","119","444","556","C0019079"
"3110","2","3","3","19","221","321","428","541","667","C0019079"
"22891","2","3","12","76","153","40","341","54","75","C0019079"
"2516","2","3","3","19","151","276","91","433","118","C0019079"
"617","2","3","2","48","170","50","304","167","593","C0019079"
"5447","2","3","5","91","214","271","372","471","586","C0019080"
"51082","2","3","2","19","31","1","426","55","78","C0019080"
"714","2","5","7","53","51","119","395","549","674","C0019080"
"182","2","5","7","53","51","143","428","236","667","C0019080"
"25886","2","3","12","76","153","76","136","472","435","C0019080"
"79751","2","3","2","10","180","290","26","73","74","C0019080"
"1767","2","3","12","76","153","40","38","54","75","C0019080"
"6521","2","5","8","35","41","199","40","415","666","C0019080"
"8626","2","3","3","19","221","321","428","541","667","C0019080"
"5351","2","5","7","53","51","342","454","573","492","C0019080"
"11253","2","3","2","41","116","268","423","536","445","C0019080"
"1836","2","3","2","35","41","94","260","330","375","C0019080"
"7403","2","3","12","19","31","1","426","55","78","C0019080"
"64902","2","3","8","67","94","199","240","415","666","C0019080"
"538","2","3","8","63","45","23","103","464","187","C0019080"
"4353","2","3","7","34","52","216","395","549","674","C0019080"
"2263","2","5","7","53","14","20","25","40","186","C0019080"
"540","2","5","8","63","45","23","103","464","187","C0019087"
"54101","2","3","2","48","170","50","347","167","593","C0019087"
"4536","2","3","2","48","170","50","119","444","556","C0019087"
"3767","2","5","8","63","36","166","106","110","158","C0019087"
"54903","2","3","12","76","153","40","38","54","75","C0019087"
"7298","2","3","12","76","153","40","38","54","75","C0019087"
"1289","2","5","7","53","51","342","454","573","492","C0019087"
"547","2","3","7","76","153","40","38","54","75","C0019087"
"4000","2","3","12","26","105","178","226","297","156","C0019087"
"675","2","3","12","19","31","261","116","1","86","C0019087"
"5192","2","3","5","43","161","305","409","208","482","C0019087"
"6674","2","3","12","48","57","50","38","54","462","C0019087"
"2701","2","3","12","76","153","40","38","54","75","C0019087"
"10243","2","3","2","27","91","71","204","267","352","C0019087"
"5837","2","3","5","80","81","23","103","464","658","C0019087"
"3730","2","5","7","53","14","20","25","40","186","C0019087"
"4893","2","5","7","34","52","24","30","46","72","C0019087"
"2697","2","3","7","76","153","40","38","54","75","C0019087"
"54903","2","3","12","76","153","40","38","54","75","C0019087"
"5522","2","3","12","76","137","76","136","472","435","C0019087"
"2688","2","5","7","53","51","119","25","40","186","C0019087"
"6514","2","5","7","90","216","337","448","565","562","C0019087"
"9531","2","3","12","41","219","339","347","271","356","C0019087"
"1399","2","5","7","53","14","20","25","40","186","C0019087"
"6578","2","3","5","35","41","77","40","57","80","C0019087"
"27031","2","3","6","11","142","225","38","331","506","C0019087"
"5327","2","5","7","53","51","342","454","573","492","C0019087"
"659","2","5","7","53","14","20","259","423","389","C0019087"
"27040","2","5","7","53","14","20","25","40","186","C0019087"
"10312","2","3","7","34","52","216","395","549","674","C0019087"
"1649","2","3","12","19","31","276","91","433","118","C0019100"
"1031","2","3","12","19","31","1","426","55","78","C0019100"
"10243","2","3","2","27","91","71","204","267","352","C0019100"
"2895","2","5","4","68","36","71","427","223","219","C0019151"
"4683","2","3","12","19","31","261","116","1","86","C0019151"
"3953","2","5","7","53","14","20","25","40","186","C0019151"
"54345","2","5","3","19","221","321","428","541","667","C0019151"
"3425","2","3","5","80","81","166","454","573","492","C0019151"
"2153","2","5","7","53","51","342","454","573","492","C0019151"
"4436","2","3","12","19","31","261","116","1","86","C0019151"
"90","2","5","7","53","51","342","259","423","389","C0019151"
"5883","2","3","12","19","31","261","116","1","86","C0019151"
"5318","2","1","6","11","142","225","142","220","298","C0019151"
"23503","2","3","6","11","142","225","142","220","298","C0019151"
"2668","2","5","7","53","14","20","25","40","186","C0019151"
"4683","2","3","12","19","31","261","116","1","86","C0019151"
"249","2","3","5","27","51","335","444","560","373","C0019151"
"9370","2","5","3","41","151","276","91","433","118","C0019151"
"9968","2","4","3","24","119","330","214","454","144","C0019156"
"5352","2","5","7","53","51","342","454","573","492","C0019156"
"1103","2","3","2","67","92","293","55","75","311","C0019158"
"4852","2","5","4","68","96","326","427","548","672","C0019158"
"5567","2","3","12","53","14","20","34","540","68","C0019158"
"23592","2","3","12","26","105","342","259","423","389","C0019158"
"4292","2","3","12","19","31","261","116","1","86","C0019158"
"7124","2","3","12","41","219","339","156","568","697","C0019158"
"5994","2","3","12","19","31","276","91","491","118","C0019158"
"9496","2","5","6","11","142","225","142","220","673","C0019158"
"673","2","5","7","53","14","20","34","540","68","C0019158"
"2697","2","3","7","76","153","40","38","54","75","C0019158"
"6277","2","3","12","34","52","216","202","572","462","C0019158"
"8242","2","3","12","19","31","1","426","55","78","C0019158"
"3383","2","5","7","53","51","119","454","287","116","C0019158"
"6913","2","3","3","19","221","321","428","541","667","C0019158"
"23545","2","3","5","29","88","132","85","222","346","C0019158"
"5108","2","3","12","76","153","40","38","54","75","C0019158"
"4990","2","3","3","19","221","321","428","541","667","C0019158"
"1776","2","5","7","105","219","261","402","129","215","C0019158"
"26503","2","3","2","89","124","204","272","347","442","C0019158"
"100","2","3","5","33","21","47","56","80","199","C0019158"
"54101","2","3","2","48","170","50","347","167","593","C0019158"
"5333","2","3","5","18","16","40","417","103","58","C0019158"
"8216","2","3","12","41","119","330","214","454","144","C0019158"
"3248","2","3","2","69","83","133","167","224","301","C0019158"
"3552","2","3","12","53","51","119","156","489","416","C0019163"
"4990","2","3","3","19","221","321","428","541","667","C0019163"
"54790","2","3","12","19","31","1","426","55","78","C0019163"
"207","2","3","7","53","14","20","34","489","416","C0019163"
"1281","2","5","7","53","51","342","454","573","492","C0019163"
"2099","2","3","12","19","151","276","91","433","118","C0019163"
"338","2","5","7","53","51","342","454","573","492","C0019163"
"3032","2","3","2","48","57","38","347","12","145","C0019163"
"2707","2","3","12","76","153","40","38","54","75","C0019163"
"54903","2","3","12","76","153","40","38","54","75","C0019163"
"3117","2","5","7","53","153","119","156","287","116","C0019163"
"3265","2","5","7","60","54","24","30","46","72","C0019163"
"51151","2","3","5","23","18","138","250","332","407","C0019187"
"1476","2","5","7","34","52","216","395","549","674","C0019187"
"10269","2","3","2","48","182","50","119","444","556","C0019188"
"1639","2","3","12","76","153","40","38","54","75","C0019188"
"6786","2","5","8","63","45","23","103","464","187","C0019188"
"3984","2","5","7","53","14","20","34","540","68","C0019189"
"7428","2","3","12","41","116","268","434","468","213","C0019189"
"2261","2","5","7","53","14","20","25","40","186","C0019189"
"8915","2","3","12","41","219","339","156","568","697","C0019189"
"8878","2","3","12","41","219","339","156","568","697","C0019189"
"5354","2","5","7","27","36","150","341","223","628","C0019189"
"3074","2","3","7","34","52","216","395","549","607","C0019189"
"7507","2","3","12","19","31","261","116","1","86","C0019189"
"1548","2","3","5","91","214","226","326","447","586","C0019189"
"5189","2","3","5","43","161","305","409","208","482","C0019189"
"51218","2","3","2","48","170","50","119","100","556","C0019189"
"4583","2","3","3","89","206","324","430","429","544","C0019189"
"1678","2","3","2","48","170","50","304","167","593","C0019189"
"1027","2","3","12","19","31","1","116","1","86","C0019189"
"54982","2","3","2","48","170","50","399","167","593","C0019189"
"8820","2","3","3","19","221","321","428","541","667","C0019189"
"6496","2","3","3","19","221","321","428","541","667","C0019189"
"650","2","5","7","53","51","342","259","423","389","C0019189"
"23522","2","3","12","19","31","1","426","55","78","C0019189"
"7353","2","3","12","41","219","339","156","568","605","C0019189"
"26191","2","5","7","53","14","20","25","40","186","C0019189"
"23601","2","5","7","34","52","216","395","549","674","C0019189"
"5290","2","3","7","53","14","20","25","40","186","C0019189"
"3909","2","5","7","53","51","342","454","573","492","C0019196"
"5172","2","5","8","45","94","199","240","415","666","C0019196"
"103","2","3","2","110","184","119","156","287","116","C0019196"
"8260","2","3","12","41","85","266","76","287","78","C0019196"
"1340","2","3","2","48","170","50","141","359","462","C0019196"
"10460","2","3","12","76","153","40","38","54","75","C0019196"
"5376","2","5","7","53","51","342","454","573","492","C0019196"
"23269","2","3","12","19","31","1","426","55","78","C0019196"
"58508","2","3","12","19","31","1","426","55","78","C0019196"
"25","2","3","12","19","14","20","25","287","116","C0019196"
"11232","2","3","3","19","151","276","91","433","118","C0019196"
"843","2","3","12","41","219","339","156","568","697","C0019196"
"2776","2","5","4","68","96","326","427","548","672","C0019196"
"25793","2","3","12","41","116","268","434","468","213","C0019196"
"1277","2","5","7","53","51","342","454","573","492","C0019196"
"25974","2","3","7","48","51","105","139","186","245","C0019202"
"54209","2","5","7","53","51","119","395","549","674","C0019202"
"9531","2","3","12","41","219","339","347","271","356","C0019202"
"2263","2","5","7","53","14","20","25","40","186","C0019202"
"5727","2","3","12","68","221","197","259","560","422","C0019202"
"3156","2","3","2","19","151","276","91","433","118","C0019202"
"2706","2","3","12","76","153","40","38","54","75","C0019202"
"60","2","3","12","60","45","184","155","287","78","C0019202"
"1717","2","3","2","19","151","276","48","69","204","C0019202"
"54453","2","5","7","60","54","24","30","46","72","C0019202"
"8988","2","3","8","63","45","160","103","464","187","C0019202"
"3248","2","3","2","69","83","133","167","224","301","C0019202"
"6606","2","3","2","22","33","323","66","101","136","C0019202"
"7031","2","3","12","19","31","1","426","55","78","C0019202"
"8200","2","5","7","53","51","342","259","423","389","C0019202"
"1184","2","5","8","63","45","23","34","464","187","C0019202"
"6571","2","3","8","60","36","71","341","223","624","C0019202"
"5578","2","5","7","53","14","20","34","540","621","C0019202"
"3984","2","5","7","53","14","20","34","540","68","C0019202"
"5592","2","5","4","53","14","20","34","540","68","C0019202"
"3481","2","5","7","53","51","342","454","573","492","C0019202"
"6774","2","3","12","53","14","276","25","489","416","C0019202"
"2947","2","3","5","91","175","271","372","471","586","C0019202"
"7508","2","3","12","19","31","261","116","1","664","C0019202"
"3081","2","3","2","91","51","3","267","308","429","C0019212"
"4359","2","5","7","53","51","342","454","573","492","C0019212"
"5727","2","3","12","68","221","197","259","560","422","C0019214"
"3040","2","5","5","53","51","342","40","78","178","C0019214"
"7547","2","3","3","19","221","321","428","541","667","C0019214"
"1861","2","5","7","60","14","184","341","544","669","C0019214"
"3857","2","1","6","11","142","225","142","220","298","C0019214"
"1513","2","5","7","53","51","342","454","573","492","C0019214"
"7466","2","5","7","53","51","342","454","573","492","C0019214"
"6389","2","3","2","48","170","50","119","444","556","C0019214"
"3845","2","5","7","60","54","24","30","46","72","C0019214"
"5395","2","3","12","19","31","261","116","1","86","C0019214"
"6331","2","5","8","63","36","166","341","223","158","C0019214"
"11136","2","3","5","80","94","199","240","415","666","C0019214"
"3043","2","5","7","34","52","216","395","549","116","C0019214"
"5745","2","5","4","68","96","326","427","548","672","C0019214"
"2316","2","5","7","53","51","342","454","573","702","C0019214"
"1630","2","5","7","53","51","335","444","560","373","C0019214"
"2626","2","3","12","19","31","118","155","287","116","C0019214"
"7046","2","3","12","41","219","339","259","423","605","C0019214"
"196","2","3","3","19","151","276","91","433","118","C0019214"
"846","2","5","4","68","96","326","427","548","672","C0019214"
"860","2","3","12","19","31","276","91","433","118","C0019214"
"2033","2","3","12","19","31","1","91","433","118","C0019214"
"6390","2","3","2","48","170","50","119","444","556","C0019243"
"3284","2","3","2","69","98","169","299","183","243","C0019243"
"6392","2","3","2","48","170","50","119","444","556","C0019243"
"80199","2","3","12","76","153","40","38","54","75","C0019270"
"1717","2","3","2","19","151","276","48","69","204","C0019270"
"4629","2","5","8","63","45","23","103","464","187","C0019270"
"3990","2","3","5","26","35","178","9","414","220","C0019270"
"3479","2","5","7","53","51","342","454","573","492","C0019270"
"22868","2","3","2","48","182","67","76","463","153","C0019270"
"55690","2","3","2","48","57","110","141","359","462","C0019270"
"54888","2","3","2","110","85","152","129","252","154","C0019270"
"1380","2","5","7","53","51","119","395","549","674","C0019270"
"7681","2","3","12","41","116","268","434","468","213","C0019288"
"4049","2","3","12","41","219","339","156","568","697","C0019288"
"26160","2","3","12","76","153","40","38","54","75","C0019288"
"5824","2","3","5","47","144","185","238","310","392","C0019288"
"55612","2","5","7","60","36","71","177","560","701","C0019288"
"8085","2","3","12","19","31","1","426","55","78","C0019288"
"285590","2","5","7","60","14","20","25","40","215","C0019288"
"3655","2","5","7","53","51","342","454","573","492","C0019337"
"1536","2","5","7","34","52","216","395","549","674","C0019337"
"1644","2","3","2","88","79","239","333","258","345","C0019337"
"10479","2","5","7","27","36","150","341","223","628","C0019337"
"1130","2","5","7","60","54","326","141","359","462","C0019337"
"2512","2","3","7","34","52","216","395","544","358","C0019337"
"4638","2","5","7","53","45","23","103","464","187","C0019337"
"2176","2","3","12","19","31","261","116","1","86","C0019337"
"3035","2","3","2","110","85","237","433","547","154","C0019337"
"60","2","3","12","60","45","184","155","287","78","C0019372"
"6557","2","5","8","45","94","199","240","415","666","C0019372"
"6662","2","3","3","19","221","321","428","541","667","C0019372"
"4001","2","3","12","76","31","40","38","54","75","C0019521"
"70","2","5","8","63","45","23","103","464","187","C0019521"
"26012","2","3","12","19","31","261","116","159","211","C0019521"
"1145","2","5","8","27","70","99","162","216","290","C0019559"
"6648","2","3","2","95","151","160","378","173","229","C0019559"
"4283","2","5","4","68","96","326","427","548","672","C0019562"
"2316","2","5","7","53","51","342","454","573","702","C0019562"
"7124","2","3","12","41","219","339","156","568","697","C0019825"
"4175","2","3","12","76","31","261","116","1","86","C0019825"
"8891","2","3","2","110","85","237","433","547","671","C0019825"
"857","2","5","7","53","45","23","57","83","422","C0019825"
"5652","2","1","6","11","142","225","142","220","298","C0019825"
"2176","2","3","12","19","31","261","116","1","86","C0019825"
"4591","2","3","12","41","116","268","434","468","213","C0019825"
"3663","2","3","12","53","184","119","156","287","116","C0019825"
"2752","2","3","2","101","62","189","182","509","409","C0019825"
"4893","2","5","7","34","52","24","30","46","72","C0019825"
"2710","2","3","2","72","43","179","88","125","382","C0019825"
"55215","2","3","12","76","31","261","116","1","86","C0019825"
"3892","2","1","6","11","142","225","142","220","298","C0019825"
"2697","2","3","7","76","153","40","38","54","75","C0019825"
"4089","2","3","12","19","219","339","259","423","605","C0019825"
"3717","2","5","7","53","14","20","25","40","186","C0019825"
"4436","2","3","12","19","31","261","116","1","86","C0019825"
"4690","2","5","7","60","14","20","25","40","215","C0019825"
"94","2","5","7","53","51","342","259","423","389","C0019825"
"5396","2","3","3","19","221","321","428","541","667","C0019825"
"2317","2","5","7","63","45","23","103","287","664","C0019825"
"6911","2","5","6","19","142","335","259","560","373","C0019825"
"81839","2","3","2","41","36","71","259","64","422","C0019825"
"9401","2","3","12","76","31","261","116","1","86","C0019825"
"4041","2","5","3","68","221","197","259","560","422","C0019825"
"2670","2","5","7","27","36","150","341","223","628","C0019825"
"55505","2","3","2","110","85","237","433","547","671","C0019825"
"4000","2","3","12","26","105","178","226","297","156","C0019825"
"374","2","5","7","60","153","40","202","66","203","C0019825"
"368","2","3","12","41","116","268","423","536","445","C0019825"
"1499","2","3","12","19","221","197","259","560","422","C0019825"
"1737","2","3","2","67","92","293","55","75","311","C0019829"
"846","2","5","4","68","96","326","427","548","672","C0019829"
"6334","2","5","8","63","36","166","341","223","158","C0019829"
"10142","2","3","12","76","153","40","38","54","75","C0019829"
"26160","2","3","12","76","153","40","38","54","75","C0019829"
"6390","2","3","2","48","170","50","119","444","556","C0019829"
"5824","2","3","5","47","144","185","238","310","392","C0019829"
"673","2","5","7","53","14","20","34","540","68","C0019829"
"3708","2","5","8","63","45","23","306","390","158","C0019829"
"11285","2","3","2","74","205","191","396","408","620","C0019829"
"1280","2","5","7","53","51","342","454","573","492","C0019829"
"6392","2","3","2","48","170","50","119","444","556","C0019829"
"51085","2","3","2","48","57","110","141","359","462","C0019829"
"6750","2","5","4","68","96","326","427","548","672","C0019829"
"54","2","3","5","80","81","178","195","256","342","C0019829"
"7422","2","5","7","53","51","342","454","573","702","C0019880"
"4998","2","3","12","76","31","261","116","1","86","C0019880"
"2243","2","5","7","53","51","342","454","573","492","C0019880"
"2159","2","5","7","68","51","119","454","549","674","C0019880"
"6647","2","3","2","95","2","342","378","173","702","C0019880"
"3717","2","5","7","53","14","20","25","40","186","C0019880"
"2147","2","5","7","68","51","342","454","573","492","C0019880"
"7518","2","3","12","19","31","261","116","1","86","C0020071"
"7454","2","5","7","60","14","20","25","40","215","C0020071"
"6710","2","5","7","60","14","20","25","40","186","C0020071"
"5982","2","3","12","19","31","261","116","1","86","C0020071"
"54982","2","3","2","48","170","50","399","167","593","C0020075"
"9469","2","3","2","103","189","303","29","475","467","C0020075"
"1410","2","3","12","63","45","23","38","54","187","C0020075"
"29851","2","5","7","53","14","20","25","40","186","C0020075"
"8200","2","5","7","53","51","342","259","423","389","C0020075"
"595","2","3","12","19","31","1","426","489","416","C0020179"
"3110","2","3","3","19","221","321","428","541","667","C0020179"
"4843","2","3","5","43","161","305","409","489","416","C0020179"
"5644","2","5","7","68","51","119","395","549","674","C0020179"
"7015","2","3","12","19","31","1","426","55","78","C0020179"
"3075","2","5","7","53","51","119","395","549","674","C0020179"
"2720","2","3","7","34","52","216","395","21","599","C0020179"
"3766","2","5","8","63","36","166","106","110","158","C0020179"
"3257","2","5","7","60","54","24","30","46","72","C0020179"
"6609","2","3","5","105","155","250","291","152","420","C0020179"
"1272","2","5","7","53","51","335","444","236","373","C0020179"
"6389","2","3","2","48","170","50","119","444","556","C0020179"
"182","2","5","7","53","51","143","428","236","667","C0020225"
"4233","2","5","7","53","14","20","25","40","186","C0020225"
"1832","2","5","7","34","52","225","142","220","298","C0020225"
"1285","2","5","7","53","51","342","454","573","492","C0020225"
"10804","2","3","12","76","153","40","38","54","75","C0020258"
"4722","2","3","2","48","170","50","119","444","556","C0020258"
"4041","2","5","3","68","221","197","259","560","422","C0020302"
"6556","2","3","7","34","52","216","395","549","674","C0020302"
"55703","2","3","2","22","33","261","116","159","211","C0020302"
"1727","2","3","7","34","52","216","395","549","197","C0020302"
"2534","2","5","7","53","14","20","25","40","186","C0020302"
"2773","2","5","4","68","96","326","427","548","672","C0020302"
"2263","2","5","7","53","14","20","25","40","186","C0020302"
"857","2","5","7","53","45","23","57","83","422","C0020302"
"5015","2","3","3","19","221","321","428","541","667","C0020302"
"6640","2","5","7","42","36","71","177","223","219","C0020302"
"6275","2","3","12","34","52","216","156","572","697","C0020302"
"6336","2","5","8","63","36","166","341","390","158","C0020302"
"9895","2","3","2","48","57","110","141","359","462","C0020302"
"50943","2","3","12","19","31","1","426","129","131","C0020302"
"1302","2","5","7","53","51","342","454","573","492","C0020302"
"1399","2","5","7","53","14","20","25","40","186","C0020302"
"54345","2","5","3","19","221","321","428","541","667","C0020302"
"3914","2","5","7","53","51","342","454","573","492","C0020302"
"2736","2","3","12","41","116","321","428","54","667","C0020302"
"5805","2","3","2","43","91","75","204","267","352","C0020305"
"1019","2","3","12","19","31","1","116","1","86","C0020305"
"5296","2","5","7","53","14","20","25","40","186","C0020305"
"6010","2","5","4","68","96","326","427","548","672","C0020305"
"2690","2","5","7","53","14","20","25","40","186","C0020305"
"6648","2","3","2","95","151","160","378","173","229","C0020305"
"5728","2","3","5","80","81","339","156","568","605","C0020305"
"27030","2","3","12","19","31","1","426","55","78","C0020305"
"2146","2","3","12","19","31","1","426","55","78","C0020305"
"1027","2","3","12","19","31","1","116","1","86","C0020305"
"8777","2","5","7","42","36","71","177","223","219","C0020305"
"1356","2","3","7","53","51","342","454","573","492","C0020305"
"9782","2","3","2","22","33","323","66","101","136","C0020305"
"8106","2","3","2","22","33","323","66","101","136","C0020305"
"8481","2","3","12","76","153","40","38","54","75","C0020305"
"6392","2","3","2","48","170","50","119","444","556","C0020305"
"7036","2","3","5","29","88","132","85","222","346","C0020305"
"1415","2","3","6","63","45","160","362","177","673","C0020305"
"5429","2","3","12","19","31","261","116","1","86","C0020305"
"27031","2","3","6","11","142","225","38","331","506","C0020305"
"28956","2","5","7","34","52","216","395","359","462","C0020305"
"6569","2","3","8","45","94","199","240","415","666","C0020305"
"9200","2","3","5","80","81","166","35","49","174","C0020428"
"1289","2","5","7","53","51","342","454","573","492","C0020428"
"1499","2","3","12","19","221","197","259","560","422","C0020428"
"5566","2","3","12","76","14","20","34","540","75","C0020428"
"3105","2","5","7","53","51","119","156","287","116","C0020428"
"3242","2","3","5","67","92","293","55","308","390","C0020428"
"2796","2","5","4","68","96","326","427","548","672","C0020428"
"23096","2","5","7","60","54","24","30","46","72","C0020428"
"4487","2","3","3","19","221","321","428","541","667","C0020428"
"5144","2","3","4","68","96","326","427","548","672","C0020428"
"8085","2","3","12","19","31","1","426","55","78","C0020428"
"10913","2","3","12","41","219","339","156","568","697","C0020428"
"6718","2","3","2","46","136","227","168","225","490","C0020428"
"7415","2","3","7","34","52","216","395","536","445","C0020428"
"324","2","3","12","41","219","197","70","255","422","C0020428"
"1277","2","5","7","53","51","342","454","573","492","C0020428"
"2138","2","3","12","19","31","1","426","55","78","C0020428"
"207","2","3","7","53","14","20","34","489","416","C0020428"
"2316","2","5","7","53","51","342","454","573","702","C0020428"
"79133","2","3","2","48","170","50","119","444","556","C0020433"
"4851","2","3","12","19","221","143","428","236","667","C0020433"
"1280","2","5","7","53","51","342","454","573","492","C0020433"
"2006","2","5","7","53","51","342","454","573","492","C0020433"
"5894","2","5","7","60","54","23","34","464","187","C0020438"
"3426","2","5","7","53","51","119","395","549","674","C0020438"
"25836","2","3","12","76","153","40","38","54","75","C0020438"
"5727","2","3","12","68","221","197","259","560","422","C0020438"
"5255","2","3","7","34","45","23","103","464","187","C0020438"
"224","2","3","5","50","47","39","202","19","233","C0020438"
"5308","2","3","3","19","221","321","428","541","667","C0020438"
"1144","2","5","8","27","70","99","162","216","290","C0020438"
"4359","2","5","7","53","51","342","454","573","492","C0020438"
"10491","2","5","7","53","51","342","454","573","492","C0020438"
"2130","2","3","2","22","33","323","66","491","609","C0020438"
"8398","2","3","5","116","183","40","38","352","455","C0020438"
"2074","2","3","12","19","31","1","426","55","78","C0020438"
"1293","2","5","7","53","51","342","454","573","492","C0020438"
"2006","2","5","7","53","51","342","454","573","492","C0020438"
"4921","2","5","7","53","14","20","25","573","186","C0020438"
"2774","2","2","1","9","15","21","28","42","62","C0020438"
"658","2","5","7","53","51","342","259","423","389","C0020438"
"51715","2","5","7","60","54","24","30","46","72","C0020438"
"10585","2","5","2","27","206","324","430","215","290","C0020438"
"7547","2","3","3","19","221","321","428","541","667","C0020438"
"3909","2","5","7","53","51","342","454","573","492","C0020438"
"3976","2","5","7","53","51","119","25","489","416","C0020438"
"1497","2","5","2","63","182","50","103","297","628","C0020438"
"3674","2","5","7","53","51","342","454","573","492","C0020438"
"2073","2","3","12","19","31","261","116","1","86","C0020438"
"8803","2","3","8","67","92","293","55","75","311","C0020438"
"8625","2","3","12","19","31","276","91","236","118","C0020440"
"486","2","5","8","63","45","23","103","464","187","C0020440"
"269","2","5","7","53","14","20","259","423","389","C0020445"
"2775","2","5","4","68","36","150","341","223","628","C0020445"
"6899","2","5","7","53","184","335","259","560","373","C0020445"
"2066","2","5","7","53","14","20","25","40","186","C0020445"
"2006","2","5","7","53","51","342","454","573","492","C0020445"
"9451","2","3","2","110","51","335","226","297","380","C0020445"
"5429","2","3","12","19","31","261","116","1","86","C0020445"
"51259","2","3","2","76","153","40","38","54","75","C0020445"
"2697","2","3","7","76","153","40","38","54","75","C0020445"
"4747","2","5","7","27","36","150","341","223","628","C0020445"
"4000","2","3","12","26","105","178","226","297","156","C0020445"
"2566","2","5","8","27","70","99","162","216","290","C0020445"
"4720","2","3","2","48","170","50","119","444","556","C0020445"
"2707","2","3","12","76","153","40","38","54","75","C0020445"
"3077","2","5","7","53","51","119","395","549","674","C0020445"
"3198","2","3","3","19","221","321","428","541","667","C0020445"
"10060","2","3","8","41","45","23","423","464","445","C0020445"
"1387","2","3","12","19","31","276","91","433","118","C0020452"
"58495","2","5","3","19","221","321","259","560","422","C0020452"
"93","2","5","7","53","14","20","259","423","389","C0020452"
"5961","2","5","7","27","51","326","126","414","702","C0020452"
"7372","2","3","2","68","119","109","266","182","182","C0020452"
"5147","2","3","5","60","54","24","30","46","72","C0020452"
"7476","2","5","3","68","221","197","259","560","422","C0020452"
"5830","2","3","5","43","161","305","409","208","482","C0020452"
"7421","2","3","3","19","151","276","91","433","118","C0020452"
"7040","2","5","7","53","51","342","454","573","492","C0020452"
"22845","2","3","2","48","68","125","161","214","288","C0020452"
"4340","2","5","7","53","51","119","341","223","628","C0020452"
"23269","2","3","12","19","31","1","426","55","78","C0020452"
"4665","2","3","3","11","221","321","428","541","667","C0020453"
"27077","2","3","12","76","153","40","38","54","75","C0020453"
"9365","2","3","7","53","14","20","25","40","186","C0020455"
"6121","2","3","2","69","83","101","126","170","224","C0020455"
"29851","2","5","7","53","14","20","25","40","186","C0020455"
"1410","2","3","12","63","45","23","38","54","187","C0020455"
"2184","2","3","5","76","153","138","236","332","407","C0020455"
"26580","2","5","8","27","70","99","162","216","290","C0020455"
"9782","2","3","2","22","33","323","66","101","136","C0020455"
"8772","2","3","12","41","219","339","156","568","697","C0020455"
"10087","2","3","7","50","47","39","100","321","255","C0020455"
"4312","2","5","7","53","51","342","454","573","492","C0020455"
"7507","2","3","12","19","31","261","116","1","86","C0020456"
"6885","2","3","12","41","219","339","156","568","697","C0020456"
"26575","2","5","4","68","96","326","427","548","672","C0020456"
"5443","2","5","4","68","96","326","427","548","672","C0020456"
"10982","2","3","12","76","153","40","38","54","75","C0020456"
"1482","2","3","3","19","221","321","428","541","667","C0020456"
"326","2","3","12","19","31","261","377","370","269","C0020456"
"1021","2","3","12","19","31","1","426","55","78","C0020456"
"6469","2","5","3","53","221","197","259","560","422","C0020456"
"6635","2","3","2","22","33","323","66","101","136","C0020456"
"4720","2","3","2","48","170","50","119","444","556","C0020456"
"26580","2","5","8","27","70","99","162","216","290","C0020456"
"7015","2","3","12","19","31","1","426","55","78","C0020456"
"10733","2","3","12","76","153","40","38","54","75","C0020456"
"9","2","3","2","22","214","261","76","1","86","C0020456"
"10491","2","5","7","53","51","342","454","573","492","C0020456"
"6926","2","5","7","53","51","335","259","560","373","C0020456"
"4709","2","3","2","48","170","50","119","444","556","C0020456"
"1050","2","3","12","19","151","276","91","433","118","C0020456"
"4000","2","3","12","26","105","178","226","297","156","C0020456"
"215","2","3","5","47","144","185","238","310","392","C0020456"
"1836","2","3","2","35","41","94","260","330","375","C0020456"
"9935","2","3","12","19","31","1","426","55","78","C0020456"
"37","2","3","2","110","105","178","226","297","380","C0020456"
"2697","2","3","7","76","153","40","38","54","75","C0020456"
"4072","2","5","7","53","51","119","454","573","492","C0020456"
"50846","2","3","3","68","221","197","259","560","422","C0020456"
"2812","2","5","7","53","51","342","454","573","492","C0020456"
"2555","2","5","8","27","70","99","162","216","290","C0020456"
"657","2","5","7","53","221","342","259","423","389","C0020456"
"2969","2","3","12","19","31","276","91","433","118","C0020456"
"4893","2","5","7","34","52","24","30","46","72","C0020456"
"3265","2","5","7","60","54","24","30","46","72","C0020456"
"5313","2","3","2","90","167","321","428","541","115","C0020461"
"5155","2","5","7","53","51","342","454","573","186","C0020461"
"1717","2","3","2","19","151","276","48","69","204","C0020461"
"23169","2","3","2","78","205","112","430","429","544","C0020461"
"50514","2","3","3","19","151","276","91","433","118","C0020461"
"3897","2","5","7","53","51","335","444","560","373","C0020461"
"7200","2","5","4","68","96","326","427","548","672","C0020461"
"1649","2","3","12","19","31","276","91","433","118","C0020461"
"673","2","5","7","53","14","20","34","540","68","C0020461"
"5728","2","3","5","80","81","339","156","568","605","C0020461"
"25793","2","3","12","41","116","268","434","468","213","C0020461"
"1175","2","5","7","60","14","184","341","544","669","C0020461"
"6276","2","5","7","34","52","216","395","572","697","C0020461"
"4534","2","3","5","80","81","296","399","362","468","C0020461"
"23229","2","5","7","60","54","24","30","46","72","C0020461"
"7253","2","5","4","68","96","326","427","548","672","C0020461"
"2273","2","5","8","63","45","23","103","464","187","C0020461"
"57030","2","3","7","27","36","150","341","223","628","C0020474"
"3146","2","5","7","34","52","216","395","549","674","C0020474"
"8869","2","3","2","89","124","204","272","347","451","C0020474"
"3304","2","5","7","34","52","216","395","271","356","C0020476"
"5824","2","3","5","47","144","185","238","310","392","C0020476"
"2201","2","5","7","53","51","342","454","573","492","C0020476"
"8540","2","3","5","43","161","305","409","208","482","C0020476"
"2643","2","3","5","87","91","75","204","267","352","C0020476"
"6812","2","5","7","27","36","150","341","223","628","C0020479"
"846","2","5","4","68","96","326","427","548","672","C0020479"
"1311","2","5","7","53","51","342","454","573","492","C0020480"
"9569","2","3","12","19","31","276","91","433","118","C0020480"
"27249","2","3","2","48","182","50","119","186","245","C0020480"
"4689","2","5","7","60","14","20","25","40","215","C0020481"
"4261","2","3","12","53","184","119","156","287","116","C0020481"
"29123","2","3","12","19","151","276","91","433","118","C0020481"
"6521","2","5","8","35","41","199","40","415","666","C0020488"
"6496","2","3","3","19","221","321","428","541","667","C0020488"
"3887","2","1","6","11","142","225","142","220","298","C0020488"
"1717","2","3","2","19","151","276","48","69","204","C0020488"
"2152","2","5","7","53","51","119","454","549","674","C0020488"
"4514","2","3","2","48","57","110","141","359","5","C0020492"
"9342","2","5","7","34","52","216","395","549","674","C0020492"
"10908","2","3","2","97","173","275","377","473","592","C0020492"
"178","2","3","7","34","52","216","395","549","674","C0020492"
"9227","2","3","2","69","51","101","126","170","224","C0020492"
"4683","2","3","12","19","31","261","116","1","86","C0020500"
"4000","2","3","12","26","105","178","226","297","156","C0020500"
"23554","2","5","3","68","221","197","259","518","492","C0020500"
"10919","2","3","12","19","31","1","426","55","78","C0020500"
"7026","2","3","3","19","151","276","91","433","118","C0020500"
"773","2","5","8","27","36","166","341","223","628","C0020500"
"585","2","3","12","76","153","40","38","54","75","C0020500"
"7099","2","5","7","41","219","339","156","568","697","C0020500"
"9409","2","3","5","43","161","305","409","208","482","C0020502"
"25913","2","3","12","19","31","261","116","1","78","C0020502"
"5159","2","5","7","53","14","20","25","40","186","C0020502"
"1311","2","5","7","53","51","342","454","573","492","C0020502"
"11322","2","5","7","34","52","216","395","549","674","C0020502"
"1848","2","3","5","42","81","296","399","201","274","C0020502"
"51422","2","3","2","48","57","110","141","359","462","C0020502"
"84987","2","3","2","48","170","50","119","444","556","C0020502"
"6709","2","5","7","34","52","216","395","572","158","C0020502"
"3295","2","3","5","43","161","305","409","208","482","C0020502"
"6696","2","5","7","53","51","342","454","573","492","C0020502"
"1947","2","5","7","53","51","20","25","560","373","C0020502"
"4137","2","3","7","27","36","150","341","223","628","C0020503"
"5832","2","3","2","101","62","189","182","509","252","C0020503"
"4948","2","5","8","63","45","23","250","464","187","C0020503"
"23384","2","3","12","63","45","184","103","572","658","C0020503"
"7299","2","3","5","23","18","138","250","332","407","C0020503"
"2200","2","5","7","53","51","342","454","573","492","C0020503"
"6708","2","5","7","60","14","20","25","40","186","C0020503"
"9094","2","5","7","27","36","150","341","331","624","C0020505"
"9343","2","3","2","22","33","323","66","101","136","C0020505"
"23414","2","3","12","19","31","118","155","287","116","C0020505"
"3764","2","5","8","63","36","166","106","110","158","C0020505"
"26525","2","5","7","53","219","119","156","568","697","C0020505"
"10847","2","3","12","19","31","1","426","55","78","C0020505"
"6311","2","3","2","22","33","323","66","362","468","C0020505"
"10161","2","5","4","68","96","326","427","548","672","C0020505"
"1289","2","5","7","53","51","342","454","573","492","C0020505"
"5339","2","5","7","53","51","342","454","573","492","C0020505"
"1145","2","5","8","27","70","99","162","216","290","C0020505"
"1392","2","5","4","68","96","326","427","548","672","C0020505"
"2815","2","5","7","53","51","342","454","573","492","C0020505"
"1471","2","5","7","34","52","216","395","549","492","C0020505"
"7373","2","5","7","53","51","342","454","573","492","C0020505"
"2730","2","3","2","83","171","97","381","478","597","C0020505"
"8573","2","5","7","53","36","71","341","223","219","C0020505"
"1806","2","3","2","49","23","186","149","195","61","C0020505"
"9126","2","3","12","76","153","40","38","54","75","C0020505"
"2121","2","3","12","41","116","268","434","568","605","C0020505"
"7134","2","5","8","63","45","23","103","464","187","C0020505"
"51010","2","3","2","110","85","237","433","547","671","C0020505"
"54928","2","3","2","37","105","92","113","154","201","C0020505"
"51741","2","3","2","22","33","323","66","101","127","C0020505"
"4351","2","3","2","90","167","266","367","500","577","C0020507"
"4023","2","3","5","24","51","342","91","20","27","C0020507"
"367","2","3","12","19","31","276","91","433","118","C0020507"
"10345","2","5","8","63","45","23","34","464","187","C0020507"
"6578","2","3","5","35","41","77","40","57","80","C0020507"
"9569","2","3","12","19","31","276","91","433","118","C0020507"
"3784","2","5","8","63","36","166","106","110","158","C0020507"
"1103","2","3","2","67","92","293","55","75","311","C0020507"
"1280","2","5","7","53","51","342","454","573","492","C0020507"
"25792","2","3","12","22","31","261","195","256","340","C0020507"
"1487","2","3","12","19","31","1","426","55","340","C0020507"
"4089","2","3","12","19","219","339","259","423","605","C0020507"
"1146","2","5","8","27","70","99","162","216","290","C0020507"
"6898","2","3","8","67","94","199","182","509","666","C0020507"
"4281","2","5","7","53","184","119","156","287","116","C0020507"
"2068","2","3","12","19","31","261","116","159","211","C0020507"
"5626","2","3","3","19","221","321","428","541","667","C0020507"
"1482","2","3","3","19","221","321","428","541","667","C0020507"
"6690","2","5","7","68","51","119","395","549","674","C0020507"
"1736","2","3","2","110","85","237","433","547","671","C0020507"
"25836","2","3","12","76","153","40","38","54","75","C0020507"
"2074","2","3","12","19","31","1","426","55","78","C0020507"
"54209","2","5","7","53","51","119","395","549","674","C0020507"
"23204","2","3","2","48","57","110","141","359","462","C0020507"
"3040","2","5","5","53","51","342","40","78","178","C0020507"
"1028","2","3","12","19","31","1","116","1","86","C0020507"
"6658","2","3","12","19","221","321","428","541","667","C0020514"
"55612","2","5","7","60","36","71","177","560","701","C0020514"
"4893","2","5","7","34","52","24","30","46","72","C0020514"
"10320","2","5","7","19","119","143","214","236","389","C0020514"
"3295","2","3","5","43","161","305","409","208","482","C0020514"
"6390","2","3","2","48","170","50","119","444","556","C0020514"
"7461","2","3","7","60","153","40","38","93","75","C0020514"
"5913","2","5","7","27","36","71","341","223","219","C0020514"
"1298","2","5","7","53","51","342","454","573","492","C0020514"
"1855","2","5","12","76","153","197","259","560","422","C0020514"
"2132","2","3","2","74","58","112","148","193","263","C0020523"
"6718","2","3","2","46","136","227","168","225","490","C0020523"
"6928","2","3","3","19","221","321","428","541","667","C0020523"
"5495","2","3","12","41","219","339","347","287","664","C0020523"
"3553","2","5","7","53","51","119","25","489","416","C0020523"
"1184","2","5","8","63","45","23","34","464","187","C0020523"
"2778","2","5","4","68","96","326","427","548","672","C0020523"
"973","2","5","7","53","14","20","25","40","186","C0020523"
"1493","2","5","7","53","51","119","25","40","186","C0020532"
"368","2","3","12","41","116","268","423","536","445","C0020532"
"6949","2","3","2","110","85","237","164","390","311","C0020532"
"9791","2","3","8","45","94","199","240","415","666","C0020532"
"6331","2","5","8","63","36","166","341","223","158","C0020540"
"4000","2","3","12","26","105","178","226","297","156","C0020540"
"338917","2","3","3","19","221","321","428","541","667","C0020540"
"2737","2","3","12","19","116","321","428","54","667","C0020541"
"5189","2","3","5","43","161","305","409","208","482","C0020541"
"3117","2","5","7","53","153","119","156","287","116","C0020541"
"94","2","5","7","53","51","342","259","423","389","C0020541"
"55505","2","3","2","110","85","237","433","547","671","C0020541"
"3265","2","5","7","60","54","24","30","46","72","C0020541"
"79443","2","3","2","48","57","110","141","359","462","C0020541"
"2737","2","3","12","19","116","321","428","54","667","C0020541"
"2067","2","3","12","19","31","261","116","1","86","C0020541"
"79147","2","3","2","27","36","150","430","215","628","C0020541"
"10320","2","5","7","19","119","143","214","236","389","C0020541"
"778","2","5","8","63","36","166","341","223","158","C0020541"
"6891","2","3","12","41","116","119","156","568","116","C0020541"
"7133","2","5","7","34","52","216","395","549","697","C0020541"
"29940","2","5","7","53","51","342","454","573","492","C0020541"
"5664","2","5","7","53","219","143","428","236","667","C0020541"
"477","2","3","8","63","45","23","103","464","187","C0020541"
"5149","2","3","5","68","38","16","477","596","725","C0020541"
"356","2","5","7","53","219","339","25","489","697","C0020541"
"51715","2","5","7","60","54","24","30","46","72","C0020541"
"7124","2","3","12","41","219","339","156","568","697","C0020541"
"26040","2","3","12","19","31","1","116","297","78","C0020541"
"7010","2","5","7","53","14","20","25","40","186","C0020544"
"5325","2","3","12","19","31","198","261","146","118","C0020544"
"6197","2","3","12","19","14","20","34","540","68","C0020544"
"10019","2","5","7","53","14","20","25","40","116","C0020545"
"58","2","5","8","63","45","23","103","464","187","C0020545"
"5265","2","5","7","34","52","216","395","573","702","C0020545"
"348","2","5","7","53","51","342","454","573","492","C0020545"
"10913","2","3","12","41","219","339","156","568","697","C0020545"
"6337","2","5","8","63","45","23","34","464","187","C0020545"
"134","2","5","4","68","96","326","427","548","672","C0020545"
"23765","2","3","12","41","219","238","252","489","416","C0020545"
"2121","2","3","12","41","116","268","434","568","605","C0020545"
"7436","2","5","7","53","51","342","341","544","669","C0020545"
"3149","2","3","2","48","57","110","378","370","664","C0020546"
"51025","2","3","2","48","170","50","304","167","593","C0020546"
"1299","2","5","7","53","51","342","454","573","492","C0020546"
"53335","2","3","12","19","31","1","426","55","78","C0020546"
"11005","2","1","6","11","142","225","142","220","298","C0020550"
"1848","2","3","5","42","81","296","399","201","274","C0020550"
"3887","2","1","6","11","142","225","142","220","298","C0020550"
"26128","2","3","12","76","153","40","38","54","154","C0020550"
"3425","2","3","5","80","81","166","454","573","492","C0020550"
"6899","2","5","7","53","184","335","259","560","373","C0020550"
"6452","2","5","7","53","14","20","25","40","186","C0020550"
"10483","2","3","7","60","54","24","30","46","72","C0020550"
"79621","2","3","2","22","137","76","149","195","435","C0020550"
"4629","2","5","8","63","45","23","103","464","187","C0020550"
"6335","2","5","8","63","36","166","341","390","158","C0020550"
"8942","2","3","5","52","212","183","307","391","507","C0020550"
"3575","2","5","7","53","51","184","341","544","669","C0020550"
"10479","2","5","7","27","36","150","341","223","628","C0020550"
"4524","2","3","2","15","166","104","369","117","583","C0020555"
"3064","2","3","12","48","170","50","444","91","439","C0020555"
"1062","2","3","12","76","153","40","38","54","75","C0020555"
"50943","2","3","12","19","31","1","426","129","131","C0020555"
"7020","2","3","12","19","31","276","91","433","664","C0020555"
"4029","2","3","2","22","85","237","433","547","194","C0020555"
"1278","2","5","7","53","51","342","454","573","492","C0020555"
"4284","2","3","5","80","81","166","397","374","486","C0020555"
"7001","2","3","5","80","81","110","141","359","229","C0020555"
"1301","2","5","7","53","51","342","454","573","492","C0020555"
"8573","2","5","7","53","36","71","341","223","219","C0020555"
"1277","2","5","7","53","51","342","454","573","492","C0020555"
"3785","2","5","8","63","36","166","106","110","158","C0020555"
"26154","2","3","5","47","144","185","238","310","392","C0020555"
"23169","2","3","2","78","205","112","430","429","544","C0020555"
"3060","2","5","4","68","96","326","427","548","672","C0020555"
"55112","2","3","12","76","153","40","38","54","75","C0020555"
"9409","2","3","5","43","161","305","409","208","482","C0020555"
"2099","2","3","12","19","151","276","91","433","118","C0020555"
"3043","2","5","7","34","52","216","395","549","116","C0020555"
"2263","2","5","7","53","14","20","25","40","186","C0020555"
"6709","2","5","7","34","52","216","395","572","158","C0020555"
"54880","2","3","12","19","31","1","426","55","78","C0020555"
"23426","2","5","7","42","36","71","177","223","219","C0020555"
"7248","2","3","2","48","57","110","141","359","462","C0020557"
"1646","2","3","2","46","136","227","168","225","490","C0020557"
"8242","2","3","12","19","31","1","426","55","78","C0020557"
"2717","2","3","7","34","52","216","395","549","674","C0020557"
"1728","2","3","2","41","116","268","434","568","605","C0020557"
"4893","2","5","7","34","52","24","30","46","72","C0020557"
"50964","2","5","3","68","221","197","259","423","422","C0020557"
"55636","2","3","3","19","221","321","428","423","389","C0020557"
"1678","2","3","2","48","170","50","304","167","593","C0020557"
"10587","2","3","2","95","2","60","378","37","55","C0020557"
"1947","2","5","7","53","51","20","25","560","373","C0020557"
"4292","2","3","12","19","31","261","116","1","86","C0020557"
"6843","2","5","7","60","36","71","341","223","203","C0020564"
"4538","2","3","2","48","170","50","119","444","556","C0020564"
"10459","2","3","12","76","31","261","116","1","86","C0020564"
"9928","2","3","12","76","153","40","38","54","75","C0020564"
"5251","2","3","5","80","81","296","474","593","722","C0020564"
"10479","2","5","7","27","36","150","341","223","628","C0020564"
"3458","2","5","7","53","184","119","156","287","116","C0020564"
"23512","2","3","12","19","31","1","426","55","78","C0020564"
"2176","2","3","12","19","31","261","116","1","86","C0020564"
"10398","2","5","8","53","45","23","103","464","187","C0020564"
"5290","2","3","7","53","14","20","25","40","186","C0020564"
"6010","2","5","4","68","96","326","427","548","672","C0020564"
"1001","2","5","7","53","51","335","444","560","373","C0020564"
"1144","2","5","8","27","70","99","162","216","290","C0020564"
"26160","2","3","12","76","153","40","38","54","75","C0020564"
"10082","2","3","2","74","51","342","454","573","492","C0020564"
"1278","2","5","7","53","51","342","454","573","492","C0020564"
"6927","2","3","3","19","221","321","428","541","667","C0020578"
"3636","2","3","5","80","14","20","25","40","186","C0020578"
"1499","2","3","12","19","221","197","259","560","422","C0020578"
"4705","2","3","2","48","170","50","119","444","556","C0020578"
"613","2","5","7","60","54","24","30","46","72","C0020578"
"2736","2","3","12","41","116","321","428","54","667","C0020578"
"695","2","5","7","53","14","20","25","40","186","C0020580"
"613","2","5","7","60","54","24","30","46","72","C0020580"
"2588","2","3","7","34","52","216","395","549","674","C0020580"
"1056","2","3","5","98","194","309","415","524","645","C0020580"
"6776","2","5","7","53","14","20","25","40","186","C0020580"
"2743","2","5","8","27","70","99","162","216","290","C0020580"
"7253","2","5","4","68","96","326","427","548","672","C0020580"
"4519","2","3","2","48","170","50","119","508","312","C0020595"
"2719","2","5","7","53","51","342","454","573","492","C0020595"
"4282","2","5","7","34","52","216","395","549","674","C0020595"
"9342","2","5","7","34","52","216","395","549","674","C0020595"
"5184","2","3","5","80","81","166","52","105","349","C0020595"
"23435","2","3","2","22","33","323","66","101","136","C0020595"
"3590","2","5","7","53","51","119","25","40","416","C0020595"
"4882","2","3","4","68","96","326","427","548","672","C0020595"
"7140","2","5","8","63","45","23","103","464","187","C0020595"
"5428","2","3","2","48","170","50","119","167","593","C0020595"
"7046","2","3","12","41","219","339","259","423","605","C0020595"
"9829","2","5","7","60","14","184","341","544","669","C0020595"
"26040","2","3","12","19","31","1","116","297","78","C0020597"
"2934","2","5","7","34","52","216","395","549","674","C0020597"
"10907","2","3","2","22","33","323","66","101","136","C0020597"
"8195","2","3","12","76","153","76","38","54","75","C0020597"
"10484","2","3","7","60","153","40","38","54","203","C0020597"
"6794","2","3","12","53","14","20","34","540","68","C0020598"
"5144","2","3","4","68","96","326","427","548","672","C0020598"
"5000","2","3","12","76","31","261","116","1","86","C0020598"
"4072","2","5","7","53","51","119","454","573","492","C0020598"
"24","2","3","12","41","116","268","423","536","445","C0020598"
"5447","2","3","5","91","214","271","372","471","586","C0020598"
"4137","2","3","7","27","36","150","341","223","628","C0020598"
"8815","2","3","12","22","33","323","66","444","664","C0020598"
"7136","2","5","8","63","45","23","103","464","187","C0020598"
"1482","2","3","3","19","221","321","428","541","667","C0020598"
"3759","2","5","8","63","36","166","106","110","158","C0020598"
"860","2","3","12","19","31","276","91","433","118","C0020598"
"2296","2","3","3","19","221","321","428","541","667","C0020598"
"2627","2","3","12","19","31","118","155","287","116","C0020598"
"5168","2","3","5","32","93","163","207","324","415","C0020598"
"5159","2","5","7","53","14","20","25","40","186","C0020598"
"2131","2","3","2","74","58","112","148","181","416","C0020598"
"177","2","5","7","53","51","339","156","568","697","C0020598"
"4541","2","3","2","48","170","50","119","444","24","C0020598"
"182","2","5","7","53","51","143","428","236","667","C0020598"
"23594","2","3","12","76","153","261","116","1","86","C0020598"
"6697","2","3","2","69","91","75","204","267","352","C0020598"
"10815","2","5","7","60","36","71","341","223","666","C0020598"
"5805","2","3","2","43","91","75","204","267","352","C0020598"
"4015","2","5","7","53","51","342","454","573","492","C0020598"
"6655","2","5","7","60","54","24","30","46","72","C0020598"
"488","2","5","8","63","45","23","103","464","187","C0020598"
"4929","2","3","3","19","151","276","91","433","118","C0020598"
"1482","2","3","3","19","221","321","428","541","667","C0020598"
"2932","2","3","12","19","14","197","34","540","68","C0020598"
"1758","2","5","7","53","51","342","454","573","492","C0020598"
"27030","2","3","12","19","31","1","426","55","78","C0020599"
"2153","2","5","7","53","51","342","454","573","492","C0020599"
"4312","2","5","7","53","51","342","454","573","492","C0020599"
"7174","2","3","12","41","116","268","434","468","213","C0020599"
"5745","2","5","4","68","96","326","427","548","672","C0020617"
"5940","2","3","2","22","33","323","66","101","136","C0020617"
"4968","2","3","12","19","31","261","116","1","86","C0020617"
"3218","2","3","3","19","221","321","428","541","667","C0020617"
"9289","2","5","4","68","96","326","427","548","672","C0020617"
"5053","2","3","5","80","81","166","236","308","390","C0020617"
"57514","2","5","7","60","54","24","30","46","72","C0020617"
"2670","2","5","7","27","36","150","341","223","628","C0020617"
"2260","2","5","7","53","14","20","25","40","186","C0020617"
"5156","2","5","7","53","14","20","25","40","186","C0020617"
"959","2","5","7","53","51","119","395","549","674","C0020620"
"9896","2","3","5","80","81","296","399","201","274","C0020620"
"10743","2","3","3","19","151","276","91","433","118","C0020620"
"5159","2","5","7","53","14","20","25","40","186","C0020620"
"715","2","5","7","53","51","119","395","549","674","C0020620"
"2617","2","3","2","110","85","237","433","252","154","C0020620"
"2072","2","3","12","19","31","261","116","1","86","C0020620"
"1634","2","5","7","53","51","342","454","573","492","C0020620"
"4000","2","3","12","26","105","178","226","297","156","C0020620"
"22854","2","5","5","27","51","335","444","560","373","C0020620"
"4771","2","5","7","60","36","71","177","64","215","C0020620"
"5873","2","5","7","34","54","24","30","46","72","C0020620"
"2304","2","3","12","19","221","321","428","541","667","C0020620"
"54919","2","3","2","41","96","279","304","370","257","C0020620"
"6452","2","5","7","53","14","20","25","40","186","C0020620"
"3569","2","5","7","53","51","342","454","573","416","C0020620"
"6144","2","3","2","110","85","237","433","547","671","C0020620"
"6812","2","5","7","27","36","150","341","223","628","C0020620"
"785","2","5","8","63","36","166","106","110","158","C0020620"
"1558","2","3","5","91","214","226","326","413","574","C0020620"
"4998","2","3","12","76","31","261","116","1","86","C0020620"
"5824","2","3","5","47","144","185","238","310","392","C0020620"
"3827","2","5","4","68","96","326","427","548","672","C0020620"
"23426","2","5","7","42","36","71","177","223","219","C0020620"
"6905","2","3","12","76","153","40","38","54","75","C0020620"
"5290","2","3","7","53","14","20","25","40","186","C0020621"
"5340","2","5","7","53","51","342","454","573","492","C0020621"
"1584","2","3","5","79","159","256","276","353","456","C0020621"
"2952","2","3","5","91","175","271","372","471","586","C0020621"
"3565","2","5","7","53","51","119","25","489","416","C0020621"
"2178","2","3","12","19","31","261","116","1","86","C0020621"
"2074","2","3","12","19","31","1","426","55","78","C0020621"
"10908","2","3","2","97","173","275","377","473","592","C0020621"
"338","2","5","7","53","51","342","454","573","492","C0020621"
"2990","2","3","7","34","52","216","395","549","674","C0020621"
"547","2","3","7","76","153","40","38","54","75","C0020621"
"9343","2","3","2","22","33","323","66","101","136","C0020621"
"581","2","3","12","41","219","339","402","489","551","C0020621"
"5034","2","5","7","53","51","342","454","573","492","C0020621"
"6778","2","5","7","53","51","119","25","489","416","C0020621"
"1187","2","5","8","63","45","23","34","464","187","C0020621"
"7015","2","3","12","19","31","1","426","55","78","C0020621"
"2184","2","3","5","76","153","138","236","332","407","C0020621"
"7421","2","3","3","19","151","276","91","433","118","C0020621"
"5184","2","3","5","80","81","166","52","105","349","C0020621"
"190","2","3","3","19","151","276","91","433","118","C0020621"
"773","2","5","8","27","36","166","341","223","628","C0020621"
"50807","2","5","7","60","14","24","25","40","215","C0020621"
"51426","2","3","12","19","31","261","116","1","86","C0020621"
"2316","2","5","7","53","51","342","454","573","702","C0020621"
"8626","2","3","3","19","221","321","428","541","667","C0020621"
"7305","2","5","7","34","52","216","395","549","674","C0020621"
"8813","2","3","2","48","116","142","136","280","363","C0020621"
"7139","2","5","8","63","45","23","103","464","187","C0020621"
"1188","2","5","8","63","45","23","34","464","187","C0020621"
"5573","2","3","12","19","184","118","155","287","116","C0020621"
"6389","2","3","2","48","170","50","119","444","556","C0020621"
"9469","2","3","2","103","189","303","29","475","467","C0020621"
"50717","2","3","12","41","116","268","434","468","213","C0020625"
"3312","2","3","7","34","52","184","347","271","356","C0020625"
"2697","2","3","7","76","153","40","38","54","75","C0020625"
"79664","2","3","2","22","33","261","116","159","211","C0020625"
"3759","2","5","8","63","36","166","106","110","158","C0020625"
"9839","2","3","3","19","221","321","428","541","667","C0020625"
"22931","2","5","7","34","54","24","30","46","72","C0020625"
"53834","2","5","7","53","51","342","454","573","492","C0020625"
"5648","2","5","7","53","51","119","395","549","674","C0020625"
"2188","2","3","12","19","31","261","116","1","86","C0020625"
"2200","2","5","7","53","51","342","454","573","492","C0020625"
"56729","2","5","7","34","52","216","395","549","674","C0020625"
"5314","2","3","12","76","153","40","38","54","75","C0020625"
"5308","2","3","3","19","221","321","428","541","667","C0020625"
"1892","2","3","2","67","148","70","456","97","395","C0020625"
"215","2","3","5","47","144","185","238","310","392","C0020625"
"5340","2","5","7","53","51","342","454","573","492","C0020625"
"10166","2","3","2","84","97","167","210","278","360","C0020625"
"2922","2","5","4","68","96","326","427","548","672","C0020625"
"7516","2","3","12","19","31","261","116","1","86","C0020625"
"8878","2","3","12","41","219","339","156","568","697","C0020625"
"4322","2","5","7","53","51","342","454","573","492","C0020625"
"10087","2","3","7","50","47","39","100","321","255","C0020625"
"1080","2","3","12","41","219","339","156","544","669","C0020625"
"30061","2","3","5","25","44","165","101","274","358","C0020626"
"5189","2","3","5","43","161","305","409","208","482","C0020626"
"1028","2","3","12","19","31","1","116","1","86","C0020626"
"176","2","5","7","53","51","342","454","573","492","C0020626"
"256297","2","3","3","19","221","321","428","541","667","C0020626"
"10456","2","3","2","41","170","150","304","167","593","C0020626"
"7189","2","3","12","41","219","339","156","568","697","C0020626"
"9409","2","3","5","43","161","305","409","208","482","C0020626"
"7454","2","5","7","60","14","20","25","40","215","C0020626"
"5156","2","5","7","53","14","20","25","40","186","C0020626"
"1186","2","5","8","63","45","23","34","464","187","C0020626"
"1280","2","5","7","53","51","342","454","573","492","C0020626"
"23556","2","3","2","61","77","142","176","235","317","C0020626"
"5290","2","3","7","53","14","20","25","40","186","C0020626"
"3043","2","5","7","34","52","216","395","549","116","C0020626"
"9990","2","5","8","45","94","199","240","415","666","C0020626"
"5908","2","5","7","34","52","216","30","46","72","C0020626"
"8518","2","3","12","19","31","1","426","55","78","C0020635"
"285","2","5","7","53","51","342","454","573","492","C0020635"
"5077","2","3","3","19","221","321","428","541","667","C0020635"
"9632","2","3","7","60","153","40","38","54","203","C0020635"
"54551","2","3","12","41","219","197","156","568","422","C0020639"
"5194","2","3","5","43","161","305","409","208","482","C0020639"
"1836","2","3","2","35","41","94","260","330","375","C0020639"
"6775","2","5","7","53","14","119","25","40","186","C0020639"
"3423","2","3","5","74","3","342","374","294","590","C0020639"
"7555","2","3","2","110","85","237","433","547","671","C0020639"
"8890","2","3","2","110","85","237","433","547","671","C0020639"
"3785","2","5","8","63","36","166","106","110","158","C0020639"
"1134","2","5","8","27","70","99","162","216","290","C0020651"
"2700","2","3","6","76","153","40","38","54","75","C0020651"
"3643","2","5","7","53","14","20","25","40","186","C0020651"
"7545","2","5","3","34","52","216","142","220","298","C0020651"
"5111","2","3","12","19","31","261","116","1","86","C0020651"
"1186","2","5","8","63","45","23","34","464","187","C0020651"
"1181","2","5","8","63","45","23","34","464","187","C0020651"
"9841","2","3","6","11","142","225","142","220","298","C0020651"
"23363","2","3","12","41","116","268","434","468","213","C0020651"
"4489","2","5","6","27","184","261","116","287","116","C0020651"
"23169","2","3","2","78","205","112","430","429","544","C0020651"
"627","2","5","7","53","51","335","444","423","373","C0020651"
"8867","2","3","5","60","14","184","341","544","669","C0020651"
"10019","2","5","7","53","14","20","25","40","116","C0020651"
"5447","2","3","5","91","214","271","372","471","586","C0020651"
"11231","2","3","2","110","105","178","226","297","380","C0020651"
"2056","2","5","7","53","51","119","25","40","186","C0020651"
"6197","2","3","12","19","14","20","34","540","68","C0020651"
"5994","2","3","12","19","31","276","91","491","118","C0020672"
"4952","2","3","5","60","54","184","30","544","669","C0020672"
"83729","2","5","7","53","51","342","259","423","389","C0020672"
"6529","2","5","8","45","94","199","240","415","666","C0020672"
"6662","2","3","3","19","221","321","428","541","667","C0020672"
"7391","2","3","12","19","31","1","426","55","78","C0020672"
"6295","2","3","4","68","45","272","427","518","621","C0020672"
"546","2","3","12","19","31","261","426","1","86","C0020672"
"4359","2","5","7","53","51","342","454","573","492","C0020672"
"3417","2","3","7","34","52","216","395","549","319","C0020672"
"1106","2","3","12","19","31","1","426","55","78","C0020672"
"3265","2","5","7","60","54","24","30","46","72","C0020672"
"2155","2","5","7","53","51","119","454","549","674","C0020672"
"3930","2","3","2","22","33","323","66","3","464","C0020672"
"7015","2","3","12","19","31","1","426","55","78","C0020672"
"4038","2","5","7","53","51","342","454","573","492","C0020672"
"5310","2","5","7","53","51","335","444","560","373","C0020672"
"57817","2","5","7","34","51","342","350","243","561","C0020678"
"7010","2","5","7","53","14","20","25","40","186","C0020678"
"22909","2","3","12","19","31","261","116","1","86","C0020678"
"4854","2","5","7","53","51","143","428","236","667","C0020678"
"8200","2","5","7","53","51","342","259","423","389","C0020678"
"1639","2","3","12","76","153","40","38","54","75","C0020678"
"673","2","5","7","53","14","20","34","540","68","C0020678"
"3756","2","5","8","63","36","166","106","110","158","C0020678"
"2752","2","3","2","101","62","189","182","509","409","C0020678"
"3954","2","3","2","48","170","67","119","444","593","C0020678"
"4684","2","5","7","53","51","335","444","560","373","C0020678"
"3930","2","3","2","22","33","323","66","3","464","C0020678"
"9533","2","3","2","19","31","1","426","55","78","C0020678"
"5340","2","5","7","53","51","342","454","573","492","C0020678"
"3594","2","5","7","53","51","119","25","560","373","C0020678"
"29978","2","5","7","60","116","268","341","544","669","C0020678"
"2200","2","5","7","53","51","342","454","573","492","C0020678"
"1141","2","5","8","27","70","99","162","216","290","C0020678"
"2317","2","5","7","63","45","23","103","287","664","C0020678"
"6529","2","5","8","45","94","199","240","415","666","C0020678"
"23503","2","3","6","11","142","225","142","220","298","C0020678"
"6654","2","5","7","60","54","24","30","46","72","C0020678"
"5116","2","3","12","76","153","40","38","54","75","C0020678"
"7421","2","3","3","19","151","276","91","433","118","C0020678"
"3614","2","3","7","34","52","216","395","549","674","C0020678"
"7259","2","3","12","19","31","1","426","55","78","C0020678"
"2736","2","3","12","41","116","321","428","54","667","C0020678"
"974","2","5","7","53","51","119","395","549","674","C0020678"
"549","2","3","5","80","81","166","114","155","202","C0020758"
"2138","2","3","12","19","31","1","426","55","78","C0020758"
"4513","2","3","2","48","170","110","141","359","532","C0020758"
"134","2","5","4","68","96","326","427","548","672","C0020796"
"3265","2","5","7","60","54","24","30","46","72","C0020796"
"10806","2","3","12","76","153","40","38","54","75","C0020796"
"2495","2","3","7","34","52","216","395","274","358","C0020796"
"4212","2","3","3","19","221","321","428","541","667","C0020796"
"1594","2","3","5","92","163","96","363","460","487","C0020796"
"4920","2","5","7","53","14","20","259","560","373","C0020796"
"353","2","5","7","34","52","216","395","549","674","C0020796"
"7353","2","3","12","41","219","339","156","568","605","C0020796"
"2556","2","5","8","27","70","99","162","216","290","C0020796"
"51134","2","3","12","76","153","40","38","54","75","C0020796"
"5194","2","3","5","43","161","305","409","208","482","C0020796"
"1186","2","5","8","63","45","23","34","464","187","C0020796"
"6262","2","5","8","63","45","23","34","464","187","C0020796"
"1548","2","3","5","91","214","226","326","447","586","C0020796"
"6324","2","5","7","63","36","166","341","223","158","C0020796"
"4583","2","3","3","89","206","324","430","429","544","C0020796"
"4137","2","3","7","27","36","150","341","223","628","C0020796"
"5335","2","3","7","53","14","20","25","40","186","C0020796"
"5837","2","3","5","80","81","23","103","464","658","C0020796"
"3593","2","5","7","53","51","119","25","489","416","C0020796"
"5155","2","5","7","53","51","342","454","573","186","C0020796"
"7486","2","3","12","19","31","261","116","1","86","C0020796"
"51360","2","3","3","26","35","276","91","433","203","C0020796"
"8313","2","3","12","41","219","339","156","568","605","C0020796"
"286","2","5","7","60","153","40","38","54","203","C0020796"
"701","2","3","12","76","153","40","38","54","75","C0020796"
"9993","2","5","7","53","51","342","454","573","492","C0020796"
"6792","2","5","7","53","14","20","34","540","68","C0020796"
"7167","2","3","2","90","167","266","367","500","577","C0020796"
"11280","2","5","8","63","36","166","341","390","158","C0020796"
"5257","2","3","7","34","45","23","103","464","187","C0020951"
"9049","2","3","3","41","151","276","378","271","356","C0020951"
"10716","2","5","7","53","51","335","444","560","373","C0020951"
"4983","2","5","7","60","54","24","30","46","72","C0020981"
"1813","2","5","4","68","96","326","427","548","672","C0020981"
"7042","2","5","7","53","51","342","454","573","492","C0020981"
"51741","2","3","2","22","33","323","66","101","127","C0020981"
"2332","2","3","2","22","33","71","373","466","609","C0021053"
"4693","2","5","7","53","51","342","454","573","492","C0021053"
"7168","2","5","8","63","45","23","103","464","187","C0021053"
"5328","2","5","7","34","52","216","395","549","674","C0021053"
"4695","2","3","2","48","170","50","119","444","556","C0021122"
"3561","2","5","7","53","14","20","25","40","186","C0021122"
"4125","2","3","7","34","52","216","395","549","674","C0021122"
"5551","2","5","7","53","51","119","395","549","674","C0021125"
"4952","2","3","5","60","54","184","30","544","669","C0021125"
"2719","2","5","7","53","51","342","454","573","492","C0021125"
"9289","2","5","4","68","96","326","427","548","672","C0021125"
"2131","2","3","2","74","58","112","148","181","416","C0021125"
"10312","2","3","7","34","52","216","395","549","674","C0021125"
"54209","2","5","7","53","51","119","395","549","674","C0021125"
"11200","2","3","12","19","31","261","116","1","86","C0021125"
"10815","2","5","7","60","36","71","341","223","666","C0021125"
"6208","2","3","2","110","85","237","433","547","671","C0021308"
"10225","2","5","7","53","51","119","395","549","674","C0021308"
"23742","2","5","5","68","96","326","427","447","586","C0021359"
"2254","2","5","7","53","14","20","25","40","186","C0021359"
"5518","2","3","12","76","153","40","38","54","435","C0021359"
"10117","2","5","7","53","51","342","454","573","492","C0021359"
"23426","2","5","7","42","36","71","177","223","219","C0021359"
"1311","2","5","7","53","51","342","454","573","492","C0021359"
"6609","2","3","5","105","155","250","291","152","420","C0021359"
"9569","2","3","12","19","31","276","91","433","118","C0021359"
"2737","2","3","12","19","116","321","428","54","667","C0021359"
"1297","2","5","7","53","51","342","454","573","492","C0021359"
"4907","2","3","5","80","81","296","62","94","150","C0021359"
"10483","2","3","7","60","54","24","30","46","72","C0021359"
"790","2","3","12","41","219","339","347","206","627","C0021359"
"55130","2","3","12","76","153","76","38","54","75","C0021359"
"1303","2","5","7","53","51","342","454","573","492","C0021359"
"7248","2","3","2","48","57","110","141","359","462","C0021359"
"415","2","3","5","105","155","250","291","152","420","C0021359"
"8493","2","3","12","19","31","293","116","201","664","C0021359"
"3914","2","5","7","53","51","342","454","573","492","C0021359"
"1294","2","5","7","53","51","342","454","573","492","C0021359"
"1756","2","5","8","63","45","23","103","464","187","C0021359"
"3977","2","5","7","53","51","119","25","40","416","C0021359"
"10049","2","3","12","22","219","339","347","271","356","C0021359"
"1836","2","3","2","35","41","94","260","330","375","C0021359"
"5921","2","5","7","60","14","24","25","40","215","C0021359"
"3981","2","3","12","19","31","261","116","1","86","C0021359"
"2629","2","3","5","80","81","250","291","152","420","C0021359"
"4015","2","5","7","53","51","342","454","573","492","C0021359"
"8013","2","3","3","19","151","276","91","433","118","C0021359"
"5781","2","5","7","53","14","20","25","40","186","C0021359"
"1278","2","5","7","53","51","342","454","573","492","C0021359"
"2688","2","5","7","53","51","119","25","40","186","C0021361"
"3897","2","5","7","53","51","335","444","560","373","C0021361"
"64421","2","3","12","19","31","261","116","1","86","C0021361"
"7879","2","5","7","34","54","24","30","46","72","C0021361"
"3273","2","5","7","53","51","342","454","573","702","C0021361"
"8518","2","3","12","19","31","1","426","55","78","C0021361"
"4286","2","3","12","19","31","261","116","1","664","C0021361"
"10058","2","3","5","44","50","209","68","11","141","C0021361"
"23639","2","3","12","41","219","261","136","271","356","C0021361"
"11284","2","3","12","19","31","261","116","1","86","C0021361"
"213","2","5","7","53","51","342","454","573","492","C0021361"
"5317","2","5","7","34","52","216","142","220","298","C0021361"
"23203","2","3","5","80","81","50","304","167","593","C0021361"
"2074","2","3","12","19","31","1","426","55","78","C0021361"
"7169","2","5","8","63","45","23","103","464","187","C0021361"
"3953","2","5","7","53","14","20","25","40","186","C0021361"
"51091","2","3","2","110","85","237","433","547","671","C0021361"
"5251","2","3","5","80","81","296","474","593","722","C0021361"
"5745","2","5","4","68","96","326","427","548","672","C0021361"
"4221","2","3","12","19","31","342","454","573","492","C0021361"
"9401","2","3","12","76","31","261","116","1","86","C0021361"
"1147","2","3","12","41","219","339","156","568","697","C0021361"
"8820","2","3","3","19","221","321","428","541","667","C0021361"
"7042","2","5","7","53","51","342","454","573","492","C0021361"
"9496","2","5","6","11","142","225","142","220","673","C0021361"
"51684","2","3","12","41","116","268","38","54","75","C0021361"
"242","2","3","5","11","142","223","142","220","298","C0021361"
"5195","2","3","5","43","161","305","409","208","482","C0021361"
"5657","2","5","7","34","52","216","395","549","674","C0021361"
"3476","2","3","12","76","137","76","136","472","435","C0021603"
"1019","2","3","12","19","31","1","116","1","86","C0021603"
"1121","2","5","7","60","54","24","30","46","72","C0021603"
"8625","2","3","12","19","31","276","91","236","118","C0021670"
"4359","2","5","7","53","51","342","454","573","492","C0021670"
"6261","2","5","8","63","45","23","34","464","187","C0021670"
"701","2","3","12","76","153","40","38","54","75","C0021670"
"7474","2","5","3","68","221","184","259","544","669","C0021670"
"3592","2","5","7","53","51","119","25","489","416","C0021775"
"796","2","5","4","68","96","326","427","548","672","C0021775"
"55315","2","3","5","80","81","296","62","94","150","C0021775"
"5159","2","5","7","53","14","20","25","40","186","C0021775"
"2261","2","5","7","53","14","20","25","40","186","C0021818"
"5106","2","3","2","67","92","293","55","500","577","C0021818"
"1376","2","3","2","19","151","276","91","433","118","C0021828"
"54476","2","3","12","41","219","339","156","568","697","C0021828"
"9636","2","3","12","41","184","119","156","287","116","C0021828"
"7140","2","5","8","63","45","23","103","464","187","C0021831"
"1896","2","5","12","41","219","339","156","568","697","C0021831"
"5828","2","3","5","43","161","305","409","208","482","C0021831"
"3106","2","5","7","34","52","119","395","549","674","C0021831"
"2132","2","3","2","74","58","112","148","193","263","C0021831"
"2627","2","3","12","19","31","118","155","287","116","C0021831"
"8878","2","3","12","41","219","339","156","568","697","C0021831"
"5781","2","5","7","53","14","20","25","40","186","C0021831"
"1436","2","5","7","53","14","20","25","40","186","C0021831"
"23414","2","3","12","19","31","118","155","287","116","C0021831"
"5144","2","3","4","68","96","326","427","548","672","C0021831"
"2022","2","5","7","53","51","342","259","423","389","C0021841"
"7084","2","3","2","72","109","115","62","268","353","C0021841"
"5156","2","5","7","53","14","20","25","40","186","C0021841"
"570","2","3","5","43","161","305","409","255","56","C0021841"
"3845","2","5","7","60","54","24","30","46","72","C0021841"
"26227","2","3","2","41","137","44","208","81","108","C0021841"
"57822","2","3","12","19","31","1","426","55","78","C0021841"
"931","2","5","7","53","14","119","156","287","116","C0021841"
"10342","2","3","7","60","219","40","202","66","203","C0021841"
"4952","2","3","5","60","54","184","30","544","669","C0021841"
"3816","2","5","7","53","51","342","454","573","492","C0021841"
"1495","2","5","7","53","51","335","444","560","373","C0021841"
"2273","2","5","8","63","45","23","103","464","187","C0021843"
"3033","2","3","2","67","80","145","179","239","618","C0021843"
"5580","2","5","7","34","52","216","395","287","116","C0021843"
"10063","2","3","2","48","170","50","304","167","593","C0021843"
"7403","2","3","12","19","31","1","426","55","78","C0021843"
"3858","2","1","6","11","142","225","142","220","298","C0021843"
"5993","2","3","12","19","31","1","426","55","78","C0021843"
"585","2","3","12","76","153","40","38","54","75","C0021843"
"240","2","3","7","34","52","216","395","489","416","C0021843"
"727","2","5","4","68","96","326","427","548","672","C0021843"
"2074","2","3","12","19","31","1","426","55","78","C0021843"
"25894","2","5","7","60","54","24","30","46","72","C0021843"
"2798","2","5","4","68","96","326","427","548","672","C0021843"
"3236","2","3","3","19","221","321","428","541","667","C0021843"
"51204","2","3","2","48","170","50","119","444","556","C0021843"
"4000","2","3","12","26","105","178","226","297","156","C0021843"
"3145","2","3","5","80","81","166","132","175","473","C0021843"
"23594","2","3","12","76","153","261","116","1","86","C0021843"
"2969","2","3","12","19","31","276","91","433","118","C0021843"
"6775","2","5","7","53","14","119","25","40","186","C0021843"
"22995","2","3","12","76","153","40","38","54","75","C0021845"
"3651","2","3","3","19","221","321","428","541","667","C0021845"
"701","2","3","12","76","153","40","38","54","75","C0021845"
"5052","2","3","5","80","81","110","141","359","229","C0021846"
"2200","2","5","7","53","51","342","454","573","492","C0021846"
"3425","2","3","5","80","81","166","454","573","492","C0021846"
"4247","2","3","2","68","67","320","98","180","279","C0021846"
"5351","2","5","7","53","51","342","454","573","492","C0021846"
"3630","2","5","7","53","14","20","25","40","186","C0021847"
"7066","2","5","7","53","51","119","25","573","416","C0021847"
"1371","2","3","5","17","24","261","116","164","6","C0021847"
"54714","2","5","8","63","36","166","106","110","158","C0021847"
"7299","2","3","5","23","18","138","250","332","407","C0021933"
"1967","2","3","2","110","85","237","433","547","671","C0021933"
"25974","2","3","7","48","51","105","139","186","245","C0022073"
"7040","2","5","7","53","51","342","454","573","492","C0022073"
"6335","2","5","8","63","36","166","341","390","158","C0022073"
"4703","2","5","7","60","45","23","103","464","187","C0022073"
"1482","2","3","3","19","221","321","428","541","667","C0022073"
"641","2","3","12","19","31","261","116","1","86","C0022073"
"9056","2","3","8","45","94","199","240","415","666","C0022073"
"4000","2","3","12","26","105","178","226","297","156","C0022073"
"3586","2","5","7","53","51","119","25","489","416","C0022104"
"2239","2","3","2","74","51","342","454","573","492","C0022104"
"4036","2","5","7","60","14","184","341","544","669","C0022116"
"7809","2","5","8","63","45","23","34","464","187","C0022116"
"4722","2","3","2","48","170","50","119","444","556","C0022116"
"4920","2","5","7","53","14","20","259","560","373","C0022116"
"8892","2","3","2","110","85","237","433","547","671","C0022116"
"5824","2","3","5","47","144","185","238","310","392","C0022116"
"50964","2","5","3","68","221","197","259","423","422","C0022116"
"10743","2","3","3","19","151","276","91","433","118","C0022116"
"4862","2","3","3","19","151","276","91","433","118","C0022116"
"83605","2","5","7","76","137","76","136","472","435","C0022116"
"2040","2","5","7","34","52","216","395","549","674","C0022116"
"3481","2","5","7","53","51","342","454","573","492","C0022116"
"1406","2","3","3","19","221","321","428","541","667","C0022116"
"1959","2","3","3","19","151","276","91","433","118","C0022116"
"974","2","5","7","53","51","119","395","549","674","C0022116"
"8799","2","3","5","43","161","305","409","208","482","C0022116"
"8985","2","5","7","53","51","342","454","573","492","C0022116"
"1027","2","3","12","19","31","1","116","1","86","C0022116"
"7124","2","3","12","41","219","339","156","568","697","C0022116"
"3630","2","5","7","53","14","20","25","40","186","C0022116"
"5172","2","5","8","45","94","199","240","415","666","C0022116"
"8243","2","3","12","76","31","40","38","54","75","C0022116"
"5897","2","3","12","41","116","268","141","568","605","C0022116"
"10801","2","3","12","76","108","293","141","305","387","C0022116"
"7018","2","5","7","53","51","342","454","573","669","C0022116"
"2074","2","3","12","19","31","1","426","55","78","C0022116"
"2271","2","3","5","80","81","166","170","226","305","C0022116"
"2483","2","3","2","22","33","323","66","101","136","C0022116"
"2778","2","5","4","68","96","326","427","548","672","C0022336"
"30062","2","3","3","19","221","321","428","541","667","C0022336"
"8540","2","3","5","43","161","305","409","208","482","C0022336"
"2159","2","5","7","68","51","119","454","549","674","C0022336"
"1027","2","3","12","19","31","1","116","1","86","C0022336"
"5826","2","3","7","48","161","105","139","186","245","C0022336"
"29968","2","3","8","67","94","199","182","509","666","C0022336"
"968","2","5","7","34","52","216","395","549","674","C0022336"
"23400","2","5","8","63","45","23","103","464","187","C0022336"
"2584","2","3","2","72","117","196","257","326","46","C0022336"
"2067","2","3","12","19","31","261","116","1","86","C0022353"
"9094","2","5","7","27","36","150","341","331","624","C0022353"
"2201","2","5","7","53","51","342","454","573","492","C0022353"
"10491","2","5","7","53","51","342","454","573","492","C0022353"
"919","2","5","7","53","14","119","25","40","186","C0022353"
"2273","2","5","8","63","45","23","103","464","187","C0022353"
"3549","2","5","3","53","51","197","259","560","422","C0022353"
"164656","2","5","7","53","51","342","454","573","492","C0022353"
"1280","2","5","7","53","51","342","454","573","492","C0022353"
"50846","2","3","3","68","221","197","259","560","422","C0022353"
"1387","2","3","12","19","31","276","91","433","118","C0022353"
"55612","2","5","7","60","36","71","177","560","701","C0022353"
"6391","2","3","2","48","170","50","119","444","556","C0022353"
"148022","2","3","12","41","219","339","156","568","697","C0022353"
"2706","2","3","12","76","153","40","38","54","75","C0022353"
"355","2","3","7","41","219","339","156","568","697","C0022353"
"5332","2","3","4","68","96","326","427","548","672","C0022353"
"5830","2","3","5","43","161","305","409","208","482","C0022353"
"5732","2","5","4","68","96","326","427","548","672","C0022360"
"147372","2","5","3","19","221","342","428","541","667","C0022360"
"22858","2","3","7","53","14","20","34","540","68","C0022360"
"9940","2","3","5","68","221","321","428","447","586","C0022360"
"9401","2","3","12","76","31","261","116","1","86","C0022360"
"8086","2","3","12","22","33","323","66","101","664","C0022387"
"112476","2","3","2","48","170","50","119","444","556","C0022387"
"9126","2","3","12","76","153","40","38","54","75","C0022408"
"5328","2","5","7","34","52","216","395","549","674","C0022408"
"5727","2","3","12","68","221","197","259","560","422","C0022408"
"10436","2","3","2","110","85","237","433","547","671","C0022408"
"4000","2","3","12","26","105","178","226","297","156","C0022408"
"6660","2","3","3","19","221","321","428","541","667","C0022408"
"5573","2","3","12","19","184","118","155","287","116","C0022408"
"383","2","3","7","34","52","216","395","549","674","C0022408"
"5506","2","3","12","76","137","76","136","82","658","C0022408"
"9786","2","3","12","76","153","40","38","54","75","C0022408"
"88","2","5","7","53","45","23","103","464","702","C0022408"
"1302","2","5","7","53","51","342","454","573","492","C0022408"
"5621","2","5","8","27","36","342","454","573","628","C0022408"
"6833","2","5","8","45","36","166","240","415","666","C0022408"
"4351","2","3","2","90","167","266","367","500","577","C0022408"
"2668","2","5","7","53","14","20","25","40","186","C0022410"
"3717","2","5","7","53","14","20","25","40","186","C0022410"
"25836","2","3","12","76","153","40","38","54","75","C0022410"
"3852","2","1","6","11","142","225","142","220","298","C0022541"
"58","2","5","8","63","45","23","103","464","187","C0022541"
"8565","2","3","2","110","85","237","433","547","154","C0022541"
"2261","2","5","7","53","14","20","25","40","186","C0022541"
"6239","2","3","12","19","119","330","214","454","144","C0022568"
"478","2","3","8","63","45","23","366","464","187","C0022568"
"6899","2","5","7","53","184","335","259","560","373","C0022568"
"51057","2","3","12","76","153","40","38","54","75","C0022568"
"5395","2","3","12","19","31","261","116","1","86","C0022568"
"6392","2","3","2","48","170","50","119","444","556","C0022568"
"10269","2","3","2","48","182","50","119","444","556","C0022568"
"5590","2","5","7","53","14","20","34","540","68","C0022568"
"4514","2","3","2","48","57","110","141","359","5","C0022568"
"4261","2","3","12","53","184","119","156","287","116","C0022568"
"4914","2","3","2","22","18","266","202","252","252","C0022568"
"29954","2","5","2","27","206","324","430","215","290","C0022568"
"6557","2","5","8","45","94","199","240","415","666","C0022568"
"3425","2","3","5","80","81","166","454","573","492","C0022568"
"50846","2","3","3","68","221","197","259","560","422","C0022568"
"1146","2","5","8","27","70","99","162","216","290","C0022568"
"9094","2","5","7","27","36","150","341","331","624","C0022568"
"2248","2","5","7","53","14","20","25","40","186","C0022568"
"6892","2","3","12","41","116","119","156","568","116","C0022568"
"1351","2","3","2","48","170","110","141","359","462","C0022568"
"285848","2","3","12","34","137","76","136","472","435","C0022568"
"51008","2","3","12","19","31","276","91","433","118","C0022568"
"2548","2","3","7","34","52","216","395","549","674","C0022568"
"4318","2","5","7","34","52","216","395","573","492","C0022568"
"6323","2","5","8","63","36","166","341","390","158","C0022573"
"26090","2","3","2","80","81","166","397","361","466","C0022573"
"7040","2","5","7","53","51","342","454","573","492","C0022573"
"8905","2","5","7","60","153","184","341","544","669","C0022573"
"4128","2","3","5","80","81","119","402","489","416","C0022575"
"1499","2","3","12","19","221","197","259","560","422","C0022575"
"2778","2","5","4","68","96","326","427","548","672","C0022575"
"6499","2","3","2","110","85","237","433","547","671","C0022575"
"1723","2","3","2","48","170","50","119","444","556","C0022575"
"70","2","5","8","63","45","23","103","464","187","C0022575"
"6424","2","5","7","53","51","342","454","573","492","C0022584"
"5818","2","5","7","53","51","335","444","560","373","C0022584"
"6497","2","5","3","19","221","342","259","423","389","C0022584"
"4038","2","5","7","53","51","342","454","573","492","C0022584"
"2316","2","5","7","53","51","342","454","573","702","C0022593"
"6340","2","5","8","63","45","23","34","464","187","C0022593"
"5428","2","3","2","48","170","50","119","167","593","C0022593"
"3284","2","3","2","69","98","169","299","183","243","C0022593"
"440","2","3","2","101","62","189","182","509","154","C0022593"
"3039","2","3","5","35","41","118","155","287","116","C0022603"
"4539","2","3","2","53","184","86","107","560","195","C0022603"
"5592","2","5","4","53","14","20","34","540","68","C0022638"
"1493","2","5","7","53","51","119","25","40","186","C0022638"
"55651","2","3","2","110","85","237","433","547","671","C0022638"
"94","2","5","7","53","51","342","259","423","389","C0022638"
"7157","2","3","12","19","31","261","402","489","551","C0022638"
"2641","2","5","4","68","96","326","427","548","672","C0022638"
"2034","2","3","12","41","116","268","434","468","213","C0022638"
"6925","2","3","12","19","31","225","142","220","298","C0022638"
"4329","2","3","2","67","92","293","229","381","496","C0022638"
"7428","2","3","12","41","116","268","434","468","213","C0022638"
"8820","2","3","3","19","221","321","428","541","667","C0022638"
"5604","2","5","7","53","14","20","34","540","68","C0022650"
"6337","2","5","8","63","45","23","34","464","187","C0022650"
"10087","2","3","7","50","47","39","100","321","255","C0022650"
"5913","2","5","7","27","36","71","341","223","219","C0022650"
"627","2","5","7","53","51","335","444","423","373","C0022650"
"7490","2","3","3","19","221","321","428","541","667","C0022650"
"4137","2","3","7","27","36","150","341","223","628","C0022650"
"4210","2","3","12","41","219","339","156","568","697","C0022660"
"1690","2","5","7","27","51","342","454","573","492","C0022660"
"4626","2","5","8","63","45","23","103","464","187","C0022660"
"10479","2","5","7","27","36","150","341","223","628","C0022660"
"3043","2","5","7","34","52","216","395","549","116","C0022665"
"4514","2","3","2","48","57","110","141","359","5","C0022665"
"5605","2","5","7","53","14","20","34","540","68","C0022665"
"2064","2","5","7","53","14","20","25","40","186","C0022665"
"1297","2","5","7","53","51","342","454","573","492","C0022665"
"8604","2","3","2","48","170","50","304","167","593","C0022665"
"3670","2","3","2","110","85","237","433","547","671","C0022665"
"2033","2","3","12","19","31","1","91","433","118","C0022665"
"10683","2","5","7","53","51","143","428","560","667","C0022665"
"4598","2","3","2","19","151","276","198","259","427","C0022665"
"5173","2","5","4","68","96","326","427","548","672","C0022665"
"29072","2","3","12","19","31","1","426","55","78","C0022665"
"5192","2","3","5","43","161","305","409","208","482","C0022665"
"1621","2","3","5","53","51","239","333","422","537","C0022665"
"1153","2","3","2","22","33","323","66","101","136","C0022665"
"190","2","3","3","19","151","276","91","433","118","C0022665"
"51364","2","3","6","11","142","225","142","220","298","C0022665"
"2077","2","3","12","76","153","40","38","54","75","C0022665"
"1201","2","3","2","48","170","50","304","167","593","C0022665"
"1026","2","3","12","19","31","1","116","489","416","C0022665"
"6387","2","5","4","68","96","326","427","548","672","C0022665"
"5034","2","5","7","53","51","342","454","573","492","C0022665"
"10166","2","3","2","84","97","167","210","278","360","C0022665"
"9939","2","3","2","22","33","323","66","101","136","C0022665"
"146862","2","3","12","41","116","268","347","271","356","C0022665"
"9419","2","5","7","60","36","71","341","223","219","C0022665"
"673","2","5","7","53","14","20","34","540","68","C0022665"
"4089","2","3","12","19","219","339","259","423","605","C0022665"
"6355","2","5","4","68","96","326","427","548","672","C0022665"
"240","2","3","7","34","52","216","395","489","416","C0022672"
"7173","2","3","5","36","48","89","110","400","400","C0022672"
"23414","2","3","12","19","31","118","155","287","116","C0022672"
"183","2","5","4","68","96","326","427","548","672","C0022672"
"4654","2","3","12","19","31","276","91","433","118","C0022679"
"7518","2","3","12","19","31","261","116","1","86","C0022679"
"54345","2","5","3","19","221","321","428","541","667","C0022679"
"1301","2","5","7","53","51","342","454","573","492","C0022679"
"10019","2","5","7","53","14","20","25","40","116","C0022679"
"4541","2","3","2","48","170","50","119","444","24","C0022679"
"7337","2","3","12","41","116","268","434","468","213","C0022679"
"71","2","5","7","60","14","184","103","544","669","C0022679"
"10908","2","3","2","97","173","275","377","473","592","C0022679"
"9927","2","3","12","19","31","118","155","287","116","C0022679"
"78989","2","5","7","53","51","119","395","573","674","C0022679"
"5744","2","5","4","68","96","326","427","548","672","C0022679"
"127","2","3","2","75","120","200","263","251","40","C0022679"
"3930","2","3","2","22","33","323","66","3","464","C0022679"
"4626","2","5","8","63","45","23","103","464","187","C0022679"
"50506","2","3","2","36","48","89","110","400","341","C0022679"
"1629","2","3","2","67","92","293","55","75","311","C0022679"
"5550","2","3","2","68","96","326","427","548","672","C0022679"
"23418","2","5","7","53","36","71","177","560","373","C0022679"
"55670","2","3","5","43","161","305","409","208","482","C0022679"
"51085","2","3","2","48","57","110","141","359","462","C0022679"
"9719","2","5","7","53","51","342","454","573","492","C0022679"
"760","2","3","5","35","41","77","40","78","178","C0022679"
"204","2","3","4","72","109","182","235","307","506","C0022679"
"7291","2","3","12","19","151","276","91","489","416","C0022679"
"3949","2","5","7","60","14","184","341","544","669","C0022679"
"3930","2","3","2","22","33","323","66","3","464","C0022679"
"6638","2","3","2","22","33","323","66","101","136","C0022679"
"100","2","3","5","33","21","47","56","80","199","C0022679"
"5604","2","5","7","53","14","20","34","540","68","C0022679"
"2316","2","5","7","53","51","342","454","573","702","C0022680"
"1376","2","3","2","19","151","276","91","433","118","C0022680"
"6648","2","3","2","95","151","160","378","173","229","C0022680"
"23411","2","3","12","19","31","1","91","433","118","C0022680"
"1836","2","3","2","35","41","94","260","330","375","C0022680"
"860","2","3","12","19","31","276","91","433","118","C0022680"
"26276","2","3","7","60","81","184","341","66","203","C0022680"
"55703","2","3","2","22","33","261","116","159","211","C0022680"
"5728","2","3","5","80","81","339","156","568","605","C0022680"
"6324","2","5","7","63","36","166","341","223","158","C0022680"
"2876","2","3","5","80","81","110","378","173","229","C0022680"
"2760","2","3","7","34","52","216","395","549","674","C0022680"
"5728","2","3","5","80","81","339","156","568","605","C0022680"
"54902","2","3","2","48","182","50","119","444","556","C0022680"
"5314","2","3","12","76","153","40","38","54","75","C0022680"
"23395","2","3","2","110","85","67","76","252","154","C0022680"
"6689","2","3","12","19","31","276","91","433","118","C0022680"
"5255","2","3","7","34","45","23","103","464","187","C0022680"
"2670","2","5","7","27","36","150","341","223","628","C0022680"
"356","2","5","7","53","219","339","25","489","697","C0022680"
"7474","2","5","3","68","221","184","259","544","669","C0022716"
"1493","2","5","7","53","51","119","25","40","186","C0022716"
"1130","2","5","7","60","54","326","141","359","462","C0022738"
"4088","2","3","12","19","219","339","259","423","605","C0022738"
"335","2","5","7","53","51","342","454","573","492","C0022738"
"4952","2","3","5","60","54","184","30","544","669","C0022783"
"2629","2","3","5","80","81","250","291","152","420","C0022783"
"23411","2","3","12","19","31","1","91","433","118","C0022876"
"10166","2","3","2","84","97","167","210","278","360","C0022876"
"50943","2","3","12","19","31","1","426","129","131","C0022906"
"4358","2","3","5","43","161","305","409","208","482","C0022906"
"8518","2","3","12","19","31","1","426","55","78","C0022906"
"7170","2","5","8","63","45","23","103","464","187","C0022906"
"57817","2","5","7","34","51","342","350","243","561","C0022906"
"5034","2","5","7","53","51","342","454","573","492","C0022906"
"10491","2","5","7","53","51","342","454","573","492","C0022906"
"3270","2","5","7","53","51","342","454","573","492","C0022906"
"23322","2","3","12","76","153","40","38","54","75","C0022906"
"3759","2","5","8","63","36","166","106","110","158","C0022951"
"7040","2","5","7","53","51","342","454","573","492","C0022951"
"5830","2","3","5","43","161","305","409","208","482","C0023003"
"3300","2","3","12","41","116","268","347","271","356","C0023003"
"3852","2","1","6","11","142","225","142","220","298","C0023014"
"10758","2","3","12","41","219","339","156","568","697","C0023014"
"26229","2","3","2","74","205","191","396","408","257","C0023014"
"4036","2","5","7","60","14","184","341","544","669","C0023014"
"54880","2","3","12","19","31","1","426","55","78","C0023014"
"6628","2","3","2","22","33","323","66","101","136","C0023014"
"23426","2","5","7","42","36","71","177","223","219","C0023014"
"5728","2","3","5","80","81","339","156","568","605","C0023014"
"4638","2","5","7","53","45","23","103","464","187","C0023014"
"3984","2","5","7","53","14","20","34","540","68","C0023014"
"4318","2","5","7","34","52","216","395","573","492","C0023014"
"7474","2","5","3","68","221","184","259","544","669","C0023015"
"2239","2","3","2","74","51","342","454","573","492","C0023015"
"11197","2","5","3","68","221","197","259","560","422","C0023015"
"811","2","3","2","41","116","342","423","536","342","C0023015"
"4688","2","5","7","60","14","20","25","40","215","C0023015"
"64375","2","3","3","19","119","330","214","454","144","C0023015"
"23742","2","5","5","68","96","326","427","447","586","C0023015"
"1571","2","3","5","91","214","271","372","471","26","C0023015"
"775","2","5","8","63","36","166","341","223","158","C0023015"
"4137","2","3","7","27","36","150","341","223","628","C0023015"
"8557","2","5","8","63","45","23","103","464","187","C0023015"
"4322","2","5","7","53","51","342","454","573","492","C0023015"
"55670","2","3","5","43","161","305","409","208","482","C0023015"
"6016","2","5","7","60","54","24","30","46","72","C0023055"
"8241","2","3","2","22","33","323","66","101","136","C0023055"
"2109","2","3","2","48","170","50","119","444","556","C0023066"
"9640","2","3","12","19","31","261","116","159","211","C0023066"
"1282","2","5","7","53","51","342","454","573","492","C0023066"
"6662","2","3","3","19","221","321","428","541","667","C0023075"
"26503","2","3","2","89","124","204","272","347","442","C0023075"
"291","2","3","2","48","170","50","304","167","593","C0023075"
"6885","2","3","12","41","219","339","156","568","697","C0023075"
"9897","2","3","12","76","18","75","38","1","212","C0023075"
"7292","2","5","12","41","219","339","156","568","697","C0023075"
"9719","2","5","7","53","51","342","454","573","492","C0023075"
"10013","2","3","12","19","31","143","91","236","311","C0023176"
"462","2","5","7","53","51","342","454","573","492","C0023176"
"23322","2","3","12","76","153","40","38","54","75","C0023176"
"4000","2","3","12","26","105","178","226","297","156","C0023176"
"867","2","5","7","53","14","184","25","40","669","C0023176"
"54463","2","3","2","48","57","110","141","359","462","C0023176"
"5476","2","3","7","34","52","216","395","152","310","C0023186"
"54","2","3","5","80","81","178","195","256","342","C0023186"
"3458","2","5","7","53","184","119","156","287","116","C0023186"
"3559","2","5","7","53","14","20","25","40","186","C0023186"
"595","2","3","12","19","31","1","426","489","416","C0023186"
"2260","2","5","7","53","14","20","25","40","186","C0023186"
"3643","2","5","7","53","14","20","25","40","186","C0023186"
"54880","2","3","12","19","31","1","426","55","78","C0023186"
"189","2","3","5","43","161","305","409","208","482","C0023186"
"4792","2","3","12","41","219","339","156","568","605","C0023186"
"8772","2","3","12","41","219","339","156","568","697","C0023186"
"3579","2","5","4","34","52","216","427","548","672","C0023186"
"673","2","5","7","53","14","20","34","540","68","C0023186"
"7737","2","3","12","22","33","268","434","468","213","C0023186"
"50964","2","5","3","68","221","197","259","423","422","C0023186"
"2969","2","3","12","19","31","276","91","433","118","C0023186"
"2969","2","3","12","19","31","276","91","433","118","C0023186"
"2263","2","5","7","53","14","20","25","40","186","C0023186"
"54968","2","3","2","48","170","50","119","444","556","C0023186"
"10087","2","3","7","50","47","39","100","321","255","C0023186"
"472","2","3","12","19","31","261","116","1","86","C0023186"
"5663","2","5","7","34","52","216","395","549","667","C0023186"
"6497","2","5","3","19","221","342","259","423","389","C0023186"
"11340","2","3","2","110","85","237","433","547","671","C0023186"
"6326","2","5","8","63","36","166","341","390","158","C0023186"
"5921","2","5","7","60","14","24","25","40","215","C0023186"
"8647","2","3","5","46","158","252","352","449","563","C0023186"
"1834","2","5","7","53","51","342","454","573","492","C0023186"
"64175","2","5","7","53","51","342","454","573","492","C0023186"
"2767","2","5","4","68","96","326","427","548","672","C0023211"
"1131","2","5","4","68","96","326","427","548","672","C0023211"
"8200","2","5","7","53","51","342","259","423","389","C0023212"
"2261","2","5","7","53","14","20","25","40","186","C0023212"
"7299","2","3","5","23","18","138","250","332","407","C0023212"
"23493","2","3","12","19","221","143","428","236","667","C0023212"
"443","2","3","5","80","81","189","182","509","409","C0023212"
"5351","2","5","7","53","51","342","454","573","492","C0023212"
"1499","2","3","12","19","221","197","259","560","422","C0023212"
"26503","2","3","2","89","124","204","272","347","442","C0023212"
"7486","2","3","12","19","31","261","116","1","86","C0023212"
"410","2","3","7","34","52","216","395","549","674","C0023212"
"1123","2","5","7","60","54","24","30","46","72","C0023212"
"2263","2","5","7","53","14","20","25","40","186","C0023212"
"1203","2","3","2","41","170","342","423","536","342","C0023212"
"4547","2","5","7","53","51","342","454","573","492","C0023212"
"2354","2","3","12","19","31","1","426","55","78","C0023212"
"5119","2","3","2","48","57","110","141","359","462","C0023212"
"240","2","3","7","34","52","216","395","489","416","C0023221"
"5994","2","3","12","19","31","276","91","491","118","C0023221"
"4000","2","3","12","26","105","178","226","297","156","C0023221"
"51085","2","3","2","48","57","110","141","359","462","C0023221"
"3630","2","5","7","53","14","20","25","40","186","C0023221"
"9723","2","5","7","53","51","342","79","560","373","C0023221"
"406","2","3","3","19","151","276","91","433","118","C0023234"
"10686","2","5","6","42","36","71","177","64","219","C0023234"
"5328","2","5","7","34","52","216","395","549","674","C0023234"
"9791","2","3","8","45","94","199","240","415","666","C0023234"
"10908","2","3","2","97","173","275","377","473","592","C0023234"
"1493","2","5","7","53","51","119","25","40","186","C0023234"
"1277","2","5","7","53","51","342","454","573","492","C0023241"
"4552","2","3","7","48","81","105","139","186","245","C0023241"
"23529","2","5","7","53","51","119","25","40","416","C0023267"
"4001","2","3","12","76","31","40","38","54","75","C0023267"
"3691","2","5","7","53","51","342","454","573","492","C0023267"
"3162","2","3","5","53","51","119","402","489","416","C0023267"
"4436","2","3","12","19","31","261","116","1","86","C0023267"
"55315","2","3","5","80","81","296","62","94","150","C0023267"
"5832","2","3","2","101","62","189","182","509","252","C0023269"
"1111","2","3","12","19","31","261","116","1","86","C0023269"
"79600","2","3","12","76","153","40","38","54","75","C0023269"
"3717","2","5","7","53","14","20","25","40","186","C0023269"
"5192","2","3","5","43","161","305","409","208","482","C0023269"
"5327","2","5","7","53","51","342","454","573","492","C0023281"
"627","2","5","7","53","51","335","444","423","373","C0023281"
"6648","2","3","2","95","151","160","378","173","229","C0023281"
"7415","2","3","7","34","52","216","395","536","445","C0023281"
"1759","2","5","7","60","14","184","341","544","669","C0023281"
"55636","2","3","3","19","221","321","428","423","389","C0023281"
"4729","2","3","2","48","170","50","119","444","556","C0023281"
"51816","2","5","7","34","52","216","395","549","674","C0023281"
"55636","2","3","3","19","221","321","428","423","389","C0023281"
"2896","2","5","7","34","52","216","395","549","674","C0023283"
"3949","2","5","7","60","14","184","341","544","669","C0023283"
"26608","2","3","2","22","170","50","119","463","153","C0023283"
"80199","2","3","12","76","153","40","38","54","75","C0023283"
"26123","2","3","2","76","153","40","38","54","75","C0023283"
"3753","2","5","8","63","36","166","341","223","158","C0023283"
"22948","2","3","12","76","137","76","136","472","435","C0023283"
"5913","2","5","7","27","36","71","341","223","219","C0023283"
"2182","2","3","2","67","92","265","284","147","235","C0023290"
"9215","2","5","2","27","36","150","430","215","628","C0023290"
"2563","2","5","8","27","70","99","162","216","290","C0023290"
"6674","2","3","12","48","57","50","38","54","462","C0023290"
"2332","2","3","2","22","33","71","373","466","609","C0023290"
"5450","2","3","12","19","221","261","116","159","211","C0023290"
"1301","2","5","7","53","51","342","454","573","492","C0023290"
"3039","2","3","5","35","41","118","155","287","116","C0023290"
"2395","2","3","2","48","170","50","304","167","593","C0023290"
"8985","2","5","7","53","51","342","454","573","492","C0023290"
"23431","2","5","7","60","18","184","341","544","669","C0023290"
"4049","2","3","12","41","219","339","156","568","697","C0023290"
"8493","2","3","12","19","31","293","116","201","664","C0023290"
"270","2","3","5","33","21","47","84","261","246","C0023308"
"9611","2","3","12","19","151","276","91","433","118","C0023308"
"2720","2","3","7","34","52","216","395","21","599","C0023343"
"3845","2","5","7","60","54","24","30","46","72","C0023343"
"55172","2","5","7","27","36","150","341","223","628","C0023343"
"6346","2","5","4","68","96","326","427","548","672","C0023343"
"2944","2","3","5","91","175","271","372","471","586","C0023343"
"1280","2","5","7","53","51","342","454","573","492","C0023343"
"4982","2","5","12","41","219","339","156","568","697","C0023343"
"1501","2","5","7","27","36","150","341","223","628","C0023343"
"4540","2","3","2","48","170","50","119","444","556","C0023343"
"5073","2","3","2","110","85","323","433","146","194","C0023343"
"2263","2","5","7","53","14","20","25","40","186","C0023437"
"9343","2","3","2","22","33","323","66","101","136","C0023437"
"3759","2","5","8","63","36","166","106","110","158","C0023440"
"4286","2","3","12","19","31","261","116","1","664","C0023440"
"54903","2","3","12","76","153","40","38","54","75","C0023440"
"51305","2","5","8","63","36","166","106","110","158","C0023443"
"5023","2","5","7","34","52","216","395","549","674","C0023443"
"3077","2","5","7","53","51","119","395","549","674","C0023448"
"25942","2","3","12","19","31","1","426","55","78","C0023448"
"26281","2","5","7","53","14","20","25","40","186","C0023448"
"2006","2","5","7","53","51","342","454","573","492","C0023448"
"1281","2","5","7","53","51","342","454","573","492","C0023448"
"8425","2","5","7","53","51","342","454","573","492","C0023448"
"1280","2","5","7","53","51","342","454","573","492","C0023448"
"1277","2","5","7","53","51","342","454","573","492","C0023448"
"178","2","3","7","34","52","216","395","549","674","C0023449"
"64135","2","3","12","41","219","339","156","568","605","C0023449"
"3753","2","5","8","63","36","166","341","223","158","C0023449"
"9241","2","5","7","53","51","342","259","423","389","C0023449"
"2324","2","5","7","53","14","20","25","40","186","C0023449"
"7461","2","3","7","60","153","40","38","93","75","C0023449"
"846","2","5","4","68","96","326","427","548","672","C0023449"
"9820","2","3","12","41","116","268","434","468","213","C0023449"
"8988","2","3","8","63","45","160","103","464","187","C0023464"
"3423","2","3","5","74","3","342","374","294","590","C0023464"
"5897","2","3","12","41","116","268","141","568","605","C0023465"
"4535","2","3","2","48","170","50","119","444","556","C0023465"
"4436","2","3","12","19","31","261","116","1","86","C0023465"
"287","2","5","7","76","153","40","38","54","203","C0023465"
"4598","2","3","2","19","151","276","198","259","427","C0023470"
"6690","2","5","7","68","51","119","395","549","674","C0023470"
"368","2","3","12","41","116","268","423","536","445","C0023470"
"4128","2","3","5","80","81","119","402","489","416","C0023470"
"5159","2","5","7","53","14","20","25","40","186","C0023470"
"7507","2","3","12","19","31","261","116","1","86","C0023470"
"55690","2","3","2","48","57","110","141","359","462","C0023470"
"6635","2","3","2","22","33","323","66","101","136","C0023470"
"2317","2","5","7","63","45","23","103","287","664","C0023470"
"7456","2","5","7","60","14","20","25","40","215","C0023470"
"6495","2","3","3","19","221","321","428","541","667","C0023470"
"10060","2","3","8","41","45","23","423","464","445","C0023470"
"5727","2","3","12","68","221","197","259","560","422","C0023470"
"2263","2","5","7","53","14","20","25","40","186","C0023470"
"10269","2","3","2","48","182","50","119","444","556","C0023470"
"94","2","5","7","53","51","342","259","423","389","C0023470"
"4313","2","5","7","53","51","342","454","573","492","C0023470"
"2022","2","5","7","53","51","342","259","423","389","C0023473"
"19","2","3","3","19","151","276","91","433","118","C0023473"
"5015","2","3","3","19","221","321","428","541","667","C0023473"
"10555","2","3","7","34","52","216","395","549","622","C0023473"
"6662","2","3","3","19","221","321","428","541","667","C0023473"
"3758","2","5","8","63","36","166","106","110","158","C0023473"
"1716","2","3","2","27","36","150","221","138","188","C0023473"
"4538","2","3","2","48","170","50","119","444","556","C0023473"
"5648","2","5","7","53","51","119","395","549","674","C0023473"
"3848","2","5","7","34","52","225","142","220","298","C0023473"
"2626","2","3","12","19","31","118","155","287","116","C0023473"
"776","2","5","8","63","36","166","341","390","158","C0023473"
"7084","2","3","2","72","109","115","62","268","353","C0023473"
"3887","2","1","6","11","142","225","142","220","298","C0023473"
"776","2","5","8","63","36","166","341","390","158","C0023473"
"1277","2","5","7","53","51","342","454","573","492","C0023473"
"4948","2","5","8","63","45","23","250","464","187","C0023473"
"7276","2","5","7","34","52","216","395","549","674","C0023473"
"10806","2","3","12","76","153","40","38","54","75","C0023473"
"1543","2","3","5","91","151","276","91","433","118","C0023473"
"158","2","3","4","96","177","61","373","341","142","C0023473"
"9409","2","3","5","43","161","305","409","208","482","C0023473"
"4313","2","5","7","53","51","342","454","573","492","C0023473"
"51062","2","5","7","27","36","150","402","489","373","C0023479"
"54101","2","3","2","48","170","50","347","167","593","C0023479"
"2629","2","3","5","80","81","250","291","152","420","C0023479"
"3766","2","5","8","63","36","166","106","110","158","C0023479"
"2120","2","3","12","19","31","193","306","148","624","C0023479"
"26012","2","3","12","19","31","261","116","159","211","C0023480"
"1301","2","5","7","53","51","342","454","573","492","C0023480"
"3861","2","1","6","11","142","225","142","220","298","C0023480"
"6678","2","5","7","53","51","342","454","573","492","C0023485"
"23533","2","3","2","53","14","20","25","362","468","C0023485"
"213","2","5","7","53","51","342","454","573","492","C0023485"
"11277","2","3","12","19","31","261","116","1","86","C0023485"
"29914","2","3","2","48","94","178","240","569","666","C0023485"
"3295","2","3","5","43","161","305","409","208","482","C0023485"
"6609","2","3","5","105","155","250","291","152","420","C0023485"
"4286","2","3","12","19","31","261","116","1","664","C0023485"
"1280","2","5","7","53","51","342","454","573","492","C0023485"
"5885","2","3","12","76","153","40","38","54","75","C0023485"
"9031","2","3","12","19","31","1","426","55","78","C0023485"
"9786","2","3","12","76","153","40","38","54","75","C0023485"
"2588","2","3","7","34","52","216","395","549","674","C0023492"
"3507","2","5","7","53","51","119","395","549","674","C0023492"
"8517","2","3","12","41","219","339","156","568","697","C0023492"
"3861","2","1","6","11","142","225","142","220","298","C0023492"
"2200","2","5","7","53","51","342","454","573","492","C0023492"
"6683","2","3","12","76","153","40","38","54","75","C0023493"
"6926","2","5","7","53","51","335","259","560","373","C0023493"
"10804","2","3","12","76","153","40","38","54","75","C0023493"
"7372","2","3","2","68","119","109","266","182","182","C0023493"
"3763","2","5","8","63","36","166","106","110","158","C0023493"
"5664","2","5","7","53","219","143","428","236","667","C0023493"
"9569","2","3","12","19","31","276","91","433","118","C0023493"
"10939","2","3","2","48","170","50","119","444","593","C0023493"
"2719","2","5","7","53","51","342","454","573","492","C0023493"
"5573","2","3","12","19","184","118","155","287","116","C0023493"
"4864","2","3","5","48","152","184","341","544","669","C0023493"
"4935","2","5","4","68","96","326","427","548","672","C0023493"
"595","2","3","12","19","31","1","426","489","416","C0023493"
"596","2","3","12","19","219","339","402","489","416","C0023493"
"2956","2","3","12","19","31","261","116","1","86","C0023493"
"5296","2","5","7","53","14","20","25","40","186","C0023493"
"51741","2","3","2","22","33","323","66","101","127","C0023493"
"4041","2","5","3","68","221","197","259","560","422","C0023493"
"23090","2","3","12","19","151","276","91","433","118","C0023493"
"6899","2","5","7","53","184","335","259","560","373","C0023493"
"114","2","5","4","68","96","326","427","548","672","C0023493"
"6785","2","3","5","67","7","5","239","311","393","C0023493"
"871","2","5","7","53","51","342","454","573","492","C0023493"
"2697","2","3","7","76","153","40","38","54","75","C0023493"
"11160","2","3","12","41","116","268","423","536","445","C0023493"
"617","2","3","2","48","170","50","304","167","593","C0023493"
"5824","2","3","5","47","144","185","238","310","392","C0023493"
"81622","2","3","2","48","219","50","156","444","697","C0023493"
"8518","2","3","12","19","31","1","426","55","78","C0023493"
"10484","2","3","7","60","153","40","38","54","203","C0023493"
"3094","2","3","2","48","170","266","367","500","78","C0023493"
"9935","2","3","12","19","31","1","426","55","78","C0023518"
"3708","2","5","8","63","45","23","306","390","158","C0023518"
"5443","2","5","4","68","96","326","427","548","672","C0023518"
"834","2","5","12","41","219","339","156","568","697","C0023518"
"5830","2","3","5","43","161","305","409","208","482","C0023518"
"4261","2","3","12","53","184","119","156","287","116","C0023518"
"3887","2","1","6","11","142","225","142","220","298","C0023518"
"8200","2","5","7","53","51","342","259","423","389","C0023518"
"443","2","3","5","80","81","189","182","509","409","C0023518"
"7507","2","3","12","19","31","261","116","1","86","C0023518"
"3265","2","5","7","60","54","24","30","46","72","C0023518"
"3265","2","5","7","60","54","24","30","46","72","C0023518"
"29110","2","3","12","41","219","339","156","568","697","C0023518"
"673","2","5","7","53","14","20","34","540","68","C0023520"
"6535","2","5","8","45","94","199","240","415","666","C0023520"
"6885","2","3","12","41","219","339","156","568","697","C0023520"
"6622","2","3","7","27","36","150","341","223","628","C0023520"
"4976","2","3","2","48","170","50","119","444","556","C0023520"
"7291","2","3","12","19","151","276","91","489","416","C0023520"
"2188","2","3","12","19","31","261","116","1","86","C0023520"
"2200","2","5","7","53","51","342","454","573","492","C0023520"
"8076","2","5","7","53","51","342","454","573","492","C0023520"
"5340","2","5","7","53","51","342","454","573","492","C0023520"
"3251","2","3","4","68","96","326","427","341","150","C0023520"
"26277","2","3","12","19","31","1","426","1","78","C0023520"
"1585","2","3","5","79","159","256","351","100","589","C0023520"
"9361","2","3","2","48","170","50","119","444","556","C0023520"
"5813","2","3","12","19","31","1","116","159","211","C0023520"
"6690","2","5","7","68","51","119","395","549","674","C0023520"
"6443","2","5","8","63","45","23","103","464","187","C0023520"
"7018","2","5","7","53","51","342","454","573","669","C0023520"
"868","2","3","12","41","116","268","434","468","213","C0023520"
"54209","2","5","7","53","51","119","395","549","674","C0023520"
"3425","2","3","5","80","81","166","454","573","492","C0023520"
"1737","2","3","2","67","92","293","55","75","311","C0023520"
"2896","2","5","7","34","52","216","395","549","674","C0023520"
"9786","2","3","12","76","153","40","38","54","75","C0023520"
"653361","2","5","7","60","14","20","25","40","215","C0023520"
"50939","2","3","12","76","153","40","38","472","435","C0023520"
"3664","2","5","7","53","184","119","156","287","116","C0023520"
"10491","2","5","7","53","51","342","454","573","492","C0023520"
"25939","2","3","12","53","184","119","156","287","116","C0023520"
"1373","2","3","8","84","97","167","210","271","536","C0023520"
"10683","2","5","7","53","51","143","428","560","667","C0023520"
"5824","2","3","5","47","144","185","238","310","392","C0023520"
"5076","2","3","3","19","221","321","428","541","667","C0023532"
"4170","2","3","12","41","219","339","402","489","416","C0023532"
"392255","2","5","7","53","51","342","259","423","389","C0023532"
"2033","2","3","12","19","31","1","91","433","118","C0023532"
"9793","2","3","12","76","153","40","38","54","75","C0023532"
"3762","2","5","8","63","36","166","106","110","158","C0023532"
"50484","2","3","5","80","109","182","235","307","506","C0023532"
"54101","2","3","2","48","170","50","347","167","593","C0023532"
"2317","2","5","7","63","45","23","103","287","664","C0023532"
"3663","2","3","12","53","184","119","156","287","116","C0023532"
"1650","2","5","7","34","52","216","395","549","674","C0023532"
"9688","2","3","12","22","33","323","66","101","664","C0023532"
"355","2","3","7","41","219","339","156","568","697","C0023532"
"3764","2","5","8","63","36","166","106","110","158","C0023532"
"7053","2","3","6","11","142","225","142","220","298","C0023532"
"3265","2","5","7","60","54","24","30","46","72","C0023532"
"1415","2","3","6","63","45","160","362","177","673","C0023532"
"1001","2","5","7","53","51","335","444","560","373","C0023532"
"5428","2","3","2","48","170","50","119","167","593","C0023532"
"4852","2","5","4","68","96","326","427","548","672","C0023532"
"10594","2","3","2","22","33","323","66","101","136","C0023601"
"6391","2","3","2","48","170","50","119","444","556","C0023601"
"3565","2","5","7","53","51","119","25","489","416","C0023601"
"3356","2","5","4","68","96","326","427","548","672","C0023653"
"5604","2","5","7","53","14","20","34","540","68","C0023653"
"8289","2","3","12","19","31","1","426","55","78","C0023653"
"776","2","5","8","63","36","166","341","390","158","C0023653"
"567","2","5","7","34","52","119","395","549","674","C0023653"
"4000","2","3","12","26","105","178","226","297","156","C0023772"
"9990","2","5","8","45","94","199","240","415","666","C0023772"
"51339","2","3","12","41","116","268","434","568","605","C0023772"
"444","2","5","8","63","45","23","34","464","187","C0023772"
"5595","2","3","7","53","14","20","34","540","68","C0023772"
"6833","2","5","8","45","36","166","240","415","666","C0023772"
"26281","2","5","7","53","14","20","25","40","186","C0023787"
"8924","2","3","12","41","116","268","434","468","213","C0023787"
"2627","2","3","12","19","31","118","155","287","116","C0023787"
"23414","2","3","12","19","31","118","155","287","116","C0023787"
"4620","2","5","8","63","45","23","103","464","187","C0023787"
"4204","2","3","12","19","31","1","426","55","78","C0023787"
"3767","2","5","8","63","36","166","106","110","158","C0023787"
"26160","2","3","12","76","153","40","38","54","75","C0023787"
"2969","2","3","12","19","31","276","91","433","118","C0023787"
"6513","2","5","7","90","216","337","448","565","562","C0023787"
"3981","2","3","12","19","31","261","116","1","86","C0023787"
"10117","2","5","7","53","51","342","454","573","492","C0023787"
"219844","2","3","5","60","18","184","356","544","669","C0023787"
"6870","2","5","4","68","96","326","427","548","672","C0023787"
"51083","2","5","4","68","96","326","427","548","672","C0023787"
"2879","2","3","5","80","81","166","378","173","229","C0023787"
"5075","2","3","3","19","221","321","428","541","667","C0023787"
"183","2","5","4","68","96","326","427","548","672","C0023794"
"3909","2","5","7","53","51","342","454","573","492","C0023794"
"3643","2","5","7","53","14","20","25","40","186","C0023794"
"1646","2","3","2","46","136","227","168","225","490","C0023794"
"1947","2","5","7","53","51","20","25","560","373","C0023794"
"5696","2","3","12","41","116","268","156","568","116","C0023794"
"1326","2","3","12","41","14","20","34","540","68","C0023794"
"2332","2","3","2","22","33","71","373","466","609","C0023794"
"8743","2","5","12","41","219","339","156","568","697","C0023794"
"11315","2","3","2","48","170","50","399","201","229","C0023794"
"3953","2","5","7","53","14","20","25","40","186","C0023794"
"5447","2","3","5","91","214","271","372","471","586","C0023794"
"50846","2","3","3","68","221","197","259","560","422","C0023794"
"5318","2","1","6","11","142","225","142","220","298","C0023794"
"55112","2","3","12","76","153","40","38","54","75","C0023794"
"10535","2","3","12","76","153","40","38","54","75","C0023794"
"10801","2","3","12","76","108","293","141","305","387","C0023794"
"8854","2","3","5","75","120","101","126","248","335","C0023794"
"5979","2","5","7","53","14","20","25","40","186","C0023794"
"9896","2","3","5","80","81","296","399","201","274","C0023798"
"54982","2","3","2","48","170","50","399","167","593","C0023798"
"9365","2","3","7","53","14","20","25","40","186","C0023798"
"2255","2","5","7","53","14","20","25","40","186","C0023798"
"6687","2","3","2","48","170","50","119","444","593","C0023798"
"4763","2","5","7","60","54","24","30","46","214","C0023798"
"4247","2","3","2","68","67","320","98","180","279","C0023798"
"9126","2","3","12","76","153","40","38","54","75","C0023798"
"26276","2","3","7","60","81","184","341","66","203","C0023798"
"4854","2","5","7","53","51","143","428","236","667","C0023798"
"9321","2","3","12","76","153","40","38","54","203","C0023798"
"55572","2","3","2","48","170","50","119","444","556","C0023798"
"5781","2","5","7","53","14","20","25","40","186","C0023798"
"5993","2","3","12","19","31","1","426","55","78","C0023817"
"9211","2","5","7","27","36","150","341","223","628","C0023817"
"1301","2","5","7","53","51","342","454","573","492","C0023827"
"2767","2","5","4","68","96","326","427","548","672","C0023827"
"4353","2","3","7","34","52","216","395","549","674","C0023827"
"8260","2","3","12","41","85","266","76","287","78","C0023827"
"3039","2","3","5","35","41","118","155","287","116","C0023860"
"9719","2","5","7","53","51","342","454","573","492","C0023860"
"3035","2","3","2","110","85","237","433","547","154","C0023882"
"1305","2","5","7","53","51","342","454","573","492","C0023882"
"23426","2","5","7","42","36","71","177","223","219","C0023882"
"10735","2","3","12","76","153","40","38","54","75","C0023882"
"8643","2","5","3","68","221","197","259","560","422","C0023882"
"175","2","3","7","34","52","216","395","549","674","C0023882"
"7048","2","5","7","53","51","342","259","423","389","C0023882"
"8942","2","3","5","52","212","183","307","391","507","C0023882"
"4337","2","3","2","80","91","75","204","267","352","C0023882"
"4613","2","3","12","19","31","1","426","55","78","C0023882"
"2067","2","3","12","19","31","261","116","1","86","C0023882"
"10000","2","5","7","53","14","20","34","540","68","C0023882"
"6598","2","3","12","19","31","1","426","55","78","C0023882"
"1312","2","3","2","87","79","105","426","129","25","C0023882"
"1832","2","5","7","34","52","225","142","220","298","C0023891"
"5130","2","3","2","85","143","286","51","488","102","C0023891"
"7450","2","5","7","53","51","342","454","573","492","C0023891"
"6281","2","5","7","34","52","216","395","572","327","C0023891"
"857","2","5","7","53","45","23","57","83","422","C0023891"
"5696","2","3","12","41","116","268","156","568","116","C0023891"
"7140","2","5","8","63","45","23","103","464","187","C0023891"
"5424","2","3","12","19","31","261","116","1","86","C0023891"
"5144","2","3","4","68","96","326","427","548","672","C0023891"
"54209","2","5","7","53","51","119","395","549","674","C0023891"
"5663","2","5","7","34","52","216","395","549","667","C0023891"
"4750","2","5","12","76","14","20","34","540","68","C0023891"
"4540","2","3","2","48","170","50","119","444","556","C0023891"
"9531","2","3","12","41","219","339","347","271","356","C0023891"
"554","2","5","4","68","96","326","427","548","672","C0023891"
"9343","2","3","2","22","33","323","66","101","136","C0023896"
"1959","2","3","3","19","151","276","91","433","118","C0023896"
"6662","2","3","3","19","221","321","428","541","667","C0023896"
"23746","2","3","12","41","83","101","126","271","356","C0023897"
"93589","2","5","8","63","36","166","341","223","158","C0023897"
"4221","2","3","12","19","31","342","454","573","492","C0023897"
"115352","2","5","7","34","52","20","25","40","186","C0023897"
"4613","2","3","12","19","31","1","426","55","78","C0023897"
"2969","2","3","12","19","31","276","91","433","118","C0023897"
"6473","2","3","3","19","221","321","428","541","667","C0023897"
"1641","2","5","7","60","221","321","428","560","373","C0023897"
"2353","2","3","12","19","31","1","91","489","416","C0023897"
"3423","2","3","5","74","3","342","374","294","590","C0023931"
"7124","2","3","12","41","219","339","156","568","697","C0023931"
"4089","2","3","12","19","219","339","259","423","605","C0023976"
"1029","2","3","12","19","31","1","116","1","664","C0023976"
"1289","2","5","7","53","51","342","454","573","492","C0023976"
"2056","2","5","7","53","51","119","25","40","186","C0023976"
"5189","2","3","5","43","161","305","409","208","482","C0023976"
"6528","2","5","8","45","94","199","240","415","666","C0023976"
"4488","2","3","3","19","221","321","428","541","667","C0023976"
"3892","2","1","6","11","142","225","142","220","298","C0023976"
"6710","2","5","7","60","14","20","25","40","186","C0024031"
"3679","2","5","7","53","51","342","454","573","492","C0024031"
"779","2","5","8","63","36","166","341","390","158","C0024031"
"2492","2","5","4","68","96","326","427","548","672","C0024031"
"2956","2","3","12","19","31","261","116","1","86","C0024031"
"3043","2","5","7","34","52","216","395","549","116","C0024138"
"10262","2","3","2","22","33","323","66","101","136","C0024138"
"4508","2","3","2","48","170","50","119","444","556","C0024138"
"4214","2","3","12","41","219","339","34","540","117","C0024138"
"26608","2","3","2","22","170","50","119","463","153","C0024143"
"4038","2","5","7","53","51","342","454","573","492","C0024143"
"54474","2","1","6","11","142","225","142","220","298","C0024143"
"7084","2","3","2","72","109","115","62","268","353","C0024143"
"5873","2","5","7","34","54","24","30","46","72","C0024145"
"51082","2","3","2","19","31","1","426","55","78","C0024145"
"2908","2","3","12","19","151","276","91","433","118","C0024145"
"5296","2","5","7","53","14","20","25","40","186","C0024205"
"64220","2","3","2","69","83","101","126","170","224","C0024205"
"26227","2","3","2","41","137","44","208","81","108","C0024205"
"6875","2","3","12","19","31","261","116","159","211","C0024221"
"23592","2","3","12","26","105","342","259","423","389","C0024221"
"9775","2","3","2","22","33","323","66","101","136","C0024228"
"22868","2","3","2","48","182","67","76","463","153","C0024228"
"6736","2","3","12","19","31","276","91","433","667","C0024228"
"4361","2","3","12","19","31","261","116","1","86","C0024228"
"6928","2","3","3","19","221","321","428","541","667","C0024228"
"3239","2","3","3","19","221","321","428","541","667","C0024228"
"7140","2","5","8","63","45","23","103","464","187","C0024228"
"2263","2","5","7","53","14","20","25","40","186","C0024228"
"7291","2","3","12","19","151","276","91","489","416","C0024228"
"5277","2","3","2","61","77","142","176","235","317","C0024228"
"7248","2","3","2","48","57","110","141","359","462","C0024228"
"4689","2","5","7","60","14","20","25","40","215","C0024228"
"857","2","5","7","53","45","23","57","83","422","C0024228"
"5192","2","3","5","43","161","305","409","208","482","C0024228"
"81622","2","3","2","48","219","50","156","444","697","C0024232"
"54332","2","3","2","60","170","40","98","66","203","C0024232"
"5993","2","3","12","19","31","1","426","55","78","C0024232"
"8878","2","3","12","41","219","339","156","568","697","C0024232"
"8915","2","3","12","41","219","339","156","568","697","C0024232"
"4582","2","5","7","53","206","324","430","429","544","C0024232"
"4920","2","5","7","53","14","20","259","560","373","C0024232"
"5190","2","3","5","43","161","305","409","208","482","C0024232"
"6911","2","5","6","19","142","335","259","560","373","C0024232"
"5167","2","3","5","32","93","163","207","303","126","C0024232"
"2022","2","5","7","53","51","342","259","423","389","C0024232"
"9049","2","3","3","41","151","276","378","271","356","C0024232"
"5376","2","5","7","53","51","342","454","573","492","C0024232"
"5095","2","3","2","48","40","130","166","127","173","C0024232"
"1759","2","5","7","60","14","184","341","544","669","C0024236"
"9971","2","3","3","19","151","276","91","433","118","C0024236"
"207","2","3","7","53","14","20","34","489","416","C0024236"
"144568","2","3","6","11","142","225","142","220","298","C0024236"
"9987","2","3","2","22","33","323","66","101","136","C0024236"
"2619","2","5","3","53","221","197","259","560","422","C0024236"
"5396","2","3","3","19","221","321","428","541","667","C0024236"
"6654","2","5","7","60","54","24","30","46","72","C0024236"
"3757","2","5","8","63","36","166","106","110","158","C0024236"
"7403","2","3","12","19","31","1","426","55","78","C0024236"
"3852","2","1","6","11","142","225","142","220","298","C0024236"
"7020","2","3","12","19","31","276","91","433","664","C0024236"
"253017","2","3","2","67","92","29","35","49","174","C0024236"
"3643","2","5","7","53","14","20","25","40","186","C0024236"
"4629","2","5","8","63","45","23","103","464","187","C0024236"
"2263","2","5","7","53","14","20","25","40","186","C0024236"
"23594","2","3","12","76","153","261","116","1","86","C0024236"
"8085","2","3","12","19","31","1","426","55","78","C0024236"
"9782","2","3","2","22","33","323","66","101","136","C0024236"
"4668","2","3","5","21","111","188","242","313","396","C0024236"
"51057","2","3","12","76","153","40","38","54","75","C0024236"
"3181","2","3","2","22","33","323","66","101","136","C0024236"
"3440","2","3","12","19","184","118","155","287","116","C0024301"
"5333","2","3","5","18","16","40","417","103","58","C0024301"
"10312","2","3","7","34","52","216","395","549","674","C0024301"
"5444","2","3","5","80","147","236","328","411","229","C0024301"
"1294","2","5","7","53","51","342","454","573","492","C0024301"
"5605","2","5","7","53","14","20","34","540","68","C0024301"
"59338","2","5","7","60","54","24","30","362","468","C0024301"
"3265","2","5","7","60","54","24","30","46","72","C0024301"
"51062","2","5","7","27","36","150","402","489","373","C0024301"
"2488","2","5","4","68","96","326","427","548","672","C0024301"
"10293","2","3","12","41","116","268","434","468","213","C0024301"
"2218","2","5","2","53","123","194","255","560","373","C0024301"
"2719","2","5","7","53","51","342","454","573","492","C0024301"
"10913","2","3","12","41","219","339","156","568","697","C0024301"
"1789","2","3","12","19","31","1","426","55","78","C0024301"
"999","2","5","7","53","51","342","444","560","373","C0024301"
"6154","2","3","2","110","85","237","433","547","671","C0024301"
"249","2","3","5","27","51","335","444","560","373","C0024305"
"51196","2","3","7","60","54","24","30","46","72","C0024305"
"4627","2","5","7","63","45","184","103","572","658","C0024305"
"6772","2","3","12","53","184","119","156","287","116","C0024305"
"6899","2","5","7","53","184","335","259","560","373","C0024305"
"2260","2","5","7","53","14","20","25","40","186","C0024305"
"7456","2","5","7","60","14","20","25","40","215","C0024305"
"1109","2","3","2","46","51","227","168","225","490","C0024305"
"5781","2","5","7","53","14","20","25","40","186","C0024305"
"3949","2","5","7","60","14","184","341","544","669","C0024305"
"8891","2","3","2","110","85","237","433","547","671","C0024305"
"675","2","3","12","19","31","261","116","1","86","C0024305"
"10082","2","3","2","74","51","342","454","573","492","C0024305"
"2006","2","5","7","53","51","342","454","573","492","C0024305"
"5979","2","5","7","53","14","20","25","40","186","C0024305"
"4137","2","3","7","27","36","150","341","223","628","C0024305"
"27019","2","3","12","76","153","40","38","54","75","C0024305"
"1938","2","3","7","34","52","216","395","549","671","C0024305"
"26040","2","3","12","19","31","1","116","297","78","C0024305"
"8643","2","5","3","68","221","197","259","560","422","C0024305"
"4221","2","3","12","19","31","342","454","573","492","C0024305"
"10084","2","3","2","22","33","323","66","101","136","C0024305"
"4948","2","5","8","63","45","23","250","464","187","C0024314"
"55505","2","3","2","110","85","237","433","547","671","C0024314"
"6785","2","3","5","67","7","5","239","311","393","C0024314"
"9241","2","5","7","53","51","342","259","423","389","C0024314"
"5332","2","3","4","68","96","326","427","548","672","C0024314"
"1964","2","3","2","110","85","237","433","547","671","C0024437"
"8504","2","3","5","47","144","185","238","310","392","C0024437"
"348","2","5","7","53","51","342","454","573","492","C0024437"
"3560","2","5","7","53","14","20","25","40","186","C0024437"
"11005","2","1","6","11","142","225","142","220","298","C0024437"
"23363","2","3","12","41","116","268","434","468","213","C0024437"
"7157","2","3","12","19","31","261","402","489","551","C0024437"
"4535","2","3","2","48","170","50","119","444","556","C0024437"
"10815","2","5","7","60","36","71","341","223","666","C0024437"
"2588","2","3","7","34","52","216","395","549","674","C0024437"
"4000","2","3","12","26","105","178","226","297","156","C0024437"
"27241","2","3","12","76","153","76","38","54","75","C0024437"
"1760","2","5","8","63","14","20","34","540","68","C0024437"
"5979","2","5","7","53","14","20","25","40","186","C0024437"
"2896","2","5","7","34","52","216","395","549","674","C0024437"
"2138","2","3","12","19","31","1","426","55","78","C0024437"
"673","2","5","7","53","14","20","34","540","68","C0024440"
"5742","2","3","5","91","175","134","167","224","301","C0024440"
"5648","2","5","7","53","51","119","395","549","674","C0024454"
"23405","2","3","2","22","33","323","66","146","194","C0024454"
"3440","2","3","12","19","184","118","155","287","116","C0024507"
"3239","2","3","3","19","221","321","428","541","667","C0024507"
"5290","2","3","7","53","14","20","25","40","186","C0024517"
"1756","2","5","8","63","45","23","103","464","187","C0024517"
"2033","2","3","12","19","31","1","91","433","118","C0024517"
"875","2","3","5","80","137","44","21","451","316","C0024517"
"3674","2","5","7","53","51","342","454","573","492","C0024517"
"5428","2","3","2","48","170","50","119","167","593","C0024517"
"23600","2","3","5","80","81","305","409","208","482","C0024517"
"27306","2","3","5","91","175","271","372","471","586","C0024517"
"10312","2","3","7","34","52","216","395","549","674","C0024517"
"5015","2","3","3","19","221","321","428","541","667","C0024530"
"2263","2","5","7","53","14","20","25","40","186","C0024530"
"26258","2","5","7","60","18","184","341","544","669","C0024530"
"477","2","3","8","63","45","23","103","464","187","C0024530"
"5159","2","5","7","53","14","20","25","40","186","C0024530"
"4692","2","5","7","53","51","119","402","489","416","C0024530"
"8425","2","5","7","53","51","342","454","573","492","C0024530"
"2760","2","3","7","34","52","216","395","549","674","C0024530"
"324","2","3","12","41","219","197","70","255","422","C0024530"
"3757","2","5","8","63","36","166","106","110","158","C0024530"
"5308","2","3","3","19","221","321","428","541","667","C0024530"
"2697","2","3","7","76","153","40","38","54","75","C0024530"
"4038","2","5","7","53","51","342","454","573","492","C0024530"
"80704","2","3","2","65","35","35","189","237","156","C0024530"
"25794","2","5","6","11","142","225","142","220","673","C0024530"
"2706","2","3","12","76","153","40","38","54","75","C0024530"
"11113","2","5","7","53","14","20","34","540","68","C0024535"
"1605","2","5","7","53","51","342","454","573","492","C0024535"
"1290","2","5","7","53","51","342","454","573","492","C0024535"
"95","2","3","5","80","81","166","400","503","625","C0024591"
"6399","2","5","7","60","54","24","30","46","72","C0024591"
"2690","2","5","7","53","14","20","25","40","186","C0024591"
"6310","2","3","12","22","142","225","366","362","468","C0024591"
"1583","2","3","5","79","152","273","375","100","589","C0024591"
"10559","2","3","2","89","124","204","272","347","451","C0024591"
"11160","2","3","12","41","116","268","423","536","445","C0024591"
"6899","2","5","7","53","184","335","259","560","373","C0024591"
"359","2","3","5","80","81","166","397","374","486","C0024591"
"2260","2","5","7","53","14","20","25","40","186","C0024591"
"2778","2","5","4","68","96","326","427","548","672","C0024689"
"1848","2","3","5","42","81","296","399","201","274","C0024689"
"50846","2","3","3","68","221","197","259","560","422","C0024776"
"8022","2","3","3","110","85","321","428","541","667","C0024776"
"8842","2","5","5","53","82","147","184","179","328","C0024776"
"4921","2","5","7","53","14","20","25","573","186","C0024776"
"2187","2","3","12","19","31","261","116","1","86","C0024776"
"8625","2","3","12","19","31","276","91","236","118","C0024790"
"9076","2","5","6","42","36","71","177","64","219","C0024790"
"440","2","3","2","101","62","189","182","509","154","C0024790"
"22948","2","3","12","76","137","76","136","472","435","C0024796"
"4072","2","5","7","53","51","119","454","573","492","C0024796"
"207","2","3","7","53","14","20","34","489","416","C0024796"
"10555","2","3","7","34","52","216","395","549","622","C0024796"
"1836","2","3","2","35","41","94","260","330","375","C0024796"
"2623","2","3","12","19","31","1","155","287","116","C0024796"
"26608","2","3","2","22","170","50","119","463","153","C0024796"
"22897","2","3","12","76","153","40","38","54","75","C0024796"
"100506658","2","5","7","42","36","71","177","64","219","C0024796"
"6566","2","3","2","67","37","316","422","535","660","C0024809"
"7439","2","5","8","63","45","23","34","464","187","C0024809"
"9150","2","3","12","19","31","261","116","159","211","C0024809"
"355","2","3","7","41","219","339","156","568","697","C0024809"
"6532","2","5","8","45","94","199","240","415","666","C0024809"
"51684","2","3","12","41","116","268","38","54","75","C0024809"
"8085","2","3","12","19","31","1","426","55","78","C0024809"
"1031","2","3","12","19","31","1","426","55","78","C0024809"
"23534","2","3","2","22","33","323","66","101","136","C0024809"
"6772","2","3","12","53","184","119","156","287","116","C0024809"
"8200","2","5","7","53","51","342","259","423","389","C0024809"
"6326","2","5","8","63","36","166","341","390","158","C0024809"
"1103","2","3","2","67","92","293","55","75","311","C0024809"
"2316","2","5","7","53","51","342","454","573","702","C0024809"
"7490","2","3","3","19","221","321","428","541","667","C0024809"
"3845","2","5","7","60","54","24","30","46","72","C0024809"
"4854","2","5","7","53","51","143","428","236","667","C0024809"
"26608","2","3","2","22","170","50","119","463","153","C0024809"
"1075","2","5","7","34","52","216","395","549","674","C0024809"
"10269","2","3","2","48","182","50","119","444","556","C0024809"
"396","2","5","7","60","54","24","30","46","72","C0024809"
"4683","2","3","12","19","31","261","116","1","86","C0024809"
"1186","2","5","8","63","45","23","34","464","187","C0024809"
"2035","2","5","7","60","36","71","341","223","219","C0024809"
"10686","2","5","6","42","36","71","177","64","219","C0024809"
"2261","2","5","7","53","14","20","25","40","186","C0024809"
"2668","2","5","7","53","14","20","25","40","186","C0024809"
"6648","2","3","2","95","151","160","378","173","229","C0024809"
"773","2","5","8","27","36","166","341","223","628","C0024809"
"2998","2","3","2","28","22","48","232","82","114","C0024809"
"9469","2","3","2","103","189","303","29","475","467","C0024809"
"10617","2","3","12","48","57","110","141","359","462","C0024809"
"7305","2","5","7","34","52","216","395","549","674","C0024809"
"1289","2","5","7","53","51","342","454","573","492","C0024899"
"4313","2","5","7","53","51","342","454","573","492","C0024899"
"4286","2","3","12","19","31","261","116","1","664","C0024904"
"5993","2","3","12","19","31","1","426","55","78","C0024904"
"673","2","5","7","53","14","20","34","540","68","C0024904"
"551","2","5","4","68","96","326","427","548","672","C0025037"
"57105","2","5","4","68","96","326","427","548","672","C0025037"
"8867","2","3","5","60","14","184","341","544","669","C0025037"
"5420","2","5","7","34","52","342","454","64","492","C0025037"
"5327","2","5","7","53","51","342","454","573","492","C0025037"
"5917","2","3","2","110","85","237","433","547","154","C0025160"
"4893","2","5","7","34","52","24","30","46","72","C0025160"
"5745","2","5","4","68","96","326","427","548","672","C0025160"
"3586","2","5","7","53","51","119","25","489","416","C0025160"
"3329","2","3","2","48","170","50","304","167","593","C0025160"
"55129","2","5","8","63","45","23","34","464","187","C0025160"
"23064","2","3","6","11","31","261","142","220","664","C0025160"
"2629","2","3","5","80","81","250","291","152","420","C0025160"
"2796","2","5","4","68","96","326","427","548","672","C0025160"
"10216","2","3","2","48","170","50","304","167","593","C0025160"
"8518","2","3","12","19","31","1","426","55","78","C0025160"
"1301","2","5","7","53","51","342","454","573","492","C0025160"
"10806","2","3","12","76","153","40","38","54","75","C0025160"
"2263","2","5","7","53","14","20","25","40","186","C0025160"
"23630","2","5","8","63","36","166","106","110","158","C0025160"
"5830","2","3","5","43","161","305","409","208","482","C0025160"
"6314","2","3","12","19","31","1","426","568","78","C0025160"
"2200","2","5","7","53","51","342","454","573","492","C0025160"
"2629","2","3","5","80","81","250","291","152","420","C0025160"
"6888","2","3","2","90","167","266","367","500","577","C0025160"
"2218","2","5","2","53","123","194","255","560","373","C0025160"
"1859","2","3","7","53","14","20","34","540","68","C0025160"
"4089","2","3","12","19","219","339","259","423","605","C0025160"
"5781","2","5","7","53","14","20","25","40","186","C0025160"
"54982","2","3","2","48","170","50","399","167","593","C0025160"
"103","2","3","2","110","184","119","156","287","116","C0025160"
"7424","2","5","7","53","51","342","454","573","702","C0025160"
"6648","2","3","2","95","151","160","378","173","229","C0025160"
"1376","2","3","2","19","151","276","91","433","118","C0025205"
"3756","2","5","8","63","36","166","106","110","158","C0025205"
"4908","2","5","7","53","51","342","259","423","389","C0025205"
"7840","2","3","12","76","153","40","38","54","75","C0025222"
"7390","2","3","5","80","81","166","132","175","473","C0025222"
"2969","2","3","12","19","31","276","91","433","118","C0025267"
"1280","2","5","7","53","51","342","454","573","492","C0025267"
"4069","2","5","7","34","52","216","395","549","674","C0025267"
"94","2","5","7","53","51","342","259","423","389","C0025267"
"7001","2","3","5","80","81","110","141","359","229","C0025267"
"857","2","5","7","53","45","23","57","83","422","C0025286"
"9632","2","3","7","60","153","40","38","54","203","C0025286"
"4598","2","3","2","19","151","276","198","259","427","C0025286"
"10165","2","3","2","48","170","50","304","167","593","C0025286"
"54714","2","5","8","63","36","166","106","110","158","C0025286"
"847","2","3","7","34","52","216","395","549","674","C0025286"
"2153","2","5","7","53","51","342","454","573","492","C0025286"
"1490","2","5","7","53","51","342","454","573","492","C0025286"
"3239","2","3","3","19","221","321","428","541","667","C0025286"
"477","2","3","8","63","45","23","103","464","187","C0025286"
"8452","2","3","12","41","116","268","434","468","213","C0025286"
"2677","2","5","7","53","51","342","454","573","492","C0025286"
"3549","2","5","3","53","51","197","259","560","422","C0025286"
"2778","2","5","4","68","96","326","427","548","672","C0025286"
"2737","2","3","12","19","116","321","428","54","667","C0025286"
"5443","2","5","4","68","96","326","427","548","672","C0025286"
"10999","2","3","8","45","94","298","401","506","626","C0025286"
"5830","2","3","5","43","161","305","409","208","482","C0025286"
"23426","2","5","7","42","36","71","177","223","219","C0025286"
"2492","2","5","4","68","96","326","427","548","672","C0025286"
"5538","2","3","2","115","18","340","269","342","444","C0025286"
"90","2","5","7","53","51","342","259","423","389","C0025286"
"3851","2","3","12","76","153","40","38","54","75","C0025286"
"1649","2","3","12","19","31","276","91","433","118","C0025289"
"3845","2","5","7","60","54","24","30","46","72","C0025289"
"9241","2","5","7","53","51","342","259","423","389","C0025289"
"10280","2","3","2","110","85","52","57","86","119","C0025289"
"5095","2","3","2","48","40","130","166","127","173","C0025289"
"5830","2","3","5","43","161","305","409","208","482","C0025289"
"79147","2","3","2","27","36","150","430","215","628","C0025289"
"3791","2","5","7","53","51","342","454","573","492","C0025289"
"9469","2","3","2","103","189","303","29","475","467","C0025289"
"7681","2","3","12","41","116","268","434","468","213","C0025289"
"4247","2","3","2","68","67","320","98","180","279","C0025289"
"1499","2","3","12","19","221","197","259","560","422","C0025289"
"2780","2","5","4","68","96","326","427","548","672","C0025289"
"2057","2","5","7","53","14","20","25","40","186","C0025289"
"2184","2","3","5","76","153","138","236","332","407","C0025289"
"10743","2","3","3","19","151","276","91","433","118","C0025289"
"1594","2","3","5","92","163","96","363","460","487","C0025289"
"7273","2","5","7","53","51","342","103","464","702","C0025289"
"5290","2","3","7","53","14","20","25","40","186","C0025289"
"1487","2","3","12","19","31","1","426","55","340","C0025289"
"1280","2","5","7","53","51","342","454","573","492","C0025289"
"4318","2","5","7","34","52","216","395","573","492","C0025289"
"5146","2","3","5","86","72","258","318","403","518","C0025289"
"7066","2","5","7","53","51","119","25","573","416","C0025289"
"2138","2","3","12","19","31","1","426","55","78","C0025289"
"7177","2","3","5","80","51","119","454","549","674","C0025289"
"1615","2","3","2","110","85","237","433","547","154","C0025289"
"50485","2","3","12","19","31","261","116","1","86","C0025290"
"3329","2","3","2","48","170","50","304","167","593","C0025290"
"4537","2","3","2","48","170","50","119","444","556","C0025294"
"9241","2","5","7","53","51","342","259","423","389","C0025294"
"4893","2","5","7","34","52","24","30","46","72","C0025294"
"1103","2","3","2","67","92","293","55","75","311","C0025299"
"9131","2","3","12","41","219","339","347","271","356","C0025299"
"1636","2","3","5","80","81","166","397","418","568","C0025299"
"9829","2","5","7","60","14","184","341","544","669","C0025303"
"7431","2","3","12","41","45","23","103","489","416","C0025303"
"11005","2","1","6","11","142","225","142","220","298","C0025303"
"4137","2","3","7","27","36","150","341","223","628","C0025303"
"23522","2","3","12","19","31","1","426","55","78","C0025312"
"3145","2","3","5","80","81","166","132","175","473","C0025312"
"5605","2","5","7","53","14","20","34","540","68","C0025312"
"26012","2","3","12","19","31","261","116","159","211","C0025312"
"1312","2","3","2","87","79","105","426","129","25","C0025312"
"6647","2","3","2","95","2","342","378","173","702","C0025312"
"2316","2","5","7","53","51","342","454","573","702","C0025322"
"7871","2","3","12","76","137","76","136","472","435","C0025322"
"4867","2","5","7","76","153","40","38","54","75","C0025322"
"5155","2","5","7","53","51","342","454","573","186","C0025322"
"1967","2","3","2","110","85","237","433","547","671","C0025322"
"4509","2","3","2","48","170","50","119","444","556","C0025322"
"492","2","3","8","63","45","23","103","464","187","C0025322"
"2314","2","3","12","63","45","184","103","572","658","C0025322"
"7809","2","5","8","63","45","23","34","464","187","C0025322"
"3728","2","5","7","34","52","225","142","220","298","C0025322"
"29123","2","3","12","19","151","276","91","433","118","C0025322"
"4261","2","3","12","53","184","119","156","287","116","C0025322"
"25953","2","3","2","67","92","293","137","75","664","C0025322"
"5243","2","3","12","41","116","268","423","536","445","C0025322"
"9928","2","3","12","76","153","40","38","54","75","C0025322"
"1482","2","3","3","19","221","321","428","541","667","C0025322"
"7337","2","3","12","41","116","268","434","468","213","C0025322"
"5970","2","3","12","19","31","276","91","433","118","C0025322"
"6310","2","3","12","22","142","225","366","362","468","C0025322"
"5913","2","5","7","27","36","71","341","223","219","C0025322"
"1947","2","5","7","53","51","20","25","560","373","C0025322"
"5310","2","5","7","53","51","335","444","560","373","C0025322"
"8481","2","3","12","76","153","40","38","54","75","C0025322"
"54209","2","5","7","53","51","119","395","549","674","C0025322"
"4068","2","5","7","53","51","119","25","549","674","C0025323"
"2817","2","5","7","53","51","342","454","573","492","C0025323"
"2260","2","5","7","53","14","20","25","40","186","C0025323"
"3237","2","3","3","19","221","321","428","541","667","C0025323"
"9968","2","4","3","24","119","330","214","454","144","C0025323"
"585","2","3","12","76","153","40","38","54","75","C0025323"
"7476","2","5","3","68","221","197","259","560","422","C0025323"
"23064","2","3","6","11","31","261","142","220","664","C0025323"
"5604","2","5","7","53","14","20","34","540","68","C0025323"
"5728","2","3","5","80","81","339","156","568","605","C0025323"
"4921","2","5","7","53","14","20","25","573","186","C0025323"
"6261","2","5","8","63","45","23","34","464","187","C0025323"
"5277","2","3","2","61","77","142","176","235","317","C0025323"
"2563","2","5","8","27","70","99","162","216","290","C0025323"
"5184","2","3","5","80","81","166","52","105","349","C0025323"
"6499","2","3","2","110","85","237","433","547","671","C0025323"
"5573","2","3","12","19","184","118","155","287","116","C0025323"
"658","2","5","7","53","51","342","259","423","389","C0025472"
"10516","2","5","7","53","51","342","454","573","492","C0025472"
"348","2","5","7","53","51","342","454","573","492","C0025517"
"1144","2","5","8","27","70","99","162","216","290","C0025517"
"7337","2","3","12","41","116","268","434","468","213","C0025517"
"26191","2","5","7","53","14","20","25","40","186","C0025517"
"57534","2","3","12","41","124","143","428","236","667","C0025517"
"348","2","5","7","53","51","342","454","573","492","C0025517"
"2645","2","3","2","90","167","266","367","101","664","C0025517"
"10161","2","5","4","68","96","326","427","548","672","C0025517"
"23090","2","3","12","19","151","276","91","433","118","C0025517"
"22930","2","5","7","60","54","24","30","46","72","C0025521"
"80332","2","5","7","53","51","342","454","573","492","C0025521"
"4869","2","3","12","110","85","237","433","547","664","C0025521"
"6772","2","3","12","53","184","119","156","287","116","C0025521"
"9652","2","3","2","110","85","237","433","547","671","C0025521"
"2065","2","5","7","53","14","20","25","40","186","C0025521"
"4322","2","5","7","53","51","342","454","573","492","C0025521"
"2645","2","3","2","90","167","266","367","101","664","C0025521"
"6253","2","5","4","27","36","326","402","489","187","C0025521"
"3758","2","5","8","63","36","166","106","110","158","C0025521"
"5832","2","3","2","101","62","189","182","509","252","C0025521"
"6622","2","3","7","27","36","150","341","223","628","C0025521"
"5521","2","3","12","76","137","76","136","472","435","C0025521"
"3299","2","3","12","42","81","296","399","201","274","C0025521"
"5994","2","3","12","19","31","276","91","491","118","C0025521"
"3815","2","5","7","53","14","20","25","40","186","C0025521"
"1409","2","3","12","76","153","40","38","54","75","C0025568"
"4155","2","5","7","27","36","150","341","223","628","C0025568"
"4855","2","5","7","53","51","143","428","236","667","C0025568"
"2638","2","5","8","63","45","23","103","464","187","C0025637"
"10516","2","5","7","53","51","342","454","573","492","C0025637"
"57082","2","3","12","76","153","40","38","54","75","C0025637"
"80184","2","5","7","34","52","216","38","54","75","C0025637"
"9533","2","3","2","19","31","1","426","55","78","C0025637"
"9627","2","3","12","19","31","1","426","55","78","C0025637"
"7461","2","3","7","60","153","40","38","93","75","C0025958"
"54903","2","3","12","76","153","40","38","54","75","C0025958"
"7249","2","3","7","60","57","110","141","359","462","C0025958"
"9213","2","5","7","68","96","184","219","380","666","C0025958"
"5728","2","3","5","80","81","339","156","568","605","C0025958"
"30817","2","5","3","68","221","197","259","560","422","C0025958"
"3640","2","5","4","68","96","326","427","548","672","C0025958"
"2187","2","3","12","19","31","261","116","1","86","C0025958"
"10269","2","3","2","48","182","50","119","444","556","C0025958"
"5897","2","3","12","41","116","268","141","568","605","C0025958"
"5741","2","5","4","68","96","326","427","548","672","C0025958"
"7157","2","3","12","19","31","261","402","489","551","C0025958"
"2512","2","3","7","34","52","216","395","544","358","C0025958"
"8799","2","3","5","43","161","305","409","208","482","C0025958"
"6314","2","3","12","19","31","1","426","568","78","C0025958"
"25953","2","3","2","67","92","293","137","75","664","C0025958"
"54790","2","3","12","19","31","1","426","55","78","C0025958"
"5189","2","3","5","43","161","305","409","208","482","C0025958"
"55612","2","5","7","60","36","71","177","560","701","C0025958"
"11235","2","3","2","76","137","76","136","472","435","C0025958"
"7050","2","3","12","19","31","321","428","541","667","C0025958"
"54903","2","3","12","76","153","40","38","54","75","C0025958"
"9968","2","4","3","24","119","330","214","454","144","C0025958"
"10265","2","3","3","19","221","321","428","541","667","C0025958"
"3763","2","5","8","63","36","166","106","110","158","C0025958"
"5578","2","5","7","53","14","20","34","540","621","C0025988"
"100","2","3","5","33","21","47","56","80","199","C0025988"
"23126","2","3","12","19","31","276","426","55","78","C0025988"
"1312","2","3","2","87","79","105","426","129","25","C0025988"
"26277","2","3","12","19","31","1","426","1","78","C0025988"
"598","2","3","12","41","219","339","402","489","416","C0025988"
"4513","2","3","2","48","170","110","141","359","532","C0025988"
"7015","2","3","12","19","31","1","426","55","78","C0025988"
"4282","2","5","7","34","52","216","395","549","674","C0025988"
"8575","2","3","2","22","33","323","66","101","194","C0025988"
"4688","2","5","7","60","14","20","25","40","215","C0026205"
"6775","2","5","7","53","14","119","25","40","186","C0026205"
"5015","2","3","3","19","221","321","428","541","667","C0026205"
"7124","2","3","12","41","219","339","156","568","697","C0026205"
"55650","2","3","2","61","77","142","176","235","557","C0026205"
"2260","2","5","7","53","14","20","25","40","186","C0026205"
"9378","2","5","7","27","36","71","341","223","219","C0026266"
"37","2","3","2","110","105","178","226","297","380","C0026266"
"3767","2","5","8","63","36","166","106","110","158","C0026266"
"1161","2","3","12","41","116","268","434","468","213","C0026266"
"2488","2","5","4","68","96","326","427","548","672","C0026266"
"6657","2","3","12","19","221","321","428","541","667","C0026266"
"23592","2","3","12","26","105","342","259","423","389","C0026266"
"23426","2","5","7","42","36","71","177","223","219","C0026266"
"7305","2","5","7","34","52","216","395","549","674","C0026266"
"9987","2","3","2","22","33","323","66","101","136","C0026266"
"2688","2","5","7","53","51","119","25","40","186","C0026266"
"6662","2","3","3","19","221","321","428","541","667","C0026266"
"6812","2","5","7","27","36","150","341","223","628","C0026266"
"1896","2","5","12","41","219","339","156","568","697","C0026266"
"1675","2","5","7","34","52","216","395","549","674","C0026266"
"5443","2","5","4","68","96","326","427","548","672","C0026266"
"3868","2","1","6","11","142","225","142","220","298","C0026266"
"9652","2","3","2","110","85","237","433","547","671","C0026266"
"55624","2","3","2","78","123","194","255","215","412","C0026266"
"9742","2","3","12","76","153","40","38","54","75","C0026266"
"1828","2","5","7","34","52","216","142","220","298","C0026266"
"85358","2","5","7","60","14","71","341","223","219","C0026266"
"598","2","3","12","41","219","339","402","489","416","C0026266"
"10342","2","3","7","60","219","40","202","66","203","C0026266"
"8314","2","3","12","41","31","1","426","55","78","C0026266"
"5194","2","3","5","43","161","305","409","208","482","C0026266"
"7157","2","3","12","19","31","261","402","489","551","C0026266"
"718","2","5","7","34","51","119","395","549","674","C0026266"
"1289","2","5","7","53","51","342","454","573","492","C0026266"
"4312","2","5","7","53","51","342","454","573","492","C0026266"
"28952","2","3","12","41","116","268","434","468","213","C0026266"
"50","2","3","5","80","81","50","304","167","593","C0026266"
"4693","2","5","7","53","51","342","454","573","492","C0026266"
"26249","2","3","12","41","116","268","434","468","213","C0026269"
"29968","2","3","8","67","94","199","182","509","666","C0026269"
"71","2","5","7","60","14","184","103","544","669","C0026269"
"3594","2","5","7","53","51","119","25","560","373","C0026269"
"5468","2","3","3","19","151","276","91","433","118","C0026269"
"7399","2","5","7","53","51","342","454","573","492","C0026351"
"6591","2","3","12","19","31","1","426","55","78","C0026351"
"5290","2","3","7","53","14","20","25","40","186","C0026351"
"6495","2","3","3","19","221","321","428","541","667","C0026351"
"4000","2","3","12","26","105","178","226","297","156","C0026351"
"55687","2","3","2","48","170","152","119","252","154","C0026351"
"8241","2","3","2","22","33","323","66","101","136","C0026351"
"10165","2","3","2","48","170","50","304","167","593","C0026351"
"7468","2","3","12","19","31","1","426","55","78","C0026351"
"207","2","3","7","53","14","20","34","489","416","C0026351"
"3543","2","5","7","53","51","119","395","549","674","C0026351"
"1947","2","5","7","53","51","20","25","560","373","C0026351"
"2736","2","3","12","41","116","321","428","54","667","C0026351"
"4879","2","5","4","68","96","326","427","548","672","C0026351"
"8517","2","3","12","41","219","339","156","568","697","C0026351"
"3567","2","5","7","53","14","20","25","40","186","C0026351"
"3984","2","5","7","53","14","20","34","540","68","C0026351"
"22931","2","5","7","34","54","24","30","46","72","C0026351"
"26123","2","3","2","76","153","40","38","54","75","C0026351"
"5897","2","3","12","41","116","268","141","568","605","C0026351"
"24","2","3","12","41","116","268","423","536","445","C0026351"
"1499","2","3","12","19","221","197","259","560","422","C0026351"
"6945","2","3","12","19","31","110","141","488","102","C0026351"
"7273","2","5","7","53","51","342","103","464","702","C0026351"
"4509","2","3","2","48","170","50","119","444","556","C0026351"
"5339","2","5","7","53","51","342","454","573","492","C0026351"
"3763","2","5","8","63","36","166","106","110","158","C0026351"
"4763","2","5","7","60","54","24","30","46","214","C0026351"
"1947","2","5","7","53","51","20","25","560","373","C0026552"
"11285","2","3","2","74","205","191","396","408","620","C0026552"
"26022","2","5","8","68","45","110","98","66","203","C0026552"
"3977","2","5","7","53","51","119","25","40","416","C0026552"
"6531","2","5","8","45","94","199","240","415","666","C0026552"
"6687","2","3","2","48","170","50","119","444","593","C0026552"
"5332","2","3","4","68","96","326","427","548","672","C0026552"
"4247","2","3","2","68","67","320","98","180","279","C0026613"
"2317","2","5","7","63","45","23","103","287","664","C0026613"
"9927","2","3","12","19","31","118","155","287","116","C0026613"
"1387","2","3","12","19","31","276","91","433","118","C0026613"
"2033","2","3","12","19","31","1","91","433","118","C0026613"
"51473","2","5","7","60","36","20","25","64","215","C0026613"
"25886","2","3","12","76","153","76","136","472","435","C0026613"
"4784","2","3","2","22","33","261","116","159","211","C0026633"
"596","2","3","12","19","219","339","402","489","416","C0026633"
"10262","2","3","2","22","33","323","66","101","136","C0026633"
"2130","2","3","2","22","33","323","66","491","609","C0026633"
"5340","2","5","7","53","51","342","454","573","492","C0026633"
"3115","2","5","7","53","184","119","156","287","116","C0026633"
"221037","2","3","12","19","31","118","155","287","116","C0026633"
"3265","2","5","7","60","54","24","30","46","72","C0026633"
"51134","2","3","12","76","153","40","38","54","75","C0026633"
"1749","2","3","3","19","221","321","428","541","667","C0026633"
"990","2","3","12","76","31","261","116","1","86","C0026633"
"3868","2","1","6","11","142","225","142","220","298","C0026633"
"3664","2","5","7","53","184","119","156","287","116","C0026633"
"7428","2","3","12","41","116","268","434","468","213","C0026633"
"6833","2","5","8","45","36","166","240","415","666","C0026636"
"5428","2","3","2","48","170","50","119","167","593","C0026636"
"10060","2","3","8","41","45","23","423","464","445","C0026636"
"1080","2","3","12","41","219","339","156","544","669","C0026636"
"10166","2","3","2","84","97","167","210","278","360","C0026636"
"5191","2","3","5","43","161","305","409","208","482","C0026636"
"3035","2","3","2","110","85","237","433","547","154","C0026636"
"4000","2","3","12","26","105","178","226","297","156","C0026636"
"5313","2","3","2","90","167","321","428","541","115","C0026636"
"4982","2","5","12","41","219","339","156","568","697","C0026636"
"673","2","5","7","53","14","20","34","540","68","C0026636"
"999","2","5","7","53","51","342","444","560","373","C0026636"
"51371","2","3","12","41","116","268","434","568","605","C0026654"
"4166","2","3","2","89","60","99","7","211","217","C0026654"
"5993","2","3","12","19","31","1","426","55","78","C0026691"
"9640","2","3","12","19","31","261","116","159","211","C0026691"
"23639","2","3","12","41","219","261","136","271","356","C0026691"
"3481","2","5","7","53","51","342","454","573","492","C0026691"
"3918","2","5","7","53","51","342","454","573","492","C0026706"
"9210","2","5","7","53","51","342","454","573","492","C0026706"
"2121","2","3","12","41","116","268","434","568","605","C0026706"
"2658","2","5","7","53","51","342","259","423","389","C0026706"
"1756","2","5","8","63","45","23","103","464","187","C0026707"
"6473","2","3","3","19","221","321","428","541","667","C0026707"
"5506","2","3","12","76","137","76","136","82","658","C0026760"
"51010","2","3","2","110","85","237","433","547","671","C0026760"
"6578","2","3","5","35","41","77","40","57","80","C0026760"
"5538","2","3","2","115","18","340","269","342","444","C0026760"
"4593","2","5","7","53","14","20","454","573","492","C0026760"
"2746","2","3","2","110","62","189","182","509","356","C0026760"
"23322","2","3","12","76","153","40","38","54","75","C0026764"
"948","2","5","7","34","52","216","91","433","702","C0026764"
"6813","2","5","7","53","51","342","454","573","702","C0026764"
"23479","2","3","2","48","170","50","119","100","556","C0026764"
"540","2","5","8","63","45","23","103","464","187","C0026764"
"51099","2","3","2","67","92","293","55","75","311","C0026764"
"11330","2","5","7","68","51","119","395","549","674","C0026764"
"10342","2","3","7","60","219","40","202","66","203","C0026764"
"81704","2","3","12","19","31","118","155","287","116","C0026764"
"3426","2","5","7","53","51","119","395","549","674","C0026764"
"26229","2","3","2","74","205","191","396","408","257","C0026764"
"43","2","3","5","85","143","286","51","488","389","C0026764"
"4143","2","3","5","80","81","105","426","129","2","C0026764"
"4436","2","3","12","19","31","261","116","1","86","C0026764"
"4843","2","3","5","43","161","305","409","489","416","C0026764"
"5824","2","3","5","47","144","185","238","310","392","C0026764"
"3694","2","5","7","53","51","342","454","573","492","C0026764"
"4023","2","3","5","24","51","342","91","20","27","C0026764"
"10686","2","5","6","42","36","71","177","64","219","C0026764"
"4513","2","3","2","48","170","110","141","359","532","C0026764"
"2130","2","3","2","22","33","323","66","491","609","C0026764"
"2588","2","3","7","34","52","216","395","549","674","C0026764"
"27125","2","3","12","19","31","261","116","159","211","C0026764"
"4352","2","5","7","53","14","20","25","40","186","C0026764"
"1950","2","5","7","53","14","20","25","40","186","C0026764"
"685","2","5","7","53","14","20","25","40","186","C0026764"
"3845","2","5","7","60","54","24","30","46","72","C0026764"
"6154","2","3","2","110","85","237","433","547","671","C0026764"
"54808","2","3","12","76","153","40","38","54","75","C0026764"
"4591","2","3","12","41","116","268","434","468","213","C0026764"
"2316","2","5","7","53","51","342","454","573","702","C0026764"
"3265","2","5","7","60","54","24","30","46","72","C0026764"
"1280","2","5","7","53","51","342","454","573","492","C0026764"
"167691","2","3","12","76","153","40","38","54","75","C0026766"
"811","2","3","2","41","116","342","423","536","342","C0026766"
"5894","2","5","7","60","54","23","34","464","187","C0026766"
"6262","2","5","8","63","45","23","34","464","187","C0026766"
"7036","2","3","5","29","88","132","85","222","346","C0026766"
"5015","2","3","3","19","221","321","428","541","667","C0026766"
"55112","2","3","12","76","153","40","38","54","75","C0026766"
"919","2","5","7","53","14","119","25","40","186","C0026846"
"8625","2","3","12","19","31","276","91","236","118","C0026846"
"126792","2","3","2","74","205","191","18","28","156","C0026846"
"5518","2","3","12","76","153","40","38","54","435","C0026846"
"6598","2","3","12","19","31","1","426","55","78","C0026846"
"5728","2","3","5","80","81","339","156","568","605","C0026846"
"7840","2","3","12","76","153","40","38","54","75","C0026846"
"51651","2","3","12","41","219","339","156","568","605","C0026846"
"2632","2","3","2","28","22","48","232","82","114","C0026846"
"7099","2","5","7","41","219","339","156","568","697","C0026846"
"2110","2","3","2","48","170","50","119","444","556","C0026846"
"2627","2","3","12","19","31","118","155","287","116","C0026846"
"9657","2","3","12","76","153","40","38","54","75","C0026846"
"9782","2","3","2","22","33","323","66","101","136","C0026846"
"4784","2","3","2","22","33","261","116","159","211","C0026847"
"1536","2","5","7","34","52","216","395","549","674","C0026847"
"8328","2","3","12","19","31","1","426","55","78","C0026847"
"27086","2","3","12","19","221","321","428","541","667","C0026847"
"4351","2","3","2","90","167","266","367","500","577","C0026847"
"8878","2","3","12","41","219","339","156","568","697","C0026847"
"2110","2","3","2","48","170","50","119","444","556","C0026847"
"4843","2","3","5","43","161","305","409","489","416","C0026847"
"348","2","5","7","53","51","342","454","573","492","C0026847"
"3845","2","5","7","60","54","24","30","46","72","C0026847"
"2146","2","3","12","19","31","1","426","55","78","C0026847"
"8289","2","3","12","19","31","1","426","55","78","C0026847"
"3094","2","3","2","48","170","266","367","500","78","C0026847"
"857","2","5","7","53","45","23","57","83","422","C0026847"
"5077","2","3","3","19","221","321","428","541","667","C0026851"
"6925","2","3","12","19","31","225","142","220","298","C0026851"
"10329","2","3","2","63","123","194","423","536","544","C0026858"
"3798","2","3","7","76","153","40","38","54","75","C0026858"
"4318","2","5","7","34","52","216","395","573","492","C0026858"
"6347","2","5","7","53","51","119","427","489","416","C0026884"
"4524","2","3","2","15","166","104","369","117","583","C0026884"
"686","2","3","5","80","81","166","166","127","173","C0026884"
"1832","2","5","7","34","52","225","142","220","298","C0026884"
"7039","2","3","12","19","31","1","426","55","203","C0026884"
"54880","2","3","12","19","31","1","426","55","78","C0026884"
"8842","2","5","5","53","82","147","184","179","328","C0026884"
"23389","2","3","3","19","151","276","91","433","118","C0026884"
"7454","2","5","7","60","14","20","25","40","215","C0026884"
"2263","2","5","7","53","14","20","25","40","186","C0026884"
"208","2","5","7","53","14","20","34","540","68","C0026896"
"10847","2","3","12","19","31","1","426","55","78","C0026896"
"26235","2","3","12","41","116","268","434","468","213","C0026896"
"1409","2","3","12","76","153","40","38","54","75","C0026896"
"7372","2","3","2","68","119","109","266","182","182","C0026896"
"54903","2","3","12","76","153","40","38","54","75","C0026896"
"2303","2","5","3","19","221","321","428","541","667","C0026919"
"4647","2","5","7","60","83","101","126","170","224","C0026919"
"5308","2","3","3","19","221","321","428","541","667","C0026919"
"2175","2","3","12","19","31","261","116","1","86","C0026919"
"3651","2","3","3","19","221","321","428","541","667","C0026919"
"1588","2","3","5","79","159","256","350","27","44","C0026936"
"5625","2","3","2","101","103","177","225","271","356","C0026936"
"6772","2","3","12","53","184","119","156","287","116","C0026936"
"3209","2","3","3","19","221","321","428","541","667","C0026948"
"7124","2","3","12","41","219","339","156","568","697","C0026948"
"7249","2","3","7","60","57","110","141","359","462","C0026948"
"29072","2","3","12","19","31","1","426","55","78","C0026985"
"25978","2","3","2","48","57","110","141","359","462","C0026985"
"554","2","5","4","68","96","326","427","548","672","C0026987"
"1287","2","5","2","53","51","342","454","573","492","C0026987"
"5336","2","3","7","53","14","20","25","40","215","C0026987"
"3425","2","3","5","80","81","166","454","573","492","C0026987"
"54476","2","3","12","41","219","339","156","568","697","C0026987"
"546","2","3","12","19","31","261","426","1","86","C0026987"
"5429","2","3","12","19","31","261","116","1","86","C0026987"
"2074","2","3","12","19","31","1","426","55","78","C0026987"
"8973","2","5","8","27","70","99","162","216","290","C0026998"
"1130","2","5","7","60","54","326","141","359","462","C0026998"
"1293","2","5","7","53","51","342","454","573","492","C0027022"
"2936","2","3","2","48","57","110","141","359","229","C0027022"
"7299","2","3","5","23","18","138","250","332","407","C0027022"
"9126","2","3","12","76","153","40","38","54","75","C0027022"
"6916","2","3","5","91","175","119","167","224","301","C0027022"
"8200","2","5","7","53","51","342","259","423","389","C0027022"
"23436","2","5","7","68","51","119","395","549","674","C0027022"
"701","2","3","12","76","153","40","38","54","75","C0027022"
"4536","2","3","2","48","170","50","119","444","556","C0027022"
"4998","2","3","12","76","31","261","116","1","86","C0027022"
"26119","2","5","7","60","14","184","341","544","669","C0027022"
"58","2","5","8","63","45","23","103","464","187","C0027022"
"5604","2","5","7","53","14","20","34","540","68","C0027022"
"4715","2","3","2","48","170","50","119","444","556","C0027022"
"2259","2","5","8","63","36","166","341","223","158","C0027022"
"5080","2","3","3","19","221","321","428","541","667","C0027022"
"5897","2","3","12","41","116","268","141","568","605","C0027059"
"23028","2","3","12","19","31","1","426","55","78","C0027059"
"9131","2","3","12","41","219","339","347","271","356","C0027059"
"10987","2","3","12","41","116","268","434","468","213","C0027059"
"4053","2","5","7","53","51","342","454","573","492","C0027059"
"2303","2","5","3","19","221","321","428","541","667","C0027080"
"5832","2","3","2","101","62","189","182","509","252","C0027080"
"5621","2","5","8","27","36","342","454","573","628","C0027080"
"7473","2","5","3","68","221","197","259","560","422","C0027080"
"1410","2","3","12","63","45","23","38","54","187","C0027080"
"54344","2","3","2","61","77","142","176","280","363","C0027080"
"3123","2","5","7","53","51","119","156","287","116","C0027080"
"1289","2","5","7","53","51","342","454","573","492","C0027080"
"51626","2","3","12","76","153","40","38","54","75","C0027080"
"6622","2","3","7","27","36","150","341","223","628","C0027080"
"1586","2","3","5","79","98","256","335","425","540","C0027080"
"4803","2","5","7","60","54","24","30","46","72","C0027121"
"6793","2","5","7","34","52","216","395","549","674","C0027121"
"4860","2","3","7","34","52","216","395","549","150","C0027121"
"3861","2","1","6","11","142","225","142","220","298","C0027121"
"8625","2","3","12","19","31","276","91","236","118","C0027121"
"5176","2","5","7","53","51","342","454","573","492","C0027121"
"10654","2","3","3","72","151","276","91","433","118","C0027121"
"1376","2","3","2","19","151","276","91","433","118","C0027125"
"2132","2","3","2","74","58","112","148","193","263","C0027125"
"2512","2","3","7","34","52","216","395","544","358","C0027125"
"5626","2","3","3","19","221","321","428","541","667","C0027125"
"1487","2","3","12","19","31","1","426","55","340","C0027125"
"9031","2","3","12","19","31","1","426","55","78","C0027125"
"3617","2","5","7","86","221","321","454","311","518","C0027125"
"1719","2","3","2","76","153","40","116","54","75","C0027125"
"8910","2","5","8","63","45","23","103","464","187","C0027125"
"8312","2","3","12","41","219","339","156","568","605","C0027125"
"2261","2","5","7","53","14","20","25","40","186","C0027126"
"1758","2","5","7","53","51","342","454","573","492","C0027126"
"7274","2","3","5","43","161","99","162","216","290","C0027126"
"1776","2","5","7","105","219","261","402","129","215","C0027127"
"7248","2","3","2","48","57","110","141","359","462","C0027127"
"54808","2","3","12","76","153","40","38","54","75","C0027339"
"5818","2","5","7","53","51","335","444","560","373","C0027339"
"7476","2","5","3","68","221","197","259","560","422","C0027339"
"440","2","3","2","101","62","189","182","509","154","C0027339"
"2773","2","5","4","68","96","326","427","548","672","C0027339"
"2737","2","3","12","19","116","321","428","54","667","C0027339"
"2132","2","3","2","74","58","112","148","193","263","C0027339"
"3035","2","3","2","110","85","237","433","547","154","C0027339"
"29899","2","5","4","68","96","326","427","548","672","C0027339"
"5818","2","5","7","53","51","335","444","560","373","C0027339"
"22931","2","5","7","34","54","24","30","46","72","C0027339"
"2780","2","5","4","68","96","326","427","548","672","C0027339"
"2719","2","5","7","53","51","342","454","573","492","C0027339"
"7421","2","3","3","19","151","276","91","433","118","C0027339"
"10555","2","3","7","34","52","216","395","549","622","C0027339"
"1131","2","5","4","68","96","326","427","548","672","C0027339"
"4627","2","5","7","63","45","184","103","572","658","C0027339"
"411","2","3","7","34","52","216","395","549","674","C0027339"
"6452","2","5","7","53","14","20","25","40","186","C0027339"
"29899","2","5","4","68","96","326","427","548","672","C0027339"
"8443","2","3","5","43","161","305","409","208","482","C0027339"
"9150","2","3","12","19","31","261","116","159","211","C0027339"
"51339","2","3","12","41","116","268","434","568","605","C0027339"
"2972","2","3","2","19","33","261","116","159","211","C0027339"
"26053","2","3","12","19","31","1","426","55","78","C0027404"
"6513","2","5","7","90","216","337","448","565","562","C0027404"
"8526","2","3","2","63","30","193","306","390","158","C0027404"
"3166","2","3","3","19","221","321","428","541","667","C0027404"
"2222","2","3","2","19","151","276","91","433","118","C0027404"
"335","2","5","7","53","51","342","454","573","492","C0027404"
"5830","2","3","5","43","161","305","409","208","482","C0027404"
"919","2","5","7","53","14","119","25","40","186","C0027404"
"2067","2","3","12","19","31","261","116","1","86","C0027404"
"2187","2","3","12","19","31","261","116","1","86","C0027404"
"5111","2","3","12","19","31","261","116","1","86","C0027404"
"2218","2","5","2","53","123","194","255","560","373","C0027404"
"4763","2","5","7","60","54","24","30","46","214","C0027404"
"3791","2","5","7","53","51","342","454","573","492","C0027404"
"843","2","3","12","41","219","339","156","568","697","C0027404"
"5184","2","3","5","80","81","166","52","105","349","C0027404"
"54209","2","5","7","53","51","119","395","549","674","C0027412"
"774","2","5","8","63","36","166","341","390","158","C0027412"
"4247","2","3","2","68","67","320","98","180","279","C0027412"
"1758","2","5","7","53","51","342","454","573","492","C0027412"
"3329","2","3","2","48","170","50","304","167","593","C0027412"
"54551","2","3","12","41","219","197","156","568","422","C0027412"
"23321","2","5","7","53","184","119","156","287","116","C0027412"
"23529","2","5","7","53","51","119","25","40","416","C0027424"
"2006","2","5","7","53","51","342","454","573","492","C0027424"
"2200","2","5","7","53","51","342","454","573","492","C0027429"
"3975","2","3","3","19","221","321","428","541","667","C0027429"
"2108","2","3","2","48","170","50","119","444","556","C0027429"
"1203","2","3","2","41","170","342","423","536","342","C0027430"
"1390","2","3","12","19","151","276","91","433","118","C0027430"
"7072","2","3","2","22","33","323","66","101","136","C0027430"
"4638","2","5","7","53","45","23","103","464","187","C0027430"
"4541","2","3","2","48","170","50","119","444","24","C0027430"
"1284","2","5","7","53","51","342","454","573","492","C0027430"
"6662","2","3","3","19","221","321","428","541","667","C0027430"
"652","2","5","7","53","51","342","454","573","492","C0027430"
"23230","2","5","7","11","142","71","341","560","219","C0027430"
"2767","2","5","4","68","96","326","427","548","672","C0027430"
"3172","2","3","3","19","151","276","91","433","118","C0027439"
"9627","2","3","12","19","31","1","426","55","78","C0027439"
"4313","2","5","7","53","51","342","454","573","492","C0027439"
"5663","2","5","7","34","52","216","395","549","667","C0027439"
"9968","2","4","3","24","119","330","214","454","144","C0027439"
"1144","2","5","8","27","70","99","162","216","290","C0027439"
"23417","2","3","2","43","161","305","409","208","482","C0027439"
"11154","2","5","7","60","18","184","341","544","669","C0027439"
"2303","2","5","3","19","221","321","428","541","667","C0027439"
"3594","2","5","7","53","51","119","25","560","373","C0027443"
"26276","2","3","7","60","81","184","341","66","203","C0027443"
"4909","2","5","7","53","51","335","259","423","373","C0027443"
"10262","2","3","2","22","33","323","66","101","136","C0027443"
"6261","2","5","8","63","45","23","34","464","187","C0027443"
"8878","2","3","12","41","219","339","156","568","697","C0027443"
"9569","2","3","12","19","31","276","91","433","118","C0027443"
"9451","2","3","2","110","51","335","226","297","380","C0027443"
"4221","2","3","12","19","31","342","454","573","492","C0027443"
"10815","2","5","7","60","36","71","341","223","666","C0027497"
"1062","2","3","12","76","153","40","38","54","75","C0027497"
"1277","2","5","7","53","51","342","454","573","492","C0027497"
"4000","2","3","12","26","105","178","226","297","156","C0027497"
"4615","2","3","12","41","219","339","156","568","697","C0027497"
"3717","2","5","7","53","14","20","25","40","186","C0027497"
"55612","2","5","7","60","36","71","177","560","701","C0027497"
"7036","2","3","5","29","88","132","85","222","346","C0027497"
"396","2","5","7","60","54","24","30","46","72","C0027497"
"788","2","3","2","45","151","199","240","415","666","C0027497"
"355","2","3","7","41","219","339","156","568","697","C0027497"
"368","2","3","12","41","116","268","423","536","445","C0027497"
"2562","2","5","8","27","70","99","162","216","290","C0027497"
"5376","2","5","7","53","51","342","454","573","492","C0027497"
"2121","2","3","12","41","116","268","434","568","605","C0027497"
"7399","2","5","7","53","51","342","454","573","492","C0027497"
"23461","2","3","5","47","144","185","238","310","392","C0027497"
"2702","2","3","12","76","153","40","38","54","75","C0027613"
"3172","2","3","3","19","151","276","91","433","118","C0027613"
"2200","2","5","7","53","51","342","454","573","492","C0027643"
"8557","2","5","8","63","45","23","103","464","187","C0027643"
"60","2","3","12","60","45","184","155","287","78","C0027643"
"51119","2","3","2","110","85","237","433","547","671","C0027643"
"5447","2","3","5","91","214","271","372","471","586","C0027643"
"5803","2","5","7","53","36","296","399","201","373","C0027643"
"1910","2","5","4","68","96","326","427","548","672","C0027643"
"6888","2","3","2","90","167","266","367","500","577","C0027643"
"5982","2","3","12","19","31","261","116","1","86","C0027643"
"2316","2","5","7","53","51","342","454","573","702","C0027643"
"23495","2","3","12","41","219","339","156","568","697","C0027643"
"627","2","5","7","53","51","335","444","423","373","C0027643"
"5828","2","3","5","43","161","305","409","208","482","C0027643"
"2184","2","3","5","76","153","138","236","332","407","C0027643"
"1415","2","3","6","63","45","160","362","177","673","C0027643"
"1146","2","5","8","27","70","99","162","216","290","C0027643"
"23169","2","3","2","78","205","112","430","429","544","C0027643"
"7422","2","5","7","53","51","342","454","573","702","C0027643"
"7140","2","5","8","63","45","23","103","464","187","C0027643"
"10682","2","5","4","68","96","326","48","69","204","C0027643"
"6655","2","5","7","60","54","24","30","46","72","C0027643"
"8100","2","3","12","76","153","40","38","54","75","C0027643"
"1437","2","5","7","53","14","20","25","40","186","C0027643"
"356","2","5","7","53","219","339","25","489","697","C0027643"
"1401","2","5","7","53","51","119","395","573","492","C0027643"
"1186","2","5","8","63","45","23","34","464","187","C0027643"
"2719","2","5","7","53","51","342","454","573","492","C0027643"
"1586","2","3","5","79","98","256","335","425","540","C0027643"
"6513","2","5","7","90","216","337","448","565","562","C0027643"
"6154","2","3","2","110","85","237","433","547","671","C0027643"
"23414","2","3","12","19","31","118","155","287","116","C0027658"
"55612","2","5","7","60","36","71","177","560","701","C0027658"
"55624","2","3","2","78","123","194","255","215","412","C0027658"
"26160","2","3","12","76","153","40","38","54","75","C0027658"
"6576","2","3","2","45","94","199","240","569","666","C0027658"
"5573","2","3","12","19","184","118","155","287","116","C0027658"
"1893","2","5","7","53","51","342","454","573","702","C0027658"
"2324","2","5","7","53","14","20","25","40","186","C0027658"
"55014","2","3","7","60","153","40","202","66","203","C0027658"
"1302","2","5","7","53","51","342","454","573","492","C0027658"
"5830","2","3","5","43","161","305","409","208","482","C0027658"
"6261","2","5","8","63","45","23","34","464","187","C0027658"
"2189","2","3","12","19","31","261","116","1","86","C0027658"
"1736","2","3","2","110","85","237","433","547","671","C0027660"
"7508","2","3","12","19","31","261","116","1","664","C0027660"
"669","2","3","5","90","167","266","441","106","616","C0027661"
"2248","2","5","7","53","14","20","25","40","186","C0027661"
"7249","2","3","7","60","57","110","141","359","462","C0027661"
"6247","2","5","7","53","51","342","454","573","492","C0027686"
"623","2","5","4","68","96","326","427","548","672","C0027686"
"25782","2","5","7","60","54","24","30","46","72","C0027686"
"26281","2","5","7","53","14","20","25","40","186","C0027686"
"4942","2","3","2","67","94","199","182","509","666","C0027686"
"5468","2","3","3","19","151","276","91","433","118","C0027686"
"2737","2","3","12","19","116","321","428","54","667","C0027697"
"54209","2","5","7","53","51","119","395","549","674","C0027697"
"2261","2","5","7","53","14","20","25","40","186","C0027697"
"23400","2","5","8","63","45","23","103","464","187","C0027697"
"55636","2","3","3","19","221","321","428","423","389","C0027697"
"23483","2","3","2","28","191","306","143","452","258","C0027697"
"351","2","5","4","68","96","326","188","145","193","C0027697"
"7124","2","3","12","41","219","339","156","568","697","C0027697"
"2121","2","3","12","41","116","268","434","568","605","C0027697"
"29954","2","5","2","27","206","324","430","215","290","C0027697"
"4041","2","5","3","68","221","197","259","560","422","C0027697"
"1201","2","3","2","48","170","50","304","167","593","C0027697"
"3383","2","5","7","53","51","119","454","287","116","C0027697"
"51524","2","5","7","45","94","199","240","415","666","C0027697"
"1499","2","3","12","19","221","197","259","560","422","C0027697"
"5053","2","3","5","80","81","166","236","308","390","C0027697"
"5830","2","3","5","43","161","305","409","208","482","C0027697"
"9184","2","3","12","76","153","40","38","54","75","C0027706"
"9907","2","3","5","27","142","335","444","560","214","C0027706"
"9095","2","5","7","53","51","335","444","560","373","C0027707"
"54880","2","3","12","19","31","1","426","55","78","C0027707"
"6444","2","5","8","63","45","23","103","464","187","C0027707"
"54585","2","3","12","76","153","76","38","54","75","C0027707"
"51098","2","3","12","76","153","40","38","54","75","C0027707"
"7051","2","1","6","11","142","225","142","220","298","C0027707"
"7373","2","5","7","53","51","342","454","573","492","C0027707"
"1908","2","5","4","68","96","326","427","548","672","C0027707"
"4864","2","3","5","48","152","184","341","544","669","C0027707"
"8924","2","3","12","41","116","268","434","468","213","C0027707"
"2177","2","3","2","110","90","261","431","545","443","C0027708"
"885","2","5","4","68","96","326","427","548","672","C0027708"
"1717","2","3","2","19","151","276","48","69","204","C0027708"
"8625","2","3","12","19","31","276","91","236","118","C0027708"
"2245","2","5","7","60","54","24","30","46","72","C0027708"
"5925","2","3","12","19","31","1","426","55","78","C0027708"
"3075","2","5","7","53","51","119","395","549","674","C0027708"
"1636","2","3","5","80","81","166","397","418","568","C0027708"
"3593","2","5","7","53","51","119","25","489","416","C0027708"
"1956","2","5","7","53","14","184","45","544","669","C0027708"
"1308","2","5","7","53","51","119","454","573","492","C0027708"
"10686","2","5","6","42","36","71","177","64","219","C0027708"
"4621","2","5","8","63","45","23","103","464","187","C0027708"
"5644","2","5","7","68","51","119","395","549","674","C0027708"
"579","2","3","3","19","221","321","428","541","667","C0027708"
"1737","2","3","2","67","92","293","55","75","311","C0027708"
"2643","2","3","5","87","91","75","204","267","352","C0027708"
"7518","2","3","12","19","31","261","116","1","86","C0027708"
"547","2","3","7","76","153","40","38","54","75","C0027709"
"6890","2","3","12","41","184","119","156","568","116","C0027709"
"6658","2","3","12","19","221","321","428","541","667","C0027709"
"23322","2","3","12","76","153","40","38","54","75","C0027709"
"2254","2","5","7","53","14","20","25","40","186","C0027709"
"845","2","5","8","63","45","23","34","464","187","C0027709"
"1340","2","3","2","48","170","50","141","359","462","C0027709"
"617","2","3","2","48","170","50","304","167","593","C0027709"
"9131","2","3","12","41","219","339","347","271","356","C0027709"
"8260","2","3","12","41","85","266","76","287","78","C0027709"
"1717","2","3","2","19","151","276","48","69","204","C0027709"
"2304","2","3","12","19","221","321","428","541","667","C0027709"
"1161","2","3","12","41","116","268","434","468","213","C0027709"
"51119","2","3","2","110","85","237","433","547","671","C0027709"
"10269","2","3","2","48","182","50","119","444","556","C0027709"
"8818","2","3","2","61","77","142","176","280","363","C0027709"
"1804","2","5","7","27","36","150","341","223","628","C0027709"
"6949","2","3","2","110","85","237","164","390","311","C0027709"
"5993","2","3","12","19","31","1","426","55","78","C0027709"
"9992","2","5","8","63","36","166","341","110","158","C0027709"
"5450","2","3","12","19","221","261","116","159","211","C0027709"
"261734","2","3","12","76","153","40","38","54","75","C0027709"
"5896","2","3","12","41","116","268","434","568","605","C0027709"
"585","2","3","12","76","153","40","38","54","75","C0027709"
"23129","2","5","7","53","51","342","79","560","373","C0027719"
"2950","2","5","7","34","52","216","395","549","674","C0027719"
"776","2","5","8","63","36","166","341","390","158","C0027719"
"9427","2","5","5","53","51","119","252","489","416","C0027720"
"6620","2","5","7","27","36","150","341","223","628","C0027720"
"2073","2","3","12","19","31","261","116","1","86","C0027720"
"1824","2","1","6","11","142","225","142","220","298","C0027720"
"79867","2","3","2","76","153","40","38","54","75","C0027720"
"5443","2","5","4","68","96","326","427","548","672","C0027720"
"2483","2","3","2","22","33","323","66","101","136","C0027720"
"7099","2","5","7","41","219","339","156","568","697","C0027720"
"2317","2","5","7","63","45","23","103","287","664","C0027720"
"3815","2","5","7","53","14","20","25","40","186","C0027720"
"5352","2","5","7","53","51","342","454","573","492","C0027720"
"4534","2","3","5","80","81","296","399","362","468","C0027720"
"317","2","5","7","34","52","216","395","549","674","C0027720"
"2263","2","5","7","53","14","20","25","40","186","C0027720"
"1836","2","3","2","35","41","94","260","330","375","C0027720"
"3848","2","5","7","34","52","225","142","220","298","C0027766"
"8815","2","3","12","22","33","323","66","444","664","C0027766"
"5444","2","3","5","80","147","236","328","411","229","C0027766"
"5444","2","3","5","80","147","236","328","411","229","C0027766"
"6391","2","3","2","48","170","50","119","444","556","C0027766"
"3717","2","5","7","53","14","20","25","40","186","C0027766"
"4221","2","3","12","19","31","342","454","573","492","C0027766"
"4221","2","3","12","19","31","342","454","573","492","C0027766"
"1387","2","3","12","19","31","276","91","433","118","C0027794"
"11277","2","3","12","19","31","261","116","1","86","C0027794"
"8600","2","5","7","41","219","339","156","568","697","C0027794"
"2627","2","3","12","19","31","118","155","287","116","C0027794"
"5428","2","3","2","48","170","50","119","167","593","C0027794"
"6499","2","3","2","110","85","237","433","547","671","C0027794"
"5318","2","1","6","11","142","225","142","220","298","C0027794"
"1301","2","5","7","53","51","342","454","573","492","C0027794"
"26277","2","3","12","19","31","1","426","1","78","C0027794"
"5111","2","3","12","19","31","261","116","1","86","C0027794"
"54209","2","5","7","53","51","119","395","549","674","C0027794"
"2588","2","3","7","34","52","216","395","549","674","C0027794"
"6648","2","3","2","95","151","160","378","173","229","C0027794"
"7124","2","3","12","41","219","339","156","568","697","C0027794"
"4920","2","5","7","53","14","20","259","560","373","C0027794"
"113878","2","3","7","41","124","143","428","236","667","C0027794"
"6414","2","5","7","53","51","342","454","573","702","C0027794"
"80184","2","5","7","34","52","216","38","54","75","C0027794"
"4322","2","5","7","53","51","342","454","573","492","C0027794"
"8892","2","3","2","110","85","237","433","547","671","C0027794"
"10528","2","3","2","110","85","237","433","547","671","C0027794"
"1001","2","5","7","53","51","335","444","560","373","C0027794"
"8659","2","3","2","67","103","177","225","295","378","C0027794"
"55145","2","3","2","22","33","225","142","220","140","C0027794"
"23594","2","3","12","76","153","261","116","1","86","C0027794"
"5328","2","5","7","34","52","216","395","549","674","C0027794"
"5077","2","3","3","19","221","321","428","541","667","C0027794"
"29925","2","3","2","68","66","123","158","207","278","C0027794"
"64802","2","3","2","73","110","53","59","228","306","C0027794"
"717","2","5","7","53","51","119","395","549","674","C0027794"
"3159","2","3","12","19","31","276","91","433","664","C0027796"
"5824","2","3","5","47","144","185","238","310","392","C0027796"
"9569","2","3","12","19","31","276","91","433","118","C0027796"
"6262","2","5","8","63","45","23","34","464","187","C0027796"
"2147","2","5","7","68","51","342","454","573","492","C0027796"
"1280","2","5","7","53","51","342","454","573","492","C0027796"
"3559","2","5","7","53","14","20","25","40","186","C0027796"
"190","2","3","3","19","151","276","91","433","118","C0027796"
"54757","2","5","7","53","51","342","454","573","492","C0027796"
"2626","2","3","12","19","31","118","155","287","116","C0027796"
"11236","2","3","12","41","116","268","434","468","213","C0027796"
"54806","2","5","7","76","153","40","38","54","75","C0027796"
"2879","2","3","5","80","81","166","378","173","229","C0027796"
"25782","2","5","7","60","54","24","30","46","72","C0027796"
"11285","2","3","2","74","205","191","396","408","620","C0027809"
"9896","2","3","5","80","81","296","399","201","274","C0027809"
"1291","2","5","7","53","51","342","454","573","492","C0027809"
"3763","2","5","8","63","36","166","106","110","158","C0027809"
"210","2","3","7","34","52","216","395","549","674","C0027809"
"3694","2","5","7","53","51","342","454","573","492","C0027809"
"8878","2","3","12","41","219","339","156","568","697","C0027809"
"50674","2","3","3","19","221","321","428","541","667","C0027830"
"5192","2","3","5","43","161","305","409","208","482","C0027830"
"4041","2","5","3","68","221","197","259","560","422","C0027831"
"8600","2","5","7","41","219","339","156","568","697","C0027831"
"7490","2","3","3","19","221","321","428","541","667","C0027831"
"1861","2","5","7","60","14","184","341","544","669","C0027854"
"582","2","3","12","76","153","76","38","54","75","C0027854"
"4340","2","5","7","53","51","119","341","223","628","C0027854"
"26040","2","3","12","19","31","1","116","297","78","C0027854"
"4336","2","5","7","27","36","150","341","223","628","C0027859"
"3045","2","3","12","19","31","118","155","287","116","C0027859"
"8517","2","3","12","41","219","339","156","568","697","C0027859"
"3040","2","5","5","53","51","342","40","78","178","C0027859"
"6774","2","3","12","53","14","276","25","489","416","C0027868"
"875","2","3","5","80","137","44","21","451","316","C0027868"
"23411","2","3","12","19","31","1","91","433","118","C0027873"
"3636","2","3","5","80","14","20","25","40","186","C0027873"
"10661","2","3","12","19","31","1","426","55","78","C0027873"
"4137","2","3","7","27","36","150","341","223","628","C0027877"
"1501","2","5","7","27","36","150","341","223","628","C0027877"
"1356","2","3","7","53","51","342","454","573","492","C0027877"
"567","2","5","7","34","52","119","395","549","674","C0027877"
"9445","2","3","12","19","31","1","426","55","78","C0027888"
"9966","2","5","12","41","219","339","156","568","697","C0027888"
"1311","2","5","7","53","51","342","454","573","492","C0027888"
"9966","2","5","12","41","219","339","156","568","697","C0027888"
"1301","2","5","7","53","51","342","454","573","492","C0027888"
"4508","2","3","2","48","170","50","119","444","556","C0027889"
"55112","2","3","12","76","153","40","38","54","75","C0027889"
"5979","2","5","7","53","14","20","25","40","186","C0027889"
"617","2","3","2","48","170","50","304","167","593","C0027889"
"5604","2","5","7","53","14","20","34","540","68","C0027947"
"5290","2","3","7","53","14","20","25","40","186","C0027947"
"4893","2","5","7","34","52","24","30","46","72","C0027947"
"54840","2","3","12","19","31","261","116","1","86","C0027947"
"3918","2","5","7","53","51","342","454","573","492","C0027947"
"28960","2","3","2","22","33","323","433","146","194","C0027947"
"4502","2","5","7","53","184","119","156","287","116","C0027947"
"2720","2","3","7","34","52","216","395","21","599","C0027947"
"9451","2","3","2","110","51","335","226","297","380","C0027947"
"5077","2","3","3","19","221","321","428","541","667","C0027947"
"1133","2","5","4","68","96","326","427","548","672","C0027947"
"55651","2","3","2","110","85","237","433","547","671","C0027947"
"7474","2","5","3","68","221","184","259","544","669","C0027947"
"2052","2","3","5","91","130","114","290","367","475","C0027960"
"7373","2","5","7","53","51","342","454","573","492","C0027960"
"5573","2","3","12","19","184","118","155","287","116","C0027960"
"2255","2","5","7","53","14","20","25","40","186","C0027960"
"6870","2","5","4","68","96","326","427","548","672","C0027960"
"18","2","3","8","67","94","199","182","509","666","C0027960"
"6710","2","5","7","60","14","20","25","40","186","C0027960"
"23405","2","3","2","22","33","323","66","146","194","C0027960"
"6606","2","3","2","22","33","323","66","101","136","C0027960"
"7450","2","5","7","53","51","342","454","573","492","C0027960"
"2950","2","5","7","34","52","216","395","549","674","C0027960"
"53834","2","5","7","53","51","342","454","573","492","C0027960"
"11277","2","3","12","19","31","261","116","1","86","C0027960"
"10083","2","5","7","42","36","71","177","223","219","C0027960"
"57728","2","3","12","76","153","40","38","54","75","C0027960"
"10555","2","3","7","34","52","216","395","549","622","C0027960"
"4539","2","3","2","53","184","86","107","560","195","C0027960"
"5781","2","5","7","53","14","20","25","40","186","C0027960"
"355","2","3","7","41","219","339","156","568","697","C0027960"
"1786","2","3","12","19","31","1","426","55","78","C0028081"
"5020","2","5","4","68","96","326","427","548","672","C0028081"
"6334","2","5","8","63","36","166","341","223","158","C0028081"
"7015","2","3","12","19","31","1","426","55","78","C0028326"
"3117","2","5","7","53","153","119","156","287","116","C0028326"
"5321","2","3","5","116","183","295","398","243","327","C0028326"
"3897","2","5","7","53","51","335","444","560","373","C0028326"
"7461","2","3","7","60","153","40","38","93","75","C0028326"
"4255","2","3","12","19","31","261","116","1","86","C0028326"
"9031","2","3","12","19","31","1","426","55","78","C0028326"
"5116","2","3","12","76","153","40","38","54","75","C0028326"
"10457","2","5","7","53","51","342","454","573","492","C0028326"
"6326","2","5","8","63","36","166","341","390","158","C0028326"
"551","2","5","4","68","96","326","427","548","672","C0028326"
"23600","2","3","5","80","81","305","409","208","482","C0028326"
"274","2","5","7","60","14","184","341","544","669","C0028326"
"79068","2","3","2","72","81","42","52","105","349","C0028326"
"7043","2","5","7","53","51","342","454","573","492","C0028326"
"2317","2","5","7","63","45","23","103","287","664","C0028326"
"5261","2","5","7","53","14","20","34","540","68","C0028326"
"145282","2","3","6","11","142","225","79","220","298","C0028756"
"23592","2","3","12","26","105","342","259","423","389","C0028756"
"3703","2","3","2","78","26","54","283","118","124","C0028756"
"5450","2","3","12","19","221","261","116","159","211","C0028756"
"4726","2","3","2","48","170","50","119","444","556","C0028768"
"4125","2","3","7","34","52","216","395","549","674","C0028768"
"1584","2","3","5","79","159","256","276","353","456","C0028768"
"3426","2","5","7","53","51","119","395","549","674","C0028768"
"1293","2","5","7","53","51","342","454","573","492","C0028768"
"23483","2","3","2","28","191","306","143","452","258","C0028768"
"7015","2","3","12","19","31","1","426","55","78","C0028768"
"3784","2","5","8","63","36","166","106","110","158","C0028768"
"4214","2","3","12","41","219","339","34","540","117","C0028768"
"1717","2","3","2","19","151","276","48","69","204","C0028768"
"51360","2","3","3","26","35","276","91","433","203","C0028768"
"5573","2","3","12","19","184","118","155","287","116","C0028768"
"2073","2","3","12","19","31","261","116","1","86","C0028768"
"9742","2","3","12","76","153","40","38","54","75","C0028768"
"427","2","3","7","34","52","216","395","549","420","C0028768"
"3758","2","5","8","63","36","166","106","110","158","C0028768"
"5155","2","5","7","53","51","342","454","573","186","C0028768"
"9581","2","3","5","27","36","150","76","223","628","C0028768"
"3239","2","3","3","19","221","321","428","541","667","C0028768"
"3576","2","5","4","68","96","326","427","548","672","C0028768"
"2006","2","5","7","53","51","342","454","573","492","C0028768"
"25939","2","3","12","53","184","119","156","287","116","C0028768"
"9314","2","3","3","19","151","276","91","433","118","C0028768"
"1278","2","5","7","53","51","342","454","573","492","C0028768"
"4214","2","3","12","41","219","339","34","540","117","C0028768"
"23742","2","5","5","68","96","326","427","447","586","C0028768"
"3655","2","5","7","53","51","342","454","573","492","C0028768"
"8842","2","5","5","53","82","147","184","179","328","C0028768"
"55636","2","3","3","19","221","321","428","423","389","C0028768"
"538","2","3","8","63","45","23","103","464","187","C0028768"
"1586","2","3","5","79","98","256","335","425","540","C0028768"
"6334","2","5","8","63","36","166","341","223","158","C0028768"
"2903","2","5","7","53","14","20","25","223","219","C0028796"
"3456","2","3","12","19","31","118","155","287","116","C0028796"
"25782","2","5","7","60","54","24","30","46","72","C0028796"
"2314","2","3","12","63","45","184","103","572","658","C0028796"
"4893","2","5","7","34","52","24","30","46","72","C0028797"
"26128","2","3","12","76","153","40","38","54","154","C0028797"
"3549","2","5","3","53","51","197","259","560","422","C0028797"
"26580","2","5","8","27","70","99","162","216","290","C0028797"
"7157","2","3","12","19","31","261","402","489","551","C0028797"
"84315","2","5","7","60","54","24","30","46","72","C0028797"
"1592","2","3","5","91","214","101","126","460","224","C0028797"
"2187","2","3","12","19","31","261","116","1","86","C0028797"
"4261","2","3","12","53","184","119","156","287","116","C0028797"
"6497","2","5","3","19","221","342","259","423","389","C0028797"
"54567","2","5","7","53","51","143","428","236","667","C0028797"
"4038","2","5","7","53","51","342","454","573","492","C0028797"
"3418","2","3","2","67","151","276","33","48","155","C0028840"
"3440","2","3","12","19","184","118","155","287","116","C0028840"
"658","2","5","7","53","51","342","259","423","389","C0028840"
"9533","2","3","2","19","31","1","426","55","78","C0028866"
"131669","2","3","5","80","81","166","43","63","87","C0028866"
"3736","2","5","8","63","36","166","106","110","158","C0028945"
"5449","2","3","3","19","221","321","428","541","667","C0028945"
"55505","2","3","2","110","85","237","433","547","671","C0028945"
"6736","2","3","12","19","31","276","91","433","667","C0028945"
"51524","2","5","7","45","94","199","240","415","666","C0028945"
"3578","2","5","7","53","70","99","25","543","290","C0028945"
"4792","2","3","12","41","219","339","156","568","605","C0028945"
"7454","2","5","7","60","14","20","25","40","215","C0028949"
"2212","2","5","7","34","52","216","395","549","674","C0028949"
"4688","2","5","7","60","14","20","25","40","215","C0028949"
"2627","2","3","12","19","31","118","155","287","116","C0028949"
"6403","2","5","7","53","51","342","454","573","702","C0028949"
"3248","2","3","2","69","83","133","167","224","301","C0028949"
"5925","2","3","12","19","31","1","426","55","78","C0028949"
"9031","2","3","12","19","31","1","426","55","78","C0028949"
"1075","2","5","7","34","52","216","395","549","674","C0028949"
"2908","2","3","12","19","151","276","91","433","118","C0028949"
"2121","2","3","12","41","116","268","434","568","605","C0028949"
"4854","2","5","7","53","51","143","428","236","667","C0028949"
"54809","2","5","7","50","30","193","306","148","624","C0028949"
"5654","2","5","7","53","51","342","454","573","492","C0028949"
"2245","2","5","7","60","54","24","30","46","72","C0028949"
"50964","2","5","3","68","221","197","259","423","422","C0028949"
"2259","2","5","8","63","36","166","341","223","158","C0028949"
"54101","2","3","2","48","170","50","347","167","593","C0028960"
"23414","2","3","12","19","31","118","155","287","116","C0028960"
"4625","2","3","8","63","45","23","103","464","187","C0028960"
"2932","2","3","12","19","14","197","34","540","68","C0028960"
"3767","2","5","8","63","36","166","106","110","158","C0028960"
"10293","2","3","12","41","116","268","434","468","213","C0028960"
"6154","2","3","2","110","85","237","433","547","671","C0028960"
"25942","2","3","12","19","31","1","426","55","78","C0028960"
"567","2","5","7","34","52","119","395","549","674","C0028960"
"2717","2","3","7","34","52","216","395","549","674","C0028960"
"9968","2","4","3","24","119","330","214","454","144","C0028960"
"1594","2","3","5","92","163","96","363","460","487","C0028960"
"1289","2","5","7","53","51","342","454","573","492","C0028960"
"9719","2","5","7","53","51","342","454","573","492","C0028960"
"7157","2","3","12","19","31","261","402","489","551","C0028960"
"6678","2","5","7","53","51","342","454","573","492","C0028960"
"23534","2","3","2","22","33","323","66","101","136","C0028961"
"2033","2","3","12","19","31","1","91","433","118","C0028961"
"8504","2","3","5","47","144","185","238","310","392","C0028961"
"2261","2","5","7","53","14","20","25","40","186","C0028961"
"7490","2","3","3","19","221","321","428","541","667","C0028961"
"445","2","3","2","84","97","167","210","278","360","C0028961"
"1103","2","3","2","67","92","293","55","75","311","C0028961"
"5368","2","5","4","68","96","326","427","548","672","C0028961"
"1027","2","3","12","19","31","1","116","1","86","C0028968"
"2812","2","5","7","53","51","342","454","573","492","C0028968"
"23483","2","3","2","28","191","306","143","452","258","C0028968"
"6833","2","5","8","45","36","166","240","415","666","C0028968"
"23534","2","3","2","22","33","323","66","101","136","C0028968"
"27031","2","3","6","11","142","225","38","331","506","C0028968"
"3350","2","5","4","68","96","326","427","548","672","C0029125"
"5077","2","3","3","19","221","321","428","541","667","C0029125"
"3039","2","3","5","35","41","118","155","287","116","C0029131"
"2779","2","5","4","68","96","326","427","548","672","C0029131"
"50814","2","3","2","69","221","73","360","86","119","C0029131"
"7490","2","3","3","19","221","321","428","541","667","C0029131"
"7291","2","3","12","19","151","276","91","489","416","C0029131"
"26277","2","3","12","19","31","1","426","1","78","C0029172"
"79659","2","3","12","76","153","40","38","54","75","C0029172"
"2255","2","5","7","53","14","20","25","40","186","C0029172"
"3912","2","5","7","53","51","342","454","573","492","C0029172"
"5321","2","3","5","116","183","295","398","243","327","C0029172"
"1201","2","3","2","48","170","50","304","167","593","C0029172"
"2273","2","5","8","63","45","23","103","464","187","C0029172"
"2706","2","3","12","76","153","40","38","54","75","C0029172"
"2184","2","3","5","76","153","138","236","332","407","C0029172"
"4683","2","3","12","19","31","261","116","1","86","C0029172"
"207","2","3","7","53","14","20","34","489","416","C0029172"
"9775","2","3","2","22","33","323","66","101","136","C0029172"
"54820","2","3","12","76","153","40","38","54","75","C0029172"
"7043","2","5","7","53","51","342","454","573","492","C0029172"
"857","2","5","7","53","45","23","57","83","422","C0029172"
"1906","2","5","4","68","96","326","427","548","672","C0029172"
"5158","2","3","4","68","45","272","259","518","621","C0029191"
"5144","2","3","4","68","96","326","427","548","672","C0029191"
"5657","2","5","7","34","52","216","395","549","674","C0029191"
"644","2","3","2","42","49","93","192","253","338","C0029191"
"2260","2","5","7","53","14","20","25","40","186","C0029191"
"5447","2","3","5","91","214","271","372","471","586","C0029191"
"396","2","5","7","60","54","24","30","46","72","C0029191"
"3549","2","5","3","53","51","197","259","560","422","C0029191"
"3630","2","5","7","53","14","20","25","40","186","C0029191"
"3791","2","5","7","53","51","342","454","573","492","C0029191"
"2260","2","5","7","53","14","20","25","40","186","C0029191"
"10300","2","3","12","76","153","40","38","54","75","C0029191"
"1401","2","5","7","53","51","119","395","573","492","C0029295"
"7248","2","3","2","48","57","110","141","359","462","C0029295"
"4221","2","3","12","19","31","342","454","573","492","C0029295"
"3075","2","5","7","53","51","119","395","549","674","C0029295"
"1836","2","3","2","35","41","94","260","330","375","C0029396"
"715","2","5","7","53","51","119","395","549","674","C0029396"
"7297","2","5","7","53","184","119","25","40","186","C0029396"
"2068","2","3","12","19","31","261","116","159","211","C0029401"
"6775","2","5","7","53","14","119","25","40","186","C0029401"
"5468","2","3","3","19","151","276","91","433","118","C0029401"
"1643","2","3","12","41","116","268","434","468","213","C0029401"
"2645","2","3","2","90","167","266","367","101","664","C0029401"
"9342","2","5","7","34","52","216","395","549","674","C0029401"
"2548","2","3","7","34","52","216","395","549","674","C0029401"
"5696","2","3","12","41","116","268","156","568","116","C0029401"
"2263","2","5","7","53","14","20","25","40","186","C0029410"
"257","2","3","3","19","221","321","428","541","667","C0029410"
"9839","2","3","3","19","221","321","428","541","667","C0029410"
"3040","2","5","5","53","51","342","40","78","178","C0029410"
"2562","2","5","8","27","70","99","162","216","290","C0029410"
"54658","2","3","2","78","205","207","67","355","138","C0029410"
"22897","2","3","12","76","153","40","38","54","75","C0029411"
"8573","2","5","7","53","36","71","341","223","219","C0029411"
"1387","2","3","12","19","31","276","91","433","118","C0029421"
"1277","2","5","7","53","51","342","454","573","492","C0029421"
"1080","2","3","12","41","219","339","156","544","669","C0029423"
"340024","2","3","8","45","94","199","240","415","666","C0029423"
"7351","2","3","2","20","29","98","123","166","221","C0029434"
"4512","2","3","2","48","170","110","141","359","8","C0029434"
"5159","2","5","7","53","14","20","25","40","186","C0029434"
"1186","2","5","8","63","45","23","34","464","187","C0029434"
"7439","2","5","8","63","45","23","34","464","187","C0029442"
"4803","2","5","7","60","54","24","30","46","72","C0029442"
"5290","2","3","7","53","14","20","25","40","186","C0029442"
"7040","2","5","7","53","51","342","454","573","492","C0029442"
"5896","2","3","12","41","116","268","434","568","605","C0029442"
"629","2","5","7","53","51","119","395","549","674","C0029442"
"8573","2","5","7","53","36","71","341","223","219","C0029442"
"875","2","3","5","80","137","44","21","451","316","C0029442"
"3861","2","1","6","11","142","225","142","220","298","C0029442"
"55193","2","3","12","19","31","1","426","55","78","C0029442"
"2313","2","3","12","19","31","276","91","433","118","C0029442"
"9414","2","5","7","42","36","71","177","223","219","C0029443"
"9627","2","3","12","19","31","1","426","55","78","C0029443"
"5290","2","3","7","53","14","20","25","40","186","C0029443"
"1277","2","5","7","53","51","342","454","573","492","C0029443"
"226","2","5","7","34","52","216","395","549","702","C0029443"
"3636","2","3","5","80","14","20","25","40","186","C0029443"
"338","2","5","7","53","51","342","454","573","492","C0029443"
"8076","2","5","7","53","51","342","454","573","492","C0029443"
"5728","2","3","5","80","81","339","156","568","605","C0029443"
"5290","2","3","7","53","14","20","25","40","186","C0029443"
"551","2","5","4","68","96","326","427","548","672","C0029443"
"1278","2","5","7","53","51","342","454","573","492","C0029443"
"85378","2","3","12","76","153","40","38","54","75","C0029443"
"2812","2","5","7","53","51","342","454","573","492","C0029443"
"2200","2","5","7","53","51","342","454","573","492","C0029443"
"1545","2","3","5","91","175","271","372","443","558","C0029443"
"2261","2","5","7","53","14","20","25","40","186","C0029443"
"2218","2","5","2","53","123","194","255","560","373","C0029445"
"3064","2","3","12","48","170","50","444","91","439","C0029445"
"10011","2","3","12","19","31","276","91","433","118","C0029445"
"5956","2","5","4","68","96","326","427","548","672","C0029445"
"3636","2","3","5","80","14","20","25","40","186","C0029445"
"50964","2","5","3","68","221","197","259","423","422","C0029445"
"1738","2","3","2","67","92","293","55","75","311","C0029445"
"54101","2","3","2","48","170","50","347","167","593","C0029445"
"2132","2","3","2","74","58","112","148","193","263","C0029445"
"1969","2","5","7","53","14","20","25","560","186","C0029454"
"6335","2","5","8","63","36","166","341","390","158","C0029454"
"4593","2","5","7","53","14","20","454","573","492","C0029454"
"55112","2","3","12","76","153","40","38","54","75","C0029454"
"3784","2","5","8","63","36","166","106","110","158","C0029454"
"6239","2","3","12","19","119","330","214","454","144","C0029454"
"4519","2","3","2","48","170","50","119","508","312","C0029454"
"29760","2","5","7","53","14","20","25","40","186","C0029454"
"10297","2","3","12","27","36","150","444","223","628","C0029454"
"650","2","5","7","53","51","342","259","423","389","C0029454"
"4747","2","5","7","27","36","150","341","223","628","C0029454"
"1588","2","3","5","79","159","256","350","27","44","C0029454"
"59","2","5","8","63","45","23","103","464","187","C0029455"
"54463","2","3","2","48","57","110","141","359","462","C0029455"
"3852","2","1","6","11","142","225","142","220","298","C0029458"
"7422","2","5","7","53","51","342","454","573","702","C0029458"
"2475","2","3","2","48","57","110","141","359","462","C0029458"
"5745","2","5","4","68","96","326","427","548","672","C0029458"
"5830","2","3","5","43","161","305","409","208","482","C0029458"
"58","2","5","8","63","45","23","103","464","187","C0029458"
"7319","2","3","12","41","116","268","434","468","213","C0029464"
"7456","2","5","7","60","14","20","25","40","215","C0029464"
"7040","2","5","7","53","51","342","454","573","492","C0029464"
"7353","2","3","12","41","219","339","156","568","605","C0029464"
"25913","2","3","12","19","31","261","116","1","78","C0029464"
"4976","2","3","2","48","170","50","119","444","556","C0029464"
"54345","2","5","3","19","221","321","428","541","667","C0029464"
"51715","2","5","7","60","54","24","30","46","72","C0029464"
"5295","2","5","7","53","14","20","25","40","186","C0029464"
"4534","2","3","5","80","81","296","399","362","468","C0029464"
"861","2","3","12","19","31","1","426","55","78","C0029464"
"421","2","5","7","42","51","335","444","560","373","C0029464"
"1487","2","3","12","19","31","1","426","55","340","C0029464"
"2184","2","3","5","76","153","138","236","332","407","C0029464"
"8517","2","3","12","41","219","339","156","568","697","C0029464"
"2697","2","3","7","76","153","40","38","54","75","C0029464"
"950","2","5","7","60","14","184","341","544","669","C0029464"
"2261","2","5","7","53","14","20","25","40","186","C0029464"
"1311","2","5","7","53","51","342","454","573","492","C0029464"
"54880","2","3","12","19","31","1","426","55","78","C0029464"
"1187","2","5","8","63","45","23","34","464","187","C0029464"
"3559","2","5","7","53","14","20","25","40","186","C0029464"
"9896","2","3","5","80","81","296","399","201","274","C0029464"
"9928","2","3","12","76","153","40","38","54","75","C0029882"
"2077","2","3","12","76","153","40","38","54","75","C0029882"
"57492","2","3","12","19","31","1","426","55","78","C0029882"
"7476","2","5","3","68","221","197","259","560","422","C0029882"
"9031","2","3","12","19","31","1","426","55","78","C0029882"
"5805","2","3","2","43","91","75","204","267","352","C0029882"
"1280","2","5","7","53","51","342","454","573","492","C0029882"
"1186","2","5","8","63","45","23","34","464","187","C0029882"
"10491","2","5","7","53","51","342","454","573","492","C0029882"
"1380","2","5","7","53","51","119","395","549","674","C0029882"
"26137","2","5","7","63","45","184","103","572","658","C0029882"
"2488","2","5","4","68","96","326","427","548","672","C0029882"
"51091","2","3","2","110","85","237","433","547","671","C0029882"
"4625","2","3","8","63","45","23","103","464","187","C0029882"
"54982","2","3","2","48","170","50","399","167","593","C0029882"
"4322","2","5","7","53","51","342","454","573","492","C0029882"
"30008","2","5","7","53","51","342","454","573","492","C0029882"
"23746","2","3","12","41","83","101","126","271","356","C0029882"
"10683","2","5","7","53","51","143","428","560","667","C0029882"
"5993","2","3","12","19","31","1","426","55","78","C0029882"
"330","2","3","12","41","219","339","156","568","697","C0029882"
"2677","2","5","7","53","51","342","454","573","492","C0029899"
"950","2","5","7","60","14","184","341","544","669","C0029899"
"7424","2","5","7","53","51","342","454","573","702","C0029928"
"23230","2","5","7","11","142","71","341","560","219","C0029928"
"5777","2","5","7","34","52","216","395","40","116","C0029928"
"64327","2","5","4","68","96","326","427","548","672","C0029944"
"6892","2","3","12","41","116","119","156","568","116","C0029944"
"7291","2","3","12","19","151","276","91","489","416","C0030044"
"493856","2","3","2","48","219","110","141","359","462","C0030044"
"4286","2","3","12","19","31","261","116","1","664","C0030044"
"2147","2","5","7","68","51","342","454","573","492","C0030044"
"4210","2","3","12","41","219","339","156","568","697","C0030044"
"2720","2","3","7","34","52","216","395","21","599","C0030044"
"1559","2","3","5","91","214","226","11","348","172","C0030044"
"1387","2","3","12","19","31","276","91","433","118","C0030044"
"2677","2","5","7","53","51","342","454","573","492","C0030044"
"2697","2","3","7","76","153","40","38","54","75","C0030044"
"8398","2","3","5","116","183","40","38","352","455","C0030044"
"5447","2","3","5","91","214","271","372","471","586","C0030044"
"1896","2","5","12","41","219","339","156","568","697","C0030196"
"471","2","3","5","80","81","61","373","341","142","C0030196"
"54106","2","5","7","53","219","20","156","40","697","C0030246"
"1308","2","5","7","53","51","119","454","573","492","C0030246"
"10743","2","3","3","19","151","276","91","433","118","C0030252"
"8626","2","3","3","19","221","321","428","541","667","C0030252"
"5727","2","3","12","68","221","197","259","560","422","C0030252"
"2243","2","5","7","53","51","342","454","573","492","C0030252"
"51660","2","3","2","62","37","154","196","257","344","C0030252"
"26119","2","5","7","60","14","184","341","544","669","C0030252"
"2072","2","3","12","19","31","261","116","1","86","C0030252"
"2990","2","3","7","34","52","216","395","549","674","C0030252"
"3643","2","5","7","53","14","20","25","40","186","C0030252"
"3119","2","5","7","53","153","119","156","287","116","C0030252"
"2317","2","5","7","63","45","23","103","287","664","C0030252"
"55130","2","3","12","76","153","76","38","54","75","C0030252"
"22931","2","5","7","34","54","24","30","46","72","C0030252"
"9949","2","3","2","22","33","225","142","220","298","C0030252"
"8431","2","3","3","19","151","276","91","433","118","C0030252"
"367","2","3","12","19","31","276","91","433","118","C0030252"
"26191","2","5","7","53","14","20","25","40","186","C0030252"
"3508","2","3","12","19","31","261","116","1","86","C0030252"
"2099","2","3","12","19","151","276","91","433","118","C0030283"
"9791","2","3","8","45","94","199","240","415","666","C0030283"
"5830","2","3","5","43","161","305","409","208","482","C0030283"
"1759","2","5","7","60","14","184","341","544","669","C0030283"
"6390","2","3","2","48","170","50","119","444","556","C0030286"
"9409","2","3","5","43","161","305","409","208","482","C0030286"
"811","2","3","2","41","116","342","423","536","342","C0030286"
"9791","2","3","8","45","94","199","240","415","666","C0030286"
"547","2","3","7","76","153","40","38","54","75","C0030286"
"274","2","5","7","60","14","184","341","544","669","C0030286"
"4023","2","3","5","24","51","342","91","20","27","C0030286"
"6399","2","5","7","60","54","24","30","46","72","C0030286"
"5443","2","5","4","68","96","326","427","548","672","C0030293"
"54808","2","3","12","76","153","40","38","54","75","C0030293"
"2146","2","3","12","19","31","1","426","55","78","C0030293"
"5277","2","3","2","61","77","142","176","235","317","C0030293"
"2138","2","3","12","19","31","1","426","55","78","C0030293"
"7128","2","3","12","41","219","339","156","568","697","C0030293"
"3930","2","3","2","22","33","323","66","3","464","C0030293"
"3043","2","5","7","34","52","216","395","549","116","C0030293"
"26608","2","3","2","22","170","50","119","463","153","C0030293"
"54806","2","5","7","76","153","40","38","54","75","C0030293"
"22995","2","3","12","76","153","40","38","54","75","C0030293"
"7439","2","5","8","63","45","23","34","464","187","C0030293"
"3663","2","3","12","53","184","119","156","287","116","C0030293"
"2294","2","3","3","19","221","321","428","541","667","C0030299"
"8516","2","5","7","53","51","342","454","573","492","C0030299"
"7259","2","3","12","19","31","1","426","55","78","C0030319"
"9364","2","5","7","60","54","24","30","46","72","C0030319"
"2248","2","5","7","53","14","20","25","40","186","C0030319"
"6442","2","5","8","63","45","23","103","464","187","C0030319"
"23556","2","3","2","61","77","142","176","235","317","C0030319"
"3077","2","5","7","53","51","119","395","549","674","C0030326"
"28952","2","3","12","41","116","268","434","468","213","C0030326"
"2700","2","3","6","76","153","40","38","54","75","C0030326"
"5193","2","3","5","43","161","305","409","208","482","C0030353"
"1586","2","3","5","79","98","256","335","425","540","C0030353"
"1499","2","3","12","19","221","197","259","560","422","C0030353"
"10734","2","3","12","19","31","1","426","55","78","C0030353"
"27245","2","3","6","22","142","225","366","362","468","C0030353"
"54","2","3","5","80","81","178","195","256","342","C0030353"
"3767","2","5","8","63","36","166","106","110","158","C0030353"
"4353","2","3","7","34","52","216","395","549","674","C0030354"
"2670","2","5","7","27","36","150","341","223","628","C0030354"
"59","2","5","8","63","45","23","103","464","187","C0030354"
"1146","2","5","8","27","70","99","162","216","290","C0030354"
"7046","2","3","12","41","219","339","259","423","605","C0030354"
"4683","2","3","12","19","31","261","116","1","86","C0030354"
"54790","2","3","12","19","31","1","426","55","78","C0030354"
"7809","2","5","8","63","45","23","34","464","187","C0030354"
"701","2","3","12","76","153","40","38","54","75","C0030354"
"4629","2","5","8","63","45","23","103","464","187","C0030354"
"8864","2","3","3","19","151","276","91","433","118","C0030354"
"3764","2","5","8","63","36","166","106","110","158","C0030354"
"7504","2","5","4","68","96","326","427","548","672","C0030354"
"9993","2","5","7","53","51","342","454","573","492","C0030354"
"1440","2","5","7","53","51","119","25","489","416","C0030354"
"4000","2","3","12","26","105","178","226","297","156","C0030354"
"4000","2","3","12","26","105","178","226","297","156","C0030354"
"5071","2","3","12","41","116","268","434","468","213","C0030354"
"1741","2","5","7","60","36","71","341","223","219","C0030354"
"1824","2","1","6","11","142","225","142","220","298","C0030354"
"50846","2","3","3","68","221","197","259","560","422","C0030354"
"1292","2","5","7","53","51","342","454","573","492","C0030354"
"5932","2","3","12","19","31","261","116","1","86","C0030354"
"2697","2","3","7","76","153","40","38","54","75","C0030354"
"617","2","3","2","48","170","50","304","167","593","C0030354"
"55904","2","3","12","19","31","1","426","55","78","C0030421"
"2263","2","5","7","53","14","20","25","40","186","C0030421"
"2879","2","3","5","80","81","166","378","173","229","C0030421"
"10468","2","5","7","53","51","342","259","423","389","C0030421"
"4000","2","3","12","26","105","178","226","297","156","C0030421"
"5311","2","5","8","63","45","166","306","390","158","C0030421"
"152330","2","5","7","27","51","335","444","560","373","C0030436"
"3630","2","5","7","53","14","20","25","40","186","C0030436"
"1144","2","5","8","27","70","99","162","216","290","C0030436"
"3651","2","3","3","19","221","321","428","541","667","C0030436"
"2255","2","5","7","53","14","20","25","40","186","C0030436"
"9382","2","5","7","60","153","40","38","66","203","C0030436"
"3956","2","5","7","53","51","342","454","573","492","C0030436"
"9742","2","3","12","76","153","40","38","54","75","C0030446"
"10908","2","3","2","97","173","275","377","473","592","C0030446"
"5176","2","5","7","53","51","342","454","573","492","C0030486"
"8314","2","3","12","41","31","1","426","55","78","C0030486"
"2677","2","5","7","53","51","342","454","573","492","C0030486"
"9966","2","5","12","41","219","339","156","568","697","C0030486"
"5663","2","5","7","34","52","216","395","549","667","C0030486"
"6392","2","3","2","48","170","50","119","444","556","C0030491"
"10020","2","3","2","89","124","204","42","452","258","C0030491"
"2068","2","3","12","19","31","261","116","159","211","C0030524"
"55109","2","5","7","42","81","184","118","543","214","C0030524"
"7480","2","5","3","68","221","197","259","560","422","C0030524"
"3265","2","5","7","60","54","24","30","46","72","C0030524"
"21","2","3","5","47","144","185","238","310","272","C0030524"
"596","2","3","12","19","219","339","402","489","416","C0030524"
"1081","2","5","4","68","96","326","427","548","672","C0030552"
"3934","2","5","7","34","52","216","395","549","674","C0030552"
"6557","2","5","8","45","94","199","240","415","666","C0030554"
"9150","2","3","12","19","31","261","116","159","211","C0030554"
"2317","2","5","7","63","45","23","103","287","664","C0030554"
"5621","2","5","8","27","36","342","454","573","628","C0030554"
"4318","2","5","7","34","52","216","395","573","492","C0030554"
"6285","2","5","7","41","219","339","156","568","697","C0030554"
"26154","2","3","5","47","144","185","238","310","392","C0030554"
"7263","2","3","2","14","156","168","439","242","256","C0030554"
"2074","2","3","12","19","31","1","426","55","78","C0030554"
"2690","2","5","7","53","14","20","25","40","186","C0030554"
"79798","2","3","2","34","52","75","347","271","356","C0030554"
"1280","2","5","7","53","51","342","454","573","492","C0030554"
"9842","2","3","5","76","155","76","291","152","420","C0030554"
"8029","2","5","7","53","51","105","139","186","245","C0030554"
"60","2","3","12","60","45","184","155","287","78","C0030554"
"1497","2","5","2","63","182","50","103","297","628","C0030554"
"3872","2","1","6","11","142","225","142","220","298","C0030554"
"2033","2","3","12","19","31","1","91","433","118","C0030554"
"5589","2","5","7","53","51","342","454","573","492","C0030554"
"9451","2","3","2","110","51","335","226","297","380","C0030554"
"4893","2","5","7","34","52","24","30","46","72","C0030554"
"354","2","5","7","53","51","342","454","573","492","C0030554"
"5961","2","5","7","27","51","326","126","414","702","C0030554"
"3458","2","5","7","53","184","119","156","287","116","C0030554"
"3815","2","5","7","53","14","20","25","40","186","C0030554"
"5443","2","5","4","68","96","326","427","548","672","C0030554"
"713","2","5","7","53","51","119","395","549","674","C0030554"
"6736","2","3","12","19","31","276","91","433","667","C0030554"
"4089","2","3","12","19","219","339","259","423","605","C0030554"
"2074","2","3","12","19","31","1","426","55","78","C0030554"
"4852","2","5","4","68","96","326","427","548","672","C0030554"
"8456","2","3","3","19","221","321","428","541","667","C0030554"
"30062","2","3","3","19","221","321","428","541","667","C0030569"
"9531","2","3","12","41","219","339","347","271","356","C0030569"
"5339","2","5","7","53","51","342","454","573","492","C0030569"
"9321","2","3","12","76","153","40","38","54","203","C0030569"
"2200","2","5","7","53","51","342","454","573","492","C0030569"
"1312","2","3","2","87","79","105","426","129","25","C0030569"
"6571","2","3","8","60","36","71","341","223","624","C0030569"
"6899","2","5","7","53","184","335","259","560","373","C0030578"
"10758","2","3","12","41","219","339","156","568","697","C0030578"
"2318","2","5","7","53","45","23","103","464","187","C0030578"
"29078","2","3","2","48","170","50","119","444","556","C0030578"
"5339","2","5","7","53","51","342","454","573","492","C0030578"
"204","2","3","4","72","109","182","235","307","506","C0030578"
"6335","2","5","8","63","36","166","341","390","158","C0030578"
"4287","2","3","12","41","116","268","434","468","215","C0030578"
"2110","2","3","2","48","170","50","119","444","556","C0030578"
"4629","2","5","8","63","45","23","103","464","187","C0030779"
"50618","2","5","7","60","54","24","30","544","669","C0030779"
"5317","2","5","7","34","52","216","142","220","298","C0030805"
"3078","2","5","7","53","51","119","395","549","674","C0030805"
"135","2","5","4","68","96","326","427","548","672","C0030805"
"2353","2","3","12","19","31","1","91","489","416","C0030846"
"27077","2","3","12","76","153","40","38","54","75","C0030846"
"2706","2","3","12","76","153","40","38","54","75","C0030846"
"4519","2","3","2","48","170","50","119","508","312","C0030849"
"7468","2","3","12","19","31","1","426","55","78","C0030849"
"9499","2","5","7","53","51","23","103","464","187","C0030849"
"50943","2","3","12","19","31","1","426","129","131","C0030849"
"207","2","3","7","53","14","20","34","489","416","C0030920"
"23169","2","3","2","78","205","112","430","429","544","C0030920"
"2317","2","5","7","63","45","23","103","287","664","C0030920"
"1584","2","3","5","79","159","256","276","353","456","C0030920"
"860","2","3","12","19","31","276","91","433","118","C0030920"
"2719","2","5","7","53","51","342","454","573","492","C0030920"
"866","2","5","7","68","51","342","454","573","492","C0030920"
"11236","2","3","12","41","116","268","434","468","213","C0030920"
"90","2","5","7","53","51","342","259","423","389","C0030922"
"8890","2","3","2","110","85","237","433","547","671","C0030922"
"9321","2","3","12","76","153","40","38","54","203","C0031019"
"29887","2","3","7","60","18","110","141","198","270","C0031019"
"3559","2","5","7","53","14","20","25","40","186","C0031019"
"1280","2","5","7","53","51","342","454","573","492","C0031039"
"5573","2","3","12","19","184","118","155","287","116","C0031039"
"673","2","5","7","53","14","20","34","540","68","C0031039"
"2702","2","3","12","76","153","40","38","54","75","C0031039"
"8803","2","3","8","67","92","293","55","75","311","C0031039"
"3785","2","5","8","63","36","166","106","110","158","C0031039"
"4329","2","3","2","67","92","293","229","381","496","C0031039"
"3172","2","3","3","19","151","276","91","433","118","C0031046"
"1029","2","3","12","19","31","1","116","1","664","C0031046"
"5159","2","5","7","53","14","20","25","40","186","C0031046"
"6390","2","3","2","48","170","50","119","444","556","C0031090"
"3425","2","3","5","80","81","166","454","573","492","C0031090"
"5327","2","5","7","53","51","342","454","573","492","C0031090"
"259232","2","5","8","63","45","23","34","464","187","C0031090"
"5896","2","3","12","41","116","268","434","568","605","C0031090"
"3717","2","5","7","53","14","20","25","40","186","C0031090"
"4758","2","3","7","34","52","216","395","549","517","C0031090"
"1387","2","3","12","19","31","276","91","433","118","C0031090"
"2071","2","3","12","19","31","261","116","159","211","C0031090"
"6323","2","5","8","63","36","166","341","390","158","C0031090"
"4089","2","3","12","19","219","339","259","423","605","C0031090"
"8546","2","5","7","60","18","184","341","544","669","C0031090"
"3594","2","5","7","53","51","119","25","560","373","C0031090"
"2658","2","5","7","53","51","342","259","423","389","C0031090"
"1277","2","5","7","53","51","342","454","573","492","C0031090"
"65125","2","5","8","63","45","23","34","464","187","C0031090"
"4204","2","3","12","19","31","1","426","55","78","C0031090"
"11322","2","5","7","34","52","216","395","549","674","C0031090"
"3949","2","5","7","60","14","184","341","544","669","C0031090"
"8224","2","5","7","60","36","71","341","223","624","C0031090"
"5732","2","5","4","68","96","326","427","548","672","C0031099"
"7054","2","3","5","80","81","166","34","258","345","C0031099"
"1836","2","3","2","35","41","94","260","330","375","C0031099"
"3543","2","5","7","53","51","119","395","549","674","C0031099"
"2033","2","3","12","19","31","1","91","433","118","C0031099"
"1440","2","5","7","53","51","119","25","489","416","C0031099"
"131","2","3","2","75","120","200","263","251","107","C0031099"
"7546","2","5","3","19","221","321","79","560","373","C0031099"
"1311","2","5","7","53","51","342","454","573","492","C0031099"
"7466","2","5","7","53","51","342","454","573","492","C0031099"
"2260","2","5","7","53","14","20","25","40","186","C0031099"
"5443","2","5","4","68","96","326","427","548","672","C0031099"
"716","2","5","7","53","51","119","395","549","674","C0031099"
"1356","2","3","7","53","51","342","454","573","492","C0031099"
"29089","2","3","12","41","116","268","434","468","213","C0031099"
"3105","2","5","7","53","51","119","156","287","116","C0031099"
"1289","2","5","7","53","51","342","454","573","492","C0031099"
"1287","2","5","2","53","51","342","454","573","492","C0031099"
"26119","2","5","7","60","14","184","341","544","669","C0031099"
"2517","2","3","7","34","52","216","395","549","674","C0031099"
"1294","2","5","7","53","51","342","454","573","492","C0031099"
"10020","2","3","2","89","124","204","42","452","258","C0031099"
"5922","2","5","7","60","54","24","30","46","72","C0031149"
"6736","2","3","12","19","31","276","91","433","667","C0031149"
"7133","2","5","7","34","52","216","395","549","697","C0031149"
"142","2","3","12","19","31","261","116","1","86","C0031149"
"355","2","3","7","41","219","339","156","568","697","C0031149"
"915","2","5","7","53","51","119","341","544","669","C0031149"
"658","2","5","7","53","51","342","259","423","389","C0031149"
"1559","2","3","5","91","214","226","11","348","172","C0031149"
"2688","2","5","7","53","51","119","25","40","186","C0031149"
"19","2","3","3","19","151","276","91","433","118","C0031149"
"3726","2","3","12","19","31","276","91","489","416","C0031154"
"7291","2","3","12","19","151","276","91","489","416","C0031154"
"6714","2","5","7","53","14","20","25","40","186","C0031154"
"2492","2","5","4","68","96","326","427","548","672","C0031154"
"6495","2","3","3","19","221","321","428","541","667","C0031154"
"1759","2","5","7","60","14","184","341","544","669","C0031154"
"7518","2","3","12","19","31","261","116","1","86","C0031190"
"9051","2","5","7","60","14","20","25","40","215","C0031190"
"3417","2","3","7","34","52","216","395","549","319","C0031212"
"6997","2","5","3","53","221","321","259","423","389","C0031212"
"23384","2","3","12","63","45","184","103","572","658","C0031212"
"585","2","3","12","76","153","40","38","54","75","C0031212"
"11107","2","3","12","19","31","1","426","55","78","C0031212"
"8493","2","3","12","19","31","293","116","201","664","C0031212"
"6647","2","3","2","95","2","342","378","173","702","C0031212"
"3172","2","3","3","19","151","276","91","433","118","C0031256"
"547","2","3","7","76","153","40","38","54","75","C0031256"
"5443","2","5","4","68","96","326","427","548","672","C0031256"
"3030","2","3","2","48","57","339","44","65","31","C0031256"
"5073","2","3","2","110","85","323","433","146","194","C0031256"
"9215","2","5","2","27","36","150","430","215","628","C0031256"
"3440","2","3","12","19","184","118","155","287","116","C0031256"
"3954","2","3","2","48","170","67","119","444","593","C0031256"
"4000","2","3","12","26","105","178","226","297","156","C0031256"
"1947","2","5","7","53","51","20","25","560","373","C0031256"
"3909","2","5","7","53","51","342","454","573","492","C0031256"
"4351","2","3","2","90","167","266","367","500","577","C0031256"
"5468","2","3","3","19","151","276","91","433","118","C0031256"
"29123","2","3","12","19","151","276","91","433","118","C0031269"
"5468","2","3","3","19","151","276","91","433","118","C0031269"
"4602","2","3","12","19","31","1","155","287","116","C0031347"
"6834","2","3","2","48","170","50","119","444","556","C0031347"
"6647","2","3","2","95","2","342","378","173","702","C0031391"
"201626","2","3","12","41","116","268","434","468","593","C0031391"
"1649","2","3","12","19","31","276","91","433","118","C0031391"
"3954","2","3","2","48","170","67","119","444","593","C0031391"
"1584","2","3","5","79","159","256","276","353","456","C0031391"
"3691","2","5","7","53","51","342","454","573","492","C0031391"
"5009","2","3","2","48","97","50","304","167","593","C0031391"
"5193","2","3","5","43","161","305","409","208","482","C0031485"
"673","2","5","7","53","14","20","34","540","68","C0031485"
"4598","2","3","2","19","151","276","198","259","427","C0031511"
"5885","2","3","12","76","153","40","38","54","75","C0031511"
"5332","2","3","4","68","96","326","427","548","672","C0031511"
"7170","2","5","8","63","45","23","103","464","187","C0031511"
"4068","2","5","7","53","51","119","25","549","674","C0031511"
"6473","2","3","3","19","221","321","428","541","667","C0031511"
"973","2","5","7","53","14","20","25","40","186","C0031511"
"55343","2","3","4","68","69","306","410","520","639","C0031511"
"10577","2","5","7","34","52","216","395","549","674","C0031511"
"4621","2","5","8","63","45","23","103","464","187","C0031511"
"2720","2","3","7","34","52","216","395","21","599","C0031511"
"3954","2","3","2","48","170","67","119","444","593","C0031511"
"4541","2","3","2","48","170","50","119","444","24","C0031511"
"356","2","5","7","53","219","339","25","489","697","C0031511"
"1513","2","5","7","53","51","342","454","573","492","C0031511"
"19","2","3","3","19","151","276","91","433","118","C0031511"
"203","2","3","4","72","109","182","235","307","506","C0031511"
"8314","2","3","12","41","31","1","426","55","78","C0031511"
"51103","2","3","2","48","170","50","119","444","556","C0031575"
"9573","2","5","7","53","51","342","259","423","389","C0031575"
"6658","2","3","12","19","221","321","428","541","667","C0031900"
"11041","2","3","2","27","36","150","341","223","628","C0031900"
"51741","2","3","2","22","33","323","66","101","127","C0031900"
"5406","2","3","5","80","81","166","454","76","106","C0031900"
"7827","2","5","7","53","170","335","25","560","373","C0031900"
"9051","2","5","7","60","14","20","25","40","215","C0031900"
"5605","2","5","7","53","14","20","34","540","68","C0031900"
"950","2","5","7","60","14","184","341","544","669","C0031900"
"3383","2","5","7","53","51","119","454","287","116","C0031900"
"6945","2","3","12","19","31","110","141","488","102","C0031900"
"9401","2","3","12","76","31","261","116","1","86","C0031900"
"29851","2","5","7","53","14","20","25","40","186","C0032000"
"3753","2","5","8","63","36","166","341","223","158","C0032000"
"2538","2","3","5","90","216","333","438","561","689","C0032000"
"9414","2","5","7","42","36","71","177","223","219","C0032000"
"7518","2","3","12","19","31","261","116","1","86","C0032000"
"2296","2","3","3","19","221","321","428","541","667","C0032000"
"6911","2","5","6","19","142","335","259","560","373","C0032019"
"25814","2","3","2","48","170","110","119","444","462","C0032019"
"1187","2","5","8","63","45","23","34","464","187","C0032019"
"5604","2","5","7","53","14","20","34","540","68","C0032019"
"5144","2","3","4","68","96","326","427","548","672","C0032019"
"673","2","5","7","53","14","20","34","540","68","C0032019"
"338","2","5","7","53","51","342","454","573","492","C0032045"
"3565","2","5","7","53","51","119","25","489","416","C0032045"
"8195","2","3","12","76","153","76","38","54","75","C0032045"
"4638","2","5","7","53","45","23","103","464","187","C0032045"
"8200","2","5","7","53","51","342","259","423","389","C0032209"
"10907","2","3","2","22","33","323","66","101","136","C0032209"
"84894","2","5","7","27","51","335","444","560","373","C0032209"
"26040","2","3","12","19","31","1","116","297","78","C0032209"
"8573","2","5","7","53","36","71","341","223","219","C0032209"
"6197","2","3","12","19","14","20","34","540","68","C0032209"
"2566","2","5","8","27","70","99","162","216","290","C0032209"
"5077","2","3","3","19","221","321","428","541","667","C0032209"
"658","2","5","7","53","51","342","259","423","389","C0032209"
"7555","2","3","2","110","85","237","433","547","671","C0032209"
"3949","2","5","7","60","14","184","341","544","669","C0032209"
"2065","2","5","7","53","14","20","25","40","186","C0032209"
"56652","2","3","3","19","151","276","91","433","118","C0032209"
"6347","2","5","7","53","51","119","427","489","416","C0032226"
"94","2","5","7","53","51","342","259","423","389","C0032226"
"8481","2","3","12","76","153","40","38","54","75","C0032226"
"3425","2","3","5","80","81","166","454","573","492","C0032226"
"7039","2","3","12","19","31","1","426","55","203","C0032226"
"7476","2","5","3","68","221","197","259","560","422","C0032226"
"2239","2","3","2","74","51","342","454","573","492","C0032226"
"1964","2","3","2","110","85","237","433","547","671","C0032226"
"6443","2","5","8","63","45","23","103","464","187","C0032226"
"1959","2","3","3","19","151","276","91","433","118","C0032226"
"4692","2","5","7","53","51","119","402","489","416","C0032227"
"367","2","3","12","19","31","276","91","433","118","C0032227"
"5189","2","3","5","43","161","305","409","208","482","C0032227"
"3689","2","5","7","34","52","216","395","549","674","C0032227"
"6948","2","5","7","48","51","105","139","186","245","C0032227"
"1031","2","3","12","19","31","1","426","55","78","C0032227"
"3972","2","5","4","68","96","326","427","548","672","C0032229"
"8200","2","5","7","53","51","342","259","423","389","C0032229"
"3553","2","5","7","53","51","119","25","489","416","C0032231"
"1594","2","3","5","92","163","96","363","460","487","C0032231"
"1300","2","5","7","53","51","342","454","573","492","C0032231"
"421","2","5","7","42","51","335","444","560","373","C0032231"
"7124","2","3","12","41","219","339","156","568","697","C0032231"
"5860","2","3","2","69","91","75","204","267","352","C0032231"
"7298","2","3","12","76","153","40","38","54","75","C0032231"
"6323","2","5","8","63","36","166","341","390","158","C0032231"
"5604","2","5","7","53","14","20","34","540","68","C0032273"
"11277","2","3","12","19","31","261","116","1","86","C0032273"
"54101","2","3","2","48","170","50","347","167","593","C0032273"
"1646","2","3","2","46","136","227","168","225","490","C0032273"
"51199","2","3","12","76","153","40","38","54","75","C0032273"
"4935","2","5","4","68","96","326","427","548","672","C0032273"
"3117","2","5","7","53","153","119","156","287","116","C0032273"
"5395","2","3","12","19","31","261","116","1","86","C0032273"
"4692","2","5","7","53","51","119","402","489","416","C0032273"
"10733","2","3","12","76","153","40","38","54","75","C0032273"
"5205","2","3","8","63","45","23","103","464","619","C0032273"
"27030","2","3","12","19","31","1","426","55","78","C0032273"
"27077","2","3","12","76","153","40","38","54","75","C0032273"
"2006","2","5","7","53","51","342","454","573","492","C0032273"
"3636","2","3","5","80","14","20","25","40","186","C0032290"
"3991","2","3","5","80","81","166","57","83","658","C0032290"
"8626","2","3","3","19","221","321","428","541","667","C0032326"
"5447","2","3","5","91","214","271","372","471","586","C0032326"
"160851","2","3","2","60","30","193","306","148","624","C0032326"
"2626","2","3","12","19","31","118","155","287","116","C0032326"
"3981","2","3","12","19","31","261","116","1","86","C0032326"
"633","2","5","7","53","51","342","454","573","492","C0032326"
"546","2","3","12","19","31","261","426","1","86","C0032326"
"5195","2","3","5","43","161","305","409","208","482","C0032461"
"3784","2","5","8","63","36","166","106","110","158","C0032461"
"9569","2","3","12","19","31","276","91","433","118","C0032461"
"2109","2","3","2","48","170","50","119","444","556","C0032461"
"8195","2","3","12","76","153","76","38","54","75","C0032461"
"79751","2","3","2","10","180","290","26","73","74","C0032461"
"51684","2","3","12","41","116","268","38","54","75","C0032461"
"836","2","3","12","41","219","339","402","489","697","C0032461"
"26277","2","3","12","19","31","1","426","1","78","C0032461"
"6648","2","3","2","95","151","160","378","173","229","C0032461"
"6347","2","5","7","53","51","119","427","489","416","C0032461"
"2950","2","5","7","34","52","216","395","549","674","C0032461"
"9210","2","5","7","53","51","342","454","573","492","C0032463"
"3791","2","5","7","53","51","342","454","573","492","C0032463"
"2879","2","3","5","80","81","166","378","173","229","C0032463"
"4851","2","3","12","19","221","143","428","236","667","C0032463"
"4842","2","3","5","63","45","71","177","464","219","C0032463"
"5449","2","3","3","19","221","321","428","541","667","C0032463"
"6567","2","5","8","35","41","77","40","57","80","C0032578"
"1747","2","3","3","19","221","321","428","541","667","C0032578"
"3481","2","5","7","53","51","342","454","573","492","C0032578"
"540","2","5","8","63","45","23","103","464","187","C0032578"
"9217","2","3","2","50","47","39","100","321","255","C0032580"
"3028","2","3","2","67","92","152","32","252","154","C0032580"
"7133","2","5","7","34","52","216","395","549","697","C0032580"
"51025","2","3","2","48","170","50","304","167","593","C0032580"
"7399","2","5","7","53","51","342","454","573","492","C0032580"
"7253","2","5","4","68","96","326","427","548","672","C0032580"
"9420","2","3","5","79","159","256","215","282","366","C0032580"
"595","2","3","12","19","31","1","426","489","416","C0032580"
"6890","2","3","12","41","184","119","156","568","116","C0032580"
"348","2","5","7","53","51","342","454","573","492","C0032580"
"1280","2","5","7","53","51","342","454","573","492","C0032580"
"2072","2","3","12","19","31","261","116","1","86","C0032580"
"667","2","5","7","53","51","342","454","573","492","C0032580"
"8799","2","3","5","43","161","305","409","208","482","C0032580"
"2316","2","5","7","53","51","342","454","573","702","C0032617"
"9031","2","3","12","19","31","1","426","55","78","C0032617"
"6772","2","3","12","53","184","119","156","287","116","C0032617"
"1436","2","5","7","53","14","20","25","40","186","C0032617"
"23765","2","3","12","41","219","238","252","489","416","C0032617"
"7043","2","5","7","53","51","342","454","573","492","C0032617"
"1277","2","5","7","53","51","342","454","573","492","C0032617"
"3091","2","3","12","41","116","276","91","433","605","C0032617"
"57030","2","3","7","27","36","150","341","223","628","C0032617"
"207","2","3","7","53","14","20","34","489","416","C0032617"
"6606","2","3","2","22","33","323","66","101","136","C0032617"
"526","2","3","5","29","88","132","172","199","308","C0032617"
"6223","2","3","2","110","85","237","433","547","671","C0032617"
"3845","2","5","7","60","54","24","30","46","72","C0032617"
"657","2","5","7","53","221","342","259","423","389","C0032617"
"23639","2","3","12","41","219","261","136","271","356","C0032617"
"148738","2","5","7","53","51","342","444","560","373","C0032617"
"5447","2","3","5","91","214","271","372","471","586","C0032617"
"1761","2","3","3","19","221","321","428","541","667","C0032617"
"54757","2","5","7","53","51","342","454","573","492","C0032617"
"5617","2","5","12","19","31","1","426","55","78","C0032617"
"10002","2","3","3","19","151","276","91","433","118","C0032617"
"171024","2","3","2","48","45","110","141","359","462","C0032617"
"5290","2","3","7","53","14","20","25","40","186","C0032768"
"1139","2","5","8","27","70","99","162","216","290","C0032768"
"1261","2","5","8","63","36","166","106","110","158","C0032768"
"55135","2","3","12","76","137","76","136","472","435","C0032787"
"9381","2","5","7","53","33","342","34","540","492","C0032787"
"1406","2","3","3","19","221","321","428","541","667","C0032787"
"23630","2","5","8","63","36","166","106","110","158","C0032787"
"429","2","3","3","19","221","321","428","541","667","C0032897"
"6927","2","3","3","19","221","321","428","541","667","C0032897"
"8653","2","3","12","110","85","237","136","472","127","C0032897"
"1134","2","5","8","27","70","99","162","216","290","C0032914"
"5521","2","3","12","76","137","76","136","472","435","C0032914"
"3190","2","3","2","22","33","323","66","101","136","C0032914"
"1956","2","5","7","53","14","184","45","544","669","C0032914"
"2261","2","5","7","53","14","20","25","40","186","C0032914"
"11322","2","5","7","34","52","216","395","549","674","C0032914"
"23373","2","3","3","19","151","276","91","433","118","C0032914"
"658","2","5","7","53","51","342","259","423","389","C0032914"
"462","2","5","7","53","51","342","454","573","492","C0032914"
"1577","2","3","5","91","214","226","400","204","264","C0032914"
"7046","2","3","12","41","219","339","259","423","605","C0032914"
"7124","2","3","12","41","219","339","156","568","697","C0032914"
"7169","2","5","8","63","45","23","103","464","187","C0032914"
"368","2","3","12","41","116","268","423","536","445","C0032914"
"54901","2","3","2","110","85","152","129","252","154","C0032914"
"6234","2","3","2","110","85","237","433","547","671","C0032914"
"3952","2","5","3","53","151","276","91","433","118","C0032914"
"5116","2","3","12","76","153","40","38","54","75","C0032914"
"965","2","5","7","34","52","216","395","549","674","C0032914"
"139189","2","3","2","63","30","193","306","390","158","C0032914"
"182","2","5","7","53","51","143","428","236","667","C0032914"
"10046","2","3","12","19","31","143","428","236","667","C0032914"
"5652","2","1","6","11","142","225","142","220","298","C0032962"
"2950","2","5","7","34","52","216","395","549","674","C0032962"
"94","2","5","7","53","51","342","259","423","389","C0032962"
"4988","2","5","4","68","96","326","427","548","672","C0032963"
"23746","2","3","12","41","83","101","126","271","356","C0032963"
"6845","2","5","7","60","14","184","341","544","669","C0032963"
"1278","2","5","7","53","51","342","454","573","492","C0032963"
"773","2","5","8","27","36","166","341","223","628","C0033054"
"421","2","5","7","42","51","335","444","560","373","C0033054"
"10232","2","5","7","53","51","342","454","573","492","C0033054"
"5308","2","3","3","19","221","321","428","541","667","C0033054"
"1813","2","5","4","68","96","326","427","548","672","C0033054"
"11151","2","5","7","34","52","216","395","549","674","C0033054"
"10555","2","3","7","34","52","216","395","549","622","C0033054"
"4613","2","3","12","19","31","1","426","55","78","C0033054"
"29926","2","3","2","68","66","123","158","207","278","C0033054"
"9871","2","3","7","60","153","40","38","54","203","C0033054"
"5290","2","3","7","53","14","20","25","40","186","C0033300"
"9241","2","5","7","53","51","342","259","423","389","C0033300"
"7227","2","3","12","19","31","276","91","433","118","C0033300"
"763","2","3","5","35","41","77","40","526","647","C0033300"
"5428","2","3","2","48","170","50","119","167","593","C0033300"
"5594","2","5","7","34","14","20","34","540","274","C0033375"
"2261","2","5","7","53","14","20","25","40","186","C0033375"
"6775","2","5","7","53","14","119","25","40","186","C0033375"
"6566","2","3","2","67","37","316","422","535","660","C0033375"
"5580","2","5","7","34","52","216","395","287","116","C0033375"
"6885","2","3","12","41","219","339","156","568","697","C0033375"
"7249","2","3","7","60","57","110","141","359","462","C0033375"
"8701","2","3","12","76","153","40","38","54","75","C0033375"
"788","2","3","2","45","151","199","240","415","666","C0033375"
"4838","2","5","3","53","221","321","259","423","389","C0033375"
"6608","2","3","3","68","221","321","428","560","667","C0033581"
"1586","2","3","5","79","98","256","335","425","540","C0033581"
"7018","2","5","7","53","51","342","454","573","669","C0033581"
"5277","2","3","2","61","77","142","176","235","317","C0033626"
"10878","2","5","7","53","51","119","395","549","674","C0033626"
"4487","2","3","3","19","221","321","428","541","667","C0033626"
"4089","2","3","12","19","219","339","259","423","605","C0033680"
"5116","2","3","12","76","153","40","38","54","75","C0033680"
"4638","2","5","7","53","45","23","103","464","187","C0033680"
"6473","2","3","3","19","221","321","428","541","667","C0033790"
"51750","2","3","12","19","31","261","116","1","86","C0033790"
"3763","2","5","8","63","36","166","106","110","158","C0033790"
"1836","2","3","2","35","41","94","260","330","375","C0033790"
"6103","2","3","12","76","153","40","38","54","75","C0033805"
"4838","2","5","3","53","221","321","259","423","389","C0033805"
"1437","2","5","7","53","14","20","25","40","186","C0033805"
"5696","2","3","12","41","116","268","156","568","116","C0033805"
"6736","2","3","12","19","31","276","91","433","667","C0033805"
"5195","2","3","5","43","161","305","409","208","482","C0033805"
"8200","2","5","7","53","51","342","259","423","389","C0033805"
"6135","2","3","2","110","85","237","433","547","671","C0033805"
"81608","2","3","2","22","33","323","66","101","136","C0033805"
"2984","2","3","4","68","96","326","427","548","672","C0033805"
"8456","2","3","3","19","221","321","428","541","667","C0033806"
"23474","2","3","12","19","31","1","91","433","118","C0033806"
"10397","2","3","2","110","81","148","402","51","383","C0033806"
"7177","2","3","5","80","51","119","454","549","674","C0033806"
"3617","2","5","7","86","221","321","454","311","518","C0033847"
"2773","2","5","4","68","96","326","427","548","672","C0033847"
"9197","2","3","2","67","92","293","55","75","311","C0033847"
"3507","2","5","7","53","51","119","395","549","674","C0033847"
"673","2","5","7","53","14","20","34","540","68","C0033922"
"189","2","3","5","43","161","305","409","208","482","C0033922"
"6638","2","3","2","22","33","323","66","101","136","C0033922"
"1409","2","3","12","76","153","40","38","54","75","C0033922"
"7157","2","3","12","19","31","261","402","489","551","C0033922"
"4436","2","3","12","19","31","261","116","1","86","C0033922"
"6323","2","5","8","63","36","166","341","390","158","C0033922"
"435","2","3","8","84","97","167","210","278","360","C0033937"
"6521","2","5","8","35","41","199","40","415","666","C0033937"
"6622","2","3","7","27","36","150","341","223","628","C0033937"
"5327","2","5","7","53","51","342","454","573","492","C0033937"
"538","2","3","8","63","45","23","103","464","187","C0033937"
"1650","2","5","7","34","52","216","395","549","674","C0033937"
"10083","2","5","7","42","36","71","177","223","219","C0033937"
"6716","2","3","2","69","98","169","299","50","494","C0033937"
"3845","2","5","7","60","54","24","30","46","72","C0033937"
"3575","2","5","7","53","51","184","341","544","669","C0033941"
"51741","2","3","2","22","33","323","66","101","127","C0033941"
"3162","2","3","5","53","51","119","402","489","416","C0033941"
"132884","2","3","12","41","116","268","434","568","605","C0033941"
"6165","2","3","2","110","85","237","433","547","671","C0033941"
"673","2","5","7","53","14","20","34","540","68","C0033941"
"999","2","5","7","53","51","342","444","560","373","C0033941"
"2556","2","5","8","27","70","99","162","216","290","C0033941"
"10735","2","3","12","76","153","40","38","54","75","C0033941"
"5146","2","3","5","86","72","258","318","403","518","C0033941"
"4810","2","3","2","76","57","110","444","560","373","C0033941"
"1831","2","5","8","63","45","23","34","464","187","C0033941"
"8820","2","3","3","19","221","321","428","541","667","C0033941"
"3861","2","1","6","11","142","225","142","220","298","C0033941"
"585","2","3","12","76","153","40","38","54","75","C0033941"
"1001","2","5","7","53","51","335","444","560","373","C0033941"
"23169","2","3","2","78","205","112","430","429","544","C0033941"
"1643","2","3","12","41","116","268","434","468","213","C0033953"
"7515","2","3","12","19","31","261","116","1","86","C0033953"
"4593","2","5","7","53","14","20","454","573","492","C0033953"
"8626","2","3","3","19","221","321","428","541","667","C0033953"
"4313","2","5","7","53","51","342","454","573","492","C0033953"
"11315","2","3","2","48","170","50","399","201","229","C0033953"
"10806","2","3","12","76","153","40","38","54","75","C0033999"
"1387","2","3","12","19","31","276","91","433","118","C0033999"
"9742","2","3","12","76","153","40","38","54","75","C0033999"
"11005","2","1","6","11","142","225","142","220","298","C0034013"
"1406","2","3","3","19","221","321","428","541","667","C0034013"
"1548","2","3","5","91","214","226","326","447","586","C0034013"
"8842","2","5","5","53","82","147","184","179","328","C0034013"
"5192","2","3","5","43","161","305","409","208","482","C0034013"
"1281","2","5","7","53","51","342","454","573","492","C0034013"
"2245","2","5","7","60","54","24","30","46","72","C0034013"
"22930","2","5","7","60","54","24","30","46","72","C0034013"
"8291","2","5","8","63","45","23","103","464","187","C0034013"
"5528","2","3","12","76","153","40","38","54","75","C0034013"
"3752","2","5","8","63","36","166","106","110","158","C0034013"
"6772","2","3","12","53","184","119","156","287","116","C0034013"
"57822","2","3","12","19","31","1","426","55","78","C0034013"
"3664","2","5","7","53","184","119","156","287","116","C0034013"
"1272","2","5","7","53","51","335","444","236","373","C0034013"
"6571","2","3","8","60","36","71","341","223","624","C0034013"
"930","2","5","7","53","14","119","25","40","186","C0034013"
"2353","2","3","12","19","31","1","91","489","416","C0034013"
"3835","2","3","12","76","153","40","38","54","75","C0034013"
"361","2","3","5","80","81","166","397","374","486","C0034013"
"7704","2","3","12","41","116","268","434","468","213","C0034013"
"4867","2","5","7","76","153","40","38","54","75","C0034013"
"4593","2","5","7","53","14","20","454","573","492","C0034013"
"4089","2","3","12","19","219","339","259","423","605","C0034013"
"9939","2","3","2","22","33","323","66","101","136","C0034013"
"4629","2","5","8","63","45","23","103","464","187","C0034013"
"3636","2","3","5","80","14","20","25","40","186","C0034013"
"2261","2","5","7","53","14","20","25","40","186","C0034050"
"55651","2","3","2","110","85","237","433","547","671","C0034050"
"2627","2","3","12","19","31","118","155","287","116","C0034050"
"3265","2","5","7","60","54","24","30","46","72","C0034050"
"5149","2","3","5","68","38","16","477","596","725","C0034050"
"9782","2","3","2","22","33","323","66","101","136","C0034050"
"9939","2","3","2","22","33","323","66","101","136","C0034063"
"3172","2","3","3","19","151","276","91","433","118","C0034063"
"3664","2","5","7","53","184","119","156","287","116","C0034063"
"1497","2","5","2","63","182","50","103","297","628","C0034063"
"8450","2","3","12","41","116","268","434","468","213","C0034063"
"7040","2","5","7","53","51","342","454","573","492","C0034063"
"23414","2","3","12","19","31","118","155","287","116","C0034063"
"595","2","3","12","19","31","1","426","489","416","C0034065"
"1292","2","5","7","53","51","342","454","573","492","C0034065"
"4340","2","5","7","53","51","119","341","223","628","C0034065"
"84133","2","3","3","68","221","197","259","499","422","C0034065"
"6197","2","3","12","19","14","20","34","540","68","C0034065"
"5781","2","5","7","53","14","20","25","40","186","C0034065"
"7048","2","5","7","53","51","342","259","423","389","C0034065"
"3953","2","5","7","53","14","20","25","40","186","C0034065"
"144568","2","3","6","11","142","225","142","220","298","C0034065"
"6833","2","5","8","45","36","166","240","415","666","C0034065"
"847","2","3","7","34","52","216","395","549","674","C0034065"
"6334","2","5","8","63","36","166","341","223","158","C0034065"
"2263","2","5","7","53","14","20","25","40","186","C0034065"
"3930","2","3","2","22","33","323","66","3","464","C0034065"
"4626","2","5","8","63","45","23","103","464","187","C0034065"
"6611","2","3","2","58","55","25","46","329","198","C0034065"
"6443","2","5","8","63","45","23","103","464","187","C0034065"
"51422","2","3","2","48","57","110","141","359","462","C0034065"
"3481","2","5","7","53","51","342","454","573","492","C0034065"
"30009","2","5","7","53","51","119","25","549","674","C0034065"
"5550","2","3","2","68","96","326","427","548","672","C0034065"
"2316","2","5","7","53","51","342","454","573","702","C0034067"
"1289","2","5","7","53","51","342","454","573","492","C0034067"
"355","2","3","7","41","219","339","156","568","697","C0034067"
"54903","2","3","12","76","153","40","38","54","75","C0034067"
"10013","2","3","12","19","31","143","91","236","311","C0034067"
"2252","2","5","7","53","14","20","25","40","186","C0034067"
"8517","2","3","12","41","219","339","156","568","697","C0034067"
"3664","2","5","7","53","184","119","156","287","116","C0034067"
"2629","2","3","5","80","81","250","291","152","420","C0034067"
"6662","2","3","3","19","221","321","428","541","667","C0034067"
"6299","2","3","12","19","221","321","428","541","667","C0034067"
"5339","2","5","7","53","51","342","454","573","492","C0034067"
"701","2","3","12","76","153","40","38","54","75","C0034067"
"51259","2","3","2","76","153","40","38","54","75","C0034067"
"650","2","5","7","53","51","342","259","423","389","C0034067"
"9570","2","3","7","60","153","40","38","66","203","C0034067"
"2733","2","3","2","22","33","323","66","101","664","C0034067"
"5654","2","5","7","53","51","342","454","573","492","C0034067"
"148","2","5","4","68","96","326","427","548","672","C0034067"
"7373","2","5","7","53","51","342","454","573","492","C0034067"
"4322","2","5","7","53","51","342","454","573","492","C0034067"
"6736","2","3","12","19","31","276","91","433","667","C0034067"
"1376","2","3","2","19","151","276","91","433","118","C0034067"
"5339","2","5","7","53","51","342","454","573","492","C0034072"
"3784","2","5","8","63","36","166","106","110","158","C0034072"
"1184","2","5","8","63","45","23","34","464","187","C0034072"
"4314","2","5","7","53","51","342","454","573","492","C0034088"
"2778","2","5","4","68","96","326","427","548","672","C0034088"
"4535","2","3","2","48","170","50","119","444","556","C0034088"
"3892","2","1","6","11","142","225","142","220","298","C0034088"
"6499","2","3","2","110","85","237","433","547","671","C0034088"
"5205","2","3","8","63","45","23","103","464","619","C0034091"
"6197","2","3","12","19","14","20","34","540","68","C0034091"
"7840","2","3","12","76","153","40","38","54","75","C0034150"
"201163","2","3","2","34","57","110","141","271","356","C0034150"
"8891","2","3","2","110","85","237","433","547","671","C0034150"
"7299","2","3","5","23","18","138","250","332","407","C0034150"
"23503","2","3","6","11","142","225","142","220","298","C0034150"
"2512","2","3","7","34","52","216","395","544","358","C0034150"
"5897","2","3","12","41","116","268","141","568","605","C0034150"
"2074","2","3","12","19","31","1","426","55","78","C0034150"
"579","2","3","3","19","221","321","428","541","667","C0034150"
"2555","2","5","8","27","70","99","162","216","290","C0034150"
"3984","2","5","7","53","14","20","34","540","68","C0034150"
"51259","2","3","2","76","153","40","38","54","75","C0034150"
"9968","2","4","3","24","119","330","214","454","144","C0034150"
"7547","2","3","3","19","221","321","428","541","667","C0034150"
"9049","2","3","3","41","151","276","378","271","356","C0034150"
"7468","2","3","12","19","31","1","426","55","78","C0034150"
"1548","2","3","5","91","214","226","326","447","586","C0034150"
"3691","2","5","7","53","51","342","454","573","492","C0034150"
"9049","2","3","3","41","151","276","378","271","356","C0034150"
"8322","2","5","3","68","221","184","259","544","669","C0034150"
"6710","2","5","7","60","14","20","25","40","186","C0034150"
"2629","2","3","5","80","81","250","291","152","420","C0034150"
"54463","2","3","2","48","57","110","141","359","462","C0034150"
"4000","2","3","12","26","105","178","226","297","156","C0034150"
"9126","2","3","12","76","153","40","38","54","75","C0034150"
"10585","2","5","2","27","206","324","430","215","290","C0034150"
"2074","2","3","12","19","31","1","426","55","78","C0034150"
"467","2","3","12","19","31","276","91","433","118","C0034152"
"4921","2","5","7","53","14","20","25","573","186","C0034152"
"1356","2","3","7","53","51","342","454","573","492","C0034155"
"2969","2","3","12","19","31","276","91","433","118","C0034155"
"5295","2","5","7","53","14","20","25","40","186","C0034155"
"779","2","5","8","63","36","166","341","390","158","C0034155"
"3303","2","3","7","34","52","216","395","271","356","C0034186"
"25923","2","3","2","48","184","50","119","444","116","C0034186"
"60675","2","5","4","68","96","326","427","548","672","C0034186"
"6867","2","3","12","76","153","40","38","54","75","C0034212"
"1512","2","5","7","34","52","216","395","549","674","C0034212"
"5922","2","5","7","60","54","24","30","46","72","C0034212"
"6638","2","3","2","22","33","323","66","101","136","C0034345"
"2833","2","5","4","68","96","326","427","548","672","C0034345"
"1301","2","5","7","53","51","342","454","573","492","C0034362"
"5290","2","3","7","53","14","20","25","40","186","C0034362"
"5913","2","5","7","27","36","71","341","223","219","C0034362"
"6576","2","3","2","45","94","199","240","569","666","C0034362"
"8838","2","5","7","53","51","342","259","423","389","C0034362"
"356","2","5","7","53","219","339","25","489","697","C0034372"
"5332","2","3","4","68","96","326","427","548","672","C0034372"
"5172","2","5","8","45","94","199","240","415","666","C0034372"
"28952","2","3","12","41","116","268","434","468","213","C0034372"
"2720","2","3","7","34","52","216","395","21","599","C0034372"
"5592","2","5","4","53","14","20","34","540","68","C0034372"
"1029","2","3","12","19","31","1","116","1","664","C0034372"
"4000","2","3","12","26","105","178","226","297","156","C0034372"
"2629","2","3","5","80","81","250","291","152","420","C0034372"
"4540","2","3","2","48","170","50","119","444","556","C0034372"
"3425","2","3","5","80","81","166","454","573","492","C0034734"
"8626","2","3","3","19","221","321","428","541","667","C0034734"
"356","2","5","7","53","219","339","25","489","697","C0034734"
"1723","2","3","2","48","170","50","119","444","556","C0034880"
"8818","2","3","2","61","77","142","176","280","363","C0034880"
"7456","2","5","7","60","14","20","25","40","215","C0034880"
"2879","2","3","5","80","81","166","378","173","229","C0034880"
"8200","2","5","7","53","51","342","259","423","389","C0034880"
"23462","2","3","12","19","31","143","428","236","667","C0034880"
"3982","2","5","8","63","45","23","103","464","187","C0034880"
"1300","2","5","7","53","51","342","454","573","492","C0034880"
"25782","2","5","7","60","54","24","30","46","72","C0034880"
"55605","2","3","12","76","153","40","38","54","75","C0034880"
"8481","2","3","12","76","153","40","38","54","75","C0034880"
"930","2","5","7","53","14","119","25","40","186","C0034885"
"1399","2","5","7","53","14","20","25","40","186","C0034885"
"843","2","3","12","41","219","339","156","568","697","C0034885"
"8813","2","3","2","48","116","142","136","280","363","C0034885"
"5498","2","3","5","80","81","166","132","175","473","C0034885"
"11277","2","3","12","19","31","261","116","1","86","C0034885"
"7592","2","4","3","24","119","330","214","454","144","C0034885"
"1760","2","5","8","63","14","20","34","540","68","C0034885"
"7174","2","3","12","41","116","268","434","468","213","C0034885"
"10479","2","5","7","27","36","150","341","223","628","C0034885"
"4128","2","3","5","80","81","119","402","489","416","C0034885"
"5885","2","3","12","76","153","40","38","54","75","C0034885"
"2992","2","3","7","34","52","216","395","549","674","C0034885"
"538","2","3","8","63","45","23","103","464","187","C0034885"
"9469","2","3","2","103","189","303","29","475","467","C0034885"
"1312","2","3","2","87","79","105","426","129","25","C0034885"
"9401","2","3","12","76","31","261","116","1","86","C0034885"
"27249","2","3","2","48","182","50","119","186","245","C0034885"
"5184","2","3","5","80","81","166","52","105","349","C0034888"
"4010","2","3","3","19","221","321","428","541","667","C0034888"
"2253","2","5","7","53","14","20","25","40","186","C0034888"
"6925","2","3","12","19","31","225","142","220","298","C0034888"
"22858","2","3","7","53","14","20","34","540","68","C0034888"
"1280","2","5","7","53","51","342","454","573","492","C0034888"
"641","2","3","12","19","31","261","116","1","86","C0034888"
"8504","2","3","5","47","144","185","238","310","392","C0034888"
"3569","2","5","7","53","51","342","454","573","416","C0034895"
"3070","2","3","12","76","31","1","426","55","78","C0034895"
"7840","2","3","12","76","153","40","38","54","75","C0034895"
"2110","2","3","2","48","170","50","119","444","556","C0034895"
"9179","2","5","7","60","18","184","341","544","669","C0034895"
"2798","2","5","4","68","96","326","427","548","672","C0034933"
"540","2","5","8","63","45","23","103","464","187","C0034933"
"617","2","3","2","48","170","50","304","167","593","C0034933"
"1289","2","5","7","53","51","342","454","573","492","C0034933"
"6938","2","3","12","19","31","1","426","55","78","C0034933"
"55280","2","3","2","22","33","323","66","101","136","C0034951"
"4921","2","5","7","53","14","20","25","573","186","C0034951"
"5339","2","5","7","53","51","342","454","573","492","C0034951"
"10111","2","3","12","19","31","261","116","1","86","C0034960"
"2263","2","5","7","53","14","20","25","40","186","C0034960"
"22","2","3","2","48","170","279","423","274","154","C0035067"
"2200","2","5","7","53","51","342","454","573","492","C0035067"
"429","2","3","3","19","221","321","428","541","667","C0035067"
"2671","2","3","2","48","170","50","304","167","593","C0035067"
"4694","2","3","2","48","170","50","119","444","556","C0035067"
"2272","2","3","12","19","170","266","367","500","577","C0035067"
"23545","2","3","5","29","88","132","85","222","346","C0035067"
"5450","2","3","12","19","221","261","116","159","211","C0035067"
"6683","2","3","12","76","153","40","38","54","75","C0035067"
"4539","2","3","2","53","184","86","107","560","195","C0035204"
"540","2","5","8","63","45","23","103","464","187","C0035204"
"2132","2","3","2","74","58","112","148","193","263","C0035204"
"3426","2","5","7","53","51","119","395","549","674","C0035220"
"367","2","3","12","19","31","276","91","433","118","C0035220"
"2521","2","3","2","22","33","323","66","101","136","C0035220"
"5264","2","3","5","43","161","305","409","208","482","C0035220"
"3291","2","3","2","69","83","101","94","133","318","C0035228"
"2952","2","3","5","91","175","271","372","471","586","C0035228"
"8030","2","3","12","76","137","76","136","472","435","C0035228"
"4358","2","3","5","43","161","305","409","208","482","C0035228"
"51684","2","3","12","41","116","268","38","54","75","C0035228"
"26873","2","3","5","83","171","97","237","77","391","C0035228"
"4313","2","5","7","53","51","342","454","573","492","C0035228"
"9401","2","3","12","76","31","261","116","1","86","C0035228"
"10262","2","3","2","22","33","323","66","101","136","C0035228"
"11277","2","3","12","19","31","261","116","1","86","C0035228"
"4703","2","5","7","60","45","23","103","464","187","C0035228"
"4001","2","3","12","76","31","40","38","54","75","C0035228"
"10195","2","3","2","48","69","99","162","216","290","C0035228"
"8291","2","5","8","63","45","23","103","464","187","C0035228"
"3077","2","5","7","53","51","119","395","549","674","C0035228"
"2263","2","5","7","53","14","20","25","40","186","C0035228"
"1583","2","3","5","79","152","273","375","100","589","C0035228"
"1305","2","5","7","53","51","342","454","573","492","C0035228"
"50939","2","3","12","76","153","40","38","472","435","C0035232"
"2187","2","3","12","19","31","261","116","1","86","C0035232"
"8893","2","3","2","110","85","237","433","547","671","C0035232"
"8216","2","3","12","41","119","330","214","454","144","C0035232"
"5194","2","3","5","43","161","305","409","208","482","C0035232"
"2697","2","3","7","76","153","40","38","54","75","C0035232"
"5830","2","3","5","43","161","305","409","208","482","C0035232"
"26191","2","5","7","53","14","20","25","40","186","C0035234"
"3077","2","5","7","53","51","119","395","549","674","C0035234"
"56606","2","5","7","90","216","337","448","565","562","C0035235"
"23509","2","3","2","89","124","143","428","236","667","C0035235"
"5077","2","3","3","19","221","321","428","541","667","C0035235"
"23384","2","3","12","63","45","184","103","572","658","C0035235"
"7273","2","5","7","53","51","342","103","464","702","C0035235"
"1361","2","5","7","53","51","119","395","549","674","C0035238"
"3694","2","5","7","53","51","342","454","573","492","C0035238"
"4976","2","3","2","48","170","50","119","444","556","C0035238"
"2176","2","3","12","19","31","261","116","1","86","C0035242"
"3977","2","5","7","53","51","119","25","40","416","C0035242"
"3643","2","5","7","53","14","20","25","40","186","C0035242"
"4583","2","3","3","89","206","324","430","429","544","C0035242"
"8200","2","5","7","53","51","342","259","423","389","C0035242"
"7403","2","3","12","19","31","1","426","55","78","C0035242"
"4148","2","5","7","53","51","342","454","573","492","C0035243"
"7486","2","3","12","19","31","261","116","1","86","C0035243"
"3123","2","5","7","53","51","119","156","287","116","C0035243"
"7148","2","5","7","53","51","342","454","573","492","C0035243"
"5894","2","5","7","60","54","23","34","464","187","C0035243"
"1277","2","5","7","53","51","342","454","573","492","C0035243"
"1030","2","3","12","19","31","1","426","55","78","C0035243"
"9786","2","3","12","76","153","40","38","54","75","C0035258"
"2317","2","5","7","63","45","23","103","287","664","C0035258"
"1286","2","5","7","53","51","342","454","573","492","C0035258"
"4247","2","3","2","68","67","320","98","180","279","C0035258"
"2316","2","5","7","53","51","342","454","573","702","C0035258"
"1387","2","3","12","19","31","276","91","433","118","C0035305"
"2066","2","5","7","53","14","20","25","40","186","C0035305"
"5160","2","3","2","67","92","293","55","75","311","C0035305"
"6792","2","5","7","53","14","20","34","540","68","C0035305"
"208","2","5","7","53","14","20","34","540","68","C0035305"
"25978","2","3","2","48","57","110","141","359","462","C0035305"
"4157","2","5","4","68","96","326","427","548","672","C0035305"
"2006","2","5","7","53","51","342","454","573","492","C0035305"
"1716","2","3","2","27","36","150","221","138","188","C0035305"
"6392","2","3","2","48","170","50","119","444","556","C0035305"
"6657","2","3","12","19","221","321","428","541","667","C0035305"
"26504","2","3","5","42","81","296","399","201","274","C0035305"
"5743","2","3","5","53","175","119","167","489","416","C0035305"
"135656","2","5","4","68","96","326","188","145","193","C0035305"
"3852","2","1","6","11","142","225","142","220","298","C0035305"
"3119","2","5","7","53","153","119","156","287","116","C0035305"
"2706","2","3","12","76","153","40","38","54","75","C0035305"
"1728","2","3","2","41","116","268","434","568","605","C0035305"
"22948","2","3","12","76","137","76","136","472","435","C0035305"
"444","2","5","8","63","45","23","34","464","187","C0035305"
"55650","2","3","2","61","77","142","176","235","557","C0035305"
"871","2","5","7","53","51","342","454","573","492","C0035305"
"7399","2","5","7","53","51","342","454","573","492","C0035305"
"23321","2","5","7","53","184","119","156","287","116","C0035305"
"5626","2","3","3","19","221","321","428","541","667","C0035305"
"3835","2","3","12","76","153","40","38","54","75","C0035305"
"2705","2","3","12","76","153","40","38","54","75","C0035305"
"6521","2","5","8","35","41","199","40","415","666","C0035305"
"9049","2","3","3","41","151","276","378","271","356","C0035305"
"3763","2","5","8","63","36","166","106","110","158","C0035305"
"2990","2","3","7","34","52","216","395","549","674","C0035305"
"5781","2","5","7","53","14","20","25","40","186","C0035305"
"3766","2","5","8","63","36","166","106","110","158","C0035305"
"8626","2","3","3","19","221","321","428","541","667","C0035313"
"9820","2","3","12","41","116","268","434","468","213","C0035313"
"55505","2","3","2","110","85","237","433","547","671","C0035313"
"3569","2","5","7","53","51","342","454","573","416","C0035313"
"51715","2","5","7","60","54","24","30","46","72","C0035313"
"6716","2","3","2","69","98","169","299","50","494","C0035313"
"860","2","3","12","19","31","276","91","433","118","C0035313"
"23414","2","3","12","19","31","118","155","287","116","C0035313"
"10815","2","5","7","60","36","71","341","223","666","C0035313"
"808","2","5","8","63","45","23","103","464","187","C0035313"
"81029","2","5","3","68","221","197","259","560","422","C0035313"
"8036","2","5","7","60","54","296","399","359","658","C0035317"
"8029","2","5","7","53","51","105","139","186","245","C0035317"
"355","2","3","7","41","219","339","156","568","697","C0035317"
"6938","2","3","12","19","31","1","426","55","78","C0035317"
"3954","2","3","2","48","170","67","119","444","593","C0035317"
"4591","2","3","12","41","116","268","434","468","213","C0035317"
"9187","2","5","8","45","94","199","240","415","666","C0035320"
"473","2","3","12","19","31","1","426","55","78","C0035320"
"889","2","5","7","60","45","23","306","64","436","C0035320"
"2395","2","3","2","48","170","50","304","167","593","C0035328"
"4541","2","3","2","48","170","50","119","444","24","C0035328"
"6354","2","5","4","68","96","326","427","548","672","C0035328"
"1837","2","5","8","63","45","23","103","464","187","C0035335"
"54332","2","3","2","60","170","40","98","66","203","C0035335"
"23224","2","3","12","19","31","1","426","55","78","C0035335"
"51715","2","5","7","60","54","24","30","46","72","C0035344"
"2316","2","5","7","53","51","342","454","573","702","C0035344"
"5830","2","3","5","43","161","305","409","208","482","C0035344"
"3892","2","1","6","11","142","225","142","220","298","C0035344"
"284403","2","3","12","48","57","110","141","359","462","C0035372"
"4322","2","5","7","53","51","342","454","573","492","C0035372"
"6390","2","3","2","48","170","50","119","444","556","C0035372"
"51098","2","3","12","76","153","40","38","54","75","C0035372"
"91851","2","5","7","53","51","342","454","573","492","C0035372"
"3691","2","5","7","53","51","342","454","573","492","C0035372"
"3239","2","3","3","19","221","321","428","541","667","C0035410"
"1235","2","5","4","68","96","326","427","548","672","C0035410"
"3481","2","5","7","53","51","342","454","573","492","C0035410"
"54894","2","3","12","41","221","197","259","499","422","C0035410"
"9037","2","5","7","53","51","342","454","560","492","C0035410"
"64711","2","3","2","74","58","112","148","499","665","C0035410"
"10102","2","3","2","48","182","67","76","463","153","C0035410"
"4915","2","5","7","53","14","20","25","40","186","C0035410"
"9241","2","5","7","53","51","342","259","423","389","C0035410"
"23533","2","3","2","53","14","20","25","362","468","C0035410"
"1497","2","5","2","63","182","50","103","297","628","C0035410"
"2177","2","3","2","110","90","261","431","545","443","C0035410"
"6496","2","3","3","19","221","321","428","541","667","C0035410"
"7076","2","5","7","53","51","342","454","573","492","C0035410"
"6716","2","3","2","69","98","169","299","50","494","C0035410"
"3565","2","5","7","53","51","119","25","489","416","C0035412"
"3766","2","5","8","63","36","166","106","110","158","C0035412"
"238","2","5","7","53","14","20","25","40","186","C0035412"
"2629","2","3","5","80","81","250","291","152","420","C0035412"
"9215","2","5","2","27","36","150","430","215","628","C0035412"
"5727","2","3","12","68","221","197","259","560","422","C0035412"
"1837","2","5","8","63","45","23","103","464","187","C0035412"
"2263","2","5","7","53","14","20","25","40","186","C0035412"
"7297","2","5","7","53","184","119","25","40","186","C0035412"
"1593","2","3","5","79","152","273","157","333","277","C0035412"
"4594","2","3","7","48","92","261","116","186","245","C0035412"
"342371","2","3","6","22","142","225","366","362","468","C0035412"
"4625","2","3","8","63","45","23","103","464","187","C0035412"
"8514","2","5","7","34","52","216","395","549","674","C0035412"
"4361","2","3","12","19","31","261","116","1","86","C0035412"
"1387","2","3","12","19","31","276","91","433","118","C0035455"
"3954","2","3","2","48","170","67","119","444","593","C0035455"
"5573","2","3","12","19","184","118","155","287","116","C0035455"
"200879","2","3","5","116","183","295","398","552","622","C0035455"
"6736","2","3","12","19","31","276","91","433","667","C0035455"
"6890","2","3","12","41","184","119","156","568","116","C0035455"
"5468","2","3","3","19","151","276","91","433","118","C0035455"
"1499","2","3","12","19","221","197","259","560","422","C0035455"
"6899","2","5","7","53","184","335","259","560","373","C0035455"
"10","2","3","12","91","214","261","116","1","86","C0035455"
"5052","2","3","5","80","81","110","141","359","229","C0035455"
"5830","2","3","5","43","161","305","409","208","482","C0035455"
"695","2","5","7","53","14","20","25","40","186","C0035455"
"5605","2","5","7","53","14","20","34","540","68","C0035455"
"4524","2","3","2","15","166","104","369","117","583","C0035579"
"2261","2","5","7","53","14","20","25","40","186","C0035579"
"158","2","3","4","96","177","61","373","341","142","C0035579"
"641","2","3","12","19","31","261","116","1","86","C0035579"
"5396","2","3","3","19","221","321","428","541","667","C0035579"
"3274","2","5","4","68","96","326","427","548","672","C0035579"
"2969","2","3","12","19","31","276","91","433","118","C0035579"
"3852","2","1","6","11","142","225","142","220","298","C0035579"
"5327","2","5","7","53","51","342","454","573","492","C0035579"
"3664","2","5","7","53","184","119","156","287","116","C0035579"
"3190","2","3","2","22","33","323","66","101","136","C0035579"
"1410","2","3","12","63","45","23","38","54","187","C0035579"
"6499","2","3","2","110","85","237","433","547","671","C0035579"
"50640","2","3","5","116","183","295","398","243","327","C0035579"
"9409","2","3","5","43","161","305","409","208","482","C0035579"
"4041","2","5","3","68","221","197","259","560","422","C0035579"
"4128","2","3","5","80","81","119","402","489","416","C0035579"
"51684","2","3","12","41","116","268","38","54","75","C0035619"
"8842","2","5","5","53","82","147","184","179","328","C0035619"
"8565","2","3","2","110","85","237","433","547","154","C0035619"
"2799","2","3","7","34","52","216","395","549","33","C0035828"
"5889","2","3","12","19","31","261","116","1","86","C0035828"
"3265","2","5","7","60","54","24","30","46","72","C0035828"
"8481","2","3","12","76","153","40","38","54","75","C0035828"
"9569","2","3","12","19","31","276","91","433","118","C0035828"
"2188","2","3","12","19","31","261","116","1","86","C0035828"
"217","2","3","5","75","120","200","75","230","309","C0035828"
"2255","2","5","7","53","14","20","25","40","186","C0035828"
"2260","2","5","7","53","14","20","25","40","186","C0035828"
"1356","2","3","7","53","51","342","454","573","492","C0035828"
"2068","2","3","12","19","31","261","116","159","211","C0035828"
"1663","2","3","12","76","105","178","226","297","380","C0035828"
"6916","2","3","5","91","175","119","167","224","301","C0035828"
"10682","2","5","4","68","96","326","48","69","204","C0035828"
"2581","2","3","5","80","81","250","291","152","420","C0035854"
"56246","2","5","4","68","96","326","427","548","672","C0035854"
"55636","2","3","3","19","221","321","428","423","389","C0035854"
"8813","2","3","2","48","116","142","136","280","363","C0035854"
"3977","2","5","7","53","51","119","25","40","416","C0035934"
"94","2","5","7","53","51","342","259","423","389","C0035934"
"51684","2","3","12","41","116","268","38","54","75","C0036202"
"1277","2","5","7","53","51","342","454","573","492","C0036202"
"9420","2","3","5","79","159","256","215","282","366","C0036202"
"5274","2","5","7","68","51","342","454","573","492","C0036202"
"7518","2","3","12","19","31","261","116","1","86","C0036202"
"10484","2","3","7","60","153","40","38","54","203","C0036202"
"5468","2","3","3","19","151","276","91","433","118","C0036202"
"3265","2","5","7","60","54","24","30","46","72","C0036202"
"1301","2","5","7","53","51","342","454","573","492","C0036202"
"84560","2","5","6","27","184","261","116","287","116","C0036323"
"9632","2","3","7","60","153","40","38","54","203","C0036323"
"79944","2","3","2","48","170","50","119","220","298","C0036323"
"773","2","5","8","27","36","166","341","223","628","C0036330"
"4976","2","3","2","48","170","50","119","444","556","C0036330"
"58","2","5","8","63","45","23","103","464","187","C0036330"
"1289","2","5","7","53","51","342","454","573","492","C0036337"
"249","2","3","5","27","51","335","444","560","373","C0036337"
"11311","2","3","12","19","31","118","155","287","116","C0036337"
"3991","2","3","5","80","81","166","57","83","658","C0036337"
"9401","2","3","12","76","31","261","116","1","86","C0036337"
"2121","2","3","12","41","116","268","434","568","605","C0036337"
"10585","2","5","2","27","206","324","430","215","290","C0036337"
"6913","2","3","3","19","221","321","428","541","667","C0036337"
"183","2","5","4","68","96","326","427","548","672","C0036337"
"9401","2","3","12","76","31","261","116","1","86","C0036337"
"4352","2","5","7","53","14","20","25","40","186","C0036337"
"2517","2","3","7","34","52","216","395","549","674","C0036337"
"4036","2","5","7","60","14","184","341","544","669","C0036337"
"54209","2","5","7","53","51","119","395","549","674","C0036337"
"11340","2","3","2","110","85","237","433","547","671","C0036337"
"1062","2","3","12","76","153","40","38","54","75","C0036337"
"9607","2","5","4","68","96","326","427","548","672","C0036337"
"5728","2","3","5","80","81","339","156","568","605","C0036337"
"1410","2","3","12","63","45","23","38","54","187","C0036337"
"1080","2","3","12","41","219","339","156","544","669","C0036337"
"6197","2","3","12","19","14","20","34","540","68","C0036344"
"308","2","5","7","53","51","342","454","573","702","C0036344"
"5568","2","3","12","53","14","20","34","540","68","C0036344"
"55112","2","3","12","76","153","40","38","54","75","C0036344"
"1146","2","5","8","27","70","99","162","216","290","C0036349"
"2752","2","3","2","101","62","189","182","509","409","C0036349"
"4621","2","5","8","63","45","23","103","464","187","C0036349"
"4613","2","3","12","19","31","1","426","55","78","C0036349"
"10000","2","5","7","53","14","20","34","540","68","C0036349"
"5265","2","5","7","34","52","216","395","573","702","C0036349"
"5476","2","3","7","34","52","216","395","152","310","C0036349"
"1146","2","5","8","27","70","99","162","216","290","C0036349"
"140691","2","3","12","41","116","268","434","468","213","C0036349"
"2316","2","5","7","53","51","342","454","573","702","C0036349"
"3106","2","5","7","34","52","119","395","549","674","C0036349"
"2201","2","5","7","53","51","342","454","573","492","C0036349"
"7421","2","3","3","19","151","276","91","433","118","C0036349"
"23495","2","3","12","41","219","339","156","568","697","C0036349"
"1908","2","5","4","68","96","326","427","548","672","C0036349"
"2736","2","3","12","41","116","321","428","54","667","C0036349"
"9321","2","3","12","76","153","40","38","54","203","C0036349"
"10269","2","3","2","48","182","50","119","444","556","C0036351"
"8200","2","5","7","53","51","342","259","423","389","C0036351"
"5657","2","5","7","34","52","216","395","549","674","C0036400"
"7473","2","5","3","68","221","197","259","560","422","C0036400"
"3458","2","5","7","53","184","119","156","287","116","C0036420"
"5424","2","3","12","19","31","261","116","1","86","C0036420"
"6598","2","3","12","19","31","1","426","55","78","C0036420"
"26119","2","5","7","60","14","184","341","544","669","C0036421"
"8200","2","5","7","53","51","342","259","423","389","C0036421"
"6792","2","5","7","53","14","20","34","540","68","C0036421"
"2719","2","5","7","53","51","342","454","573","492","C0036421"
"2130","2","3","2","22","33","323","66","491","609","C0036421"
"7136","2","5","8","63","45","23","103","464","187","C0036421"
"5310","2","5","7","53","51","335","444","560","373","C0036421"
"1368","2","5","5","27","51","335","444","560","373","C0036421"
"1026","2","3","12","19","31","1","116","489","416","C0036421"
"1299","2","5","7","53","51","342","454","573","492","C0036421"
"4287","2","3","12","41","116","268","434","468","215","C0036421"
"8200","2","5","7","53","51","342","259","423","389","C0036439"
"613","2","5","7","60","54","24","30","46","72","C0036439"
"2316","2","5","7","53","51","342","454","573","702","C0036454"
"2263","2","5","7","53","14","20","25","40","186","C0036454"
"5919","2","5","7","53","51","342","454","573","702","C0036454"
"10847","2","3","12","19","31","1","426","55","78","C0036454"
"26040","2","3","12","19","31","1","116","297","78","C0036454"
"2705","2","3","12","76","153","40","38","54","75","C0036454"
"5994","2","3","12","19","31","276","91","491","118","C0036454"
"5308","2","3","3","19","221","321","428","541","667","C0036454"
"5290","2","3","7","53","14","20","25","40","186","C0036454"
"2693","2","5","4","68","96","326","427","548","672","C0036454"
"2956","2","3","12","19","31","261","116","1","86","C0036454"
"8220","2","3","2","22","33","323","66","101","136","C0036457"
"3605","2","5","7","53","51","119","25","489","416","C0036457"
"6469","2","5","3","53","221","197","259","560","422","C0036457"
"6785","2","3","5","67","7","5","239","311","393","C0036489"
"3730","2","5","7","53","14","20","25","40","186","C0036489"
"51124","2","5","4","68","96","326","427","548","672","C0036489"
"7161","2","3","12","19","31","1","402","148","624","C0036489"
"6392","2","3","2","48","170","50","119","444","556","C0036489"
"5002","2","5","8","45","94","199","240","415","666","C0036508"
"6144","2","3","2","110","85","237","433","547","671","C0036508"
"3930","2","3","2","22","33","323","66","3","464","C0036508"
"4487","2","3","3","19","221","321","428","541","667","C0036508"
"8481","2","3","12","76","153","40","38","54","75","C0036508"
"54361","2","5","3","68","221","197","259","560","422","C0036508"
"5921","2","5","7","60","14","24","25","40","215","C0036508"
"2892","2","5","8","63","36","166","106","110","158","C0036508"
"84631","2","5","7","53","51","335","444","560","373","C0036508"
"3889","2","1","6","11","142","225","142","220","298","C0036508"
"3643","2","5","7","53","14","20","25","40","186","C0036508"
"23220","2","3","7","53","219","143","428","236","667","C0036508"
"2922","2","5","4","68","96","326","427","548","672","C0036508"
"3737","2","5","8","63","36","166","106","110","158","C0036601"
"3717","2","5","7","53","14","20","25","40","186","C0036601"
"546","2","3","12","19","31","261","426","1","86","C0036601"
"3762","2","5","8","63","36","166","106","110","158","C0036601"
"8822","2","5","7","53","14","20","25","40","186","C0036601"
"7855","2","5","3","68","221","197","259","560","422","C0036601"
"7469","2","3","12","19","31","261","116","159","211","C0036601"
"54808","2","3","12","76","153","40","38","54","75","C0036601"
"9150","2","3","12","19","31","261","116","159","211","C0036601"
"1499","2","3","12","19","221","197","259","560","422","C0036601"
"2261","2","5","7","53","14","20","25","40","186","C0036601"
"5966","2","3","12","41","219","339","156","568","621","C0036601"
"57545","2","3","12","76","153","40","38","54","75","C0036601"
"3718","2","5","7","53","14","20","25","40","186","C0036601"
"29940","2","5","7","53","51","342","454","573","492","C0036631"
"94","2","5","7","53","51","342","259","423","389","C0036631"
"5828","2","3","5","43","161","305","409","208","482","C0036631"
"7066","2","5","7","53","51","119","25","573","416","C0036631"
"4261","2","3","12","53","184","119","156","287","116","C0036631"
"6712","2","5","7","60","153","40","341","223","203","C0036651"
"6498","2","5","7","53","221","342","259","423","389","C0036651"
"3930","2","3","2","22","33","323","66","3","464","C0036651"
"5788","2","5","7","34","52","216","395","549","674","C0036651"
"25814","2","3","2","48","170","110","119","444","462","C0036651"
"1301","2","5","7","53","51","342","454","573","492","C0036651"
"10195","2","3","2","48","69","99","162","216","290","C0036651"
"7140","2","5","8","63","45","23","103","464","187","C0036651"
"6391","2","3","2","48","170","50","119","444","556","C0036651"
"1674","2","5","8","63","45","23","103","464","187","C0036651"
"22933","2","3","12","19","31","1","91","433","78","C0036690"
"5468","2","3","3","19","151","276","91","433","118","C0036690"
"673","2","5","7","53","14","20","34","540","68","C0036690"
"51218","2","3","2","48","170","50","119","100","556","C0036690"
"6905","2","3","12","76","153","40","38","54","75","C0036690"
"51702","2","3","12","19","31","1","426","55","78","C0036690"
"2253","2","5","7","53","14","20","25","40","186","C0036875"
"53834","2","5","7","53","51","342","454","573","492","C0036875"
"673","2","5","7","53","14","20","34","540","68","C0036875"
"29929","2","3","2","48","69","99","162","216","290","C0036875"
"6011","2","5","7","53","14","20","34","540","68","C0036875"
"51098","2","3","12","76","153","40","38","54","75","C0036920"
"54","2","3","5","80","81","178","195","256","342","C0036920"
"7040","2","5","7","53","51","342","454","573","492","C0036920"
"23742","2","5","5","68","96","326","427","447","586","C0036920"
"19","2","3","3","19","151","276","91","433","118","C0036920"
"4540","2","3","2","48","170","50","119","444","556","C0036920"
"2260","2","5","7","53","14","20","25","40","186","C0036920"
"4221","2","3","12","19","31","342","454","573","492","C0036920"
"4358","2","3","5","43","161","305","409","208","482","C0036920"
"7290","2","3","12","19","31","1","426","55","78","C0036920"
"387","2","5","7","60","54","24","30","46","72","C0036920"
"51082","2","3","2","19","31","1","426","55","78","C0036920"
"29978","2","5","7","60","116","268","341","544","669","C0036920"
"6873","2","3","12","19","31","261","116","159","211","C0036920"
"1062","2","3","12","76","153","40","38","54","75","C0036920"
"1778","2","3","7","76","153","40","38","54","75","C0036920"
"2444","2","5","7","34","52","216","395","549","674","C0036920"
"1967","2","3","2","110","85","237","433","547","671","C0036920"
"2697","2","3","7","76","153","40","38","54","75","C0036920"
"1401","2","5","7","53","51","119","395","573","492","C0036920"
"2132","2","3","2","74","58","112","148","193","263","C0036920"
"150094","2","3","3","53","14","20","34","540","68","C0036920"
"10558","2","3","2","50","47","39","100","321","209","C0036920"
"4763","2","5","7","60","54","24","30","46","214","C0036920"
"51082","2","3","2","19","31","1","426","55","78","C0036920"
"6327","2","5","7","63","36","166","341","223","158","C0036920"
"3663","2","3","12","53","184","119","156","287","116","C0036920"
"6663","2","3","3","19","221","321","428","541","667","C0036939"
"4803","2","5","7","60","54","24","30","46","72","C0036939"
"2944","2","3","5","91","175","271","372","471","586","C0036939"
"8626","2","3","3","19","221","321","428","541","667","C0036939"
"1281","2","5","7","53","51","342","454","573","492","C0036939"
"5191","2","3","5","43","161","305","409","208","482","C0036980"
"2121","2","3","12","41","116","268","434","568","605","C0036980"
"6535","2","5","8","45","94","199","240","415","666","C0036980"
"2697","2","3","7","76","153","40","38","54","75","C0036982"
"1103","2","3","2","67","92","293","55","75","311","C0036982"
"7046","2","3","12","41","219","339","259","423","605","C0036982"
"3242","2","3","5","67","92","293","55","308","390","C0036982"
"7015","2","3","12","19","31","1","426","55","78","C0036982"
"2646","2","3","12","22","33","323","66","101","664","C0036982"
"8516","2","5","7","53","51","342","454","573","492","C0036982"
"2395","2","3","2","48","170","50","304","167","593","C0036983"
"207","2","3","7","53","14","20","34","489","416","C0036983"
"7461","2","3","7","60","153","40","38","93","75","C0036983"
"7084","2","3","2","72","109","115","62","268","353","C0036983"
"7248","2","3","2","48","57","110","141","359","462","C0036983"
"7832","2","3","12","110","85","198","261","146","118","C0036996"
"22800","2","5","7","60","54","24","30","46","72","C0036996"
"9871","2","3","7","60","153","40","38","54","203","C0037036"
"8642","2","5","7","53","51","335","444","560","373","C0037036"
"3149","2","3","2","48","57","110","378","370","664","C0037036"
"2692","2","5","4","68","96","326","427","548","672","C0037036"
"1280","2","5","7","53","51","342","454","573","492","C0037036"
"4915","2","5","7","53","14","20","25","40","186","C0037036"
"695","2","5","7","53","14","20","25","40","186","C0037036"
"5034","2","5","7","53","51","342","454","573","492","C0037036"
"6016","2","5","7","60","54","24","30","46","72","C0037036"
"3918","2","5","7","53","51","342","454","573","492","C0037036"
"3758","2","5","8","63","36","166","106","110","158","C0037036"
"3952","2","5","3","53","151","276","91","433","118","C0037036"
"5573","2","3","12","19","184","118","155","287","116","C0037036"
"7473","2","5","3","68","221","197","259","560","422","C0037036"
"3845","2","5","7","60","54","24","30","46","72","C0037036"
"22868","2","3","2","48","182","67","76","463","153","C0037036"
"4157","2","5","4","68","96","326","427","548","672","C0037036"
"2271","2","3","5","80","81","166","170","226","305","C0037036"
"50846","2","3","3","68","221","197","259","560","422","C0037036"
"3516","2","3","12","19","31","143","428","236","667","C0037036"
"7353","2","3","12","41","219","339","156","568","605","C0037036"
"2263","2","5","7","53","14","20","25","40","186","C0037036"
"652","2","5","7","53","51","342","454","573","492","C0037036"
"5167","2","3","5","32","93","163","207","303","126","C0037036"
"5894","2","5","7","60","54","23","34","464","187","C0037036"
"2218","2","5","2","53","123","194","255","560","373","C0037036"
"8625","2","3","12","19","31","276","91","236","118","C0037036"
"3508","2","3","12","19","31","261","116","1","86","C0037036"
"7432","2","5","4","68","96","326","427","548","672","C0037052"
"6833","2","5","8","45","36","166","240","415","666","C0037052"
"26503","2","3","2","89","124","204","272","347","442","C0037052"
"5896","2","3","12","41","116","268","434","568","605","C0037052"
"9780","2","3","2","48","96","326","246","444","666","C0037116"
"3759","2","5","8","63","36","166","106","110","158","C0037116"
"3594","2","5","7","53","51","119","25","560","373","C0037116"
"5743","2","3","5","53","175","119","167","489","416","C0037116"
"6867","2","3","12","76","153","40","38","54","75","C0037116"
"4148","2","5","7","53","51","342","454","573","492","C0037116"
"5818","2","5","7","53","51","335","444","560","373","C0037116"
"7054","2","3","5","80","81","166","34","258","345","C0037198"
"51741","2","3","2","22","33","323","66","101","127","C0037198"
"3914","2","5","7","53","51","342","454","573","492","C0037221"
"1893","2","5","7","53","51","342","454","573","702","C0037221"
"5818","2","5","7","53","51","335","444","560","373","C0037221"
"1280","2","5","7","53","51","342","454","573","492","C0037221"
"6925","2","3","12","19","31","225","142","220","298","C0037221"
"7124","2","3","12","41","219","339","156","568","697","C0037221"
"29078","2","3","2","48","170","50","119","444","556","C0037221"
"2261","2","5","7","53","14","20","25","40","186","C0037221"
"959","2","5","7","53","51","119","395","549","674","C0037221"
"859","2","5","8","63","45","23","103","464","187","C0037221"
"6833","2","5","8","45","36","166","240","415","666","C0037221"
"5696","2","3","12","41","116","268","156","568","116","C0037221"
"3691","2","5","7","53","51","342","454","573","492","C0037221"
"5605","2","5","7","53","14","20","34","540","68","C0037221"
"3284","2","3","2","69","98","169","299","183","243","C0037221"
"5727","2","3","12","68","221","197","259","560","422","C0037221"
"27245","2","3","6","22","142","225","366","362","468","C0037221"
"1387","2","3","12","19","31","276","91","433","118","C0037221"
"1080","2","3","12","41","219","339","156","544","669","C0037287"
"959","2","5","7","53","51","119","395","549","674","C0037287"
"9394","2","3","2","74","58","112","148","193","263","C0037287"
"4597","2","3","3","72","151","276","91","433","118","C0037293"
"26040","2","3","12","19","31","1","116","297","78","C0037293"
"27249","2","3","2","48","182","50","119","186","245","C0037293"
"4153","2","5","7","53","51","119","395","549","674","C0037293"
"6774","2","3","12","53","14","276","25","489","416","C0037293"
"1636","2","3","5","80","81","166","397","418","568","C0037293"
"26160","2","3","12","76","153","40","38","54","75","C0037293"
"3315","2","3","12","41","181","160","362","402","215","C0037293"
"1832","2","5","7","34","52","225","142","220","298","C0037293"
"1513","2","5","7","53","51","342","454","573","492","C0037293"
"1760","2","5","8","63","14","20","34","540","68","C0037301"
"2022","2","5","7","53","51","342","259","423","389","C0037301"
"7517","2","3","12","19","31","261","116","1","86","C0037301"
"3115","2","5","7","53","184","119","156","287","116","C0037301"
"11277","2","3","12","19","31","261","116","1","86","C0037301"
"4914","2","3","2","22","18","266","202","252","252","C0037301"
"2260","2","5","7","53","14","20","25","40","186","C0037301"
"554","2","5","4","68","96","326","427","548","672","C0037315"
"8644","2","3","2","46","175","227","167","224","301","C0037315"
"8481","2","3","12","76","153","40","38","54","75","C0037315"
"3239","2","3","3","19","221","321","428","541","667","C0037315"
"9581","2","3","5","27","36","150","76","223","628","C0037315"
"326","2","3","12","19","31","261","377","370","269","C0037315"
"6275","2","3","12","34","52","216","156","572","697","C0037315"
"2189","2","3","12","19","31","261","116","1","86","C0037315"
"4851","2","3","12","19","221","143","428","236","667","C0037315"
"2673","2","3","2","110","94","178","226","297","380","C0037315"
"9361","2","3","2","48","170","50","119","444","556","C0037315"
"1302","2","5","7","53","51","342","454","573","492","C0037315"
"1584","2","3","5","79","159","256","276","353","456","C0037315"
"6519","2","3","5","45","94","199","240","415","666","C0037315"
"3712","2","3","2","48","170","50","119","444","556","C0037579"
"7249","2","3","7","60","57","110","141","359","462","C0037579"
"2261","2","5","7","53","14","20","25","40","186","C0037579"
"3123","2","5","7","53","51","119","156","287","116","C0037763"
"5290","2","3","7","53","14","20","25","40","186","C0037763"
"595","2","3","12","19","31","1","426","489","416","C0037763"
"5328","2","5","7","34","52","216","395","549","674","C0037763"
"1026","2","3","12","19","31","1","116","489","416","C0037763"
"6863","2","5","4","68","96","326","427","548","672","C0037763"
"79797","2","3","2","11","142","225","214","220","144","C0037769"
"6605","2","3","12","19","31","1","426","55","78","C0037769"
"203286","2","5","7","50","30","193","306","148","624","C0037769"
"8985","2","5","7","53","51","342","454","573","492","C0037769"
"6794","2","3","12","53","14","20","34","540","68","C0037769"
"477","2","3","8","63","45","23","103","464","187","C0037769"
"5476","2","3","7","34","52","216","395","152","310","C0037769"
"3425","2","3","5","80","81","166","454","573","492","C0037769"
"6235","2","3","2","110","85","237","433","547","671","C0037769"
"2736","2","3","12","41","116","321","428","54","667","C0037769"
"1840","2","3","12","41","124","143","428","236","667","C0037769"
"54487","2","3","2","22","33","323","66","101","136","C0037769"
"5071","2","3","12","41","116","268","434","468","213","C0037769"
"4842","2","3","5","63","45","71","177","464","219","C0037769"
"1586","2","3","5","79","98","256","335","425","540","C0037769"
"3981","2","3","12","19","31","261","116","1","86","C0037769"
"3145","2","3","5","80","81","166","132","175","473","C0037769"
"6197","2","3","12","19","14","20","34","540","68","C0037769"
"10806","2","3","12","76","153","40","38","54","75","C0037771"
"2898","2","5","8","63","36","71","106","223","219","C0037771"
"5961","2","5","7","27","51","326","126","414","702","C0037771"
"54101","2","3","2","48","170","50","347","167","593","C0037771"
"4261","2","3","12","53","184","119","156","287","116","C0037771"
"2294","2","3","3","19","221","321","428","541","667","C0037771"
"1440","2","5","7","53","51","119","25","489","416","C0037771"
"5080","2","3","3","19","221","321","428","541","667","C0037771"
"1636","2","3","5","80","81","166","397","418","568","C0037771"
"2645","2","3","2","90","167","266","367","101","664","C0037771"
"4221","2","3","12","19","31","342","454","573","492","C0037771"
"55315","2","3","5","80","81","296","62","94","150","C0037771"
"2056","2","5","7","53","51","119","25","40","186","C0037771"
"7852","2","5","4","68","96","326","427","548","672","C0037771"
"2261","2","5","7","53","14","20","25","40","186","C0037771"
"5313","2","3","2","90","167","321","428","541","115","C0037771"
"2982","2","3","4","68","96","326","427","548","672","C0037773"
"2138","2","3","12","19","31","1","426","55","78","C0037773"
"9640","2","3","12","19","31","261","116","159","211","C0037773"
"1535","2","5","7","34","52","216","395","549","674","C0037773"
"7124","2","3","12","41","219","339","156","568","697","C0037773"
"5727","2","3","12","68","221","197","259","560","422","C0037859"
"4221","2","3","12","19","31","342","454","573","492","C0037859"
"658","2","5","7","53","51","342","259","423","389","C0037889"
"6125","2","3","2","110","85","237","433","547","671","C0037889"
"54","2","3","5","80","81","178","195","256","342","C0037889"
"825","2","5","7","53","51","342","454","573","492","C0037889"
"1312","2","3","2","87","79","105","426","129","25","C0037889"
"7249","2","3","7","60","57","110","141","359","462","C0037889"
"5193","2","3","5","43","161","305","409","208","482","C0037889"
"7021","2","3","12","19","31","261","91","433","664","C0037889"
"4683","2","3","12","19","31","261","116","1","86","C0037917"
"3851","2","3","12","76","153","40","38","54","75","C0037917"
"6448","2","3","5","74","160","294","376","453","567","C0037921"
"367","2","3","12","19","31","276","91","433","118","C0037921"
"1757","2","3","2","19","31","1","426","55","78","C0037921"
"7466","2","5","7","53","51","342","454","573","492","C0037921"
"51738","2","5","4","68","96","326","427","548","672","C0037921"
"145226","2","3","2","69","83","101","126","170","224","C0037926"
"55703","2","3","2","22","33","261","116","159","211","C0037926"
"1188","2","5","8","63","45","23","34","464","187","C0037926"
"6335","2","5","8","63","36","166","341","390","158","C0037926"
"3106","2","5","7","34","52","119","395","549","674","C0037926"
"7461","2","3","7","60","153","40","38","93","75","C0037926"
"3849","2","1","6","11","142","225","142","220","298","C0037926"
"1617","2","3","2","22","33","323","66","101","468","C0037926"
"3908","2","5","7","53","51","342","454","573","492","C0037926"
"5159","2","5","7","53","14","20","25","40","186","C0037926"
"355","2","3","7","41","219","339","156","568","697","C0037928"
"2767","2","5","4","68","96","326","427","548","672","C0037928"
"2733","2","3","2","22","33","323","66","101","664","C0037928"
"5091","2","3","2","35","40","130","166","57","435","C0037930"
"10269","2","3","2","48","182","50","119","444","556","C0037930"
"4054","2","5","7","53","51","342","454","573","492","C0037997"
"58","2","5","8","63","45","23","103","464","187","C0037997"
"5830","2","3","5","43","161","305","409","208","482","C0037997"
"2538","2","3","5","90","216","333","438","561","689","C0038013"
"5551","2","5","7","53","51","119","395","549","674","C0038013"
"23230","2","5","7","11","142","71","341","560","219","C0038013"
"5894","2","5","7","60","54","23","34","464","187","C0038013"
"1302","2","5","7","53","51","342","454","573","492","C0038013"
"3593","2","5","7","53","51","119","25","489","416","C0038013"
"51004","2","3","5","48","74","135","171","227","63","C0038013"
"9394","2","3","2","74","58","112","148","193","263","C0038013"
"7157","2","3","12","19","31","261","402","489","551","C0038013"
"3248","2","3","2","69","83","133","167","224","301","C0038013"
"478","2","3","8","63","45","23","366","464","187","C0038013"
"4054","2","5","7","53","51","342","454","573","492","C0038013"
"1280","2","5","7","53","51","342","454","573","492","C0038015"
"6736","2","3","12","19","31","276","91","433","667","C0038015"
"3845","2","5","7","60","54","24","30","46","72","C0038015"
"2033","2","3","12","19","31","1","91","433","118","C0038015"
"3458","2","5","7","53","184","119","156","287","116","C0038015"
"3955","2","5","8","89","124","143","428","236","667","C0038015"
"10128","2","3","2","48","170","50","119","444","556","C0038015"
"6913","2","3","3","19","221","321","428","541","667","C0038016"
"6628","2","3","2","22","33","323","66","101","136","C0038016"
"5395","2","3","12","19","31","261","116","1","86","C0038016"
"2879","2","3","5","80","81","166","378","173","229","C0038016"
"2581","2","3","5","80","81","250","291","152","420","C0038016"
"9096","2","5","7","53","51","335","259","560","373","C0038016"
"6595","2","3","12","19","31","1","426","55","78","C0038016"
"7389","2","3","2","17","24","51","132","210","123","C0038018"
"5896","2","3","12","41","116","268","434","568","605","C0038018"
"6326","2","5","8","63","36","166","341","390","158","C0038018"
"10564","2","5","7","60","54","24","30","46","72","C0038018"
"1301","2","5","7","53","51","342","454","573","492","C0038018"
"1308","2","5","7","53","51","119","454","573","492","C0038160"
"60","2","3","12","60","45","184","155","287","78","C0038160"
"25836","2","3","12","76","153","40","38","54","75","C0038160"
"6355","2","5","4","68","96","326","427","548","672","C0038160"
"2235","2","3","2","17","24","51","132","175","473","C0038238"
"2811","2","5","7","53","51","1","454","573","78","C0038238"
"3162","2","3","5","53","51","119","402","489","416","C0038238"
"2798","2","5","4","68","96","326","427","548","672","C0038238"
"8200","2","5","7","53","51","342","259","423","389","C0038238"
"2483","2","3","2","22","33","323","66","101","136","C0038238"
"51085","2","3","2","48","57","110","141","359","462","C0038238"
"26227","2","3","2","41","137","44","208","81","108","C0038238"
"590","2","3","5","85","143","286","51","488","604","C0038238"
"9968","2","4","3","24","119","330","214","454","144","C0038238"
"10225","2","5","7","53","51","119","395","549","674","C0038238"
"2259","2","5","8","63","36","166","341","223","158","C0038238"
"355","2","3","7","41","219","339","156","568","697","C0038238"
"6201","2","3","2","110","85","237","433","547","671","C0038238"
"3481","2","5","7","53","51","342","454","573","492","C0038238"
"5091","2","3","2","35","40","130","166","57","435","C0038238"
"26040","2","3","12","19","31","1","116","297","78","C0038238"
"4669","2","3","5","80","81","166","454","453","492","C0038325"
"865","2","3","12","19","31","1","426","55","78","C0038325"
"2737","2","3","12","19","116","321","428","54","667","C0038325"
"3736","2","5","8","63","36","166","106","110","158","C0038325"
"3075","2","5","7","53","51","119","395","549","674","C0038325"
"6915","2","5","4","68","96","326","427","548","672","C0038325"
"7291","2","3","12","19","151","276","91","489","416","C0038325"
"7040","2","5","7","53","51","342","454","573","492","C0038325"
"7148","2","5","7","53","51","342","454","573","492","C0038325"
"2969","2","3","12","19","31","276","91","433","118","C0038325"
"54903","2","3","12","76","153","40","38","54","75","C0038325"
"4000","2","3","12","26","105","178","226","297","156","C0038325"
"3026","2","5","7","68","51","119","395","549","674","C0038325"
"3481","2","5","7","53","51","342","454","573","492","C0038325"
"11020","2","5","7","60","54","24","30","46","72","C0038325"
"10555","2","3","7","34","52","216","395","549","622","C0038325"
"6899","2","5","7","53","184","335","259","560","373","C0038325"
"5605","2","5","7","53","14","20","34","540","68","C0038325"
"5832","2","3","2","101","62","189","182","509","252","C0038325"
"10329","2","3","2","63","123","194","423","536","544","C0038325"
"9949","2","3","2","22","33","225","142","220","298","C0038325"
"133396","2","5","7","53","51","119","25","40","416","C0038325"
"7840","2","3","12","76","153","40","38","54","75","C0038325"
"55135","2","3","12","76","137","76","136","472","435","C0038325"
"5743","2","3","5","53","175","119","167","489","416","C0038325"
"6198","2","3","7","53","14","20","34","540","68","C0038325"
"51259","2","3","2","76","153","40","38","54","75","C0038325"
"6575","2","3","8","45","94","199","240","415","666","C0038325"
"4853","2","3","12","19","124","143","428","236","667","C0038325"
"6870","2","5","4","68","96","326","427","548","672","C0038325"
"5339","2","5","7","53","51","342","454","573","492","C0038354"
"6495","2","3","3","19","221","321","428","541","667","C0038354"
"5190","2","3","5","43","161","305","409","208","482","C0038358"
"9517","2","3","2","50","47","39","100","321","638","C0038358"
"4351","2","3","2","90","167","266","367","500","577","C0038358"
"5071","2","3","12","41","116","268","434","468","213","C0038358"
"1299","2","5","7","53","51","342","454","573","492","C0038358"
"3800","2","5","7","27","36","150","341","223","628","C0038358"
"6496","2","3","3","19","221","321","428","541","667","C0038358"
"885","2","5","4","68","96","326","427","548","672","C0038358"
"25836","2","3","12","76","153","40","38","54","75","C0038358"
"5335","2","3","7","53","14","20","25","40","186","C0038358"
"7681","2","3","12","41","116","268","434","468","213","C0038358"
"54808","2","3","12","76","153","40","38","54","75","C0038358"
"6786","2","5","8","63","45","23","103","464","187","C0038358"
"5008","2","5","7","53","51","119","25","489","416","C0038358"
"7469","2","3","12","19","31","261","116","159","211","C0038358"
"4854","2","5","7","53","51","143","428","236","667","C0038358"
"1969","2","5","7","53","14","20","25","560","186","C0038358"
"1636","2","3","5","80","81","166","397","418","568","C0038358"
"3759","2","5","8","63","36","166","106","110","158","C0038362"
"6927","2","3","3","19","221","321","428","541","667","C0038362"
"2261","2","5","7","53","14","20","25","40","186","C0038362"
"4627","2","5","7","63","45","184","103","572","658","C0038362"
"673","2","5","7","53","14","20","34","540","68","C0038362"
"2697","2","3","7","76","153","40","38","54","75","C0038362"
"5213","2","3","2","90","167","266","367","500","577","C0038362"
"1593","2","3","5","79","152","273","157","333","277","C0038363"
"8772","2","3","12","41","219","339","156","568","697","C0038363"
"860","2","3","12","19","31","276","91","433","118","C0038363"
"6309","2","3","5","19","151","76","48","69","204","C0038363"
"672","2","3","12","19","31","261","116","1","86","C0038363"
"3440","2","3","12","19","184","118","155","287","116","C0038363"
"9401","2","3","12","76","31","261","116","1","86","C0038363"
"51626","2","3","12","76","153","40","38","54","75","C0038363"
"3694","2","5","7","53","51","342","454","573","492","C0038363"
"2706","2","3","12","76","153","40","38","54","75","C0038363"
"2131","2","3","2","74","58","112","148","181","416","C0038363"
"6473","2","3","3","19","221","321","428","541","667","C0038363"
"716","2","5","7","53","51","119","395","549","674","C0038363"
"2780","2","5","4","68","96","326","427","548","672","C0038363"
"6908","2","3","12","19","31","1","116","159","211","C0038363"
"7248","2","3","2","48","57","110","141","359","462","C0038368"
"25942","2","3","12","19","31","1","426","55","78","C0038368"
"4914","2","3","2","22","18","266","202","252","252","C0038449"
"4010","2","3","3","19","221","321","428","541","667","C0038449"
"10008","2","5","8","63","36","166","341","223","158","C0038449"
"1277","2","5","7","53","51","342","454","573","492","C0038449"
"2896","2","5","7","34","52","216","395","549","674","C0038450"
"9241","2","5","7","53","51","342","259","423","389","C0038450"
"1312","2","3","2","87","79","105","426","129","25","C0038450"
"51259","2","3","2","76","153","40","38","54","75","C0038450"
"161497","2","3","12","76","153","40","38","54","75","C0038450"
"2263","2","5","7","53","14","20","25","40","186","C0038505"
"6469","2","5","3","53","221","197","259","560","422","C0038505"
"8660","2","5","7","53","14","20","25","40","186","C0038525"
"3586","2","5","7","53","51","119","25","489","416","C0038525"
"4694","2","3","2","48","170","50","119","444","556","C0038525"
"134701","2","3","12","19","219","1","426","55","78","C0038525"
"596","2","3","12","19","219","339","402","489","416","C0038525"
"8200","2","5","7","53","51","342","259","423","389","C0038525"
"50640","2","3","5","116","183","295","398","243","327","C0038525"
"338","2","5","7","53","51","342","454","573","492","C0038605"
"1292","2","5","7","53","51","342","454","573","492","C0038605"
"4038","2","5","7","53","51","342","454","573","492","C0038644"
"654","2","5","7","53","51","342","259","423","389","C0038644"
"9652","2","3","2","110","85","237","433","547","671","C0038644"
"10577","2","5","7","34","52","216","395","549","674","C0038644"
"408","2","3","4","68","219","184","341","544","669","C0038644"
"51204","2","3","2","48","170","50","119","444","556","C0038644"
"50846","2","3","3","68","221","197","259","560","422","C0038644"
"3763","2","5","8","63","36","166","106","110","158","C0038644"
"51010","2","3","2","110","85","237","433","547","671","C0038868"
"4128","2","3","5","80","81","119","402","489","416","C0038868"
"6557","2","5","8","45","94","199","240","415","666","C0038868"
"2263","2","5","7","53","14","20","25","40","186","C0038868"
"1376","2","3","2","19","151","276","91","433","118","C0039070"
"1376","2","3","2","19","151","276","91","433","118","C0039070"
"7010","2","5","7","53","14","20","25","40","186","C0039070"
"25978","2","3","2","48","57","110","141","359","462","C0039070"
"6566","2","3","2","67","37","316","422","535","660","C0039070"
"1414","2","5","6","11","45","160","362","177","673","C0039070"
"846","2","5","4","68","96","326","427","548","672","C0039070"
"10537","2","3","12","41","116","268","434","468","213","C0039070"
"2815","2","5","7","53","51","342","454","573","492","C0039070"
"7169","2","5","8","63","45","23","103","464","187","C0039070"
"8517","2","3","12","41","219","339","156","568","697","C0039070"
"1147","2","3","12","41","219","339","156","568","697","C0039070"
"545","2","3","12","19","31","261","116","1","86","C0039070"
"28982","2","3","5","25","44","165","101","274","358","C0039070"
"788","2","3","2","45","151","199","240","415","666","C0039070"
"5925","2","3","12","19","31","1","426","55","78","C0039070"
"1301","2","5","7","53","51","342","454","573","492","C0039070"
"8313","2","3","12","41","219","339","156","568","605","C0039070"
"3162","2","3","5","53","51","119","402","489","416","C0039070"
"2006","2","5","7","53","51","342","454","573","492","C0039070"
"477","2","3","8","63","45","23","103","464","187","C0039070"
"1482","2","3","3","19","221","321","428","541","667","C0039070"
"2317","2","5","7","63","45","23","103","287","664","C0039070"
"6662","2","3","3","19","221","321","428","541","667","C0039101"
"7443","2","3","12","19","31","261","34","540","68","C0039101"
"2639","2","3","2","71","148","34","160","115","164","C0039101"
"2779","2","5","4","68","96","326","427","548","672","C0039101"
"26137","2","5","7","63","45","184","103","572","658","C0039101"
"7058","2","5","7","53","51","342","454","573","492","C0039103"
"10117","2","5","7","53","51","342","454","573","492","C0039103"
"5106","2","3","2","67","92","293","55","500","577","C0039103"
"4541","2","3","2","48","170","50","119","444","24","C0039103"
"3141","2","3","2","68","40","130","166","127","173","C0039103"
"5745","2","5","4","68","96","326","427","548","672","C0039103"
"10815","2","5","7","60","36","71","341","223","666","C0039103"
"6609","2","3","5","105","155","250","291","152","420","C0039144"
"7249","2","3","7","60","57","110","141","359","462","C0039144"
"9935","2","3","12","19","31","1","426","55","78","C0039144"
"401","2","3","3","19","221","321","428","541","667","C0039239"
"7170","2","5","8","63","45","23","103","464","187","C0039239"
"2811","2","5","7","53","51","1","454","573","78","C0039239"
"2068","2","3","12","19","31","261","116","159","211","C0039239"
"3845","2","5","7","60","54","24","30","46","72","C0039263"
"5176","2","5","7","53","51","342","454","573","492","C0039263"
"11277","2","3","12","19","31","261","116","1","86","C0039263"
"3198","2","3","3","19","221","321","428","541","667","C0039263"
"2146","2","3","12","19","31","1","426","55","78","C0039338"
"4535","2","3","2","48","170","50","119","444","556","C0039338"
"5318","2","1","6","11","142","225","142","220","298","C0039445"
"9049","2","3","3","41","151","276","378","271","356","C0039445"
"23767","2","5","7","53","14","20","25","40","186","C0039445"
"6323","2","5","8","63","36","166","341","390","158","C0039445"
"1184","2","5","8","63","45","23","34","464","187","C0039446"
"3589","2","5","7","53","51","119","25","40","416","C0039446"
"5261","2","5","7","53","14","20","34","540","68","C0039446"
"2200","2","5","7","53","51","342","454","573","492","C0039446"
"3636","2","3","5","80","14","20","25","40","186","C0039446"
"4211","2","3","3","19","221","321","428","541","667","C0039446"
"23414","2","3","12","19","31","118","155","287","116","C0039446"
"54808","2","3","12","76","153","40","38","54","75","C0039446"
"4000","2","3","12","26","105","178","226","297","156","C0039446"
"1716","2","3","2","27","36","150","221","138","188","C0039446"
"51684","2","3","12","41","116","268","38","54","75","C0039446"
"1290","2","5","7","53","51","342","454","573","492","C0039446"
"7040","2","5","7","53","51","342","454","573","492","C0039446"
"486","2","5","8","63","45","23","103","464","187","C0039446"
"8233","2","3","2","22","33","323","66","101","136","C0039446"
"2132","2","3","2","74","58","112","148","193","263","C0039446"
"51524","2","5","7","45","94","199","240","415","666","C0039446"
"51010","2","3","2","110","85","237","433","547","671","C0039538"
"29925","2","3","2","68","66","123","158","207","278","C0039538"
"9759","2","3","12","19","31","276","91","433","118","C0039538"
"9401","2","3","12","76","31","261","116","1","86","C0039538"
"54840","2","3","12","19","31","261","116","1","86","C0039584"
"6657","2","3","12","19","221","321","428","541","667","C0039584"
"5728","2","3","5","80","81","339","156","568","605","C0039584"
"2132","2","3","2","74","58","112","148","193","263","C0039584"
"5832","2","3","2","101","62","189","182","509","252","C0039590"
"10082","2","3","2","74","51","342","454","573","492","C0039590"
"7525","2","5","7","53","14","20","25","40","186","C0039590"
"7290","2","3","12","19","31","1","426","55","78","C0039590"
"8398","2","3","5","116","183","40","38","352","455","C0039590"
"8876","2","3","7","34","52","216","395","549","674","C0039590"
"5158","2","3","4","68","45","272","259","518","621","C0039621"
"6535","2","5","8","45","94","199","240","415","666","C0039621"
"56652","2","3","3","19","151","276","91","433","118","C0039621"
"4208","2","3","12","19","151","276","91","433","118","C0039621"
"23090","2","3","12","19","151","276","91","433","118","C0039621"
"3074","2","3","7","34","52","216","395","549","607","C0039621"
"5573","2","3","12","19","184","118","155","287","116","C0039621"
"2629","2","3","5","80","81","250","291","152","420","C0039621"
"4513","2","3","2","48","170","110","141","359","532","C0039621"
"54808","2","3","12","76","153","40","38","54","75","C0039621"
"22909","2","3","12","19","31","261","116","1","86","C0039621"
"11160","2","3","12","41","116","268","423","536","445","C0039621"
"4607","2","5","7","53","51","23","103","464","187","C0039621"
"790","2","3","12","41","219","339","347","206","627","C0039621"
"6392","2","3","2","48","170","50","119","444","556","C0039621"
"1814","2","5","4","68","96","326","427","548","672","C0039621"
"4693","2","5","7","53","51","342","454","573","492","C0039621"
"10082","2","3","2","74","51","342","454","573","492","C0039621"
"4913","2","3","12","19","31","261","116","1","86","C0039841"
"549","2","3","5","80","81","166","114","155","202","C0039841"
"4233","2","5","7","53","14","20","25","40","186","C0039841"
"2697","2","3","7","76","153","40","38","54","75","C0039841"
"2176","2","3","12","19","31","261","116","1","86","C0039978"
"1548","2","3","5","91","214","226","326","447","586","C0039978"
"2719","2","5","7","53","51","342","454","573","492","C0039978"
"2263","2","5","7","53","14","20","25","40","186","C0039981"
"1280","2","5","7","53","51","342","454","573","492","C0039981"
"3557","2","3","12","41","219","339","156","568","697","C0040015"
"5906","2","5","7","34","52","216","30","46","72","C0040015"
"9829","2","5","7","60","14","184","341","544","669","C0040015"
"6103","2","3","12","76","153","40","38","54","75","C0040015"
"3508","2","3","12","19","31","261","116","1","86","C0040028"
"2332","2","3","2","22","33","71","373","466","609","C0040028"
"5193","2","3","5","43","161","305","409","208","482","C0040028"
"23729","2","3","2","90","167","148","36","51","383","C0040028"
"3655","2","5","7","53","51","342","454","573","492","C0040028"
"3921","2","3","2","110","85","237","433","547","671","C0040028"
"7020","2","3","12","19","31","276","91","433","664","C0040028"
"55835","2","3","12","76","153","40","38","54","75","C0040028"
"2253","2","5","7","53","14","20","25","40","186","C0040028"
"7020","2","3","12","19","31","276","91","433","664","C0040028"
"1836","2","3","2","35","41","94","260","330","375","C0040028"
"148022","2","3","12","41","219","339","156","568","697","C0040028"
"4322","2","5","7","53","51","342","454","573","492","C0040038"
"2318","2","5","7","53","45","23","103","464","187","C0040038"
"675","2","3","12","19","31","261","116","1","86","C0040038"
"10087","2","3","7","50","47","39","100","321","255","C0040038"
"1535","2","5","7","34","52","216","395","549","674","C0040038"
"55997","2","5","3","53","221","321","259","423","389","C0040038"
"5230","2","3","12","72","167","266","367","500","577","C0040038"
"6331","2","5","8","63","36","166","341","223","158","C0040038"
"3981","2","3","12","19","31","261","116","1","86","C0040038"
"3949","2","5","7","60","14","184","341","544","669","C0040038"
"1415","2","3","6","63","45","160","362","177","673","C0040038"
"6662","2","3","3","19","221","321","428","541","667","C0040038"
"4312","2","5","7","53","51","342","454","573","492","C0040038"
"6197","2","3","12","19","14","20","34","540","68","C0040038"
"2290","2","3","3","19","221","321","428","541","667","C0040038"
"5324","2","3","12","19","31","261","116","1","664","C0040046"
"367","2","3","12","19","31","276","91","433","118","C0040046"
"5573","2","3","12","19","184","118","155","287","116","C0040046"
"1302","2","5","7","53","51","342","454","573","492","C0040100"
"7681","2","3","12","41","116","268","434","468","213","C0040100"
"6648","2","3","2","95","151","160","378","173","229","C0040100"
"9499","2","5","7","53","51","23","103","464","187","C0040100"
"4000","2","3","12","26","105","178","226","297","156","C0040100"
"2260","2","5","7","53","14","20","25","40","186","C0040128"
"9569","2","3","12","19","31","276","91","433","118","C0040128"
"1030","2","3","12","19","31","1","426","55","78","C0040128"
"1406","2","3","3","19","221","321","428","541","667","C0040128"
"2624","2","3","12","19","31","1","155","287","116","C0040128"
"26119","2","5","7","60","14","184","341","544","669","C0040128"
"8626","2","3","3","19","221","321","428","541","667","C0040128"
"3756","2","5","8","63","36","166","106","110","158","C0040128"
"5173","2","5","4","68","96","326","427","548","672","C0040128"
"8504","2","3","5","47","144","185","238","310","392","C0040128"
"6652","2","3","2","90","162","141","246","234","315","C0040128"
"11200","2","3","12","19","31","261","116","1","86","C0040128"
"547","2","3","7","76","153","40","38","54","75","C0040128"
"55624","2","3","2","78","123","194","255","215","412","C0040128"
"538","2","3","8","63","45","23","103","464","187","C0040128"
"2261","2","5","7","53","14","20","25","40","186","C0040128"
"3339","2","5","7","53","51","342","454","573","492","C0040128"
"9241","2","5","7","53","51","342","259","423","389","C0040128"
"6462","2","5","7","63","45","23","444","464","373","C0040128"
"5077","2","3","3","19","221","321","428","541","667","C0040128"
"5830","2","3","5","43","161","305","409","208","482","C0040128"
"6657","2","3","12","19","221","321","428","541","667","C0040128"
"10908","2","3","2","97","173","275","377","473","592","C0040128"
"3146","2","5","7","34","52","216","395","549","674","C0040128"
"6607","2","3","2","22","33","323","66","101","664","C0040147"
"1063","2","3","12","76","153","40","38","54","75","C0040147"
"1490","2","5","7","53","51","342","454","573","492","C0040147"
"760","2","3","5","35","41","77","40","78","178","C0040147"
"2998","2","3","2","28","22","48","232","82","114","C0040156"
"2301","2","5","6","11","142","225","142","220","673","C0040156"
"2239","2","3","2","74","51","342","454","573","492","C0040188"
"2218","2","5","2","53","123","194","255","560","373","C0040188"
"7538","2","3","2","22","33","323","66","101","136","C0040261"
"5080","2","3","3","19","221","321","428","541","667","C0040261"
"1785","2","5","7","60","14","184","341","544","669","C0040261"
"8518","2","3","12","19","31","1","426","55","78","C0040261"
"9987","2","3","2","22","33","323","66","101","136","C0040261"
"6908","2","3","12","19","31","1","116","159","211","C0040261"
"6813","2","5","7","53","51","342","454","573","702","C0040261"
"633","2","5","7","53","51","342","454","573","492","C0040261"
"344","2","5","7","53","51","342","454","573","492","C0040264"
"9927","2","3","12","19","31","118","155","287","116","C0040264"
"51259","2","3","2","76","153","40","38","54","75","C0040264"
"7490","2","3","3","19","221","321","428","541","667","C0040264"
"9244","2","5","7","53","51","119","25","40","416","C0040264"
"23064","2","3","6","11","31","261","142","220","664","C0040264"
"2673","2","3","2","110","94","178","226","297","380","C0040264"
"5824","2","3","5","47","144","185","238","310","392","C0040264"
"6513","2","5","7","90","216","337","448","565","562","C0040264"
"1131","2","5","4","68","96","326","427","548","672","C0040264"
"1029","2","3","12","19","31","1","116","1","664","C0040264"
"3984","2","5","7","53","14","20","34","540","68","C0040264"
"3617","2","5","7","86","221","321","454","311","518","C0040264"
"213","2","5","7","53","51","342","454","573","492","C0040264"
"1029","2","3","12","19","31","1","116","1","664","C0040264"
"931","2","5","7","53","14","119","156","287","116","C0040264"
"2074","2","3","12","19","31","1","426","55","78","C0040264"
"3730","2","5","7","53","14","20","25","40","186","C0040264"
"8419","2","3","12","48","170","50","119","198","224","C0040336"
"9084","2","5","4","68","96","326","188","145","193","C0040336"
"1512","2","5","7","34","52","216","395","549","674","C0040336"
"4998","2","3","12","76","31","261","116","1","86","C0040336"
"1230","2","5","4","68","96","326","427","548","672","C0040336"
"55315","2","3","5","80","81","296","62","94","150","C0040336"
"1663","2","3","12","76","105","178","226","297","380","C0040336"
"3717","2","5","7","53","14","20","25","40","186","C0040336"
"3955","2","5","8","89","124","143","428","236","667","C0040336"
"2314","2","3","12","63","45","184","103","572","658","C0040336"
"6519","2","3","5","45","94","199","240","415","666","C0040336"
"6905","2","3","12","76","153","40","38","54","75","C0040411"
"7148","2","5","7","53","51","342","454","573","492","C0040411"
"6234","2","3","2","110","85","237","433","547","671","C0040411"
"9149","2","5","7","53","14","20","34","540","68","C0040411"
"5979","2","5","7","53","14","20","25","40","186","C0040411"
"2261","2","5","7","53","14","20","25","40","186","C0040411"
"1804","2","5","7","27","36","150","341","223","628","C0040411"
"25915","2","3","2","48","170","50","119","444","556","C0040411"
"1586","2","3","5","79","98","256","335","425","540","C0040412"
"5339","2","5","7","53","51","342","454","573","492","C0040412"
"6597","2","3","12","19","31","1","426","55","78","C0040412"
"5075","2","3","3","19","221","321","428","541","667","C0040412"
"3655","2","5","7","53","51","342","454","573","492","C0040412"
"1674","2","5","8","63","45","23","103","464","187","C0040412"
"5781","2","5","7","53","14","20","25","40","186","C0040412"
"5002","2","5","8","45","94","199","240","415","666","C0040412"
"6229","2","3","2","110","85","237","433","547","671","C0040412"
"4621","2","5","8","63","45","23","103","464","187","C0040412"
"860","2","3","12","19","31","276","91","433","118","C0040412"
"2064","2","5","7","53","14","20","25","40","186","C0040412"
"2492","2","5","4","68","96","326","427","548","672","C0040412"
"3930","2","3","2","22","33","323","66","3","464","C0040412"
"811","2","3","2","41","116","342","423","536","342","C0040412"
"8820","2","3","3","19","221","321","428","541","667","C0040412"
"4853","2","3","12","19","124","143","428","236","667","C0040412"
"6495","2","3","3","19","221","321","428","541","667","C0040457"
"4968","2","3","12","19","31","261","116","1","86","C0040457"
"1301","2","5","7","53","51","342","454","573","492","C0040457"
"53834","2","5","7","53","51","342","454","573","492","C0040457"
"11141","2","5","7","53","36","335","444","223","373","C0040457"
"10280","2","3","2","110","85","52","57","86","119","C0040457"
"1487","2","3","12","19","31","1","426","55","340","C0040457"
"6532","2","5","8","45","94","199","240","415","666","C0040479"
"2332","2","3","2","22","33","71","373","466","609","C0040479"
"3398","2","3","12","19","31","276","91","433","118","C0040479"
"8643","2","5","3","68","221","197","259","560","422","C0040479"
"55636","2","3","3","19","221","321","428","423","389","C0040479"
"779","2","5","8","63","36","166","341","390","158","C0040479"
"2542","2","3","5","80","81","296","399","500","577","C0040479"
"3766","2","5","8","63","36","166","106","110","158","C0040479"
"4867","2","5","7","76","153","40","38","54","75","C0040485"
"6144","2","3","2","110","85","237","433","547","671","C0040485"
"3845","2","5","7","60","54","24","30","46","72","C0040485"
"1487","2","3","12","19","31","1","426","55","340","C0040485"
"5663","2","5","7","34","52","216","395","549","667","C0040485"
"6891","2","3","12","41","116","119","156","568","116","C0040485"
"51360","2","3","3","26","35","276","91","433","203","C0040485"
"7080","2","3","3","19","221","321","428","541","667","C0040485"
"3172","2","3","3","19","151","276","91","433","118","C0040485"
"26608","2","3","2","22","170","50","119","463","153","C0040485"
"6662","2","3","3","19","221","321","428","541","667","C0040485"
"55315","2","3","5","80","81","296","62","94","150","C0040485"
"7374","2","3","12","19","31","261","116","1","86","C0040485"
"7124","2","3","12","41","219","339","156","568","697","C0040485"
"7841","2","3","2","41","116","178","423","536","445","C0040485"
"775","2","5","8","63","36","166","341","223","158","C0040485"
"6448","2","3","5","74","160","294","376","453","567","C0040485"
"51360","2","3","3","26","35","276","91","433","203","C0040485"
"7040","2","5","7","53","51","342","454","573","492","C0040517"
"11277","2","3","12","19","31","261","116","1","86","C0040517"
"29887","2","3","7","60","18","110","141","198","270","C0040583"
"2077","2","3","12","76","153","40","38","54","75","C0040583"
"8892","2","3","2","110","85","237","433","547","671","C0040583"
"1815","2","5","4","68","96","326","427","548","672","C0040583"
"3852","2","1","6","11","142","225","142","220","298","C0040583"
"57216","2","3","12","41","116","268","259","568","422","C0040583"
"2033","2","3","12","19","31","1","91","433","118","C0040583"
"673","2","5","7","53","14","20","34","540","68","C0040583"
"6792","2","5","7","53","14","20","34","540","68","C0040715"
"5745","2","5","4","68","96","326","427","548","672","C0040715"
"4613","2","3","12","19","31","1","426","55","78","C0040761"
"547","2","3","7","76","153","40","38","54","75","C0040761"
"5144","2","3","4","68","96","326","427","548","672","C0040953"
"54941","2","3","12","41","116","268","434","468","213","C0040953"
"2737","2","3","12","19","116","321","428","54","667","C0040954"
"867","2","5","7","53","14","184","25","40","669","C0040954"
"5468","2","3","3","19","151","276","91","433","118","C0040961"
"4221","2","3","12","19","31","342","454","573","492","C0040961"
"4952","2","3","5","60","54","184","30","544","669","C0040961"
"5290","2","3","7","53","14","20","25","40","186","C0040961"
"5894","2","5","7","60","54","23","34","464","187","C0040962"
"51715","2","5","7","60","54","24","30","46","72","C0040962"
"9786","2","3","12","76","153","40","38","54","75","C0040963"
"5889","2","3","12","19","31","261","116","1","86","C0040963"
"644","2","3","2","42","49","93","192","253","338","C0040997"
"57113","2","5","8","11","142","193","306","390","158","C0040997"
"10269","2","3","2","48","182","50","119","444","556","C0040997"
"1291","2","5","7","53","51","342","454","573","492","C0040997"
"10734","2","3","12","19","31","1","426","55","78","C0040997"
"4070","2","5","6","42","36","71","177","64","219","C0040997"
"2068","2","3","12","19","31","261","116","159","211","C0040997"
"59","2","5","8","63","45","23","103","464","187","C0040997"
"6134","2","3","2","110","85","237","433","547","671","C0040997"
"2697","2","3","7","76","153","40","38","54","75","C0040997"
"50484","2","3","5","80","109","182","235","307","506","C0040997"
"3954","2","3","2","48","170","67","119","444","593","C0040997"
"2147","2","5","7","68","51","342","454","573","492","C0041105"
"6445","2","5","8","63","45","23","103","464","187","C0041105"
"11330","2","5","7","68","51","119","395","549","674","C0041105"
"7169","2","5","8","63","45","23","103","464","187","C0041105"
"5831","2","3","2","101","62","189","182","566","409","C0041105"
"1144","2","5","8","27","70","99","162","216","290","C0041105"
"5916","2","3","3","19","151","276","91","433","118","C0041207"
"147409","2","1","6","11","142","225","142","220","298","C0041207"
"861","2","3","12","19","31","1","426","55","78","C0041207"
"55714","2","5","7","53","51","342","454","573","254","C0041296"
"894","2","3","12","19","31","1","34","540","68","C0041296"
"7259","2","3","12","19","31","1","426","55","78","C0041296"
"867","2","5","7","53","14","184","25","40","669","C0041296"
"4221","2","3","12","19","31","342","454","573","492","C0041327"
"1137","2","5","8","27","70","99","162","216","290","C0041327"
"55651","2","3","2","110","85","237","433","547","671","C0041327"
"5781","2","5","7","53","14","20","25","40","186","C0041341"
"10585","2","5","2","27","206","324","430","215","290","C0041341"
"55651","2","3","2","110","85","237","433","547","671","C0041341"
"2069","2","5","7","53","14","20","25","40","186","C0041349"
"4000","2","3","12","26","105","178","226","297","156","C0041349"
"974","2","5","7","53","51","119","395","549","674","C0041349"
"3800","2","5","7","27","36","150","341","223","628","C0041349"
"55135","2","3","12","76","137","76","136","472","435","C0041349"
"23522","2","3","12","19","31","1","426","55","78","C0041349"
"1294","2","5","7","53","51","342","454","573","492","C0041349"
"54808","2","3","12","76","153","40","38","54","75","C0041349"
"4843","2","3","5","43","161","305","409","489","416","C0041408"
"6658","2","3","12","19","221","321","428","541","667","C0041408"
"4000","2","3","12","26","105","178","226","297","156","C0041408"
"3663","2","3","12","53","184","119","156","287","116","C0041408"
"51085","2","3","2","48","57","110","141","359","462","C0041408"
"6794","2","3","12","53","14","20","34","540","68","C0041582"
"3209","2","3","3","19","221","321","428","541","667","C0041582"
"2175","2","3","12","19","31","261","116","1","86","C0041657"
"5605","2","5","7","53","14","20","34","540","68","C0041657"
"2255","2","5","7","53","14","20","25","40","186","C0041657"
"9844","2","5","7","60","14","20","25","40","72","C0041667"
"23532","2","3","12","41","116","152","129","252","154","C0041667"
"4915","2","5","7","53","14","20","25","40","186","C0041667"
"2626","2","3","12","19","31","118","155","287","116","C0041667"
"4920","2","5","7","53","14","20","259","560","373","C0041667"
"6658","2","3","12","19","221","321","428","541","667","C0041667"
"9841","2","3","6","11","142","225","142","220","298","C0041667"
"23384","2","3","12","63","45","184","103","572","658","C0041667"
"3955","2","5","8","89","124","143","428","236","667","C0041667"
"1376","2","3","2","19","151","276","91","433","118","C0041667"
"3123","2","5","7","53","51","119","156","287","116","C0041667"
"4000","2","3","12","26","105","178","226","297","156","C0041667"
"6144","2","3","2","110","85","237","433","547","671","C0041667"
"8626","2","3","3","19","221","321","428","541","667","C0041667"
"7473","2","5","3","68","221","197","259","560","422","C0041667"
"673","2","5","7","53","14","20","34","540","68","C0041667"
"4204","2","3","12","19","31","1","426","55","78","C0041667"
"23512","2","3","12","19","31","1","426","55","78","C0041948"
"3329","2","3","2","48","170","50","304","167","593","C0041948"
"4692","2","5","7","53","51","119","402","489","416","C0041948"
"3458","2","5","7","53","184","119","156","287","116","C0041948"
"2189","2","3","12","19","31","261","116","1","86","C0041948"
"23729","2","3","2","90","167","148","36","51","383","C0041948"
"27130","2","3","12","48","45","143","38","236","69","C0041948"
"3172","2","3","3","19","151","276","91","433","118","C0041948"
"2697","2","3","7","76","153","40","38","54","75","C0041948"
"4221","2","3","12","19","31","342","454","573","492","C0041948"
"26229","2","3","2","74","205","191","396","408","257","C0041948"
"475","2","3","5","80","81","110","378","173","229","C0041948"
"28962","2","5","8","63","45","23","34","464","187","C0041948"
"649","2","5","7","53","51","342","454","573","492","C0041948"
"5080","2","3","3","19","221","321","428","541","667","C0041948"
"1282","2","5","7","53","51","342","454","573","492","C0041948"
"1788","2","3","12","19","31","1","426","55","78","C0041948"
"1736","2","3","2","110","85","237","433","547","671","C0041956"
"7353","2","3","12","41","219","339","156","568","605","C0041956"
"9401","2","3","12","76","31","261","116","1","86","C0041956"
"4352","2","5","7","53","14","20","25","40","186","C0041956"
"871","2","5","7","53","51","342","454","573","492","C0041956"
"196","2","3","3","19","151","276","91","433","118","C0041956"
"4851","2","3","12","19","221","143","428","236","667","C0041960"
"2719","2","5","7","53","51","342","454","573","492","C0041960"
"9241","2","5","7","53","51","342","259","423","389","C0041960"
"2254","2","5","7","53","14","20","25","40","186","C0041960"
"2304","2","3","12","19","221","321","428","541","667","C0041974"
"51360","2","3","3","26","35","276","91","433","203","C0041974"
"114798","2","5","7","53","51","335","444","560","373","C0041974"
"3481","2","5","7","53","51","342","454","573","492","C0041974"
"2121","2","3","12","41","116","268","434","568","605","C0041974"
"6439","2","5","5","68","96","185","238","310","272","C0041974"
"4286","2","3","12","19","31","261","116","1","664","C0041974"
"7461","2","3","7","60","153","40","38","93","75","C0041974"
"84634","2","5","4","68","96","326","427","548","672","C0041974"
"3981","2","3","12","19","31","261","116","1","86","C0041974"
"2263","2","5","7","53","14","20","25","40","186","C0041974"
"51","2","3","5","43","151","276","91","433","482","C0041974"
"930","2","5","7","53","14","119","25","40","186","C0041974"
"1947","2","5","7","53","51","20","25","560","373","C0041974"
"2299","2","3","3","19","221","321","428","541","667","C0042023"
"7015","2","3","12","19","31","1","426","55","78","C0042023"
"4893","2","5","7","34","52","24","30","46","72","C0042029"
"4323","2","5","7","53","51","342","454","573","492","C0042029"
"6572","2","3","7","60","14","184","341","544","669","C0042035"
"183","2","5","4","68","96","326","427","548","672","C0042035"
"8481","2","3","12","76","153","40","38","54","75","C0042035"
"26137","2","5","7","63","45","184","103","572","658","C0042035"
"2689","2","5","7","53","51","119","25","40","186","C0042063"
"116085","2","3","8","45","94","199","240","415","666","C0042063"
"5290","2","3","7","53","14","20","25","40","186","C0042063"
"3048","2","3","12","19","31","118","155","287","116","C0042063"
"5314","2","3","12","76","153","40","38","54","75","C0042063"
"5979","2","5","7","53","14","20","25","40","186","C0042063"
"5913","2","5","7","27","36","71","341","223","219","C0042063"
"5444","2","3","5","80","147","236","328","411","229","C0042063"
"29110","2","3","12","41","219","339","156","568","697","C0042063"
"5831","2","3","2","101","62","189","182","566","409","C0042065"
"2261","2","5","7","53","14","20","25","40","186","C0042065"
"7157","2","3","12","19","31","261","402","489","551","C0042065"
"8626","2","3","3","19","221","321","428","541","667","C0042076"
"348980","2","5","8","63","36","166","106","110","158","C0042076"
"9487","2","3","5","80","81","142","176","235","317","C0042076"
"55120","2","3","12","19","31","261","116","1","86","C0042076"
"4835","2","3","5","80","130","114","290","367","475","C0042076"
"1644","2","3","2","88","79","239","333","258","345","C0042076"
"7439","2","5","8","63","45","23","34","464","187","C0042076"
"55651","2","3","2","110","85","237","433","547","671","C0042076"
"9213","2","5","7","68","96","184","219","380","666","C0042109"
"7010","2","5","7","53","14","20","25","40","186","C0042109"
"23064","2","3","6","11","31","261","142","220","664","C0042109"
"5116","2","3","12","76","153","40","38","54","75","C0042109"
"9321","2","3","12","76","153","40","38","54","203","C0042109"
"8647","2","3","5","46","158","252","352","449","563","C0042109"
"10194","2","5","7","53","221","321","259","423","389","C0042109"
"1663","2","3","12","76","105","178","226","297","380","C0042109"
"9031","2","3","12","19","31","1","426","55","78","C0042109"
"54880","2","3","12","19","31","1","426","55","78","C0042109"
"5468","2","3","3","19","151","276","91","433","118","C0042109"
"6234","2","3","2","110","85","237","433","547","671","C0042109"
"2657","2","5","7","53","51","342","259","423","389","C0042109"
"919","2","5","7","53","14","119","25","40","186","C0042109"
"290","2","3","7","34","52","216","395","549","674","C0042109"
"10683","2","5","7","53","51","143","428","560","667","C0042109"
"2263","2","5","7","53","14","20","25","40","186","C0042109"
"1280","2","5","7","53","51","342","454","573","492","C0042109"
"1824","2","1","6","11","142","225","142","220","298","C0042109"
"4621","2","5","8","63","45","23","103","464","187","C0042109"
"23590","2","3","2","48","170","50","119","444","556","C0042109"
"10461","2","5","7","53","14","20","25","40","186","C0042109"
"9569","2","3","12","19","31","276","91","433","118","C0042109"
"5894","2","5","7","60","54","23","34","464","187","C0042109"
"4851","2","3","12","19","221","143","428","236","667","C0042109"
"1356","2","3","7","53","51","342","454","573","492","C0042109"
"5979","2","5","7","53","14","20","25","40","186","C0042109"
"5308","2","3","3","19","221","321","428","541","667","C0042109"
"3115","2","5","7","53","184","119","156","287","116","C0042109"
"4015","2","5","7","53","51","342","454","573","492","C0042109"
"1584","2","3","5","79","159","256","276","353","456","C0042109"
"9940","2","3","5","68","221","321","428","447","586","C0042133"
"2200","2","5","7","53","51","342","454","573","492","C0042133"
"7020","2","3","12","19","31","276","91","433","664","C0042133"
"51604","2","3","2","61","77","142","176","235","317","C0042138"
"7403","2","3","12","19","31","1","426","55","78","C0042138"
"5333","2","3","5","18","16","40","417","103","58","C0042138"
"2773","2","5","4","68","96","326","427","548","672","C0042138"
"29123","2","3","12","19","151","276","91","433","118","C0042138"
"4535","2","3","2","48","170","50","119","444","556","C0042138"
"4952","2","3","5","60","54","184","30","544","669","C0042138"
"4322","2","5","7","53","51","342","454","573","492","C0042138"
"356","2","5","7","53","219","339","25","489","697","C0042140"
"25793","2","3","12","41","116","268","434","468","213","C0042140"
"2778","2","5","4","68","96","326","427","548","672","C0042140"
"7042","2","5","7","53","51","342","454","573","492","C0042143"
"54209","2","5","7","53","51","119","395","549","674","C0042143"
"4148","2","5","7","53","51","342","454","573","492","C0042164"
"7276","2","5","7","34","52","216","395","549","674","C0042164"
"6663","2","3","3","19","221","321","428","541","667","C0042164"
"8091","2","3","12","110","109","22","262","129","638","C0042164"
"10908","2","3","2","97","173","275","377","473","592","C0042164"
"3239","2","3","3","19","221","321","428","541","667","C0042164"
"2068","2","3","12","19","31","261","116","159","211","C0042164"
"1824","2","1","6","11","142","225","142","220","298","C0042164"
"1487","2","3","12","19","31","1","426","55","340","C0042164"
"22858","2","3","7","53","14","20","34","540","68","C0042164"
"4988","2","5","4","68","96","326","427","548","672","C0042164"
"9939","2","3","2","22","33","323","66","101","136","C0042164"
"65217","2","5","7","53","51","335","444","560","373","C0042164"
"3769","2","5","8","63","36","166","106","110","158","C0042170"
"3691","2","5","7","53","51","342","454","573","492","C0042170"
"5663","2","5","7","34","52","216","395","549","667","C0042170"
"3757","2","5","8","63","36","166","106","110","158","C0042258"
"5528","2","3","12","76","153","40","38","54","75","C0042258"
"10560","2","3","2","65","196","310","127","527","648","C0042341"
"3930","2","3","2","22","33","323","66","3","464","C0042341"
"7132","2","3","12","41","219","339","156","568","697","C0042341"
"54902","2","3","2","48","182","50","119","444","556","C0042345"
"4860","2","3","7","34","52","216","395","549","150","C0042345"
"7469","2","3","12","19","31","261","116","159","211","C0042345"
"5908","2","5","7","34","52","216","30","46","72","C0042345"
"2317","2","5","7","63","45","23","103","287","664","C0042345"
"867","2","5","7","53","14","184","25","40","669","C0042345"
"7474","2","5","3","68","221","184","259","544","669","C0042345"
"55670","2","3","5","43","161","305","409","208","482","C0042345"
"6347","2","5","7","53","51","119","427","489","416","C0042345"
"1432","2","3","7","34","52","216","34","540","68","C0042345"
"5961","2","5","7","27","51","326","126","414","702","C0042345"
"55505","2","3","2","110","85","237","433","547","671","C0042345"
"26123","2","3","2","76","153","40","38","54","75","C0042373"
"11280","2","5","8","63","36","166","341","390","158","C0042373"
"8929","2","3","3","19","221","321","428","541","667","C0042373"
"54808","2","3","12","76","153","40","38","54","75","C0042373"
"554","2","5","4","68","96","326","427","548","672","C0042373"
"8450","2","3","12","41","116","268","434","468","213","C0042373"
"6138","2","3","2","110","85","237","433","547","671","C0042373"
"5728","2","3","5","80","81","339","156","568","605","C0042373"
"3880","2","1","6","11","142","225","142","220","298","C0042373"
"5580","2","5","7","34","52","216","395","287","116","C0042373"
"7015","2","3","12","19","31","1","426","55","78","C0042373"
"2626","2","3","12","19","31","118","155","287","116","C0042373"
"8626","2","3","3","19","221","321","428","541","667","C0042373"
"768","2","3","5","35","41","77","40","370","303","C0042373"
"808","2","5","8","63","45","23","103","464","187","C0042373"
"1763","2","3","12","19","31","261","116","1","86","C0042373"
"7380","2","3","6","25","105","75","226","489","156","C0042384"
"2260","2","5","7","53","14","20","25","40","186","C0042384"
"6007","2","3","2","69","83","101","126","487","116","C0042384"
"6750","2","5","4","68","96","326","427","548","672","C0042384"
"51816","2","5","7","34","52","216","395","549","674","C0042384"
"582","2","3","12","76","153","76","38","54","75","C0042384"
"8626","2","3","3","19","221","321","428","541","667","C0042384"
"26154","2","3","5","47","144","185","238","310","392","C0042384"
"55624","2","3","2","78","123","194","255","215","412","C0042384"
"4093","2","3","12","19","221","342","259","423","389","C0042384"
"472","2","3","12","19","31","261","116","1","86","C0042384"
"3350","2","5","4","68","96","326","427","548","672","C0042384"
"25915","2","3","2","48","170","50","119","444","556","C0042384"
"4929","2","3","3","19","151","276","91","433","118","C0042384"
"50964","2","5","3","68","221","197","259","423","422","C0042384"
"1128","2","5","4","68","96","326","427","548","672","C0042384"
"54361","2","5","3","68","221","197","259","560","422","C0042384"
"355","2","3","7","41","219","339","156","568","697","C0042384"
"673","2","5","7","53","14","20","34","540","68","C0042384"
"5189","2","3","5","43","161","305","409","208","482","C0042384"
"29920","2","3","2","101","62","189","182","497","617","C0042384"
"24","2","3","12","41","116","268","423","536","445","C0042384"
"5443","2","5","4","68","96","326","427","548","672","C0042384"
"2138","2","3","12","19","31","1","426","55","78","C0042454"
"58","2","5","8","63","45","23","103","464","187","C0042454"
"5179","2","5","4","68","96","326","427","548","672","C0042454"
"5156","2","5","7","53","14","20","25","40","186","C0042454"
"5573","2","3","12","19","184","118","155","287","116","C0042454"
"3081","2","3","2","91","51","3","267","308","429","C0042454"
"5605","2","5","7","53","14","20","34","540","68","C0042454"
"4000","2","3","12","26","105","178","226","297","156","C0042454"
"50485","2","3","12","19","31","261","116","1","86","C0042485"
"3920","2","5","7","34","52","216","395","549","674","C0042485"
"1106","2","3","12","19","31","1","426","55","78","C0042485"
"1813","2","5","4","68","96","326","427","548","672","C0042485"
"2737","2","3","12","19","116","321","428","54","667","C0042510"
"8085","2","3","12","19","31","1","426","55","78","C0042510"
"3207","2","3","3","19","221","321","428","541","667","C0042510"
"9049","2","3","3","41","151","276","378","271","356","C0042510"
"30817","2","5","3","68","221","197","259","560","422","C0042510"
"5144","2","3","4","68","96","326","427","548","672","C0042510"
"54716","2","5","8","45","94","199","240","415","666","C0042510"
"25836","2","3","12","76","153","40","38","54","75","C0042510"
"8924","2","3","12","41","116","268","434","468","213","C0042510"
"23414","2","3","12","19","31","118","155","287","116","C0042510"
"990","2","3","12","76","31","261","116","1","86","C0042510"
"6900","2","5","7","53","51","342","454","223","373","C0042510"
"1497","2","5","2","63","182","50","103","297","628","C0042510"
"10481","2","3","3","19","221","321","428","541","667","C0042510"
"1536","2","5","7","34","52","216","395","549","674","C0042510"
"9966","2","5","12","41","219","339","156","568","697","C0042510"
"2626","2","3","12","19","31","118","155","287","116","C0042514"
"5189","2","3","5","43","161","305","409","208","482","C0042514"
"4148","2","5","7","53","51","342","454","573","492","C0042514"
"23426","2","5","7","42","36","71","177","223","219","C0042514"
"6663","2","3","3","19","221","321","428","541","667","C0042514"
"8639","2","3","5","80","81","114","290","367","475","C0042514"
"51604","2","3","2","61","77","142","176","235","317","C0042514"
"2248","2","5","7","53","14","20","25","40","186","C0042514"
"2218","2","5","2","53","123","194","255","560","373","C0042514"
"1121","2","5","7","60","54","24","30","46","72","C0042514"
"1302","2","5","7","53","51","342","454","573","492","C0042514"
"1031","2","3","12","19","31","1","426","55","78","C0042514"
"2317","2","5","7","63","45","23","103","287","664","C0042514"
"4221","2","3","12","19","31","342","454","573","492","C0042514"
"1312","2","3","2","87","79","105","426","129","25","C0042514"
"29851","2","5","7","53","14","20","25","40","186","C0042514"
"5328","2","5","7","34","52","216","395","549","674","C0042514"
"2324","2","5","7","53","14","20","25","40","186","C0042514"
"7476","2","5","3","68","221","197","259","560","422","C0042514"
"3339","2","5","7","53","51","342","454","573","492","C0042514"
"1399","2","5","7","53","14","20","25","40","186","C0042514"
"2531","2","3","2","69","47","39","100","321","255","C0042514"
"3827","2","5","4","68","96","326","427","548","672","C0042514"
"675","2","3","12","19","31","261","116","1","86","C0042514"
"283","2","5","7","53","51","335","444","560","373","C0042571"
"5447","2","3","5","91","214","271","372","471","586","C0042571"
"182","2","5","7","53","51","143","428","236","667","C0042571"
"2131","2","3","2","74","58","112","148","181","416","C0042571"
"6495","2","3","3","19","221","321","428","541","667","C0042571"
"1020","2","3","12","19","14","118","34","540","68","C0042571"
"1281","2","5","7","53","51","342","454","573","492","C0042571"
"1261","2","5","8","63","36","166","106","110","158","C0042571"
"54840","2","3","12","19","31","261","116","1","86","C0042571"
"3329","2","3","2","48","170","50","304","167","593","C0042571"
"8195","2","3","12","76","153","76","38","54","75","C0042571"
"3240","2","5","7","34","52","216","395","549","674","C0042571"
"5830","2","3","5","43","161","305","409","208","482","C0042571"
"5660","2","5","7","34","52","326","427","548","702","C0042571"
"1297","2","5","7","53","51","342","454","573","492","C0042571"
"6997","2","5","3","53","221","321","259","423","389","C0042571"
"6575","2","3","8","45","94","199","240","415","666","C0042571"
"51251","2","3","5","80","81","296","62","94","150","C0042571"
"7291","2","3","12","19","151","276","91","489","416","C0042571"
"9949","2","3","2","22","33","225","142","220","298","C0042571"
"1727","2","3","7","34","52","216","395","549","197","C0042571"
"2778","2","5","4","68","96","326","427","548","672","C0042571"
"1030","2","3","12","19","31","1","426","55","78","C0042571"
"5663","2","5","7","34","52","216","395","549","667","C0042571"
"4625","2","3","8","63","45","23","103","464","187","C0042571"
"4535","2","3","2","48","170","50","119","444","556","C0042571"
"5604","2","5","7","53","14","20","34","540","68","C0042571"
"8557","2","5","8","63","45","23","103","464","187","C0042571"
"5922","2","5","7","60","54","24","30","46","72","C0042582"
"54714","2","5","8","63","36","166","106","110","158","C0042582"
"51816","2","5","7","34","52","216","395","549","674","C0042594"
"1280","2","5","7","53","51","342","454","573","492","C0042594"
"8600","2","5","7","41","219","339","156","568","697","C0042594"
"2260","2","5","7","53","14","20","25","40","186","C0042594"
"6628","2","3","2","22","33","323","66","101","136","C0042594"
"5604","2","5","7","53","14","20","34","540","68","C0042594"
"1186","2","5","8","63","45","23","34","464","187","C0042594"
"6663","2","3","3","19","221","321","428","541","667","C0042721"
"6521","2","5","8","35","41","199","40","415","666","C0042721"
"5745","2","5","4","68","96","326","427","548","672","C0042721"
"5573","2","3","12","19","184","118","155","287","116","C0042721"
"831","2","5","7","53","51","342","454","573","492","C0042769"
"673","2","5","7","53","14","20","34","540","68","C0042769"
"4038","2","5","7","53","51","342","454","573","492","C0042790"
"2335","2","5","7","53","51","342","454","573","492","C0042790"
"4591","2","3","12","41","116","268","434","468","213","C0042790"
"1075","2","5","7","34","52","216","395","549","674","C0042790"
"8867","2","3","5","60","14","184","341","544","669","C0042790"
"6870","2","5","4","68","96","326","427","548","672","C0042790"
"3909","2","5","7","53","51","342","454","573","492","C0042842"
"6497","2","5","3","19","221","342","259","423","389","C0042842"
"3832","2","3","12","76","153","40","38","54","75","C0042842"
"4036","2","5","7","60","14","184","341","544","669","C0042842"
"8200","2","5","7","53","51","342","259","423","389","C0042842"
"5728","2","3","5","80","81","339","156","568","605","C0042842"
"2911","2","5","4","68","96","326","427","548","672","C0042870"
"2218","2","5","2","53","123","194","255","560","373","C0042870"
"6949","2","3","2","110","85","237","164","390","311","C0042870"
"351","2","5","4","68","96","326","188","145","193","C0042880"
"7026","2","3","3","19","151","276","91","433","118","C0042880"
"4041","2","5","3","68","221","197","259","560","422","C0042880"
"3952","2","5","3","53","151","276","91","433","118","C0042900"
"4088","2","3","12","19","219","339","259","423","605","C0042900"
"3565","2","5","7","53","51","119","25","489","416","C0042900"
"2175","2","3","12","19","31","261","116","1","86","C0042900"
"25913","2","3","12","19","31","261","116","1","78","C0042900"
"5144","2","3","4","68","96","326","427","548","672","C0042900"
"554","2","5","4","68","96","326","427","548","672","C0042900"
"2316","2","5","7","53","51","342","454","573","702","C0042900"
"2200","2","5","7","53","51","342","454","573","492","C0042900"
"25923","2","3","2","48","184","50","119","444","116","C0042900"
"26277","2","3","12","19","31","1","426","1","78","C0042900"
"2290","2","3","3","19","221","321","428","541","667","C0042900"
"2260","2","5","7","53","14","20","25","40","186","C0042900"
"8313","2","3","12","41","219","339","156","568","605","C0042900"
"19","2","3","3","19","151","276","91","433","118","C0042900"
"2516","2","3","3","19","151","276","91","433","118","C0042900"
"2138","2","3","12","19","31","1","426","55","78","C0042900"
"2653","2","3","2","67","104","214","234","306","388","C0042900"
"6391","2","3","2","48","170","50","119","444","556","C0042900"
"1312","2","3","2","87","79","105","426","129","25","C0042909"
"7124","2","3","12","41","219","339","156","568","697","C0042909"
"4204","2","3","12","19","31","1","426","55","78","C0042909"
"2876","2","3","5","80","81","110","378","173","229","C0042909"
"950","2","5","7","60","14","184","341","544","669","C0042909"
"10105","2","3","2","48","170","50","304","167","593","C0042909"
"1544","2","3","5","91","214","271","372","471","586","C0042928"
"23347","2","3","12","41","116","268","434","468","213","C0042928"
"2072","2","3","12","19","31","261","116","1","86","C0042928"
"2623","2","3","12","19","31","1","155","287","116","C0042928"
"4842","2","3","5","63","45","71","177","464","219","C0042928"
"2617","2","3","2","110","85","237","433","252","154","C0042928"
"4882","2","3","4","68","96","326","427","548","672","C0042928"
"2294","2","3","3","19","221","321","428","541","667","C0042961"
"2263","2","5","7","53","14","20","25","40","186","C0042961"
"55129","2","5","8","63","45","23","34","464","187","C0043020"
"4535","2","3","2","48","170","50","119","444","556","C0043020"
"538","2","3","8","63","45","23","103","464","187","C0043049"
"6303","2","3","2","67","118","160","261","188","423","C0043049"
"1417","2","5","6","11","142","225","142","177","673","C0043116"
"2581","2","3","5","80","81","250","291","152","420","C0043116"
"242","2","3","5","11","142","223","142","220","298","C0043116"
"3284","2","3","2","69","98","169","299","183","243","C0043119"
"84126","2","3","12","19","31","261","116","1","86","C0043119"
"5168","2","3","5","32","93","163","207","324","415","C0043194"
"2022","2","5","7","53","51","342","259","423","389","C0043194"
"4621","2","5","8","63","45","23","103","464","187","C0043202"
"875","2","3","5","80","137","44","21","451","316","C0043202"
"4214","2","3","12","41","219","339","34","540","117","C0043202"
"6469","2","5","3","53","221","197","259","560","422","C0043202"
"5465","2","3","3","19","151","276","91","433","118","C0043202"
"6785","2","3","5","67","7","5","239","311","393","C0043202"
"5621","2","5","8","27","36","342","454","573","628","C0043202"
"7403","2","3","12","19","31","1","426","55","78","C0043202"
"284403","2","3","12","48","57","110","141","359","462","C0043202"
"2299","2","3","3","19","221","321","428","541","667","C0043202"
"7040","2","5","7","53","51","342","454","573","492","C0043202"
"931","2","5","7","53","14","119","156","287","116","C0043202"
"6262","2","5","8","63","45","23","34","464","187","C0043202"
"4882","2","3","4","68","96","326","427","548","672","C0043207"
"10560","2","3","2","65","196","310","127","527","648","C0043207"
"1441","2","5","7","53","51","119","25","40","186","C0043325"
"1410","2","3","12","63","45","23","38","54","187","C0043325"
"2972","2","3","2","19","33","261","116","159","211","C0043325"
"3630","2","5","7","53","14","20","25","40","186","C0043325"
"6609","2","3","5","105","155","250","291","152","420","C0043325"
"8074","2","5","7","53","14","20","25","40","186","C0043325"
"5335","2","3","7","53","14","20","25","40","186","C0043325"
"2629","2","3","5","80","81","250","291","152","420","C0043325"
"4625","2","3","8","63","45","23","103","464","187","C0043346"
"2555","2","5","8","27","70","99","162","216","290","C0043346"
"1027","2","3","12","19","31","1","116","1","86","C0043346"
"8200","2","5","7","53","51","342","259","423","389","C0043346"
"6833","2","5","8","45","36","166","240","415","666","C0043346"
"3930","2","3","2","22","33","323","66","3","464","C0043346"
"128674","2","5","4","68","96","326","427","548","672","C0043346"
"2324","2","5","7","53","14","20","25","40","186","C0043346"
"6121","2","3","2","69","83","101","126","170","224","C0043349"
"153090","2","5","7","60","54","24","30","46","72","C0043349"
"3106","2","5","7","34","52","119","395","549","674","C0043349"
"54386","2","3","12","19","31","261","116","1","78","C0043349"
"2200","2","5","7","53","51","342","454","573","492","C0043349"
"547","2","3","7","76","153","40","38","54","75","C0043349"
"4204","2","3","12","19","31","1","426","55","78","C0043459"
"9742","2","3","12","76","153","40","38","54","75","C0043459"
"2099","2","3","12","19","151","276","91","433","118","C0043459"
"5015","2","3","3","19","221","321","428","541","667","C0043459"
"6845","2","5","7","60","14","184","341","544","669","C0043459"
"7415","2","3","7","34","52","216","395","536","445","C0043459"
"189","2","3","5","43","161","305","409","208","482","C0043459"
"5122","2","5","4","27","36","184","141","359","411","C0043459"
"6201","2","3","2","110","85","237","433","547","671","C0043459"
"4099","2","5","7","27","51","150","444","223","628","C0043459"
"51601","2","3","2","67","92","293","55","75","311","C0043459"
"9215","2","5","2","27","36","150","430","215","628","C0043459"
"6567","2","5","8","35","41","77","40","57","80","C0043459"
"2729","2","3","2","83","171","97","381","478","329","C0043459"
"54101","2","3","2","48","170","50","347","167","593","C0043459"
"55869","2","3","12","19","153","40","38","54","75","C0043515"
"4068","2","5","7","53","51","119","25","549","674","C0043515"
"7403","2","3","12","19","31","1","426","55","78","C0043515"
"6223","2","3","2","110","85","237","433","547","671","C0043515"
"7015","2","3","12","19","31","1","426","55","78","C0043515"
"11155","2","5","7","63","45","23","103","464","187","C0078917"
"4598","2","3","2","19","151","276","198","259","427","C0078917"
"29851","2","5","7","53","14","20","25","40","186","C0078917"
"59","2","5","8","63","45","23","103","464","187","C0078917"
"26580","2","5","8","27","70","99","162","216","290","C0078917"
"3481","2","5","7","53","51","342","454","573","492","C0078917"
"6709","2","5","7","34","52","216","395","572","158","C0078917"
"8050","2","3","2","67","92","293","55","75","311","C0078917"
"23522","2","3","12","19","31","1","426","55","78","C0078918"
"148","2","5","4","68","96","326","427","548","672","C0078918"
"5063","2","5","7","53","14","20","34","540","68","C0078981"
"2784","2","5","4","68","96","326","427","548","672","C0078981"
"358","2","3","5","80","81","166","397","374","486","C0078981"
"26580","2","5","8","27","70","99","162","216","290","C0078981"
"4004","2","3","12","19","31","1","426","55","78","C0078981"
"51151","2","3","5","23","18","138","250","332","407","C0078982"
"240","2","3","7","34","52","216","395","489","416","C0078982"
"175","2","3","7","34","52","216","395","549","674","C0078982"
"55526","2","3","2","67","92","293","55","75","311","C0078982"
"3753","2","5","8","63","36","166","341","223","158","C0078982"
"2316","2","5","7","53","51","342","454","573","702","C0079153"
"8799","2","3","5","43","161","305","409","208","482","C0079153"
"7040","2","5","7","53","51","342","454","573","492","C0079153"
"6005","2","3","2","16","197","45","155","78","695","C0079153"
"1145","2","5","8","27","70","99","162","216","290","C0079153"
"4488","2","3","3","19","221","321","428","541","667","C0079153"
"10269","2","3","2","48","182","50","119","444","556","C0079153"
"3973","2","5","4","68","96","326","427","548","672","C0079154"
"5630","2","3","2","27","36","150","55","414","628","C0079154"
"6557","2","5","8","45","94","199","240","415","666","C0079154"
"29123","2","3","12","19","151","276","91","433","118","C0079154"
"8214","2","3","6","11","142","225","142","220","298","C0079154"
"1300","2","5","7","53","51","342","454","573","492","C0079154"
"3914","2","5","7","53","51","342","454","573","492","C0079154"
"1280","2","5","7","53","51","342","454","573","492","C0079154"
"3043","2","5","7","34","52","216","395","549","116","C0079154"
"2273","2","5","8","63","45","23","103","464","187","C0079154"
"3694","2","5","7","53","51","342","454","573","492","C0079154"
"701","2","3","12","76","153","40","38","54","75","C0079154"
"4722","2","3","2","48","170","50","119","444","556","C0079154"
"7879","2","5","7","34","54","24","30","46","72","C0079154"
"54903","2","3","12","76","153","40","38","54","75","C0079154"
"2581","2","3","5","80","81","250","291","152","420","C0079154"
"9896","2","3","5","80","81","296","399","201","274","C0079218"
"3155","2","3","5","43","161","305","409","208","482","C0079218"
"7227","2","3","12","19","31","276","91","433","118","C0079218"
"2908","2","3","12","19","151","276","91","433","118","C0079294"
"8243","2","3","12","76","31","40","38","54","75","C0079294"
"8289","2","3","12","19","31","1","426","55","78","C0079295"
"10758","2","3","12","41","219","339","156","568","697","C0079295"
"4998","2","3","12","76","31","261","116","1","86","C0079298"
"8111","2","5","4","68","96","326","427","548","672","C0079298"
"2673","2","3","2","110","94","178","226","297","380","C0079298"
"3549","2","5","3","53","51","197","259","560","422","C0079299"
"6926","2","5","7","53","51","335","259","560","373","C0079299"
"10395","2","5","7","60","54","24","30","46","72","C0079301"
"2260","2","5","7","53","14","20","25","40","186","C0079301"
"146862","2","3","12","41","116","268","347","271","356","C0079301"
"2719","2","5","7","53","51","342","454","573","492","C0079301"
"6531","2","5","8","45","94","199","240","415","666","C0079352"
"1910","2","5","4","68","96","326","427","548","672","C0079352"
"4593","2","5","7","53","14","20","454","573","492","C0079352"
"720","2","5","7","53","51","342","454","573","492","C0079352"
"2334","2","5","7","53","14","20","25","40","186","C0079352"
"2110","2","3","2","48","170","50","119","444","556","C0079352"
"2033","2","3","12","19","31","1","91","433","118","C0079474"
"57582","2","5","8","63","36","166","106","110","158","C0079474"
"6505","2","3","2","45","94","199","240","415","666","C0079487"
"5828","2","3","5","43","161","305","409","208","482","C0079487"
"26608","2","3","2","22","170","50","119","463","153","C0079487"
"4318","2","5","7","34","52","216","395","573","492","C0079487"
"1639","2","3","12","76","153","40","38","54","75","C0079487"
"8629","2","3","12","19","221","1","428","541","667","C0079541"
"1358","2","3","5","80","81","166","397","447","586","C0079541"
"1001","2","5","7","53","51","335","444","560","373","C0079541"
"2263","2","5","7","53","14","20","25","40","186","C0079541"
"6768","2","1","6","11","142","225","142","220","298","C0079541"
"5476","2","3","7","34","52","216","395","152","310","C0079541"
"54840","2","3","12","19","31","261","116","1","86","C0079541"
"2146","2","3","12","19","31","1","426","55","78","C0079541"
"7080","2","3","3","19","221","321","428","541","667","C0079541"
"10002","2","3","3","19","151","276","91","433","118","C0079541"
"5106","2","3","2","67","92","293","55","500","577","C0079541"
"55215","2","3","12","76","31","261","116","1","86","C0079541"
"5159","2","5","7","53","14","20","25","40","186","C0079541"
"54806","2","5","7","76","153","40","38","54","75","C0079541"
"1134","2","5","8","27","70","99","162","216","290","C0079541"
"10847","2","3","12","19","31","1","426","55","78","C0079583"
"2697","2","3","7","76","153","40","38","54","75","C0079583"
"8626","2","3","3","19","221","321","428","541","667","C0079583"
"6901","2","3","2","48","170","50","304","167","593","C0079583"
"3758","2","5","8","63","36","166","106","110","158","C0079583"
"6514","2","5","7","90","216","337","448","565","562","C0079583"
"4901","2","5","3","19","151","276","91","433","673","C0079683"
"1293","2","5","7","53","51","342","454","573","492","C0079683"
"3918","2","5","7","53","51","342","454","573","492","C0079683"
"57623","2","3","3","24","119","330","214","454","144","C0079731"
"5063","2","5","7","53","14","20","34","540","68","C0079731"
"9037","2","5","7","53","51","342","454","560","492","C0079731"
"6640","2","5","7","42","36","71","177","223","219","C0079731"
"10804","2","3","12","76","153","40","38","54","75","C0079731"
"5447","2","3","5","91","214","271","372","471","586","C0079731"
"6469","2","5","3","53","221","197","259","560","422","C0079731"
"8481","2","3","12","76","153","40","38","54","75","C0079731"
"4535","2","3","2","48","170","50","119","444","556","C0079731"
"8573","2","5","7","53","36","71","341","223","219","C0079731"
"2972","2","3","2","19","33","261","116","159","211","C0079731"
"2290","2","3","3","19","221","321","428","541","667","C0079731"
"7486","2","3","12","19","31","261","116","1","86","C0079772"
"54487","2","3","2","22","33","323","66","101","136","C0079772"
"915","2","5","7","53","51","119","341","544","669","C0079772"
"7466","2","5","7","53","51","342","454","573","492","C0079772"
"3123","2","5","7","53","51","119","156","287","116","C0079772"
"4000","2","3","12","26","105","178","226","297","156","C0079772"
"2984","2","3","4","68","96","326","427","548","672","C0079772"
"3913","2","5","7","53","51","342","454","573","492","C0079772"
"1311","2","5","7","53","51","342","454","573","492","C0079772"
"1278","2","5","7","53","51","342","454","573","492","C0079772"
"348","2","5","7","53","51","342","454","573","492","C0079772"
"3758","2","5","8","63","36","166","106","110","158","C0079772"
"51360","2","3","3","26","35","276","91","433","203","C0079772"
"3981","2","3","12","19","31","261","116","1","86","C0079773"
"7157","2","3","12","19","31","261","402","489","551","C0079773"
"8139","2","3","12","41","116","268","434","468","213","C0079773"
"4920","2","5","7","53","14","20","259","560","373","C0079773"
"3798","2","3","7","76","153","40","38","54","75","C0079773"
"4990","2","3","3","19","221","321","428","541","667","C0079773"
"950","2","5","7","60","14","184","341","544","669","C0079773"
"6648","2","3","2","95","151","160","378","173","229","C0079773"
"8891","2","3","2","110","85","237","433","547","671","C0079773"
"10577","2","5","7","34","52","216","395","549","674","C0079773"
"847","2","3","7","34","52","216","395","549","674","C0079773"
"2821","2","5","7","34","52","216","395","549","577","C0079773"
"9627","2","3","12","19","31","1","426","55","78","C0079773"
"5449","2","3","3","19","221","321","428","541","667","C0079773"
"6535","2","5","8","45","94","199","240","415","666","C0079773"
"6662","2","3","3","19","221","321","428","541","667","C0079773"
"2201","2","5","7","53","51","342","454","573","492","C0079773"
"1889","2","5","4","68","96","326","427","548","672","C0079773"
"3561","2","5","7","53","14","20","25","40","186","C0079773"
"5605","2","5","7","53","14","20","34","540","68","C0079773"
"10804","2","3","12","76","153","40","38","54","75","C0079773"
"9241","2","5","7","53","51","342","259","423","389","C0079773"
"25885","2","3","12","19","31","1","426","55","78","C0079774"
"1278","2","5","7","53","51","342","454","573","492","C0079774"
"7124","2","3","12","41","219","339","156","568","697","C0079774"
"6647","2","3","2","95","2","342","378","173","702","C0079774"
"2068","2","3","12","19","31","261","116","159","211","C0079774"
"5373","2","3","2","90","167","123","158","207","278","C0079774"
"6663","2","3","3","19","221","321","428","541","667","C0079774"
"867","2","5","7","53","14","184","25","40","669","C0079774"
"4137","2","3","7","27","36","150","341","223","628","C0079774"
"8481","2","3","12","76","153","40","38","54","75","C0079924"
"116","2","5","4","68","96","326","427","548","672","C0079924"
"6622","2","3","7","27","36","150","341","223","628","C0079924"
"2296","2","3","3","19","221","321","428","541","667","C0079924"
"2896","2","5","7","34","52","216","395","549","674","C0079924"
"7015","2","3","12","19","31","1","426","55","78","C0079924"
"7249","2","3","7","60","57","110","141","359","462","C0079924"
"2582","2","3","2","78","206","324","430","429","544","C0079924"
"6556","2","3","7","34","52","216","395","549","674","C0079924"
"10806","2","3","12","76","153","40","38","54","75","C0079924"
"8675","2","5","7","60","54","24","98","66","203","C0079924"
"7466","2","5","7","53","51","342","454","573","492","C0079924"
"2260","2","5","7","53","14","20","25","40","186","C0079924"
"10269","2","3","2","48","182","50","119","444","556","C0079924"
"54463","2","3","2","48","57","110","141","359","462","C0079924"
"5605","2","5","7","53","14","20","34","540","68","C0079924"
"51259","2","3","2","76","153","40","38","54","75","C0079924"
"23545","2","3","5","29","88","132","85","222","346","C0079924"
"23767","2","5","7","53","14","20","25","40","186","C0079924"
"1280","2","5","7","53","51","342","454","573","492","C0079924"
"2892","2","5","8","63","36","166","106","110","158","C0079924"
"5327","2","5","7","53","51","342","454","573","492","C0079924"
"847","2","3","7","34","52","216","395","549","674","C0079924"
"5604","2","5","7","53","14","20","34","540","68","C0079924"
"7415","2","3","7","34","52","216","395","536","445","C0079924"
"573","2","3","12","41","219","339","347","271","356","C0079924"
"1373","2","3","8","84","97","167","210","271","536","C0079924"
"360","2","3","5","80","81","166","397","374","486","C0079924"
"11178","2","5","4","63","96","23","103","464","373","C0079924"
"1641","2","5","7","60","221","321","428","560","373","C0079924"
"54880","2","3","12","19","31","1","426","55","78","C0079924"
"7140","2","5","8","63","45","23","103","464","187","C0079924"
"54888","2","3","2","110","85","152","129","252","154","C0080024"
"25782","2","5","7","60","54","24","30","46","72","C0080024"
"8557","2","5","8","63","45","23","103","464","187","C0080024"
"356","2","5","7","53","219","339","25","489","697","C0080024"
"5663","2","5","7","34","52","216","395","549","667","C0080024"
"10060","2","3","8","41","45","23","423","464","445","C0080024"
"4734","2","3","12","41","116","268","434","468","213","C0080024"
"8504","2","3","5","47","144","185","238","310","392","C0080024"
"10617","2","3","12","48","57","110","141","359","462","C0080174"
"5479","2","3","2","53","51","342","454","573","492","C0080174"
"1630","2","5","7","53","51","335","444","560","373","C0080174"
"1301","2","5","7","53","51","342","454","573","492","C0080174"
"3350","2","5","4","68","96","326","427","548","672","C0080174"
"9217","2","3","2","50","47","39","100","321","255","C0080174"
"3371","2","5","7","53","51","342","454","573","492","C0080174"
"4998","2","3","12","76","31","261","116","1","86","C0080174"
"255738","2","5","7","53","51","342","454","573","492","C0080174"
"857","2","5","7","53","45","23","57","83","422","C0080174"
"9060","2","3","2","68","18","63","69","102","143","C0080174"
"9829","2","5","7","60","14","184","341","544","669","C0080174"
"6261","2","5","8","63","45","23","34","464","187","C0080178"
"8643","2","5","3","68","221","197","259","560","422","C0080178"
"23218","2","5","7","34","52","216","395","549","674","C0080178"
"4683","2","3","12","19","31","261","116","1","86","C0080178"
"7291","2","3","12","19","151","276","91","489","416","C0080178"
"859","2","5","8","63","45","23","103","464","187","C0080178"
"3481","2","5","7","53","51","342","454","573","492","C0080178"
"3123","2","5","7","53","51","119","156","287","116","C0080178"
"3670","2","3","2","110","85","237","433","547","671","C0080178"
"594","2","3","2","67","92","293","55","75","311","C0080178"
"3984","2","5","7","53","14","20","34","540","68","C0080178"
"950","2","5","7","60","14","184","341","544","669","C0080178"
"8890","2","3","2","110","85","237","433","547","671","C0080178"
"23534","2","3","2","22","33","323","66","101","136","C0080178"
"5159","2","5","7","53","14","20","25","40","186","C0080178"
"8867","2","3","5","60","14","184","341","544","669","C0080178"
"6391","2","3","2","48","170","50","119","444","556","C0080178"
"88","2","5","7","53","45","23","103","464","702","C0080178"
"1493","2","5","7","53","51","119","25","40","186","C0080178"
"10013","2","3","12","19","31","143","91","236","311","C0080218"
"5506","2","3","12","76","137","76","136","82","658","C0080218"
"3756","2","5","8","63","36","166","106","110","158","C0080218"
"1302","2","5","7","53","51","342","454","573","492","C0080218"
"282617","2","5","7","53","51","119","25","40","186","C0080218"
"5727","2","3","12","68","221","197","259","560","422","C0080218"
"1062","2","3","12","76","153","40","38","54","75","C0080218"
"3630","2","5","7","53","14","20","25","40","186","C0080274"
"54880","2","3","12","19","31","1","426","55","78","C0080274"
"10743","2","3","3","19","151","276","91","433","118","C0080274"
"3508","2","3","12","19","31","261","116","1","86","C0080274"
"8260","2","3","12","41","85","266","76","287","78","C0080274"
"6403","2","5","7","53","51","342","454","573","702","C0080274"
"1437","2","5","7","53","14","20","25","40","186","C0080276"
"6909","2","5","7","53","51","335","444","560","373","C0080276"
"6628","2","3","2","22","33","323","66","101","136","C0080276"
"282808","2","5","7","60","54","24","30","46","72","C0080276"
"2074","2","3","12","19","31","1","426","55","78","C0080276"
"2697","2","3","7","76","153","40","38","54","75","C0080276"
"5959","2","3","2","69","83","101","126","170","224","C0080333"
"57582","2","5","8","63","36","166","106","110","158","C0080333"
"59341","2","5","8","63","45","193","306","390","158","C0085084"
"100","2","3","5","33","21","47","56","80","199","C0085084"
"5373","2","3","2","90","167","123","158","207","278","C0085084"
"8985","2","5","7","53","51","342","454","573","492","C0085084"
"7518","2","3","12","19","31","261","116","1","86","C0085090"
"4893","2","5","7","34","52","24","30","46","72","C0085090"
"6448","2","3","5","74","160","294","376","453","567","C0085096"
"2629","2","3","5","80","81","250","291","152","420","C0085096"
"2799","2","3","7","34","52","216","395","549","33","C0085096"
"1294","2","5","7","53","51","342","454","573","492","C0085109"
"410","2","3","7","34","52","216","395","549","674","C0085109"
"7428","2","3","12","41","116","268","434","468","213","C0085109"
"6833","2","5","8","45","36","166","240","415","666","C0085109"
"2719","2","5","7","53","51","342","454","573","492","C0085109"
"100","2","3","5","33","21","47","56","80","199","C0085109"
"26608","2","3","2","22","170","50","119","463","153","C0085109"
"1080","2","3","12","41","219","339","156","544","669","C0085109"
"1636","2","3","5","80","81","166","397","418","568","C0085109"
"1908","2","5","4","68","96","326","427","548","672","C0085109"
"1392","2","5","4","68","96","326","427","548","672","C0085109"
"4668","2","3","5","21","111","188","242","313","396","C0085109"
"2022","2","5","7","53","51","342","259","423","389","C0085109"
"22891","2","3","12","76","153","40","341","54","75","C0085110"
"5243","2","3","12","41","116","268","423","536","445","C0085110"
"6714","2","5","7","53","14","20","25","40","186","C0085110"
"4038","2","5","7","53","51","342","454","573","492","C0085110"
"1146","2","5","8","27","70","99","162","216","290","C0085110"
"2072","2","3","12","19","31","261","116","1","86","C0085110"
"6399","2","5","7","60","54","24","30","46","72","C0085110"
"6678","2","5","7","53","51","342","454","573","492","C0085110"
"23408","2","3","3","19","151","276","91","433","118","C0085110"
"183","2","5","4","68","96","326","427","548","672","C0085110"
"1297","2","5","7","53","51","342","454","573","492","C0085110"
"25836","2","3","12","76","153","40","38","54","75","C0085110"
"546","2","3","12","19","31","261","426","1","86","C0085110"
"10743","2","3","3","19","151","276","91","433","118","C0085110"
"2073","2","3","12","19","31","261","116","1","86","C0085110"
"8398","2","3","5","116","183","40","38","352","455","C0085110"
"4287","2","3","12","41","116","268","434","468","215","C0085129"
"4548","2","3","2","15","85","105","139","186","245","C0085129"
"4998","2","3","12","76","31","261","116","1","86","C0085129"
"2253","2","5","7","53","14","20","25","40","186","C0085129"
"2200","2","5","7","53","51","342","454","573","492","C0085129"
"27086","2","3","12","19","221","321","428","541","667","C0085129"
"421","2","5","7","42","51","335","444","560","373","C0085129"
"2205","2","5","7","53","51","119","25","568","186","C0085129"
"3984","2","5","7","53","14","20","34","540","68","C0085129"
"5728","2","3","5","80","81","339","156","568","605","C0085129"
"3081","2","3","2","91","51","3","267","308","429","C0085129"
"4352","2","5","7","53","14","20","25","40","186","C0085129"
"3835","2","3","12","76","153","40","38","54","75","C0085131"
"5663","2","5","7","34","52","216","395","549","667","C0085131"
"54714","2","5","8","63","36","166","106","110","158","C0085136"
"8869","2","3","2","89","124","204","272","347","451","C0085136"
"4886","2","5","4","68","96","326","427","548","672","C0085159"
"3952","2","5","3","53","151","276","91","433","118","C0085159"
"1311","2","5","7","53","51","342","454","573","492","C0085159"
"79728","2","3","12","19","31","261","116","1","86","C0085159"
"7291","2","3","12","19","151","276","91","489","416","C0085159"
"4683","2","3","12","19","31","261","116","1","86","C0085159"
"22808","2","5","7","60","54","24","30","46","72","C0085159"
"7809","2","5","8","63","45","23","34","464","187","C0085159"
"4693","2","5","7","53","51","342","454","573","492","C0085159"
"10479","2","5","7","27","36","150","341","223","628","C0085159"
"4524","2","3","2","15","166","104","369","117","583","C0085159"
"867","2","5","7","53","14","184","25","40","669","C0085159"
"5396","2","3","3","19","221","321","428","541","667","C0085159"
"8893","2","3","2","110","85","237","433","547","671","C0085159"
"5156","2","5","7","53","14","20","25","40","186","C0085159"
"9241","2","5","7","53","51","342","259","423","389","C0085159"
"324","2","3","12","41","219","197","70","255","422","C0085179"
"9401","2","3","12","76","31","261","116","1","86","C0085179"
"11253","2","3","2","41","116","268","423","536","445","C0085183"
"83481","2","3","2","41","219","339","304","167","593","C0085183"
"5723","2","3","5","80","81","44","208","81","108","C0085183"
"4604","2","5","8","63","45","23","103","464","187","C0085183"
"5888","2","3","12","19","31","261","116","1","86","C0085183"
"1031","2","3","12","19","31","1","426","55","78","C0085183"
"6689","2","3","12","19","31","276","91","433","118","C0085200"
"6598","2","3","12","19","31","1","426","55","78","C0085200"
"7139","2","5","8","63","45","23","103","464","187","C0085200"
"3758","2","5","8","63","36","166","106","110","158","C0085200"
"2077","2","3","12","76","153","40","38","54","75","C0085207"
"9469","2","3","2","103","189","303","29","475","467","C0085207"
"8216","2","3","12","41","119","330","214","454","144","C0085207"
"2074","2","3","12","19","31","1","426","55","78","C0085207"
"22954","2","3","12","41","116","268","434","468","213","C0085207"
"1387","2","3","12","19","31","276","91","433","118","C0085207"
"51067","2","3","2","110","85","67","76","252","154","C0085207"
"5621","2","5","8","27","36","342","454","573","628","C0085207"
"7337","2","3","12","41","116","268","434","468","213","C0085207"
"3115","2","5","7","53","184","119","156","287","116","C0085207"
"8625","2","3","12","19","31","276","91","236","118","C0085207"
"6329","2","5","8","63","36","166","341","390","158","C0085207"
"10371","2","5","7","53","51","342","79","560","373","C0085215"
"2719","2","5","7","53","51","342","454","573","492","C0085215"
"1277","2","5","7","53","51","342","454","573","492","C0085215"
"9049","2","3","3","41","151","276","378","271","356","C0085215"
"546","2","3","12","19","31","261","426","1","86","C0085215"
"25974","2","3","7","48","51","105","139","186","245","C0085215"
"5340","2","5","7","53","51","342","454","573","492","C0085215"
"23526","2","5","7","34","52","216","395","549","72","C0085215"
"60","2","3","12","60","45","184","155","287","78","C0085215"
"1289","2","5","7","53","51","342","454","573","492","C0085220"
"3709","2","5","8","63","45","23","306","390","158","C0085220"
"144165","2","3","12","41","116","268","259","568","605","C0085220"
"3852","2","1","6","11","142","225","142","220","298","C0085220"
"1630","2","5","7","53","51","335","444","560","373","C0085220"
"23363","2","3","12","41","116","268","434","468","213","C0085261"
"1352","2","3","2","48","170","50","119","444","556","C0085261"
"1281","2","5","7","53","51","342","454","573","492","C0085269"
"10060","2","3","8","41","45","23","423","464","445","C0085269"
"51524","2","5","7","45","94","199","240","415","666","C0085271"
"5594","2","5","7","34","14","20","34","540","274","C0085271"
"22827","2","3","2","22","33","323","66","101","136","C0085271"
"9241","2","5","7","53","51","342","259","423","389","C0085271"
"4088","2","3","12","19","219","339","259","423","605","C0085271"
"549","2","3","5","80","81","166","114","155","202","C0085271"
"8985","2","5","7","53","51","342","454","573","492","C0085271"
"351","2","5","4","68","96","326","188","145","193","C0085271"
"10528","2","3","2","110","85","237","433","547","671","C0085271"
"1536","2","5","7","34","52","216","395","549","674","C0085271"
"7140","2","5","8","63","45","23","103","464","187","C0085271"
"10225","2","5","7","53","51","119","395","549","674","C0085271"
"22","2","3","2","48","170","279","423","274","154","C0085280"
"27031","2","3","6","11","142","225","38","331","506","C0085280"
"4512","2","3","2","48","170","110","141","359","8","C0085298"
"2316","2","5","7","53","51","342","454","573","702","C0085298"
"2022","2","5","7","53","51","342","259","423","389","C0085298"
"2911","2","5","4","68","96","326","427","548","672","C0085298"
"4582","2","5","7","53","206","324","430","429","544","C0085298"
"5818","2","5","7","53","51","335","444","560","373","C0085298"
"9469","2","3","2","103","189","303","29","475","467","C0085298"
"3560","2","5","7","53","14","20","25","40","186","C0085298"
"54345","2","5","3","19","221","321","428","541","667","C0085298"
"11200","2","3","12","19","31","261","116","1","86","C0085298"
"50964","2","5","3","68","221","197","259","423","422","C0085298"
"4539","2","3","2","53","184","86","107","560","195","C0085298"
"2720","2","3","7","34","52","216","395","21","599","C0085298"
"7415","2","3","7","34","52","216","395","536","445","C0085298"
"8242","2","3","12","19","31","1","426","55","78","C0085298"
"4893","2","5","7","34","52","24","30","46","72","C0085298"
"4255","2","3","12","19","31","261","116","1","86","C0085298"
"26235","2","3","12","41","116","268","434","468","213","C0085298"
"8425","2","5","7","53","51","342","454","573","492","C0085298"
"5447","2","3","5","91","214","271","372","471","586","C0085298"
"6335","2","5","8","63","36","166","341","390","158","C0085298"
"5621","2","5","8","27","36","342","454","573","628","C0085298"
"5317","2","5","7","34","52","216","142","220","298","C0085298"
"7015","2","3","12","19","31","1","426","55","78","C0085298"
"54658","2","3","2","78","205","207","67","355","138","C0085298"
"9573","2","5","7","53","51","342","259","423","389","C0085298"
"326","2","3","12","19","31","261","377","370","269","C0085298"
"1080","2","3","12","41","219","339","156","544","669","C0085298"
"3417","2","3","7","34","52","216","395","549","319","C0085298"
"26227","2","3","2","41","137","44","208","81","108","C0085307"
"5327","2","5","7","53","51","342","454","573","492","C0085307"
"6535","2","5","8","45","94","199","240","415","666","C0085307"
"2260","2","5","7","53","14","20","25","40","186","C0085307"
"3611","2","5","7","53","14","20","103","188","701","C0085307"
"2677","2","5","7","53","51","342","454","573","492","C0085307"
"51360","2","3","3","26","35","276","91","433","203","C0085390"
"2623","2","3","12","19","31","1","155","287","116","C0085390"
"1814","2","5","4","68","96","326","427","548","672","C0085390"
"4359","2","5","7","53","51","342","454","573","492","C0085396"
"5566","2","3","12","76","14","20","34","540","75","C0085396"
"11136","2","3","5","80","94","199","240","415","666","C0085396"
"9037","2","5","7","53","51","342","454","560","492","C0085397"
"4041","2","5","3","68","221","197","259","560","422","C0085397"
"27329","2","5","7","53","51","342","454","573","492","C0085397"
"8838","2","5","7","53","51","342","259","423","389","C0085400"
"3630","2","5","7","53","14","20","25","40","186","C0085400"
"4160","2","5","4","68","96","326","427","548","672","C0085400"
"3955","2","5","8","89","124","143","428","236","667","C0085400"
"5354","2","5","7","27","36","150","341","223","628","C0085400"
"1292","2","5","7","53","51","342","454","573","492","C0085400"
"4210","2","3","12","41","219","339","156","568","697","C0085400"
"6223","2","3","2","110","85","237","433","547","671","C0085400"
"4363","2","3","12","41","116","268","423","536","245","C0085400"
"5023","2","5","7","34","52","216","395","549","674","C0085413"
"1736","2","3","2","110","85","237","433","547","671","C0085413"
"6492","2","3","3","19","151","276","91","433","118","C0085413"
"2562","2","5","8","27","70","99","162","216","290","C0085413"
"1282","2","5","7","53","51","342","454","573","492","C0085413"
"4595","2","3","12","19","31","261","116","1","86","C0085413"
"5745","2","5","4","68","96","326","427","548","672","C0085541"
"583","2","3","12","76","153","40","38","54","75","C0085541"
"3117","2","5","7","53","153","119","156","287","116","C0085541"
"1200","2","3","5","80","81","178","226","297","380","C0085541"
"2290","2","3","3","19","221","321","428","541","667","C0085548"
"2697","2","3","7","76","153","40","38","54","75","C0085548"
"23274","2","5","7","53","51","119","395","549","674","C0085548"
"51626","2","3","12","76","153","40","38","54","75","C0085548"
"7249","2","3","7","60","57","110","141","359","462","C0085548"
"2271","2","3","5","80","81","166","170","226","305","C0085548"
"257","2","3","3","19","221","321","428","541","667","C0085548"
"182","2","5","7","53","51","143","428","236","667","C0085548"
"1839","2","5","7","53","14","20","25","40","186","C0085570"
"6662","2","3","3","19","221","321","428","541","667","C0085570"
"4683","2","3","12","19","31","261","116","1","86","C0085570"
"1591","2","3","5","92","163","262","136","460","566","C0085570"
"6598","2","3","12","19","31","1","426","55","78","C0085576"
"2314","2","3","12","63","45","184","103","572","658","C0085576"
"9451","2","3","2","110","51","335","226","297","380","C0085576"
"4780","2","3","12","19","31","276","91","433","118","C0085576"
"3814","2","5","4","68","96","326","427","548","672","C0085576"
"1643","2","3","12","41","116","268","434","468","213","C0085576"
"22861","2","3","12","41","219","339","156","568","697","C0085576"
"3209","2","3","3","19","221","321","428","541","667","C0085576"
"2138","2","3","12","19","31","1","426","55","78","C0085576"
"1956","2","5","7","53","14","184","45","544","669","C0085576"
"5728","2","3","5","80","81","339","156","568","605","C0085576"
"23522","2","3","12","19","31","1","426","55","78","C0085576"
"4128","2","3","5","80","81","119","402","489","416","C0085576"
"1437","2","5","7","53","14","20","25","40","186","C0085576"
"5032","2","5","4","68","96","326","427","548","672","C0085576"
"54949","2","3","2","48","170","50","119","444","556","C0085576"
"1352","2","3","2","48","170","50","119","444","556","C0085577"
"54757","2","5","7","53","51","342","454","573","492","C0085577"
"23545","2","3","5","29","88","132","85","222","346","C0085577"
"4541","2","3","2","48","170","50","119","444","24","C0085577"
"5015","2","3","3","19","221","321","428","541","667","C0085577"
"5824","2","3","5","47","144","185","238","310","392","C0085577"
"7390","2","3","5","80","81","166","132","175","473","C0085580"
"5982","2","3","12","19","31","261","116","1","86","C0085580"
"6905","2","3","12","76","153","40","38","54","75","C0085580"
"6535","2","5","8","45","94","199","240","415","666","C0085580"
"3815","2","5","7","53","14","20","25","40","186","C0085580"
"4204","2","3","12","19","31","1","426","55","78","C0085580"
"9940","2","3","5","68","221","321","428","447","586","C0085580"
"9652","2","3","2","110","85","237","433","547","671","C0085580"
"90","2","5","7","53","51","342","259","423","389","C0085580"
"10370","2","3","12","19","31","276","91","433","118","C0085580"
"8625","2","3","12","19","31","276","91","236","118","C0085580"
"4054","2","5","7","53","51","342","454","573","492","C0085580"
"4645","2","3","4","67","92","293","55","75","311","C0085580"
"3730","2","5","7","53","14","20","25","40","186","C0085581"
"1293","2","5","7","53","51","342","454","573","492","C0085581"
"4088","2","3","12","19","219","339","259","423","605","C0085581"
"3785","2","5","8","63","36","166","106","110","158","C0085581"
"6736","2","3","12","19","31","276","91","433","667","C0085581"
"3914","2","5","7","53","51","342","454","573","492","C0085581"
"2717","2","3","7","34","52","216","395","549","674","C0085581"
"6928","2","3","3","19","221","321","428","541","667","C0085581"
"79867","2","3","2","76","153","40","38","54","75","C0085581"
"4099","2","5","7","27","51","150","444","223","628","C0085581"
"930","2","5","7","53","14","119","25","40","186","C0085581"
"3835","2","3","12","76","153","40","38","54","75","C0085583"
"5621","2","5","8","27","36","342","454","573","628","C0085583"
"5339","2","5","7","53","51","342","454","573","492","C0085583"
"5727","2","3","12","68","221","197","259","560","422","C0085583"
"54345","2","5","3","19","221","321","428","541","667","C0085583"
"2131","2","3","2","74","58","112","148","181","416","C0085583"
"51626","2","3","12","76","153","40","38","54","75","C0085583"
"54487","2","3","2","22","33","323","66","101","136","C0085583"
"6663","2","3","3","19","221","321","428","541","667","C0085583"
"23345","2","3","12","19","31","1","426","55","78","C0085583"
"5116","2","3","12","76","153","40","38","54","75","C0085583"
"8048","2","5","8","63","45","23","103","464","187","C0085583"
"5832","2","3","2","101","62","189","182","509","252","C0085583"
"3891","2","1","6","11","142","225","142","220","298","C0085583"
"5885","2","3","12","76","153","40","38","54","75","C0085583"
"9451","2","3","2","110","51","335","226","297","380","C0085583"
"9419","2","5","7","60","36","71","341","223","219","C0085583"
"8820","2","3","3","19","221","321","428","541","667","C0085583"
"6888","2","3","2","90","167","266","367","500","577","C0085583"
"8988","2","3","8","63","45","160","103","464","187","C0085583"
"26154","2","3","5","47","144","185","238","310","392","C0085583"
"2261","2","5","7","53","14","20","25","40","186","C0085583"
"2067","2","3","12","19","31","261","116","1","86","C0085583"
"6870","2","5","4","68","96","326","427","548","672","C0085583"
"9126","2","3","12","76","153","40","38","54","75","C0085583"
"5727","2","3","12","68","221","197","259","560","422","C0085583"
"8820","2","3","3","19","221","321","428","541","667","C0085583"
"9533","2","3","2","19","31","1","426","55","78","C0085583"
"6655","2","5","7","60","54","24","30","46","72","C0085583"
"26191","2","5","7","53","14","20","25","40","186","C0085583"
"2796","2","5","4","68","96","326","427","548","672","C0085583"
"4322","2","5","7","53","51","342","454","573","492","C0085583"
"23411","2","3","12","19","31","1","91","433","118","C0085593"
"4281","2","5","7","53","184","119","156","287","116","C0085593"
"1475","2","1","6","11","142","225","142","220","298","C0085602"
"7259","2","3","12","19","31","1","426","55","78","C0085602"
"732","2","5","7","53","51","119","395","549","674","C0085602"
"2657","2","5","7","53","51","342","259","423","389","C0085602"
"3549","2","5","3","53","51","197","259","560","422","C0085602"
"55112","2","3","12","76","153","40","38","54","75","C0085602"
"3552","2","3","12","53","51","119","156","489","416","C0085602"
"2290","2","3","3","19","221","321","428","541","667","C0085602"
"9343","2","3","2","22","33","323","66","101","136","C0085602"
"3767","2","5","8","63","36","166","106","110","158","C0085602"
"6531","2","5","8","45","94","199","240","415","666","C0085602"
"5573","2","3","12","19","184","118","155","287","116","C0085602"
"5054","2","5","7","53","51","342","454","573","492","C0085602"
"11284","2","3","12","19","31","261","116","1","86","C0085602"
"6340","2","5","8","63","45","23","34","464","187","C0085602"
"4000","2","3","12","26","105","178","226","297","156","C0085606"
"6899","2","5","7","53","184","335","259","560","373","C0085606"
"9101","2","3","12","41","219","339","156","568","605","C0085606"
"5888","2","3","12","19","31","261","116","1","86","C0085606"
"6392","2","3","2","48","170","50","119","444","556","C0085606"
"8924","2","3","12","41","116","268","434","468","213","C0085606"
"5922","2","5","7","60","54","24","30","46","72","C0085606"
"7367","2","3","2","78","205","207","67","355","138","C0085606"
"8643","2","5","3","68","221","197","259","560","422","C0085606"
"6750","2","5","4","68","96","326","427","548","672","C0085606"
"1188","2","5","8","63","45","23","34","464","187","C0085606"
"1286","2","5","7","53","51","342","454","573","492","C0085606"
"1436","2","5","7","53","14","20","25","40","186","C0085606"
"1612","2","3","12","53","14","20","34","540","68","C0085606"
"6785","2","3","5","67","7","5","239","311","393","C0085610"
"3796","2","3","12","76","153","40","38","54","75","C0085610"
"7399","2","5","7","53","51","342","454","573","492","C0085610"
"3973","2","5","4","68","96","326","427","548","672","C0085610"
"3248","2","3","2","69","83","133","167","224","301","C0085611"
"10806","2","3","12","76","153","40","38","54","75","C0085611"
"2071","2","3","12","19","31","261","116","159","211","C0085611"
"10262","2","3","2","22","33","323","66","101","136","C0085612"
"2780","2","5","4","68","96","326","427","548","672","C0085612"
"2658","2","5","7","53","51","342","259","423","389","C0085612"
"4998","2","3","12","76","31","261","116","1","86","C0085612"
"4000","2","3","12","26","105","178","226","297","156","C0085612"
"1861","2","5","7","60","14","184","341","544","669","C0085612"
"26227","2","3","2","41","137","44","208","81","108","C0085612"
"5213","2","3","2","90","167","266","367","500","577","C0085612"
"3575","2","5","7","53","51","184","341","544","669","C0085612"
"5518","2","3","12","76","153","40","38","54","435","C0085612"
"55145","2","3","2","22","33","225","142","220","140","C0085612"
"538","2","3","8","63","45","23","103","464","187","C0085614"
"6005","2","3","2","16","197","45","155","78","695","C0085614"
"54453","2","5","7","60","54","24","30","46","72","C0085614"
"7428","2","3","12","41","116","268","434","468","213","C0085614"
"6334","2","5","8","63","36","166","341","223","158","C0085614"
"1548","2","3","5","91","214","226","326","447","586","C0085615"
"1280","2","5","7","53","51","342","454","573","492","C0085615"
"2316","2","5","7","53","51","342","454","573","702","C0085615"
"8313","2","3","12","41","219","339","156","568","605","C0085615"
"658","2","5","7","53","51","342","259","423","389","C0085615"
"1636","2","3","5","80","81","166","397","418","568","C0085623"
"189","2","3","5","43","161","305","409","208","482","C0085623"
"9896","2","3","5","80","81","296","399","201","274","C0085623"
"3508","2","3","12","19","31","261","116","1","86","C0085623"
"6598","2","3","12","19","31","1","426","55","78","C0085623"
"28976","2","3","2","48","170","50","247","322","446","C0085623"
"7249","2","3","7","60","57","110","141","359","462","C0085623"
"9970","2","3","3","19","151","276","91","433","118","C0085623"
"5447","2","3","5","91","214","271","372","471","586","C0085623"
"4548","2","3","2","15","85","105","139","186","245","C0085623"
"11093","2","5","7","53","51","342","454","573","492","C0085623"
"7297","2","5","7","53","184","119","25","40","186","C0085623"
"2304","2","3","12","19","221","321","428","541","667","C0085623"
"6303","2","3","2","67","118","160","261","188","423","C0085631"
"81839","2","3","2","41","36","71","259","64","422","C0085631"
"6329","2","5","8","63","36","166","341","390","158","C0085631"
"4882","2","3","4","68","96","326","427","548","672","C0085631"
"10907","2","3","2","22","33","323","66","101","136","C0085631"
"55135","2","3","12","76","137","76","136","472","435","C0085631"
"3383","2","5","7","53","51","119","454","287","116","C0085631"
"57680","2","3","12","19","31","1","426","55","78","C0085631"
"6647","2","3","2","95","2","342","378","173","702","C0085631"
"2658","2","5","7","53","51","342","259","423","389","C0085631"
"22856","2","3","2","78","189","303","251","320","403","C0085631"
"4935","2","5","4","68","96","326","427","548","672","C0085631"
"2263","2","5","7","53","14","20","25","40","186","C0085631"
"11200","2","3","12","19","31","261","116","1","86","C0085631"
"5190","2","3","5","43","161","305","409","208","482","C0085631"
"10555","2","3","7","34","52","216","395","549","622","C0085631"
"1908","2","5","4","68","96","326","427","548","672","C0085632"
"10265","2","3","3","19","221","321","428","541","667","C0085632"
"23765","2","3","12","41","219","238","252","489","416","C0085632"
"51360","2","3","3","26","35","276","91","433","203","C0085632"
"53834","2","5","7","53","51","342","454","573","492","C0085632"
"4313","2","5","7","53","51","342","454","573","492","C0085632"
"1052","2","3","3","19","151","276","91","433","118","C0085632"
"1727","2","3","7","34","52","216","395","549","197","C0085632"
"1371","2","3","5","17","24","261","116","164","6","C0085632"
"3381","2","5","7","53","51","342","454","573","492","C0085632"
"22891","2","3","12","76","153","40","341","54","75","C0085632"
"2072","2","3","12","19","31","261","116","1","86","C0085632"
"80169","2","3","12","19","31","261","116","1","86","C0085632"
"3759","2","5","8","63","36","166","106","110","158","C0085632"
"5573","2","3","12","19","184","118","155","287","116","C0085632"
"51715","2","5","7","60","54","24","30","46","72","C0085632"
"23384","2","3","12","63","45","184","103","572","658","C0085655"
"5591","2","3","12","19","31","261","116","1","86","C0085655"
"9896","2","3","5","80","81","296","399","201","274","C0085655"
"51119","2","3","2","110","85","237","433","547","671","C0085655"
"2294","2","3","3","19","221","321","428","541","667","C0085655"
"51199","2","3","12","76","153","40","38","54","75","C0085660"
"8139","2","3","12","41","116","268","434","468","213","C0085660"
"2187","2","3","12","19","31","261","116","1","86","C0085660"
"55315","2","3","5","80","81","296","62","94","150","C0085660"
"2263","2","5","7","53","14","20","25","40","186","C0085660"
"6337","2","5","8","63","45","23","34","464","187","C0085660"
"27031","2","3","6","11","142","225","38","331","506","C0085660"
"1292","2","5","7","53","51","342","454","573","492","C0085660"
"8626","2","3","3","19","221","321","428","541","667","C0085661"
"242","2","3","5","11","142","223","142","220","298","C0085661"
"5818","2","5","7","53","51","335","444","560","373","C0085661"
"1186","2","5","8","63","45","23","34","464","187","C0085661"
"5654","2","5","7","53","51","342","454","573","492","C0085661"
"27229","2","3","12","76","153","40","38","54","75","C0085661"
"6792","2","5","7","53","14","20","34","540","68","C0085669"
"55636","2","3","3","19","221","321","428","423","389","C0085669"
"5595","2","3","7","53","14","20","34","540","68","C0085669"
"8575","2","3","2","22","33","323","66","101","194","C0085669"
"2623","2","3","12","19","31","1","155","287","116","C0085669"
"1967","2","3","2","110","85","237","433","547","671","C0085669"
"2110","2","3","2","48","170","50","119","444","556","C0085679"
"1080","2","3","12","41","219","339","156","544","669","C0085679"
"51067","2","3","2","110","85","67","76","252","154","C0085680"
"7337","2","3","12","41","116","268","434","468","213","C0085680"
"5002","2","5","8","45","94","199","240","415","666","C0085680"
"1437","2","5","7","53","14","20","25","40","186","C0085680"
"26191","2","5","7","53","14","20","25","40","186","C0085680"
"23230","2","5","7","11","142","71","341","560","219","C0085680"
"1958","2","3","12","19","31","276","91","433","116","C0085681"
"5122","2","5","4","27","36","184","141","359","411","C0085681"
"2263","2","5","7","53","14","20","25","40","186","C0085681"
"7476","2","5","3","68","221","197","259","560","422","C0085681"
"3741","2","5","8","63","36","166","106","110","158","C0085681"
"9968","2","4","3","24","119","330","214","454","144","C0085681"
"9731","2","3","12","76","153","40","38","54","75","C0085681"
"3600","2","5","7","53","51","119","25","40","186","C0085681"
"2260","2","5","7","53","14","20","25","40","186","C0085681"
"5744","2","5","4","68","96","326","427","548","672","C0085681"
"7287","2","5","7","11","142","71","341","560","219","C0085681"
"5605","2","5","7","53","14","20","34","540","68","C0085681"
"5195","2","3","5","43","161","305","409","208","482","C0085681"
"1027","2","3","12","19","31","1","116","1","86","C0085681"
"3663","2","3","12","53","184","119","156","287","116","C0085681"
"3909","2","5","7","53","51","342","454","573","492","C0085681"
"6311","2","3","2","22","33","323","66","362","468","C0085681"
"1188","2","5","8","63","45","23","34","464","187","C0085682"
"54345","2","5","3","19","221","321","428","541","667","C0085682"
"5447","2","3","5","91","214","271","372","471","586","C0085682"
"2483","2","3","2","22","33","323","66","101","136","C0085682"
"7157","2","3","12","19","31","261","402","489","551","C0085682"
"29954","2","5","2","27","206","324","430","215","290","C0085682"
"2074","2","3","12","19","31","1","426","55","78","C0085682"
"8891","2","3","2","110","85","237","433","547","671","C0085682"
"4221","2","3","12","19","31","342","454","573","492","C0085682"
"389434","2","3","2","36","48","89","110","400","341","C0085682"
"547","2","3","7","76","153","40","38","54","75","C0085682"
"5728","2","3","5","80","81","339","156","568","605","C0085682"
"4256","2","5","7","53","51","342","454","573","492","C0085682"
"2950","2","5","7","34","52","216","395","549","674","C0085682"
"7428","2","3","12","41","116","268","434","468","213","C0085682"
"7516","2","3","12","19","31","261","116","1","86","C0085682"
"2317","2","5","7","63","45","23","103","287","664","C0085682"
"1896","2","5","12","41","219","339","156","568","697","C0085682"
"4001","2","3","12","76","31","40","38","54","75","C0085684"
"5728","2","3","5","80","81","339","156","568","605","C0085684"
"54757","2","5","7","53","51","342","454","573","492","C0085684"
"5745","2","5","4","68","96","326","427","548","672","C0085684"
"1487","2","3","12","19","31","1","426","55","340","C0085684"
"1499","2","3","12","19","221","197","259","560","422","C0085684"
"55703","2","3","2","22","33","261","116","159","211","C0085684"
"7148","2","5","7","53","51","342","454","573","492","C0085684"
"103","2","3","2","110","184","119","156","287","116","C0085684"
"4990","2","3","3","19","221","321","428","541","667","C0085684"
"1277","2","5","7","53","51","342","454","573","492","C0085684"
"2653","2","3","2","67","104","214","234","306","388","C0085684"
"695","2","5","7","53","14","20","25","40","186","C0085684"
"54862","2","3","12","76","153","40","38","54","75","C0085684"
"4318","2","5","7","34","52","216","395","573","492","C0085684"
"4843","2","3","5","43","161","305","409","489","416","C0085684"
"11200","2","3","12","19","31","261","116","1","86","C0085684"
"4292","2","3","12","19","31","261","116","1","86","C0085684"
"9343","2","3","2","22","33","323","66","101","136","C0085684"
"6870","2","5","4","68","96","326","427","548","672","C0085684"
"1584","2","3","5","79","159","256","276","353","456","C0085684"
"51604","2","3","2","61","77","142","176","235","317","C0085684"
"5696","2","3","12","41","116","268","156","568","116","C0085684"
"10682","2","5","4","68","96","326","48","69","204","C0085684"
"51085","2","3","2","48","57","110","141","359","462","C0085684"
"3728","2","5","7","34","52","225","142","220","298","C0085684"
"2584","2","3","2","72","117","196","257","326","46","C0085684"
"2702","2","3","12","76","153","40","38","54","75","C0085702"
"4893","2","5","7","34","52","24","30","46","72","C0085702"
"10749","2","3","7","76","153","40","38","54","75","C0085702"
"2516","2","3","3","19","151","276","91","433","118","C0086132"
"331","2","3","12","41","219","339","156","568","697","C0086132"
"1917","2","3","12","41","219","339","347","572","658","C0086132"
"54968","2","3","2","48","170","50","119","444","556","C0086132"
"6598","2","3","12","19","31","1","426","55","78","C0086132"
"7136","2","5","8","63","45","23","103","464","187","C0086132"
"5972","2","5","5","34","52","216","397","418","568","C0086132"
"7124","2","3","12","41","219","339","156","568","697","C0086132"
"1760","2","5","8","63","14","20","34","540","68","C0086132"
"5130","2","3","2","85","143","286","51","488","102","C0086132"
"55636","2","3","3","19","221","321","428","423","389","C0086132"
"23396","2","3","7","60","14","184","341","544","669","C0086132"
"3507","2","5","7","53","51","119","395","549","674","C0086132"
"10262","2","3","2","22","33","323","66","101","136","C0086132"
"6935","2","3","3","19","221","321","428","541","667","C0086132"
"2588","2","3","7","34","52","216","395","549","674","C0086132"
"5727","2","3","12","68","221","197","259","560","422","C0086132"
"4222","2","3","3","19","221","321","428","541","667","C0086132"
"6908","2","3","12","19","31","1","116","159","211","C0086132"
"1806","2","3","2","49","23","186","149","195","61","C0086132"
"3664","2","5","7","53","184","119","156","287","116","C0086132"
"2188","2","3","12","19","31","261","116","1","86","C0086132"
"5605","2","5","7","53","14","20","34","540","68","C0086132"
"1288","2","5","7","53","51","342","454","573","492","C0086132"
"79809","2","3","12","76","153","40","38","54","75","C0086132"
"4935","2","5","4","68","96","326","427","548","672","C0086132"
"695","2","5","7","53","14","20","25","40","186","C0086132"
"10195","2","3","2","48","69","99","162","216","290","C0086132"
"224","2","3","5","50","47","39","202","19","233","C0086132"
"6812","2","5","7","27","36","150","341","223","628","C0086439"
"1956","2","5","7","53","14","184","45","544","669","C0086439"
"617","2","3","2","48","170","50","304","167","593","C0086439"
"9928","2","3","12","76","153","40","38","54","75","C0086439"
"2778","2","5","4","68","96","326","427","548","672","C0086439"
"779","2","5","8","63","36","166","341","390","158","C0086439"
"8878","2","3","12","41","219","339","156","568","697","C0086439"
"50939","2","3","12","76","153","40","38","472","435","C0086439"
"1890","2","3","5","80","81","296","62","94","150","C0086439"
"5972","2","5","5","34","52","216","397","418","568","C0086439"
"2332","2","3","2","22","33","71","373","466","609","C0086439"
"3717","2","5","7","53","14","20","25","40","186","C0086439"
"1717","2","3","2","19","151","276","48","69","204","C0086439"
"3557","2","3","12","41","219","339","156","568","697","C0086439"
"659","2","5","7","53","14","20","259","423","389","C0086439"
"4726","2","3","2","48","170","50","119","444","556","C0086439"
"79719","2","5","7","60","181","184","341","544","669","C0086439"
"54551","2","3","12","41","219","197","156","568","422","C0086439"
"5657","2","5","7","34","52","216","395","549","674","C0086439"
"3783","2","5","8","63","36","166","106","110","158","C0086533"
"7436","2","5","7","53","51","342","341","544","669","C0086533"
"2316","2","5","7","53","51","342","454","573","702","C0086795"
"7040","2","5","7","53","51","342","454","573","492","C0086795"
"1497","2","5","2","63","182","50","103","297","628","C0086795"
"54332","2","3","2","60","170","40","98","66","203","C0086795"
"5583","2","5","7","53","14","20","34","540","68","C0086795"
"6197","2","3","12","19","14","20","34","540","68","C0086795"
"7421","2","3","3","19","151","276","91","433","118","C0086795"
"3047","2","3","12","19","31","118","155","287","116","C0086795"
"673","2","5","7","53","14","20","34","540","68","C0086795"
"7068","2","3","3","19","151","276","91","433","118","C0086795"
"10210","2","3","12","41","116","268","434","468","213","C0086795"
"207","2","3","7","53","14","20","34","489","416","C0086795"
"7291","2","3","12","19","151","276","91","489","416","C0087012"
"4261","2","3","12","53","184","119","156","287","116","C0087012"
"4582","2","5","7","53","206","324","430","429","544","C0087012"
"4286","2","3","12","19","31","261","116","1","664","C0087012"
"6655","2","5","7","60","54","24","30","46","72","C0087012"
"6016","2","5","7","60","54","24","30","46","72","C0087012"
"3313","2","3","2","48","170","50","304","167","593","C0087012"
"1290","2","5","7","53","51","342","454","573","492","C0087012"
"5970","2","3","12","19","31","276","91","433","118","C0087012"
"547","2","3","7","76","153","40","38","54","75","C0087012"
"3717","2","5","7","53","14","20","25","40","186","C0087012"
"3586","2","5","7","53","51","119","25","489","416","C0087012"
"4982","2","5","12","41","219","339","156","568","697","C0087012"
"5159","2","5","7","53","14","20","25","40","186","C0087012"
"4047","2","3","3","19","151","276","91","433","118","C0087012"
"208","2","5","7","53","14","20","34","540","68","C0087012"
"1201","2","3","2","48","170","50","304","167","593","C0149516"
"2317","2","5","7","63","45","23","103","287","664","C0149516"
"5395","2","3","12","19","31","261","116","1","86","C0149516"
"4000","2","3","12","26","105","178","226","297","156","C0149516"
"2108","2","3","2","48","170","50","119","444","556","C0149516"
"473","2","3","12","19","31","1","426","55","78","C0149516"
"4000","2","3","12","26","105","178","226","297","156","C0149516"
"4000","2","3","12","26","105","178","226","297","156","C0149516"
"5244","2","3","3","41","151","276","91","433","118","C0149516"
"8200","2","5","7","53","51","342","259","423","389","C0149521"
"2316","2","5","7","53","51","342","454","573","702","C0149521"
"26270","2","3","12","41","116","268","434","468","213","C0149521"
"1717","2","3","2","19","151","276","48","69","204","C0149521"
"10804","2","3","12","76","153","40","38","54","75","C0149521"
"1075","2","5","7","34","52","216","395","549","674","C0149521"
"4626","2","5","8","63","45","23","103","464","187","C0149521"
"4763","2","5","7","60","54","24","30","46","214","C0149521"
"6041","2","3","12","53","184","119","156","287","116","C0149521"
"5428","2","3","2","48","170","50","119","167","593","C0149630"
"4860","2","3","7","34","52","216","395","549","150","C0149630"
"3440","2","3","12","19","184","118","155","287","116","C0149630"
"23426","2","5","7","42","36","71","177","223","219","C0149630"
"215","2","3","5","47","144","185","238","310","392","C0149630"
"950","2","5","7","60","14","184","341","544","669","C0149630"
"4547","2","5","7","53","51","342","454","573","492","C0149630"
"2187","2","3","12","19","31","261","116","1","86","C0149630"
"1412","2","5","6","11","142","225","243","177","673","C0149630"
"5449","2","3","3","19","221","321","428","541","667","C0149630"
"2161","2","5","7","68","51","119","395","549","674","C0149630"
"4626","2","5","8","63","45","23","103","464","187","C0149630"
"6197","2","3","12","19","14","20","34","540","68","C0149630"
"7421","2","3","3","19","151","276","91","433","118","C0149630"
"966","2","5","7","34","52","216","395","549","674","C0149630"
"5696","2","3","12","41","116","268","156","568","116","C0149630"
"3868","2","1","6","11","142","225","142","220","298","C0149645"
"1528","2","3","5","91","214","271","372","471","586","C0149645"
"94","2","5","7","53","51","342","259","423","389","C0149645"
"673","2","5","7","53","14","20","34","540","68","C0149645"
"356","2","5","7","53","219","339","25","489","697","C0149645"
"8647","2","3","5","46","158","252","352","449","563","C0149645"
"1786","2","3","12","19","31","1","426","55","78","C0149649"
"641","2","3","12","19","31","261","116","1","86","C0149649"
"4089","2","3","12","19","219","339","259","423","605","C0149651"
"3909","2","5","7","53","51","342","454","573","492","C0149651"
"673","2","5","7","53","14","20","34","540","68","C0149651"
"6794","2","3","12","53","14","20","34","540","68","C0149651"
"857","2","5","7","53","45","23","57","83","422","C0149651"
"6495","2","3","3","19","221","321","428","541","667","C0149651"
"6899","2","5","7","53","184","335","259","560","373","C0149651"
"1289","2","5","7","53","51","342","454","573","492","C0149651"
"5077","2","3","3","19","221","321","428","541","667","C0149651"
"9992","2","5","8","63","36","166","341","110","158","C0149704"
"8195","2","3","12","76","153","76","38","54","75","C0149704"
"2099","2","3","12","19","151","276","91","433","118","C0149704"
"2146","2","3","12","19","31","1","426","55","78","C0149725"
"55120","2","3","12","19","31","261","116","1","86","C0149725"
"4361","2","3","12","19","31","261","116","1","86","C0149725"
"5604","2","5","7","53","14","20","34","540","68","C0149725"
"79823","2","3","4","68","45","272","347","518","621","C0149725"
"9289","2","5","4","68","96","326","427","548","672","C0149725"
"94","2","5","7","53","51","342","259","423","389","C0149725"
"6239","2","3","12","19","119","330","214","454","144","C0149725"
"7518","2","3","12","19","31","261","116","1","86","C0149725"
"6197","2","3","12","19","14","20","34","540","68","C0149725"
"6094","2","3","2","27","83","326","126","414","702","C0149725"
"1555","2","3","5","91","214","271","372","480","598","C0149725"
"27077","2","3","12","76","153","40","38","54","75","C0149744"
"7319","2","3","12","41","116","268","434","468","213","C0149744"
"6329","2","5","8","63","36","166","341","390","158","C0149745"
"5894","2","5","7","60","54","23","34","464","187","C0149745"
"29958","2","3","5","19","31","1","325","410","527","C0149745"
"9968","2","4","3","24","119","330","214","454","144","C0149745"
"2623","2","3","12","19","31","1","155","287","116","C0149745"
"2260","2","5","7","53","14","20","25","40","186","C0149745"
"9517","2","3","2","50","47","39","100","321","638","C0149745"
"6017","2","3","2","69","83","101","126","170","224","C0149745"
"384","2","3","5","80","81","166","210","278","360","C0149745"
"51103","2","3","2","48","170","50","119","444","556","C0149745"
"2588","2","3","7","34","52","216","395","549","674","C0149745"
"6716","2","3","2","69","98","169","299","50","494","C0149745"
"2255","2","5","7","53","14","20","25","40","186","C0149745"
"2314","2","3","12","63","45","184","103","572","658","C0149745"
"9663","2","3","5","80","81","296","51","488","102","C0149745"
"1296","2","5","7","53","51","342","454","573","492","C0149745"
"3039","2","3","5","35","41","118","155","287","116","C0149754"
"6440","2","5","5","68","96","185","238","310","272","C0149754"
"10555","2","3","7","34","52","216","395","549","622","C0149754"
"2668","2","5","7","53","14","20","25","40","186","C0149754"
"7124","2","3","12","41","219","339","156","568","697","C0149754"
"673","2","5","7","53","14","20","34","540","68","C0149754"
"54888","2","3","2","110","85","152","129","252","154","C0149754"
"9622","2","5","7","68","51","119","395","549","674","C0149754"
"4952","2","3","5","60","54","184","30","544","669","C0149754"
"6736","2","3","12","19","31","276","91","433","667","C0149754"
"8795","2","5","7","41","219","339","156","568","697","C0149754"
"7053","2","3","6","11","142","225","142","220","298","C0149754"
"4125","2","3","7","34","52","216","395","549","674","C0149754"
"10134","2","3","2","41","219","339","156","536","342","C0149770"
"338","2","5","7","53","51","342","454","573","492","C0149770"
"60681","2","3","12","48","124","75","136","271","212","C0149770"
"435","2","3","8","84","97","167","210","278","360","C0149770"
"5961","2","5","7","27","51","326","126","414","702","C0149770"
"567","2","5","7","34","52","119","395","549","674","C0149793"
"60529","2","3","3","19","221","321","428","541","667","C0149793"
"50943","2","3","12","19","31","1","426","129","131","C0149793"
"51684","2","3","12","41","116","268","38","54","75","C0149793"
"383","2","3","7","34","52","216","395","549","674","C0149793"
"2138","2","3","12","19","31","1","426","55","78","C0149793"
"6469","2","5","3","53","221","197","259","560","422","C0149793"
"7476","2","5","3","68","221","197","259","560","422","C0149793"
"19","2","3","3","19","151","276","91","433","118","C0149821"
"29893","2","3","12","19","31","1","426","55","78","C0149821"
"2556","2","5","8","27","70","99","162","216","290","C0149871"
"23729","2","3","2","90","167","148","36","51","383","C0149871"
"6899","2","5","7","53","184","335","259","560","373","C0149871"
"8671","2","5","8","45","94","199","240","415","666","C0149871"
"6866","2","5","4","68","96","326","427","548","672","C0149871"
"6678","2","5","7","53","51","342","454","573","492","C0149871"
"4846","2","3","5","41","219","75","243","44","64","C0149871"
"1499","2","3","12","19","221","197","259","560","422","C0149871"
"6910","2","3","12","19","51","335","444","560","373","C0149887"
"7290","2","3","12","19","31","1","426","55","78","C0149887"
"23322","2","3","12","76","153","40","38","54","75","C0149887"
"6690","2","5","7","68","51","119","395","549","674","C0149910"
"3115","2","5","7","53","184","119","156","287","116","C0149910"
"1758","2","5","7","53","51","342","454","573","492","C0149940"
"7050","2","3","12","19","31","321","428","541","667","C0149940"
"26235","2","3","12","41","116","268","434","468","213","C0149940"
"23742","2","5","5","68","96","326","427","447","586","C0149940"
"23394","2","3","12","19","31","335","444","236","373","C0149951"
"4000","2","3","12","26","105","178","226","297","156","C0149951"
"3769","2","5","8","63","36","166","106","110","158","C0149951"
"10585","2","5","2","27","206","324","430","215","290","C0149955"
"285203","2","5","5","68","51","342","448","85","595","C0149955"
"1161","2","3","12","41","116","268","434","468","213","C0149955"
"6845","2","5","7","60","14","184","341","544","669","C0149958"
"23451","2","3","2","22","33","323","66","101","136","C0149958"
"833","2","3","2","110","85","237","433","547","154","C0149958"
"6690","2","5","7","68","51","119","395","549","674","C0149958"
"5080","2","3","3","19","221","321","428","541","667","C0149958"
"633","2","5","7","53","51","342","454","573","492","C0149958"
"93","2","5","7","53","14","20","259","423","389","C0149958"
"726","2","5","7","53","51","342","454","573","492","C0149958"
"23384","2","3","12","63","45","184","103","572","658","C0149958"
"5327","2","5","7","53","51","342","454","573","492","C0150055"
"2260","2","5","7","53","14","20","25","40","186","C0150055"
"4854","2","5","7","53","51","143","428","236","667","C0150080"
"4791","2","3","12","41","219","339","156","568","697","C0150080"
"1414","2","5","6","11","45","160","362","177","673","C0150080"
"91147","2","3","12","76","153","40","38","54","75","C0150993"
"4803","2","5","7","60","54","24","30","46","72","C0150993"
"190","2","3","3","19","151","276","91","433","118","C0150993"
"779","2","5","8","63","36","166","341","390","158","C0150993"
"7468","2","3","12","19","31","1","426","55","78","C0150993"
"3481","2","5","7","53","51","342","454","573","492","C0150993"
"2324","2","5","7","53","14","20","25","40","186","C0151205"
"875","2","3","5","80","137","44","21","451","316","C0151205"
"7132","2","3","12","41","219","339","156","568","697","C0151205"
"5015","2","3","3","19","221","321","428","541","667","C0151205"
"6870","2","5","4","68","96","326","427","548","672","C0151205"
"8440","2","5","7","60","14","20","25","40","215","C0151205"
"51360","2","3","3","26","35","276","91","433","203","C0151205"
"3832","2","3","12","76","153","40","38","54","75","C0151205"
"2071","2","3","12","19","31","261","116","159","211","C0151205"
"2033","2","3","12","19","31","1","91","433","118","C0151205"
"1285","2","5","7","53","51","342","454","573","492","C0151205"
"1736","2","3","2","110","85","237","433","547","671","C0151205"
"3553","2","5","7","53","51","119","25","489","416","C0151205"
"627","2","5","7","53","51","335","444","423","373","C0151311"
"5376","2","5","7","53","51","342","454","573","492","C0151311"
"1807","2","3","5","80","23","186","79","560","273","C0151311"
"10269","2","3","2","48","182","50","119","444","556","C0151311"
"2072","2","3","12","19","31","261","116","1","86","C0151311"
"6154","2","3","2","110","85","237","433","547","671","C0151311"
"6938","2","3","12","19","31","1","426","55","78","C0151311"
"27089","2","3","2","48","170","50","119","444","542","C0151311"
"55624","2","3","2","78","123","194","255","215","412","C0151311"
"10815","2","5","7","60","36","71","341","223","666","C0151311"
"546","2","3","12","19","31","261","426","1","86","C0151311"
"83959","2","5","2","27","36","150","136","106","628","C0151313"
"3123","2","5","7","53","51","119","156","287","116","C0151313"
"1499","2","3","12","19","221","197","259","560","422","C0151313"
"1290","2","5","7","53","51","342","454","573","492","C0151313"
"5063","2","5","7","53","14","20","34","540","68","C0151313"
"859","2","5","8","63","45","23","103","464","187","C0151313"
"4256","2","5","7","53","51","342","454","573","492","C0151313"
"3930","2","3","2","22","33","323","66","3","464","C0151313"
"5332","2","3","4","68","96","326","427","548","672","C0151313"
"5447","2","3","5","91","214","271","372","471","586","C0151313"
"7157","2","3","12","19","31","261","402","489","551","C0151313"
"6303","2","3","2","67","118","160","261","188","423","C0151313"
"23556","2","3","2","61","77","142","176","235","317","C0151313"
"1278","2","5","7","53","51","342","454","573","492","C0151313"
"10743","2","3","3","19","151","276","91","433","118","C0151313"
"2969","2","3","12","19","31","276","91","433","118","C0151313"
"7317","2","3","12","41","116","268","434","468","213","C0151313"
"3845","2","5","7","60","54","24","30","46","72","C0151313"
"3627","2","5","4","68","96","326","427","548","672","C0151313"
"11200","2","3","12","19","31","261","116","1","86","C0151313"
"10913","2","3","12","41","219","339","156","568","697","C0151379"
"4313","2","5","7","53","51","342","454","573","492","C0151379"
"7353","2","3","12","41","219","339","156","568","605","C0151379"
"538","2","3","8","63","45","23","103","464","187","C0151468"
"473","2","3","12","19","31","1","426","55","78","C0151468"
"593","2","3","2","67","92","293","55","75","311","C0151468"
"26012","2","3","12","19","31","261","116","159","211","C0151468"
"1030","2","3","12","19","31","1","426","55","78","C0151468"
"50943","2","3","12","19","31","1","426","129","131","C0151468"
"5080","2","3","3","19","221","321","428","541","667","C0151468"
"348","2","5","7","53","51","342","454","573","492","C0151468"
"2483","2","3","2","22","33","323","66","101","136","C0151468"
"324","2","3","12","41","219","197","70","255","422","C0151480"
"23639","2","3","12","41","219","261","136","271","356","C0151480"
"3908","2","5","7","53","51","342","454","573","492","C0151480"
"2969","2","3","12","19","31","276","91","433","118","C0151480"
"5111","2","3","12","19","31","261","116","1","86","C0151480"
"1277","2","5","7","53","51","342","454","573","492","C0151480"
"6683","2","3","12","76","153","40","38","54","75","C0151480"
"5573","2","3","12","19","184","118","155","287","116","C0151480"
"2261","2","5","7","53","14","20","25","40","186","C0151480"
"1513","2","5","7","53","51","342","454","573","492","C0151480"
"25939","2","3","12","53","184","119","156","287","116","C0151480"
"3930","2","3","2","22","33","323","66","3","464","C0151480"
"10806","2","3","12","76","153","40","38","54","75","C0151480"
"308","2","5","7","53","51","342","454","573","702","C0151480"
"551","2","5","4","68","96","326","427","548","672","C0151480"
"8314","2","3","12","41","31","1","426","55","78","C0151480"
"9842","2","3","5","76","155","76","291","152","420","C0151480"
"25970","2","5","7","53","14","20","25","40","116","C0151480"
"4221","2","3","12","19","31","342","454","573","492","C0151491"
"6531","2","5","8","45","94","199","240","415","666","C0151491"
"5913","2","5","7","27","36","71","341","223","219","C0151491"
"1535","2","5","7","34","52","216","395","549","674","C0151491"
"2538","2","3","5","90","216","333","438","561","689","C0151491"
"2261","2","5","7","53","14","20","25","40","186","C0151514"
"2261","2","5","7","53","14","20","25","40","186","C0151514"
"1280","2","5","7","53","51","342","454","573","492","C0151514"
"4137","2","3","7","27","36","150","341","223","628","C0151514"
"7051","2","1","6","11","142","225","142","220","298","C0151514"
"8642","2","5","7","53","51","335","444","560","373","C0151514"
"4352","2","5","7","53","14","20","25","40","186","C0151514"
"10232","2","5","7","53","51","342","454","573","492","C0151514"
"54101","2","3","2","48","170","50","347","167","593","C0151514"
"2006","2","5","7","53","51","342","454","573","492","C0151514"
"22930","2","5","7","60","54","24","30","46","72","C0151514"
"7124","2","3","12","41","219","339","156","568","697","C0151514"
"5506","2","3","12","76","137","76","136","82","658","C0151514"
"79001","2","5","2","48","52","342","240","569","666","C0151514"
"7050","2","3","12","19","31","321","428","541","667","C0151514"
"7291","2","3","12","19","151","276","91","489","416","C0151514"
"2705","2","3","12","76","153","40","38","54","75","C0151514"
"2261","2","5","7","53","14","20","25","40","186","C0151514"
"10269","2","3","2","48","182","50","119","444","556","C0151514"
"6911","2","5","6","19","142","335","259","560","373","C0151514"
"5450","2","3","12","19","221","261","116","159","211","C0151514"
"1736","2","3","2","110","85","237","433","547","671","C0151514"
"6567","2","5","8","35","41","77","40","57","80","C0151514"
"53947","2","3","2","78","114","192","254","319","408","C0151514"
"7248","2","3","2","48","57","110","141","359","462","C0151514"
"22796","2","5","7","60","153","40","38","66","203","C0151516"
"4784","2","3","2","22","33","261","116","159","211","C0151516"
"7471","2","5","3","68","221","197","259","560","422","C0151516"
"25970","2","5","7","53","14","20","25","40","116","C0151516"
"55650","2","3","2","61","77","142","176","235","557","C0151517"
"23314","2","3","3","19","221","321","428","541","667","C0151517"
"182","2","5","7","53","51","143","428","236","667","C0151517"
"57510","2","3","12","76","33","323","38","54","664","C0151529"
"1528","2","3","5","91","214","271","372","471","586","C0151529"
"1280","2","5","7","53","51","342","454","573","492","C0151529"
"2896","2","5","7","34","52","216","395","549","674","C0151529"
"3918","2","5","7","53","51","342","454","573","492","C0151529"
"1896","2","5","12","41","219","339","156","568","697","C0151529"
"1634","2","5","7","53","51","342","454","573","492","C0151529"
"1476","2","5","7","34","52","216","395","549","674","C0151529"
"26277","2","3","12","19","31","1","426","1","78","C0151529"
"673","2","5","7","53","14","20","34","540","68","C0151529"
"7827","2","5","7","53","170","335","25","560","373","C0151529"
"2932","2","3","12","19","14","197","34","540","68","C0151529"
"8540","2","3","5","43","161","305","409","208","482","C0151529"
"196","2","3","3","19","151","276","91","433","118","C0151529"
"11254","2","3","8","45","94","199","240","415","666","C0151529"
"4621","2","5","8","63","45","23","103","464","187","C0151529"
"6311","2","3","2","22","33","323","66","362","468","C0151529"
"9210","2","5","7","53","51","342","454","573","492","C0151529"
"6223","2","3","2","110","85","237","433","547","671","C0151529"
"5290","2","3","7","53","14","20","25","40","186","C0151529"
"6584","2","3","8","45","94","199","240","415","666","C0151529"
"6928","2","3","3","19","221","321","428","541","667","C0151529"
"5077","2","3","3","19","221","321","428","541","667","C0151529"
"2260","2","5","7","53","14","20","25","40","186","C0151529"
"9968","2","4","3","24","119","330","214","454","144","C0151529"
"6390","2","3","2","48","170","50","119","444","556","C0151529"
"9365","2","3","7","53","14","20","25","40","186","C0151529"
"2132","2","3","2","74","58","112","148","193","263","C0151529"
"9361","2","3","2","48","170","50","119","444","556","C0151529"
"4337","2","3","2","80","91","75","204","267","352","C0151529"
"57560","2","3","12","76","153","40","38","54","75","C0151529"
"29123","2","3","12","19","151","276","91","433","118","C0151539"
"4306","2","3","3","19","151","276","91","433","118","C0151539"
"22868","2","3","2","48","182","67","76","463","153","C0151563"
"4261","2","3","12","53","184","119","156","287","116","C0151563"
"5727","2","3","12","68","221","197","259","560","422","C0151563"
"847","2","3","7","34","52","216","395","549","674","C0151563"
"9215","2","5","2","27","36","150","430","215","628","C0151564"
"9409","2","3","5","43","161","305","409","208","482","C0151564"
"8643","2","5","3","68","221","197","259","560","422","C0151632"
"2778","2","5","4","68","96","326","427","548","672","C0151632"
"7046","2","3","12","41","219","339","259","423","605","C0151632"
"54345","2","5","3","19","221","321","428","541","667","C0151632"
"7049","2","5","7","53","51","342","259","423","389","C0151632"
"790","2","3","12","41","219","339","347","206","627","C0151632"
"3954","2","3","2","48","170","67","119","444","593","C0151632"
"3663","2","3","12","53","184","119","156","287","116","C0151632"
"1145","2","5","8","27","70","99","162","216","290","C0151632"
"3606","2","5","7","53","51","119","156","489","416","C0151632"
"8838","2","5","7","53","51","342","259","423","389","C0151632"
"9935","2","3","12","19","31","1","426","55","78","C0151632"
"23742","2","5","5","68","96","326","427","447","586","C0151632"
"2072","2","3","12","19","31","261","116","1","86","C0151632"
"1776","2","5","7","105","219","261","402","129","215","C0151632"
"51626","2","3","12","76","153","40","38","54","75","C0151632"
"23405","2","3","2","22","33","323","66","146","194","C0151632"
"1909","2","5","4","68","96","326","427","548","672","C0151632"
"4221","2","3","12","19","31","342","454","573","492","C0151632"
"5339","2","5","7","53","51","342","454","573","492","C0151632"
"2737","2","3","12","19","116","321","428","54","667","C0151636"
"6662","2","3","3","19","221","321","428","541","667","C0151636"
"1277","2","5","7","53","51","342","454","573","492","C0151636"
"7840","2","3","12","76","153","40","38","54","75","C0151636"
"1180","2","5","8","63","45","23","34","464","187","C0151636"
"54187","2","3","5","80","81","296","272","452","148","C0151636"
"26005","2","3","12","76","153","40","38","54","75","C0151639"
"4853","2","3","12","19","124","143","428","236","667","C0151639"
"7474","2","5","3","68","221","184","259","544","669","C0151639"
"5468","2","3","3","19","151","276","91","433","118","C0151639"
"421","2","5","7","42","51","335","444","560","373","C0151639"
"2488","2","5","4","68","96","326","427","548","672","C0151639"
"5617","2","5","12","19","31","1","426","55","78","C0151639"
"7341","2","3","12","19","31","261","116","1","664","C0151639"
"4534","2","3","5","80","81","296","399","362","468","C0151639"
"29851","2","5","7","53","14","20","25","40","186","C0151639"
"2643","2","3","5","87","91","75","204","267","352","C0151639"
"5105","2","3","3","67","151","276","91","433","118","C0151639"
"2317","2","5","7","63","45","23","103","287","664","C0151639"
"9227","2","3","2","69","51","101","126","170","224","C0151639"
"3039","2","3","5","35","41","118","155","287","116","C0151639"
"1380","2","5","7","53","51","119","395","549","674","C0151639"
"2720","2","3","7","34","52","216","395","21","599","C0151639"
"8314","2","3","12","41","31","1","426","55","78","C0151639"
"4060","2","5","7","53","51","342","454","573","492","C0151639"
"10459","2","3","12","76","31","261","116","1","86","C0151639"
"1019","2","3","12","19","31","1","116","1","86","C0151640"
"51807","2","3","12","76","153","40","38","54","75","C0151640"
"3784","2","5","8","63","36","166","106","110","158","C0151640"
"4893","2","5","7","34","52","24","30","46","72","C0151640"
"7297","2","5","7","53","184","119","25","40","186","C0151640"
"4000","2","3","12","26","105","178","226","297","156","C0151640"
"2260","2","5","7","53","14","20","25","40","186","C0151640"
"974","2","5","7","53","51","119","395","549","674","C0151654"
"6340","2","5","8","63","45","23","34","464","187","C0151654"
"2052","2","3","5","91","130","114","290","367","475","C0151654"
"116228","2","3","2","48","170","50","119","444","556","C0151669"
"1420","2","3","6","63","45","160","362","177","673","C0151669"
"4688","2","5","7","60","14","20","25","40","215","C0151669"
"7299","2","3","5","23","18","138","250","332","407","C0151669"
"1584","2","3","5","79","159","256","276","353","456","C0151669"
"2261","2","5","7","53","14","20","25","40","186","C0151669"
"1758","2","5","7","53","51","342","454","573","492","C0151669"
"8777","2","5","7","42","36","71","177","223","219","C0151669"
"54795","2","5","8","63","45","193","306","390","158","C0151669"
"7048","2","5","7","53","51","342","259","423","389","C0151691"
"617","2","3","2","48","170","50","304","167","593","C0151691"
"1832","2","5","7","34","52","225","142","220","298","C0151691"
"5015","2","3","3","19","221","321","428","541","667","C0151691"
"4089","2","3","12","19","219","339","259","423","605","C0151691"
"4780","2","3","12","19","31","276","91","433","118","C0151691"
"10008","2","5","8","63","36","166","341","223","158","C0151691"
"8842","2","5","5","53","82","147","184","179","328","C0151691"
"7169","2","5","8","63","45","23","103","464","187","C0151691"
"177","2","5","7","53","51","339","156","568","697","C0151691"
"1832","2","5","7","34","52","225","142","220","298","C0151699"
"84159","2","3","12","19","31","1","426","55","78","C0151699"
"51684","2","3","12","41","116","268","38","54","75","C0151699"
"1106","2","3","12","19","31","1","426","55","78","C0151699"
"8792","2","3","12","41","219","339","156","568","697","C0151699"
"51082","2","3","2","19","31","1","426","55","78","C0151699"
"1991","2","5","7","34","52","216","395","549","674","C0151699"
"2354","2","3","12","19","31","1","426","55","78","C0151699"
"3553","2","5","7","53","51","119","25","489","416","C0151699"
"843","2","3","12","41","219","339","156","568","697","C0151699"
"1294","2","5","7","53","51","342","454","573","492","C0151699"
"6496","2","3","3","19","221","321","428","541","667","C0151699"
"2176","2","3","12","19","31","261","116","1","86","C0151699"
"617","2","3","2","48","170","50","304","167","593","C0151699"
"10747","2","5","7","53","51","119","395","549","674","C0151699"
"4582","2","5","7","53","206","324","430","429","544","C0151714"
"10460","2","3","12","76","153","40","38","54","75","C0151714"
"51164","2","3","7","76","153","40","38","54","75","C0151718"
"5728","2","3","5","80","81","339","156","568","605","C0151718"
"7428","2","3","12","41","116","268","434","468","213","C0151718"
"26277","2","3","12","19","31","1","426","1","78","C0151718"
"477","2","3","8","63","45","23","103","464","187","C0151718"
"8643","2","5","3","68","221","197","259","560","422","C0151718"
"10082","2","3","2","74","51","342","454","573","492","C0151721"
"4729","2","3","2","48","170","50","119","444","556","C0151721"
"5290","2","3","7","53","14","20","25","40","186","C0151721"
"5125","2","5","6","11","51","225","142","220","298","C0151721"
"1180","2","5","8","63","45","23","34","464","187","C0151721"
"2260","2","5","7","53","14","20","25","40","186","C0151721"
"3239","2","3","3","19","221","321","428","541","667","C0151721"
"3516","2","3","12","19","31","143","428","236","667","C0151721"
"7291","2","3","12","19","151","276","91","489","416","C0151721"
"356","2","5","7","53","219","339","25","489","697","C0151721"
"5352","2","5","7","53","51","342","454","573","492","C0151721"
"3312","2","3","7","34","52","184","347","271","356","C0151721"
"5159","2","5","7","53","14","20","25","40","186","C0151721"
"2737","2","3","12","19","116","321","428","54","667","C0151721"
"5894","2","5","7","60","54","23","34","464","187","C0151721"
"26137","2","5","7","63","45","184","103","572","658","C0151721"
"29089","2","3","12","41","116","268","434","468","213","C0151721"
"3988","2","3","5","98","174","277","379","476","42","C0151721"
"7046","2","3","12","41","219","339","259","423","605","C0151721"
"3073","2","3","5","105","155","250","291","152","420","C0151721"
"5189","2","3","5","43","161","305","409","208","482","C0151721"
"7299","2","3","5","23","18","138","250","332","407","C0151723"
"22954","2","3","12","41","116","268","434","468","213","C0151723"
"6736","2","3","12","19","31","276","91","433","667","C0151723"
"5317","2","5","7","34","52","216","142","220","298","C0151723"
"2203","2","3","5","80","81","266","367","500","577","C0151723"
"9241","2","5","7","53","51","342","259","423","389","C0151723"
"546","2","3","12","19","31","261","426","1","86","C0151723"
"6655","2","5","7","60","54","24","30","46","72","C0151723"
"9536","2","3","5","91","175","119","167","224","301","C0151723"
"861","2","3","12","19","31","1","426","55","78","C0151723"
"10585","2","5","2","27","206","324","430","215","290","C0151723"
"1723","2","3","2","48","170","50","119","444","556","C0151723"
"1001","2","5","7","53","51","335","444","560","373","C0151740"
"5021","2","5","4","68","96","326","427","548","672","C0151740"
"23314","2","3","3","19","221","321","428","541","667","C0151740"
"1278","2","5","7","53","51","342","454","573","492","C0151740"
"7547","2","3","3","19","221","321","428","541","667","C0151740"
"4524","2","3","2","15","166","104","369","117","583","C0151740"
"8302","2","5","7","53","51","119","395","549","674","C0151740"
"546","2","3","12","19","31","261","426","1","86","C0151740"
"5631","2","3","2","72","119","109","266","336","452","C0151740"
"355","2","3","7","41","219","339","156","568","697","C0151740"
"5657","2","5","7","34","52","216","395","549","674","C0151740"
"27019","2","3","12","76","153","40","38","54","75","C0151740"
"6391","2","3","2","48","170","50","119","444","556","C0151740"
"2099","2","3","12","19","151","276","91","433","118","C0151740"
"2261","2","5","7","53","14","20","25","40","186","C0151740"
"8626","2","3","3","19","221","321","428","541","667","C0151740"
"4292","2","3","12","19","31","261","116","1","86","C0151740"
"2178","2","3","12","19","31","261","116","1","86","C0151740"
"3043","2","5","7","34","52","216","395","549","116","C0151740"
"7466","2","5","7","53","51","342","454","573","492","C0151740"
"4519","2","3","2","48","170","50","119","508","312","C0151740"
"3440","2","3","12","19","184","118","155","287","116","C0151740"
"25836","2","3","12","76","153","40","38","54","75","C0151740"
"23431","2","5","7","60","18","184","341","544","669","C0151740"
"3614","2","3","7","34","52","216","395","549","674","C0151746"
"4982","2","5","12","41","219","339","156","568","697","C0151746"
"1289","2","5","7","53","51","342","454","573","492","C0151746"
"7099","2","5","7","41","219","339","156","568","697","C0151747"
"2006","2","5","7","53","51","342","454","573","492","C0151747"
"1499","2","3","12","19","221","197","259","560","422","C0151747"
"1717","2","3","2","19","151","276","48","69","204","C0151747"
"3953","2","5","7","53","14","20","25","40","186","C0151747"
"8822","2","5","7","53","14","20","25","40","186","C0151747"
"1832","2","5","7","34","52","225","142","220","298","C0151747"
"4000","2","3","12","26","105","178","226","297","156","C0151747"
"5447","2","3","5","91","214","271","372","471","586","C0151747"
"10269","2","3","2","48","182","50","119","444","556","C0151747"
"5913","2","5","7","27","36","71","341","223","219","C0151747"
"2623","2","3","12","19","31","1","155","287","116","C0151747"
"2132","2","3","2","74","58","112","148","193","263","C0151779"
"7124","2","3","12","41","219","339","156","568","697","C0151779"
"23327","2","3","12","41","116","268","434","468","213","C0151779"
"6390","2","3","2","48","170","50","119","444","556","C0151818"
"2255","2","5","7","53","14","20","25","40","186","C0151818"
"19","2","3","3","19","151","276","91","433","118","C0151818"
"7291","2","3","12","19","151","276","91","489","416","C0151818"
"3766","2","5","8","63","36","166","106","110","158","C0151818"
"2304","2","3","12","19","221","321","428","541","667","C0151818"
"7253","2","5","4","68","96","326","427","548","672","C0151818"
"2799","2","3","7","34","52","216","395","549","33","C0151818"
"5290","2","3","7","53","14","20","25","40","186","C0151818"
"624","2","5","4","68","96","326","427","548","672","C0151818"
"9640","2","3","12","19","31","261","116","159","211","C0151818"
"5961","2","5","7","27","51","326","126","414","702","C0151818"
"3758","2","5","8","63","36","166","106","110","158","C0151818"
"1956","2","5","7","53","14","184","45","544","669","C0151818"
"6311","2","3","2","22","33","323","66","362","468","C0151827"
"10643","2","3","2","22","33","323","66","101","136","C0151827"
"55636","2","3","3","19","221","321","428","423","389","C0151854"
"1289","2","5","7","53","51","342","454","573","492","C0151854"
"27077","2","3","12","76","153","40","38","54","75","C0151872"
"84181","2","3","12","19","31","1","426","55","78","C0151872"
"5993","2","3","12","19","31","1","426","55","78","C0151872"
"54902","2","3","2","48","182","50","119","444","556","C0151872"
"10555","2","3","7","34","52","216","395","549","622","C0151872"
"7054","2","3","5","80","81","166","34","258","345","C0151872"
"7020","2","3","12","19","31","276","91","433","664","C0151872"
"25978","2","3","2","48","57","110","141","359","462","C0151878"
"3423","2","3","5","74","3","342","374","294","590","C0151878"
"7296","2","3","2","48","151","276","91","433","118","C0151878"
"183","2","5","4","68","96","326","427","548","672","C0151878"
"6648","2","3","2","95","151","160","378","173","229","C0151878"
"5354","2","5","7","27","36","150","341","223","628","C0151878"
"2767","2","5","4","68","96","326","427","548","672","C0151878"
"1493","2","5","7","53","51","119","25","40","186","C0151878"
"3481","2","5","7","53","51","342","454","573","492","C0151878"
"9657","2","3","12","76","153","40","38","54","75","C0151878"
"6635","2","3","2","22","33","323","66","101","136","C0151878"
"4729","2","3","2","48","170","50","119","444","556","C0151878"
"4088","2","3","12","19","219","339","259","423","605","C0151878"
"10216","2","3","2","48","170","50","304","167","593","C0151878"
"3617","2","5","7","86","221","321","454","311","518","C0151878"
"811","2","3","2","41","116","342","423","536","342","C0151878"
"10564","2","5","7","60","54","24","30","46","72","C0151878"
"4247","2","3","2","68","67","320","98","180","279","C0151879"
"55209","2","3","12","11","142","225","142","220","298","C0151879"
"8514","2","5","7","34","52","216","395","549","674","C0151879"
"4854","2","5","7","53","51","143","428","236","667","C0151879"
"55315","2","3","5","80","81","296","62","94","150","C0151879"
"1956","2","5","7","53","14","184","45","544","669","C0151891"
"3624","2","5","7","53","51","342","259","423","389","C0151891"
"2693","2","5","4","68","96","326","427","548","672","C0151891"
"4488","2","3","3","19","221","321","428","541","667","C0151891"
"1146","2","5","8","27","70","99","162","216","290","C0151891"
"3417","2","3","7","34","52","216","395","549","319","C0151891"
"6239","2","3","12","19","119","330","214","454","144","C0151891"
"8314","2","3","12","41","31","1","426","55","78","C0151891"
"3106","2","5","7","34","52","119","395","549","674","C0151891"
"4210","2","3","12","41","219","339","156","568","697","C0151891"
"2290","2","3","3","19","221","321","428","541","667","C0151891"
"5582","2","5","7","53","14","20","34","540","68","C0151891"
"8802","2","3","8","67","92","293","55","75","311","C0151900"
"4668","2","3","5","21","111","188","242","313","396","C0151900"
"7403","2","3","12","19","31","1","426","55","78","C0151934"
"9652","2","3","2","110","85","237","433","547","671","C0151934"
"2159","2","5","7","68","51","119","454","549","674","C0151934"
"6285","2","5","7","41","219","339","156","568","697","C0151934"
"652","2","5","7","53","51","342","454","573","492","C0151934"
"4838","2","5","3","53","221","321","259","423","389","C0151942"
"55650","2","3","2","61","77","142","176","235","557","C0151942"
"5506","2","3","12","76","137","76","136","82","658","C0151942"
"5063","2","5","7","53","14","20","34","540","68","C0151942"
"3105","2","5","7","53","51","119","156","287","116","C0151942"
"50945","2","3","3","48","170","335","347","560","373","C0151942"
"861","2","3","12","19","31","1","426","55","78","C0151942"
"9031","2","3","12","19","31","1","426","55","78","C0151942"
"23474","2","3","12","19","31","1","91","433","118","C0151942"
"3954","2","3","2","48","170","67","119","444","593","C0151945"
"7415","2","3","7","34","52","216","395","536","445","C0151945"
"175","2","3","7","34","52","216","395","549","674","C0151945"
"7170","2","5","8","63","45","23","103","464","187","C0151945"
"3845","2","5","7","60","54","24","30","46","72","C0151945"
"26276","2","3","7","60","81","184","341","66","203","C0151945"
"3759","2","5","8","63","36","166","106","110","158","C0152018"
"999","2","5","7","53","51","342","444","560","373","C0152018"
"23426","2","5","7","42","36","71","177","223","219","C0152018"
"64131","2","3","2","74","205","191","98","66","203","C0152018"
"23322","2","3","12","76","153","40","38","54","75","C0152018"
"9049","2","3","3","41","151","276","378","271","356","C0152018"
"2475","2","3","2","48","57","110","141","359","462","C0152020"
"6144","2","3","2","110","85","237","433","547","671","C0152020"
"410","2","3","7","34","52","216","395","549","674","C0152020"
"23095","2","3","7","76","153","40","38","54","75","C0152021"
"445","2","3","2","84","97","167","210","278","360","C0152021"
"8085","2","3","12","19","31","1","426","55","78","C0152021"
"6657","2","3","12","19","221","321","428","541","667","C0152021"
"5265","2","5","7","34","52","216","395","573","702","C0152021"
"1144","2","5","8","27","70","99","162","216","290","C0152021"
"1565","2","3","5","91","214","226","326","413","530","C0152021"
"5573","2","3","12","19","184","118","155","287","116","C0152021"
"5256","2","3","7","34","45","23","103","464","187","C0152021"
"546","2","3","12","19","31","261","426","1","86","C0152021"
"2301","2","5","6","11","142","225","142","220","673","C0152021"
"5617","2","5","12","19","31","1","426","55","78","C0152021"
"783","2","5","8","63","36","166","106","110","158","C0152021"
"7274","2","3","5","43","161","99","162","216","290","C0152021"
"5731","2","5","4","68","96","326","427","548","672","C0152021"
"7403","2","3","12","19","31","1","426","55","78","C0152021"
"1545","2","3","5","91","175","271","372","443","558","C0152021"
"64324","2","3","12","19","31","1","426","55","78","C0152021"
"6514","2","5","7","90","216","337","448","565","562","C0152021"
"2778","2","5","4","68","96","326","427","548","672","C0152021"
"2673","2","3","2","110","94","178","226","297","380","C0152021"
"4683","2","3","12","19","31","261","116","1","86","C0152021"
"5573","2","3","12","19","184","118","155","287","116","C0152021"
"8626","2","3","3","19","221","321","428","541","667","C0152021"
"4638","2","5","7","53","45","23","103","464","187","C0152031"
"3930","2","3","2","22","33","323","66","3","464","C0152031"
"3084","2","5","7","53","14","20","25","40","186","C0152031"
"4846","2","3","5","41","219","75","243","44","64","C0152031"
"5346","2","3","3","19","151","276","91","433","118","C0152031"
"26227","2","3","2","41","137","44","208","81","108","C0152031"
"8626","2","3","3","19","221","321","428","541","667","C0152031"
"5837","2","3","5","80","81","23","103","464","658","C0152031"
"51684","2","3","12","41","116","268","38","54","75","C0152031"
"51360","2","3","3","26","35","276","91","433","203","C0152031"
"801","2","5","8","63","45","23","103","464","187","C0152031"
"2623","2","3","12","19","31","1","155","287","116","C0152031"
"5373","2","3","2","90","167","123","158","207","278","C0152031"
"1277","2","5","7","53","51","342","454","573","492","C0152031"
"54209","2","5","7","53","51","119","395","549","674","C0152031"
"5116","2","3","12","76","153","40","38","54","75","C0152031"
"7486","2","3","12","19","31","261","116","1","86","C0152031"
"5621","2","5","8","27","36","342","454","573","628","C0152031"
"1716","2","3","2","27","36","150","221","138","188","C0152031"
"5925","2","3","12","19","31","1","426","55","78","C0152031"
"570","2","3","5","43","161","305","409","255","56","C0152031"
"931","2","5","7","53","14","119","156","287","116","C0152031"
"538","2","3","8","63","45","23","103","464","187","C0152031"
"6535","2","5","8","45","94","199","240","415","666","C0152031"
"1277","2","5","7","53","51","342","454","573","492","C0152031"
"4744","2","3","6","27","36","150","399","223","628","C0152031"
"4879","2","5","4","68","96","326","427","548","672","C0152101"
"3977","2","5","7","53","51","119","25","40","416","C0152101"
"3265","2","5","7","60","54","24","30","46","72","C0152101"
"3043","2","5","7","34","52","216","395","549","116","C0152101"
"6870","2","5","4","68","96","326","427","548","672","C0152101"
"3690","2","5","7","53","51","342","454","573","492","C0152101"
"5949","2","3","2","69","83","101","126","170","224","C0152101"
"6335","2","5","8","63","36","166","341","390","158","C0152101"
"4359","2","5","7","53","51","342","454","573","492","C0152109"
"22931","2","5","7","34","54","24","30","46","72","C0152109"
"5468","2","3","3","19","151","276","91","433","118","C0152109"
"4668","2","3","5","21","111","188","242","313","396","C0152115"
"55315","2","3","5","80","81","296","62","94","150","C0152115"
"2260","2","5","7","53","14","20","25","40","186","C0152115"
"8989","2","5","8","63","45","193","306","390","158","C0152115"
"650","2","5","7","53","51","342","259","423","389","C0152115"
"10060","2","3","8","41","45","23","423","464","445","C0152116"
"6556","2","3","7","34","52","216","395","549","674","C0152116"
"51004","2","3","5","48","74","135","171","227","63","C0152116"
"2673","2","3","2","110","94","178","226","297","380","C0152116"
"7979","2","3","12","41","116","268","434","468","605","C0152116"
"2200","2","5","7","53","51","342","454","573","492","C0152116"
"4860","2","3","7","34","52","216","395","549","150","C0152116"
"5339","2","5","7","53","51","342","454","573","492","C0152116"
"5961","2","5","7","27","51","326","126","414","702","C0152116"
"249","2","3","5","27","51","335","444","560","373","C0152116"
"324","2","3","12","41","219","197","70","255","422","C0152116"
"5824","2","3","5","47","144","185","238","310","392","C0152116"
"2192","2","5","7","53","51","342","454","573","492","C0152116"
"5648","2","5","7","53","51","119","395","549","674","C0152116"
"1837","2","5","8","63","45","23","103","464","187","C0152116"
"65109","2","3","2","22","33","323","66","101","136","C0152116"
"5648","2","5","7","53","51","119","395","549","674","C0152116"
"6899","2","5","7","53","184","335","259","560","373","C0152132"
"9632","2","3","7","60","153","40","38","54","203","C0152132"
"26047","2","5","7","27","36","335","341","223","373","C0152132"
"11093","2","5","7","53","51","342","454","573","492","C0152132"
"4204","2","3","12","19","31","1","426","55","78","C0152132"
"3479","2","5","7","53","51","342","454","573","492","C0152132"
"2067","2","3","12","19","31","261","116","1","86","C0152191"
"25942","2","3","12","19","31","1","426","55","78","C0152191"
"9935","2","3","12","19","31","1","426","55","78","C0152191"
"5648","2","5","7","53","51","119","395","549","674","C0152191"
"7476","2","5","3","68","221","197","259","560","422","C0152191"
"7592","2","4","3","24","119","330","214","454","144","C0152191"
"28952","2","3","12","41","116","268","434","468","213","C0152191"
"5727","2","3","12","68","221","197","259","560","422","C0152191"
"23534","2","3","2","22","33","323","66","101","136","C0152191"
"2208","2","5","7","53","51","119","25","489","416","C0152191"
"55112","2","3","12","76","153","40","38","54","75","C0152191"
"2010","2","3","12","26","105","296","226","488","156","C0152191"
"10484","2","3","7","60","153","40","38","54","203","C0152191"
"5498","2","3","5","80","81","166","132","175","473","C0152191"
"10194","2","5","7","53","221","321","259","423","389","C0152191"
"3592","2","5","7","53","51","119","25","489","416","C0152191"
"5449","2","3","3","19","221","321","428","541","667","C0152191"
"2218","2","5","2","53","123","194","255","560","373","C0152191"
"83550","2","3","4","68","221","197","259","499","422","C0152191"
"4915","2","5","7","53","14","20","25","40","186","C0152191"
"2316","2","5","7","53","51","342","454","573","702","C0152191"
"359","2","3","5","80","81","166","397","374","486","C0152200"
"23141","2","3","12","76","105","40","226","489","435","C0152200"
"185","2","5","4","68","96","326","427","548","672","C0152200"
"5080","2","3","3","19","221","321","428","541","667","C0152200"
"641","2","3","12","19","31","261","116","1","86","C0152200"
"1621","2","3","5","53","51","239","333","422","537","C0152200"
"11160","2","3","12","41","116","268","423","536","445","C0152200"
"2912","2","5","4","68","96","326","427","548","672","C0152200"
"1761","2","3","3","19","221","321","428","541","667","C0152227"
"3458","2","5","7","53","184","119","156","287","116","C0152227"
"1959","2","3","3","19","151","276","91","433","118","C0152227"
"3991","2","3","5","80","81","166","57","83","658","C0152227"
"3373","2","3","5","80","51","342","454","573","492","C0152227"
"26580","2","5","8","27","70","99","162","216","290","C0152227"
"7498","2","3","5","80","157","187","159","209","282","C0152227"
"2798","2","5","4","68","96","326","427","548","672","C0152236"
"4591","2","3","12","41","116","268","434","468","213","C0152236"
"5979","2","5","7","53","14","20","25","40","186","C0152236"
"9533","2","3","2","19","31","1","426","55","78","C0152237"
"6935","2","3","3","19","221","321","428","541","667","C0152237"
"8398","2","3","5","116","183","40","38","352","455","C0152237"
"4508","2","3","2","48","170","50","119","444","556","C0152237"
"1158","2","3","2","72","115","66","72","507","35","C0152237"
"1188","2","5","8","63","45","23","34","464","187","C0152237"
"72","2","5","8","63","45","23","103","464","187","C0152240"
"5447","2","3","5","91","214","271","372","471","586","C0152240"
"4313","2","5","7","53","51","342","454","573","492","C0152240"
"3852","2","1","6","11","142","225","142","220","298","C0152415"
"8481","2","3","12","76","153","40","38","54","75","C0152415"
"54567","2","5","7","53","51","143","428","236","667","C0152415"
"3053","2","5","7","53","51","342","454","573","492","C0152415"
"596","2","3","12","19","219","339","402","489","416","C0152415"
"51025","2","3","2","48","170","50","304","167","593","C0152419"
"3954","2","3","2","48","170","67","119","444","593","C0152419"
"4952","2","3","5","60","54","184","30","544","669","C0152419"
"4247","2","3","2","68","67","320","98","180","279","C0152419"
"5728","2","3","5","80","81","339","156","568","605","C0152424"
"1184","2","5","8","63","45","23","34","464","187","C0152424"
"8626","2","3","3","19","221","321","428","541","667","C0152427"
"3708","2","5","8","63","45","23","306","390","158","C0152427"
"6519","2","3","5","45","94","199","240","415","666","C0152427"
"51085","2","3","2","48","57","110","141","359","462","C0152427"
"2719","2","5","7","53","51","342","454","573","492","C0152427"
"6571","2","3","8","60","36","71","341","223","624","C0152427"
"6913","2","3","3","19","221","321","428","541","667","C0152427"
"9895","2","3","2","48","57","110","141","359","462","C0152427"
"1991","2","5","7","34","52","216","395","549","674","C0152427"
"2261","2","5","7","53","14","20","25","40","186","C0152427"
"5447","2","3","5","91","214","271","372","471","586","C0152427"
"26608","2","3","2","22","170","50","119","463","153","C0152427"
"3162","2","3","5","53","51","119","402","489","416","C0152427"
"1584","2","3","5","79","159","256","276","353","456","C0152427"
"5309","2","3","3","19","221","321","428","541","667","C0152427"
"8625","2","3","12","19","31","276","91","236","118","C0152427"
"720","2","5","7","53","51","342","454","573","492","C0152427"
"2153","2","5","7","53","51","342","454","573","492","C0152427"
"6654","2","5","7","60","54","24","30","46","72","C0152427"
"6303","2","3","2","67","118","160","261","188","423","C0152427"
"5290","2","3","7","53","14","20","25","40","186","C0152427"
"8031","2","3","12","19","151","276","91","433","118","C0152427"
"2584","2","3","2","72","117","196","257","326","46","C0152427"
"224","2","3","5","50","47","39","202","19","233","C0152427"
"975","2","5","7","53","51","119","395","549","674","C0152427"
"3756","2","5","8","63","36","166","106","110","158","C0152427"
"7469","2","3","12","19","31","261","116","159","211","C0152427"
"930","2","5","7","53","14","119","25","40","186","C0152427"
"5308","2","3","3","19","221","321","428","541","667","C0152438"
"3636","2","3","5","80","14","20","25","40","186","C0152438"
"3745","2","5","8","63","36","166","106","110","158","C0152438"
"22917","2","5","7","11","51","342","454","573","617","C0152438"
"4286","2","3","12","19","31","261","116","1","664","C0152438"
"2626","2","3","12","19","31","118","155","287","116","C0152438"
"1380","2","5","7","53","51","119","395","549","674","C0152438"
"3756","2","5","8","63","36","166","106","110","158","C0152438"
"7068","2","3","3","19","151","276","91","433","118","C0152438"
"23729","2","3","2","90","167","148","36","51","383","C0152438"
"4524","2","3","2","15","166","104","369","117","583","C0152438"
"836","2","3","12","41","219","339","402","489","697","C0152438"
"9897","2","3","12","76","18","75","38","1","212","C0152438"
"1758","2","5","7","53","51","342","454","573","492","C0152438"
"5605","2","5","7","53","14","20","34","540","68","C0152438"
"9871","2","3","7","60","153","40","38","54","203","C0152438"
"4633","2","5","8","63","45","23","103","464","187","C0152439"
"100","2","3","5","33","21","47","56","80","199","C0152439"
"10913","2","3","12","41","219","339","156","568","697","C0152441"
"4914","2","3","2","22","18","266","202","252","252","C0152441"
"1441","2","5","7","53","51","119","25","40","186","C0152441"
"6125","2","3","2","110","85","237","433","547","671","C0152441"
"3237","2","3","3","19","221","321","428","541","667","C0152441"
"1406","2","3","3","19","221","321","428","541","667","C0152458"
"112","2","5","4","68","96","326","427","548","672","C0152458"
"2317","2","5","7","63","45","23","103","287","664","C0152459"
"9401","2","3","12","76","31","261","116","1","86","C0152459"
"10978","2","3","2","22","33","323","66","101","136","C0152459"
"1294","2","5","7","53","51","342","454","573","492","C0152459"
"4359","2","5","7","53","51","342","454","573","492","C0152459"
"11200","2","3","12","19","31","261","116","1","86","C0152459"
"6662","2","3","3","19","221","321","428","541","667","C0152459"
"5518","2","3","12","76","153","40","38","54","435","C0152459"
"7372","2","3","2","68","119","109","266","182","182","C0152459"
"50511","2","3","12","19","31","1","426","55","78","C0152459"
"2902","2","5","7","60","14","20","341","223","219","C0152459"
"3162","2","3","5","53","51","119","402","489","416","C0152459"
"3861","2","1","6","11","142","225","142","220","298","C0152459"
"196","2","3","3","19","151","276","91","433","118","C0152459"
"6391","2","3","2","48","170","50","119","444","556","C0152459"
"3930","2","3","2","22","33","323","66","3","464","C0154141"
"1301","2","5","7","53","51","342","454","573","492","C0154141"
"7169","2","5","8","63","45","23","103","464","187","C0154143"
"9731","2","3","12","76","153","40","38","54","75","C0154143"
"3560","2","5","7","53","14","20","25","40","186","C0154676"
"5994","2","3","12","19","31","276","91","491","118","C0154676"
"5803","2","5","7","53","36","296","399","201","373","C0154676"
"6329","2","5","8","63","36","166","341","390","158","C0154676"
"7461","2","3","7","60","153","40","38","93","75","C0154676"
"145226","2","3","2","69","83","101","126","170","224","C0154676"
"5290","2","3","7","53","14","20","25","40","186","C0154676"
"23414","2","3","12","19","31","118","155","287","116","C0154676"
"50964","2","5","3","68","221","197","259","423","422","C0154676"
"2657","2","5","7","53","51","342","259","423","389","C0154676"
"2261","2","5","7","53","14","20","25","40","186","C0154723"
"2492","2","5","4","68","96","326","427","548","672","C0154723"
"538","2","3","8","63","45","23","103","464","187","C0154723"
"10572","2","3","12","41","219","339","402","489","697","C0154723"
"10528","2","3","2","110","85","237","433","547","671","C0154822"
"286","2","5","7","60","153","40","38","54","203","C0154822"
"1509","2","5","7","34","52","216","395","549","568","C0154832"
"3339","2","5","7","53","51","342","454","573","492","C0154832"
"5885","2","3","12","76","153","40","38","54","75","C0154832"
"4780","2","3","12","19","31","276","91","433","118","C0154832"
"2074","2","3","12","19","31","1","426","55","78","C0154835"
"2995","2","5","7","53","51","119","454","573","492","C0154835"
"10020","2","3","2","89","124","204","42","452","258","C0154835"
"2517","2","3","7","34","52","216","395","549","674","C0154835"
"3930","2","3","2","22","33","323","66","3","464","C0154835"
"1440","2","5","7","53","51","119","25","489","416","C0154835"
"5573","2","3","12","19","184","118","155","287","116","C0154835"
"10806","2","3","12","76","153","40","38","54","75","C0154835"
"2332","2","3","2","22","33","71","373","466","609","C0154835"
"4638","2","5","7","53","45","23","103","464","187","C0154835"
"4893","2","5","7","34","52","24","30","46","72","C0154835"
"8481","2","3","12","76","153","40","38","54","75","C0154850"
"4088","2","3","12","19","219","339","259","423","605","C0154850"
"6833","2","5","8","45","36","166","240","415","666","C0154920"
"3643","2","5","7","53","14","20","25","40","186","C0154920"
"695","2","5","7","53","14","20","25","40","186","C0154920"
"9829","2","5","7","60","14","184","341","544","669","C0154920"
"2138","2","3","12","19","31","1","426","55","78","C0154920"
"396","2","5","7","60","54","24","30","46","72","C0154920"
"6949","2","3","2","110","85","237","164","390","311","C0154920"
"3852","2","1","6","11","142","225","142","220","298","C0154920"
"3636","2","3","5","80","14","20","25","40","186","C0154920"
"9394","2","3","2","74","58","112","148","193","263","C0154920"
"4598","2","3","2","19","151","276","198","259","427","C0154920"
"5818","2","5","7","53","51","335","444","560","373","C0154920"
"3098","2","3","2","90","167","266","367","500","577","C0154920"
"2074","2","3","12","19","31","1","426","55","78","C0154920"
"538","2","3","8","63","45","23","103","464","187","C0154920"
"9394","2","3","2","74","58","112","148","193","263","C0154920"
"1031","2","3","12","19","31","1","426","55","78","C0154920"
"6495","2","3","3","19","221","321","428","541","667","C0154920"
"23090","2","3","12","19","151","276","91","433","118","C0154920"
"27445","2","5","7","60","36","71","341","223","624","C0154920"
"4593","2","5","7","53","14","20","454","573","492","C0154936"
"1499","2","3","12","19","221","197","259","560","422","C0154936"
"2316","2","5","7","53","51","342","454","573","702","C0154936"
"2629","2","3","5","80","81","250","291","152","420","C0154936"
"7290","2","3","12","19","31","1","426","55","78","C0155016"
"5193","2","3","5","43","161","305","409","208","482","C0155016"
"1649","2","3","12","19","31","276","91","433","118","C0155016"
"6335","2","5","8","63","36","166","341","390","158","C0155016"
"1630","2","5","7","53","51","335","444","560","373","C0155017"
"1749","2","3","3","19","221","321","428","541","667","C0155017"
"8314","2","3","12","41","31","1","426","55","78","C0155017"
"11277","2","3","12","19","31","261","116","1","86","C0155119"
"540","2","5","8","63","45","23","103","464","187","C0155119"
"1654","2","3","7","34","52","216","395","549","674","C0155119"
"7547","2","3","3","19","221","321","428","541","667","C0155119"
"23594","2","3","12","76","153","261","116","1","86","C0155119"
"3439","2","3","12","19","184","118","155","287","116","C0155119"
"2812","2","5","7","53","51","342","454","573","492","C0155119"
"54664","2","5","2","48","90","110","395","549","674","C0155119"
"10280","2","3","2","110","85","52","57","86","119","C0155119"
"10002","2","3","3","19","151","276","91","433","118","C0155119"
"7461","2","3","7","60","153","40","38","93","75","C0155119"
"2109","2","3","2","48","170","50","119","444","556","C0155119"
"5551","2","5","7","53","51","119","395","549","674","C0155120"
"3767","2","5","8","63","36","166","106","110","158","C0155120"
"3569","2","5","7","53","51","342","454","573","416","C0155127"
"8200","2","5","7","53","51","342","259","423","389","C0155127"
"5592","2","5","4","53","14","20","34","540","68","C0155127"
"3984","2","5","7","53","14","20","34","540","68","C0155210"
"54903","2","3","12","76","153","40","38","54","75","C0155210"
"3756","2","5","8","63","36","166","106","110","158","C0155210"
"5521","2","3","12","76","137","76","136","472","435","C0155210"
"25974","2","3","7","48","51","105","139","186","245","C0155210"
"7425","2","5","7","53","51","342","454","573","492","C0155285"
"4609","2","3","12","19","31","1","160","107","416","C0155285"
"2068","2","3","12","19","31","261","116","159","211","C0155285"
"5784","2","5","7","42","81","296","399","201","274","C0155285"
"9150","2","3","12","19","31","261","116","159","211","C0155299"
"54187","2","3","5","80","81","296","272","452","148","C0155299"
"2313","2","3","12","19","31","276","91","433","118","C0155299"
"2146","2","3","12","19","31","1","426","55","78","C0155299"
"5192","2","3","5","43","161","305","409","208","482","C0155299"
"3440","2","3","12","19","184","118","155","287","116","C0155299"
"26277","2","3","12","19","31","1","426","1","78","C0155299"
"23322","2","3","12","76","153","40","38","54","75","C0155299"
"4524","2","3","2","15","166","104","369","117","583","C0155299"
"4041","2","5","3","68","221","197","259","560","422","C0155320"
"1374","2","3","2","19","151","276","91","433","118","C0155320"
"207","2","3","7","53","14","20","34","489","416","C0155320"
"3798","2","3","7","76","153","40","38","54","75","C0155320"
"3605","2","5","7","53","51","119","25","489","416","C0155320"
"5167","2","3","5","32","93","163","207","303","126","C0155320"
"207","2","3","7","53","14","20","34","489","416","C0155320"
"3848","2","5","7","34","52","225","142","220","298","C0155320"
"51816","2","5","7","34","52","216","395","549","674","C0155320"
"7169","2","5","8","63","45","23","103","464","187","C0155320"
"54453","2","5","7","60","54","24","30","46","72","C0155320"
"114907","2","3","12","41","116","268","434","468","213","C0155320"
"6655","2","5","7","60","54","24","30","46","72","C0155320"
"3861","2","1","6","11","142","225","142","220","298","C0155320"
"4998","2","3","12","76","31","261","116","1","86","C0155320"
"1763","2","3","12","19","31","261","116","1","86","C0155320"
"2109","2","3","2","48","170","50","119","444","556","C0155320"
"368","2","3","12","41","116","268","423","536","445","C0155320"
"3552","2","3","12","53","51","119","156","489","416","C0155320"
"546","2","3","12","19","31","261","426","1","86","C0155320"
"6785","2","3","5","67","7","5","239","311","393","C0155320"
"5243","2","3","12","41","116","268","423","536","445","C0155320"
"1028","2","3","12","19","31","1","116","1","86","C0155320"
"1736","2","3","2","110","85","237","433","547","671","C0155320"
"3845","2","5","7","60","54","24","30","46","72","C0155552"
"3356","2","5","4","68","96","326","427","548","672","C0155552"
"54187","2","3","5","80","81","296","272","452","148","C0155552"
"4729","2","3","2","48","170","50","119","444","556","C0155552"
"1026","2","3","12","19","31","1","116","489","416","C0155552"
"9217","2","3","2","50","47","39","100","321","255","C0155552"
"5290","2","3","7","53","14","20","25","40","186","C0155552"
"1555","2","3","5","91","214","271","372","480","598","C0155552"
"4436","2","3","12","19","31","261","116","1","86","C0155552"
"3077","2","5","7","53","51","119","395","549","674","C0155552"
"4893","2","5","7","34","52","24","30","46","72","C0155552"
"8518","2","3","12","19","31","1","426","55","78","C0155552"
"2516","2","3","3","19","151","276","91","433","118","C0155676"
"7020","2","3","12","19","31","276","91","433","664","C0155676"
"7403","2","3","12","19","31","1","426","55","78","C0155733"
"8195","2","3","12","76","153","76","38","54","75","C0155733"
"2737","2","3","12","19","116","321","428","54","667","C0155733"
"6197","2","3","12","19","14","20","34","540","68","C0155733"
"10084","2","3","2","22","33","323","66","101","136","C0155733"
"2982","2","3","4","68","96","326","427","548","672","C0155862"
"26353","2","3","12","76","45","160","347","271","356","C0155862"
"5189","2","3","5","43","161","305","409","208","482","C0155862"
"10683","2","5","7","53","51","143","428","560","667","C0155862"
"1763","2","3","12","19","31","261","116","1","86","C0155862"
"25885","2","3","12","19","31","1","426","55","78","C0155862"
"5351","2","5","7","53","51","342","454","573","492","C0156273"
"26608","2","3","2","22","170","50","119","463","153","C0156273"
"4000","2","3","12","26","105","178","226","297","156","C0156273"
"7356","2","5","7","53","51","119","25","489","416","C0156273"
"9096","2","5","7","53","51","335","259","560","373","C0156273"
"1146","2","5","8","27","70","99","162","216","290","C0156273"
"7456","2","5","7","60","14","20","25","40","215","C0156273"
"3852","2","1","6","11","142","225","142","220","298","C0156273"
"54","2","3","5","80","81","178","195","256","342","C0156273"
"9935","2","3","12","19","31","1","426","55","78","C0156273"
"11311","2","3","12","19","31","118","155","287","116","C0156312"
"4860","2","3","7","34","52","216","395","549","150","C0156312"
"2052","2","3","5","91","130","114","290","367","475","C0156312"
"4792","2","3","12","41","219","339","156","568","605","C0156312"
"1289","2","5","7","53","51","342","454","573","492","C0156312"
"201163","2","3","2","34","57","110","141","271","356","C0156312"
"6664","2","3","3","19","221","321","428","541","667","C0156312"
"7428","2","3","12","41","116","268","434","468","213","C0156312"
"5000","2","3","12","76","31","261","116","1","86","C0156312"
"6495","2","3","3","19","221","321","428","541","667","C0156404"
"5077","2","3","3","19","221","321","428","541","667","C0156404"
"7157","2","3","12","19","31","261","402","489","551","C0156404"
"34","2","3","2","19","151","276","91","433","118","C0156404"
"1896","2","5","12","41","219","339","156","568","697","C0156404"
"1392","2","5","4","68","96","326","427","548","672","C0156404"
"8659","2","3","2","67","103","177","225","295","378","C0157733"
"1311","2","5","7","53","51","342","454","573","492","C0157733"
"7353","2","3","12","41","219","339","156","568","605","C0157733"
"6285","2","5","7","41","219","339","156","568","697","C0157733"
"1738","2","3","2","67","92","293","55","75","311","C0157733"
"10312","2","3","7","34","52","216","395","549","674","C0157733"
"4878","2","3","12","19","31","1","426","55","78","C0157733"
"4536","2","3","2","48","170","50","119","444","556","C0157733"
"50939","2","3","12","76","153","40","38","472","435","C0157733"
"5159","2","5","7","53","14","20","25","40","186","C0157733"
"23141","2","3","12","76","105","40","226","489","435","C0157733"
"8813","2","3","2","48","116","142","136","280","363","C0157733"
"9469","2","3","2","103","189","303","29","475","467","C0157733"
"58","2","5","8","63","45","23","103","464","187","C0157733"
"51085","2","3","2","48","57","110","141","359","462","C0157733"
"3763","2","5","8","63","36","166","106","110","158","C0157733"
"2969","2","3","12","19","31","276","91","433","118","C0157733"
"778","2","5","8","63","36","166","341","223","158","C0157733"
"54332","2","3","2","60","170","40","98","66","203","C0157733"
"10564","2","5","7","60","54","24","30","46","72","C0157733"
"26291","2","5","7","53","14","337","25","40","186","C0157733"
"2697","2","3","7","76","153","40","38","54","75","C0157733"
"8820","2","3","3","19","221","321","428","541","667","C0157733"
"11005","2","1","6","11","142","225","142","220","298","C0157733"
"3984","2","5","7","53","14","20","34","540","68","C0157733"
"4952","2","3","5","60","54","184","30","544","669","C0157733"
"2673","2","3","2","110","94","178","226","297","380","C0157733"
"2719","2","5","7","53","51","342","454","573","492","C0157733"
"2743","2","5","8","27","70","99","162","216","290","C0157733"
"551","2","5","4","68","96","326","427","548","672","C0157733"
"9049","2","3","3","41","151","276","378","271","356","C0157917"
"5972","2","5","5","34","52","216","397","418","568","C0157917"
"10804","2","3","12","76","153","40","38","54","75","C0157917"
"7048","2","5","7","53","51","342","259","423","389","C0157917"
"1395","2","5","4","68","96","326","427","548","672","C0157917"
"3955","2","5","8","89","124","143","428","236","667","C0157917"
"55612","2","5","7","60","36","71","177","560","701","C0157917"
"3209","2","3","3","19","221","321","428","541","667","C0157917"
"6605","2","3","12","19","31","1","426","55","78","C0157917"
"4000","2","3","12","26","105","178","226","297","156","C0158113"
"3728","2","5","7","34","52","225","142","220","298","C0158113"
"4054","2","5","7","53","51","342","454","573","492","C0158113"
"5551","2","5","7","53","51","119","395","549","674","C0158113"
"1528","2","3","5","91","214","271","372","471","586","C0158113"
"57502","2","5","7","60","36","71","341","223","219","C0158113"
"5191","2","3","5","43","161","305","409","208","482","C0158113"
"4148","2","5","7","53","51","342","454","573","492","C0158113"
"2263","2","5","7","53","14","20","25","40","186","C0158113"
"6347","2","5","7","53","51","119","427","489","416","C0158113"
"1778","2","3","7","76","153","40","38","54","75","C0158113"
"8314","2","3","12","41","31","1","426","55","78","C0158113"
"847","2","3","7","34","52","216","395","549","674","C0158113"
"10082","2","3","2","74","51","342","454","573","492","C0158113"
"5745","2","5","4","68","96","326","427","548","672","C0158113"
"56244","2","5","7","53","51","119","395","549","674","C0158113"
"2626","2","3","12","19","31","118","155","287","116","C0158113"
"2778","2","5","4","68","96","326","427","548","672","C0158113"
"598","2","3","12","41","219","339","402","489","416","C0158113"
"51684","2","3","12","41","116","268","38","54","75","C0158113"
"2263","2","5","7","53","14","20","25","40","186","C0158113"
"8514","2","5","7","34","52","216","395","549","674","C0158113"
"2304","2","3","12","19","221","321","428","541","667","C0158113"
"55135","2","3","12","76","137","76","136","472","435","C0158113"
"8504","2","3","5","47","144","185","238","310","392","C0158113"
"1029","2","3","12","19","31","1","116","1","664","C0158113"
"189","2","3","5","43","161","305","409","208","482","C0158113"
"4436","2","3","12","19","31","261","116","1","86","C0158113"
"23435","2","3","2","22","33","323","66","101","136","C0158113"
"2006","2","5","7","53","51","342","454","573","492","C0158113"
"23534","2","3","2","22","33","323","66","101","136","C0158252"
"2260","2","5","7","53","14","20","25","40","186","C0158252"
"11277","2","3","12","19","31","261","116","1","86","C0158252"
"8924","2","3","12","41","116","268","434","468","213","C0158252"
"4513","2","3","2","48","170","110","141","359","532","C0158252"
"8029","2","5","7","53","51","105","139","186","245","C0158252"
"673","2","5","7","53","14","20","34","540","68","C0158252"
"7508","2","3","12","19","31","261","116","1","664","C0158266"
"2200","2","5","7","53","51","342","454","573","492","C0158266"
"6507","2","3","2","45","94","199","240","415","666","C0158266"
"9031","2","3","12","19","31","1","426","55","78","C0158266"
"27130","2","3","12","48","45","143","38","236","69","C0158266"
"6863","2","5","4","68","96","326","427","548","672","C0158465"
"51151","2","3","5","23","18","138","250","332","407","C0158465"
"5970","2","3","12","19","31","276","91","433","118","C0158465"
"3043","2","5","7","34","52","216","395","549","116","C0158465"
"3655","2","5","7","53","51","342","454","573","492","C0158465"
"4853","2","3","12","19","124","143","428","236","667","C0158465"
"55612","2","5","7","60","36","71","177","560","701","C0158465"
"567","2","5","7","34","52","119","395","549","674","C0158465"
"51360","2","3","3","26","35","276","91","433","203","C0158465"
"6663","2","3","3","19","221","321","428","541","667","C0158465"
"4036","2","5","7","60","14","184","341","544","669","C0158465"
"9409","2","3","5","43","161","305","409","208","482","C0158465"
"5111","2","3","12","19","31","261","116","1","86","C0158465"
"9215","2","5","2","27","36","150","430","215","628","C0158465"
"7040","2","5","7","53","51","342","454","573","492","C0158465"
"1409","2","3","12","76","153","40","38","54","75","C0158465"
"4143","2","3","5","80","81","105","426","129","2","C0158465"
"175","2","3","7","34","52","216","395","549","674","C0158465"
"1235","2","5","4","68","96","326","427","548","672","C0158551"
"54756","2","5","7","41","219","238","118","543","214","C0158551"
"6335","2","5","8","63","36","166","341","390","158","C0158551"
"6926","2","5","7","53","51","335","259","560","373","C0158646"
"6239","2","3","12","19","119","330","214","454","144","C0158646"
"1437","2","5","7","53","14","20","25","40","186","C0158646"
"9180","2","5","7","53","51","119","25","549","416","C0158646"
"93986","2","3","12","19","221","321","428","541","667","C0158646"
"5950","2","5","7","53","51","101","126","170","224","C0158646"
"4771","2","5","7","60","36","71","177","64","215","C0158646"
"3596","2","5","7","53","51","119","25","489","416","C0158646"
"10555","2","3","7","34","52","216","395","549","622","C0158646"
"1282","2","5","7","53","51","342","454","573","492","C0158646"
"3852","2","1","6","11","142","225","142","220","298","C0158646"
"331","2","3","12","41","219","339","156","568","697","C0158646"
"5296","2","5","7","53","14","20","25","40","186","C0158646"
"473","2","3","12","19","31","1","426","55","78","C0158646"
"7274","2","3","5","43","161","99","162","216","290","C0158646"
"695","2","5","7","53","14","20","25","40","186","C0158646"
"1144","2","5","8","27","70","99","162","216","290","C0158646"
"3778","2","5","8","63","36","166","106","110","158","C0158646"
"2263","2","5","7","53","14","20","25","40","186","C0158646"
"9270","2","5","7","60","51","342","454","573","492","C0158646"
"344","2","5","7","53","51","342","454","573","492","C0158646"
"7508","2","3","12","19","31","261","116","1","664","C0158646"
"1278","2","5","7","53","51","342","454","573","492","C0158646"
"3248","2","3","2","69","83","133","167","224","301","C0158683"
"55704","2","3","12","76","153","40","38","54","75","C0158683"
"2074","2","3","12","19","31","1","426","55","78","C0158683"
"11128","2","3","2","22","33","261","116","159","211","C0158713"
"29940","2","5","7","53","51","342","454","573","492","C0158713"
"4853","2","3","12","19","124","143","428","236","667","C0158733"
"30008","2","5","7","53","51","342","454","573","492","C0158733"
"2731","2","3","2","106","104","214","234","67","53","C0158733"
"1029","2","3","12","19","31","1","116","1","664","C0158733"
"6469","2","5","3","53","221","197","259","560","422","C0158733"
"8076","2","5","7","53","51","342","454","573","492","C0158733"
"6567","2","5","8","35","41","77","40","57","80","C0158733"
"23431","2","5","7","60","18","184","341","544","669","C0158733"
"5995","2","5","4","68","96","326","427","548","672","C0158733"
"3766","2","5","8","63","36","166","106","110","158","C0158733"
"367","2","3","12","19","31","276","91","433","118","C0158733"
"10451","2","5","7","60","54","24","30","46","72","C0158734"
"5332","2","3","4","68","96","326","427","548","672","C0158734"
"9210","2","5","7","53","51","342","454","573","492","C0158734"
"3954","2","3","2","48","170","67","119","444","593","C0158734"
"59","2","5","8","63","45","23","103","464","187","C0158734"
"8924","2","3","12","41","116","268","434","468","213","C0158734"
"9051","2","5","7","60","14","20","25","40","215","C0158734"
"7306","2","5","5","23","18","138","250","332","407","C0158734"
"178","2","3","7","34","52","216","395","549","674","C0158734"
"8600","2","5","7","41","219","339","156","568","697","C0158734"
"8892","2","3","2","110","85","237","433","547","671","C0158734"
"1747","2","3","3","19","221","321","428","541","667","C0158734"
"4512","2","3","2","48","170","110","141","359","8","C0158761"
"1736","2","3","2","110","85","237","433","547","671","C0158761"
"6505","2","3","2","45","94","199","240","415","666","C0158761"
"50939","2","3","12","76","153","40","38","472","435","C0158761"
"2068","2","3","12","19","31","261","116","159","211","C0158761"
"55005","2","3","2","68","96","326","427","429","544","C0158761"
"10058","2","3","5","44","50","209","68","11","141","C0158761"
"2301","2","5","6","11","142","225","142","220","673","C0158761"
"6154","2","3","2","110","85","237","433","547","671","C0158761"
"2353","2","3","12","19","31","1","91","489","416","C0158761"
"2560","2","5","8","27","70","99","162","216","290","C0158761"
"10743","2","3","3","19","151","276","91","433","118","C0158761"
"1839","2","5","7","53","14","20","25","40","186","C0158761"
"6647","2","3","2","95","2","342","378","173","702","C0158761"
"9187","2","5","8","45","94","199","240","415","666","C0158761"
"23363","2","3","12","41","116","268","434","468","213","C0158761"
"55315","2","3","5","80","81","296","62","94","150","C0158761"
"7043","2","5","7","53","51","342","454","573","492","C0158761"
"1960","2","5","3","27","151","276","91","433","118","C0158761"
"3784","2","5","8","63","36","166","106","110","158","C0158761"
"367","2","3","12","19","31","276","91","433","118","C0158761"
"1258","2","5","4","68","45","272","106","518","621","C0158761"
"1301","2","5","7","53","51","342","454","573","492","C0158761"
"2934","2","5","7","34","52","216","395","549","674","C0158761"
"5573","2","3","12","19","184","118","155","287","116","C0158775"
"8575","2","3","2","22","33","323","66","101","194","C0158775"
"1146","2","5","8","27","70","99","162","216","290","C0158775"
"860","2","3","12","19","31","276","91","433","118","C0158775"
"3897","2","5","7","53","51","335","444","560","373","C0158775"
"2706","2","3","12","76","153","40","38","54","75","C0158775"
"5573","2","3","12","19","184","118","155","287","116","C0158775"
"4803","2","5","7","60","54","24","30","46","72","C0158775"
"2483","2","3","2","22","33","323","66","101","136","C0158775"
"4593","2","5","7","53","14","20","454","573","492","C0158775"
"3082","2","5","7","53","51","342","25","40","186","C0158775"
"28952","2","3","12","41","116","268","434","468","213","C0158775"
"1420","2","3","6","63","45","160","362","177","673","C0158775"
"1499","2","3","12","19","221","197","259","560","422","C0158775"
"4068","2","5","7","53","51","119","25","549","674","C0158775"
"55505","2","3","2","110","85","237","433","547","671","C0158775"
"8929","2","3","3","19","221","321","428","541","667","C0158779"
"54556","2","3","12","19","31","1","426","55","78","C0158779"
"84168","2","5","7","53","51","342","454","573","492","C0158779"
"1146","2","5","8","27","70","99","162","216","290","C0158779"
"1543","2","3","5","91","151","276","91","433","118","C0158986"
"89884","2","3","3","110","221","321","428","541","667","C0158986"
"1280","2","5","7","53","51","342","454","573","492","C0158986"
"5333","2","3","5","18","16","40","417","103","58","C0158986"
"3284","2","3","2","69","98","169","299","183","243","C0158986"
"343035","2","5","4","68","96","326","427","330","304","C0158986"
"11093","2","5","7","53","51","342","454","573","492","C0158986"
"3052","2","3","2","48","170","50","119","444","556","C0158986"
"2617","2","3","2","110","85","237","433","252","154","C0158986"
"7879","2","5","7","34","54","24","30","46","72","C0158986"
"335","2","5","7","53","51","342","454","573","492","C0158986"
"7227","2","3","12","19","31","276","91","433","118","C0158986"
"6323","2","5","8","63","36","166","341","390","158","C0158986"
"6938","2","3","12","19","31","1","426","55","78","C0158986"
"10102","2","3","2","48","182","67","76","463","153","C0158986"
"3265","2","5","7","60","54","24","30","46","72","C0158986"
"2138","2","3","12","19","31","1","426","55","78","C0158986"
"1161","2","3","12","41","116","268","434","468","213","C0162154"
"6890","2","3","12","41","184","119","156","568","116","C0162154"
"8504","2","3","5","47","144","185","238","310","392","C0162154"
"3106","2","5","7","34","52","119","395","549","674","C0162154"
"2563","2","5","8","27","70","99","162","216","290","C0162154"
"1594","2","3","5","92","163","96","363","460","487","C0162154"
"5896","2","3","12","41","116","268","434","568","605","C0162154"
"54903","2","3","12","76","153","40","38","54","75","C0162154"
"2006","2","5","7","53","51","342","454","573","492","C0162154"
"4548","2","3","2","15","85","105","139","186","245","C0162154"
"857","2","5","7","53","45","23","57","83","422","C0162154"
"3852","2","1","6","11","142","225","142","220","298","C0162154"
"4854","2","5","7","53","51","143","428","236","667","C0162154"
"3977","2","5","7","53","51","119","25","40","416","C0162154"
"5373","2","3","2","90","167","123","158","207","278","C0162154"
"1908","2","5","4","68","96","326","427","548","672","C0162154"
"3115","2","5","7","53","184","119","156","287","116","C0162154"
"1278","2","5","7","53","51","342","454","573","492","C0162154"
"5354","2","5","7","27","36","150","341","223","628","C0162275"
"7466","2","5","7","53","51","342","454","573","492","C0162275"
"8200","2","5","7","53","51","342","259","423","389","C0162275"
"6575","2","3","8","45","94","199","240","415","666","C0162275"
"3122","2","5","7","53","184","119","156","287","116","C0162275"
"1029","2","3","12","19","31","1","116","1","664","C0162275"
"4893","2","5","7","34","52","24","30","46","72","C0162275"
"7249","2","3","7","60","57","110","141","359","462","C0162275"
"1030","2","3","12","19","31","1","426","55","78","C0162283"
"3758","2","5","8","63","36","166","106","110","158","C0162283"
"4613","2","3","12","19","31","1","426","55","78","C0162283"
"477","2","3","8","63","45","23","103","464","187","C0162283"
"10087","2","3","7","50","47","39","100","321","255","C0162283"
"1298","2","5","7","53","51","342","454","573","492","C0162283"
"23322","2","3","12","76","153","40","38","54","75","C0162283"
"8517","2","3","12","41","219","339","156","568","697","C0162285"
"5538","2","3","2","115","18","340","269","342","444","C0162285"
"3630","2","5","7","53","14","20","25","40","186","C0162285"
"6638","2","3","2","22","33","323","66","101","136","C0162285"
"6473","2","3","3","19","221","321","428","541","667","C0162285"
"1308","2","5","7","53","51","119","454","573","492","C0162285"
"3815","2","5","7","53","14","20","25","40","186","C0162285"
"4595","2","3","12","19","31","261","116","1","86","C0162285"
"5080","2","3","3","19","221","321","428","541","667","C0162285"
"3981","2","3","12","19","31","261","116","1","86","C0162285"
"2263","2","5","7","53","14","20","25","40","186","C0162292"
"6329","2","5","8","63","36","166","341","390","158","C0162292"
"2671","2","3","2","48","170","50","304","167","593","C0162292"
"10128","2","3","2","48","170","50","119","444","556","C0162292"
"1161","2","3","12","41","116","268","434","468","213","C0162292"
"80224","2","3","2","48","170","50","119","444","556","C0162292"
"10312","2","3","7","34","52","216","395","549","674","C0162309"
"54880","2","3","12","19","31","1","426","55","78","C0162309"
"2130","2","3","2","22","33","323","66","491","609","C0162309"
"50","2","3","5","80","81","50","304","167","593","C0162309"
"2033","2","3","12","19","31","1","91","433","118","C0162309"
"9031","2","3","12","19","31","1","426","55","78","C0162309"
"51339","2","3","12","41","116","268","434","568","605","C0162316"
"3440","2","3","12","19","184","118","155","287","116","C0162316"
"4137","2","3","7","27","36","150","341","223","628","C0162316"
"26608","2","3","2","22","170","50","119","463","153","C0162316"
"3098","2","3","2","90","167","266","367","500","577","C0162316"
"65217","2","5","7","53","51","335","444","560","373","C0162316"
"3081","2","3","2","91","51","3","267","308","429","C0162316"
"9968","2","4","3","24","119","330","214","454","144","C0162316"
"1355","2","3","2","48","170","50","119","444","556","C0162316"
"4893","2","5","7","34","52","24","30","46","72","C0162316"
"7852","2","5","4","68","96","326","427","548","672","C0162323"
"2760","2","3","7","34","52","216","395","549","674","C0162323"
"375790","2","5","7","53","51","342","454","573","492","C0162323"
"50640","2","3","5","116","183","295","398","243","327","C0162323"
"8216","2","3","12","41","119","330","214","454","144","C0162323"
"1410","2","3","12","63","45","23","38","54","187","C0162323"
"6556","2","3","7","34","52","216","395","549","674","C0162323"
"8626","2","3","3","19","221","321","428","541","667","C0162323"
"545","2","3","12","19","31","261","116","1","86","C0162323"
"54716","2","5","8","45","94","199","240","415","666","C0162323"
"8195","2","3","12","76","153","76","38","54","75","C0162323"
"3399","2","3","12","19","31","276","91","433","118","C0162359"
"8481","2","3","12","76","153","40","38","54","75","C0162359"
"2932","2","3","12","19","14","197","34","540","68","C0162359"
"6833","2","5","8","45","36","166","240","415","666","C0162361"
"4514","2","3","2","48","57","110","141","359","5","C0162361"
"3887","2","1","6","11","142","225","142","220","298","C0162429"
"8425","2","5","7","53","51","342","454","573","492","C0162429"
"4089","2","3","12","19","219","339","259","423","605","C0162429"
"2492","2","5","4","68","96","326","427","548","672","C0162429"
"7015","2","3","12","19","31","1","426","55","78","C0162429"
"1401","2","5","7","53","51","119","395","573","492","C0162429"
"4125","2","3","7","34","52","216","395","549","674","C0162429"
"22931","2","5","7","34","54","24","30","46","72","C0162429"
"2255","2","5","7","53","14","20","25","40","186","C0162429"
"25915","2","3","2","48","170","50","119","444","556","C0162429"
"6559","2","5","8","45","94","199","240","415","666","C0162429"
"286","2","5","7","60","153","40","38","54","203","C0162530"
"2778","2","5","4","68","96","326","427","548","672","C0162530"
"7253","2","5","4","68","96","326","427","548","672","C0162538"
"26119","2","5","7","60","14","184","341","544","669","C0162538"
"4719","2","3","2","48","170","50","119","444","556","C0162538"
"1280","2","5","7","53","51","342","454","573","492","C0162538"
"3981","2","3","12","19","31","261","116","1","86","C0162538"
"163786","2","3","12","76","153","40","38","54","75","C0162538"
"10804","2","3","12","76","153","40","38","54","75","C0162538"
"1736","2","3","2","110","85","237","433","547","671","C0162538"
"3651","2","3","3","19","221","321","428","541","667","C0162538"
"5950","2","5","7","53","51","101","126","170","224","C0162538"
"23414","2","3","12","19","31","118","155","287","116","C0162538"
"3110","2","3","3","19","221","321","428","541","667","C0162538"
"57282","2","3","2","45","94","199","240","415","666","C0162538"
"9640","2","3","12","19","31","261","116","159","211","C0162538"
"5077","2","3","3","19","221","321","428","541","667","C0162538"
"2200","2","5","7","53","51","342","454","573","492","C0162538"
"1415","2","3","6","63","45","160","362","177","673","C0162538"
"4436","2","3","12","19","31","261","116","1","86","C0162538"
"9533","2","3","2","19","31","1","426","55","78","C0162538"
"2534","2","5","7","53","14","20","25","40","186","C0162539"
"5096","2","3","2","48","40","130","166","127","173","C0162539"
"55130","2","3","12","76","153","76","38","54","75","C0162539"
"5993","2","3","12","19","31","1","426","55","78","C0162539"
"2697","2","3","7","76","153","40","38","54","75","C0162539"
"50640","2","3","5","116","183","295","398","243","327","C0162539"
"23025","2","5","7","60","36","71","341","223","624","C0162539"
"4540","2","3","2","48","170","50","119","444","556","C0162539"
"6648","2","3","2","95","151","160","378","173","229","C0162539"
"2176","2","3","12","19","31","261","116","1","86","C0162539"
"5314","2","3","12","76","153","40","38","54","75","C0162539"
"2108","2","3","2","48","170","50","119","444","556","C0162539"
"2261","2","5","7","53","14","20","25","40","186","C0162539"
"3516","2","3","12","19","31","143","428","236","667","C0162539"
"3284","2","3","2","69","98","169","299","183","243","C0162539"
"6448","2","3","5","74","160","294","376","453","567","C0162539"
"249","2","3","5","27","51","335","444","560","373","C0162539"
"4914","2","3","2","22","18","266","202","252","252","C0162539"
"112476","2","3","2","48","170","50","119","444","556","C0162539"
"2629","2","3","5","80","81","250","291","152","420","C0162539"
"6473","2","3","3","19","221","321","428","541","667","C0162539"
"3459","2","5","7","53","184","119","156","287","116","C0162539"
"410","2","3","7","34","52","216","395","549","674","C0162557"
"25913","2","3","12","19","31","261","116","1","78","C0162557"
"9451","2","3","2","110","51","335","226","297","380","C0162557"
"675","2","3","12","19","31","261","116","1","86","C0162557"
"53834","2","5","7","53","51","342","454","573","492","C0162557"
"7401","2","5","7","60","83","101","126","170","224","C0162557"
"5395","2","3","12","19","31","261","116","1","86","C0162557"
"4853","2","3","12","19","124","143","428","236","667","C0162557"
"5241","2","3","3","19","151","276","91","433","118","C0162557"
"51098","2","3","12","76","153","40","38","54","75","C0162557"
"51259","2","3","2","76","153","40","38","54","75","C0162557"
"940","2","5","7","53","14","20","25","40","186","C0162557"
"5925","2","3","12","19","31","1","426","55","78","C0162557"
"8792","2","3","12","41","219","339","156","568","697","C0162557"
"7157","2","3","12","19","31","261","402","489","551","C0162557"
"4540","2","3","2","48","170","50","119","444","556","C0162557"
"4256","2","5","7","53","51","342","454","573","492","C0162557"
"1282","2","5","7","53","51","342","454","573","492","C0162557"
"6794","2","3","12","53","14","20","34","540","68","C0162557"
"11322","2","5","7","34","52","216","395","549","674","C0162557"
"2290","2","3","3","19","221","321","428","541","667","C0162557"
"7545","2","5","3","34","52","216","142","220","298","C0162557"
"51702","2","3","12","19","31","1","426","55","78","C0162557"
"3845","2","5","7","60","54","24","30","46","72","C0162557"
"3977","2","5","7","53","51","119","25","40","416","C0162557"
"51204","2","3","2","48","170","50","119","444","556","C0162557"
"5333","2","3","5","18","16","40","417","103","58","C0162557"
"2131","2","3","2","74","58","112","148","181","416","C0162557"
"6607","2","3","2","22","33","323","66","101","664","C0162557"
"2673","2","3","2","110","94","178","226","297","380","C0162566"
"1380","2","5","7","53","51","119","395","549","674","C0162566"
"2688","2","5","7","53","51","119","25","40","186","C0162566"
"5449","2","3","3","19","221","321","428","541","667","C0162566"
"55703","2","3","2","22","33","261","116","159","211","C0162568"
"2678","2","3","5","80","175","271","400","471","20","C0162568"
"5251","2","3","5","80","81","296","474","593","722","C0162568"
"11315","2","3","2","48","170","50","399","201","229","C0162568"
"4053","2","5","7","53","51","342","454","573","492","C0162627"
"7015","2","3","12","19","31","1","426","55","78","C0162627"
"1962","2","3","5","43","161","305","409","208","482","C0162627"
"54716","2","5","8","45","94","199","240","415","666","C0162627"
"3106","2","5","7","34","52","119","395","549","674","C0162627"
"2705","2","3","12","76","153","40","38","54","75","C0162627"
"9897","2","3","12","76","18","75","38","1","212","C0162627"
"3853","2","1","6","11","142","225","142","220","298","C0162635"
"25836","2","3","12","76","153","40","38","54","75","C0162635"
"23742","2","5","5","68","96","326","427","447","586","C0162635"
"3872","2","1","6","11","142","225","142","220","298","C0162635"
"9343","2","3","2","22","33","323","66","101","136","C0162666"
"79955","2","5","7","42","36","71","177","223","219","C0162666"
"23384","2","3","12","63","45","184","103","572","658","C0162666"
"1301","2","5","7","53","51","342","454","573","492","C0162666"
"1373","2","3","8","84","97","167","210","271","536","C0162666"
"1583","2","3","5","79","152","273","375","100","589","C0162666"
"79147","2","3","2","27","36","150","430","215","628","C0162666"
"2200","2","5","7","53","51","342","454","573","492","C0162670"
"472","2","3","12","19","31","261","116","1","86","C0162670"
"9427","2","5","5","53","51","119","252","489","416","C0162670"
"1026","2","3","12","19","31","1","116","489","416","C0162670"
"5982","2","3","12","19","31","261","116","1","86","C0162670"
"6609","2","3","5","105","155","250","291","152","420","C0162670"
"54880","2","3","12","19","31","1","426","55","78","C0162670"
"2623","2","3","12","19","31","1","155","287","116","C0162670"
"860","2","3","12","19","31","276","91","433","118","C0162670"
"3265","2","5","7","60","54","24","30","46","72","C0162670"
"1834","2","5","7","53","51","342","454","573","492","C0162670"
"2147","2","5","7","68","51","342","454","573","492","C0162670"
"5396","2","3","3","19","221","321","428","541","667","C0162670"
"29954","2","5","2","27","206","324","430","215","290","C0162670"
"8626","2","3","3","19","221","321","428","541","667","C0162670"
"6134","2","3","2","110","85","237","433","547","671","C0162670"
"1281","2","5","7","53","51","342","454","573","492","C0162670"
"55630","2","3","5","27","81","99","162","216","290","C0162670"
"8910","2","5","8","63","45","23","103","464","187","C0162670"
"2040","2","5","7","34","52","216","395","549","674","C0162670"
"175","2","3","7","34","52","216","395","549","674","C0162670"
"3265","2","5","7","60","54","24","30","46","72","C0162671"
"1893","2","5","7","53","51","342","454","573","702","C0162671"
"51741","2","3","2","22","33","323","66","101","127","C0162671"
"1594","2","3","5","92","163","96","363","460","487","C0162671"
"8139","2","3","12","41","116","268","434","468","213","C0162671"
"5739","2","5","4","68","96","326","427","548","672","C0162671"
"147138","2","3","12","41","219","339","156","568","697","C0162671"
"4481","2","5","7","53","51","342","454","573","492","C0162671"
"4669","2","3","5","80","81","166","454","453","492","C0162671"
"10682","2","5","4","68","96","326","48","69","204","C0162671"
"7353","2","3","12","41","219","339","156","568","605","C0162671"
"7297","2","5","7","53","184","119","25","40","186","C0162672"
"5994","2","3","12","19","31","276","91","491","118","C0162672"
"846","2","5","4","68","96","326","427","548","672","C0162672"
"50485","2","3","12","19","31","261","116","1","86","C0162674"
"54187","2","3","5","80","81","296","272","452","148","C0162674"
"1302","2","5","7","53","51","342","454","573","492","C0162674"
"3291","2","3","2","69","83","101","94","133","318","C0162674"
"8242","2","3","12","19","31","1","426","55","78","C0162674"
"10280","2","3","2","110","85","52","57","86","119","C0162674"
"26580","2","5","8","27","70","99","162","216","290","C0162674"
"6928","2","3","3","19","221","321","428","541","667","C0162674"
"51454","2","5","7","60","54","184","341","544","669","C0162674"
"2177","2","3","2","110","90","261","431","545","443","C0162674"
"3576","2","5","4","68","96","326","427","548","672","C0162674"
"4763","2","5","7","60","54","24","30","46","214","C0162674"
"9487","2","3","5","80","81","142","176","235","317","C0162674"
"6335","2","5","8","63","36","166","341","390","158","C0162674"
"28962","2","5","8","63","45","23","34","464","187","C0162674"
"5077","2","3","3","19","221","321","428","541","667","C0162674"
"3303","2","3","7","34","52","216","395","271","356","C0162674"
"2771","2","5","4","68","96","326","427","548","672","C0162678"
"10269","2","3","2","48","182","50","119","444","556","C0162678"
"547","2","3","7","76","153","40","38","54","75","C0162678"
"3655","2","5","7","53","51","342","454","573","492","C0162678"
"9871","2","3","7","60","153","40","38","54","203","C0162678"
"5328","2","5","7","34","52","216","395","549","674","C0162739"
"7450","2","5","7","53","51","342","454","573","492","C0162739"
"5083","2","3","3","19","221","321","428","541","667","C0162739"
"249","2","3","5","27","51","335","444","560","373","C0162770"
"5034","2","5","7","53","51","342","454","573","492","C0162770"
"6391","2","3","2","48","170","50","119","444","556","C0162770"
"6329","2","5","8","63","36","166","341","390","158","C0162770"
"7471","2","5","3","68","221","197","259","560","422","C0162770"
"5617","2","5","12","19","31","1","426","55","78","C0162770"
"3683","2","5","7","53","51","119","395","549","674","C0162809"
"3081","2","3","2","91","51","3","267","308","429","C0162809"
"5191","2","3","5","43","161","305","409","208","482","C0162809"
"526","2","3","5","29","88","132","172","199","308","C0162809"
"207","2","3","7","53","14","20","34","489","416","C0162809"
"1717","2","3","2","19","151","276","48","69","204","C0162809"
"1591","2","3","5","92","163","262","136","460","566","C0162809"
"23545","2","3","5","29","88","132","85","222","346","C0162809"
"23129","2","5","7","53","51","342","79","560","373","C0162809"
"1280","2","5","7","53","51","342","454","573","492","C0162809"
"81","2","5","7","53","51","342","454","573","702","C0162809"
"2691","2","5","4","68","96","326","427","548","672","C0162809"
"6469","2","5","3","53","221","197","259","560","422","C0162809"
"2071","2","3","12","19","31","261","116","159","211","C0162809"
"7473","2","5","3","68","221","197","259","560","422","C0162809"
"5428","2","3","2","48","170","50","119","167","593","C0162809"
"3565","2","5","7","53","51","119","25","489","416","C0162809"
"6760","2","3","12","19","31","1","426","55","78","C0162809"
"9401","2","3","12","76","31","261","116","1","86","C0162809"
"25793","2","3","12","41","116","268","434","468","213","C0162809"
"5742","2","3","5","91","175","134","167","224","301","C0162819"
"5604","2","5","7","53","14","20","34","540","68","C0162819"
"7046","2","3","12","41","219","339","259","423","605","C0162819"
"3892","2","1","6","11","142","225","142","220","298","C0162819"
"2741","2","5","8","27","70","99","162","216","290","C0162819"
"5256","2","3","7","34","45","23","103","464","187","C0162835"
"26504","2","3","5","42","81","296","399","201","274","C0162835"
"1302","2","5","7","53","51","342","454","573","492","C0162835"
"3872","2","1","6","11","142","225","142","220","298","C0162835"
"5328","2","5","7","34","52","216","395","549","674","C0162835"
"3815","2","5","7","53","14","20","25","40","186","C0162835"
"617","2","3","2","48","170","50","304","167","593","C0162835"
"421","2","5","7","42","51","335","444","560","373","C0162835"
"25878","2","5","7","53","51","342","454","573","492","C0162835"
"7737","2","3","12","22","33","268","434","468","213","C0162835"
"3476","2","3","12","76","137","76","136","472","435","C0162835"
"2138","2","3","12","19","31","1","426","55","78","C0162835"
"7040","2","5","7","53","51","342","454","573","492","C0162835"
"9949","2","3","2","22","33","225","142","220","298","C0162835"
"6945","2","3","12","19","31","110","141","488","102","C0162835"
"5592","2","5","4","53","14","20","34","540","68","C0162835"
"51085","2","3","2","48","57","110","141","359","462","C0162835"
"1785","2","5","7","60","14","184","341","544","669","C0162835"
"6655","2","5","7","60","54","24","30","46","72","C0162835"
"5172","2","5","8","45","94","199","240","415","666","C0162835"
"2916","2","5","4","68","96","326","427","548","672","C0162835"
"5917","2","3","2","110","85","237","433","547","154","C0162835"
"4352","2","5","7","53","14","20","25","40","186","C0162835"
"4256","2","5","7","53","51","342","454","573","492","C0162835"
"7040","2","5","7","53","51","342","454","573","492","C0162835"
"3569","2","5","7","53","51","342","454","573","416","C0162836"
"1528","2","3","5","91","214","271","372","471","586","C0162836"
"5317","2","5","7","34","52","216","142","220","298","C0162836"
"2316","2","5","7","53","51","342","454","573","702","C0162848"
"3848","2","5","7","34","52","225","142","220","298","C0162848"
"2120","2","3","12","19","31","193","306","148","624","C0162871"
"51738","2","5","4","68","96","326","427","548","672","C0162871"
"35","2","3","2","67","148","70","456","575","704","C0162871"
"1497","2","5","2","63","182","50","103","297","628","C0162871"
"7291","2","3","12","19","151","276","91","489","416","C0162871"
"51204","2","3","2","48","170","50","119","444","556","C0162871"
"2588","2","3","7","34","52","216","395","549","674","C0162871"
"4010","2","3","3","19","221","321","428","541","667","C0162871"
"2200","2","5","7","53","51","342","454","573","492","C0162871"
"1134","2","5","8","27","70","99","162","216","290","C0162872"
"55600","2","5","7","34","157","226","350","243","561","C0162872"
"23064","2","3","6","11","31","261","142","220","664","C0162872"
"2677","2","5","7","53","51","342","454","573","492","C0162872"
"2969","2","3","12","19","31","276","91","433","118","C0162872"
"2263","2","5","7","53","14","20","25","40","186","C0162872"
"5019","2","3","2","67","92","293","55","75","311","C0162872"
"27089","2","3","2","48","170","50","119","444","542","C0162872"
"50484","2","3","5","80","109","182","235","307","506","C0175691"
"5328","2","5","7","34","52","216","395","549","674","C0175691"
"9321","2","3","12","76","153","40","38","54","203","C0175693"
"54187","2","3","5","80","81","296","272","452","148","C0175693"
"538","2","3","8","63","45","23","103","464","187","C0175693"
"8797","2","5","7","41","219","339","156","568","697","C0175693"
"6342","2","3","5","80","161","305","409","208","482","C0175695"
"5328","2","5","7","34","52","216","395","549","674","C0175695"
"7372","2","3","2","68","119","109","266","182","182","C0175695"
"4948","2","5","8","63","45","23","250","464","187","C0175697"
"2263","2","5","7","53","14","20","25","40","186","C0175697"
"10577","2","5","7","34","52","216","395","549","674","C0175699"
"1278","2","5","7","53","51","342","454","573","492","C0175699"
"4860","2","3","7","34","52","216","395","549","150","C0175699"
"2189","2","3","12","19","31","261","116","1","86","C0175700"
"5830","2","3","5","43","161","305","409","208","482","C0175700"
"1814","2","5","4","68","96","326","427","548","672","C0175700"
"1848","2","3","5","42","81","296","399","201","274","C0175702"
"1268","2","5","4","68","96","326","427","548","672","C0175702"
"6401","2","5","7","53","51","119","454","573","492","C0175702"
"3592","2","5","7","53","51","119","25","489","416","C0175702"
"2984","2","3","4","68","96","326","427","548","672","C0175702"
"84892","2","5","2","27","36","150","430","215","628","C0175702"
"11285","2","3","2","74","205","191","396","408","620","C0175702"
"3815","2","5","7","53","14","20","25","40","186","C0175702"
"5159","2","5","7","53","14","20","25","40","186","C0175702"
"4694","2","3","2","48","170","50","119","444","556","C0175704"
"4998","2","3","12","76","31","261","116","1","86","C0175704"
"1180","2","5","8","63","45","23","34","464","187","C0175704"
"4157","2","5","4","68","96","326","427","548","672","C0175704"
"1282","2","5","7","53","51","342","454","573","492","C0175704"
"3066","2","3","12","19","31","1","426","55","78","C0178416"
"3691","2","5","7","53","51","342","454","573","492","C0178416"
"4854","2","5","7","53","51","143","428","236","667","C0178416"
"2244","2","5","7","53","51","342","454","573","492","C0178417"
"730","2","5","7","53","51","119","395","549","674","C0178417"
"1032","2","3","12","19","31","1","426","55","78","C0178417"
"4868","2","5","7","53","51","335","25","560","373","C0178417"
"6530","2","5","8","45","94","199","240","415","666","C0178417"
"2074","2","3","12","19","31","1","426","55","78","C0178417"
"118429","2","5","8","53","51","197","454","540","422","C0178417"
"1294","2","5","7","53","51","342","454","573","492","C0178417"
"100","2","3","5","33","21","47","56","80","199","C0178417"
"4621","2","5","8","63","45","23","103","464","187","C0178417"
"10060","2","3","8","41","45","23","423","464","445","C0178417"
"4893","2","5","7","34","52","24","30","46","72","C0178417"
"4541","2","3","2","48","170","50","119","444","24","C0178417"
"6926","2","5","7","53","51","335","259","560","373","C0178417"
"9361","2","3","2","48","170","50","119","444","556","C0178417"
"2316","2","5","7","53","51","342","454","573","702","C0178417"
"9939","2","3","2","22","33","323","66","101","136","C0178417"
"1028","2","3","12","19","31","1","116","1","86","C0178417"
"8106","2","3","2","22","33","323","66","101","136","C0178417"
"54658","2","3","2","78","205","207","67","355","138","C0178417"
"3909","2","5","7","53","51","342","454","573","492","C0178417"
"5230","2","3","12","72","167","266","367","500","577","C0178417"
"4000","2","3","12","26","105","178","226","297","156","C0178417"
"4763","2","5","7","60","54","24","30","46","214","C0178417"
"7170","2","5","8","63","45","23","103","464","187","C0178417"
"9632","2","3","7","60","153","40","38","54","203","C0178417"
"6664","2","3","3","19","221","321","428","541","667","C0178417"
"1019","2","3","12","19","31","1","116","1","86","C0178421"
"5080","2","3","3","19","221","321","428","541","667","C0178421"
"7737","2","3","12","22","33","268","434","468","213","C0178421"
"5741","2","5","4","68","96","326","427","548","672","C0178664"
"5832","2","3","2","101","62","189","182","509","252","C0178664"
"1141","2","5","8","27","70","99","162","216","290","C0178664"
"1287","2","5","2","53","51","342","454","573","492","C0178664"
"26580","2","5","8","27","70","99","162","216","290","C0178664"
"8892","2","3","2","110","85","237","433","547","671","C0178664"
"5781","2","5","7","53","14","20","25","40","186","C0178664"
"51524","2","5","7","45","94","199","240","415","666","C0205700"
"3596","2","5","7","53","51","119","25","489","416","C0205700"
"6495","2","3","3","19","221","321","428","541","667","C0205700"
"9569","2","3","12","19","31","276","91","433","118","C0205700"
"2259","2","5","8","63","36","166","341","223","158","C0205700"
"10847","2","3","12","19","31","1","426","55","78","C0205700"
"2239","2","3","2","74","51","342","454","573","492","C0205700"
"9657","2","3","12","76","153","40","38","54","75","C0205711"
"3052","2","3","2","48","170","50","119","444","556","C0205711"
"2488","2","5","4","68","96","326","427","548","672","C0205711"
"3815","2","5","7","53","14","20","25","40","186","C0205713"
"472","2","3","12","19","31","261","116","1","86","C0205713"
"3586","2","5","7","53","51","119","25","489","416","C0205768"
"4041","2","5","3","68","221","197","259","560","422","C0205768"
"4137","2","3","7","27","36","150","341","223","628","C0205824"
"10060","2","3","8","41","45","23","423","464","445","C0205824"
"1756","2","5","8","63","45","23","103","464","187","C0205824"
"3172","2","3","3","19","151","276","91","433","118","C0206061"
"9180","2","5","7","53","51","119","25","549","416","C0206061"
"4703","2","5","7","60","45","23","103","464","187","C0206061"
"5728","2","3","5","80","81","339","156","568","605","C0206061"
"22897","2","3","12","76","153","40","38","54","75","C0206061"
"857","2","5","7","53","45","23","57","83","422","C0206062"
"8243","2","3","12","76","31","40","38","54","75","C0206062"
"1736","2","3","2","110","85","237","433","547","671","C0206062"
"3861","2","1","6","11","142","225","142","220","298","C0206062"
"1836","2","3","2","35","41","94","260","330","375","C0206062"
"6888","2","3","2","90","167","266","367","500","577","C0206115"
"2645","2","3","2","90","167","266","367","101","664","C0206115"
"8764","2","5","7","41","219","339","156","568","697","C0206115"
"6017","2","3","2","69","83","101","126","170","224","C0206138"
"23522","2","3","12","19","31","1","426","55","78","C0206138"
"5781","2","5","7","53","14","20","25","40","186","C0206138"
"3315","2","3","12","41","181","160","362","402","215","C0206138"
"1591","2","3","5","92","163","262","136","460","566","C0206138"
"5244","2","3","3","41","151","276","91","433","118","C0206138"
"51308","2","2","1","9","15","21","28","42","62","C0206146"
"10535","2","3","12","76","153","40","38","54","75","C0206146"
"9775","2","3","2","22","33","323","66","101","136","C0206146"
"3425","2","3","5","80","81","166","454","573","492","C0206146"
"2588","2","3","7","34","52","216","395","549","674","C0206160"
"3815","2","5","7","53","14","20","25","40","186","C0206160"
"8622","2","3","4","68","96","326","427","548","672","C0206160"
"8878","2","3","12","41","219","339","156","568","697","C0206160"
"6927","2","3","3","19","221","321","428","541","667","C0206160"
"6935","2","3","3","19","221","321","428","541","667","C0206160"
"7248","2","3","2","48","57","110","141","359","462","C0206160"
"4000","2","3","12","26","105","178","226","297","156","C0206160"
"5994","2","3","12","19","31","276","91","491","118","C0206160"
"5476","2","3","7","34","52","216","395","152","310","C0206160"
"1280","2","5","7","53","51","342","454","573","492","C0206160"
"538","2","3","8","63","45","23","103","464","187","C0206160"
"3972","2","5","4","68","96","326","427","548","672","C0206160"
"51360","2","3","3","26","35","276","91","433","203","C0206160"
"2318","2","5","7","53","45","23","103","464","187","C0206160"
"5972","2","5","5","34","52","216","397","418","568","C0206160"
"10743","2","3","3","19","151","276","91","433","118","C0206160"
"5456","2","3","3","19","221","321","428","541","667","C0206160"
"2175","2","3","12","19","31","261","116","1","86","C0206160"
"7353","2","3","12","41","219","339","156","568","605","C0206160"
"4313","2","5","7","53","51","342","454","573","492","C0206180"
"8195","2","3","12","76","153","76","38","54","75","C0206180"
"1027","2","3","12","19","31","1","116","1","86","C0206180"
"51099","2","3","2","67","92","293","55","75","311","C0206180"
"6335","2","5","8","63","36","166","341","390","158","C0206182"
"5332","2","3","4","68","96","326","427","548","672","C0206182"
"3552","2","3","12","53","51","119","156","489","416","C0206368"
"1019","2","3","12","19","31","1","116","1","86","C0206368"
"10758","2","3","12","41","219","339","156","568","697","C0206617"
"3239","2","3","3","19","221","321","428","541","667","C0206617"
"2261","2","5","7","53","14","20","25","40","186","C0206620"
"6335","2","5","8","63","36","166","341","390","158","C0206620"
"5972","2","5","5","34","52","216","397","418","568","C0206620"
"3954","2","3","2","48","170","67","119","444","593","C0206620"
"25978","2","3","2","48","57","110","141","359","462","C0206620"
"9569","2","3","12","19","31","276","91","433","118","C0206620"
"857","2","5","7","53","45","23","57","83","422","C0206620"
"5314","2","3","12","76","153","40","38","54","75","C0206620"
"3954","2","3","2","48","170","67","119","444","593","C0206620"
"5908","2","5","7","34","52","216","30","46","72","C0206620"
"652","2","5","7","53","51","342","454","573","492","C0206620"
"2301","2","5","6","11","142","225","142","220","673","C0206620"
"1294","2","5","7","53","51","342","454","573","492","C0206620"
"9639","2","5","7","60","54","24","30","46","72","C0206620"
"152816","2","3","2","11","142","342","454","573","593","C0206620"
"6947","2","5","7","34","52","216","395","549","674","C0206620"
"2697","2","3","7","76","153","40","38","54","75","C0206620"
"2697","2","3","7","76","153","40","38","54","75","C0206620"
"8643","2","5","3","68","221","197","259","560","422","C0206620"
"3549","2","5","3","53","51","197","259","560","422","C0206620"
"2033","2","3","12","19","31","1","91","433","118","C0206620"
"50964","2","5","3","68","221","197","259","423","422","C0206624"
"3481","2","5","7","53","51","342","454","573","492","C0206624"
"226","2","5","7","34","52","216","395","549","702","C0206624"
"1029","2","3","12","19","31","1","116","1","664","C0206624"
"6628","2","3","2","22","33","323","66","101","136","C0206624"
"23594","2","3","12","76","153","261","116","1","86","C0206624"
"7422","2","5","7","53","51","342","454","573","702","C0206624"
"2261","2","5","7","53","14","20","25","40","186","C0206624"
"367","2","3","12","19","31","276","91","433","118","C0206630"
"4758","2","3","7","34","52","216","395","549","517","C0206630"
"1103","2","3","2","67","92","293","55","75","311","C0206630"
"2771","2","5","4","68","96","326","427","548","672","C0206630"
"6609","2","3","5","105","155","250","291","152","420","C0206634"
"10232","2","5","7","53","51","342","454","573","492","C0206634"
"54209","2","5","7","53","51","119","395","549","674","C0206637"
"6011","2","5","7","53","14","20","34","540","68","C0206637"
"19","2","3","3","19","151","276","91","433","118","C0206637"
"55624","2","3","2","78","123","194","255","215","412","C0206637"
"3852","2","1","6","11","142","225","142","220","298","C0206637"
"2879","2","3","5","80","81","166","378","173","229","C0206650"
"4704","2","3","2","48","170","50","119","444","556","C0206650"
"5663","2","5","7","34","52","216","395","549","667","C0206655"
"3856","2","1","6","11","142","225","142","220","298","C0206655"
"3757","2","5","8","63","36","166","106","110","158","C0206655"
"4982","2","5","12","41","219","339","156","568","697","C0206655"
"9652","2","3","2","110","85","237","433","547","671","C0206656"
"6736","2","3","12","19","31","276","91","433","667","C0206656"
"1146","2","5","8","27","70","99","162","216","290","C0206656"
"9723","2","5","7","53","51","342","79","560","373","C0206656"
"11232","2","3","3","19","151","276","91","433","118","C0206656"
"2879","2","3","5","80","81","166","378","173","229","C0206657"
"4514","2","3","2","48","57","110","141","359","5","C0206657"
"2992","2","3","7","34","52","216","395","549","674","C0206661"
"54716","2","5","8","45","94","199","240","415","666","C0206661"
"538","2","3","8","63","45","23","103","464","187","C0206661"
"2626","2","3","12","19","31","118","155","287","116","C0206661"
"3426","2","5","7","53","51","119","395","549","674","C0206661"
"55294","2","3","12","41","116","268","434","468","213","C0206661"
"6138","2","3","2","110","85","237","433","547","671","C0206663"
"51360","2","3","3","26","35","276","91","433","203","C0206663"
"2239","2","3","2","74","51","342","454","573","492","C0206663"
"10046","2","3","12","19","31","143","428","236","667","C0206663"
"846","2","5","4","68","96","326","427","548","672","C0206663"
"4893","2","5","7","34","52","24","30","46","72","C0206663"
"26608","2","3","2","22","170","50","119","463","153","C0206663"
"6891","2","3","12","41","116","119","156","568","116","C0206663"
"5071","2","3","12","41","116","268","434","468","213","C0206667"
"5450","2","3","12","19","221","261","116","159","211","C0206667"
"1301","2","5","7","53","51","342","454","573","492","C0206667"
"2778","2","5","4","68","96","326","427","548","672","C0206667"
"8242","2","3","12","19","31","1","426","55","78","C0206667"
"3991","2","3","5","80","81","166","57","83","658","C0206669"
"71","2","5","7","60","14","184","103","544","669","C0206669"
"4621","2","5","8","63","45","23","103","464","187","C0206669"
"3643","2","5","7","53","14","20","25","40","186","C0206669"
"1337","2","3","2","48","170","110","141","359","462","C0206669"
"4358","2","3","5","43","161","305","409","208","482","C0206669"
"5828","2","3","5","43","161","305","409","208","482","C0206669"
"595","2","3","12","19","31","1","426","489","416","C0206677"
"7422","2","5","7","53","51","342","454","573","702","C0206677"
"340061","2","5","7","34","52","216","395","549","674","C0206681"
"23064","2","3","6","11","31","261","142","220","664","C0206681"
"5621","2","5","8","27","36","342","454","573","628","C0206682"
"2773","2","5","4","68","96","326","427","548","672","C0206682"
"9742","2","3","12","76","153","40","38","54","75","C0206682"
"7076","2","5","7","53","51","342","454","573","492","C0206682"
"2263","2","5","7","53","14","20","25","40","186","C0206682"
"5076","2","3","3","19","221","321","428","541","667","C0206682"
"3561","2","5","7","53","14","20","25","40","186","C0206682"
"1436","2","5","7","53","14","20","25","40","186","C0206684"
"4693","2","5","7","53","51","342","454","573","492","C0206684"
"10558","2","3","2","50","47","39","100","321","209","C0206686"
"7274","2","3","5","43","161","99","162","216","290","C0206686"
"1277","2","5","7","53","51","342","454","573","492","C0206686"
"8260","2","3","12","41","85","266","76","287","78","C0206686"
"24","2","3","12","41","116","268","423","536","445","C0206686"
"1437","2","5","7","53","14","20","25","40","186","C0206686"
"10479","2","5","7","27","36","150","341","223","628","C0206686"
"10939","2","3","2","48","170","50","119","444","593","C0206686"
"3559","2","5","7","53","14","20","25","40","186","C0206686"
"1028","2","3","12","19","31","1","116","1","86","C0206686"
"1030","2","3","12","19","31","1","426","55","78","C0206686"
"9841","2","3","6","11","142","225","142","220","298","C0206686"
"6239","2","3","12","19","119","330","214","454","144","C0206686"
"7424","2","5","7","53","51","342","454","573","702","C0206686"
"1387","2","3","12","19","31","276","91","433","118","C0206686"
"5194","2","3","5","43","161","305","409","208","482","C0206686"
"4087","2","3","12","19","219","339","259","423","605","C0206686"
"5830","2","3","5","43","161","305","409","208","482","C0206686"
"540","2","5","8","63","45","23","103","464","187","C0206686"
"6495","2","3","3","19","221","321","428","541","667","C0206686"
"8050","2","3","2","67","92","293","55","75","311","C0206686"
"547","2","3","7","76","153","40","38","54","75","C0206692"
"8822","2","5","7","53","14","20","25","40","186","C0206692"
"1717","2","3","2","19","151","276","48","69","204","C0206692"
"1278","2","5","7","53","51","342","454","573","492","C0206693"
"54808","2","3","12","76","153","40","38","54","75","C0206693"
"3075","2","5","7","53","51","119","395","549","674","C0206698"
"3075","2","5","7","53","51","119","395","549","674","C0206698"
"8600","2","5","7","41","219","339","156","568","697","C0206698"
"7169","2","5","8","63","45","23","103","464","187","C0206698"
"4352","2","5","7","53","14","20","25","40","186","C0206698"
"1776","2","5","7","105","219","261","402","129","215","C0206698"
"2261","2","5","7","53","14","20","25","40","186","C0206698"
"7468","2","3","12","19","31","1","426","55","78","C0206698"
"617","2","3","2","48","170","50","304","167","593","C0206698"
"5727","2","3","12","68","221","197","259","560","422","C0206698"
"50484","2","3","5","80","109","182","235","307","506","C0206698"
"1280","2","5","7","53","51","342","454","573","492","C0206698"
"26040","2","3","12","19","31","1","116","297","78","C0206698"
"6584","2","3","8","45","94","199","240","415","666","C0206698"
"4313","2","5","7","53","51","342","454","573","492","C0206698"
"9401","2","3","12","76","31","261","116","1","86","C0206698"
"4519","2","3","2","48","170","50","119","508","312","C0206698"
"10599","2","3","8","35","41","77","40","57","80","C0206698"
"9241","2","5","7","53","51","342","259","423","389","C0206698"
"9241","2","5","7","53","51","342","259","423","389","C0206698"
"27031","2","3","6","11","142","225","38","331","506","C0206698"
"1911","2","3","12","19","31","1","426","55","78","C0206698"
"4625","2","3","8","63","45","23","103","464","187","C0206698"
"2778","2","5","4","68","96","326","427","548","672","C0206698"
"3240","2","5","7","34","52","216","395","549","674","C0206698"
"4990","2","3","3","19","221","321","428","541","667","C0206704"
"50484","2","3","5","80","109","182","235","307","506","C0206704"
"472","2","3","12","19","31","261","116","1","86","C0206708"
"2706","2","3","12","76","153","40","38","54","75","C0206708"
"5896","2","3","12","41","116","268","434","568","605","C0206711"
"6469","2","5","3","53","221","197","259","560","422","C0206711"
"5885","2","3","12","76","153","40","38","54","75","C0206711"
"6392","2","3","2","48","170","50","119","444","556","C0206711"
"4038","2","5","7","53","51","342","454","573","492","C0206718"
"29893","2","3","12","19","31","1","426","55","78","C0206718"
"4593","2","5","7","53","14","20","454","573","492","C0206718"
"1293","2","5","7","53","51","342","454","573","492","C0206718"
"10084","2","3","2","22","33","323","66","101","136","C0206718"
"2316","2","5","7","53","51","342","454","573","702","C0206718"
"23594","2","3","12","76","153","261","116","1","86","C0206718"
"355","2","3","7","41","219","339","156","568","697","C0206720"
"567","2","5","7","34","52","119","395","549","674","C0206720"
"4803","2","5","7","60","54","24","30","46","72","C0206720"
"10225","2","5","7","53","51","119","395","549","674","C0206726"
"136647","2","3","2","22","33","323","66","463","153","C0206726"
"4645","2","3","4","67","92","293","55","75","311","C0206726"
"8820","2","3","3","19","221","321","428","541","667","C0206726"
"6399","2","5","7","60","54","24","30","46","72","C0206726"
"2697","2","3","7","76","153","40","38","54","75","C0206726"
"9254","2","5","8","63","36","166","341","223","158","C0206726"
"3119","2","5","7","53","153","119","156","287","116","C0206726"
"2067","2","3","12","19","31","261","116","1","86","C0206726"
"4683","2","3","12","19","31","261","116","1","86","C0206726"
"6329","2","5","8","63","36","166","341","390","158","C0206726"
"3914","2","5","7","53","51","342","454","573","492","C0206726"
"6330","2","5","8","63","36","166","341","223","158","C0206726"
"5961","2","5","7","27","51","326","126","414","702","C0206726"
"7098","2","5","7","41","219","339","156","568","697","C0206726"
"1947","2","5","7","53","51","20","25","560","373","C0206726"
"6772","2","3","12","53","184","119","156","287","116","C0206727"
"4548","2","3","2","15","85","105","139","186","245","C0206727"
"5354","2","5","7","27","36","150","341","223","628","C0206727"
"2548","2","3","7","34","52","216","395","549","674","C0206727"
"4508","2","3","2","48","170","50","119","444","556","C0206727"
"9863","2","5","7","42","36","71","177","223","219","C0206729"
"5657","2","5","7","34","52","216","395","549","674","C0206729"
"215","2","3","5","47","144","185","238","310","392","C0206729"
"2626","2","3","12","19","31","118","155","287","116","C0206729"
"6311","2","3","2","22","33","323","66","362","468","C0206729"
"2260","2","5","7","53","14","20","25","40","186","C0206731"
"57496","2","3","12","19","31","276","91","433","118","C0206731"
"2056","2","5","7","53","51","119","25","40","186","C0206731"
"4990","2","3","3","19","221","321","428","541","667","C0206731"
"5982","2","3","12","19","31","261","116","1","86","C0206731"
"4000","2","3","12","26","105","178","226","297","156","C0206731"
"6121","2","3","2","69","83","101","126","170","224","C0206731"
"26277","2","3","12","19","31","1","426","1","78","C0206732"
"2623","2","3","12","19","31","1","155","287","116","C0206732"
"7124","2","3","12","41","219","339","156","568","697","C0206732"
"23426","2","5","7","42","36","71","177","223","219","C0206732"
"3295","2","3","5","43","161","305","409","208","482","C0206732"
"3145","2","3","5","80","81","166","132","175","473","C0206733"
"1376","2","3","2","19","151","276","91","433","118","C0206733"
"8820","2","3","3","19","221","321","428","541","667","C0206733"
"23746","2","3","12","41","83","101","126","271","356","C0206733"
"6340","2","5","8","63","45","23","34","464","187","C0206733"
"22807","2","3","12","19","119","330","214","454","144","C0206733"
"4998","2","3","12","76","31","261","116","1","86","C0206733"
"3123","2","5","7","53","51","119","156","287","116","C0206733"
"51715","2","5","7","60","54","24","30","46","72","C0206733"
"6663","2","3","3","19","221","321","428","541","667","C0206733"
"1896","2","5","12","41","219","339","156","568","697","C0206734"
"54820","2","3","12","76","153","40","38","54","75","C0206734"
"6609","2","3","5","105","155","250","291","152","420","C0206754"
"2067","2","3","12","19","31","261","116","1","86","C0206754"
"4088","2","3","12","19","219","339","259","423","605","C0206754"
"51447","2","3","12","53","184","119","156","287","116","C0206754"
"3643","2","5","7","53","14","20","25","40","186","C0206754"
"207","2","3","7","53","14","20","34","489","416","C0206754"
"8626","2","3","3","19","221","321","428","541","667","C0206754"
"3643","2","5","7","53","14","20","25","40","186","C0206754"
"9786","2","3","12","76","153","40","38","54","75","C0206754"
"3991","2","3","5","80","81","166","57","83","658","C0206754"
"1293","2","5","7","53","51","342","454","573","492","C0206754"
"4621","2","5","8","63","45","23","103","464","187","C0206762"
"1584","2","3","5","79","159","256","276","353","456","C0206762"
"2263","2","5","7","53","14","20","25","40","186","C0206762"
"5813","2","3","12","19","31","1","116","159","211","C0206762"
"3852","2","1","6","11","142","225","142","220","298","C0206762"
"25959","2","3","3","19","151","276","91","433","118","C0206762"
"5146","2","3","5","86","72","258","318","403","518","C0206762"
"6910","2","3","12","19","51","335","444","560","373","C0206762"
"5428","2","3","2","48","170","50","119","167","593","C0206762"
"6340","2","5","8","63","45","23","34","464","187","C0206762"
"4255","2","3","12","19","31","261","116","1","86","C0206762"
"11285","2","3","2","74","205","191","396","408","620","C0206762"
"6469","2","5","3","53","221","197","259","560","422","C0206762"
"2916","2","5","4","68","96","326","427","548","672","C0206762"
"836","2","3","12","41","219","339","402","489","697","C0206762"
"5705","2","3","12","41","116","268","434","568","605","C0220633"
"9791","2","3","8","45","94","199","240","415","666","C0220633"
"145226","2","3","2","69","83","101","126","170","224","C0220633"
"8092","2","3","3","19","221","321","428","541","667","C0220633"
"10617","2","3","12","48","57","110","141","359","462","C0220633"
"1535","2","5","7","34","52","216","395","549","674","C0220633"
"3265","2","5","7","60","54","24","30","46","72","C0220633"
"79633","2","3","7","80","51","335","444","560","373","C0220633"
"6926","2","5","7","53","51","335","259","560","373","C0220658"
"4000","2","3","12","26","105","178","226","297","156","C0220658"
"5160","2","3","2","67","92","293","55","75","311","C0220659"
"10631","2","5","7","53","51","342","454","573","492","C0220659"
"348","2","5","7","53","51","342","454","573","492","C0220662"
"25836","2","3","12","76","153","40","38","54","75","C0220662"
"7849","2","3","3","19","221","321","428","541","667","C0220662"
"658","2","5","7","53","51","342","259","423","389","C0220662"
"54820","2","3","12","76","153","40","38","54","75","C0220662"
"5828","2","3","5","43","161","305","409","208","482","C0220662"
"547","2","3","7","76","153","40","38","54","75","C0220669"
"9227","2","3","2","69","51","101","126","170","224","C0220669"
"25","2","3","12","19","14","20","25","287","116","C0220669"
"50964","2","5","3","68","221","197","259","423","422","C0220669"
"1639","2","3","12","76","153","40","38","54","75","C0220669"
"9241","2","5","7","53","51","342","259","423","389","C0220697"
"1499","2","3","12","19","221","197","259","560","422","C0220697"
"3039","2","3","5","35","41","118","155","287","116","C0220697"
"58","2","5","8","63","45","23","103","464","187","C0220697"
"3643","2","5","7","53","14","20","25","40","186","C0220697"
"345","2","5","7","53","51","342","454","573","492","C0220697"
"6786","2","5","8","63","45","23","103","464","187","C0220697"
"1906","2","5","4","68","96","326","427","548","672","C0220697"
"8557","2","5","8","63","45","23","103","464","187","C0220697"
"1302","2","5","7","53","51","342","454","573","492","C0220697"
"4000","2","3","12","26","105","178","226","297","156","C0220697"
"11020","2","5","7","60","54","24","30","46","72","C0220697"
"6197","2","3","12","19","14","20","34","540","68","C0220697"
"10262","2","3","2","22","33","323","66","101","136","C0220704"
"7476","2","5","3","68","221","197","259","560","422","C0220704"
"4036","2","5","7","60","14","184","341","544","669","C0220704"
"1186","2","5","8","63","45","23","34","464","187","C0220704"
"7476","2","5","3","68","221","197","259","560","422","C0220704"
"2245","2","5","7","60","54","24","30","46","72","C0220704"
"26040","2","3","12","19","31","1","116","297","78","C0220704"
"3977","2","5","7","53","51","119","25","40","416","C0220704"
"2521","2","3","2","22","33","323","66","101","136","C0220704"
"1281","2","5","7","53","51","342","454","573","492","C0220708"
"7037","2","5","7","60","14","184","341","544","669","C0220708"
"59","2","5","8","63","45","23","103","464","187","C0220721"
"22930","2","5","7","60","54","24","30","46","72","C0220721"
"1828","2","5","7","34","52","216","142","220","298","C0220722"
"1030","2","3","12","19","31","1","426","55","78","C0220722"
"1440","2","5","7","53","51","119","25","489","416","C0220722"
"10617","2","3","12","48","57","110","141","359","462","C0220722"
"23169","2","3","2","78","205","112","430","429","544","C0220723"
"10082","2","3","2","74","51","342","454","573","492","C0220723"
"9632","2","3","7","60","153","40","38","54","203","C0220756"
"3329","2","3","2","48","170","50","304","167","593","C0220756"
"6188","2","3","2","110","85","237","433","547","671","C0220763"
"720","2","5","7","53","51","342","454","573","492","C0220763"
"6309","2","3","5","19","151","76","48","69","204","C0220766"
"2263","2","5","7","53","14","20","25","40","186","C0220766"
"5290","2","3","7","53","14","20","25","40","186","C0220769"
"23209","2","5","8","63","45","23","103","464","187","C0220769"
"3339","2","5","7","53","51","342","454","573","492","C0220769"
"8398","2","3","5","116","183","40","38","352","455","C0220982"
"7415","2","3","7","34","52","216","395","536","445","C0220982"
"55612","2","5","7","60","36","71","177","560","701","C0220982"
"8867","2","3","5","60","14","184","341","544","669","C0220982"
"5195","2","3","5","43","161","305","409","208","482","C0220982"
"2253","2","5","7","53","14","20","25","40","186","C0220982"
"113235","2","3","2","15","44","165","101","274","651","C0220982"
"5617","2","5","12","19","31","1","426","55","78","C0220982"
"1896","2","5","12","41","219","339","156","568","697","C0220982"
"7305","2","5","7","34","52","216","395","549","674","C0220982"
"1499","2","3","12","19","221","197","259","560","422","C0220982"
"6285","2","5","7","41","219","339","156","568","697","C0220983"
"240","2","3","7","34","52","216","395","489","416","C0220983"
"8139","2","3","12","41","116","268","434","468","213","C0220983"
"80326","2","5","3","68","221","197","259","560","422","C0220983"
"10381","2","3","12","76","153","40","38","54","75","C0220988"
"3460","2","5","7","53","184","119","156","287","116","C0220988"
"5130","2","3","2","85","143","286","51","488","102","C0220988"
"4692","2","5","7","53","51","119","402","489","416","C0220991"
"6391","2","3","2","48","170","50","119","444","556","C0220991"
"84197","2","5","2","53","14","20","25","215","186","C0220993"
"7169","2","5","8","63","45","23","103","464","187","C0220993"
"2273","2","5","8","63","45","23","103","464","187","C0220994"
"3977","2","5","7","53","51","119","25","40","416","C0220994"
"10555","2","3","7","34","52","216","395","549","622","C0220994"
"9217","2","3","2","50","47","39","100","321","255","C0220994"
"5468","2","3","3","19","151","276","91","433","118","C0220994"
"3172","2","3","3","19","151","276","91","433","118","C0220994"
"3762","2","5","8","63","36","166","106","110","158","C0220994"
"6261","2","5","8","63","45","23","34","464","187","C0220994"
"26191","2","5","7","53","14","20","25","40","186","C0220994"
"8092","2","3","3","19","221","321","428","541","667","C0220994"
"7439","2","5","8","63","45","23","34","464","187","C0220994"
"9652","2","3","2","110","85","237","433","547","671","C0220994"
"5885","2","3","12","76","153","40","38","54","75","C0220994"
"8517","2","3","12","41","219","339","156","568","697","C0220994"
"7291","2","3","12","19","151","276","91","489","416","C0220994"
"1499","2","3","12","19","221","197","259","560","422","C0220994"
"2799","2","3","7","34","52","216","395","549","33","C0220994"
"3559","2","5","7","53","14","20","25","40","186","C0220994"
"51750","2","3","12","19","31","261","116","1","86","C0220994"
"3984","2","5","7","53","14","20","34","540","68","C0220994"
"1954","2","5","7","53","51","342","454","573","492","C0220994"
"54463","2","3","2","48","57","110","141","359","462","C0220994"
"374291","2","3","2","48","170","50","119","444","556","C0220994"
"203286","2","5","7","50","30","193","306","148","624","C0220994"
"9094","2","5","7","27","36","150","341","331","624","C0220994"
"9368","2","5","7","42","36","71","177","223","219","C0220994"
"9531","2","3","12","41","219","339","347","271","356","C0220994"
"7490","2","3","3","19","221","321","428","541","667","C0220994"
"5527","2","3","12","76","153","40","38","54","75","C0220994"
"7421","2","3","3","19","151","276","91","433","118","C0220994"
"4594","2","3","7","48","92","261","116","186","245","C0221002"
"4968","2","3","12","19","31","261","116","1","86","C0221002"
"4921","2","5","7","53","14","20","25","573","186","C0221002"
"4000","2","3","12","26","105","178","226","297","156","C0221013"
"1291","2","5","7","53","51","342","454","573","492","C0221013"
"7259","2","3","12","19","31","1","426","55","78","C0221032"
"3938","2","3","5","80","81","337","448","565","562","C0221032"
"10587","2","3","2","95","2","60","378","37","55","C0221032"
"6195","2","3","12","19","14","20","34","540","68","C0221032"
"5626","2","3","3","19","221","321","428","541","667","C0221032"
"1462","2","5","7","53","51","342","454","573","492","C0221043"
"4638","2","5","7","53","45","23","103","464","187","C0221043"
"54795","2","5","8","63","45","193","306","390","158","C0221043"
"885","2","5","4","68","96","326","427","548","672","C0221043"
"6247","2","5","7","53","51","342","454","573","492","C0221054"
"9451","2","3","2","110","51","335","226","297","380","C0221054"
"6689","2","3","12","19","31","276","91","433","118","C0221060"
"7010","2","5","7","53","14","20","25","40","186","C0221060"
"54919","2","3","2","41","96","279","304","370","257","C0221061"
"1152","2","3","2","72","115","66","72","507","152","C0221061"
"4088","2","3","12","19","219","339","259","423","605","C0221074"
"10128","2","3","2","48","170","50","119","444","556","C0221074"
"9289","2","5","4","68","96","326","427","548","672","C0221074"
"6916","2","3","5","91","175","119","167","224","301","C0221074"
"10060","2","3","8","41","45","23","423","464","445","C0221074"
"6499","2","3","2","110","85","237","433","547","671","C0221074"
"9927","2","3","12","19","31","118","155","287","116","C0221074"
"579","2","3","3","19","221","321","428","541","667","C0221166"
"2260","2","5","7","53","14","20","25","40","186","C0221166"
"4088","2","3","12","19","219","339","259","423","605","C0221166"
"5144","2","3","4","68","96","326","427","548","672","C0221166"
"79465","2","5","7","53","51","119","395","549","674","C0221166"
"4254","2","5","7","53","14","20","25","40","186","C0221166"
"3845","2","5","7","60","54","24","30","46","72","C0221170"
"5961","2","5","7","27","51","326","126","414","702","C0221170"
"2736","2","3","12","41","116","321","428","54","667","C0221170"
"8647","2","3","5","46","158","252","352","449","563","C0221170"
"7170","2","5","8","63","45","23","103","464","187","C0221170"
"55704","2","3","12","76","153","40","38","54","75","C0221170"
"8195","2","3","12","76","153","76","38","54","75","C0221170"
"2896","2","5","7","34","52","216","395","549","674","C0221170"
"5618","2","5","7","53","51","119","25","40","186","C0221170"
"10397","2","3","2","110","81","148","402","51","383","C0221170"
"55670","2","3","5","43","161","305","409","208","482","C0221170"
"540","2","5","8","63","45","23","103","464","187","C0221170"
"2778","2","5","4","68","96","326","427","548","672","C0221182"
"6514","2","5","7","90","216","337","448","565","562","C0221182"
"10087","2","3","7","50","47","39","100","321","255","C0221182"
"5309","2","3","3","19","221","321","428","541","667","C0221182"
"10484","2","3","7","60","153","40","38","54","203","C0221182"
"57045","2","5","7","53","51","342","259","573","492","C0221182"
"5573","2","3","12","19","184","118","155","287","116","C0221184"
"2263","2","5","7","53","14","20","25","40","186","C0221184"
"8200","2","5","7","53","51","342","259","423","389","C0221204"
"6299","2","3","12","19","221","321","428","541","667","C0221204"
"10599","2","3","8","35","41","77","40","57","80","C0221204"
"28982","2","3","5","25","44","165","101","274","358","C0221204"
"51057","2","3","12","76","153","40","38","54","75","C0221204"
"396","2","5","7","60","54","24","30","46","72","C0221204"
"5189","2","3","5","43","161","305","409","208","482","C0221204"
"2072","2","3","12","19","31","261","116","1","86","C0221204"
"4018","2","5","7","68","51","342","454","573","492","C0221204"
"6792","2","5","7","53","14","20","34","540","68","C0221204"
"9874","2","3","12","53","14","20","34","540","68","C0221204"
"7809","2","5","8","63","45","23","34","464","187","C0221204"
"3767","2","5","8","63","36","166","106","110","158","C0221204"
"1758","2","5","7","53","51","342","454","573","492","C0221204"
"4359","2","5","7","53","51","342","454","573","492","C0221204"
"5193","2","3","5","43","161","305","409","208","482","C0221204"
"1594","2","3","5","92","163","96","363","460","487","C0221204"
"640","2","5","7","53","14","20","25","40","186","C0221204"
"5745","2","5","4","68","96","326","427","548","672","C0221204"
"1187","2","5","8","63","45","23","34","464","187","C0221204"
"51204","2","3","2","48","170","50","119","444","556","C0221204"
"23418","2","5","7","53","36","71","177","560","373","C0221204"
"9210","2","5","7","53","51","342","454","573","492","C0221204"
"5447","2","3","5","91","214","271","372","471","586","C0221204"
"6231","2","3","2","110","85","237","433","547","671","C0221204"
"3784","2","5","8","63","36","166","106","110","158","C0221204"
"1277","2","5","7","53","51","342","454","573","492","C0221204"
"29893","2","3","12","19","31","1","426","55","78","C0221204"
"3265","2","5","7","60","54","24","30","46","72","C0221204"
"6521","2","5","8","35","41","199","40","415","666","C0221204"
"6662","2","3","3","19","221","321","428","541","667","C0221204"
"5896","2","3","12","41","116","268","434","568","605","C0221204"
"27229","2","3","12","76","153","40","38","54","75","C0221209"
"3717","2","5","7","53","14","20","25","40","186","C0221209"
"57447","2","3","2","63","45","148","402","51","383","C0221209"
"5290","2","3","7","53","14","20","25","40","186","C0221209"
"79001","2","5","2","48","52","342","240","569","666","C0221209"
"54840","2","3","12","19","31","261","116","1","86","C0221209"
"4001","2","3","12","76","31","40","38","54","75","C0221209"
"1832","2","5","7","34","52","225","142","220","298","C0221209"
"7136","2","5","8","63","45","23","103","464","187","C0221209"
"8600","2","5","7","41","219","339","156","568","697","C0221209"
"7317","2","3","12","41","116","268","434","468","213","C0221210"
"857","2","5","7","53","45","23","57","83","422","C0221210"
"4292","2","3","12","19","31","261","116","1","86","C0221210"
"7248","2","3","2","48","57","110","141","359","462","C0221210"
"1605","2","5","7","53","51","342","454","573","492","C0221210"
"2263","2","5","7","53","14","20","25","40","186","C0221210"
"7849","2","3","3","19","221","321","428","541","667","C0221210"
"5189","2","3","5","43","161","305","409","208","482","C0221210"
"2353","2","3","12","19","31","1","91","489","416","C0221210"
"8878","2","3","12","41","219","339","156","568","697","C0221210"
"5894","2","5","7","60","54","23","34","464","187","C0221210"
"1290","2","5","7","53","51","342","454","573","492","C0221210"
"9321","2","3","12","76","153","40","38","54","203","C0221210"
"5159","2","5","7","53","14","20","25","40","186","C0221210"
"2641","2","5","4","68","96","326","427","548","672","C0221210"
"123041","2","5","8","45","94","199","240","415","666","C0221210"
"348","2","5","7","53","51","342","454","573","492","C0221214"
"10060","2","3","8","41","45","23","423","464","445","C0221214"
"5336","2","3","7","53","14","20","25","40","215","C0221214"
"2588","2","3","7","34","52","216","395","549","674","C0221215"
"3483","2","5","7","53","51","342","454","573","492","C0221215"
"2260","2","5","7","53","14","20","25","40","186","C0221252"
"23247","2","3","12","76","153","71","34","540","68","C0221252"
"9573","2","5","7","53","51","342","259","423","389","C0221252"
"3265","2","5","7","60","54","24","30","46","72","C0221253"
"4128","2","3","5","80","81","119","402","489","416","C0221253"
"2033","2","3","12","19","31","1","91","433","118","C0221253"
"9409","2","3","5","43","161","305","409","208","482","C0221253"
"4593","2","5","7","53","14","20","454","573","492","C0221261"
"26040","2","3","12","19","31","1","116","297","78","C0221261"
"50485","2","3","12","19","31","261","116","1","86","C0221261"
"26154","2","3","5","47","144","185","238","310","392","C0221261"
"2153","2","5","7","53","51","342","454","573","492","C0221261"
"5340","2","5","7","53","51","342","454","573","492","C0221261"
"10686","2","5","6","42","36","71","177","64","219","C0221261"
"8216","2","3","12","41","119","330","214","454","144","C0221262"
"1337","2","3","2","48","170","110","141","359","462","C0221262"
"5828","2","3","5","43","161","305","409","208","482","C0221278"
"9420","2","3","5","79","159","256","215","282","366","C0221278"
"4922","2","5","4","68","96","326","427","548","672","C0221278"
"4601","2","3","12","76","153","40","38","54","298","C0221333"
"440","2","3","2","101","62","189","182","509","154","C0221333"
"3930","2","3","2","22","33","323","66","3","464","C0221333"
"55752","2","3","2","76","108","293","141","305","387","C0221333"
"2697","2","3","7","76","153","40","38","54","75","C0221333"
"90","2","5","7","53","51","342","259","423","389","C0221347"
"51684","2","3","12","41","116","268","38","54","75","C0221347"
"9581","2","3","5","27","36","150","76","223","628","C0221347"
"8139","2","3","12","41","116","268","434","468","213","C0221347"
"5333","2","3","5","18","16","40","417","103","58","C0221347"
"2316","2","5","7","53","51","342","454","573","702","C0221347"
"8200","2","5","7","53","51","342","259","423","389","C0221347"
"51626","2","3","12","76","153","40","38","54","75","C0221353"
"6899","2","5","7","53","184","335","259","560","373","C0221353"
"23529","2","5","7","53","51","119","25","40","416","C0221353"
"1778","2","3","7","76","153","40","38","54","75","C0221353"
"23236","2","3","4","68","96","326","427","548","672","C0221353"
"2178","2","3","12","19","31","261","116","1","86","C0221353"
"54361","2","5","3","68","221","197","259","560","422","C0221353"
"140902","2","5","6","34","113","292","444","497","617","C0221353"
"59344","2","5","5","68","184","223","155","447","586","C0221353"
"54","2","3","5","80","81","178","195","256","342","C0221353"
"65062","2","3","2","48","170","50","119","444","556","C0221353"
"2743","2","5","8","27","70","99","162","216","290","C0221353"
"2719","2","5","7","53","51","342","454","573","492","C0221353"
"545","2","3","12","19","31","261","116","1","86","C0221353"
"1294","2","5","7","53","51","342","454","573","492","C0221353"
"8314","2","3","12","41","31","1","426","55","78","C0221353"
"5660","2","5","7","34","52","326","427","548","702","C0221355"
"51360","2","3","3","26","35","276","91","433","203","C0221355"
"368","2","3","12","41","116","268","423","536","445","C0221355"
"7439","2","5","8","63","45","23","34","464","187","C0221355"
"4626","2","5","8","63","45","23","103","464","187","C0221355"
"699","2","3","12","76","153","40","38","54","75","C0221355"
"84879","2","3","5","85","143","286","51","488","102","C0221355"
"10161","2","5","4","68","96","326","427","548","672","C0221355"
"26278","2","3","12","41","116","268","347","271","356","C0221365"
"3872","2","1","6","11","142","225","142","220","298","C0221365"
"23363","2","3","12","41","116","268","434","468","213","C0221365"
"2483","2","3","2","22","33","323","66","101","136","C0221365"
"4313","2","5","7","53","51","342","454","573","492","C0221365"
"4853","2","3","12","19","124","143","428","236","667","C0221365"
"30813","2","3","3","19","221","321","428","541","667","C0221373"
"2260","2","5","7","53","14","20","25","40","186","C0221373"
"2239","2","3","2","74","51","342","454","573","492","C0221373"
"5447","2","3","5","91","214","271","372","471","586","C0221373"
"23384","2","3","12","63","45","184","103","572","658","C0221373"
"9896","2","3","5","80","81","296","399","201","274","C0221373"
"1789","2","3","12","19","31","1","426","55","78","C0221373"
"2178","2","3","12","19","31","261","116","1","86","C0221373"
"26137","2","5","7","63","45","184","103","572","658","C0221373"
"8139","2","3","12","41","116","268","434","468","213","C0221373"
"10312","2","3","7","34","52","216","395","549","674","C0221373"
"9445","2","3","12","19","31","1","426","55","78","C0221373"
"2697","2","3","7","76","153","40","38","54","75","C0221373"
"1499","2","3","12","19","221","197","259","560","422","C0221373"
"6606","2","3","2","22","33","323","66","101","136","C0221373"
"5657","2","5","7","34","52","216","395","549","674","C0221373"
"1493","2","5","7","53","51","119","25","40","186","C0221373"
"5095","2","3","2","48","40","130","166","127","173","C0221373"
"4535","2","3","2","48","170","50","119","444","556","C0221373"
"4669","2","3","5","80","81","166","454","453","492","C0221373"
"1146","2","5","8","27","70","99","162","216","290","C0221373"
"8867","2","3","5","60","14","184","341","544","669","C0221373"
"23314","2","3","3","19","221","321","428","541","667","C0221373"
"8869","2","3","2","89","124","204","272","347","451","C0221373"
"2264","2","5","7","53","14","20","25","40","186","C0221373"
"5745","2","5","4","68","96","326","427","548","672","C0221373"
"51750","2","3","12","19","31","261","116","1","86","C0221406"
"4654","2","3","12","19","31","276","91","433","118","C0221406"
"3909","2","5","7","53","51","342","454","573","492","C0221406"
"10262","2","3","2","22","33","323","66","101","136","C0221409"
"5728","2","3","5","80","81","339","156","568","605","C0221409"
"4514","2","3","2","48","57","110","141","359","5","C0221409"
"6898","2","3","8","67","94","199","182","509","666","C0221409"
"3930","2","3","2","22","33","323","66","3","464","C0221409"
"1581","2","3","5","19","151","276","91","433","118","C0221480"
"5727","2","3","12","68","221","197","259","560","422","C0221480"
"4286","2","3","12","19","31","261","116","1","664","C0221480"
"2879","2","3","5","80","81","166","378","173","229","C0221480"
"23384","2","3","12","63","45","184","103","572","658","C0221480"
"2260","2","5","7","53","14","20","25","40","186","C0221480"
"4810","2","3","2","76","57","110","444","560","373","C0221480"
"9394","2","3","2","74","58","112","148","193","263","C0221480"
"23175","2","3","5","80","81","296","51","488","102","C0221480"
"6154","2","3","2","110","85","237","433","547","671","C0221765"
"673","2","5","7","53","14","20","34","540","68","C0221765"
"5888","2","3","12","19","31","261","116","1","86","C0221765"
"1536","2","5","7","34","52","216","395","549","674","C0221765"
"4591","2","3","12","41","116","268","434","468","213","C0221765"
"3315","2","3","12","41","181","160","362","402","215","C0221765"
"7941","2","3","5","7","218","338","450","567","696","C0221765"
"57017","2","3","2","48","170","50","119","444","556","C0221765"
"2316","2","5","7","53","51","342","454","573","702","C0221765"
"5443","2","5","4","68","96","326","427","548","672","C0221765"
"9640","2","3","12","19","31","261","116","159","211","C0221765"
"3845","2","5","7","60","54","24","30","46","72","C0221765"
"10555","2","3","7","34","52","216","395","549","622","C0221766"
"1535","2","5","7","34","52","216","395","549","674","C0221766"
"3835","2","3","12","76","153","40","38","54","75","C0221766"
"4214","2","3","12","41","219","339","34","540","117","C0221766"
"2798","2","5","4","68","96","326","427","548","672","C0221766"
"7415","2","3","7","34","52","216","395","536","445","C0221766"
"5604","2","5","7","53","14","20","34","540","68","C0221766"
"5836","2","3","7","34","52","216","395","549","674","C0221766"
"4982","2","5","12","41","219","339","156","568","697","C0221766"
"6239","2","3","12","19","119","330","214","454","144","C0222716"
"3479","2","5","7","53","51","342","454","573","492","C0222716"
"2253","2","5","7","53","14","20","25","40","186","C0222716"
"4784","2","3","2","22","33","261","116","159","211","C0222716"
"2261","2","5","7","53","14","20","25","40","186","C0222716"
"1294","2","5","7","53","51","342","454","573","492","C0222716"
"51750","2","3","12","19","31","261","116","1","86","C0222716"
"2778","2","5","4","68","96","326","427","548","672","C0222716"
"190","2","3","3","19","151","276","91","433","118","C0222716"
"9451","2","3","2","110","51","335","226","297","380","C0222716"
"894","2","3","12","19","31","1","34","540","68","C0222716"
"5264","2","3","5","43","161","305","409","208","482","C0222716"
"3553","2","5","7","53","51","119","25","489","416","C0222716"
"9401","2","3","12","76","31","261","116","1","86","C0222716"
"3566","2","5","7","53","51","119","25","489","416","C0222716"
"54903","2","3","12","76","153","40","38","54","75","C0222716"
"23064","2","3","6","11","31","261","142","220","664","C0222716"
"11128","2","3","2","22","33","261","116","159","211","C0222716"
"6609","2","3","5","105","155","250","291","152","420","C0222716"
"2175","2","3","12","19","31","261","116","1","86","C0222716"
"9343","2","3","2","22","33","323","66","101","136","C0222716"
"2773","2","5","4","68","96","326","427","548","672","C0222716"
"2316","2","5","7","53","51","342","454","573","702","C0222716"
"3767","2","5","8","63","36","166","106","110","158","C0222716"
"1075","2","5","7","34","52","216","395","549","674","C0231274"
"5443","2","5","4","68","96","326","427","548","672","C0231274"
"8822","2","5","7","53","14","20","25","40","186","C0231274"
"26128","2","3","12","76","153","40","38","54","154","C0231274"
"51124","2","5","4","68","96","326","427","548","672","C0231274"
"3767","2","5","8","63","36","166","106","110","158","C0231274"
"1493","2","5","7","53","51","119","25","40","186","C0231274"
"3664","2","5","7","53","184","119","156","287","116","C0231341"
"7249","2","3","7","60","57","110","141","359","462","C0231341"
"23495","2","3","12","41","219","339","156","568","697","C0231341"
"23224","2","3","12","19","31","1","426","55","78","C0231341"
"2626","2","3","12","19","31","118","155","287","116","C0231471"
"8863","2","3","3","19","151","276","91","208","118","C0231471"
"5193","2","3","5","43","161","305","409","208","482","C0231471"
"6310","2","3","12","22","142","225","366","362","468","C0231616"
"4976","2","3","2","48","170","50","119","444","556","C0231616"
"4790","2","3","7","34","52","216","166","129","697","C0231678"
"2260","2","5","7","53","14","20","25","40","186","C0231678"
"5757","2","3","12","19","31","1","116","370","142","C0231678"
"7297","2","5","7","53","184","119","25","40","186","C0231678"
"2074","2","3","12","19","31","1","426","55","78","C0231678"
"8893","2","3","2","110","85","237","433","547","671","C0231678"
"9968","2","4","3","24","119","330","214","454","144","C0231678"
"5604","2","5","7","53","14","20","34","540","68","C0231678"
"2006","2","5","7","53","51","342","454","573","492","C0231679"
"22954","2","3","12","41","116","268","434","468","213","C0231679"
"6595","2","3","12","19","31","1","426","55","78","C0231679"
"6338","2","5","8","63","45","23","34","464","187","C0231679"
"3064","2","3","12","48","170","50","444","91","439","C0231679"
"2969","2","3","12","19","31","276","91","433","118","C0231679"
"9719","2","5","7","53","51","342","454","573","492","C0231679"
"1317","2","3","7","25","44","165","101","274","358","C0231679"
"1300","2","5","7","53","51","342","454","573","492","C0231679"
"25778","2","3","2","41","51","138","79","160","385","C0231679"
"51259","2","3","2","76","153","40","38","54","75","C0231679"
"2261","2","5","7","53","14","20","25","40","186","C0231679"
"1584","2","3","5","79","159","256","276","353","456","C0231679"
"26040","2","3","12","19","31","1","116","297","78","C0231679"
"23230","2","5","7","11","142","71","341","560","219","C0231679"
"2668","2","5","7","53","14","20","25","40","186","C0231679"
"2492","2","5","4","68","96","326","427","548","672","C0231679"
"4308","2","5","8","63","45","193","306","390","158","C0231679"
"23314","2","3","3","19","221","321","428","541","667","C0231679"
"4537","2","3","2","48","170","50","119","444","556","C0231679"
"3984","2","5","7","53","14","20","34","540","68","C0231679"
"9719","2","5","7","53","51","342","454","573","492","C0231686"
"9469","2","3","2","103","189","303","29","475","467","C0231686"
"593","2","3","2","67","92","293","55","75","311","C0231686"
"1728","2","3","2","41","116","268","434","568","605","C0231686"
"55240","2","3","5","29","88","132","402","489","551","C0231686"
"7018","2","5","7","53","51","342","454","573","669","C0231686"
"5979","2","5","7","53","14","20","25","40","186","C0231686"
"6342","2","3","5","80","161","305","409","208","482","C0231686"
"9343","2","3","2","22","33","323","66","101","136","C0231686"
"718","2","5","7","34","51","119","395","549","674","C0231686"
"5896","2","3","12","41","116","268","434","568","605","C0231686"
"10269","2","3","2","48","182","50","119","444","556","C0231686"
"7148","2","5","7","53","51","342","454","573","492","C0231686"
"5290","2","3","7","53","14","20","25","40","186","C0231686"
"3417","2","3","7","34","52","216","395","549","319","C0231686"
"6240","2","3","5","80","109","182","235","307","506","C0231686"
"2077","2","3","12","76","153","40","38","54","75","C0231686"
"5727","2","3","12","68","221","197","259","560","422","C0231686"
"1584","2","3","5","79","159","256","276","353","456","C0231686"
"4137","2","3","7","27","36","150","341","223","628","C0231686"
"2178","2","3","12","19","31","261","116","1","86","C0231686"
"3084","2","5","7","53","14","20","25","40","186","C0231686"
"25937","2","3","12","19","36","143","177","236","321","C0231686"
"54977","2","3","2","110","85","118","155","287","116","C0231686"
"8518","2","3","12","19","31","1","426","55","78","C0231686"
"348","2","5","7","53","51","342","454","573","492","C0231686"
"22861","2","3","12","41","219","339","156","568","697","C0231686"
"3674","2","5","7","53","51","342","454","573","492","C0231686"
"3949","2","5","7","60","14","184","341","544","669","C0231686"
"8242","2","3","12","19","31","1","426","55","78","C0231687"
"9817","2","3","12","41","116","268","434","468","213","C0231687"
"4306","2","3","3","19","151","276","91","433","118","C0231687"
"4683","2","3","12","19","31","261","116","1","86","C0231687"
"5071","2","3","12","41","116","268","434","468","213","C0231687"
"6833","2","5","8","45","36","166","240","415","666","C0231687"
"1487","2","3","12","19","31","1","426","55","340","C0231687"
"9517","2","3","2","50","47","39","100","321","638","C0231687"
"9968","2","4","3","24","119","330","214","454","144","C0231687"
"6772","2","3","12","53","184","119","156","287","116","C0231687"
"7227","2","3","12","19","31","276","91","433","118","C0231687"
"6204","2","3","2","110","85","237","433","547","671","C0231687"
"8626","2","3","3","19","221","321","428","541","667","C0231687"
"55640","2","3","5","80","81","104","369","117","583","C0231687"
"26022","2","5","8","68","45","110","98","66","203","C0231687"
"7421","2","3","3","19","151","276","91","433","118","C0231687"
"6866","2","5","4","68","96","326","427","548","672","C0231687"
"23394","2","3","12","19","31","335","444","236","373","C0231687"
"5745","2","5","4","68","96","326","427","548","672","C0231687"
"2068","2","3","12","19","31","261","116","159","211","C0231687"
"286","2","5","7","60","153","40","38","54","203","C0231687"
"4358","2","3","5","43","161","305","409","208","482","C0231687"
"5189","2","3","5","43","161","305","409","208","482","C0231687"
"175","2","3","7","34","52","216","395","549","674","C0231688"
"2720","2","3","7","34","52","216","395","21","599","C0231688"
"23261","2","5","7","27","36","150","341","223","628","C0231688"
"23204","2","3","2","48","57","110","141","359","462","C0231688"
"2184","2","3","5","76","153","138","236","332","407","C0231688"
"10312","2","3","7","34","52","216","395","549","674","C0231688"
"3440","2","3","12","19","184","118","155","287","116","C0231688"
"54345","2","5","3","19","221","321","428","541","667","C0231688"
"6557","2","5","8","45","94","199","240","415","666","C0231698"
"2304","2","3","12","19","221","321","428","541","667","C0231698"
"4882","2","3","4","68","96","326","427","548","672","C0231698"
"948","2","5","7","34","52","216","91","433","702","C0231791"
"26608","2","3","2","22","170","50","119","463","153","C0231791"
"2068","2","3","12","19","31","261","116","159","211","C0231791"
"10913","2","3","12","41","219","339","156","568","697","C0231791"
"859","2","5","8","63","45","23","103","464","187","C0231791"
"2068","2","3","12","19","31","261","116","159","211","C0231791"
"10535","2","3","12","76","153","40","38","54","75","C0231791"
"54209","2","5","7","53","51","119","395","549","674","C0231791"
"55159","2","3","12","41","116","268","434","468","213","C0231791"
"2475","2","3","2","48","57","110","141","359","462","C0231791"
"5663","2","5","7","34","52","216","395","549","667","C0231791"
"2624","2","3","12","19","31","1","155","287","116","C0231791"
"6239","2","3","12","19","119","330","214","454","144","C0231791"
"427","2","3","7","34","52","216","395","549","420","C0231791"
"2033","2","3","12","19","31","1","91","433","118","C0231791"
"3166","2","3","3","19","221","321","428","541","667","C0231791"
"1356","2","3","7","53","51","342","454","573","492","C0231791"
"4255","2","3","12","19","31","261","116","1","86","C0231791"
"7516","2","3","12","19","31","261","116","1","86","C0231791"
"7809","2","5","8","63","45","23","34","464","187","C0231791"
"5176","2","5","7","53","51","342","454","573","492","C0231791"
"9533","2","3","2","19","31","1","426","55","78","C0231791"
"1497","2","5","2","63","182","50","103","297","628","C0231791"
"5818","2","5","7","53","51","335","444","560","373","C0231791"
"4722","2","3","2","48","170","50","119","444","556","C0231807"
"2099","2","3","12","19","151","276","91","433","118","C0231807"
"50717","2","3","12","41","116","268","434","468","213","C0231807"
"54977","2","3","2","110","85","118","155","287","116","C0231807"
"4041","2","5","3","68","221","197","259","560","422","C0231807"
"7351","2","3","2","20","29","98","123","166","221","C0231807"
"10516","2","5","7","53","51","342","454","573","492","C0231807"
"8910","2","5","8","63","45","23","103","464","187","C0231807"
"23312","2","5","7","60","36","71","341","223","624","C0231807"
"1756","2","5","8","63","45","23","103","464","187","C0231807"
"4609","2","3","12","19","31","1","160","107","416","C0231807"
"5308","2","3","3","19","221","321","428","541","667","C0231807"
"7389","2","3","2","17","24","51","132","210","123","C0231807"
"6310","2","3","12","22","142","225","366","362","468","C0231807"
"5728","2","3","5","80","81","339","156","568","605","C0231807"
"6154","2","3","2","110","85","237","433","547","671","C0231807"
"2263","2","5","7","53","14","20","25","40","186","C0231807"
"7461","2","3","7","60","153","40","38","93","75","C0231807"
"4893","2","5","7","34","52","24","30","46","72","C0231807"
"8626","2","3","3","19","221","321","428","541","667","C0231807"
"6718","2","3","2","46","136","227","168","225","490","C0231807"
"4851","2","3","12","19","221","143","428","236","667","C0231807"
"3315","2","3","12","41","181","160","362","402","215","C0231807"
"50617","2","3","5","29","88","100","125","168","223","C0231807"
"2218","2","5","2","53","123","194","255","560","373","C0231835"
"4722","2","3","2","48","170","50","119","444","556","C0231835"
"8243","2","3","12","76","31","40","38","54","75","C0231835"
"7015","2","3","12","19","31","1","426","55","78","C0231835"
"55135","2","3","12","76","137","76","136","472","435","C0231835"
"7020","2","3","12","19","31","276","91","433","664","C0231835"
"1312","2","3","2","87","79","105","426","129","25","C0231835"
"3110","2","3","3","19","221","321","428","541","667","C0231835"
"10060","2","3","8","41","45","23","423","464","445","C0231835"
"3482","2","5","7","34","52","216","395","544","669","C0231835"
"2348","2","3","7","60","153","40","38","54","203","C0231835"
"6870","2","5","4","68","96","326","427","548","672","C0231835"
"6892","2","3","12","41","116","119","156","568","116","C0231835"
"11107","2","3","12","19","31","1","426","55","78","C0231835"
"367","2","3","12","19","31","276","91","433","118","C0231835"
"53947","2","3","2","78","114","192","254","319","408","C0231835"
"4948","2","5","8","63","45","23","250","464","187","C0231835"
"4512","2","3","2","48","170","110","141","359","8","C0231835"
"5189","2","3","5","43","161","305","409","208","482","C0231835"
"3265","2","5","7","60","54","24","30","46","72","C0231835"
"5744","2","5","4","68","96","326","427","548","672","C0232347"
"8878","2","3","12","41","219","339","156","568","697","C0232347"
"4054","2","5","7","53","51","342","454","573","492","C0232347"
"1589","2","3","5","79","186","215","297","379","491","C0232370"
"4694","2","3","2","48","170","50","119","444","556","C0232370"
"3106","2","5","7","34","52","119","395","549","674","C0232370"
"3211","2","3","3","19","221","321","428","541","667","C0232461"
"1758","2","5","7","53","51","342","454","573","492","C0232461"
"6334","2","5","8","63","36","166","341","223","158","C0232461"
"5290","2","3","7","53","14","20","25","40","186","C0232461"
"9702","2","3","12","76","153","40","38","54","75","C0232461"
"9049","2","3","3","41","151","276","378","271","356","C0232461"
"916","2","5","7","53","51","119","25","549","674","C0232461"
"1908","2","5","4","68","96","326","427","548","672","C0232461"
"5159","2","5","7","53","14","20","25","40","186","C0232461"
"760","2","3","5","35","41","77","40","78","178","C0232461"
"2176","2","3","12","19","31","261","116","1","86","C0232461"
"26119","2","5","7","60","14","184","341","544","669","C0232461"
"54332","2","3","2","60","170","40","98","66","203","C0232461"
"7454","2","5","7","60","14","20","25","40","215","C0232461"
"3891","2","1","6","11","142","225","142","220","298","C0232461"
"3691","2","5","7","53","51","342","454","573","492","C0232461"
"23347","2","3","12","41","116","268","434","468","213","C0232461"
"6935","2","3","3","19","221","321","428","541","667","C0232461"
"7414","2","5","7","34","52","216","395","549","702","C0232461"
"51305","2","5","8","63","36","166","106","110","158","C0232461"
"1374","2","3","2","19","151","276","91","433","118","C0232461"
"6899","2","5","7","53","184","335","259","560","373","C0232461"
"23474","2","3","12","19","31","1","91","433","118","C0232461"
"176","2","5","7","53","51","342","454","573","492","C0232461"
"1316","2","3","12","19","31","276","91","433","118","C0232462"
"4000","2","3","12","26","105","178","226","297","156","C0232462"
"2953","2","3","5","91","175","271","372","471","586","C0232462"
"1280","2","5","7","53","51","342","454","573","492","C0232462"
"1301","2","5","7","53","51","342","454","573","492","C0232462"
"6609","2","3","5","105","155","250","291","152","420","C0232462"
"2006","2","5","7","53","51","342","454","573","492","C0232462"
"4000","2","3","12","26","105","178","226","297","156","C0232462"
"472","2","3","12","19","31","261","116","1","86","C0232475"
"10049","2","3","12","22","219","339","347","271","356","C0232475"
"5317","2","5","7","34","52","216","142","220","298","C0232513"
"5447","2","3","5","91","214","271","372","471","586","C0232513"
"585","2","3","12","76","153","40","38","54","75","C0232513"
"112802","2","1","6","11","142","225","142","220","298","C0232513"
"9049","2","3","3","41","151","276","378","271","356","C0232513"
"138050","2","5","7","34","52","216","395","549","674","C0232513"
"10743","2","3","3","19","151","276","91","433","118","C0232513"
"1080","2","3","12","41","219","339","156","544","669","C0232513"
"3417","2","3","7","34","52","216","395","549","319","C0232513"
"175","2","3","7","34","52","216","395","549","674","C0232513"
"2132","2","3","2","74","58","112","148","193","263","C0232513"
"9241","2","5","7","53","51","342","259","423","389","C0232513"
"8200","2","5","7","53","51","342","259","423","389","C0232513"
"4292","2","3","12","19","31","261","116","1","86","C0232513"
"23426","2","5","7","42","36","71","177","223","219","C0232513"
"29954","2","5","2","27","206","324","430","215","290","C0232513"
"210","2","3","7","34","52","216","395","549","674","C0232513"
"7389","2","3","2","17","24","51","132","210","123","C0232744"
"50937","2","5","7","53","51","335","444","560","373","C0232744"
"2245","2","5","7","60","54","24","30","46","72","C0232744"
"8517","2","3","12","41","219","339","156","568","697","C0232744"
"593","2","3","2","67","92","293","55","75","311","C0232744"
"4040","2","5","3","68","221","197","259","560","422","C0232744"
"22868","2","3","2","48","182","67","76","463","153","C0232744"
"4990","2","3","3","19","221","321","428","541","667","C0232744"
"4221","2","3","12","19","31","342","454","573","492","C0232744"
"768","2","3","5","35","41","77","40","370","303","C0232744"
"8743","2","5","12","41","219","339","156","568","697","C0232744"
"1232","2","5","4","68","96","326","427","548","672","C0232744"
"8626","2","3","3","19","221","321","428","541","667","C0232744"
"1419","2","3","6","63","45","160","362","177","673","C0232744"
"6285","2","5","7","41","219","339","156","568","697","C0232744"
"2688","2","5","7","53","51","119","25","40","186","C0232744"
"5015","2","3","3","19","221","321","428","541","667","C0232744"
"3593","2","5","7","53","51","119","25","489","416","C0232744"
"3507","2","5","7","53","51","119","395","549","674","C0232744"
"4882","2","3","4","68","96","326","427","548","672","C0232744"
"3953","2","5","7","53","14","20","25","40","186","C0232744"
"440275","2","3","2","110","85","237","433","547","671","C0232744"
"2260","2","5","7","53","14","20","25","40","186","C0232744"
"10161","2","5","4","68","96","326","427","548","672","C0232744"
"2626","2","3","12","19","31","118","155","287","116","C0232831"
"3295","2","3","5","43","161","305","409","208","482","C0232831"
"4688","2","5","7","60","14","20","25","40","215","C0232831"
"3691","2","5","7","53","51","342","454","573","492","C0232831"
"5350","2","5","8","63","45","23","103","464","187","C0232831"
"50814","2","3","2","69","221","73","360","86","119","C0232940"
"2521","2","3","2","22","33","323","66","101","136","C0232940"
"9056","2","3","8","45","94","199","240","415","666","C0232940"
"5346","2","3","3","19","151","276","91","433","118","C0232940"
"462","2","5","7","53","51","342","454","573","492","C0232940"
"3329","2","3","2","48","170","50","304","167","593","C0232940"
"6622","2","3","7","27","36","150","341","223","628","C0232940"
"808","2","5","8","63","45","23","103","464","187","C0232940"
"3000","2","5","4","68","96","326","427","548","672","C0232940"
"4286","2","3","12","19","31","261","116","1","664","C0232940"
"7040","2","5","7","53","51","342","454","573","492","C0232940"
"7879","2","5","7","34","54","24","30","46","72","C0232940"
"6103","2","3","12","76","153","40","38","54","75","C0232940"
"4683","2","3","12","19","31","261","116","1","86","C0232940"
"2261","2","5","7","53","14","20","25","40","186","C0232940"
"116519","2","5","7","53","51","342","454","573","492","C0232940"
"81037","2","3","2","48","170","50","119","444","556","C0232940"
"80224","2","3","2","48","170","50","119","444","556","C0232940"
"5896","2","3","12","41","116","268","434","568","605","C0232940"
"2706","2","3","12","76","153","40","38","54","75","C0232940"
"8643","2","5","3","68","221","197","259","560","422","C0232940"
"2071","2","3","12","19","31","261","116","159","211","C0232940"
"3759","2","5","8","63","36","166","106","110","158","C0232940"
"3460","2","5","7","53","184","119","156","287","116","C0232943"
"2690","2","5","7","53","14","20","25","40","186","C0232943"
"7157","2","3","12","19","31","261","402","489","551","C0232943"
"4920","2","5","7","53","14","20","259","560","373","C0232943"
"8818","2","3","2","61","77","142","176","280","363","C0233477"
"10262","2","3","2","22","33","323","66","101","136","C0233477"
"1411","2","3","6","63","45","160","362","177","673","C0233477"
"7133","2","5","7","34","52","216","395","549","697","C0233477"
"5727","2","3","12","68","221","197","259","560","422","C0233477"
"10743","2","3","3","19","151","276","91","433","118","C0233477"
"5191","2","3","5","43","161","305","409","208","482","C0233477"
"50717","2","3","12","41","116","268","434","468","213","C0233593"
"5961","2","5","7","27","51","326","126","414","702","C0233593"
"7468","2","3","12","19","31","1","426","55","78","C0233762"
"4214","2","3","12","41","219","339","34","540","117","C0233762"
"79848","2","3","12","76","153","40","38","54","75","C0233763"
"54463","2","3","2","48","57","110","141","359","462","C0233763"
"1280","2","5","7","53","51","342","454","573","492","C0233763"
"4093","2","3","12","19","221","342","259","423","389","C0233763"
"1906","2","5","4","68","96","326","427","548","672","C0233763"
"617","2","3","2","48","170","50","304","167","593","C0233763"
"2261","2","5","7","53","14","20","25","40","186","C0233844"
"5818","2","5","7","53","51","335","444","560","373","C0233844"
"25913","2","3","12","19","31","261","116","1","78","C0233844"
"3977","2","5","7","53","51","119","25","40","416","C0233844"
"4158","2","5","4","68","96","326","427","548","672","C0233844"
"8842","2","5","5","53","82","147","184","179","328","C0233844"
"54332","2","3","2","60","170","40","98","66","203","C0233844"
"54101","2","3","2","48","170","50","347","167","593","C0234132"
"9101","2","3","12","41","219","339","156","568","605","C0234132"
"57412","2","3","5","80","81","105","426","129","586","C0234132"
"29851","2","5","7","53","14","20","25","40","186","C0234132"
"5826","2","3","7","48","161","105","139","186","245","C0234132"
"54903","2","3","12","76","153","40","38","54","75","C0234132"
"843","2","3","12","41","219","339","156","568","697","C0234132"
"5422","2","3","12","19","31","261","116","1","86","C0234132"
"4634","2","5","8","63","45","23","103","464","187","C0234132"
"1134","2","5","8","27","70","99","162","216","290","C0234132"
"51083","2","5","4","68","96","326","427","548","672","C0234132"
"7138","2","5","8","63","45","23","103","464","187","C0234132"
"8076","2","5","7","53","51","342","454","573","492","C0234132"
"735","2","5","7","53","51","119","395","549","674","C0234132"
"2277","2","5","7","53","51","342","454","573","702","C0234132"
"11200","2","3","12","19","31","261","116","1","86","C0234132"
"4952","2","3","5","60","54","184","30","544","669","C0234132"
"4000","2","3","12","26","105","178","226","297","156","C0234132"
"5660","2","5","7","34","52","326","427","548","702","C0234132"
"25942","2","3","12","19","31","1","426","55","78","C0234132"
"9227","2","3","2","69","51","101","126","170","224","C0234132"
"11093","2","5","7","53","51","342","454","573","492","C0234132"
"5546","2","3","2","22","33","323","66","101","136","C0234132"
"401","2","3","3","19","221","321","428","541","667","C0234132"
"1605","2","5","7","53","51","342","454","573","492","C0234132"
"8565","2","3","2","110","85","237","433","547","154","C0234132"
"2773","2","5","4","68","96","326","427","548","672","C0234132"
"4436","2","3","12","19","31","261","116","1","86","C0234132"
"3239","2","3","3","19","221","321","428","541","667","C0234133"
"2200","2","5","7","53","51","342","454","573","492","C0234133"
"4010","2","3","3","19","221","321","428","541","667","C0234133"
"23600","2","3","5","80","81","305","409","208","482","C0234133"
"7415","2","3","7","34","52","216","395","536","445","C0234133"
"4358","2","3","5","43","161","305","409","208","482","C0234133"
"5122","2","5","4","27","36","184","141","359","411","C0234133"
"9509","2","5","7","53","51","342","454","573","492","C0234133"
"8822","2","5","7","53","14","20","25","40","186","C0234133"
"84667","2","3","12","19","31","1","426","55","78","C0234133"
"10269","2","3","2","48","182","50","119","444","556","C0234133"
"4604","2","5","8","63","45","23","103","464","187","C0234133"
"1145","2","5","8","27","70","99","162","216","290","C0234133"
"54714","2","5","8","63","36","166","106","110","158","C0234133"
"7486","2","3","12","19","31","261","116","1","86","C0234133"
"151648","2","3","12","76","153","40","38","54","75","C0234133"
"585","2","3","12","76","153","40","38","54","75","C0234133"
"2683","2","3","7","34","52","216","395","549","617","C0234133"
"8200","2","5","7","53","51","342","259","423","389","C0234133"
"1030","2","3","12","19","31","1","426","55","78","C0234133"
"2243","2","5","7","53","51","342","454","573","492","C0234133"
"60482","2","5","8","45","94","199","240","415","666","C0234133"
"6223","2","3","2","110","85","237","433","547","671","C0234133"
"3075","2","5","7","53","51","119","395","549","674","C0234133"
"1291","2","5","7","53","51","342","454","573","492","C0234133"
"5913","2","5","7","27","36","71","341","223","219","C0234133"
"27077","2","3","12","76","153","40","38","54","75","C0234133"
"5972","2","5","5","34","52","216","397","418","568","C0234133"
"3918","2","5","7","53","51","342","454","573","492","C0234133"
"7050","2","3","12","19","31","321","428","541","667","C0234144"
"8626","2","3","3","19","221","321","428","541","667","C0234144"
"2157","2","5","7","53","51","342","454","573","702","C0234144"
"2010","2","3","12","26","105","296","226","488","156","C0234144"
"10999","2","3","8","45","94","298","401","506","626","C0234144"
"4750","2","5","12","76","14","20","34","540","68","C0234144"
"3561","2","5","7","53","14","20","25","40","186","C0234144"
"6640","2","5","7","42","36","71","177","223","219","C0234144"
"10999","2","3","8","45","94","298","401","506","626","C0234144"
"9180","2","5","7","53","51","119","25","549","416","C0234144"
"23630","2","5","8","63","36","166","106","110","158","C0234144"
"7518","2","3","12","19","31","261","116","1","86","C0234144"
"4000","2","3","12","26","105","178","226","297","156","C0234144"
"89795","2","5","5","27","36","150","105","52","628","C0234144"
"51422","2","3","2","48","57","110","141","359","462","C0234144"
"2657","2","5","7","53","51","342","259","423","389","C0234144"
"2627","2","3","12","19","31","118","155","287","116","C0234166"
"1513","2","5","7","53","51","342","454","573","492","C0234166"
"5932","2","3","12","19","31","261","116","1","86","C0234166"
"5921","2","5","7","60","14","24","25","40","215","C0234166"
"720","2","5","7","53","51","342","454","573","492","C0234166"
"10907","2","3","2","22","33","323","66","101","136","C0234166"
"8493","2","3","12","19","31","293","116","201","664","C0234166"
"9719","2","5","7","53","51","342","454","573","492","C0234166"
"2260","2","5","7","53","14","20","25","40","186","C0234182"
"7140","2","5","8","63","45","23","103","464","187","C0234182"
"6389","2","3","2","48","170","50","119","444","556","C0234182"
"23539","2","3","2","62","37","285","389","62","603","C0234182"
"23600","2","3","5","80","81","305","409","208","482","C0234182"
"5396","2","3","3","19","221","321","428","541","667","C0234182"
"5979","2","5","7","53","14","20","25","40","186","C0234182"
"4893","2","5","7","34","52","24","30","46","72","C0234182"
"9968","2","4","3","24","119","330","214","454","144","C0234182"
"2313","2","3","12","19","31","276","91","433","118","C0234182"
"1499","2","3","12","19","221","197","259","560","422","C0234182"
"7291","2","3","12","19","151","276","91","489","416","C0234182"
"1373","2","3","8","84","97","167","210","271","536","C0234182"
"1349","2","3","2","48","170","110","141","359","462","C0234182"
"5077","2","3","3","19","221","321","428","541","667","C0234182"
"6497","2","5","3","19","221","342","259","423","389","C0234182"
"149233","2","5","7","53","51","119","25","489","416","C0234182"
"4893","2","5","7","34","52","24","30","46","72","C0234182"
"54919","2","3","2","41","96","279","304","370","257","C0234182"
"1848","2","3","5","42","81","296","399","201","274","C0234182"
"3032","2","3","2","48","57","38","347","12","145","C0234182"
"538","2","3","8","63","45","23","103","464","187","C0234182"
"9321","2","3","12","76","153","40","38","54","203","C0234182"
"8815","2","3","12","22","33","323","66","444","664","C0234182"
"54840","2","3","12","19","31","261","116","1","86","C0234376"
"6935","2","3","3","19","221","321","428","541","667","C0234376"
"26047","2","5","7","27","36","335","341","223","373","C0234376"
"4893","2","5","7","34","52","24","30","46","72","C0234376"
"1836","2","3","2","35","41","94","260","330","375","C0234376"
"249","2","3","5","27","51","335","444","560","373","C0234376"
"1605","2","5","7","53","51","342","454","573","492","C0234376"
"25794","2","5","6","11","142","225","142","220","673","C0234376"
"9049","2","3","3","41","151","276","378","271","356","C0234376"
"4541","2","3","2","48","170","50","119","444","24","C0234376"
"11277","2","3","12","19","31","261","116","1","86","C0234376"
"5080","2","3","3","19","221","321","428","541","667","C0234376"
"55651","2","3","2","110","85","237","433","547","671","C0234376"
"94","2","5","7","53","51","342","259","423","389","C0234376"
"324","2","3","12","41","219","197","70","255","422","C0234376"
"7287","2","5","7","11","142","71","341","560","219","C0234376"
"55636","2","3","3","19","221","321","428","423","389","C0234376"
"8504","2","3","5","47","144","185","238","310","392","C0234376"
"64220","2","3","2","69","83","101","126","170","224","C0234376"
"91942","2","3","2","48","170","50","119","444","556","C0234376"
"10804","2","3","12","76","153","40","38","54","75","C0234376"
"2737","2","3","12","19","116","321","428","54","667","C0234376"
"6870","2","5","4","68","96","326","427","548","672","C0234378"
"7403","2","3","12","19","31","1","426","55","78","C0234378"
"6709","2","5","7","34","52","216","395","572","158","C0234378"
"1340","2","3","2","48","170","50","141","359","462","C0234378"
"3052","2","3","2","48","170","50","119","444","556","C0234378"
"29949","2","5","7","53","51","119","25","40","186","C0234378"
"3853","2","1","6","11","142","225","142","220","298","C0234378"
"7020","2","3","12","19","31","276","91","433","664","C0234378"
"1145","2","5","8","27","70","99","162","216","290","C0234378"
"113278","2","3","5","38","190","304","408","517","637","C0234378"
"3265","2","5","7","60","54","24","30","46","72","C0234378"
"54903","2","3","12","76","153","40","38","54","75","C0234378"
"8818","2","3","2","61","77","142","176","280","363","C0234378"
"5617","2","5","12","19","31","1","426","55","78","C0234378"
"657","2","5","7","53","221","342","259","423","389","C0234378"
"2731","2","3","2","106","104","214","234","67","53","C0234378"
"5894","2","5","7","60","54","23","34","464","187","C0234378"
"859","2","5","8","63","45","23","103","464","187","C0234378"
"2720","2","3","7","34","52","216","395","21","599","C0234378"
"2290","2","3","3","19","221","321","428","541","667","C0234378"
"5728","2","3","5","80","81","339","156","568","605","C0234378"
"2539","2","3","2","48","57","110","141","359","383","C0234379"
"545","2","3","12","19","31","261","116","1","86","C0234379"
"1184","2","5","8","63","45","23","34","464","187","C0234379"
"26160","2","3","12","76","153","40","38","54","75","C0234379"
"1028","2","3","12","19","31","1","116","1","86","C0234379"
"7259","2","3","12","19","31","1","426","55","78","C0234379"
"3759","2","5","8","63","36","166","106","110","158","C0234379"
"55612","2","5","7","60","36","71","177","560","701","C0234379"
"7421","2","3","3","19","151","276","91","433","118","C0234379"
"5073","2","3","2","110","85","323","433","146","194","C0234428"
"3691","2","5","7","53","51","342","454","573","492","C0234428"
"1281","2","5","7","53","51","342","454","573","492","C0234428"
"5589","2","5","7","53","51","342","454","573","492","C0234428"
"5830","2","3","5","43","161","305","409","208","482","C0234428"
"4853","2","3","12","19","124","143","428","236","667","C0234428"
"7072","2","3","2","22","33","323","66","101","136","C0234428"
"5660","2","5","7","34","52","326","427","548","702","C0234428"
"5979","2","5","7","53","14","20","25","40","186","C0234428"
"1723","2","3","2","48","170","50","119","444","556","C0234428"
"3630","2","5","7","53","14","20","25","40","186","C0234428"
"8867","2","3","5","60","14","184","341","544","669","C0234428"
"10371","2","5","7","53","51","342","79","560","373","C0234517"
"6913","2","3","3","19","221","321","428","541","667","C0234517"
"4548","2","3","2","15","85","105","139","186","245","C0234518"
"2152","2","5","7","53","51","119","454","549","674","C0234518"
"3861","2","1","6","11","142","225","142","220","298","C0234518"
"29893","2","3","12","19","31","1","426","55","78","C0234518"
"7415","2","3","7","34","52","216","395","536","445","C0234518"
"4914","2","3","2","22","18","266","202","252","252","C0234518"
"2100","2","3","3","19","151","276","91","433","118","C0234518"
"6934","2","3","12","19","31","1","428","541","667","C0234533"
"1308","2","5","7","53","51","119","454","573","492","C0234533"
"9968","2","4","3","24","119","330","214","454","144","C0234533"
"427","2","3","7","34","52","216","395","549","420","C0234533"
"673","2","5","7","53","14","20","34","540","68","C0234533"
"7841","2","3","2","41","116","178","423","536","445","C0234533"
"1594","2","3","5","92","163","96","363","460","487","C0234533"
"10060","2","3","8","41","45","23","423","464","445","C0234533"
"9935","2","3","12","19","31","1","426","55","78","C0234533"
"26229","2","3","2","74","205","191","396","408","257","C0234629"
"4860","2","3","7","34","52","216","395","549","150","C0234629"
"8547","2","5","7","53","51","342","454","573","492","C0234629"
"345","2","5","7","53","51","342","454","573","492","C0234629"
"1747","2","3","3","19","221","321","428","541","667","C0234629"
"10939","2","3","2","48","170","50","119","444","593","C0234629"
"5184","2","3","5","80","81","166","52","105","349","C0234629"
"29954","2","5","2","27","206","324","430","215","290","C0234629"
"5605","2","5","7","53","14","20","34","540","68","C0234629"
"5745","2","5","4","68","96","326","427","548","672","C0234629"
"4540","2","3","2","48","170","50","119","444","556","C0234629"
"3000","2","5","4","68","96","326","427","548","672","C0234629"
"2006","2","5","7","53","51","342","454","573","492","C0234629"
"1906","2","5","4","68","96","326","427","548","672","C0234629"
"4000","2","3","12","26","105","178","226","297","156","C0234629"
"10516","2","5","7","53","51","342","454","573","492","C0234629"
"2812","2","5","7","53","51","342","454","573","492","C0234629"
"492","2","3","8","63","45","23","103","464","187","C0234629"
"5728","2","3","5","80","81","339","156","568","605","C0234629"
"5982","2","3","12","19","31","261","116","1","86","C0234629"
"10661","2","3","12","19","31","1","426","55","78","C0234629"
"5832","2","3","2","101","62","189","182","509","252","C0234629"
"9247","2","5","7","53","221","197","259","423","389","C0234629"
"4893","2","5","7","34","52","24","30","46","72","C0234629"
"3689","2","5","7","34","52","216","395","549","674","C0234629"
"127534","2","3","12","76","153","40","38","54","75","C0234629"
"5979","2","5","7","53","14","20","25","40","186","C0234629"
"5914","2","3","3","19","151","276","91","433","118","C0234629"
"348","2","5","7","53","51","342","454","573","492","C0234629"
"7412","2","5","7","53","51","119","454","287","116","C0234629"
"6622","2","3","7","27","36","150","341","223","628","C0234629"
"5443","2","5","4","68","96","326","427","548","672","C0234708"
"1302","2","5","7","53","51","342","454","573","492","C0234708"
"7157","2","3","12","19","31","261","402","489","551","C0234708"
"2542","2","3","5","80","81","296","399","500","577","C0234708"
"5296","2","5","7","53","14","20","25","40","186","C0234853"
"7046","2","3","12","41","219","339","259","423","605","C0234853"
"26137","2","5","7","63","45","184","103","572","658","C0234853"
"771","2","3","5","35","41","77","40","241","212","C0234860"
"7225","2","5","8","63","45","193","306","390","158","C0234860"
"9915","2","3","3","27","151","276","91","433","118","C0234860"
"4988","2","5","4","68","96","326","427","548","672","C0234860"
"1298","2","5","7","53","51","342","454","573","492","C0234860"
"271","2","3","5","33","6","241","233","304","386","C0234860"
"8878","2","3","12","41","219","339","156","568","697","C0234860"
"6335","2","5","8","63","36","166","341","390","158","C0234860"
"51259","2","3","2","76","153","40","38","54","75","C0234860"
"2969","2","3","12","19","31","276","91","433","118","C0234860"
"388753","2","3","2","48","170","50","304","167","593","C0234860"
"10733","2","3","12","76","153","40","38","54","75","C0234860"
"4337","2","3","2","80","91","75","204","267","352","C0234860"
"3977","2","5","7","53","51","119","25","40","416","C0234860"
"9095","2","5","7","53","51","335","444","560","373","C0234860"
"2073","2","3","12","19","31","261","116","1","86","C0234860"
"7490","2","3","3","19","221","321","428","541","667","C0234860"
"9499","2","5","7","53","51","23","103","464","187","C0234861"
"5573","2","3","12","19","184","118","155","287","116","C0234861"
"2969","2","3","12","19","31","276","91","433","118","C0234967"
"5994","2","3","12","19","31","276","91","491","118","C0234967"
"9419","2","5","7","60","36","71","341","223","219","C0234967"
"6647","2","3","2","95","2","342","378","173","702","C0234967"
"8260","2","3","12","41","85","266","76","287","78","C0234967"
"51082","2","3","2","19","31","1","426","55","78","C0234967"
"2516","2","3","3","19","151","276","91","433","118","C0234967"
"2099","2","3","12","19","151","276","91","433","118","C0234967"
"7353","2","3","12","41","219","339","156","568","605","C0234967"
"3850","2","1","6","11","142","225","142","220","298","C0234967"
"8013","2","3","3","19","151","276","91","433","118","C0234967"
"10743","2","3","3","19","151","276","91","433","118","C0234967"
"6606","2","3","2","22","33","323","66","101","136","C0234967"
"5982","2","3","12","19","31","261","116","1","86","C0234967"
"3798","2","3","7","76","153","40","38","54","75","C0234967"
"50617","2","3","5","29","88","100","125","168","223","C0234967"
"8200","2","5","7","53","51","342","259","423","389","C0234967"
"10021","2","5","8","63","36","166","106","110","158","C0234967"
"2516","2","3","3","19","151","276","91","433","118","C0234967"
"546","2","3","12","19","31","261","426","1","86","C0234967"
"1289","2","5","7","53","51","342","454","573","492","C0234967"
"53834","2","5","7","53","51","342","454","573","492","C0234967"
"6611","2","3","2","58","55","25","46","329","198","C0234967"
"1387","2","3","12","19","31","276","91","433","118","C0234967"
"30008","2","5","7","53","51","342","454","573","492","C0234967"
"4148","2","5","7","53","51","342","454","573","492","C0234967"
"7299","2","3","5","23","18","138","250","332","407","C0234967"
"7020","2","3","12","19","31","276","91","433","664","C0234967"
"5604","2","5","7","53","14","20","34","540","68","C0234967"
"27019","2","3","12","76","153","40","38","54","75","C0234967"
"4771","2","5","7","60","36","71","177","64","215","C0234967"
"2632","2","3","2","28","22","48","232","82","114","C0234967"
"23095","2","3","7","76","153","40","38","54","75","C0234974"
"3784","2","5","8","63","36","166","106","110","158","C0234974"
"3257","2","5","7","60","54","24","30","46","72","C0234979"
"6314","2","3","12","19","31","1","426","568","78","C0234979"
"56623","2","3","5","80","81","296","118","543","214","C0234979"
"5728","2","3","5","80","81","339","156","568","605","C0234979"
"6311","2","3","2","22","33","323","66","362","468","C0234979"
"2121","2","3","12","41","116","268","434","568","605","C0234979"
"4488","2","3","3","19","221","321","428","541","667","C0234979"
"3908","2","5","7","53","51","342","454","573","492","C0234979"
"8626","2","3","3","19","221","321","428","541","667","C0234979"
"9896","2","3","5","80","81","296","399","201","274","C0234979"
"2934","2","5","7","34","52","216","395","549","674","C0234979"
"538","2","3","8","63","45","23","103","464","187","C0234979"
"3832","2","3","12","76","153","40","38","54","75","C0234979"
"10528","2","3","2","110","85","237","433","547","671","C0234979"
"2492","2","5","4","68","96","326","427","548","672","C0234979"
"2263","2","5","7","53","14","20","25","40","186","C0234979"
"5728","2","3","5","80","81","339","156","568","605","C0234979"
"5125","2","5","6","11","51","225","142","220","298","C0234979"
"3248","2","3","2","69","83","133","167","224","301","C0234979"
"4358","2","3","5","43","161","305","409","208","482","C0234979"
"673","2","5","7","53","14","20","34","540","68","C0234979"
"3930","2","3","2","22","33","323","66","3","464","C0234979"
"1289","2","5","7","53","51","342","454","573","492","C0234979"
"2632","2","3","2","28","22","48","232","82","114","C0234979"
"2131","2","3","2","74","58","112","148","181","416","C0234979"
"55650","2","3","2","61","77","142","176","235","557","C0234985"
"4000","2","3","12","26","105","178","226","297","156","C0234985"
"3458","2","5","7","53","184","119","156","287","116","C0234985"
"1075","2","5","7","34","52","216","395","549","674","C0234985"
"6663","2","3","3","19","221","321","428","541","667","C0234985"
"6340","2","5","8","63","45","23","34","464","187","C0234985"
"5604","2","5","7","53","14","20","34","540","68","C0234985"
"9791","2","3","8","45","94","199","240","415","666","C0234985"
"2138","2","3","12","19","31","1","426","55","78","C0234985"
"4200","2","3","2","67","92","293","55","75","311","C0234985"
"6347","2","5","7","53","51","119","427","489","416","C0234985"
"2812","2","5","7","53","51","342","454","573","492","C0234985"
"57728","2","3","12","76","153","40","38","54","75","C0234985"
"242","2","3","5","11","142","223","142","220","298","C0234985"
"4792","2","3","12","41","219","339","156","568","605","C0234985"
"54499","2","3","2","48","170","50","119","444","593","C0234985"
"9791","2","3","8","45","94","199","240","415","666","C0234985"
"5888","2","3","12","19","31","261","116","1","86","C0234985"
"5428","2","3","2","48","170","50","119","167","593","C0234985"
"4204","2","3","12","19","31","1","426","55","78","C0234985"
"3954","2","3","2","48","170","67","119","444","593","C0234985"
"6792","2","5","7","53","14","20","34","540","68","C0234985"
"25970","2","5","7","53","14","20","25","40","116","C0234985"
"2566","2","5","8","27","70","99","162","216","290","C0234985"
"7403","2","3","12","19","31","1","426","55","78","C0234985"
"857","2","5","7","53","45","23","57","83","422","C0234985"
"2316","2","5","7","53","51","342","454","573","702","C0234985"
"6473","2","3","3","19","221","321","428","541","667","C0234985"
"8292","2","5","5","27","51","342","454","573","492","C0234985"
"546","2","3","12","19","31","261","426","1","86","C0234985"
"701","2","3","12","76","153","40","38","54","75","C0234985"
"5445","2","3","5","80","147","236","328","411","229","C0234985"
"3207","2","3","3","19","221","321","428","541","667","C0235025"
"1674","2","5","8","63","45","23","103","464","187","C0235025"
"598","2","3","12","41","219","339","402","489","416","C0235025"
"3248","2","3","2","69","83","133","167","224","301","C0235025"
"190","2","3","3","19","151","276","91","433","118","C0235032"
"6862","2","5","3","53","51","335","259","560","373","C0235032"
"10516","2","5","7","53","51","342","454","573","492","C0235032"
"930","2","5","7","53","14","119","25","40","186","C0235032"
"9056","2","3","8","45","94","199","240","415","666","C0235032"
"55172","2","5","7","27","36","150","341","223","628","C0235032"
"25782","2","5","7","60","54","24","30","46","72","C0235032"
"3507","2","5","7","53","51","119","395","549","674","C0235032"
"2512","2","3","7","34","52","216","395","544","358","C0235032"
"22948","2","3","12","76","137","76","136","472","435","C0235032"
"10161","2","5","4","68","96","326","427","548","672","C0235032"
"4703","2","5","7","60","45","23","103","464","187","C0235032"
"6712","2","5","7","60","153","40","341","223","203","C0235032"
"2056","2","5","7","53","51","119","25","40","186","C0235032"
"7415","2","3","7","34","52","216","395","536","445","C0235032"
"5075","2","3","3","19","221","321","428","541","667","C0235032"
"7015","2","3","12","19","31","1","426","55","78","C0235032"
"1075","2","5","7","34","52","216","395","549","674","C0235032"
"2006","2","5","7","53","51","342","454","573","492","C0235032"
"3764","2","5","8","63","36","166","106","110","158","C0235032"
"27125","2","3","12","19","31","261","116","159","211","C0235032"
"2108","2","3","2","48","170","50","119","444","556","C0235032"
"478","2","3","8","63","45","23","366","464","187","C0235032"
"3762","2","5","8","63","36","166","106","110","158","C0235032"
"5885","2","3","12","76","153","40","38","54","75","C0235032"
"4352","2","5","7","53","14","20","25","40","186","C0235032"
"5626","2","3","3","19","221","321","428","541","667","C0235063"
"7490","2","3","3","19","221","321","428","541","667","C0235063"
"2899","2","5","4","68","96","326","427","548","672","C0235063"
"29851","2","5","7","53","14","20","25","40","186","C0235063"
"9451","2","3","2","110","51","335","226","297","380","C0235063"
"348","2","5","7","53","51","342","454","573","492","C0235063"
"5828","2","3","5","43","161","305","409","208","482","C0235063"
"54968","2","3","2","48","170","50","119","444","556","C0235063"
"5890","2","3","12","19","31","261","116","1","86","C0235063"
"23141","2","3","12","76","105","40","226","489","435","C0235063"
"4358","2","3","5","43","161","305","409","208","482","C0235063"
"5205","2","3","8","63","45","23","103","464","619","C0235081"
"3561","2","5","7","53","14","20","25","40","186","C0235081"
"153","2","5","4","68","96","326","427","548","672","C0235259"
"3621","2","3","12","19","31","1","426","55","78","C0235259"
"54361","2","5","3","68","221","197","259","560","422","C0235259"
"4843","2","3","5","43","161","305","409","489","416","C0235259"
"2074","2","3","12","19","31","1","426","55","78","C0235259"
"5447","2","3","5","91","214","271","372","471","586","C0235357"
"4998","2","3","12","76","31","261","116","1","86","C0235357"
"1200","2","3","5","80","81","178","226","297","380","C0235357"
"5828","2","3","5","43","161","305","409","208","482","C0235357"
"51062","2","5","7","27","36","150","402","489","373","C0235357"
"5728","2","3","5","80","81","339","156","568","605","C0235357"
"3952","2","5","3","53","151","276","91","433","118","C0235357"
"3949","2","5","7","60","14","184","341","544","669","C0235430"
"2778","2","5","4","68","96","326","427","548","672","C0235430"
"24","2","3","12","41","116","268","423","536","445","C0235430"
"5972","2","5","5","34","52","216","397","418","568","C0235430"
"1591","2","3","5","92","163","262","136","460","566","C0235430"
"3040","2","5","5","53","51","342","40","78","178","C0235430"
"4222","2","3","3","19","221","321","428","541","667","C0235430"
"5354","2","5","7","27","36","150","341","223","628","C0235430"
"51360","2","3","3","26","35","276","91","433","203","C0235430"
"6559","2","5","8","45","94","199","240","415","666","C0235430"
"1493","2","5","7","53","51","119","25","40","186","C0235430"
"27125","2","3","12","19","31","261","116","159","211","C0235480"
"7038","2","5","7","60","18","184","98","66","203","C0235480"
"26608","2","3","2","22","170","50","119","463","153","C0235480"
"3955","2","5","8","89","124","143","428","236","667","C0235480"
"7010","2","5","7","53","14","20","25","40","186","C0235480"
"825","2","5","7","53","51","342","454","573","492","C0235480"
"10262","2","3","2","22","33","323","66","101","136","C0235480"
"1030","2","3","12","19","31","1","426","55","78","C0235480"
"9049","2","3","3","41","151","276","378","271","356","C0235480"
"1387","2","3","12","19","31","276","91","433","118","C0235752"
"288","2","5","7","76","153","40","38","54","203","C0235752"
"55131","2","3","2","110","85","237","433","547","671","C0235752"
"23534","2","3","2","22","33","323","66","101","136","C0235752"
"5173","2","5","4","68","96","326","427","548","672","C0235752"
"3827","2","5","4","68","96","326","427","548","672","C0235752"
"5573","2","3","12","19","184","118","155","287","116","C0235752"
"3284","2","3","2","69","98","169","299","183","243","C0235752"
"3614","2","3","7","34","52","216","395","549","674","C0235857"
"7421","2","3","3","19","151","276","91","433","118","C0235857"
"5832","2","3","2","101","62","189","182","509","252","C0235857"
"11107","2","3","12","19","31","1","426","55","78","C0235886"
"324","2","3","12","41","219","197","70","255","422","C0235886"
"546","2","3","12","19","31","261","426","1","86","C0235886"
"5696","2","3","12","41","116","268","156","568","116","C0235896"
"54903","2","3","12","76","153","40","38","54","75","C0235896"
"10535","2","3","12","76","153","40","38","54","75","C0235896"
"5592","2","5","4","53","14","20","34","540","68","C0235896"
"5015","2","3","3","19","221","321","428","541","667","C0235896"
"5663","2","5","7","34","52","216","395","549","667","C0235896"
"55630","2","3","5","27","81","99","162","216","290","C0235896"
"6138","2","3","2","110","85","237","433","547","671","C0235896"
"19","2","3","3","19","151","276","91","433","118","C0235896"
"1896","2","5","12","41","219","339","156","568","697","C0235896"
"26229","2","3","2","74","205","191","396","408","257","C0235896"
"546","2","3","12","19","31","261","426","1","86","C0235896"
"8626","2","3","3","19","221","321","428","541","667","C0235896"
"673","2","5","7","53","14","20","34","540","68","C0235896"
"8260","2","3","12","41","85","266","76","287","78","C0235896"
"658","2","5","7","53","51","342","259","423","389","C0235896"
"6469","2","5","3","53","221","197","259","560","422","C0235896"
"291","2","3","2","48","170","50","304","167","593","C0235971"
"57522","2","5","7","60","54","24","30","46","72","C0235971"
"3265","2","5","7","60","54","24","30","46","72","C0235983"
"2896","2","5","7","34","52","216","395","549","674","C0235983"
"6521","2","5","8","35","41","199","40","415","666","C0235983"
"55505","2","3","2","110","85","237","433","547","671","C0235983"
"6655","2","5","7","60","54","24","30","46","72","C0235983"
"9829","2","5","7","60","14","184","341","544","669","C0235983"
"2658","2","5","7","53","51","342","259","423","389","C0235986"
"472","2","3","12","19","31","261","116","1","86","C0235986"
"1071","2","5","7","53","51","342","454","573","492","C0235986"
"2201","2","5","7","53","51","342","454","573","492","C0235986"
"10577","2","5","7","34","52","216","395","549","674","C0235986"
"5336","2","3","7","53","14","20","25","40","215","C0235986"
"2273","2","5","8","63","45","23","103","464","187","C0235986"
"6311","2","3","2","22","33","323","66","362","468","C0235986"
"1082","2","5","4","68","96","342","259","423","389","C0235986"
"2670","2","5","7","27","36","150","341","223","628","C0235986"
"23169","2","3","2","78","205","112","430","429","544","C0235986"
"2260","2","5","7","53","14","20","25","40","186","C0235986"
"8398","2","3","5","116","183","40","38","352","455","C0235986"
"23400","2","5","8","63","45","23","103","464","187","C0235986"
"4899","2","3","3","19","151","276","91","433","118","C0236000"
"26154","2","3","5","47","144","185","238","310","392","C0236000"
"26012","2","3","12","19","31","261","116","159","211","C0236048"
"3557","2","3","12","41","219","339","156","568","697","C0236048"
"3440","2","3","12","19","184","118","155","287","116","C0236048"
"8626","2","3","3","19","221","321","428","541","667","C0236048"
"5950","2","5","7","53","51","101","126","170","224","C0236175"
"1291","2","5","7","53","51","342","454","573","492","C0236175"
"23418","2","5","7","53","36","71","177","560","373","C0236175"
"9755","2","3","2","110","85","237","177","568","697","C0236175"
"1584","2","3","5","79","159","256","276","353","456","C0236175"
"55612","2","5","7","60","36","71","177","560","701","C0236175"
"51119","2","3","2","110","85","237","433","547","671","C0236175"
"7421","2","3","3","19","151","276","91","433","118","C0236175"
"8799","2","3","5","43","161","305","409","208","482","C0236175"
"1030","2","3","12","19","31","1","426","55","78","C0236175"
"7042","2","5","7","53","51","342","454","573","492","C0236642"
"6235","2","3","2","110","85","237","433","547","671","C0236642"
"999","2","5","7","53","51","342","444","560","373","C0236663"
"2969","2","3","12","19","31","276","91","433","118","C0236663"
"2247","2","5","7","53","14","20","25","40","186","C0236663"
"6503","2","5","7","53","14","20","25","40","186","C0236663"
"3690","2","5","7","53","51","342","454","573","492","C0236663"
"182","2","5","7","53","51","143","428","236","667","C0236663"
"1280","2","5","7","53","51","342","454","573","492","C0236663"
"10815","2","5","7","60","36","71","341","223","666","C0236663"
"54209","2","5","7","53","51","119","395","549","674","C0236663"
"5917","2","3","2","110","85","237","433","547","154","C0236663"
"2539","2","3","2","48","57","110","141","359","383","C0236663"
"760","2","3","5","35","41","77","40","78","178","C0236664"
"10293","2","3","12","41","116","268","434","468","213","C0236664"
"2778","2","5","4","68","96","326","427","548","672","C0236664"
"6392","2","3","2","48","170","50","119","444","556","C0236664"
"2263","2","5","7","53","14","20","25","40","186","C0236664"
"7136","2","5","8","63","45","23","103","464","187","C0236792"
"6324","2","5","7","63","36","166","341","223","158","C0236792"
"4703","2","5","7","60","45","23","103","464","187","C0236811"
"8813","2","3","2","48","116","142","136","280","363","C0236811"
"7390","2","3","5","80","81","166","132","175","473","C0236811"
"4286","2","3","12","19","31","261","116","1","664","C0236964"
"3988","2","3","5","98","174","277","379","476","42","C0236964"
"1832","2","5","7","34","52","225","142","220","298","C0237304"
"6505","2","3","2","45","94","199","240","415","666","C0237304"
"1302","2","5","7","53","51","342","454","573","492","C0237304"
"1482","2","3","3","19","221","321","428","541","667","C0237304"
"2705","2","3","12","76","153","40","38","54","75","C0237304"
"2775","2","5","4","68","36","150","341","223","628","C0237653"
"10804","2","3","12","76","153","40","38","54","75","C0237653"
"1012","2","5","7","53","51","335","444","560","373","C0237653"
"4920","2","5","7","53","14","20","259","560","373","C0237653"
"715","2","5","7","53","51","119","395","549","674","C0237653"
"120","2","5","2","63","182","50","103","297","628","C0237653"
"1786","2","3","12","19","31","1","426","55","78","C0237653"
"30008","2","5","7","53","51","342","454","573","492","C0237653"
"54903","2","3","12","76","153","40","38","54","75","C0237653"
"2205","2","5","7","53","51","119","25","568","186","C0237653"
"5428","2","3","2","48","170","50","119","167","593","C0237653"
"8092","2","3","3","19","221","321","428","541","667","C0237849"
"2846","2","5","4","68","96","326","427","548","672","C0237849"
"53834","2","5","7","53","51","342","454","573","492","C0237849"
"55703","2","3","2","22","33","261","116","159","211","C0237849"
"3043","2","5","7","34","52","216","395","549","116","C0237849"
"6103","2","3","12","76","153","40","38","54","75","C0237849"
"9076","2","5","6","42","36","71","177","64","219","C0237849"
"6392","2","3","2","48","170","50","119","444","556","C0237849"
"1727","2","3","7","34","52","216","395","549","197","C0237873"
"107","2","5","4","68","96","326","427","548","672","C0237873"
"4615","2","3","12","41","219","339","156","568","697","C0237873"
"182","2","5","7","53","51","143","428","236","667","C0237873"
"11284","2","3","12","19","31","261","116","1","86","C0238111"
"7187","2","3","12","41","219","339","156","568","697","C0238111"
"5982","2","3","12","19","31","261","116","1","86","C0238111"
"3762","2","5","8","63","36","166","106","110","158","C0238111"
"6696","2","5","7","53","51","342","454","573","492","C0238111"
"6310","2","3","12","22","142","225","366","362","468","C0238198"
"538","2","3","8","63","45","23","103","464","187","C0238198"
"8292","2","5","5","27","51","342","454","573","492","C0238198"
"3630","2","5","7","53","14","20","25","40","186","C0238198"
"220136","2","3","12","11","142","225","38","220","298","C0238198"
"221895","2","3","12","19","31","1","426","55","78","C0238198"
"3939","2","3","2","62","37","28","52","105","349","C0238198"
"4929","2","3","3","19","151","276","91","433","118","C0238207"
"6390","2","3","2","48","170","50","119","444","556","C0238207"
"538","2","3","8","63","45","23","103","464","187","C0238207"
"1280","2","5","7","53","51","342","454","573","492","C0238207"
"5015","2","3","3","19","221","321","428","541","667","C0238207"
"4952","2","3","5","60","54","184","30","544","669","C0238207"
"2260","2","5","7","53","14","20","25","40","186","C0238207"
"26154","2","3","5","47","144","185","238","310","392","C0238207"
"6399","2","5","7","60","54","24","30","46","72","C0238207"
"6392","2","3","2","48","170","50","119","444","556","C0238207"
"10733","2","3","12","76","153","40","38","54","75","C0238207"
"5728","2","3","5","80","81","339","156","568","605","C0238210"
"675","2","3","12","19","31","261","116","1","86","C0238210"
"5604","2","5","7","53","14","20","34","540","68","C0238288"
"7390","2","3","5","80","81","166","132","175","473","C0238288"
"23384","2","3","12","63","45","184","103","572","658","C0238288"
"2516","2","3","3","19","151","276","91","433","118","C0238288"
"1280","2","5","7","53","51","342","454","573","492","C0238288"
"5015","2","3","3","19","221","321","428","541","667","C0238288"
"39","2","3","2","67","92","293","55","75","311","C0238288"
"29851","2","5","7","53","14","20","25","40","186","C0238288"
"3909","2","5","7","53","51","342","454","573","492","C0238288"
"8622","2","3","4","68","96","326","427","548","672","C0238288"
"5395","2","3","12","19","31","261","116","1","86","C0238288"
"9829","2","5","7","60","14","184","341","544","669","C0238288"
"5999","2","5","4","68","96","326","427","548","672","C0238300"
"7473","2","5","3","68","221","197","259","560","422","C0238300"
"8803","2","3","8","67","92","293","55","75","311","C0238300"
"5020","2","5","4","68","96","326","427","548","672","C0238300"
"11284","2","3","12","19","31","261","116","1","86","C0238339"
"6134","2","3","2","110","85","237","433","547","671","C0238339"
"38","2","3","2","67","92","293","55","75","311","C0238339"
"7253","2","5","4","68","96","326","427","548","672","C0238339"
"540","2","5","8","63","45","23","103","464","187","C0238339"
"5728","2","3","5","80","81","339","156","568","605","C0238339"
"1889","2","5","4","68","96","326","427","548","672","C0238357"
"375790","2","5","7","53","51","342","454","573","492","C0238357"
"8820","2","3","3","19","221","321","428","541","667","C0238357"
"10269","2","3","2","48","182","50","119","444","556","C0238358"
"55636","2","3","3","19","221","321","428","423","389","C0238358"
"1282","2","5","7","53","51","342","454","573","492","C0238358"
"641","2","3","12","19","31","261","116","1","86","C0238378"
"1187","2","5","8","63","45","23","34","464","187","C0238378"
"5995","2","5","4","68","96","326","427","548","672","C0238394"
"54332","2","3","2","60","170","40","98","66","203","C0238394"
"8200","2","5","7","53","51","342","259","423","389","C0238394"
"217","2","3","5","75","120","200","75","230","309","C0238394"
"23098","2","3","12","41","219","339","156","568","697","C0238394"
"1184","2","5","8","63","45","23","34","464","187","C0238395"
"9968","2","4","3","24","119","330","214","454","144","C0238395"
"6868","2","5","7","53","51","342","454","236","492","C0238395"
"1528","2","3","5","91","214","271","372","471","586","C0238395"
"1312","2","3","2","87","79","105","426","129","25","C0238395"
"1387","2","3","12","19","31","276","91","433","118","C0238395"
"7681","2","3","12","41","116","268","434","468","213","C0238395"
"2290","2","3","3","19","221","321","428","541","667","C0238395"
"258","2","5","7","53","51","342","454","573","492","C0238395"
"4318","2","5","7","34","52","216","395","573","492","C0238395"
"6229","2","3","2","110","85","237","433","547","671","C0238395"
"6622","2","3","7","27","36","150","341","223","628","C0238395"
"2737","2","3","12","19","116","321","428","54","667","C0238395"
"2752","2","3","2","101","62","189","182","509","409","C0238395"
"6662","2","3","3","19","221","321","428","541","667","C0238395"
"538","2","3","8","63","45","23","103","464","187","C0238395"
"2773","2","5","4","68","96","326","427","548","672","C0238395"
"950","2","5","7","60","14","184","341","544","669","C0238395"
"5591","2","3","12","19","31","261","116","1","86","C0238395"
"3043","2","5","7","34","52","216","395","549","116","C0238397"
"10413","2","3","12","19","36","143","177","236","321","C0238397"
"5885","2","3","12","76","153","40","38","54","75","C0238397"
"7390","2","3","5","80","81","166","132","175","473","C0238397"
"1890","2","3","5","80","81","296","62","94","150","C0238397"
"26580","2","5","8","27","70","99","162","216","290","C0238397"
"4312","2","5","7","53","51","342","454","573","492","C0238397"
"3845","2","5","7","60","54","24","30","46","72","C0238397"
"51085","2","3","2","48","57","110","141","359","462","C0238397"
"5290","2","3","7","53","14","20","25","40","186","C0238397"
"3239","2","3","3","19","221","321","428","541","667","C0238397"
"1947","2","5","7","53","51","20","25","560","373","C0238397"
"5728","2","3","5","80","81","339","156","568","605","C0238397"
"4508","2","3","2","48","170","50","119","444","556","C0238397"
"5243","2","3","12","41","116","268","423","536","445","C0238397"
"1406","2","3","3","19","221","321","428","541","667","C0238397"
"1585","2","3","5","79","159","256","351","100","589","C0238397"
"3589","2","5","7","53","51","119","25","40","416","C0238397"
"348","2","5","7","53","51","342","454","573","492","C0238397"
"3848","2","5","7","34","52","225","142","220","298","C0238397"
"8625","2","3","12","19","31","276","91","236","118","C0238399"
"7852","2","5","4","68","96","326","427","548","672","C0238399"
"11200","2","3","12","19","31","261","116","1","86","C0238441"
"5195","2","3","5","43","161","305","409","208","482","C0238441"
"1629","2","3","2","67","92","293","55","75","311","C0238462"
"8891","2","3","2","110","85","237","433","547","671","C0238462"
"4654","2","3","12","19","31","276","91","433","118","C0238463"
"2200","2","5","7","53","51","342","454","573","492","C0238463"
"673","2","5","7","53","14","20","34","540","68","C0238463"
"6910","2","3","12","19","51","335","444","560","373","C0238463"
"2990","2","3","7","34","52","216","395","549","674","C0238463"
"4247","2","3","2","68","67","320","98","180","279","C0238463"
"25974","2","3","7","48","51","105","139","186","245","C0238463"
"26191","2","5","7","53","14","20","25","40","186","C0238463"
"673","2","5","7","53","14","20","34","540","68","C0238463"
"29940","2","5","7","53","51","342","454","573","492","C0238463"
"843","2","3","12","41","219","339","156","568","697","C0238463"
"5961","2","5","7","27","51","326","126","414","702","C0238463"
"23414","2","3","12","19","31","118","155","287","116","C0238463"
"6591","2","3","12","19","31","1","426","55","78","C0238463"
"54888","2","3","2","110","85","152","129","252","154","C0238463"
"51259","2","3","2","76","153","40","38","54","75","C0238463"
"3655","2","5","7","53","51","342","454","573","492","C0238463"
"2617","2","3","2","110","85","237","433","252","154","C0238463"
"6887","2","3","12","19","31","1","426","55","78","C0238463"
"3674","2","5","7","53","51","342","454","573","492","C0238463"
"3107","2","5","7","34","52","119","395","549","674","C0238463"
"3543","2","5","7","53","51","119","395","549","674","C0238463"
"2737","2","3","12","19","116","321","428","54","667","C0238463"
"5831","2","3","2","101","62","189","182","566","409","C0238463"
"23111","2","3","12","41","219","339","156","568","697","C0238463"
"1145","2","5","8","27","70","99","162","216","290","C0238463"
"1734","2","3","5","69","83","101","126","57","224","C0238463"
"4524","2","3","2","15","166","104","369","117","583","C0238463"
"6310","2","3","12","22","142","225","366","362","468","C0238463"
"1908","2","5","4","68","96","326","427","548","672","C0238463"
"582","2","3","12","76","153","76","38","54","75","C0238463"
"5728","2","3","5","80","81","339","156","568","605","C0238506"
"6647","2","3","2","95","2","342","378","173","702","C0238506"
"207","2","3","7","53","14","20","34","489","416","C0238651"
"1543","2","3","5","91","151","276","91","433","118","C0238651"
"6473","2","3","3","19","221","321","428","541","667","C0238651"
"5621","2","5","8","27","36","342","454","573","628","C0238651"
"10804","2","3","12","76","153","40","38","54","75","C0238651"
"8208","2","3","12","19","31","1","426","55","78","C0238651"
"2335","2","5","7","53","51","342","454","573","492","C0238669"
"10293","2","3","12","41","116","268","434","468","213","C0238669"
"54808","2","3","12","76","153","40","38","54","75","C0238669"
"1495","2","5","7","53","51","335","444","560","373","C0238669"
"3845","2","5","7","60","54","24","30","46","72","C0238669"
"2239","2","3","2","74","51","342","454","573","492","C0238669"
"22796","2","5","7","60","153","40","38","66","203","C0238669"
"6845","2","5","7","60","14","184","341","544","669","C0238669"
"79827","2","5","7","53","51","119","395","549","674","C0238669"
"345","2","5","7","53","51","342","454","573","492","C0238669"
"207","2","3","7","53","14","20","34","489","416","C0238669"
"538","2","3","8","63","45","23","103","464","187","C0238801"
"3798","2","3","7","76","153","40","38","54","75","C0238801"
"8036","2","5","7","60","54","296","399","359","658","C0238801"
"6908","2","3","12","19","31","1","116","159","211","C0239043"
"6329","2","5","8","63","36","166","341","390","158","C0239043"
"2516","2","3","3","19","151","276","91","433","118","C0239043"
"2626","2","3","12","19","31","118","155","287","116","C0239067"
"1588","2","3","5","79","159","256","350","27","44","C0239067"
"9742","2","3","12","76","153","40","38","54","75","C0239067"
"5251","2","3","5","80","81","296","474","593","722","C0239067"
"1723","2","3","2","48","170","50","119","444","556","C0239067"
"4514","2","3","2","48","57","110","141","359","5","C0239067"
"3664","2","5","7","53","184","119","156","287","116","C0239067"
"2108","2","3","2","48","170","50","119","444","556","C0239067"
"10491","2","5","7","53","51","342","454","573","492","C0239067"
"4780","2","3","12","19","31","276","91","433","118","C0239067"
"9060","2","3","2","68","18","63","69","102","143","C0239067"
"811","2","3","2","41","116","342","423","536","342","C0239067"
"658","2","5","7","53","51","342","259","423","389","C0239105"
"9060","2","3","2","68","18","63","69","102","143","C0239105"
"7124","2","3","12","41","219","339","156","568","697","C0239105"
"9968","2","4","3","24","119","330","214","454","144","C0239105"
"23316","2","3","12","60","31","268","91","148","215","C0239105"
"9869","2","3","12","19","31","1","426","55","78","C0239105"
"6135","2","3","2","110","85","237","433","547","671","C0239105"
"2651","2","3","2","78","184","202","124","337","434","C0239105"
"3717","2","5","7","53","14","20","25","40","186","C0239105"
"5826","2","3","7","48","161","105","139","186","245","C0239105"
"284","2","5","7","53","14","20","25","40","186","C0239105"
"773","2","5","8","27","36","166","341","223","628","C0239105"
"3440","2","3","12","19","184","118","155","287","116","C0239105"
"1301","2","5","7","53","51","342","454","573","492","C0239105"
"846","2","5","4","68","96","326","427","548","672","C0239137"
"2627","2","3","12","19","31","118","155","287","116","C0239137"
"55636","2","3","3","19","221","321","428","423","389","C0239137"
"5116","2","3","12","76","153","40","38","54","75","C0239137"
"2187","2","3","12","19","31","261","116","1","86","C0239137"
"7403","2","3","12","19","31","1","426","55","78","C0239137"
"23495","2","3","12","41","219","339","156","568","697","C0239137"
"1282","2","5","7","53","51","342","454","573","492","C0239137"
"207","2","3","7","53","14","20","34","489","416","C0239137"
"25836","2","3","12","76","153","40","38","54","75","C0239137"
"64581","2","5","7","53","51","119","395","549","674","C0239137"
"85480","2","3","12","53","14","20","25","40","186","C0239137"
"3035","2","3","2","110","85","237","433","547","154","C0239137"
"4437","2","3","12","19","31","261","116","1","86","C0239137"
"4692","2","5","7","53","51","119","402","489","416","C0239137"
"5770","2","5","7","53","14","20","25","40","186","C0239137"
"9241","2","5","7","53","51","342","259","423","389","C0239137"
"4318","2","5","7","34","52","216","395","573","492","C0239137"
"7476","2","5","3","68","221","197","259","560","422","C0239137"
"8622","2","3","4","68","96","326","427","548","672","C0239137"
"7080","2","3","3","19","221","321","428","541","667","C0239137"
"116844","2","5","7","34","52","216","395","549","674","C0239137"
"50506","2","3","2","36","48","89","110","400","341","C0239138"
"6938","2","3","12","19","31","1","426","55","78","C0239138"
"6774","2","3","12","53","14","276","25","489","416","C0239138"
"2697","2","3","7","76","153","40","38","54","75","C0239138"
"3458","2","5","7","53","184","119","156","287","116","C0239138"
"3949","2","5","7","60","14","184","341","544","669","C0239138"
"29089","2","3","12","41","116","268","434","468","213","C0239138"
"27113","2","3","12","41","219","339","402","489","551","C0239138"
"1268","2","5","4","68","96","326","427","548","672","C0239138"
"23495","2","3","12","41","219","339","156","568","697","C0239138"
"8797","2","5","7","41","219","339","156","568","697","C0239138"
"207","2","3","7","53","14","20","34","489","416","C0239138"
"7468","2","3","12","19","31","1","426","55","78","C0239138"
"207","2","3","7","53","14","20","34","489","416","C0239138"
"2919","2","5","7","34","52","216","427","548","672","C0239138"
"6870","2","5","4","68","96","326","427","548","672","C0239138"
"2033","2","3","12","19","31","1","91","433","118","C0239138"
"6247","2","5","7","53","51","342","454","573","492","C0239138"
"6439","2","5","5","68","96","185","238","310","272","C0239138"
"604","2","3","12","19","151","276","91","489","416","C0239138"
"28952","2","3","12","41","116","268","434","468","213","C0239138"
"7225","2","5","8","63","45","193","306","390","158","C0239138"
"1300","2","5","7","53","51","342","454","573","492","C0239138"
"55131","2","3","2","110","85","237","433","547","671","C0239138"
"10021","2","5","8","63","36","166","106","110","158","C0239181"
"2272","2","3","12","19","170","266","367","500","577","C0239181"
"1299","2","5","7","53","51","342","454","573","492","C0239181"
"9719","2","5","7","53","51","342","454","573","492","C0239181"
"686","2","3","5","80","81","166","166","127","173","C0239181"
"9409","2","3","5","43","161","305","409","208","482","C0239340"
"7273","2","5","7","53","51","342","103","464","702","C0239340"
"7048","2","5","7","53","51","342","259","423","389","C0239340"
"54949","2","3","2","48","170","50","119","444","556","C0239399"
"54101","2","3","2","48","170","50","347","167","593","C0239399"
"19","2","3","3","19","151","276","91","433","118","C0239399"
"51119","2","3","2","110","85","237","433","547","671","C0239399"
"699","2","3","12","76","153","40","38","54","75","C0239399"
"4148","2","5","7","53","51","342","454","573","492","C0239399"
"7048","2","5","7","53","51","342","259","423","389","C0239399"
"633","2","5","7","53","51","342","454","573","492","C0239488"
"2314","2","3","12","63","45","184","103","572","658","C0239488"
"1174","2","5","7","60","153","184","341","544","669","C0239488"
"1586","2","3","5","79","98","256","335","425","540","C0239488"
"7461","2","3","7","60","153","40","38","93","75","C0239548"
"5450","2","3","12","19","221","261","116","159","211","C0239548"
"4210","2","3","12","41","219","339","156","568","697","C0239548"
"1106","2","3","12","19","31","1","426","55","78","C0239548"
"1294","2","5","7","53","51","342","454","573","492","C0239548"
"9786","2","3","12","76","153","40","38","54","75","C0239548"
"207","2","3","7","53","14","20","34","489","416","C0239548"
"10019","2","5","7","53","14","20","25","40","116","C0239548"
"6916","2","3","5","91","175","119","167","224","301","C0239548"
"4763","2","5","7","60","54","24","30","46","214","C0239594"
"8216","2","3","12","41","119","330","214","454","144","C0239594"
"1513","2","5","7","53","51","342","454","573","492","C0239594"
"429","2","3","3","19","221","321","428","541","667","C0239594"
"3912","2","5","7","53","51","342","454","573","492","C0239594"
"9420","2","3","5","79","159","256","215","282","366","C0239594"
"23218","2","5","7","34","52","216","395","549","674","C0239594"
"2799","2","3","7","34","52","216","395","549","33","C0239594"
"9533","2","3","2","19","31","1","426","55","78","C0239594"
"538","2","3","8","63","45","23","103","464","187","C0239594"
"2588","2","3","7","34","52","216","395","549","674","C0239594"
"2166","2","3","2","11","142","152","142","570","298","C0239594"
"1297","2","5","7","53","51","342","454","573","492","C0239594"
"538","2","3","8","63","45","23","103","464","187","C0239594"
"55755","2","3","12","76","153","40","38","54","75","C0239594"
"55704","2","3","12","76","153","40","38","54","75","C0239594"
"51259","2","3","2","76","153","40","38","54","75","C0239594"
"114902","2","5","7","41","219","339","156","568","697","C0239761"
"10046","2","3","12","19","31","143","428","236","667","C0239761"
"9321","2","3","12","76","153","40","38","54","203","C0239801"
"462","2","5","7","53","51","342","454","573","492","C0239801"
"4155","2","5","7","27","36","150","341","223","628","C0239801"
"29968","2","3","8","67","94","199","182","509","666","C0239801"
"1543","2","3","5","91","151","276","91","433","118","C0239801"
"1145","2","5","8","27","70","99","162","216","290","C0239801"
"9968","2","4","3","24","119","330","214","454","144","C0239801"
"11277","2","3","12","19","31","261","116","1","86","C0239803"
"4477","2","5","6","11","119","50","142","220","452","C0239803"
"5979","2","5","7","53","14","20","25","40","186","C0239803"
"4247","2","3","2","68","67","320","98","180","279","C0239803"
"207","2","3","7","53","14","20","34","489","416","C0239803"
"23479","2","3","2","48","170","50","119","100","556","C0239803"
"1410","2","3","12","63","45","23","38","54","187","C0239804"
"3383","2","5","7","53","51","119","454","287","116","C0239804"
"170680","2","1","6","11","142","225","142","220","298","C0239804"
"356","2","5","7","53","219","339","25","489","697","C0239804"
"1308","2","5","7","53","51","119","454","573","492","C0239804"
"6223","2","3","2","110","85","237","433","547","671","C0239804"
"10002","2","3","3","19","151","276","91","433","118","C0239804"
"5290","2","3","7","53","14","20","25","40","186","C0239815"
"7157","2","3","12","19","31","261","402","489","551","C0239815"
"3674","2","5","7","53","51","342","454","573","492","C0239815"
"114609","2","3","12","41","219","339","156","568","697","C0239815"
"3265","2","5","7","60","54","24","30","46","72","C0239815"
"3070","2","3","12","76","31","1","426","55","78","C0239815"
"26119","2","5","7","60","14","184","341","544","669","C0239830"
"4089","2","3","12","19","219","339","259","423","605","C0239830"
"7252","2","5","4","68","96","326","427","548","672","C0239842"
"176","2","5","7","53","51","342","454","573","492","C0239842"
"3909","2","5","7","53","51","342","454","573","492","C0239842"
"29899","2","5","4","68","96","326","427","548","672","C0239842"
"2629","2","3","5","80","81","250","291","152","420","C0239882"
"201294","2","5","7","34","52","216","395","549","674","C0239882"
"8139","2","3","12","41","116","268","434","468","213","C0239882"
"1643","2","3","12","41","116","268","434","468","213","C0239882"
"3690","2","5","7","53","51","342","454","573","492","C0239882"
"1147","2","3","12","41","219","339","156","568","697","C0239935"
"54941","2","3","12","41","116","268","434","468","213","C0239935"
"540","2","5","8","63","45","23","103","464","187","C0239935"
"6662","2","3","3","19","221","321","428","541","667","C0239935"
"8289","2","3","12","19","31","1","426","55","78","C0239935"
"3052","2","3","2","48","170","50","119","444","556","C0239937"
"1311","2","5","7","53","51","342","454","573","492","C0239937"
"6774","2","3","12","53","14","276","25","489","416","C0239937"
"4361","2","3","12","19","31","261","116","1","86","C0239937"
"2737","2","3","12","19","116","321","428","54","667","C0239937"
"383","2","3","7","34","52","216","395","549","674","C0239937"
"51062","2","5","7","27","36","150","402","489","373","C0239937"
"7040","2","5","7","53","51","342","454","573","492","C0239937"
"5824","2","3","5","47","144","185","238","310","392","C0239937"
"5506","2","3","12","76","137","76","136","82","658","C0239941"
"23126","2","3","12","19","31","276","426","55","78","C0239941"
"2273","2","5","8","63","45","23","103","464","187","C0239941"
"5295","2","5","7","53","14","20","25","40","186","C0239941"
"242","2","3","5","11","142","223","142","220","298","C0239941"
"595","2","3","12","19","31","1","426","489","416","C0239941"
"590","2","3","5","85","143","286","51","488","604","C0239941"
"6469","2","5","3","53","221","197","259","560","422","C0239946"
"9997","2","3","2","48","170","50","119","444","556","C0239946"
"2488","2","5","4","68","96","326","427","548","672","C0239946"
"5447","2","3","5","91","214","271","372","471","586","C0239946"
"55135","2","3","12","76","137","76","136","472","435","C0239946"
"25782","2","5","7","60","54","24","30","46","72","C0239946"
"7287","2","5","7","11","142","71","341","560","219","C0239946"
"6718","2","3","2","46","136","227","168","225","490","C0239946"
"3265","2","5","7","60","54","24","30","46","72","C0239946"
"7200","2","5","4","68","96","326","427","548","672","C0239946"
"51259","2","3","2","76","153","40","38","54","75","C0239946"
"54","2","3","5","80","81","178","195","256","342","C0239946"
"6095","2","3","3","19","151","276","91","433","118","C0239946"
"1301","2","5","7","53","51","342","454","573","492","C0239946"
"4791","2","3","12","41","219","339","156","568","697","C0239946"
"10806","2","3","12","76","153","40","38","54","75","C0239946"
"5573","2","3","12","19","184","118","155","287","116","C0239946"
"9469","2","3","2","103","189","303","29","475","467","C0239946"
"154","2","5","4","68","96","326","427","548","669","C0239946"
"2629","2","3","5","80","81","250","291","152","420","C0239946"
"7015","2","3","12","19","31","1","426","55","78","C0239946"
"51816","2","5","7","34","52","216","395","549","674","C0239946"
"3617","2","5","7","86","221","321","454","311","518","C0239946"
"6443","2","5","8","63","45","23","103","464","187","C0239946"
"2263","2","5","7","53","14","20","25","40","186","C0239946"
"5144","2","3","4","68","96","326","427","548","672","C0239946"
"4089","2","3","12","19","219","339","259","423","605","C0239946"
"54806","2","5","7","76","153","40","38","54","75","C0239946"
"19","2","3","3","19","151","276","91","433","118","C0239946"
"16","2","3","2","110","85","237","433","547","154","C0239946"
"3717","2","5","7","53","14","20","25","40","186","C0239946"
"2218","2","5","2","53","123","194","255","560","373","C0239946"
"23545","2","3","5","29","88","132","85","222","346","C0239981"
"6908","2","3","12","19","31","1","116","159","211","C0239981"
"7124","2","3","12","41","219","339","156","568","697","C0239981"
"7473","2","5","3","68","221","197","259","560","422","C0239981"
"199","2","5","7","34","52","216","395","549","674","C0239981"
"7042","2","5","7","53","51","342","454","573","492","C0239981"
"5824","2","3","5","47","144","185","238","310","392","C0239981"
"5444","2","3","5","80","147","236","328","411","229","C0239981"
"1588","2","3","5","79","159","256","350","27","44","C0239981"
"3912","2","5","7","53","51","342","454","573","492","C0239981"
"8289","2","3","12","19","31","1","426","55","78","C0239981"
"4353","2","3","7","34","52","216","395","549","674","C0239981"
"4644","2","5","7","60","54","184","141","359","411","C0239981"
"2101","2","3","3","19","151","276","91","433","118","C0239981"
"1493","2","5","7","53","51","119","25","40","186","C0239981"
"1277","2","5","7","53","51","342","454","573","492","C0239981"
"10982","2","3","12","76","153","40","38","54","75","C0239981"
"2006","2","5","7","53","51","342","454","573","492","C0239981"
"4654","2","3","12","19","31","276","91","433","118","C0239981"
"50937","2","5","7","53","51","335","444","560","373","C0239981"
"1824","2","1","6","11","142","225","142","220","298","C0239981"
"6591","2","3","12","19","31","1","426","55","78","C0239981"
"25913","2","3","12","19","31","261","116","1","78","C0239981"
"7015","2","3","12","19","31","1","426","55","78","C0239981"
"476","2","3","8","63","45","23","103","464","187","C0239984"
"7170","2","5","8","63","45","23","103","464","187","C0239984"
"6870","2","5","4","68","96","326","427","548","672","C0239984"
"5173","2","5","4","68","96","326","427","548","672","C0239984"
"3675","2","5","7","53","51","342","454","573","492","C0239984"
"57480","2","5","7","60","54","24","30","46","72","C0239989"
"4988","2","5","4","68","96","326","427","548","672","C0239989"
"3516","2","3","12","19","31","143","428","236","667","C0239989"
"2057","2","5","7","53","14","20","25","40","186","C0239989"
"8292","2","5","5","27","51","342","454","573","492","C0239989"
"7097","2","5","7","34","52","216","395","549","674","C0239989"
"259197","2","5","7","53","51","119","395","549","674","C0239989"
"4990","2","3","3","19","221","321","428","541","667","C0239989"
"387","2","5","7","60","54","24","30","46","72","C0239989"
"51574","2","3","2","22","33","323","66","101","136","C0239989"
"1280","2","5","7","53","51","342","454","573","492","C0239989"
"2192","2","5","7","53","51","342","454","573","492","C0240083"
"9968","2","4","3","24","119","330","214","454","144","C0240083"
"4282","2","5","7","34","52","216","395","549","674","C0240083"
"6926","2","5","7","53","51","335","259","560","373","C0240083"
"7046","2","3","12","41","219","339","259","423","605","C0240083"
"2261","2","5","7","53","14","20","25","40","186","C0240182"
"10370","2","3","12","19","31","276","91","433","118","C0240182"
"3240","2","5","7","34","52","216","395","549","674","C0240182"
"2588","2","3","7","34","52","216","395","549","674","C0240182"
"5660","2","5","7","34","52","326","427","548","702","C0240182"
"7409","2","5","7","60","54","24","30","46","72","C0240182"
"51702","2","3","12","19","31","1","426","55","78","C0240231"
"5321","2","3","5","116","183","295","398","243","327","C0240231"
"4854","2","5","7","53","51","143","428","236","667","C0240278"
"8200","2","5","7","53","51","342","259","423","389","C0240278"
"3558","2","5","7","53","14","20","25","40","186","C0240278"
"2006","2","5","7","53","51","342","454","573","492","C0240278"
"6833","2","5","8","45","36","166","240","415","666","C0240278"
"999","2","5","7","53","51","342","444","560","373","C0240278"
"9255","2","3","2","110","85","237","433","547","154","C0240278"
"673","2","5","7","53","14","20","34","540","68","C0240278"
"2314","2","3","12","63","45","184","103","572","658","C0240278"
"29123","2","3","12","19","151","276","91","433","118","C0240278"
"779","2","5","8","63","36","166","341","390","158","C0240278"
"50485","2","3","12","19","31","261","116","1","86","C0240278"
"7369","2","5","7","53","51","119","395","549","674","C0240278"
"238","2","5","7","53","14","20","25","40","186","C0240278"
"1969","2","5","7","53","14","20","25","560","186","C0240278"
"2658","2","5","7","53","51","342","259","423","389","C0240278"
"9968","2","4","3","24","119","330","214","454","144","C0240278"
"7067","2","3","3","19","151","276","91","433","118","C0240278"
"7124","2","3","12","41","219","339","156","568","697","C0240278"
"3767","2","5","8","63","36","166","106","110","158","C0240278"
"1493","2","5","7","53","51","119","25","40","186","C0240278"
"2194","2","3","2","41","219","64","347","2","561","C0240412"
"3753","2","5","8","63","36","166","341","223","158","C0240412"
"5290","2","3","7","53","14","20","25","40","186","C0240414"
"10019","2","5","7","53","14","20","25","40","116","C0240414"
"3736","2","5","8","63","36","166","106","110","158","C0240414"
"3984","2","5","7","53","14","20","34","540","68","C0240414"
"25836","2","3","12","76","153","40","38","54","75","C0240414"
"6997","2","5","3","53","221","321","259","423","389","C0240421"
"355","2","3","7","41","219","339","156","568","697","C0240421"
"4926","2","3","12","76","153","40","38","54","75","C0240421"
"1421","2","3","6","63","45","160","362","177","673","C0240421"
"4512","2","3","2","48","170","110","141","359","8","C0240421"
"10611","2","5","7","60","36","71","177","223","219","C0240421"
"7100","2","5","7","53","219","119","156","568","697","C0240421"
"3569","2","5","7","53","51","342","454","573","416","C0240421"
"135","2","5","4","68","96","326","427","548","672","C0240421"
"3908","2","5","7","53","51","342","454","573","492","C0240421"
"3643","2","5","7","53","14","20","25","40","186","C0240421"
"1277","2","5","7","53","51","342","454","573","492","C0240421"
"3930","2","3","2","22","33","323","66","3","464","C0240421"
"6812","2","5","7","27","36","150","341","223","628","C0240421"
"4758","2","3","7","34","52","216","395","549","517","C0240421"
"9990","2","5","8","45","94","199","240","415","666","C0240421"
"6557","2","5","8","45","94","199","240","415","666","C0240421"
"11280","2","5","8","63","36","166","341","390","158","C0240421"
"10585","2","5","2","27","206","324","430","215","290","C0240421"
"6335","2","5","8","63","36","166","341","390","158","C0240421"
"5915","2","3","3","19","151","276","91","433","118","C0240421"
"8398","2","3","5","116","183","40","38","352","455","C0240421"
"22931","2","5","7","34","54","24","30","46","72","C0240479"
"990","2","3","12","76","31","261","116","1","86","C0240479"
"10516","2","5","7","53","51","342","454","573","492","C0240479"
"5617","2","5","12","19","31","1","426","55","78","C0240479"
"4351","2","3","2","90","167","266","367","500","577","C0240479"
"6891","2","3","12","41","116","119","156","568","116","C0240479"
"153","2","5","4","68","96","326","427","548","672","C0240479"
"2253","2","5","7","53","14","20","25","40","186","C0240479"
"2706","2","3","12","76","153","40","38","54","75","C0240479"
"1134","2","5","8","27","70","99","162","216","290","C0240479"
"2332","2","3","2","22","33","71","373","466","609","C0240479"
"2896","2","5","7","34","52","216","395","549","674","C0240479"
"8220","2","3","2","22","33","323","66","101","136","C0240479"
"3954","2","3","2","48","170","67","119","444","593","C0240479"
"356","2","5","7","53","219","339","25","489","697","C0240479"
"60681","2","3","12","48","124","75","136","271","212","C0240479"
"658","2","5","7","53","51","342","259","423","389","C0240479"
"54551","2","3","12","41","219","197","156","568","422","C0240547"
"1890","2","3","5","80","81","296","62","94","150","C0240547"
"35","2","3","2","67","148","70","456","575","704","C0240547"
"9210","2","5","7","53","51","342","454","573","492","C0240547"
"2944","2","3","5","91","175","271","372","471","586","C0240671"
"1583","2","3","5","79","152","273","375","100","589","C0240671"
"2332","2","3","2","22","33","71","373","466","609","C0240671"
"585","2","3","12","76","153","40","38","54","75","C0240671"
"4552","2","3","7","48","81","105","139","186","245","C0240671"
"4041","2","5","3","68","221","197","259","560","422","C0240671"
"5190","2","3","5","43","161","305","409","208","482","C0240671"
"8260","2","3","12","41","85","266","76","287","78","C0240671"
"4540","2","3","2","48","170","50","119","444","556","C0240671"
"6573","2","3","5","80","81","166","369","117","583","C0240671"
"767","2","3","5","35","41","87","93","149","196","C0240671"
"9049","2","3","3","41","151","276","378","271","356","C0240679"
"51259","2","3","2","76","153","40","38","54","75","C0240679"
"55599","2","3","2","22","33","323","66","101","136","C0240679"
"2033","2","3","12","19","31","1","91","433","118","C0240701"
"5932","2","3","12","19","31","261","116","1","86","C0240701"
"2332","2","3","2","22","33","71","373","466","609","C0240701"
"9049","2","3","3","41","151","276","378","271","356","C0240701"
"2064","2","5","7","53","14","20","25","40","186","C0240701"
"27316","2","3","2","22","33","323","66","101","136","C0240735"
"9247","2","5","7","53","221","197","259","423","389","C0240735"
"4868","2","5","7","53","51","335","25","560","373","C0240735"
"51750","2","3","12","19","31","261","116","1","86","C0240735"
"2737","2","3","12","19","116","321","428","54","667","C0240735"
"4534","2","3","5","80","81","296","399","362","468","C0240735"
"7169","2","5","8","63","45","23","103","464","187","C0240735"
"171023","2","3","12","41","116","268","426","55","78","C0240735"
"26503","2","3","2","89","124","204","272","347","442","C0240735"
"3875","2","1","6","11","142","225","142","220","298","C0240735"
"2859","2","2","1","9","15","21","28","42","62","C0240735"
"7415","2","3","7","34","52","216","395","536","445","C0240735"
"7439","2","5","8","63","45","23","34","464","187","C0240735"
"6311","2","3","2","22","33","323","66","362","468","C0240735"
"2879","2","3","5","80","81","166","378","173","229","C0240735"
"351","2","5","4","68","96","326","188","145","193","C0240735"
"5994","2","3","12","19","31","276","91","491","118","C0240735"
"2778","2","5","4","68","96","326","427","548","672","C0240735"
"673","2","5","7","53","14","20","34","540","68","C0240735"
"4853","2","3","12","19","124","143","428","236","667","C0240735"
"816","2","5","7","53","14","20","34","540","68","C0240735"
"5913","2","5","7","27","36","71","341","223","219","C0240735"
"950","2","5","7","60","14","184","341","544","669","C0240735"
"2733","2","3","2","22","33","323","66","101","664","C0240783"
"2074","2","3","12","19","31","1","426","55","78","C0240783"
"646960","2","3","2","48","184","50","119","444","116","C0240783"
"5654","2","5","7","53","51","342","454","573","492","C0240783"
"26504","2","3","5","42","81","296","399","201","274","C0240783"
"4089","2","3","12","19","219","339","259","423","605","C0240783"
"11284","2","3","12","19","31","261","116","1","86","C0240783"
"9927","2","3","12","19","31","118","155","287","116","C0240783"
"4318","2","5","7","34","52","216","395","573","492","C0240783"
"641","2","3","12","19","31","261","116","1","86","C0240896"
"1071","2","5","7","53","51","342","454","573","492","C0240896"
"10516","2","5","7","53","51","342","454","573","492","C0240896"
"6197","2","3","12","19","14","20","34","540","68","C0240896"
"1289","2","5","7","53","51","342","454","573","492","C0240896"
"1778","2","3","7","76","153","40","38","54","75","C0240896"
"4598","2","3","2","19","151","276","198","259","427","C0240896"
"2629","2","3","5","80","81","250","291","152","420","C0240896"
"9031","2","3","12","19","31","1","426","55","78","C0240896"
"10806","2","3","12","76","153","40","38","54","75","C0240896"
"1528","2","3","5","91","214","271","372","471","586","C0240896"
"3026","2","5","7","68","51","119","395","549","674","C0240896"
"1280","2","5","7","53","51","342","454","573","492","C0240896"
"2260","2","5","7","53","14","20","25","40","186","C0240896"
"5617","2","5","12","19","31","1","426","55","78","C0240896"
"8022","2","3","3","110","85","321","428","541","667","C0240896"
"4843","2","3","5","43","161","305","409","489","416","C0240896"
"9927","2","3","12","19","31","118","155","287","116","C0240896"
"30008","2","5","7","53","51","342","454","573","492","C0240897"
"26160","2","3","12","76","153","40","38","54","75","C0240897"
"8820","2","3","3","19","221","321","428","541","667","C0240897"
"2071","2","3","12","19","31","261","116","159","211","C0240897"
"2006","2","5","7","53","51","342","454","573","492","C0240897"
"3240","2","5","7","34","52","216","395","549","674","C0240897"
"2108","2","3","2","48","170","50","119","444","556","C0240897"
"6648","2","3","2","95","151","160","378","173","229","C0240897"
"3815","2","5","7","53","14","20","25","40","186","C0240897"
"11284","2","3","12","19","31","261","116","1","86","C0240897"
"9129","2","3","2","22","33","323","66","101","136","C0240897"
"1908","2","5","4","68","96","326","427","548","672","C0240912"
"10165","2","3","2","48","170","50","304","167","593","C0240912"
"207","2","3","7","53","14","20","34","489","416","C0240912"
"6499","2","3","2","110","85","237","433","547","671","C0240912"
"3575","2","5","7","53","51","184","341","544","669","C0240912"
"50937","2","5","7","53","51","335","444","560","373","C0240912"
"1981","2","3","2","110","85","237","433","547","671","C0240912"
"6774","2","3","12","53","14","276","25","489","416","C0240912"
"2730","2","3","2","83","171","97","381","478","597","C0240912"
"1277","2","5","7","53","51","342","454","573","492","C0240912"
"4703","2","5","7","60","45","23","103","464","187","C0240912"
"11277","2","3","12","19","31","261","116","1","86","C0240912"
"2100","2","3","3","19","151","276","91","433","118","C0240912"
"4688","2","5","7","60","14","20","25","40","215","C0240912"
"5663","2","5","7","34","52","216","395","549","667","C0240912"
"23594","2","3","12","76","153","261","116","1","86","C0240912"
"554","2","5","4","68","96","326","427","548","672","C0240912"
"7291","2","3","12","19","151","276","91","489","416","C0240912"
"7274","2","3","5","43","161","99","162","216","290","C0240912"
"22891","2","3","12","76","153","40","341","54","75","C0240912"
"55612","2","5","7","60","36","71","177","560","701","C0240912"
"3655","2","5","7","53","51","342","454","573","492","C0240912"
"54620","2","3","12","41","116","268","434","468","213","C0240912"
"4792","2","3","12","41","219","339","156","568","605","C0240912"
"2121","2","3","12","41","116","268","434","568","605","C0240912"
"5328","2","5","7","34","52","216","395","549","674","C0240914"
"80224","2","3","2","48","170","50","119","444","556","C0240914"
"7466","2","5","7","53","51","342","454","573","492","C0240914"
"3784","2","5","8","63","36","166","106","110","158","C0240914"
"51085","2","3","2","48","57","110","141","359","462","C0240953"
"4261","2","3","12","53","184","119","156","287","116","C0240953"
"9241","2","5","7","53","51","342","259","423","389","C0240953"
"7547","2","3","3","19","221","321","428","541","667","C0240953"
"2908","2","3","12","19","151","276","91","433","118","C0240953"
"2778","2","5","4","68","96","326","427","548","672","C0240953"
"5573","2","3","12","19","184","118","155","287","116","C0240953"
"1280","2","5","7","53","51","342","454","573","492","C0240953"
"8878","2","3","12","41","219","339","156","568","697","C0240953"
"6340","2","5","8","63","45","23","34","464","187","C0240953"
"1545","2","3","5","91","175","271","372","443","558","C0240953"
"259","2","5","7","53","51","119","395","549","674","C0240953"
"7461","2","3","7","60","153","40","38","93","75","C0240953"
"1917","2","3","12","41","219","339","347","572","658","C0240953"
"5518","2","3","12","76","153","40","38","54","435","C0240953"
"5979","2","5","7","53","14","20","25","40","186","C0240953"
"3359","2","5","8","27","70","99","162","216","290","C0240953"
"100","2","3","5","33","21","47","56","80","199","C0240953"
"6335","2","5","8","63","36","166","341","390","158","C0240953"
"7466","2","5","7","53","51","342","454","573","492","C0240953"
"175","2","3","7","34","52","216","395","549","674","C0240953"
"2022","2","5","7","53","51","342","259","423","389","C0240953"
"2316","2","5","7","53","51","342","454","573","702","C0240953"
"5932","2","3","12","19","31","261","116","1","86","C0240991"
"1235","2","5","4","68","96","326","427","548","672","C0240991"
"760","2","3","5","35","41","77","40","78","178","C0240991"
"9968","2","4","3","24","119","330","214","454","144","C0240991"
"5521","2","3","12","76","137","76","136","472","435","C0240991"
"23554","2","5","3","68","221","197","259","518","492","C0240997"
"4540","2","3","2","48","170","50","119","444","556","C0240997"
"8856","2","3","3","19","151","276","91","433","118","C0240997"
"2132","2","3","2","74","58","112","148","193","263","C0240997"
"176","2","5","7","53","51","342","454","573","492","C0241011"
"1184","2","5","8","63","45","23","34","464","187","C0241011"
"29072","2","3","12","19","31","1","426","55","78","C0241011"
"8546","2","5","7","60","18","184","341","544","669","C0241011"
"3077","2","5","7","53","51","119","395","549","674","C0241011"
"6197","2","3","12","19","14","20","34","540","68","C0241011"
"2053","2","3","5","80","81","305","409","208","482","C0241011"
"9569","2","3","12","19","31","276","91","433","118","C0241011"
"6347","2","5","7","53","51","119","427","489","416","C0241011"
"8260","2","3","12","41","85","266","76","287","78","C0241011"
"26353","2","3","12","76","45","160","347","271","356","C0241011"
"8504","2","3","5","47","144","185","238","310","392","C0241011"
"3339","2","5","7","53","51","342","454","573","492","C0241011"
"6100","2","3","2","22","33","323","66","101","136","C0241011"
"9782","2","3","2","22","33","323","66","101","136","C0241011"
"5566","2","3","12","76","14","20","34","540","75","C0241011"
"2952","2","3","5","91","175","271","372","471","586","C0241011"
"3265","2","5","7","60","54","24","30","46","72","C0241011"
"9469","2","3","2","103","189","303","29","475","467","C0241011"
"4000","2","3","12","26","105","178","226","297","156","C0241011"
"5015","2","3","3","19","221","321","428","541","667","C0241011"
"285489","2","5","7","60","36","71","341","223","219","C0241011"
"5743","2","3","5","53","175","119","167","489","416","C0241013"
"4000","2","3","12","26","105","178","226","297","156","C0241013"
"83715","2","5","12","60","14","184","103","489","117","C0241013"
"545","2","3","12","19","31","261","116","1","86","C0241013"
"26119","2","5","7","60","14","184","341","544","669","C0241013"
"3763","2","5","8","63","36","166","106","110","158","C0241013"
"3425","2","3","5","80","81","166","454","573","492","C0241013"
"652","2","5","7","53","51","342","454","573","492","C0241013"
"4487","2","3","3","19","221","321","428","541","667","C0241013"
"51317","2","3","12","19","31","1","426","55","78","C0241013"
"359","2","3","5","80","81","166","397","374","486","C0241013"
"5961","2","5","7","27","51","326","126","414","702","C0241013"
"51324","2","3","2","48","142","225","142","220","298","C0241013"
"1280","2","5","7","53","51","342","454","573","492","C0241013"
"5831","2","3","2","101","62","189","182","566","409","C0241074"
"443","2","3","5","80","81","189","182","509","409","C0241074"
"51095","2","3","12","22","33","323","66","101","664","C0241074"
"25814","2","3","2","48","170","110","119","444","462","C0241074"
"55738","2","5","7","60","153","40","38","544","669","C0241074"
"59344","2","5","5","68","184","223","155","447","586","C0241074"
"6138","2","3","2","110","85","237","433","547","671","C0241074"
"1736","2","3","2","110","85","237","433","547","671","C0241074"
"4880","2","3","4","19","96","326","427","548","672","C0241074"
"6774","2","3","12","53","14","276","25","489","416","C0241074"
"3766","2","5","8","63","36","166","106","110","158","C0241074"
"22995","2","3","12","76","153","40","38","54","75","C0241074"
"5961","2","5","7","27","51","326","126","414","702","C0241074"
"29851","2","5","7","53","14","20","25","40","186","C0241074"
"26275","2","3","2","67","92","67","76","155","153","C0241074"
"19","2","3","3","19","151","276","91","433","118","C0241074"
"1297","2","5","7","53","51","342","454","573","492","C0241074"
"9820","2","3","12","41","116","268","434","468","213","C0241074"
"6804","2","5","7","60","36","71","341","223","219","C0241074"
"25","2","3","12","19","14","20","25","287","116","C0241074"
"10020","2","3","2","89","124","204","42","452","258","C0241074"
"1380","2","5","7","53","51","119","395","549","674","C0241074"
"56623","2","3","5","80","81","296","118","543","214","C0241074"
"348","2","5","7","53","51","342","454","573","492","C0241074"
"9896","2","3","5","80","81","296","399","201","274","C0241074"
"6929","2","3","12","19","31","1","426","55","78","C0241074"
"6569","2","3","8","45","94","199","240","415","666","C0241074"
"8022","2","3","3","110","85","321","428","541","667","C0241074"
"3845","2","5","7","60","54","24","30","46","72","C0241074"
"10758","2","3","12","41","219","339","156","568","697","C0241074"
"1312","2","3","2","87","79","105","426","129","25","C0241074"
"2774","2","2","1","9","15","21","28","42","62","C0241074"
"3425","2","3","5","80","81","166","454","573","492","C0241128"
"23522","2","3","12","19","31","1","426","55","78","C0241128"
"4337","2","3","2","80","91","75","204","267","352","C0241128"
"60","2","3","12","60","45","184","155","287","78","C0241128"
"5896","2","3","12","41","116","268","434","568","605","C0241128"
"1910","2","5","4","68","96","326","427","548","672","C0241128"
"4340","2","5","7","53","51","119","341","223","628","C0241148"
"6310","2","3","12","22","142","225","366","362","468","C0241148"
"1371","2","3","5","17","24","261","116","164","6","C0241148"
"25886","2","3","12","76","153","76","136","472","435","C0241148"
"196","2","3","3","19","151","276","91","433","118","C0241148"
"1813","2","5","4","68","96","326","427","548","672","C0241157"
"7252","2","5","4","68","96","326","427","548","672","C0241157"
"79797","2","3","2","11","142","225","214","220","144","C0241157"
"182","2","5","7","53","51","143","428","236","667","C0241157"
"581","2","3","12","41","219","339","402","489","551","C0241157"
"23414","2","3","12","19","31","118","155","287","116","C0241157"
"6595","2","3","12","19","31","1","426","55","78","C0241157"
"9487","2","3","5","80","81","142","176","235","317","C0241157"
"2057","2","5","7","53","14","20","25","40","186","C0241157"
"2006","2","5","7","53","51","342","454","573","492","C0241157"
"4000","2","3","12","26","105","178","226","297","156","C0241178"
"4210","2","3","12","41","219","339","156","568","697","C0241178"
"6281","2","5","7","34","52","216","395","572","327","C0241178"
"79583","2","5","8","27","70","99","38","54","75","C0241178"
"4000","2","3","12","26","105","178","226","297","156","C0241178"
"53834","2","5","7","53","51","342","454","573","492","C0241178"
"7415","2","3","7","34","52","216","395","536","445","C0241178"
"3561","2","5","7","53","14","20","25","40","186","C0241178"
"1145","2","5","8","27","70","99","162","216","290","C0241178"
"5621","2","5","8","27","36","342","454","573","628","C0241178"
"54880","2","3","12","19","31","1","426","55","78","C0241178"
"54757","2","5","7","53","51","342","454","573","492","C0241178"
"2146","2","3","12","19","31","1","426","55","78","C0241178"
"2260","2","5","7","53","14","20","25","40","186","C0241178"
"27031","2","3","6","11","142","225","38","331","506","C0241178"
"1586","2","3","5","79","98","256","335","425","540","C0241178"
"4514","2","3","2","48","57","110","141","359","5","C0241178"
"2592","2","3","2","68","117","196","257","326","419","C0241181"
"3425","2","3","5","80","81","166","454","573","492","C0241181"
"54499","2","3","2","48","170","50","119","444","593","C0241181"
"6575","2","3","8","45","94","199","240","415","666","C0241181"
"1261","2","5","8","63","36","166","106","110","158","C0241181"
"4137","2","3","7","27","36","150","341","223","628","C0241181"
"7099","2","5","7","41","219","339","156","568","697","C0241181"
"5296","2","5","7","53","14","20","25","40","186","C0241181"
"4893","2","5","7","34","52","24","30","46","72","C0241181"
"2108","2","3","2","48","170","50","119","444","556","C0241181"
"6514","2","5","7","90","216","337","448","565","562","C0241181"
"2317","2","5","7","63","45","23","103","287","664","C0241181"
"133","2","5","4","68","96","326","427","548","672","C0241181"
"1285","2","5","7","53","51","342","454","573","492","C0241181"
"8260","2","3","12","41","85","266","76","287","78","C0241181"
"6664","2","3","3","19","221","321","428","541","667","C0241181"
"9049","2","3","3","41","151","276","378","271","356","C0241181"
"56262","2","5","2","63","182","50","103","297","628","C0241181"
"2643","2","3","5","87","91","75","204","267","352","C0241185"
"5122","2","5","4","27","36","184","141","359","411","C0241185"
"4318","2","5","7","34","52","216","395","573","492","C0241185"
"4000","2","3","12","26","105","178","226","297","156","C0241237"
"8878","2","3","12","41","219","339","156","568","697","C0241237"
"5582","2","5","7","53","14","20","34","540","68","C0241237"
"23529","2","5","7","53","51","119","25","40","416","C0241267"
"142","2","3","12","19","31","261","116","1","86","C0241267"
"2643","2","3","5","87","91","75","204","267","352","C0241267"
"3848","2","5","7","34","52","225","142","220","298","C0241358"
"55737","2","3","2","68","221","197","259","560","422","C0241358"
"5373","2","3","2","90","167","123","158","207","278","C0241358"
"5077","2","3","3","19","221","321","428","541","667","C0241358"
"8726","2","3","12","19","31","1","426","55","78","C0241395"
"421","2","5","7","42","51","335","444","560","373","C0241395"
"1027","2","3","12","19","31","1","116","1","86","C0241395"
"7067","2","3","3","19","151","276","91","433","118","C0241397"
"3561","2","5","7","53","14","20","25","40","186","C0241397"
"7040","2","5","7","53","51","342","454","573","492","C0241397"
"8518","2","3","12","19","31","1","426","55","78","C0241397"
"10479","2","5","7","27","36","150","341","223","628","C0241397"
"3229","2","3","3","19","221","321","428","541","667","C0241397"
"6638","2","3","2","22","33","323","66","101","136","C0241397"
"10763","2","3","12","76","36","150","74","73","100","C0241397"
"5605","2","5","7","53","14","20","34","540","68","C0241397"
"4693","2","5","7","53","51","342","454","573","492","C0241423"
"10559","2","3","2","89","124","204","272","347","451","C0241423"
"10166","2","3","2","84","97","167","210","278","360","C0241423"
"9968","2","4","3","24","119","330","214","454","144","C0241423"
"5788","2","5","7","34","52","216","395","549","674","C0241438"
"4893","2","5","7","34","52","24","30","46","72","C0241438"
"9215","2","5","2","27","36","150","430","215","628","C0241438"
"23384","2","3","12","63","45","184","103","572","658","C0241442"
"9640","2","3","12","19","31","261","116","159","211","C0241442"
"1026","2","3","12","19","31","1","116","489","416","C0241442"
"30817","2","5","3","68","221","197","259","560","422","C0241442"
"5745","2","5","4","68","96","326","427","548","672","C0241442"
"9152","2","5","8","45","94","199","240","415","666","C0241442"
"2896","2","5","7","34","52","216","395","549","674","C0241442"
"6495","2","3","3","19","221","321","428","541","667","C0241442"
"5308","2","3","3","19","221","321","428","541","667","C0241442"
"5105","2","3","3","67","151","276","91","433","118","C0241442"
"2956","2","3","12","19","31","261","116","1","86","C0241442"
"8517","2","3","12","41","219","339","156","568","697","C0241521"
"7490","2","3","3","19","221","321","428","541","667","C0241521"
"5837","2","3","5","80","81","23","103","464","658","C0241521"
"3123","2","5","7","53","51","119","156","287","116","C0241521"
"55630","2","3","5","27","81","99","162","216","290","C0241521"
"10939","2","3","2","48","170","50","119","444","593","C0241521"
"8200","2","5","7","53","51","342","259","423","389","C0241521"
"10157","2","3","5","71","102","175","222","290","371","C0241521"
"54361","2","5","3","68","221","197","259","560","422","C0241521"
"4148","2","5","7","53","51","342","454","573","492","C0241577"
"1281","2","5","7","53","51","342","454","573","492","C0241577"
"27019","2","3","12","76","153","40","38","54","75","C0241577"
"8048","2","5","8","63","45","23","103","464","187","C0241577"
"2706","2","3","12","76","153","40","38","54","75","C0241577"
"2896","2","5","7","34","52","216","395","549","674","C0241654"
"5728","2","3","5","80","81","339","156","568","605","C0241654"
"3736","2","5","8","63","36","166","106","110","158","C0241654"
"5994","2","3","12","19","31","276","91","491","118","C0241654"
"4688","2","5","7","60","14","20","25","40","215","C0241654"
"2213","2","5","7","53","51","119","395","549","674","C0241654"
"6794","2","3","12","53","14","20","34","540","68","C0241654"
"26503","2","3","2","89","124","204","272","347","442","C0241654"
"2592","2","3","2","68","117","196","257","326","419","C0241654"
"51084","2","3","12","76","153","40","38","54","75","C0241654"
"6448","2","3","5","74","160","294","376","453","567","C0241654"
"183","2","5","4","68","96","326","427","548","672","C0241654"
"2812","2","5","7","53","51","342","454","573","492","C0241688"
"4952","2","3","5","60","54","184","30","544","669","C0241688"
"1947","2","5","7","53","51","20","25","560","373","C0241688"
"3569","2","5","7","53","51","342","454","573","416","C0241688"
"1180","2","5","8","63","45","23","34","464","187","C0241688"
"1813","2","5","4","68","96","326","427","548","672","C0241700"
"324","2","3","12","41","219","197","70","255","422","C0241700"
"5015","2","3","3","19","221","321","428","541","667","C0241700"
"23345","2","3","12","19","31","1","426","55","78","C0241700"
"11152","2","3","2","48","57","110","141","359","462","C0241700"
"919","2","5","7","53","14","119","25","40","186","C0241700"
"50943","2","3","12","19","31","1","426","129","131","C0241700"
"2936","2","3","2","48","57","110","141","359","229","C0241703"
"9871","2","3","7","60","153","40","38","54","203","C0241703"
"7428","2","3","12","41","116","268","434","468","213","C0241703"
"4709","2","3","2","48","170","50","119","444","556","C0241703"
"4214","2","3","12","41","219","339","34","540","117","C0241703"
"4286","2","3","12","19","31","261","116","1","664","C0241703"
"54880","2","3","12","19","31","1","426","55","78","C0241703"
"5873","2","5","7","34","54","24","30","46","72","C0241703"
"5443","2","5","4","68","96","326","427","548","672","C0241703"
"2353","2","3","12","19","31","1","91","489","416","C0241703"
"3145","2","3","5","80","81","166","132","175","473","C0241703"
"4436","2","3","12","19","31","261","116","1","86","C0241703"
"22926","2","3","12","19","31","276","91","433","118","C0241703"
"4352","2","5","7","53","14","20","25","40","186","C0241703"
"6662","2","3","3","19","221","321","428","541","667","C0241703"
"2263","2","5","7","53","14","20","25","40","186","C0241703"
"2688","2","5","7","53","51","119","25","40","186","C0241703"
"28982","2","3","5","25","44","165","101","274","358","C0241703"
"545","2","3","12","19","31","261","116","1","86","C0241703"
"3035","2","3","2","110","85","237","433","547","154","C0241703"
"2187","2","3","12","19","31","261","116","1","86","C0241703"
"5314","2","3","12","76","153","40","38","54","75","C0241703"
"191","2","3","5","80","81","105","426","129","690","C0241703"
"7046","2","3","12","41","219","339","259","423","605","C0241760"
"6469","2","5","3","53","221","197","259","560","422","C0241760"
"55651","2","3","2","110","85","237","433","547","671","C0241775"
"4535","2","3","2","48","170","50","119","444","556","C0241775"
"10804","2","3","12","76","153","40","38","54","75","C0241775"
"6337","2","5","8","63","45","23","34","464","187","C0241775"
"16","2","3","2","110","85","237","433","547","154","C0241775"
"176","2","5","7","53","51","342","454","573","492","C0241775"
"3481","2","5","7","53","51","342","454","573","492","C0241816"
"1200","2","3","5","80","81","178","226","297","380","C0241816"
"3717","2","5","7","53","14","20","25","40","186","C0241816"
"1837","2","5","8","63","45","23","103","464","187","C0241816"
"9896","2","3","5","80","81","296","399","201","274","C0241816"
"6821","2","3","5","114","211","332","175","556","256","C0241816"
"26012","2","3","12","19","31","261","116","159","211","C0241816"
"6885","2","3","12","41","219","339","156","568","697","C0241908"
"701","2","3","12","76","153","40","38","54","75","C0241908"
"673","2","5","7","53","14","20","34","540","68","C0241910"
"4541","2","3","2","48","170","50","119","444","24","C0241910"
"5002","2","5","8","45","94","199","240","415","666","C0241910"
"55532","2","3","7","25","44","165","101","274","358","C0241910"
"23414","2","3","12","19","31","118","155","287","116","C0241910"
"5144","2","3","4","68","96","326","427","548","672","C0241910"
"1896","2","5","12","41","219","339","156","568","697","C0241910"
"4000","2","3","12","26","105","178","226","297","156","C0241910"
"219736","2","3","2","63","171","97","129","478","597","C0241910"
"1487","2","3","12","19","31","1","426","55","340","C0241910"
"7139","2","5","8","63","45","23","103","464","187","C0241910"
"4538","2","3","2","48","170","50","119","444","556","C0241910"
"23322","2","3","12","76","153","40","38","54","75","C0241910"
"6331","2","5","8","63","36","166","341","223","158","C0241910"
"7124","2","3","12","41","219","339","156","568","697","C0241910"
"546","2","3","12","19","31","261","426","1","86","C0241910"
"10216","2","3","2","48","170","50","304","167","593","C0241910"
"4920","2","5","7","53","14","20","259","560","373","C0241961"
"8516","2","5","7","53","51","342","454","573","492","C0241961"
"3119","2","5","7","53","153","119","156","287","116","C0241961"
"3284","2","3","2","69","98","169","299","183","243","C0242184"
"5116","2","3","12","76","153","40","38","54","75","C0242184"
"3257","2","5","7","60","54","24","30","46","72","C0242184"
"9968","2","4","3","24","119","330","214","454","144","C0242184"
"6309","2","3","5","19","151","76","48","69","204","C0242184"
"4920","2","5","7","53","14","20","259","560","373","C0242184"
"1763","2","3","12","19","31","261","116","1","86","C0242184"
"958","2","5","7","53","51","119","156","568","697","C0242184"
"175","2","3","7","34","52","216","395","549","674","C0242184"
"3717","2","5","7","53","14","20","25","40","186","C0242184"
"5307","2","3","3","19","221","321","428","541","667","C0242184"
"6532","2","5","8","45","94","199","240","415","666","C0242184"
"773","2","5","8","27","36","166","341","223","628","C0242184"
"2301","2","5","6","11","142","225","142","220","673","C0242184"
"1298","2","5","7","53","51","342","454","573","492","C0242184"
"2627","2","3","12","19","31","118","155","287","116","C0242184"
"4952","2","3","5","60","54","184","30","544","669","C0242184"
"3758","2","5","8","63","36","166","106","110","158","C0242184"
"23322","2","3","12","76","153","40","38","54","75","C0242184"
"8481","2","3","12","76","153","40","38","54","75","C0242184"
"1493","2","5","7","53","51","119","25","40","186","C0242184"
"3954","2","3","2","48","170","67","119","444","593","C0242184"
"6935","2","3","3","19","221","321","428","541","667","C0242184"
"4158","2","5","4","68","96","326","427","548","672","C0242184"
"6605","2","3","12","19","31","1","426","55","78","C0242184"
"3425","2","3","5","80","81","166","454","573","492","C0242184"
"8289","2","3","12","19","31","1","426","55","78","C0242184"
"2033","2","3","12","19","31","1","91","433","118","C0242184"
"26191","2","5","7","53","14","20","25","40","186","C0242184"
"9966","2","5","12","41","219","339","156","568","697","C0242184"
"5932","2","3","12","19","31","261","116","1","86","C0242184"
"3284","2","3","2","69","98","169","299","183","243","C0242184"
"1280","2","5","7","53","51","342","454","573","492","C0242184"
"80326","2","5","3","68","221","197","259","560","422","C0242216"
"346288","2","3","12","76","108","225","141","305","387","C0242216"
"6628","2","3","2","22","33","323","66","101","136","C0242216"
"4920","2","5","7","53","14","20","259","560","373","C0242216"
"7173","2","3","5","36","48","89","110","400","400","C0242231"
"4625","2","3","8","63","45","23","103","464","187","C0242231"
"9742","2","3","12","76","153","40","38","54","75","C0242231"
"1807","2","3","5","80","23","186","79","560","273","C0242231"
"9927","2","3","12","19","31","118","155","287","116","C0242231"
"7077","2","5","7","34","52","216","395","549","674","C0242231"
"3815","2","5","7","53","14","20","25","40","186","C0242231"
"4647","2","5","7","60","83","101","126","170","224","C0242339"
"182","2","5","7","53","51","143","428","236","667","C0242339"
"3115","2","5","7","53","184","119","156","287","116","C0242339"
"9968","2","4","3","24","119","330","214","454","144","C0242339"
"658","2","5","7","53","51","342","259","423","389","C0242339"
"4000","2","3","12","26","105","178","226","297","156","C0242339"
"8878","2","3","12","41","219","339","156","568","697","C0242339"
"22999","2","5","7","60","36","71","341","223","219","C0242339"
"1380","2","5","7","53","51","119","395","549","674","C0242339"
"4536","2","3","2","48","170","50","119","444","556","C0242339"
"5192","2","3","5","43","161","305","409","208","482","C0242339"
"9775","2","3","2","22","33","323","66","101","136","C0242339"
"2263","2","5","7","53","14","20","25","40","186","C0242339"
"2121","2","3","12","41","116","268","434","568","605","C0242339"
"50964","2","5","3","68","221","197","259","423","422","C0242339"
"116","2","5","4","68","96","326","427","548","672","C0242339"
"4329","2","3","2","67","92","293","229","381","496","C0242339"
"11200","2","3","12","19","31","261","116","1","86","C0242339"
"3560","2","5","7","53","14","20","25","40","186","C0242339"
"5116","2","3","12","76","153","40","38","54","75","C0242339"
"1639","2","3","12","76","153","40","38","54","75","C0242339"
"1030","2","3","12","19","31","1","426","55","78","C0242339"
"3479","2","5","7","53","51","342","454","573","492","C0242339"
"590","2","3","5","85","143","286","51","488","604","C0242339"
"4010","2","3","3","19","221","321","428","541","667","C0242339"
"8626","2","3","3","19","221","321","428","541","667","C0242339"
"3651","2","3","3","19","221","321","428","541","667","C0242339"
"2811","2","5","7","53","51","1","454","573","78","C0242343"
"59","2","5","8","63","45","23","103","464","187","C0242343"
"5396","2","3","3","19","221","321","428","541","667","C0242343"
"5496","2","3","2","22","33","323","66","101","136","C0242343"
"4535","2","3","2","48","170","50","119","444","556","C0242343"
"4853","2","3","12","19","124","143","428","236","667","C0242350"
"23600","2","3","5","80","81","305","409","208","482","C0242350"
"1302","2","5","7","53","51","342","454","573","492","C0242350"
"2811","2","5","7","53","51","1","454","573","78","C0242350"
"5727","2","3","12","68","221","197","259","560","422","C0242350"
"4157","2","5","4","68","96","326","427","548","672","C0242350"
"2969","2","3","12","19","31","276","91","433","118","C0242350"
"2068","2","3","12","19","31","261","116","159","211","C0242350"
"5728","2","3","5","80","81","339","156","568","605","C0242350"
"5728","2","3","5","80","81","339","156","568","605","C0242350"
"22931","2","5","7","34","54","24","30","46","72","C0242350"
"2903","2","5","7","53","14","20","25","223","219","C0242350"
"1822","2","3","12","19","31","1","426","55","462","C0242350"
"2077","2","3","12","76","153","40","38","54","75","C0242350"
"5443","2","5","4","68","96","326","427","548","672","C0242350"
"930","2","5","7","53","14","119","25","40","186","C0242350"
"716","2","5","7","53","51","119","395","549","674","C0242350"
"11093","2","5","7","53","51","342","454","573","492","C0242350"
"1301","2","5","7","53","51","342","454","573","492","C0242350"
"3155","2","3","5","43","161","305","409","208","482","C0242350"
"8893","2","3","2","110","85","237","433","547","671","C0242350"
"1581","2","3","5","19","151","276","91","433","118","C0242350"
"672","2","3","12","19","31","261","116","1","86","C0242350"
"3763","2","5","8","63","36","166","106","110","158","C0242350"
"4843","2","3","5","43","161","305","409","489","416","C0242350"
"9820","2","3","12","41","116","268","434","468","213","C0242350"
"10269","2","3","2","48","182","50","119","444","556","C0242350"
"8398","2","3","5","116","183","40","38","352","455","C0242350"
"5728","2","3","5","80","81","339","156","568","605","C0242350"
"774","2","5","8","63","36","166","341","390","158","C0242350"
"207","2","3","7","53","14","20","34","489","416","C0242350"
"3651","2","3","3","19","221","321","428","541","667","C0242350"
"3014","2","3","12","19","31","1","426","55","78","C0242383"
"36","2","3","2","48","170","50","119","444","556","C0242383"
"114609","2","3","12","41","219","339","156","568","697","C0242383"
"8644","2","3","2","46","175","227","167","224","301","C0242383"
"84634","2","5","4","68","96","326","427","548","672","C0242383"
"2896","2","5","7","34","52","216","395","549","674","C0242383"
"7169","2","5","8","63","45","23","103","464","187","C0242383"
"7422","2","5","7","53","51","342","454","573","702","C0242383"
"23630","2","5","8","63","36","166","106","110","158","C0242383"
"860","2","3","12","19","31","276","91","433","118","C0242383"
"3643","2","5","7","53","14","20","25","40","186","C0242383"
"3982","2","5","8","63","45","23","103","464","187","C0242383"
"54968","2","3","2","48","170","50","119","444","556","C0242383"
"1675","2","5","7","34","52","216","395","549","674","C0242383"
"4204","2","3","12","19","31","1","426","55","78","C0242383"
"26137","2","5","7","63","45","184","103","572","658","C0242383"
"2187","2","3","12","19","31","261","116","1","86","C0242383"
"3897","2","5","7","53","51","335","444","560","373","C0242383"
"1786","2","3","12","19","31","1","426","55","78","C0242387"
"132","2","3","2","110","85","237","433","80","394","C0242387"
"54949","2","3","2","48","170","50","119","444","556","C0242387"
"4204","2","3","12","19","31","1","426","55","78","C0242387"
"635","2","3","8","45","94","199","240","415","666","C0242387"
"23090","2","3","12","19","151","276","91","433","118","C0242488"
"4519","2","3","2","48","170","50","119","508","312","C0242488"
"5290","2","3","7","53","14","20","25","40","186","C0242488"
"7545","2","5","3","34","52","216","142","220","298","C0242488"
"4247","2","3","2","68","67","320","98","180","279","C0242488"
"6843","2","5","7","60","36","71","341","223","203","C0242488"
"2006","2","5","7","53","51","342","454","573","492","C0242488"
"1387","2","3","12","19","31","276","91","433","118","C0242488"
"10982","2","3","12","76","153","40","38","54","75","C0242488"
"8314","2","3","12","41","31","1","426","55","78","C0242488"
"55624","2","3","2","78","123","194","255","215","412","C0242488"
"54487","2","3","2","22","33","323","66","101","136","C0242488"
"3557","2","3","12","41","219","339","156","568","697","C0242488"
"10560","2","3","2","65","196","310","127","527","648","C0242488"
"26137","2","5","7","63","45","184","103","572","658","C0242488"
"3952","2","5","3","53","151","276","91","433","118","C0242488"
"64838","2","3","2","48","170","50","119","444","556","C0242488"
"2956","2","3","12","19","31","261","116","1","86","C0242488"
"2798","2","5","4","68","96","326","427","548","672","C0242528"
"3600","2","5","7","53","51","119","25","40","186","C0242528"
"5696","2","3","12","41","116","268","156","568","116","C0242528"
"5654","2","5","7","53","51","342","454","573","492","C0242567"
"5582","2","5","7","53","14","20","34","540","68","C0242567"
"27249","2","3","2","48","182","50","119","186","245","C0242567"
"687","2","3","3","19","221","321","428","541","667","C0242567"
"4852","2","5","4","68","96","326","427","548","672","C0242567"
"2121","2","3","12","41","116","268","434","568","605","C0242584"
"4929","2","3","3","19","151","276","91","433","118","C0242584"
"10370","2","3","12","19","31","276","91","433","118","C0242584"
"8517","2","3","12","41","219","339","156","568","697","C0242584"
"55699","2","3","2","110","85","67","76","252","154","C0242584"
"146057","2","3","12","76","153","40","38","54","75","C0242584"
"3248","2","3","2","69","83","133","167","224","301","C0242584"
"64802","2","3","2","73","110","53","59","228","306","C0242584"
"3240","2","5","7","34","52","216","395","549","674","C0242584"
"1376","2","3","2","19","151","276","91","433","118","C0242584"
"2737","2","3","12","19","116","321","428","54","667","C0242584"
"2627","2","3","12","19","31","118","155","287","116","C0242584"
"4286","2","3","12","19","31","261","116","1","664","C0242584"
"7369","2","5","7","53","51","119","395","549","674","C0242584"
"773","2","5","8","27","36","166","341","223","628","C0242584"
"1910","2","5","4","68","96","326","427","548","672","C0242584"
"4983","2","5","7","60","54","24","30","46","72","C0242584"
"10806","2","3","12","76","153","40","38","54","75","C0242584"
"6785","2","3","5","67","7","5","239","311","393","C0242584"
"51750","2","3","12","19","31","261","116","1","86","C0242584"
"9131","2","3","12","41","219","339","347","271","356","C0242584"
"1292","2","5","7","53","51","342","454","573","492","C0242584"
"26277","2","3","12","19","31","1","426","1","78","C0242596"
"6513","2","5","7","90","216","337","448","565","562","C0242596"
"26123","2","3","2","76","153","40","38","54","75","C0242647"
"843","2","3","12","41","219","339","156","568","697","C0242647"
"207","2","3","7","53","14","20","34","489","416","C0242647"
"2516","2","3","3","19","151","276","91","433","118","C0242647"
"4041","2","5","3","68","221","197","259","560","422","C0242666"
"3047","2","3","12","19","31","118","155","287","116","C0242666"
"5295","2","5","7","53","14","20","25","40","186","C0242698"
"1292","2","5","7","53","51","342","454","573","492","C0242698"
"6605","2","3","12","19","31","1","426","55","78","C0242698"
"1161","2","3","12","41","116","268","434","468","213","C0242698"
"2629","2","3","5","80","81","250","291","152","420","C0242698"
"55670","2","3","5","43","161","305","409","208","482","C0242698"
"1594","2","3","5","92","163","96","363","460","487","C0242698"
"2200","2","5","7","53","51","342","454","573","492","C0242698"
"2956","2","3","12","19","31","261","116","1","86","C0242698"
"6049","2","3","12","41","116","268","434","468","213","C0242698"
"22827","2","3","2","22","33","323","66","101","136","C0242698"
"25836","2","3","12","76","153","40","38","54","75","C0242698"
"3853","2","1","6","11","142","225","142","220","298","C0242698"
"1161","2","3","12","41","116","268","434","468","213","C0242698"
"388552","2","5","7","60","18","184","341","544","669","C0242698"
"9632","2","3","7","60","153","40","38","54","203","C0242698"
"84062","2","5","7","60","18","184","341","544","669","C0242698"
"5292","2","5","7","53","14","20","34","540","68","C0242698"
"3257","2","5","7","60","54","24","30","46","72","C0242698"
"4791","2","3","12","41","219","339","156","568","697","C0242706"
"6532","2","5","8","45","94","199","240","415","666","C0242706"
"23171","2","3","5","116","183","295","398","552","622","C0242706"
"4148","2","5","7","53","51","342","454","573","492","C0242788"
"1896","2","5","12","41","219","339","156","568","697","C0242788"
"1281","2","5","7","53","51","342","454","573","492","C0242788"
"1302","2","5","7","53","51","342","454","573","492","C0242788"
"1487","2","3","12","19","31","1","426","55","340","C0242852"
"1406","2","3","3","19","221","321","428","541","667","C0242852"
"6888","2","3","2","90","167","266","367","500","577","C0242973"
"1829","2","1","6","11","142","225","142","220","298","C0242973"
"5979","2","5","7","53","14","20","25","40","186","C0242973"
"160728","2","3","8","45","94","199","240","415","666","C0242973"
"54757","2","5","7","53","51","342","454","573","492","C0242973"
"7046","2","3","12","41","219","339","259","423","605","C0242973"
"1896","2","5","12","41","219","339","156","568","697","C0242973"
"23426","2","5","7","42","36","71","177","223","219","C0242979"
"23322","2","3","12","76","153","40","38","54","75","C0242979"
"5077","2","3","3","19","221","321","428","541","667","C0242979"
"3339","2","5","7","53","51","342","454","573","492","C0242979"
"2896","2","5","7","34","52","216","395","549","674","C0243026"
"2694","2","5","7","48","51","105","139","186","245","C0243026"
"887","2","5","4","68","96","326","427","548","672","C0243026"
"3990","2","3","5","26","35","178","9","414","220","C0243026"
"55670","2","3","5","43","161","305","409","208","482","C0243026"
"4001","2","3","12","76","31","40","38","54","75","C0243026"
"249","2","3","5","27","51","335","444","560","373","C0243026"
"3425","2","3","5","80","81","166","454","573","492","C0243026"
"3105","2","5","7","53","51","119","156","287","116","C0243026"
"4318","2","5","7","34","52","216","395","573","492","C0243026"
"10804","2","3","12","76","153","40","38","54","75","C0243026"
"9215","2","5","2","27","36","150","430","215","628","C0243026"
"6901","2","3","2","48","170","50","304","167","593","C0243026"
"444","2","5","8","63","45","23","34","464","187","C0243026"
"3240","2","5","7","34","52","216","395","549","674","C0243026"
"9132","2","5","8","63","36","166","106","110","158","C0243026"
"1387","2","3","12","19","31","276","91","433","118","C0243026"
"8929","2","3","3","19","221","321","428","541","667","C0243026"
"8289","2","3","12","19","31","1","426","55","78","C0243026"
"1213","2","3","7","60","14","184","341","544","669","C0243026"
"6513","2","5","7","90","216","337","448","565","562","C0243026"
"547","2","3","7","76","153","40","38","54","75","C0243050"
"2006","2","5","7","53","51","342","454","573","492","C0243050"
"1536","2","5","7","34","52","216","395","549","674","C0243050"
"2717","2","3","7","34","52","216","395","549","674","C0243050"
"9215","2","5","2","27","36","150","430","215","628","C0243050"
"9632","2","3","7","60","153","40","38","54","203","C0243050"
"972","2","5","7","53","51","119","454","287","116","C0243050"
"324","2","3","12","41","219","197","70","255","422","C0243050"
"7421","2","3","3","19","151","276","91","433","118","C0243050"
"999","2","5","7","53","51","342","444","560","373","C0243050"
"7454","2","5","7","60","14","20","25","40","215","C0243050"
"51594","2","3","7","76","153","40","38","54","75","C0243050"
"84464","2","3","12","19","31","261","116","1","86","C0243050"
"1509","2","5","7","34","52","216","395","549","568","C0243050"
"1308","2","5","7","53","51","119","454","573","492","C0243050"
"4914","2","3","2","22","18","266","202","252","252","C0243050"
"2255","2","5","7","53","14","20","25","40","186","C0243050"
"183","2","5","4","68","96","326","427","548","672","C0243050"
"286","2","5","7","60","153","40","38","54","203","C0243050"
"2200","2","5","7","53","51","342","454","573","492","C0243050"
"2255","2","5","7","53","14","20","25","40","186","C0243050"
"4763","2","5","7","60","54","24","30","46","214","C0243050"
"4693","2","5","7","53","51","342","454","573","492","C0243050"
"7273","2","5","7","53","51","342","103","464","702","C0243050"
"5521","2","3","12","76","137","76","136","472","435","C0243050"
"7428","2","3","12","41","116","268","434","468","213","C0243050"
"8243","2","3","12","76","31","40","38","54","75","C0243050"
"4488","2","3","3","19","221","321","428","541","667","C0243050"
"5727","2","3","12","68","221","197","259","560","422","C0243050"
"7401","2","5","7","60","83","101","126","170","224","C0243050"
"5781","2","5","7","53","14","20","25","40","186","C0243050"
"23479","2","3","2","48","170","50","119","100","556","C0259771"
"4692","2","5","7","53","51","119","402","489","416","C0259771"
"8200","2","5","7","53","51","342","259","423","389","C0260662"
"18","2","3","8","67","94","199","182","509","666","C0260662"
"492","2","3","8","63","45","23","103","464","187","C0260662"
"26227","2","3","2","41","137","44","208","81","108","C0262374"
"427","2","3","7","34","52","216","395","549","420","C0262374"
"4000","2","3","12","26","105","178","226","297","156","C0262374"
"4621","2","5","8","63","45","23","103","464","187","C0262374"
"7043","2","5","7","53","51","342","454","573","492","C0262374"
"6154","2","3","2","110","85","237","433","547","671","C0262374"
"3691","2","5","7","53","51","342","454","573","492","C0262374"
"5190","2","3","5","43","161","305","409","208","482","C0262374"
"29760","2","5","7","53","14","20","25","40","186","C0262374"
"4625","2","3","8","63","45","23","103","464","187","C0262374"
"7518","2","3","12","19","31","261","116","1","86","C0262374"
"547","2","3","7","76","153","40","38","54","75","C0262374"
"2194","2","3","2","41","219","64","347","2","561","C0262374"
"4162","2","5","7","53","51","342","454","573","492","C0262431"
"2255","2","5","7","53","14","20","25","40","186","C0262431"
"3981","2","3","12","19","31","261","116","1","86","C0262431"
"29760","2","5","7","53","14","20","25","40","186","C0262431"
"4508","2","3","2","48","170","50","119","444","556","C0262431"
"4625","2","3","8","63","45","23","103","464","187","C0262431"
"6495","2","3","3","19","221","321","428","541","667","C0262431"
"3062","2","5","4","68","96","326","427","548","672","C0262431"
"51259","2","3","2","76","153","40","38","54","75","C0262431"
"25885","2","3","12","19","31","1","426","55","78","C0262431"
"51057","2","3","12","76","153","40","38","54","75","C0262431"
"2316","2","5","7","53","51","342","454","573","702","C0262431"
"3553","2","5","7","53","51","119","25","489","416","C0262431"
"1610","2","3","5","80","81","305","409","208","482","C0262431"
"1281","2","5","7","53","51","342","454","573","492","C0262478"
"5921","2","5","7","60","14","24","25","40","215","C0262478"
"5728","2","3","5","80","81","339","156","568","605","C0262527"
"4771","2","5","7","60","36","71","177","64","215","C0262527"
"2796","2","5","4","68","96","326","427","548","672","C0262527"
"8050","2","3","2","67","92","293","55","75","311","C0262527"
"51702","2","3","12","19","31","1","426","55","78","C0262527"
"5888","2","3","12","19","31","261","116","1","86","C0262527"
"10466","2","5","7","60","153","40","38","66","203","C0262527"
"378884","2","3","12","41","116","268","434","468","213","C0262527"
"3077","2","5","7","53","51","119","395","549","674","C0262527"
"6469","2","5","3","53","221","197","259","560","422","C0262584"
"3988","2","3","5","98","174","277","379","476","42","C0262584"
"249","2","3","5","27","51","335","444","560","373","C0262584"
"760","2","3","5","35","41","77","40","78","178","C0262584"
"126133","2","3","2","41","119","266","136","341","182","C0262584"
"26040","2","3","12","19","31","1","116","297","78","C0262584"
"9997","2","3","2","48","170","50","119","444","556","C0262584"
"10300","2","3","12","76","153","40","38","54","75","C0262584"
"5993","2","3","12","19","31","1","426","55","78","C0262587"
"2006","2","5","7","53","51","342","454","573","492","C0262587"
"1062","2","3","12","76","153","40","38","54","75","C0262587"
"7681","2","3","12","41","116","268","434","468","213","C0262587"
"100","2","3","5","33","21","47","56","80","199","C0262587"
"3567","2","5","7","53","14","20","25","40","186","C0262587"
"54805","2","5","7","26","94","85","189","247","333","C0262587"
"3208","2","5","7","27","36","150","341","223","628","C0262621"
"2261","2","5","7","53","14","20","25","40","186","C0262621"
"975","2","5","7","53","51","119","395","549","674","C0262630"
"51124","2","5","4","68","96","326","427","548","672","C0262630"
"10342","2","3","7","60","219","40","202","66","203","C0262630"
"1581","2","3","5","19","151","276","91","433","118","C0262630"
"4990","2","3","3","19","221","321","428","541","667","C0262630"
"4695","2","3","2","48","170","50","119","444","556","C0262630"
"8573","2","5","7","53","36","71","341","223","219","C0262630"
"3752","2","5","8","63","36","166","106","110","158","C0262630"
"1138","2","5","8","27","70","99","162","216","290","C0262630"
"6529","2","5","8","45","94","199","240","415","666","C0262650"
"3040","2","5","5","53","51","342","40","78","178","C0262650"
"9657","2","3","12","76","153","40","38","54","75","C0262650"
"3559","2","5","7","53","14","20","25","40","186","C0262655"
"5450","2","3","12","19","221","261","116","159","211","C0262655"
"7461","2","3","7","60","153","40","38","93","75","C0262655"
"2206","2","3","12","41","14","20","25","40","186","C0262655"
"3329","2","3","2","48","170","50","304","167","593","C0262655"
"857","2","5","7","53","45","23","57","83","422","C0262655"
"3209","2","3","3","19","221","321","428","541","667","C0262655"
"5351","2","5","7","53","51","342","454","573","492","C0262655"
"10293","2","3","12","41","116","268","434","468","213","C0262655"
"7038","2","5","7","60","18","184","98","66","203","C0262655"
"9968","2","4","3","24","119","330","214","454","144","C0262655"
"2187","2","3","12","19","31","261","116","1","86","C0262655"
"5308","2","3","3","19","221","321","428","541","667","C0262655"
"4613","2","3","12","19","31","1","426","55","78","C0262655"
"1910","2","5","4","68","96","326","427","548","672","C0262655"
"9719","2","5","7","53","51","342","454","573","492","C0262655"
"1909","2","5","4","68","96","326","427","548","672","C0262655"
"54476","2","3","12","41","219","339","156","568","697","C0262655"
"4053","2","5","7","53","51","342","454","573","492","C0262655"
"29920","2","3","2","101","62","189","182","497","617","C0262655"
"54756","2","5","7","41","219","238","118","543","214","C0262655"
"3269","2","5","4","68","96","326","427","548","672","C0262655"
"4088","2","3","12","19","219","339","259","423","605","C0262655"
"10743","2","3","3","19","151","276","91","433","118","C0262655"
"54101","2","3","2","48","170","50","347","167","593","C0262988"
"55624","2","3","2","78","123","194","255","215","412","C0262988"
"2332","2","3","2","22","33","71","373","466","609","C0263401"
"5122","2","5","4","27","36","184","141","359","411","C0263401"
"2273","2","5","8","63","45","23","103","464","187","C0263401"
"57716","2","5","7","11","36","71","341","223","219","C0263401"
"10472","2","3","12","19","31","268","426","468","213","C0263401"
"3551","2","3","12","41","219","339","156","568","697","C0263401"
"8200","2","5","7","53","51","342","259","423","389","C0263401"
"22845","2","3","2","48","68","125","161","214","288","C0263401"
"5621","2","5","8","27","36","342","454","573","628","C0263401"
"8626","2","3","3","19","221","321","428","541","667","C0263401"
"6532","2","5","8","45","94","199","240","415","666","C0263401"
"4726","2","3","2","48","170","50","119","444","556","C0263401"
"8195","2","3","12","76","153","76","38","54","75","C0263401"
"3458","2","5","7","53","184","119","156","287","116","C0263401"
"2253","2","5","7","53","14","20","25","40","186","C0263401"
"6660","2","3","3","19","221","321","428","541","667","C0263401"
"6557","2","5","8","45","94","199","240","415","666","C0263401"
"1588","2","3","5","79","159","256","350","27","44","C0263401"
"10617","2","3","12","48","57","110","141","359","462","C0263401"
"54938","2","3","2","110","85","67","76","252","154","C0263401"
"1282","2","5","7","53","51","342","454","573","492","C0263401"
"1594","2","3","5","92","163","96","363","460","487","C0263401"
"4593","2","5","7","53","14","20","454","573","492","C0263401"
"28962","2","5","8","63","45","23","34","464","187","C0263401"
"4041","2","5","3","68","221","197","259","560","422","C0263401"
"10060","2","3","8","41","45","23","423","464","445","C0263401"
"7187","2","3","12","41","219","339","156","568","697","C0263401"
"9076","2","5","6","42","36","71","177","64","219","C0263401"
"4137","2","3","7","27","36","150","341","223","628","C0263401"
"26277","2","3","12","19","31","1","426","1","78","C0263401"
"673","2","5","7","53","14","20","34","540","68","C0263401"
"3752","2","5","8","63","36","166","106","110","158","C0263401"
"6521","2","5","8","35","41","199","40","415","666","C0263417"
"857","2","5","7","53","45","23","57","83","422","C0263417"
"10806","2","3","12","76","153","40","38","54","75","C0263454"
"4763","2","5","7","60","54","24","30","46","214","C0263454"
"2068","2","3","12","19","31","261","116","159","211","C0263454"
"4041","2","5","3","68","221","197","259","560","422","C0263454"
"4072","2","5","7","53","51","119","454","573","492","C0263454"
"3930","2","3","2","22","33","323","66","3","464","C0263454"
"23742","2","5","5","68","96","326","427","447","586","C0263454"
"4621","2","5","8","63","45","23","103","464","187","C0263454"
"91147","2","3","12","76","153","40","38","54","75","C0263454"
"5167","2","3","5","32","93","163","207","303","126","C0263454"
"2934","2","5","7","34","52","216","395","549","674","C0263454"
"4854","2","5","7","53","51","143","428","236","667","C0263454"
"238","2","5","7","53","14","20","25","40","186","C0263454"
"3239","2","3","3","19","221","321","428","541","667","C0263454"
"2260","2","5","7","53","14","20","25","40","186","C0263454"
"6736","2","3","12","19","31","276","91","433","667","C0263454"
"26580","2","5","8","27","70","99","162","216","290","C0263454"
"919","2","5","7","53","14","119","25","40","186","C0263454"
"3630","2","5","7","53","14","20","25","40","186","C0263454"
"4722","2","3","2","48","170","50","119","444","556","C0263454"
"28982","2","3","5","25","44","165","101","274","358","C0263454"
"7045","2","5","12","19","51","1","426","55","78","C0263454"
"3265","2","5","7","60","54","24","30","46","72","C0263454"
"5922","2","5","7","60","54","24","30","46","72","C0263454"
"9990","2","5","8","45","94","199","240","415","666","C0263454"
"5328","2","5","7","34","52","216","395","549","674","C0263454"
"26123","2","3","2","76","153","40","38","54","75","C0263454"
"57551","2","3","12","76","153","40","38","54","75","C0263454"
"51604","2","3","2","61","77","142","176","235","317","C0263454"
"1639","2","3","12","76","153","40","38","54","75","C0263454"
"9343","2","3","2","22","33","323","66","101","136","C0263454"
"6866","2","5","4","68","96","326","427","548","672","C0263454"
"3990","2","3","5","26","35","178","9","414","220","C0263485"
"22954","2","3","12","41","116","268","434","468","213","C0263485"
"55120","2","3","12","19","31","261","116","1","86","C0263485"
"726","2","5","7","53","51","342","454","573","492","C0263485"
"11285","2","3","2","74","205","191","396","408","620","C0263490"
"26137","2","5","7","63","45","184","103","572","658","C0263490"
"5179","2","5","4","68","96","326","427","548","672","C0263490"
"2260","2","5","7","53","14","20","25","40","186","C0263490"
"1896","2","5","12","41","219","339","156","568","697","C0263490"
"9820","2","3","12","41","116","268","434","468","213","C0263490"
"1789","2","3","12","19","31","1","426","55","78","C0263490"
"7124","2","3","12","41","219","339","156","568","697","C0263490"
"7474","2","5","3","68","221","184","259","544","669","C0263490"
"3763","2","5","8","63","36","166","106","110","158","C0263490"
"1528","2","3","5","91","214","271","372","471","586","C0263490"
"242","2","3","5","11","142","223","142","220","298","C0263490"
"9056","2","3","8","45","94","199","240","415","666","C0263490"
"2812","2","5","7","53","51","342","454","573","492","C0263490"
"5908","2","5","7","34","52","216","30","46","72","C0263490"
"9790","2","3","2","110","85","237","433","547","671","C0263490"
"3690","2","5","7","53","51","342","454","573","492","C0263490"
"23594","2","3","12","76","153","261","116","1","86","C0263490"
"8260","2","3","12","41","85","266","76","287","78","C0263490"
"6239","2","3","12","19","119","330","214","454","144","C0263490"
"7076","2","5","7","53","51","342","454","573","492","C0263490"
"8518","2","3","12","19","31","1","426","55","78","C0263490"
"5728","2","3","5","80","81","339","156","568","605","C0263490"
"23095","2","3","7","76","153","40","38","54","75","C0263490"
"2316","2","5","7","53","51","342","454","573","702","C0263490"
"7035","2","5","7","68","51","119","395","549","674","C0263491"
"8481","2","3","12","76","153","40","38","54","75","C0263491"
"55703","2","3","2","22","33","261","116","159","211","C0263491"
"5195","2","3","5","43","161","305","409","208","482","C0263491"
"3814","2","5","4","68","96","326","427","548","672","C0263491"
"6868","2","5","7","53","51","342","454","236","492","C0263491"
"4000","2","3","12","26","105","178","226","297","156","C0263498"
"1893","2","5","7","53","51","342","454","573","702","C0263498"
"5626","2","3","3","19","221","321","428","541","667","C0263498"
"4629","2","5","8","63","45","23","103","464","187","C0263498"
"54","2","3","5","80","81","178","195","256","342","C0263498"
"1146","2","5","8","27","70","99","162","216","290","C0263498"
"2588","2","3","7","34","52","216","395","549","674","C0263498"
"5371","2","3","12","19","31","1","91","287","116","C0263498"
"4780","2","3","12","19","31","276","91","433","118","C0263498"
"9051","2","5","7","60","14","20","25","40","215","C0263498"
"6323","2","5","8","63","36","166","341","390","158","C0263498"
"8302","2","5","7","53","51","119","395","549","674","C0263498"
"4843","2","3","5","43","161","305","409","489","416","C0263498"
"383","2","3","7","34","52","216","395","549","674","C0263498"
"26012","2","3","12","19","31","261","116","159","211","C0263498"
"1967","2","3","2","110","85","237","433","547","671","C0263498"
"7476","2","5","3","68","221","197","259","560","422","C0263498"
"2697","2","3","7","76","153","40","38","54","75","C0263498"
"27031","2","3","6","11","142","225","38","331","506","C0263498"
"26137","2","5","7","63","45","184","103","572","658","C0263498"
"55120","2","3","12","19","31","261","116","1","86","C0263498"
"5592","2","5","4","53","14","20","34","540","68","C0263498"
"1778","2","3","7","76","153","40","38","54","75","C0263498"
"5896","2","3","12","41","116","268","434","568","605","C0263498"
"652","2","5","7","53","51","342","454","573","492","C0263504"
"9451","2","3","2","110","51","335","226","297","380","C0263504"
"23400","2","5","8","63","45","23","103","464","187","C0263504"
"51259","2","3","2","76","153","40","38","54","75","C0263505"
"7849","2","3","3","19","221","321","428","541","667","C0263505"
"2218","2","5","2","53","123","194","255","560","373","C0263505"
"4810","2","3","2","76","57","110","444","560","373","C0263505"
"1956","2","5","7","53","14","184","45","544","669","C0263523"
"8869","2","3","2","89","124","204","272","347","451","C0263523"
"1376","2","3","2","19","151","276","91","433","118","C0263523"
"6005","2","3","2","16","197","45","155","78","695","C0263523"
"10269","2","3","2","48","182","50","119","444","556","C0263523"
"3081","2","3","2","91","51","3","267","308","429","C0263523"
"545","2","3","12","19","31","261","116","1","86","C0263523"
"4125","2","3","7","34","52","216","395","549","674","C0263523"
"6689","2","3","12","19","31","276","91","433","118","C0263523"
"7341","2","3","12","19","31","261","116","1","664","C0263523"
"4204","2","3","12","19","31","1","426","55","78","C0263523"
"81693","2","5","7","48","51","105","139","186","245","C0263523"
"760","2","3","5","35","41","77","40","78","178","C0263523"
"2395","2","3","2","48","170","50","304","167","593","C0263523"
"3930","2","3","2","22","33","323","66","3","464","C0263523"
"5728","2","3","5","80","81","339","156","568","605","C0263523"
"3717","2","5","7","53","14","20","25","40","186","C0263523"
"7535","2","5","7","53","14","20","25","40","186","C0263523"
"392255","2","5","7","53","51","342","259","423","389","C0263523"
"26277","2","3","12","19","31","1","426","1","78","C0263523"
"57082","2","3","12","76","153","40","38","54","75","C0263523"
"2629","2","3","5","80","81","250","291","152","420","C0263523"
"9227","2","3","2","69","51","101","126","170","224","C0263523"
"29920","2","3","2","101","62","189","182","497","617","C0263523"
"6329","2","5","8","63","36","166","341","390","158","C0263530"
"8220","2","3","2","22","33","323","66","101","136","C0263530"
"54585","2","3","12","76","153","76","38","54","75","C0263536"
"23556","2","3","2","61","77","142","176","235","317","C0263536"
"1440","2","5","7","53","51","119","25","489","416","C0263537"
"249","2","3","5","27","51","335","444","560","373","C0263537"
"1289","2","5","7","53","51","342","454","573","492","C0263537"
"2201","2","5","7","53","51","342","454","573","492","C0263537"
"1763","2","3","12","19","31","261","116","1","86","C0263537"
"4312","2","5","7","53","51","342","454","573","492","C0263537"
"8243","2","3","12","76","31","40","38","54","75","C0263537"
"4929","2","3","3","19","151","276","91","433","118","C0263537"
"9049","2","3","3","41","151","276","378","271","356","C0263537"
"4361","2","3","12","19","31","261","116","1","86","C0263537"
"7227","2","3","12","19","31","276","91","433","118","C0263537"
"4920","2","5","7","53","14","20","259","560","373","C0263537"
"3958","2","5","7","34","52","216","395","549","674","C0263537"
"1028","2","3","12","19","31","1","116","1","86","C0263625"
"1184","2","5","8","63","45","23","34","464","187","C0263625"
"4292","2","3","12","19","31","261","116","1","86","C0263870"
"2737","2","3","12","19","116","321","428","54","667","C0263870"
"5328","2","5","7","34","52","216","395","549","674","C0263870"
"23729","2","3","2","90","167","148","36","51","383","C0264080"
"4668","2","3","5","21","111","188","242","313","396","C0264080"
"25953","2","3","2","67","92","293","137","75","664","C0264080"
"4535","2","3","2","48","170","50","119","444","556","C0264080"
"3845","2","5","7","60","54","24","30","46","72","C0264112"
"111","2","5","4","68","96","326","427","548","672","C0264112"
"16","2","3","2","110","85","237","433","547","154","C0264112"
"5021","2","5","4","68","96","326","427","548","672","C0264112"
"2176","2","3","12","19","31","261","116","1","86","C0264112"
"4893","2","5","7","34","52","24","30","46","72","C0264112"
"673","2","5","7","53","14","20","34","540","68","C0264112"
"23512","2","3","12","19","31","1","426","55","78","C0264112"
"10460","2","3","12","76","153","40","38","54","75","C0264112"
"2200","2","5","7","53","51","342","454","573","492","C0264142"
"585","2","3","12","76","153","40","38","54","75","C0264142"
"1557","2","3","5","91","214","271","372","479","12","C0264142"
"183","2","5","4","68","96","326","427","548","672","C0264142"
"23299","2","3","12","76","153","40","38","54","75","C0264142"
"6927","2","3","3","19","221","321","428","541","667","C0264142"
"3480","2","5","7","53","14","20","25","40","186","C0264142"
"1729","2","5","7","34","52","216","395","549","674","C0264142"
"7782","2","5","4","68","96","326","141","359","586","C0264142"
"55572","2","3","2","48","170","50","119","444","556","C0264142"
"5290","2","3","7","53","14","20","25","40","186","C0264142"
"8675","2","5","7","60","54","24","98","66","203","C0264142"
"6928","2","3","3","19","221","321","428","541","667","C0264142"
"8710","2","5","7","68","51","342","454","573","492","C0264142"
"5728","2","3","5","80","81","339","156","568","605","C0264142"
"5447","2","3","5","91","214","271","372","471","586","C0264142"
"2109","2","3","2","48","170","50","119","444","556","C0264169"
"5589","2","5","7","53","51","342","454","573","492","C0264169"
"22802","2","5","8","63","45","23","34","464","187","C0264169"
"2353","2","3","12","19","31","1","91","489","416","C0264169"
"5314","2","3","12","76","153","40","38","54","75","C0264169"
"5824","2","3","5","47","144","185","238","310","392","C0264169"
"8929","2","3","3","19","221","321","428","541","667","C0264172"
"5913","2","5","7","27","36","71","341","223","219","C0264172"
"10381","2","3","12","76","153","40","38","54","75","C0264172"
"3949","2","5","7","60","14","184","341","544","669","C0264172"
"1584","2","3","5","79","159","256","276","353","456","C0264172"
"55636","2","3","3","19","221","321","428","423","389","C0264172"
"91137","2","3","2","48","94","199","240","415","666","C0264172"
"2332","2","3","2","22","33","71","373","466","609","C0264172"
"26524","2","3","12","76","153","143","177","54","75","C0264172"
"4747","2","5","7","27","36","150","341","223","628","C0264172"
"7169","2","5","8","63","45","23","103","464","187","C0264172"
"10225","2","5","7","53","51","119","395","549","674","C0264172"
"778","2","5","8","63","36","166","341","223","158","C0264303"
"1737","2","3","2","67","92","293","55","75","311","C0264303"
"1736","2","3","2","110","85","237","433","547","671","C0264303"
"6335","2","5","8","63","36","166","341","390","158","C0264303"
"4952","2","3","5","60","54","184","30","544","669","C0264303"
"3106","2","5","7","34","52","119","395","549","674","C0264303"
"1026","2","3","12","19","31","1","116","489","416","C0264303"
"4017","2","3","2","53","51","342","454","573","492","C0264303"
"2263","2","5","7","53","14","20","25","40","186","C0264303"
"29954","2","5","2","27","206","324","430","215","290","C0264303"
"3265","2","5","7","60","54","24","30","46","72","C0264303"
"2072","2","3","12","19","31","261","116","1","86","C0264303"
"54714","2","5","8","63","36","166","106","110","158","C0264303"
"2263","2","5","7","53","14","20","25","40","186","C0264303"
"8557","2","5","8","63","45","23","103","464","187","C0264324"
"10815","2","5","7","60","36","71","341","223","666","C0264324"
"5604","2","5","7","53","14","20","34","540","68","C0264324"
"7809","2","5","8","63","45","23","34","464","187","C0264353"
"7473","2","5","3","68","221","197","259","560","422","C0264353"
"3630","2","5","7","53","14","20","25","40","186","C0264353"
"5745","2","5","4","68","96","326","427","548","672","C0264353"
"9939","2","3","2","22","33","323","66","101","136","C0264353"
"6496","2","3","3","19","221","321","428","541","667","C0264353"
"1301","2","5","7","53","51","342","454","573","492","C0264353"
"2056","2","5","7","53","51","119","25","40","186","C0264423"
"9187","2","5","8","45","94","199","240","415","666","C0264423"
"148022","2","3","12","41","219","339","156","568","697","C0264423"
"9896","2","3","5","80","81","296","399","201","274","C0264423"
"54968","2","3","2","48","170","50","119","444","556","C0264423"
"3159","2","3","12","19","31","276","91","433","664","C0264423"
"72","2","5","8","63","45","23","103","464","187","C0264423"
"776","2","5","8","63","36","166","341","390","158","C0264611"
"3630","2","5","7","53","14","20","25","40","186","C0264611"
"5654","2","5","7","53","51","342","454","573","492","C0264611"
"1311","2","5","7","53","51","342","454","573","492","C0264611"
"10555","2","3","7","34","52","216","395","549","622","C0264611"
"8754","2","5","7","53","51","342","454","573","492","C0264912"
"4593","2","5","7","53","14","20","454","573","492","C0264912"
"8625","2","3","12","19","31","276","91","236","118","C0264912"
"6662","2","3","3","19","221","321","428","541","667","C0264955"
"760","2","3","5","35","41","77","40","78","178","C0264955"
"1893","2","5","7","53","51","342","454","573","702","C0265004"
"3549","2","5","3","53","51","197","259","560","422","C0265004"
"57505","2","3","2","110","85","67","76","252","154","C0265004"
"5828","2","3","5","43","161","305","409","208","482","C0265004"
"8891","2","3","2","110","85","237","433","547","671","C0265004"
"3815","2","5","7","53","14","20","25","40","186","C0265004"
"5648","2","5","7","53","51","119","395","549","674","C0265004"
"2641","2","5","4","68","96","326","427","548","672","C0265004"
"3717","2","5","7","53","14","20","25","40","186","C0265004"
"5327","2","5","7","53","51","342","454","573","492","C0265202"
"5982","2","3","12","19","31","261","116","1","86","C0265202"
"1475","2","1","6","11","142","225","142","220","298","C0265202"
"6535","2","5","8","45","94","199","240","415","666","C0265202"
"9895","2","3","2","48","57","110","141","359","462","C0265202"
"54808","2","3","12","76","153","40","38","54","75","C0265202"
"10908","2","3","2","97","173","275","377","473","592","C0265202"
"23314","2","3","3","19","221","321","428","541","667","C0265202"
"25836","2","3","12","76","153","40","38","54","75","C0265202"
"8820","2","3","3","19","221","321","428","541","667","C0265205"
"2253","2","5","7","53","14","20","25","40","186","C0265205"
"9487","2","3","5","80","81","142","176","235","317","C0265205"
"6392","2","3","2","48","170","50","119","444","556","C0265210"
"55690","2","3","2","48","57","110","141","359","462","C0265210"
"8526","2","3","2","63","30","193","306","390","158","C0265213"
"94","2","5","7","53","51","342","259","423","389","C0265213"
"3655","2","5","7","53","51","342","454","573","492","C0265213"
"23090","2","3","12","19","151","276","91","433","118","C0265213"
"238","2","5","7","53","14","20","25","40","186","C0265213"
"3265","2","5","7","60","54","24","30","46","72","C0265213"
"5290","2","3","7","53","14","20","25","40","186","C0265213"
"3257","2","5","7","60","54","24","30","46","72","C0265213"
"547","2","3","7","76","153","40","38","54","75","C0265215"
"54806","2","5","7","76","153","40","38","54","75","C0265215"
"5979","2","5","7","53","14","20","25","40","186","C0265215"
"3569","2","5","7","53","51","342","454","573","416","C0265215"
"1636","2","3","5","80","81","166","397","418","568","C0265215"
"6390","2","3","2","48","170","50","119","444","556","C0265215"
"3481","2","5","7","53","51","342","454","573","492","C0265215"
"2978","2","3","5","80","81","272","223","518","621","C0265215"
"4852","2","5","4","68","96","326","427","548","672","C0265215"
"4694","2","3","2","48","170","50","119","444","556","C0265215"
"2892","2","5","8","63","36","166","106","110","158","C0265215"
"3113","2","5","7","53","184","119","156","287","116","C0265215"
"2626","2","3","12","19","31","118","155","287","116","C0265215"
"51128","2","5","7","60","153","24","38","46","72","C0265218"
"10913","2","3","12","41","219","339","156","568","697","C0265218"
"26191","2","5","7","53","14","20","25","40","186","C0265219"
"2316","2","5","7","53","51","342","454","573","702","C0265219"
"1836","2","3","2","35","41","94","260","330","375","C0265219"
"875","2","3","5","80","137","44","21","451","316","C0265220"
"554","2","5","4","68","96","326","427","548","672","C0265220"
"9342","2","5","7","34","52","216","395","549","674","C0265221"
"89866","2","3","7","60","153","40","202","66","203","C0265221"
"2255","2","5","7","53","14","20","25","40","186","C0265221"
"2073","2","3","12","19","31","261","116","1","86","C0265221"
"546","2","3","12","19","31","261","426","1","86","C0265221"
"7439","2","5","8","63","45","23","34","464","187","C0265221"
"6523","2","3","8","45","216","337","448","565","562","C0265221"
"8481","2","3","12","76","153","40","38","54","75","C0265221"
"5743","2","3","5","53","175","119","167","489","416","C0265221"
"23462","2","3","12","19","31","143","428","236","667","C0265221"
"5424","2","3","12","19","31","261","116","1","86","C0265221"
"3575","2","5","7","53","51","184","341","544","669","C0265221"
"6337","2","5","8","63","45","23","34","464","187","C0265221"
"53834","2","5","7","53","51","342","454","573","492","C0265221"
"472","2","3","12","19","31","261","116","1","86","C0265224"
"3081","2","3","2","91","51","3","267","308","429","C0265224"
"1280","2","5","7","53","51","342","454","573","492","C0265233"
"7422","2","5","7","53","51","342","454","573","702","C0265233"
"2294","2","3","3","19","221","321","428","541","667","C0265233"
"4204","2","3","12","19","31","1","426","55","78","C0265234"
"51547","2","3","2","110","85","237","433","547","671","C0265234"
"3418","2","3","2","67","151","276","33","48","155","C0265234"
"3845","2","5","7","60","54","24","30","46","72","C0265234"
"51473","2","5","7","60","36","20","25","64","215","C0265241"
"90678","2","3","12","41","116","268","434","468","213","C0265241"
"2067","2","3","12","19","31","261","116","1","86","C0265241"
"4000","2","3","12","26","105","178","226","297","156","C0265251"
"23064","2","3","6","11","31","261","142","220","664","C0265251"
"10165","2","3","2","48","170","50","304","167","593","C0265260"
"8242","2","3","12","19","31","1","426","55","78","C0265260"
"9469","2","3","2","103","189","303","29","475","467","C0265268"
"8200","2","5","7","53","51","342","259","423","389","C0265268"
"3178","2","3","2","22","33","323","66","101","136","C0265268"
"9031","2","3","12","19","31","1","426","55","78","C0265268"
"6519","2","3","5","45","94","199","240","415","666","C0265268"
"4591","2","3","12","41","116","268","434","468","213","C0265268"
"2737","2","3","12","19","116","321","428","54","667","C0265269"
"1352","2","3","2","48","170","50","119","444","556","C0265269"
"3094","2","3","2","48","170","266","367","500","78","C0265269"
"1954","2","5","7","53","51","342","454","573","492","C0265275"
"3040","2","5","5","53","51","342","40","78","178","C0265275"
"10273","2","3","12","41","116","268","434","468","213","C0265275"
"60529","2","3","3","19","221","321","428","541","667","C0265275"
"2263","2","5","7","53","14","20","25","40","186","C0265275"
"1908","2","5","4","68","96","326","427","548","672","C0265275"
"26278","2","3","12","41","116","268","347","271","356","C0265275"
"8242","2","3","12","19","31","1","426","55","78","C0265275"
"8200","2","5","7","53","51","342","259","423","389","C0265275"
"6768","2","1","6","11","142","225","142","220","298","C0265275"
"271","2","3","5","33","6","241","233","304","386","C0265280"
"190","2","3","3","19","151","276","91","433","118","C0265280"
"5932","2","3","12","19","31","261","116","1","86","C0265282"
"1385","2","3","12","19","151","276","91","433","118","C0265282"
"3909","2","5","7","53","51","342","454","573","492","C0265287"
"2006","2","5","7","53","51","342","454","573","492","C0265287"
"7305","2","5","7","34","52","216","395","549","674","C0265287"
"1717","2","3","2","19","151","276","48","69","204","C0265287"
"867","2","5","7","53","14","184","25","40","669","C0265287"
"4000","2","3","12","26","105","178","226","297","156","C0265290"
"10436","2","3","2","110","85","237","433","547","671","C0265290"
"2811","2","5","7","53","51","1","454","573","78","C0265290"
"7504","2","5","4","68","96","326","427","548","672","C0265290"
"2720","2","3","7","34","52","216","395","21","599","C0265290"
"2271","2","3","5","80","81","166","170","226","305","C0265290"
"2672","2","3","3","19","221","321","259","423","389","C0265290"
"657","2","5","7","53","221","342","259","423","389","C0265291"
"5745","2","5","4","68","96","326","427","548","672","C0265291"
"7030","2","3","12","19","31","276","259","423","389","C0265292"
"7173","2","3","5","36","48","89","110","400","400","C0265292"
"4726","2","3","2","48","170","50","119","444","556","C0265293"
"1269","2","5","4","68","96","326","427","548","672","C0265293"
"55129","2","5","8","63","45","23","34","464","187","C0265294"
"4633","2","5","8","63","45","23","103","464","187","C0265294"
"5831","2","3","2","101","62","189","182","566","409","C0265294"
"5789","2","5","7","53","51","335","444","560","373","C0265294"
"411","2","3","7","34","52","216","395","549","674","C0265294"
"54567","2","5","7","53","51","143","428","236","667","C0265294"
"1289","2","5","7","53","51","342","454","573","492","C0265294"
"7422","2","5","7","53","51","342","454","573","702","C0265294"
"5530","2","3","4","63","45","23","402","518","621","C0265301"
"79133","2","3","2","48","170","50","119","444","556","C0265301"
"658","2","5","7","53","51","342","259","423","389","C0265312"
"9420","2","3","5","79","159","256","215","282","366","C0265312"
"153","2","5","4","68","96","326","427","548","672","C0265313"
"3920","2","5","7","34","52","216","395","549","674","C0265313"
"5728","2","3","5","80","81","339","156","568","605","C0265313"
"7297","2","5","7","53","184","119","25","40","186","C0265319"
"675","2","3","12","19","31","261","116","1","86","C0265319"
"3315","2","3","12","41","181","160","362","402","215","C0265319"
"23495","2","3","12","41","219","339","156","568","697","C0265319"
"9313","2","5","7","53","51","342","454","573","492","C0265319"
"2694","2","5","7","48","51","105","139","186","245","C0265319"
"8076","2","5","7","53","51","342","454","573","492","C0265319"
"8878","2","3","12","41","219","339","156","568","697","C0265319"
"5339","2","5","7","53","51","342","454","573","492","C0265319"
"23411","2","3","12","19","31","1","91","433","118","C0265319"
"249","2","3","5","27","51","335","444","560","373","C0265319"
"8792","2","3","12","41","219","339","156","568","697","C0265319"
"54968","2","3","2","48","170","50","119","444","556","C0265319"
"7372","2","3","2","68","119","109","266","182","182","C0265319"
"3339","2","5","7","53","51","342","454","573","492","C0265319"
"2702","2","3","12","76","153","40","38","54","75","C0265319"
"5495","2","3","12","41","219","339","347","287","664","C0265319"
"5190","2","3","5","43","161","305","409","208","482","C0265319"
"3614","2","3","7","34","52","216","395","549","674","C0265325"
"1954","2","5","7","53","51","342","454","573","492","C0265325"
"5994","2","3","12","19","31","276","91","491","118","C0265325"
"54941","2","3","12","41","116","268","434","468","213","C0265325"
"1312","2","3","2","87","79","105","426","129","25","C0265325"
"2260","2","5","7","53","14","20","25","40","186","C0265331"
"2668","2","5","7","53","14","20","25","40","186","C0265331"
"51684","2","3","12","41","116","268","38","54","75","C0265331"
"2969","2","3","12","19","31","276","91","433","118","C0265334"
"6335","2","5","8","63","36","166","341","390","158","C0265334"
"1188","2","5","8","63","45","23","34","464","187","C0265334"
"2260","2","5","7","53","14","20","25","40","186","C0265334"
"26154","2","3","5","47","144","185","238","310","392","C0265336"
"3123","2","5","7","53","51","119","156","287","116","C0265336"
"65109","2","3","2","22","33","323","66","101","136","C0265338"
"445","2","3","2","84","97","167","210","278","360","C0265338"
"1813","2","5","4","68","96","326","427","548","672","C0265338"
"3977","2","5","7","53","51","119","25","40","416","C0265338"
"4351","2","3","2","90","167","266","367","500","577","C0265338"
"8626","2","3","3","19","221","321","428","541","667","C0265338"
"9378","2","5","7","27","36","71","341","223","219","C0265338"
"4644","2","5","7","60","54","184","141","359","411","C0265341"
"51741","2","3","2","22","33","323","66","101","127","C0265341"
"2316","2","5","7","53","51","342","454","573","702","C0265341"
"9897","2","3","12","76","18","75","38","1","212","C0265341"
"6324","2","5","7","63","36","166","341","223","158","C0265341"
"1807","2","3","5","80","23","186","79","560","273","C0265341"
"1487","2","3","12","19","31","1","426","55","340","C0265341"
"7124","2","3","12","41","219","339","156","568","697","C0265341"
"4313","2","5","7","53","51","342","454","573","492","C0265343"
"1277","2","5","7","53","51","342","454","573","492","C0265343"
"7015","2","3","12","19","31","1","426","55","78","C0265343"
"3915","2","5","7","53","51","342","454","573","492","C0265343"
"10804","2","3","12","76","153","40","38","54","75","C0265343"
"3000","2","5","4","68","96","326","427","548","672","C0265354"
"51520","2","3","2","110","85","237","433","547","154","C0265354"
"8192","2","3","2","48","170","50","119","444","556","C0265529"
"3930","2","3","2","22","33","323","66","3","464","C0265529"
"207","2","3","7","53","14","20","34","489","416","C0265529"
"1493","2","5","7","53","51","119","25","40","186","C0265529"
"65266","2","5","8","63","45","23","34","464","187","C0265529"
"2798","2","5","4","68","96","326","427","548","672","C0265529"
"6657","2","3","12","19","221","321","428","541","667","C0265529"
"2296","2","3","3","19","221","321","428","541","667","C0265529"
"547","2","3","7","76","153","40","38","54","75","C0265529"
"5921","2","5","7","60","14","24","25","40","215","C0265529"
"2067","2","3","12","19","31","261","116","1","86","C0265529"
"1312","2","3","2","87","79","105","426","129","25","C0265529"
"3651","2","3","3","19","221","321","428","541","667","C0265529"
"1021","2","3","12","19","31","1","426","55","78","C0265529"
"4621","2","5","8","63","45","23","103","464","187","C0265529"
"58","2","5","8","63","45","23","103","464","187","C0265529"
"1728","2","3","2","41","116","268","434","568","605","C0265529"
"2316","2","5","7","53","51","342","454","573","702","C0265529"
"8815","2","3","12","22","33","323","66","444","664","C0265529"
"11200","2","3","12","19","31","261","116","1","86","C0265529"
"3815","2","5","7","53","14","20","25","40","186","C0265535"
"5781","2","5","7","53","14","20","25","40","186","C0265535"
"8243","2","3","12","76","31","40","38","54","75","C0265535"
"1954","2","5","7","53","51","342","454","573","492","C0265535"
"641339","2","4","3","24","119","330","214","454","144","C0265535"
"712","2","5","7","53","51","119","395","549","674","C0265535"
"2052","2","3","5","91","130","114","290","367","475","C0265535"
"2218","2","5","2","53","123","194","255","560","373","C0265535"
"57539","2","3","12","76","153","40","38","54","75","C0265535"
"506","2","3","2","48","170","50","119","167","593","C0265535"
"8086","2","3","12","22","33","323","66","101","664","C0265552"
"1406","2","3","3","19","221","321","428","541","667","C0265552"
"5743","2","3","5","53","175","119","167","489","416","C0265552"
"3953","2","5","7","53","14","20","25","40","186","C0265552"
"1497","2","5","2","63","182","50","103","297","628","C0265554"
"5449","2","3","3","19","221","321","428","541","667","C0265554"
"26281","2","5","7","53","14","20","25","40","186","C0265554"
"10686","2","5","6","42","36","71","177","64","219","C0265554"
"3239","2","3","3","19","221","321","428","541","667","C0265554"
"23400","2","5","8","63","45","23","103","464","187","C0265554"
"9573","2","5","7","53","51","342","259","423","389","C0265554"
"1639","2","3","12","76","153","40","38","54","75","C0265563"
"26580","2","5","8","27","70","99","162","216","290","C0265563"
"10743","2","3","3","19","151","276","91","433","118","C0265563"
"1312","2","3","2","87","79","105","426","129","25","C0265563"
"5479","2","3","2","53","51","342","454","573","492","C0265563"
"25886","2","3","12","76","153","76","136","472","435","C0265563"
"7681","2","3","12","41","116","268","434","468","213","C0265563"
"6341","2","3","2","48","170","50","119","444","556","C0265563"
"1594","2","3","5","92","163","96","363","460","487","C0265563"
"1234","2","5","4","68","96","326","427","548","672","C0265563"
"686","2","3","5","80","81","166","166","127","173","C0265563"
"2593","2","3","2","19","31","1","426","55","78","C0265563"
"4988","2","5","4","68","96","326","427","548","672","C0265563"
"3730","2","5","7","53","14","20","25","40","186","C0265563"
"3040","2","5","5","53","51","342","40","78","178","C0265594"
"2200","2","5","7","53","51","342","454","573","492","C0265594"
"5972","2","5","5","34","52","216","397","418","568","C0265594"
"3569","2","5","7","53","51","342","454","573","416","C0265609"
"3481","2","5","7","53","51","342","454","573","492","C0265609"
"2626","2","3","12","19","31","118","155","287","116","C0265642"
"4313","2","5","7","53","51","342","454","573","492","C0265642"
"6462","2","5","7","63","45","23","444","464","373","C0265642"
"2626","2","3","12","19","31","118","155","287","116","C0265642"
"429","2","3","3","19","221","321","428","541","667","C0265646"
"1145","2","5","8","27","70","99","162","216","290","C0265646"
"1594","2","3","5","92","163","96","363","460","487","C0265654"
"477","2","3","8","63","45","23","103","464","187","C0265654"
"554","2","5","4","68","96","326","427","548","672","C0265654"
"4204","2","3","12","19","31","1","426","55","78","C0265654"
"4843","2","3","5","43","161","305","409","489","416","C0265654"
"5664","2","5","7","53","219","143","428","236","667","C0265654"
"8722","2","3","7","76","153","40","38","54","75","C0265654"
"9401","2","3","12","76","31","261","116","1","86","C0265654"
"5888","2","3","12","19","31","261","116","1","86","C0265654"
"547","2","3","7","76","153","40","38","54","75","C0265654"
"5443","2","5","4","68","96","326","427","548","672","C0265654"
"3611","2","5","7","53","14","20","103","188","701","C0265654"
"9096","2","5","7","53","51","335","259","560","373","C0265677"
"23400","2","5","8","63","45","23","103","464","187","C0265677"
"54903","2","3","12","76","153","40","38","54","75","C0265677"
"3552","2","3","12","53","51","119","156","489","416","C0265677"
"1536","2","5","7","34","52","216","395","549","674","C0265677"
"23203","2","3","5","80","81","50","304","167","593","C0265677"
"5176","2","5","7","53","51","342","454","573","492","C0265677"
"2629","2","3","5","80","81","250","291","152","420","C0265677"
"594","2","3","2","67","92","293","55","75","311","C0265677"
"18","2","3","8","67","94","199","182","509","666","C0265677"
"6532","2","5","8","45","94","199","240","415","666","C0265677"
"23522","2","3","12","19","31","1","426","55","78","C0265677"
"2200","2","5","7","53","51","342","454","573","492","C0265677"
"658","2","5","7","53","51","342","259","423","389","C0265677"
"8292","2","5","5","27","51","342","454","573","492","C0265677"
"8915","2","3","12","41","219","339","156","568","697","C0265677"
"7048","2","5","7","53","51","342","259","423","389","C0265677"
"3516","2","3","12","19","31","143","428","236","667","C0265677"
"11133","2","3","5","48","179","289","133","179","476","C0265677"
"6495","2","3","3","19","221","321","428","541","667","C0265677"
"6891","2","3","12","41","116","119","156","568","116","C0265677"
"30008","2","5","7","53","51","342","454","573","492","C0265677"
"2071","2","3","12","19","31","261","116","159","211","C0265677"
"23259","2","3","5","116","183","295","398","552","622","C0265677"
"478","2","3","8","63","45","23","366","464","187","C0265677"
"5190","2","3","5","43","161","305","409","208","482","C0265681"
"9210","2","5","7","53","51","342","454","573","492","C0265681"
"8813","2","3","2","48","116","142","136","280","363","C0265695"
"5913","2","5","7","27","36","71","341","223","219","C0265695"
"368","2","3","12","41","116","268","423","536","445","C0265695"
"5644","2","5","7","68","51","119","395","549","674","C0265695"
"51371","2","3","12","41","116","268","434","568","605","C0265706"
"128178","2","3","12","41","219","339","156","568","697","C0265706"
"2261","2","5","7","53","14","20","25","40","186","C0265736"
"8074","2","5","7","53","14","20","25","40","186","C0265736"
"811","2","3","2","41","116","342","423","536","342","C0265736"
"4869","2","3","12","110","85","237","433","547","664","C0265736"
"2512","2","3","7","34","52","216","395","544","358","C0265740"
"5743","2","3","5","53","175","119","167","489","416","C0265740"
"8851","2","3","12","19","31","261","116","1","86","C0265881"
"3766","2","5","8","63","36","166","106","110","158","C0265881"
"51259","2","3","2","76","153","40","38","54","75","C0265886"
"54209","2","5","7","53","51","119","395","549","674","C0265886"
"51196","2","3","7","60","54","24","30","46","72","C0265886"
"1497","2","5","2","63","182","50","103","297","628","C0265908"
"3679","2","5","7","53","51","342","454","573","492","C0265908"
"3284","2","3","2","69","98","169","299","183","243","C0265908"
"9227","2","3","2","69","51","101","126","170","224","C0265908"
"3557","2","3","12","41","219","339","156","568","697","C0265908"
"3730","2","5","7","53","14","20","25","40","186","C0265961"
"10269","2","3","2","48","182","50","119","444","556","C0265961"
"2218","2","5","2","53","123","194","255","560","373","C0265961"
"9927","2","3","12","19","31","118","155","287","116","C0265961"
"2218","2","5","2","53","123","194","255","560","373","C0265962"
"23765","2","3","12","41","219","238","252","489","416","C0265962"
"5727","2","3","12","68","221","197","259","560","422","C0265965"
"1029","2","3","12","19","31","1","116","1","664","C0265965"
"10560","2","3","2","65","196","310","127","527","648","C0265965"
"1311","2","5","7","53","51","342","454","573","492","C0265965"
"100134444","2","5","7","60","36","71","341","223","219","C0265965"
"7432","2","5","4","68","96","326","427","548","672","C0265965"
"242","2","3","5","11","142","223","142","220","298","C0265965"
"50674","2","3","3","19","221","321","428","541","667","C0265965"
"22845","2","3","2","48","68","125","161","214","288","C0265965"
"6445","2","5","8","63","45","23","103","464","187","C0265965"
"6342","2","3","5","80","161","305","409","208","482","C0265965"
"2290","2","3","3","19","221","321","428","541","667","C0265970"
"9496","2","5","6","11","142","225","142","220","673","C0265970"
"7040","2","5","7","53","51","342","454","573","492","C0265970"
"3592","2","5","7","53","51","119","25","489","416","C0265970"
"2072","2","3","12","19","31","261","116","1","86","C0265989"
"6399","2","5","7","60","54","24","30","46","72","C0265989"
"2677","2","5","7","53","51","342","454","573","492","C0265989"
"5373","2","3","2","90","167","123","158","207","278","C0265989"
"10195","2","3","2","48","69","99","162","216","290","C0265989"
"5828","2","3","5","43","161","305","409","208","482","C0265989"
"2798","2","5","4","68","96","326","427","548","672","C0265989"
"1594","2","3","5","92","163","96","363","460","487","C0265989"
"3952","2","5","3","53","151","276","91","433","118","C0265989"
"23534","2","3","2","22","33","323","66","101","136","C0265989"
"6571","2","3","8","60","36","71","341","223","624","C0265989"
"54903","2","3","12","76","153","40","38","54","75","C0265989"
"6513","2","5","7","90","216","337","448","565","562","C0265989"
"1727","2","3","7","34","52","216","395","549","197","C0265998"
"5573","2","3","12","19","184","118","155","287","116","C0265998"
"2239","2","3","2","74","51","342","454","573","492","C0265998"
"8803","2","3","8","67","92","293","55","75","311","C0265998"
"55624","2","3","2","78","123","194","255","215","412","C0265998"
"7101","2","3","3","19","151","276","91","433","118","C0265998"
"9096","2","5","7","53","51","335","259","560","373","C0265998"
"2290","2","3","3","19","221","321","428","541","667","C0265998"
"3265","2","5","7","60","54","24","30","46","72","C0265998"
"51062","2","5","7","27","36","150","402","489","373","C0265998"
"4792","2","3","12","41","219","339","156","568","605","C0265998"
"6736","2","3","12","19","31","276","91","433","667","C0265998"
"4810","2","3","2","76","57","110","444","560","373","C0265998"
"3315","2","3","12","41","181","160","362","402","215","C0265998"
"4893","2","5","7","34","52","24","30","46","72","C0265998"
"2719","2","5","7","53","51","342","454","573","492","C0265998"
"8360","2","3","12","19","31","1","426","55","78","C0265998"
"1911","2","3","12","19","31","1","426","55","78","C0265998"
"1289","2","5","7","53","51","342","454","573","492","C0265998"
"7535","2","5","7","53","14","20","25","40","186","C0265998"
"5327","2","5","7","53","51","342","454","573","492","C0266003"
"2316","2","5","7","53","51","342","454","573","702","C0266003"
"4512","2","3","2","48","170","110","141","359","8","C0266011"
"4247","2","3","2","68","67","320","98","180","279","C0266011"
"3284","2","3","2","69","98","169","299","183","243","C0266011"
"6295","2","3","4","68","45","272","427","518","621","C0266011"
"3552","2","3","12","53","51","119","156","489","416","C0266011"
"4548","2","3","2","15","85","105","139","186","245","C0266011"
"2314","2","3","12","63","45","184","103","572","658","C0266011"
"5832","2","3","2","101","62","189","182","509","252","C0266011"
"2920","2","5","4","68","96","326","427","548","672","C0266011"
"2138","2","3","12","19","31","1","426","55","78","C0266011"
"53834","2","5","7","53","51","342","454","573","492","C0266011"
"3559","2","5","7","53","14","20","25","40","186","C0266013"
"4728","2","3","2","48","170","50","119","444","556","C0266013"
"7515","2","3","12","19","31","261","116","1","86","C0266013"
"2073","2","3","12","19","31","261","116","1","86","C0266013"
"6853","2","5","7","27","36","150","341","223","628","C0266013"
"841","2","3","12","41","219","339","156","568","697","C0266013"
"4882","2","3","4","68","96","326","427","548","672","C0266013"
"6446","2","5","8","63","45","23","34","464","187","C0266013"
"285489","2","5","7","60","36","71","341","223","219","C0266013"
"7508","2","3","12","19","31","261","116","1","664","C0266013"
"8289","2","3","12","19","31","1","426","55","78","C0266013"
"940","2","5","7","53","14","20","25","40","186","C0266013"
"5595","2","3","7","53","14","20","34","540","68","C0266013"
"5621","2","5","8","27","36","342","454","573","628","C0266013"
"6442","2","5","8","63","45","23","103","464","187","C0266013"
"1308","2","5","7","53","51","119","454","573","492","C0266013"
"2131","2","3","2","74","58","112","148","181","416","C0266013"
"6794","2","3","12","53","14","20","34","540","68","C0266013"
"50964","2","5","3","68","221","197","259","423","422","C0266013"
"7374","2","3","12","19","31","261","116","1","86","C0266013"
"10516","2","5","7","53","51","342","454","573","492","C0266013"
"23090","2","3","12","19","151","276","91","433","118","C0266013"
"6913","2","3","3","19","221","321","428","541","667","C0266013"
"5290","2","3","7","53","14","20","25","40","186","C0266013"
"3952","2","5","3","53","151","276","91","433","118","C0266013"
"79728","2","3","12","19","31","261","116","1","86","C0266034"
"3479","2","5","7","53","51","342","454","573","492","C0266034"
"8481","2","3","12","76","153","40","38","54","75","C0266034"
"51085","2","3","2","48","57","110","141","359","462","C0266036"
"6497","2","5","3","19","221","342","259","423","389","C0266036"
"9901","2","5","7","60","54","24","30","46","72","C0266037"
"9927","2","3","12","19","31","118","155","287","116","C0266037"
"64127","2","3","12","41","219","339","156","568","697","C0266037"
"999","2","5","7","53","51","342","444","560","373","C0266037"
"5053","2","3","5","80","81","166","236","308","390","C0266037"
"57560","2","3","12","76","153","40","38","54","75","C0266037"
"51360","2","3","3","26","35","276","91","433","203","C0266037"
"1280","2","5","7","53","51","342","454","573","492","C0266037"
"1277","2","5","7","53","51","342","454","573","492","C0266039"
"3098","2","3","2","90","167","266","367","500","577","C0266039"
"7076","2","5","7","53","51","342","454","573","492","C0266039"
"7416","2","3","2","48","170","339","304","167","593","C0266039"
"9790","2","3","2","110","85","237","433","547","671","C0266039"
"6497","2","5","3","19","221","342","259","423","389","C0266039"
"7547","2","3","3","19","221","321","428","541","667","C0266039"
"4054","2","5","7","53","51","342","454","573","492","C0266039"
"57216","2","3","12","41","116","268","259","568","422","C0266039"
"2625","2","3","12","19","31","339","155","287","116","C0266039"
"831","2","5","7","53","51","342","454","573","492","C0266039"
"4000","2","3","12","26","105","178","226","297","156","C0266039"
"4860","2","3","7","34","52","216","395","549","150","C0266039"
"10484","2","3","7","60","153","40","38","54","203","C0266039"
"3098","2","3","2","90","167","266","367","500","577","C0266050"
"9896","2","3","5","80","81","296","399","201","274","C0266050"
"6845","2","5","7","60","14","184","341","544","669","C0266050"
"5444","2","3","5","80","147","236","328","411","229","C0266050"
"51360","2","3","3","26","35","276","91","433","203","C0266050"
"5077","2","3","3","19","221","321","428","541","667","C0266050"
"783","2","5","8","63","36","166","106","110","158","C0266050"
"4854","2","5","7","53","51","143","428","236","667","C0266050"
"335","2","5","7","53","51","342","454","573","492","C0266052"
"5908","2","5","7","34","52","216","30","46","72","C0266052"
"6683","2","3","12","76","153","40","38","54","75","C0266052"
"57505","2","3","2","110","85","67","76","252","154","C0266052"
"23022","2","5","7","53","45","342","103","464","187","C0266052"
"23556","2","3","2","61","77","142","176","235","317","C0266052"
"2517","2","3","7","34","52","216","395","549","674","C0266052"
"55636","2","3","3","19","221","321","428","423","389","C0266052"
"1896","2","5","12","41","219","339","156","568","697","C0266052"
"6121","2","3","2","69","83","101","126","170","224","C0266052"
"5932","2","3","12","19","31","261","116","1","86","C0266052"
"6448","2","3","5","74","160","294","376","453","567","C0266054"
"55630","2","3","5","27","81","99","162","216","290","C0266054"
"4514","2","3","2","48","57","110","141","359","5","C0266054"
"54757","2","5","7","53","51","342","454","573","492","C0266054"
"2261","2","5","7","53","14","20","25","40","186","C0266054"
"10806","2","3","12","76","153","40","38","54","75","C0266061"
"2556","2","5","8","27","70","99","162","216","290","C0266061"
"8517","2","3","12","41","219","339","156","568","697","C0266061"
"1896","2","5","12","41","219","339","156","568","697","C0266061"
"4286","2","3","12","19","31","261","116","1","664","C0266061"
"7276","2","5","7","34","52","216","395","549","674","C0266061"
"567","2","5","7","34","52","119","395","549","674","C0266061"
"3891","2","1","6","11","142","225","142","220","298","C0266061"
"3977","2","5","7","53","51","119","25","40","416","C0266061"
"7136","2","5","8","63","45","23","103","464","187","C0266061"
"595","2","3","12","19","31","1","426","489","416","C0266061"
"4990","2","3","3","19","221","321","428","541","667","C0266061"
"1376","2","3","2","19","151","276","91","433","118","C0266061"
"2261","2","5","7","53","14","20","25","40","186","C0266061"
"9652","2","3","2","110","85","237","433","547","671","C0266061"
"7443","2","3","12","19","31","261","34","540","68","C0266061"
"25836","2","3","12","76","153","40","38","54","75","C0266061"
"5277","2","3","2","61","77","142","176","235","317","C0266061"
"7428","2","3","12","41","116","268","434","468","213","C0266061"
"4921","2","5","7","53","14","20","25","573","186","C0266061"
"3991","2","3","5","80","81","166","57","83","658","C0266061"
"6135","2","3","2","110","85","237","433","547","671","C0266063"
"7337","2","3","12","41","116","268","434","468","213","C0266063"
"5922","2","5","7","60","54","24","30","46","72","C0266063"
"207","2","3","7","53","14","20","34","489","416","C0266063"
"2706","2","3","12","76","153","40","38","54","75","C0266067"
"4851","2","3","12","19","221","143","428","236","667","C0266067"
"7291","2","3","12","19","151","276","91","489","416","C0266067"
"4952","2","3","5","60","54","184","30","544","669","C0266067"
"1280","2","5","7","53","51","342","454","573","492","C0266111"
"2692","2","5","4","68","96","326","427","548","672","C0266111"
"4221","2","3","12","19","31","342","454","573","492","C0266111"
"421","2","5","7","42","51","335","444","560","373","C0266122"
"79443","2","3","2","48","57","110","141","359","462","C0266122"
"5189","2","3","5","43","161","305","409","208","482","C0266122"
"8754","2","5","7","53","51","342","454","573","492","C0266122"
"3090","2","3","12","19","31","1","426","55","664","C0266122"
"5781","2","5","7","53","14","20","25","40","186","C0266122"
"4893","2","5","7","34","52","24","30","46","72","C0266122"
"2074","2","3","12","19","31","1","426","55","78","C0266122"
"9531","2","3","12","41","219","339","347","271","356","C0266122"
"6334","2","5","8","63","36","166","341","223","158","C0266122"
"55275","2","5","7","60","54","24","98","66","203","C0266122"
"2521","2","3","2","22","33","323","66","101","136","C0266122"
"4643","2","5","7","60","14","20","25","40","215","C0266122"
"9241","2","5","7","53","51","342","259","423","389","C0266122"
"5428","2","3","2","48","170","50","119","167","593","C0266122"
"4647","2","5","7","60","83","101","126","170","224","C0266122"
"5295","2","5","7","53","14","20","25","40","186","C0266122"
"25970","2","5","7","53","14","20","25","40","116","C0266122"
"1513","2","5","7","53","51","342","454","573","492","C0266122"
"462","2","5","7","53","51","342","454","573","492","C0266122"
"4693","2","5","7","53","51","342","454","573","492","C0266122"
"1893","2","5","7","53","51","342","454","573","702","C0266122"
"8742","2","3","12","41","219","339","156","568","697","C0266122"
"4598","2","3","2","19","151","276","198","259","427","C0266122"
"3265","2","5","7","60","54","24","30","46","72","C0266122"
"54567","2","5","7","53","51","143","428","236","667","C0266122"
"54941","2","3","12","41","116","268","434","468","213","C0266122"
"2077","2","3","12","76","153","40","38","54","75","C0266174"
"9215","2","5","2","27","36","150","430","215","628","C0266174"
"5308","2","3","3","19","221","321","428","541","667","C0266174"
"7003","2","3","12","19","31","276","91","433","118","C0266174"
"90","2","5","7","53","51","342","259","423","389","C0266174"
"7809","2","5","8","63","45","23","34","464","187","C0266174"
"51715","2","5","7","60","54","24","30","46","72","C0266196"
"4524","2","3","2","15","166","104","369","117","583","C0266196"
"22999","2","5","7","60","36","71","341","223","219","C0266200"
"8517","2","3","12","41","219","339","156","568","697","C0266200"
"3845","2","5","7","60","54","24","30","46","72","C0266200"
"1291","2","5","7","53","51","342","454","573","492","C0266200"
"6658","2","3","12","19","221","321","428","541","667","C0266267"
"1535","2","5","7","34","52","216","395","549","674","C0266267"
"6235","2","3","2","110","85","237","433","547","671","C0266273"
"2668","2","5","7","53","14","20","25","40","186","C0266273"
"6389","2","3","2","48","170","50","119","444","556","C0266275"
"3209","2","3","3","19","221","321","428","541","667","C0266275"
"8635","2","5","7","34","52","216","395","549","674","C0266283"
"6391","2","3","2","48","170","50","119","444","556","C0266283"
"6197","2","3","12","19","14","20","34","540","68","C0266292"
"6687","2","3","2","48","170","50","119","444","593","C0266292"
"2290","2","3","3","19","221","321","428","541","667","C0266292"
"5034","2","5","7","53","51","342","454","573","492","C0266292"
"5173","2","5","4","68","96","326","427","548","672","C0266292"
"9509","2","5","7","53","51","342","454","573","492","C0266292"
"2109","2","3","2","48","170","50","119","444","556","C0266292"
"4000","2","3","12","26","105","178","226","297","156","C0266292"
"5116","2","3","12","76","153","40","38","54","75","C0266292"
"54209","2","5","7","53","51","119","395","549","674","C0266292"
"3251","2","3","4","68","96","326","427","341","150","C0266292"
"5660","2","5","7","34","52","326","427","548","702","C0266292"
"2521","2","3","2","22","33","323","66","101","136","C0266294"
"7468","2","3","12","19","31","1","426","55","78","C0266294"
"2146","2","3","12","19","31","1","426","55","78","C0266294"
"5832","2","3","2","101","62","189","182","509","252","C0266294"
"6648","2","3","2","95","151","160","378","173","229","C0266294"
"3440","2","3","12","19","184","118","155","287","116","C0266294"
"664","2","3","12","41","219","339","402","489","551","C0266294"
"355","2","3","7","41","219","339","156","568","697","C0266294"
"2626","2","3","12","19","31","118","155","287","116","C0266294"
"3949","2","5","7","60","14","184","341","544","669","C0266294"
"50964","2","5","3","68","221","197","259","423","422","C0266294"
"1910","2","5","4","68","96","326","427","548","672","C0266294"
"427","2","3","7","34","52","216","395","549","420","C0266294"
"9782","2","3","2","22","33","323","66","101","136","C0266294"
"8200","2","5","7","53","51","342","259","423","389","C0266294"
"6664","2","3","3","19","221","321","428","541","667","C0266294"
"5604","2","5","7","53","14","20","34","540","68","C0266294"
"2629","2","3","5","80","81","250","291","152","420","C0266294"
"51314","2","3","2","76","153","178","378","54","229","C0266294"
"5663","2","5","7","34","52","216","395","549","667","C0266294"
"1855","2","5","12","76","153","197","259","560","422","C0266295"
"2224","2","3","3","19","151","276","91","433","118","C0266295"
"2645","2","3","2","90","167","266","367","101","664","C0266295"
"7443","2","3","12","19","31","261","34","540","68","C0266295"
"5728","2","3","5","80","81","339","156","568","605","C0266295"
"3691","2","5","7","53","51","342","454","573","492","C0266295"
"4851","2","3","12","19","221","143","428","236","667","C0266295"
"3663","2","3","12","53","184","119","156","287","116","C0266295"
"55112","2","3","12","76","153","40","38","54","75","C0266295"
"7351","2","3","2","20","29","98","123","166","221","C0266295"
"4359","2","5","7","53","51","342","454","573","492","C0266295"
"8626","2","3","3","19","221","321","428","541","667","C0266295"
"1278","2","5","7","53","51","342","454","573","492","C0266295"
"8302","2","5","7","53","51","119","395","549","674","C0266295"
"3106","2","5","7","34","52","119","395","549","674","C0266295"
"1420","2","3","6","63","45","160","362","177","673","C0266295"
"6578","2","3","5","35","41","77","40","57","80","C0266295"
"3845","2","5","7","60","54","24","30","46","72","C0266295"
"23495","2","3","12","41","219","339","156","568","697","C0266295"
"3845","2","5","7","60","54","24","30","46","72","C0266295"
"4593","2","5","7","53","14","20","454","573","492","C0266295"
"2706","2","3","12","76","153","40","38","54","75","C0266295"
"29123","2","3","12","19","151","276","91","433","118","C0266295"
"3758","2","5","8","63","36","166","106","110","158","C0266295"
"81858","2","5","7","60","36","71","341","223","219","C0266295"
"9451","2","3","2","110","51","335","226","297","380","C0266295"
"3265","2","5","7","60","54","24","30","46","72","C0266295"
"26580","2","5","8","27","70","99","162","216","290","C0266295"
"8893","2","3","2","110","85","237","433","547","671","C0266295"
"6329","2","5","8","63","36","166","341","390","158","C0266295"
"4286","2","3","12","19","31","261","116","1","664","C0266295"
"7227","2","3","12","19","31","276","91","433","118","C0266295"
"4893","2","5","7","34","52","24","30","46","72","C0266298"
"7403","2","3","12","19","31","1","426","55","78","C0266298"
"8322","2","5","3","68","221","184","259","544","669","C0266298"
"8626","2","3","3","19","221","321","428","541","667","C0266298"
"5663","2","5","7","34","52","216","395","549","667","C0266298"
"9056","2","3","8","45","94","199","240","415","666","C0266313"
"6390","2","3","2","48","170","50","119","444","556","C0266313"
"54832","2","5","12","34","52","216","429","321","255","C0266313"
"658","2","5","7","53","51","342","259","423","389","C0266313"
"8867","2","3","5","60","14","184","341","544","669","C0266361"
"7546","2","5","3","19","221","321","79","560","373","C0266361"
"22930","2","5","7","60","54","24","30","46","72","C0266361"
"3209","2","3","3","19","221","321","428","541","667","C0266361"
"26137","2","5","7","63","45","184","103","572","658","C0266362"
"7355","2","3","2","78","206","324","430","429","544","C0266362"
"4914","2","3","2","22","18","266","202","252","252","C0266362"
"4221","2","3","12","19","31","342","454","573","492","C0266362"
"2261","2","5","7","53","14","20","25","40","186","C0266362"
"2010","2","3","12","26","105","296","226","488","156","C0266362"
"1001","2","5","7","53","51","335","444","560","373","C0266362"
"23321","2","5","7","53","184","119","156","287","116","C0266362"
"641","2","3","12","19","31","261","116","1","86","C0266362"
"6913","2","3","3","19","221","321","428","541","667","C0266362"
"2767","2","5","4","68","96","326","427","548","672","C0266362"
"843","2","3","12","41","219","339","156","568","697","C0266362"
"6855","2","5","7","27","36","150","341","223","628","C0266362"
"5573","2","3","12","19","184","118","155","287","116","C0266362"
"2203","2","3","5","80","81","266","367","500","577","C0266362"
"4322","2","5","7","53","51","342","454","573","492","C0266362"
"1302","2","5","7","53","51","342","454","573","492","C0266362"
"2717","2","3","7","34","52","216","395","549","674","C0266362"
"57545","2","3","12","76","153","40","38","54","75","C0266362"
"8322","2","5","3","68","221","184","259","544","669","C0266362"
"715","2","5","7","53","51","119","395","549","674","C0266362"
"4143","2","3","5","80","81","105","426","129","2","C0266362"
"5913","2","5","7","27","36","71","341","223","219","C0266362"
"30008","2","5","7","53","51","342","454","573","492","C0266362"
"5859","2","3","2","110","85","237","433","547","154","C0266371"
"2717","2","3","7","34","52","216","395","549","674","C0266371"
"5189","2","3","5","43","161","305","409","208","482","C0266371"
"3575","2","5","7","53","51","184","341","544","669","C0266371"
"8242","2","3","12","19","31","1","426","55","78","C0266371"
"673","2","5","7","53","14","20","34","540","68","C0266371"
"6532","2","5","8","45","94","199","240","415","666","C0266371"
"6926","2","5","7","53","51","335","259","560","373","C0266371"
"929","2","5","7","34","52","216","395","549","674","C0266371"
"3356","2","5","4","68","96","326","427","548","672","C0266371"
"7461","2","3","7","60","153","40","38","93","75","C0266371"
"51715","2","5","7","60","54","24","30","46","72","C0266371"
"3908","2","5","7","53","51","342","454","573","492","C0266371"
"2737","2","3","12","19","116","321","428","54","667","C0266371"
"200879","2","3","5","116","183","295","398","552","622","C0266371"
"6870","2","5","4","68","96","326","427","548","672","C0266383"
"3123","2","5","7","53","51","119","156","287","116","C0266383"
"4747","2","5","7","27","36","150","341","223","628","C0266383"
"5317","2","5","7","34","52","216","142","220","298","C0266383"
"9829","2","5","7","60","14","184","341","544","669","C0266383"
"3166","2","3","3","19","221","321","428","541","667","C0266387"
"27077","2","3","12","76","153","40","38","54","75","C0266387"
"9103","2","5","7","53","142","71","341","560","219","C0266387"
"2810","2","3","2","48","57","110","141","359","411","C0266387"
"6635","2","3","2","22","33","323","66","101","136","C0266387"
"4998","2","3","12","76","31","261","116","1","86","C0266387"
"7274","2","3","5","43","161","99","162","216","290","C0266387"
"1028","2","3","12","19","31","1","116","1","86","C0266387"
"6662","2","3","3","19","221","321","428","541","667","C0266387"
"54880","2","3","12","19","31","1","426","55","78","C0266387"
"5894","2","5","7","60","54","23","34","464","187","C0266387"
"9361","2","3","2","48","170","50","119","444","556","C0266393"
"9657","2","3","12","76","153","40","38","54","75","C0266393"
"546","2","3","12","19","31","261","426","1","86","C0266393"
"2131","2","3","2","74","58","112","148","181","416","C0266399"
"6845","2","5","7","60","14","184","341","544","669","C0266399"
"4212","2","3","3","19","221","321","428","541","667","C0266399"
"3643","2","5","7","53","14","20","25","40","186","C0266399"
"54840","2","3","12","19","31","261","116","1","86","C0266399"
"2588","2","3","7","34","52","216","395","549","674","C0266399"
"1583","2","3","5","79","152","273","375","100","589","C0266399"
"1201","2","3","2","48","170","50","304","167","593","C0266399"
"2324","2","5","7","53","14","20","25","40","186","C0266399"
"5573","2","3","12","19","184","118","155","287","116","C0266399"
"10962","2","5","7","27","36","150","341","223","628","C0266399"
"1299","2","5","7","53","51","342","454","573","492","C0266399"
"6925","2","3","12","19","31","225","142","220","298","C0266399"
"55651","2","3","2","110","85","237","433","547","671","C0266399"
"1230","2","5","4","68","96","326","427","548","672","C0266399"
"3717","2","5","7","53","14","20","25","40","186","C0266399"
"2517","2","3","7","34","52","216","395","549","674","C0266399"
"8792","2","3","12","41","219","339","156","568","697","C0266399"
"9517","2","3","2","50","47","39","100","321","638","C0266399"
"23592","2","3","12","26","105","342","259","423","389","C0266399"
"2317","2","5","7","63","45","23","103","287","664","C0266399"
"8517","2","3","12","41","219","339","156","568","697","C0266399"
"10060","2","3","8","41","45","23","423","464","445","C0266399"
"8216","2","3","12","41","119","330","214","454","144","C0266411"
"1528","2","3","5","91","214","271","372","471","586","C0266411"
"9790","2","3","2","110","85","237","433","547","671","C0266411"
"7253","2","5","4","68","96","326","427","548","672","C0266427"
"2332","2","3","2","22","33","71","373","466","609","C0266427"
"5897","2","3","12","41","116","268","141","568","605","C0266427"
"6949","2","3","2","110","85","237","164","390","311","C0266427"
"55651","2","3","2","110","85","237","433","547","671","C0266427"
"3643","2","5","7","53","14","20","25","40","186","C0266427"
"4763","2","5","7","60","54","24","30","46","214","C0266427"
"2006","2","5","7","53","51","342","454","573","492","C0266427"
"7040","2","5","7","53","51","342","454","573","492","C0266427"
"4514","2","3","2","48","57","110","141","359","5","C0266444"
"5320","2","3","5","116","183","295","398","243","561","C0266444"
"23175","2","3","5","80","81","296","51","488","102","C0266444"
"3852","2","1","6","11","142","225","142","220","298","C0266456"
"23411","2","3","12","19","31","1","91","433","118","C0266456"
"4669","2","3","5","80","81","166","454","453","492","C0266456"
"4952","2","3","5","60","54","184","30","544","669","C0266456"
"3035","2","3","2","110","85","237","433","547","154","C0266463"
"2108","2","3","2","48","170","50","119","444","556","C0266463"
"9863","2","5","7","42","36","71","177","223","219","C0266463"
"8323","2","5","3","68","221","197","259","560","422","C0266463"
"6440","2","5","5","68","96","185","238","310","272","C0266463"
"8242","2","3","12","19","31","1","426","55","78","C0266463"
"7048","2","5","7","53","51","342","259","423","389","C0266463"
"3981","2","3","12","19","31","261","116","1","86","C0266463"
"23522","2","3","12","19","31","1","426","55","78","C0266463"
"4638","2","5","7","53","45","23","103","464","187","C0266463"
"8557","2","5","8","63","45","23","103","464","187","C0266463"
"10161","2","5","4","68","96","326","427","548","672","C0266463"
"51062","2","5","7","27","36","150","402","489","373","C0266463"
"54209","2","5","7","53","51","119","395","549","674","C0266463"
"10225","2","5","7","53","51","119","395","549","674","C0266463"
"554","2","5","4","68","96","326","427","548","672","C0266484"
"10008","2","5","8","63","36","166","341","223","158","C0266484"
"7291","2","3","12","19","151","276","91","489","416","C0266484"
"3090","2","3","12","19","31","1","426","55","664","C0266484"
"4148","2","5","7","53","51","342","454","573","492","C0266491"
"335","2","5","7","53","51","342","454","573","492","C0266491"
"1280","2","5","7","53","51","342","454","573","492","C0266491"
"2736","2","3","12","41","116","321","428","54","667","C0266525"
"5605","2","5","7","53","14","20","34","540","68","C0266525"
"6663","2","3","3","19","221","321","428","541","667","C0266537"
"7015","2","3","12","19","31","1","426","55","78","C0266537"
"2296","2","3","3","19","221","321","428","541","667","C0266539"
"6569","2","3","8","45","94","199","240","415","666","C0266539"
"5728","2","3","5","80","81","339","156","568","605","C0266539"
"5125","2","5","6","11","51","225","142","220","298","C0266539"
"7428","2","3","12","41","116","268","434","468","213","C0266539"
"5740","2","3","5","91","175","279","167","224","301","C0266539"
"5624","2","5","7","53","51","342","454","573","492","C0266539"
"9786","2","3","12","76","153","40","38","54","75","C0266539"
"8626","2","3","3","19","221","321","428","541","667","C0266539"
"2200","2","5","7","53","51","342","454","573","492","C0266539"
"1028","2","3","12","19","31","1","116","1","86","C0266539"
"5295","2","5","7","53","14","20","25","40","186","C0266539"
"9126","2","3","12","76","153","40","38","54","75","C0266539"
"5781","2","5","7","53","14","20","25","40","186","C0266539"
"4907","2","3","5","80","81","296","62","94","150","C0266539"
"990","2","3","12","76","31","261","116","1","86","C0266541"
"4361","2","3","12","19","31","261","116","1","86","C0266541"
"6556","2","3","7","34","52","216","395","549","674","C0266548"
"54714","2","5","8","63","36","166","106","110","158","C0266548"
"148022","2","3","12","41","219","339","156","568","697","C0266548"
"7048","2","5","7","53","51","342","259","423","389","C0266551"
"6326","2","5","8","63","36","166","341","390","158","C0266551"
"2147","2","5","7","68","51","342","454","573","492","C0266551"
"641","2","3","12","19","31","261","116","1","86","C0266551"
"54463","2","3","2","48","57","110","141","359","462","C0266568"
"3767","2","5","8","63","36","166","106","110","158","C0266568"
"10716","2","5","7","53","51","335","444","560","373","C0266568"
"168507","2","5","7","53","51","335","444","560","373","C0266568"
"3073","2","3","5","105","155","250","291","152","420","C0266589"
"55636","2","3","3","19","221","321","428","423","389","C0266589"
"3664","2","5","7","53","184","119","156","287","116","C0266589"
"3141","2","3","2","68","40","130","166","127","173","C0266589"
"7476","2","5","3","68","221","197","259","560","422","C0266589"
"6792","2","5","7","53","14","20","34","540","68","C0266589"
"4000","2","3","12","26","105","178","226","297","156","C0266589"
"2623","2","3","12","19","31","1","155","287","116","C0266589"
"3000","2","5","4","68","96","326","427","548","672","C0266589"
"6792","2","5","7","53","14","20","34","540","68","C0266589"
"7248","2","3","2","48","57","110","141","359","462","C0266589"
"6567","2","5","8","35","41","77","40","57","80","C0266589"
"477","2","3","8","63","45","23","103","464","187","C0266589"
"5345","2","5","7","53","51","342","454","573","702","C0266589"
"8287","2","3","12","41","219","339","156","568","605","C0266589"
"2263","2","5","7","53","14","20","25","40","186","C0266589"
"6507","2","3","2","45","94","199","240","415","666","C0266589"
"1302","2","5","7","53","51","342","454","573","492","C0266589"
"51594","2","3","7","76","153","40","38","54","75","C0266589"
"54332","2","3","2","60","170","40","98","66","203","C0266589"
"7469","2","3","12","19","31","261","116","159","211","C0266589"
"23414","2","3","12","19","31","118","155","287","116","C0266589"
"3553","2","5","7","53","51","119","25","489","416","C0266589"
"4519","2","3","2","48","170","50","119","508","312","C0266589"
"23522","2","3","12","19","31","1","426","55","78","C0266589"
"2668","2","5","7","53","14","20","25","40","186","C0266589"
"27232","2","3","2","19","31","105","106","14","7","C0266589"
"5155","2","5","7","53","51","342","454","573","186","C0266589"
"3420","2","3","2","67","34","198","33","107","3","C0266589"
"2160","2","5","7","68","51","119","395","549","674","C0266610"
"1956","2","5","7","53","14","184","45","544","669","C0266610"
"7415","2","3","7","34","52","216","395","536","445","C0266610"
"3074","2","3","7","34","52","216","395","549","607","C0266610"
"6845","2","5","7","60","14","184","341","544","669","C0266610"
"7421","2","3","3","19","151","276","91","433","118","C0266610"
"54714","2","5","8","63","36","166","106","110","158","C0266610"
"4726","2","3","2","48","170","50","119","444","556","C0266610"
"2521","2","3","2","22","33","323","66","101","136","C0266610"
"51684","2","3","12","41","116","268","38","54","75","C0266610"
"6872","2","3","12","19","31","261","116","159","211","C0266610"
"7249","2","3","7","60","57","110","141","359","462","C0266610"
"10479","2","5","7","27","36","150","341","223","628","C0266610"
"4128","2","3","5","80","81","119","402","489","416","C0266610"
"10804","2","3","12","76","153","40","38","54","75","C0266610"
"2535","2","5","3","68","221","197","259","560","422","C0266610"
"4519","2","3","2","48","170","50","119","508","312","C0266610"
"5604","2","5","7","53","14","20","34","540","68","C0266610"
"1962","2","3","5","43","161","305","409","208","482","C0266610"
"4014","2","1","6","11","142","225","142","220","298","C0266610"
"5447","2","3","5","91","214","271","372","471","586","C0266610"
"8864","2","3","3","19","151","276","91","433","118","C0266610"
"5290","2","3","7","53","14","20","25","40","186","C0266610"
"2261","2","5","7","53","14","20","25","40","186","C0266610"
"1493","2","5","7","53","51","119","25","40","186","C0266610"
"6016","2","5","7","60","54","24","30","46","72","C0266610"
"5447","2","3","5","91","214","271","372","471","586","C0266610"
"3516","2","3","12","19","31","143","428","236","667","C0266614"
"3753","2","5","8","63","36","166","341","223","158","C0266614"
"324","2","3","12","41","219","197","70","255","422","C0266614"
"23095","2","3","7","76","153","40","38","54","75","C0266619"
"3918","2","5","7","53","51","342","454","573","492","C0266619"
"1490","2","5","7","53","51","342","454","573","492","C0266619"
"22845","2","3","2","48","68","125","161","214","288","C0266619"
"3630","2","5","7","53","14","20","25","40","186","C0266619"
"1081","2","5","4","68","96","326","427","548","672","C0266619"
"7056","2","5","7","53","51","119","454","573","492","C0266619"
"9856","2","5","7","60","14","184","341","544","669","C0266619"
"1280","2","5","7","53","51","342","454","573","492","C0266619"
"5376","2","5","7","53","51","342","454","573","492","C0266619"
"10128","2","3","2","48","170","50","119","444","556","C0266623"
"2812","2","5","7","53","51","342","454","573","492","C0266623"
"50814","2","3","2","69","221","73","360","86","119","C0266623"
"10891","2","3","3","19","151","276","91","433","118","C0266623"
"8076","2","5","7","53","51","342","454","573","492","C0266623"
"673","2","5","7","53","14","20","34","540","68","C0266623"
"54808","2","3","12","76","153","40","38","54","75","C0266623"
"3043","2","5","7","34","52","216","395","549","116","C0266623"
"9401","2","3","12","76","31","261","116","1","86","C0266623"
"435","2","3","8","84","97","167","210","278","360","C0266623"
"30009","2","5","7","53","51","119","25","549","674","C0266623"
"3593","2","5","7","53","51","119","25","489","416","C0266623"
"324","2","3","12","41","219","197","70","255","422","C0266623"
"5824","2","3","5","47","144","185","238","310","392","C0266623"
"9343","2","3","2","22","33","323","66","101","136","C0266623"
"7403","2","3","12","19","31","1","426","55","78","C0266623"
"50943","2","3","12","19","31","1","426","129","131","C0266623"
"3178","2","3","2","22","33","323","66","101","136","C0266623"
"1291","2","5","7","53","51","342","454","573","492","C0266623"
"25861","2","5","7","42","36","71","177","223","219","C0266625"
"4948","2","5","8","63","45","23","250","464","187","C0266625"
"3423","2","3","5","74","3","342","374","294","590","C0266625"
"3798","2","3","7","76","153","40","38","54","75","C0266625"
"1261","2","5","8","63","36","166","106","110","158","C0266625"
"7547","2","3","3","19","221","321","428","541","667","C0266625"
"6309","2","3","5","19","151","76","48","69","204","C0266625"
"25974","2","3","7","48","51","105","139","186","245","C0266625"
"9775","2","3","2","22","33","323","66","101","136","C0266625"
"2260","2","5","7","53","14","20","25","40","186","C0266625"
"84699","2","3","12","26","35","276","91","433","118","C0266625"
"4582","2","5","7","53","206","324","430","429","544","C0266625"
"79577","2","3","12","19","31","261","116","159","211","C0266625"
"6550","2","3","2","45","94","199","240","415","163","C0266625"
"6314","2","3","12","19","31","1","426","568","78","C0266625"
"9820","2","3","12","41","116","268","434","468","213","C0266625"
"6341","2","3","2","48","170","50","119","444","556","C0266625"
"51119","2","3","2","110","85","237","433","547","671","C0266625"
"1146","2","5","8","27","70","99","162","216","290","C0266625"
"2072","2","3","12","19","31","261","116","1","86","C0266625"
"9333","2","1","6","11","142","225","142","220","298","C0266625"
"5339","2","5","7","53","51","342","454","573","492","C0266625"
"7054","2","3","5","80","81","166","34","258","345","C0266625"
"10743","2","3","3","19","151","276","91","433","118","C0266625"
"7422","2","5","7","53","51","342","454","573","702","C0266625"
"6515","2","5","7","34","52","216","395","549","674","C0266625"
"5224","2","3","5","90","167","266","367","500","577","C0266625"
"5518","2","3","12","76","153","40","38","54","435","C0266631"
"5896","2","3","12","41","116","268","434","568","605","C0266631"
"1031","2","3","12","19","31","1","426","55","78","C0266631"
"4952","2","3","5","60","54","184","30","544","669","C0266631"
"3565","2","5","7","53","51","119","25","489","416","C0266631"
"9031","2","3","12","19","31","1","426","55","78","C0266631"
"367","2","3","12","19","31","276","91","433","118","C0266631"
"5830","2","3","5","43","161","305","409","208","482","C0266642"
"1031","2","3","12","19","31","1","426","55","78","C0266642"
"4210","2","3","12","41","219","339","156","568","697","C0266642"
"6262","2","5","8","63","45","23","34","464","187","C0266642"
"5648","2","5","7","53","51","119","395","549","674","C0266642"
"51082","2","3","2","19","31","1","426","55","78","C0266642"
"5573","2","3","12","19","184","118","155","287","116","C0266642"
"673","2","5","7","53","14","20","34","540","68","C0266642"
"4214","2","3","12","41","219","339","34","540","117","C0266642"
"79809","2","3","12","76","153","40","38","54","75","C0266642"
"151","2","5","4","68","96","326","427","548","672","C0266642"
"4306","2","3","3","19","151","276","91","433","118","C0266642"
"54101","2","3","2","48","170","50","347","167","593","C0266642"
"701","2","3","12","76","153","40","38","54","75","C0266642"
"6648","2","3","2","95","151","160","378","173","229","C0266642"
"3043","2","5","7","34","52","216","395","549","116","C0266642"
"6575","2","3","8","45","94","199","240","415","666","C0266642"
"1499","2","3","12","19","221","197","259","560","422","C0266642"
"153090","2","5","7","60","54","24","30","46","72","C0266642"
"7170","2","5","8","63","45","23","103","464","187","C0266642"
"6870","2","5","4","68","96","326","427","548","672","C0266642"
"1991","2","5","7","34","52","216","395","549","674","C0266642"
"55135","2","3","12","76","137","76","136","472","435","C0266642"
"9742","2","3","12","76","153","40","38","54","75","C0266642"
"7287","2","5","7","11","142","71","341","560","219","C0266642"
"54453","2","5","7","60","54","24","30","46","72","C0266667"
"1967","2","3","2","110","85","237","433","547","671","C0266667"
"6452","2","5","7","53","14","20","25","40","186","C0266667"
"51339","2","3","12","41","116","268","434","568","605","C0266667"
"4647","2","5","7","60","83","101","126","170","224","C0266677"
"388531","2","5","4","68","45","272","427","518","621","C0266677"
"55624","2","3","2","78","123","194","255","215","412","C0266781"
"2263","2","5","7","53","14","20","25","40","186","C0266781"
"6909","2","5","7","53","51","335","444","560","373","C0266781"
"5194","2","3","5","43","161","305","409","208","482","C0266781"
"79728","2","3","12","19","31","261","116","1","86","C0266781"
"5903","2","3","12","22","33","323","66","101","664","C0266781"
"2074","2","3","12","19","31","1","426","55","78","C0266786"
"6330","2","5","8","63","36","166","341","223","158","C0266786"
"8924","2","3","12","41","116","268","434","468","213","C0266786"
"64324","2","3","12","19","31","1","426","55","78","C0266786"
"5828","2","3","5","43","161","305","409","208","482","C0266786"
"4308","2","5","8","63","45","193","306","390","158","C0266929"
"4539","2","3","2","53","184","86","107","560","195","C0266929"
"1184","2","5","8","63","45","23","34","464","187","C0266981"
"1280","2","5","7","53","51","342","454","573","492","C0266981"
"7432","2","5","4","68","96","326","427","548","672","C0267048"
"6010","2","5","4","68","96","326","427","548","672","C0267048"
"1778","2","3","7","76","153","40","38","54","75","C0267048"
"889","2","5","7","60","45","23","306","64","436","C0267048"
"538","2","3","8","63","45","23","103","464","187","C0267048"
"7167","2","3","2","90","167","266","367","500","577","C0267048"
"5627","2","5","7","53","51","342","454","573","702","C0267048"
"1811","2","5","8","35","41","199","40","415","666","C0267048"
"5189","2","3","5","43","161","305","409","208","482","C0267048"
"3559","2","5","7","53","14","20","25","40","186","C0267048"
"4322","2","5","7","53","51","342","454","573","492","C0267373"
"9990","2","5","8","45","94","199","240","415","666","C0267373"
"8195","2","3","12","76","153","76","38","54","75","C0267456"
"10815","2","5","7","60","36","71","341","223","666","C0267456"
"26277","2","3","12","19","31","1","426","1","78","C0267456"
"3339","2","5","7","53","51","342","454","573","492","C0267456"
"990","2","3","12","76","31","261","116","1","86","C0267456"
"5604","2","5","7","53","14","20","34","540","68","C0267456"
"3047","2","3","12","19","31","118","155","287","116","C0267456"
"3248","2","3","2","69","83","133","167","224","301","C0267456"
"257","2","3","3","19","221","321","428","541","667","C0267456"
"3880","2","1","6","11","142","225","142","220","298","C0267456"
"7157","2","3","12","19","31","261","402","489","551","C0267456"
"4724","2","3","2","48","170","50","119","444","556","C0267456"
"8820","2","3","3","19","221","321","428","541","667","C0267456"
"103","2","3","2","110","184","119","156","287","116","C0267456"
"79042","2","3","12","22","33","323","66","101","664","C0267456"
"5073","2","3","2","110","85","323","433","146","194","C0267456"
"6622","2","3","7","27","36","150","341","223","628","C0267566"
"5194","2","3","5","43","161","305","409","208","482","C0267566"
"7169","2","5","8","63","45","23","103","464","187","C0267566"
"7422","2","5","7","53","51","342","454","573","702","C0267566"
"8481","2","3","12","76","153","40","38","54","75","C0267566"
"3674","2","5","7","53","51","342","454","573","492","C0267663"
"22926","2","3","12","19","31","276","91","433","118","C0267663"
"3977","2","5","7","53","51","119","25","40","416","C0267797"
"5734","2","5","4","68","96","326","427","548","672","C0267797"
"79728","2","3","12","19","31","261","116","1","86","C0267812"
"2263","2","5","7","53","14","20","25","40","186","C0267812"
"8878","2","3","12","41","219","339","156","568","697","C0267812"
"3060","2","5","4","68","96","326","427","548","672","C0267812"
"8328","2","3","12","19","31","1","426","55","78","C0267812"
"5897","2","3","12","41","116","268","141","568","605","C0267812"
"8504","2","3","5","47","144","185","238","310","392","C0267812"
"4038","2","5","7","53","51","342","454","573","492","C0267812"
"4914","2","3","2","22","18","266","202","252","252","C0267812"
"3181","2","3","2","22","33","323","66","101","136","C0267812"
"9076","2","5","6","42","36","71","177","64","219","C0267812"
"2737","2","3","12","19","116","321","428","54","667","C0267812"
"2597","2","3","2","90","167","266","367","500","577","C0267818"
"3553","2","5","7","53","51","119","25","489","416","C0267818"
"8195","2","3","12","76","153","76","38","54","75","C0267818"
"3655","2","5","7","53","51","342","454","573","492","C0267818"
"2719","2","5","7","53","51","342","454","573","492","C0267818"
"4851","2","3","12","19","221","143","428","236","667","C0267818"
"10806","2","3","12","76","153","40","38","54","75","C0267818"
"5788","2","5","7","34","52","216","395","549","674","C0267818"
"6392","2","3","2","48","170","50","119","444","556","C0267818"
"55840","2","3","2","22","31","261","116","159","211","C0267834"
"3098","2","3","2","90","167","266","367","500","577","C0267834"
"8815","2","3","12","22","33","323","66","444","664","C0267834"
"5648","2","5","7","53","51","119","395","549","674","C0267834"
"8988","2","3","8","63","45","160","103","464","187","C0267952"
"54583","2","3","12","41","116","268","434","568","605","C0267952"
"51259","2","3","2","76","153","40","38","54","75","C0267952"
"4763","2","5","7","60","54","24","30","46","214","C0267963"
"112802","2","1","6","11","142","225","142","220","298","C0267963"
"545","2","3","12","19","31","261","116","1","86","C0267963"
"23095","2","3","7","76","153","40","38","54","75","C0267963"
"6654","2","5","7","60","54","24","30","46","72","C0267963"
"2261","2","5","7","53","14","20","25","40","186","C0267963"
"4621","2","5","8","63","45","23","103","464","187","C0267963"
"1896","2","5","12","41","219","339","156","568","697","C0267963"
"5144","2","3","4","68","96","326","427","548","672","C0267963"
"51702","2","3","12","19","31","1","426","55","78","C0267963"
"547","2","3","7","76","153","40","38","54","75","C0267963"
"4916","2","5","7","53","14","20","25","447","186","C0267963"
"3814","2","5","4","68","96","326","427","548","672","C0267963"
"7473","2","5","3","68","221","197","259","560","422","C0267963"
"1954","2","5","7","53","51","342","454","573","492","C0268024"
"23532","2","3","12","41","116","152","129","252","154","C0268024"
"25970","2","5","7","53","14","20","25","40","116","C0268060"
"240","2","3","7","34","52","216","395","489","416","C0268060"
"5979","2","5","7","53","14","20","25","40","186","C0268070"
"10456","2","3","2","41","170","150","304","167","593","C0268070"
"3909","2","5","7","53","51","342","454","573","492","C0268079"
"1490","2","5","7","53","51","342","454","573","492","C0268079"
"55670","2","3","5","43","161","305","409","208","482","C0268079"
"2261","2","5","7","53","14","20","25","40","186","C0268079"
"6792","2","5","7","53","14","20","34","540","68","C0268079"
"6239","2","3","12","19","119","330","214","454","144","C0268079"
"2697","2","3","7","76","153","40","38","54","75","C0268079"
"5830","2","3","5","43","161","305","409","208","482","C0268079"
"5982","2","3","12","19","31","261","116","1","86","C0268079"
"7124","2","3","12","41","219","339","156","568","697","C0268079"
"3614","2","3","7","34","52","216","395","549","674","C0268079"
"72","2","5","8","63","45","23","103","464","187","C0268079"
"6154","2","3","2","110","85","237","433","547","671","C0268079"
"9380","2","3","2","67","128","208","289","366","472","C0268079"
"3240","2","5","7","34","52","216","395","549","674","C0268079"
"1733","2","3","5","69","83","101","126","57","224","C0268079"
"1280","2","5","7","53","51","342","454","573","492","C0268079"
"1501","2","5","7","27","36","150","341","223","628","C0268079"
"23746","2","3","12","41","83","101","126","271","356","C0268079"
"1908","2","5","4","68","96","326","427","548","672","C0268079"
"2720","2","3","7","34","52","216","395","21","599","C0268079"
"54757","2","5","7","53","51","342","454","573","492","C0268117"
"3482","2","5","7","34","52","216","395","544","669","C0268117"
"2548","2","3","7","34","52","216","395","549","674","C0268118"
"1291","2","5","7","53","51","342","454","573","492","C0268118"
"10516","2","5","7","53","51","342","454","573","492","C0268119"
"2261","2","5","7","53","14","20","25","40","186","C0268119"
"2146","2","3","12","19","31","1","426","55","78","C0268119"
"10758","2","3","12","41","219","339","156","568","697","C0268123"
"1387","2","3","12","19","31","276","91","433","118","C0268123"
"2706","2","3","12","76","153","40","38","54","75","C0268128"
"4210","2","3","12","41","219","339","156","568","697","C0268128"
"25914","2","3","12","41","116","339","409","359","187","C0268128"
"55145","2","3","2","22","33","225","142","220","140","C0268128"
"6331","2","5","8","63","36","166","341","223","158","C0268128"
"10312","2","3","7","34","52","216","395","549","674","C0268157"
"6929","2","3","12","19","31","1","426","55","78","C0268157"
"2483","2","3","2","22","33","323","66","101","136","C0268157"
"6774","2","3","12","53","14","276","25","489","416","C0268157"
"2592","2","3","2","68","117","196","257","326","419","C0268181"
"9215","2","5","2","27","36","150","430","215","628","C0268181"
"5095","2","3","2","48","40","130","166","127","173","C0268193"
"3569","2","5","7","53","51","342","454","573","416","C0268193"
"8398","2","3","5","116","183","40","38","352","455","C0268194"
"3002","2","5","7","68","51","119","395","549","674","C0268194"
"9992","2","5","8","63","36","166","341","110","158","C0268237"
"3561","2","5","7","53","14","20","25","40","186","C0268237"
"6687","2","3","2","48","170","50","119","444","593","C0268237"
"11285","2","3","2","74","205","191","396","408","620","C0268237"
"4358","2","3","5","43","161","305","409","208","482","C0268237"
"2316","2","5","7","53","51","342","454","573","702","C0268237"
"948","2","5","7","34","52","216","91","433","702","C0268237"
"6154","2","3","2","110","85","237","433","547","671","C0268237"
"977","2","5","7","53","51","342","454","573","492","C0268237"
"1959","2","3","3","19","151","276","91","433","118","C0268237"
"2668","2","5","7","53","14","20","25","40","186","C0268237"
"2316","2","5","7","53","51","342","454","573","702","C0268237"
"7036","2","3","5","29","88","132","85","222","346","C0268237"
"658","2","5","7","53","51","342","259","423","389","C0268255"
"23554","2","5","3","68","221","197","259","518","492","C0268255"
"6390","2","3","2","48","170","50","119","444","556","C0268285"
"4514","2","3","2","48","57","110","141","359","5","C0268285"
"2969","2","3","12","19","31","276","91","433","118","C0268306"
"7157","2","3","12","19","31","261","402","489","551","C0268306"
"6584","2","3","8","45","94","199","240","415","666","C0268306"
"9414","2","5","7","42","36","71","177","223","219","C0268306"
"6647","2","3","2","95","2","342","378","173","702","C0268307"
"1290","2","5","7","53","51","342","454","573","492","C0268307"
"2022","2","5","7","53","51","342","259","423","389","C0268307"
"29954","2","5","2","27","206","324","430","215","290","C0268307"
"6899","2","5","7","53","184","335","259","560","373","C0268307"
"8653","2","3","12","110","85","237","136","472","127","C0268307"
"7136","2","5","8","63","45","23","103","464","187","C0268307"
"9451","2","3","2","110","51","335","226","297","380","C0268307"
"3553","2","5","7","53","51","119","25","489","416","C0268307"
"9897","2","3","12","76","18","75","38","1","212","C0268307"
"10087","2","3","7","50","47","39","100","321","255","C0268307"
"8195","2","3","12","76","153","76","38","54","75","C0268307"
"3098","2","3","2","90","167","266","367","500","577","C0268307"
"2395","2","3","2","48","170","50","304","167","593","C0268307"
"2767","2","5","4","68","96","326","427","548","672","C0268312"
"2203","2","3","5","80","81","266","367","500","577","C0268312"
"3209","2","3","3","19","221","321","428","541","667","C0268312"
"54982","2","3","2","48","170","50","399","167","593","C0268318"
"4000","2","3","12","26","105","178","226","297","156","C0268318"
"6916","2","3","5","91","175","119","167","224","301","C0268318"
"4709","2","3","2","48","170","50","119","444","556","C0268318"
"9241","2","5","7","53","51","342","259","423","389","C0268318"
"3043","2","5","7","34","52","216","395","549","116","C0268335"
"5828","2","3","5","43","161","305","409","208","482","C0268335"
"2121","2","3","12","41","116","268","434","568","605","C0268335"
"6611","2","3","2","58","55","25","46","329","198","C0268336"
"6678","2","5","7","53","51","342","454","573","492","C0268336"
"26277","2","3","12","19","31","1","426","1","78","C0268336"
"3783","2","5","8","63","36","166","106","110","158","C0268337"
"6496","2","3","3","19","221","321","428","541","667","C0268337"
"57817","2","5","7","34","51","342","350","243","561","C0268338"
"1301","2","5","7","53","51","342","454","573","492","C0268338"
"6521","2","5","8","35","41","199","40","415","666","C0268344"
"5156","2","5","7","53","14","20","25","40","186","C0268344"
"5728","2","3","5","80","81","339","156","568","605","C0268345"
"4255","2","3","12","19","31","261","116","1","86","C0268345"
"9409","2","3","5","43","161","305","409","208","482","C0268347"
"3291","2","3","2","69","83","101","94","133","318","C0268347"
"10806","2","3","12","76","153","40","38","54","75","C0268350"
"6299","2","3","12","19","221","321","428","541","667","C0268350"
"51816","2","5","7","34","52","216","395","549","674","C0268350"
"8878","2","3","12","41","219","339","156","568","697","C0268351"
"7148","2","5","7","53","51","342","454","573","492","C0268351"
"8878","2","3","12","41","219","339","156","568","697","C0268351"
"25942","2","3","12","19","31","1","426","55","78","C0268358"
"8643","2","5","3","68","221","197","259","560","422","C0268358"
"1848","2","3","5","42","81","296","399","201","274","C0268358"
"547","2","3","7","76","153","40","38","54","75","C0268358"
"2271","2","3","5","80","81","166","170","226","305","C0268358"
"5449","2","3","3","19","221","321","428","541","667","C0268362"
"1786","2","3","12","19","31","1","426","55","78","C0268362"
"6868","2","5","7","53","51","342","454","236","492","C0268362"
"5745","2","5","4","68","96","326","427","548","672","C0268362"
"242","2","3","5","11","142","223","142","220","298","C0268362"
"805","2","5","8","53","45","20","34","464","187","C0268362"
"2263","2","5","7","53","14","20","25","40","186","C0268362"
"7249","2","3","7","60","57","110","141","359","462","C0268362"
"1593","2","3","5","79","152","273","157","333","277","C0268362"
"6660","2","3","3","19","221","321","428","541","667","C0268362"
"5813","2","3","12","19","31","1","116","159","211","C0268362"
"5573","2","3","12","19","184","118","155","287","116","C0268363"
"6786","2","5","8","63","45","23","103","464","187","C0268363"
"4297","2","3","12","19","31","1","426","55","78","C0268363"
"7054","2","3","5","80","81","166","34","258","345","C0268363"
"238","2","5","7","53","14","20","25","40","186","C0268363"
"6821","2","3","5","114","211","332","175","556","256","C0268363"
"3423","2","3","5","74","3","342","374","294","590","C0268363"
"1758","2","5","7","53","51","342","454","573","492","C0268363"
"7508","2","3","12","19","31","261","116","1","664","C0268363"
"7045","2","5","12","19","51","1","426","55","78","C0268363"
"65057","2","3","12","19","31","1","426","55","78","C0268374"
"2178","2","3","12","19","31","261","116","1","86","C0268374"
"6674","2","3","12","48","57","50","38","54","462","C0268374"
"545","2","3","12","19","31","261","116","1","86","C0268374"
"7498","2","3","5","80","157","187","159","209","282","C0268374"
"8312","2","3","12","41","219","339","156","568","605","C0268389"
"1175","2","5","7","60","14","184","341","544","669","C0268389"
"5314","2","3","12","76","153","40","38","54","75","C0268389"
"7827","2","5","7","53","170","335","25","560","373","C0268389"
"10483","2","3","7","60","54","24","30","46","72","C0268398"
"3592","2","5","7","53","51","119","25","489","416","C0268398"
"50943","2","3","12","19","31","1","426","129","131","C0268435"
"547","2","3","7","76","153","40","38","54","75","C0268435"
"3418","2","3","2","67","151","276","33","48","155","C0268435"
"8815","2","3","12","22","33","323","66","444","664","C0268435"
"3691","2","5","7","53","51","342","454","573","492","C0268446"
"5604","2","5","7","53","14","20","34","540","68","C0268446"
"4487","2","3","3","19","221","321","428","541","667","C0268446"
"57521","2","3","2","48","57","110","141","359","462","C0268448"
"1280","2","5","7","53","51","342","454","573","492","C0268448"
"8328","2","3","12","19","31","1","426","55","78","C0268450"
"5073","2","3","2","110","85","323","433","146","194","C0268450"
"11200","2","3","12","19","31","261","116","1","86","C0268464"
"55219","2","5","2","27","51","335","444","560","373","C0268464"
"55636","2","3","3","19","221","321","428","423","389","C0268464"
"397","2","5","7","60","54","24","30","46","72","C0268483"
"11311","2","3","12","19","31","118","155","287","116","C0268483"
"1378","2","5","7","34","52","216","395","549","674","C0268483"
"9255","2","3","2","110","85","237","433","547","154","C0268495"
"546","2","3","12","19","31","261","426","1","86","C0268495"
"1861","2","5","7","60","14","184","341","544","669","C0268528"
"2332","2","3","2","22","33","71","373","466","609","C0268528"
"5076","2","3","3","19","221","321","428","541","667","C0268534"
"3767","2","5","8","63","36","166","106","110","158","C0268534"
"4160","2","5","4","68","96","326","427","548","672","C0268534"
"3914","2","5","7","53","51","342","454","573","492","C0268534"
"2245","2","5","7","60","54","24","30","46","72","C0268559"
"56729","2","5","7","34","52","216","395","549","674","C0268559"
"5982","2","3","12","19","31","261","116","1","86","C0268559"
"2316","2","5","7","53","51","342","454","573","702","C0268559"
"10269","2","3","2","48","182","50","119","444","556","C0268559"
"776","2","5","8","63","36","166","341","390","158","C0268559"
"10329","2","3","2","63","123","194","423","536","544","C0268568"
"1813","2","5","4","68","96","326","427","548","672","C0268568"
"4204","2","3","12","19","31","1","426","55","78","C0268568"
"226","2","5","7","34","52","216","395","549","702","C0268569"
"4582","2","5","7","53","206","324","430","429","544","C0268569"
"9723","2","5","7","53","51","342","79","560","373","C0268569"
"23451","2","3","2","22","33","323","66","101","136","C0268579"
"3458","2","5","7","53","184","119","156","287","116","C0268579"
"5194","2","3","5","43","161","305","409","208","482","C0268583"
"859","2","5","8","63","45","23","103","464","187","C0268583"
"2138","2","3","12","19","31","1","426","55","78","C0268583"
"7450","2","5","7","53","51","342","454","573","492","C0268583"
"7369","2","5","7","53","51","119","395","549","674","C0268583"
"2317","2","5","7","63","45","23","103","287","664","C0268583"
"4780","2","3","12","19","31","276","91","433","118","C0268583"
"27077","2","3","12","76","153","40","38","54","75","C0268583"
"2332","2","3","2","22","33","71","373","466","609","C0268583"
"3576","2","5","4","68","96","326","427","548","672","C0268583"
"4286","2","3","12","19","31","261","116","1","664","C0268583"
"4882","2","3","4","68","96","326","427","548","672","C0268583"
"51259","2","3","2","76","153","40","38","54","75","C0268583"
"7994","2","3","12","19","31","1","426","55","78","C0268583"
"9871","2","3","7","60","153","40","38","54","203","C0268583"
"1962","2","3","5","43","161","305","409","208","482","C0268583"
"8200","2","5","7","53","51","342","259","423","389","C0268594"
"1785","2","5","7","60","14","184","341","544","669","C0268594"
"9215","2","5","2","27","36","150","430","215","628","C0268594"
"1583","2","3","5","79","152","273","375","100","589","C0268594"
"443","2","3","5","80","81","189","182","509","409","C0268594"
"5728","2","3","5","80","81","339","156","568","605","C0268596"
"269","2","5","7","53","14","20","259","423","389","C0268596"
"389015","2","3","2","45","94","199","240","519","326","C0268596"
"249","2","3","5","27","51","335","444","560","373","C0268600"
"5885","2","3","12","76","153","40","38","54","75","C0268600"
"10262","2","3","2","22","33","323","66","101","136","C0268621"
"1281","2","5","7","53","51","342","454","573","492","C0268621"
"3913","2","5","7","53","51","342","454","573","492","C0268621"
"7473","2","5","3","68","221","197","259","560","422","C0268621"
"55717","2","3","12","41","116","268","434","468","213","C0268621"
"7476","2","5","3","68","221","197","259","560","422","C0268621"
"2261","2","5","7","53","14","20","25","40","186","C0268621"
"6948","2","5","7","48","51","105","139","186","245","C0268624"
"9896","2","3","5","80","81","296","399","201","274","C0268624"
"958","2","5","7","53","51","119","156","568","697","C0268630"
"3257","2","5","7","60","54","24","30","46","72","C0268630"
"2261","2","5","7","53","14","20","25","40","186","C0268630"
"1311","2","5","7","53","51","342","454","573","492","C0268630"
"85358","2","5","7","60","14","71","341","223","219","C0268630"
"4143","2","3","5","80","81","105","426","129","2","C0268630"
"54884","2","5","7","53","51","342","454","573","492","C0268630"
"1380","2","5","7","53","51","119","395","549","674","C0268630"
"94","2","5","7","53","51","342","259","423","389","C0268630"
"3274","2","5","4","68","96","326","427","548","672","C0268654"
"5295","2","5","7","53","14","20","25","40","186","C0268654"
"7428","2","3","12","41","116","268","434","468","213","C0268654"
"65217","2","5","7","53","51","335","444","560","373","C0268654"
"4204","2","3","12","19","31","1","426","55","78","C0268689"
"58508","2","3","12","19","31","1","426","55","78","C0268689"
"8481","2","3","12","76","153","40","38","54","75","C0268731"
"80254","2","3","12","76","153","40","38","54","75","C0268731"
"57054","2","3","2","22","33","323","66","101","136","C0268731"
"7056","2","5","7","53","51","119","454","573","492","C0268731"
"3417","2","3","7","34","52","216","395","549","319","C0268731"
"8314","2","3","12","41","31","1","426","55","78","C0268731"
"7297","2","5","7","53","184","119","25","40","186","C0268731"
"5178","2","5","7","27","36","150","341","223","628","C0268731"
"778","2","5","8","63","36","166","341","223","158","C0268731"
"6657","2","3","12","19","221","321","428","541","667","C0268731"
"53834","2","5","7","53","51","342","454","573","492","C0268731"
"7476","2","5","3","68","221","197","259","560","422","C0268731"
"7846","2","3","12","76","153","40","38","54","75","C0268742"
"3756","2","5","8","63","36","166","106","110","158","C0268742"
"5184","2","3","5","80","81","166","52","105","349","C0268743"
"1400","2","3","7","27","36","150","79","560","373","C0268743"
"23639","2","3","12","41","219","261","136","271","356","C0268747"
"846","2","5","4","68","96","326","427","548","672","C0268747"
"6557","2","5","8","45","94","199","240","415","666","C0268747"
"686","2","3","5","80","81","166","166","127","173","C0268747"
"1493","2","5","7","53","51","119","25","40","186","C0268747"
"421","2","5","7","42","51","335","444","560","373","C0268747"
"8878","2","3","12","41","219","339","156","568","697","C0268747"
"56652","2","3","3","19","151","276","91","433","118","C0269011"
"3784","2","5","8","63","36","166","106","110","158","C0269011"
"2353","2","3","12","19","31","1","91","489","416","C0269011"
"4128","2","3","5","80","81","119","402","489","416","C0269011"
"10413","2","3","12","19","36","143","177","236","321","C0269011"
"4000","2","3","12","26","105","178","226","297","156","C0269011"
"51","2","3","5","43","151","276","91","433","482","C0269011"
"23090","2","3","12","19","151","276","91","433","118","C0269269"
"4668","2","3","5","21","111","188","242","313","396","C0269269"
"443","2","3","5","80","81","189","182","509","409","C0269269"
"5979","2","5","7","53","14","20","25","40","186","C0269269"
"1836","2","3","2","35","41","94","260","330","375","C0269269"
"2697","2","3","7","76","153","40","38","54","75","C0269269"
"3914","2","5","7","53","51","342","454","573","492","C0269269"
"8867","2","3","5","60","14","184","341","544","669","C0270254"
"55605","2","3","12","76","153","40","38","54","75","C0270254"
"7139","2","5","8","63","45","23","103","464","187","C0270458"
"8516","2","5","7","53","51","342","454","573","492","C0270458"
"2737","2","3","12","19","116","321","428","54","667","C0270458"
"367","2","3","12","19","31","276","91","433","118","C0270458"
"5222","2","5","5","68","96","185","238","310","272","C0270458"
"5130","2","3","2","85","143","286","51","488","102","C0270458"
"7140","2","5","8","63","45","23","103","464","187","C0270458"
"9056","2","3","8","45","94","199","240","415","666","C0270496"
"51733","2","3","5","80","23","257","357","455","508","C0270496"
"6716","2","3","2","69","98","169","299","50","494","C0270612"
"861","2","3","12","19","31","1","426","55","78","C0270612"
"51360","2","3","3","26","35","276","91","433","203","C0270612"
"3060","2","5","4","68","96","326","427","548","672","C0270612"
"3105","2","5","7","53","51","119","156","287","116","C0270612"
"6311","2","3","2","22","33","323","66","362","468","C0270612"
"7534","2","3","2","48","57","110","141","359","411","C0270612"
"3576","2","5","4","68","96","326","427","548","672","C0270612"
"7248","2","3","2","48","57","110","141","359","462","C0270612"
"55624","2","3","2","78","123","194","255","215","412","C0270612"
"1581","2","3","5","19","151","276","91","433","118","C0270612"
"2760","2","3","7","34","52","216","395","549","674","C0270612"
"1723","2","3","2","48","170","50","119","444","556","C0270612"
"1959","2","3","3","19","151","276","91","433","118","C0270612"
"3762","2","5","8","63","36","166","106","110","158","C0270612"
"3818","2","5","7","68","51","119","395","549","674","C0270612"
"1785","2","5","7","60","14","184","341","544","669","C0270612"
"6662","2","3","3","19","221","321","428","541","667","C0270612"
"445","2","3","2","84","97","167","210","278","360","C0270612"
"10908","2","3","2","97","173","275","377","473","592","C0270612"
"2969","2","3","12","19","31","276","91","433","118","C0270612"
"10733","2","3","12","76","153","40","38","54","75","C0270612"
"54903","2","3","12","76","153","40","38","54","75","C0270612"
"355","2","3","7","41","219","339","156","568","697","C0270612"
"1412","2","5","6","11","142","225","243","177","673","C0270612"
"2218","2","5","2","53","123","194","255","560","373","C0270612"
"7681","2","3","12","41","116","268","434","468","213","C0270612"
"4758","2","3","7","34","52","216","395","549","517","C0270612"
"7351","2","3","2","20","29","98","123","166","221","C0270612"
"4148","2","5","7","53","51","342","454","573","492","C0270680"
"3845","2","5","7","60","54","24","30","46","72","C0270680"
"2176","2","3","12","19","31","261","116","1","86","C0270726"
"190","2","3","3","19","151","276","91","433","118","C0270726"
"1910","2","5","4","68","96","326","427","548","672","C0270736"
"4337","2","3","2","80","91","75","204","267","352","C0270736"
"7170","2","5","8","63","45","23","103","464","187","C0270790"
"841","2","3","12","41","219","339","156","568","697","C0270790"
"5663","2","5","7","34","52","216","395","549","667","C0270790"
"5663","2","5","7","34","52","216","395","549","667","C0270790"
"1053","2","3","12","19","31","276","91","433","118","C0270790"
"594","2","3","2","67","92","293","55","75","311","C0270790"
"158326","2","5","7","53","51","342","454","573","492","C0270790"
"2773","2","5","4","68","96","326","427","548","672","C0270790"
"4337","2","3","2","80","91","75","204","267","352","C0270834"
"7227","2","3","12","19","31","276","91","433","118","C0270834"
"7046","2","3","12","41","219","339","259","423","605","C0270834"
"11277","2","3","12","19","31","261","116","1","86","C0270834"
"5781","2","5","7","53","14","20","25","40","186","C0270834"
"3845","2","5","7","60","54","24","30","46","72","C0270834"
"2483","2","3","2","22","33","323","66","101","136","C0270834"
"9401","2","3","12","76","31","261","116","1","86","C0270834"
"6648","2","3","2","95","151","160","378","173","229","C0270834"
"1301","2","5","7","53","51","342","454","573","492","C0270846"
"2717","2","3","7","34","52","216","395","549","674","C0270846"
"2010","2","3","12","26","105","296","226","488","156","C0270846"
"5979","2","5","7","53","14","20","25","40","186","C0270846"
"2155","2","5","7","53","51","119","454","549","674","C0270846"
"7051","2","1","6","11","142","225","142","220","298","C0270846"
"6392","2","3","2","48","170","50","119","444","556","C0270846"
"2720","2","3","7","34","52","216","395","21","599","C0270846"
"3954","2","3","2","48","170","67","119","444","593","C0270846"
"715","2","5","7","53","51","119","395","549","674","C0270846"
"5604","2","5","7","53","14","20","34","540","68","C0270846"
"8085","2","3","12","19","31","1","426","55","78","C0270850"
"3265","2","5","7","60","54","24","30","46","72","C0270850"
"2737","2","3","12","19","116","321","428","54","667","C0270850"
"1268","2","5","4","68","96","326","427","548","672","C0270850"
"4072","2","5","7","53","51","119","454","573","492","C0270850"
"5897","2","3","12","41","116","268","141","568","605","C0270850"
"7227","2","3","12","19","31","276","91","433","118","C0270853"
"2146","2","3","12","19","31","1","426","55","78","C0270853"
"23479","2","3","2","48","170","50","119","100","556","C0270853"
"5888","2","3","12","19","31","261","116","1","86","C0270853"
"10195","2","3","2","48","69","99","162","216","290","C0270853"
"4338","2","3","2","110","85","75","204","267","352","C0270853"
"4771","2","5","7","60","36","71","177","64","215","C0270853"
"5290","2","3","7","53","14","20","25","40","186","C0270855"
"26119","2","5","7","60","14","184","341","544","669","C0270855"
"3295","2","3","5","43","161","305","409","208","482","C0270871"
"6496","2","3","3","19","221","321","428","541","667","C0270871"
"175","2","3","7","34","52","216","395","549","674","C0270871"
"8878","2","3","12","41","219","339","156","568","697","C0270871"
"3952","2","5","3","53","151","276","91","433","118","C0270914"
"1736","2","3","2","110","85","237","433","547","671","C0270914"
"871","2","5","7","53","51","342","454","573","492","C0270914"
"9627","2","3","12","19","31","1","426","55","78","C0270914"
"4091","2","3","12","53","219","342","259","423","389","C0270921"
"5621","2","5","8","27","36","342","454","573","628","C0270921"
"6928","2","3","3","19","221","321","428","541","667","C0270921"
"5144","2","3","4","68","96","326","427","548","672","C0270921"
"4867","2","5","7","76","153","40","38","54","75","C0270921"
"1001","2","5","7","53","51","335","444","560","373","C0270921"
"6445","2","5","8","63","45","23","103","464","187","C0270921"
"26191","2","5","7","53","14","20","25","40","186","C0270921"
"652","2","5","7","53","51","342","454","573","492","C0270921"
"207","2","3","7","53","14","20","34","489","416","C0270921"
"7098","2","5","7","41","219","339","156","568","697","C0270921"
"26123","2","3","2","76","153","40","38","54","75","C0270921"
"259266","2","3","12","76","153","40","38","54","75","C0270921"
"26160","2","3","12","76","153","40","38","54","75","C0270921"
"26005","2","3","12","76","153","40","38","54","75","C0270921"
"2668","2","5","7","53","14","20","25","40","186","C0270921"
"51259","2","3","2","76","153","40","38","54","75","C0270921"
"2998","2","3","2","28","22","48","232","82","114","C0270921"
"2077","2","3","12","76","153","40","38","54","75","C0270922"
"411","2","3","7","34","52","216","395","549","674","C0270922"
"7476","2","5","3","68","221","197","259","560","422","C0270922"
"4488","2","3","3","19","221","321","428","541","667","C0270922"
"658","2","5","7","53","51","342","259","423","389","C0270922"
"6663","2","3","3","19","221","321","428","541","667","C0270922"
"6834","2","3","2","48","170","50","119","444","556","C0270922"
"1286","2","5","7","53","51","342","454","573","492","C0270972"
"7248","2","3","2","48","57","110","141","359","462","C0270972"
"4893","2","5","7","34","52","24","30","46","72","C0270972"
"7468","2","3","12","19","31","1","426","55","78","C0270972"
"6331","2","5","8","63","36","166","341","223","158","C0270972"
"23522","2","3","12","19","31","1","426","55","78","C0271007"
"1293","2","5","7","53","51","342","454","573","492","C0271007"
"6667","2","3","12","19","31","276","91","433","118","C0271007"
"8626","2","3","3","19","221","321","428","541","667","C0271007"
"10555","2","3","7","34","52","216","395","549","622","C0271007"
"2263","2","5","7","53","14","20","25","40","186","C0271051"
"2263","2","5","7","53","14","20","25","40","186","C0271051"
"5663","2","5","7","34","52","216","395","549","667","C0271051"
"54756","2","5","7","41","219","238","118","543","214","C0271092"
"80326","2","5","3","68","221","197","259","560","422","C0271092"
"7490","2","3","3","19","221","321","428","541","667","C0271092"
"5625","2","3","2","101","103","177","225","271","356","C0271092"
"2702","2","3","12","76","153","40","38","54","75","C0271093"
"3892","2","1","6","11","142","225","142","220","298","C0271093"
"3643","2","5","7","53","14","20","25","40","186","C0271093"
"7026","2","3","3","19","151","276","91","433","118","C0271093"
"10060","2","3","8","41","45","23","423","464","445","C0271093"
"2717","2","3","7","34","52","216","395","549","674","C0271097"
"29940","2","5","7","53","51","342","454","573","492","C0271097"
"3815","2","5","7","53","14","20","25","40","186","C0271183"
"1889","2","5","4","68","96","326","427","548","672","C0271183"
"10084","2","3","2","22","33","323","66","101","136","C0271183"
"10262","2","3","2","22","33","323","66","101","136","C0271183"
"2668","2","5","7","53","14","20","25","40","186","C0271183"
"3141","2","3","2","68","40","130","166","127","173","C0271183"
"3239","2","3","3","19","221","321","428","541","667","C0271183"
"1032","2","3","12","19","31","1","426","55","78","C0271183"
"5745","2","5","4","68","96","326","427","548","672","C0271183"
"4054","2","5","7","53","51","342","454","573","492","C0271183"
"23418","2","5","7","53","36","71","177","560","373","C0271183"
"26986","2","3","2","110","85","237","433","547","671","C0271183"
"7415","2","3","7","34","52","216","395","536","445","C0271183"
"3543","2","5","7","53","51","119","395","549","674","C0271183"
"4221","2","3","12","19","31","342","454","573","492","C0271183"
"7518","2","3","12","19","31","261","116","1","86","C0271183"
"55630","2","3","5","27","81","99","162","216","290","C0271183"
"10367","2","3","2","48","170","50","119","444","593","C0271183"
"6866","2","5","4","68","96","326","427","548","672","C0271183"
"27130","2","3","12","48","45","143","38","236","69","C0271183"
"54209","2","5","7","53","51","119","395","549","674","C0271183"
"7042","2","5","7","53","51","342","454","573","492","C0271183"
"9993","2","5","7","53","51","342","454","573","492","C0271185"
"4982","2","5","12","41","219","339","156","568","697","C0271185"
"2697","2","3","7","76","153","40","38","54","75","C0271196"
"27130","2","3","12","48","45","143","38","236","69","C0271196"
"1978","2","3","2","48","57","110","141","359","462","C0271196"
"54888","2","3","2","110","85","152","129","252","154","C0271196"
"51715","2","5","7","60","54","24","30","46","72","C0271196"
"4621","2","5","8","63","45","23","103","464","187","C0271196"
"5993","2","3","12","19","31","1","426","55","78","C0271196"
"4512","2","3","2","48","170","110","141","359","8","C0271196"
"1848","2","3","5","42","81","296","399","201","274","C0271196"
"3082","2","5","7","53","51","342","25","40","186","C0271196"
"6794","2","3","12","53","14","20","34","540","68","C0271196"
"1187","2","5","8","63","45","23","34","464","187","C0271288"
"2706","2","3","12","76","153","40","38","54","75","C0271288"
"4148","2","5","7","53","51","342","454","573","492","C0271321"
"547","2","3","7","76","153","40","38","54","75","C0271321"
"2263","2","5","7","53","14","20","25","40","186","C0271321"
"3592","2","5","7","53","51","119","25","489","416","C0271344"
"2741","2","5","8","27","70","99","162","216","290","C0271344"
"1145","2","5","8","27","70","99","162","216","290","C0271344"
"6256","2","3","3","19","151","276","91","433","118","C0271344"
"4541","2","3","2","48","170","50","119","444","24","C0271344"
"3239","2","3","3","19","221","321","428","541","667","C0271344"
"1298","2","5","7","53","51","342","454","573","492","C0271344"
"25978","2","3","2","48","57","110","141","359","462","C0271385"
"1482","2","3","3","19","221","321","428","541","667","C0271385"
"7415","2","3","7","34","52","216","395","536","445","C0271385"
"4000","2","3","12","26","105","178","226","297","156","C0271385"
"3617","2","5","7","86","221","321","454","311","518","C0271385"
"2626","2","3","12","19","31","118","155","287","116","C0271385"
"3651","2","3","3","19","221","321","428","541","667","C0271385"
"5573","2","3","12","19","184","118","155","287","116","C0271385"
"10682","2","5","4","68","96","326","48","69","204","C0271385"
"3891","2","1","6","11","142","225","142","220","298","C0271385"
"3240","2","5","7","34","52","216","395","549","674","C0271388"
"10075","2","3","12","34","52","216","434","468","213","C0271388"
"213","2","5","7","53","51","342","454","573","492","C0271388"
"3048","2","3","12","19","31","118","155","287","116","C0271388"
"50937","2","5","7","53","51","335","444","560","373","C0271388"
"9997","2","3","2","48","170","50","119","444","556","C0271388"
"857","2","5","7","53","45","23","57","83","422","C0271388"
"6786","2","5","8","63","45","23","103","464","187","C0271388"
"1605","2","5","7","53","51","342","454","573","492","C0271388"
"30008","2","5","7","53","51","342","454","573","492","C0271388"
"10516","2","5","7","53","51","342","454","573","492","C0271388"
"10049","2","3","12","22","219","339","347","271","356","C0271388"
"1543","2","3","5","91","151","276","91","433","118","C0271388"
"94","2","5","7","53","51","342","259","423","389","C0271388"
"3481","2","5","7","53","51","342","454","573","492","C0271390"
"3133","2","5","7","53","51","119","156","287","116","C0271390"
"26137","2","5","7","63","45","184","103","572","658","C0271390"
"56475","2","3","12","19","31","1","116","489","551","C0271390"
"1909","2","5","4","68","96","326","427","548","672","C0271390"
"5728","2","3","5","80","81","339","156","568","605","C0271390"
"7132","2","3","12","41","219","339","156","568","697","C0271390"
"4615","2","3","12","41","219","339","156","568","697","C0271390"
"83706","2","5","7","53","51","342","454","573","702","C0271390"
"3855","2","1","6","11","142","225","142","220","298","C0271390"
"3588","2","5","7","53","51","119","25","40","186","C0271390"
"2296","2","3","3","19","221","321","428","541","667","C0271390"
"1586","2","3","5","79","98","256","335","425","540","C0271567"
"5805","2","3","2","43","91","75","204","267","352","C0271567"
"100","2","3","5","33","21","47","56","80","199","C0271578"
"1417","2","5","6","11","142","225","142","177","673","C0271578"
"2108","2","3","2","48","170","50","119","444","556","C0271578"
"2737","2","3","12","19","116","321","428","54","667","C0271578"
"6648","2","3","2","95","151","160","378","173","229","C0271578"
"2166","2","3","2","11","142","152","142","570","298","C0271578"
"27125","2","3","12","19","31","261","116","159","211","C0271578"
"613","2","5","7","60","54","24","30","46","72","C0271578"
"29954","2","5","2","27","206","324","430","215","290","C0271578"
"4868","2","5","7","53","51","335","25","560","373","C0271578"
"2313","2","3","12","19","31","276","91","433","118","C0271578"
"4053","2","5","7","53","51","342","454","573","492","C0271578"
"2033","2","3","12","19","31","1","91","433","118","C0271578"
"2290","2","3","3","19","221","321","428","541","667","C0271578"
"2239","2","3","2","74","51","342","454","573","492","C0271578"
"51738","2","5","4","68","96","326","427","548","672","C0271578"
"3814","2","5","4","68","96","326","427","548","672","C0271578"
"5728","2","3","5","80","81","339","156","568","605","C0271578"
"11155","2","5","7","63","45","23","103","464","187","C0271582"
"2261","2","5","7","53","14","20","25","40","186","C0271582"
"3860","2","1","6","11","142","225","142","220","298","C0271583"
"9101","2","3","12","41","219","339","156","568","605","C0271583"
"1406","2","3","3","19","221","321","428","541","667","C0271650"
"84631","2","5","7","53","51","335","444","560","373","C0271650"
"6331","2","5","8","63","36","166","341","223","158","C0271650"
"26012","2","3","12","19","31","261","116","159","211","C0271650"
"25836","2","3","12","76","153","40","38","54","75","C0271650"
"10161","2","5","4","68","96","326","427","548","672","C0271650"
"7373","2","5","7","53","51","342","454","573","492","C0271650"
"2517","2","3","7","34","52","216","395","549","674","C0271650"
"3887","2","1","6","11","142","225","142","220","298","C0271650"
"6342","2","3","5","80","161","305","409","208","482","C0271650"
"875","2","3","5","80","137","44","21","451","316","C0271650"
"51524","2","5","7","45","94","199","240","415","666","C0271650"
"9241","2","5","7","53","51","342","259","423","389","C0271650"
"1241","2","5","4","68","96","326","427","548","672","C0271650"
"3417","2","3","7","34","52","216","395","549","319","C0271650"
"25836","2","3","12","76","153","40","38","54","75","C0271650"
"5290","2","3","7","53","14","20","25","40","186","C0271650"
"8924","2","3","12","41","116","268","434","468","213","C0271650"
"25836","2","3","12","76","153","40","38","54","75","C0271650"
"29887","2","3","7","60","18","110","141","198","270","C0271650"
"5830","2","3","5","43","161","305","409","208","482","C0271650"
"7050","2","3","12","19","31","321","428","541","667","C0271650"
"55636","2","3","3","19","221","321","428","423","389","C0271650"
"4514","2","3","2","48","57","110","141","359","5","C0271650"
"9401","2","3","12","76","31","261","116","1","86","C0271650"
"652","2","5","7","53","51","342","454","573","492","C0271650"
"23169","2","3","2","78","205","112","430","429","544","C0271650"
"28952","2","3","12","41","116","268","434","468","213","C0271650"
"6899","2","5","7","53","184","335","259","560","373","C0271683"
"9215","2","5","2","27","36","150","430","215","628","C0271683"
"6335","2","5","8","63","36","166","341","390","158","C0271683"
"9049","2","3","3","41","151","276","378","271","356","C0271683"
"1674","2","5","8","63","45","23","103","464","187","C0271694"
"4173","2","3","12","76","31","261","116","1","86","C0271694"
"4337","2","3","2","80","91","75","204","267","352","C0271694"
"1073","2","3","8","63","45","184","103","572","658","C0271694"
"5696","2","3","12","41","116","268","156","568","116","C0271694"
"24","2","3","12","41","116","268","423","536","445","C0271708"
"5982","2","3","12","19","31","261","116","1","86","C0271708"
"54880","2","3","12","19","31","1","426","55","78","C0271708"
"8074","2","5","7","53","14","20","25","40","186","C0271708"
"2588","2","3","7","34","52","216","395","549","674","C0271708"
"1278","2","5","7","53","51","342","454","573","492","C0271708"
"567","2","5","7","34","52","119","395","549","674","C0271708"
"27316","2","3","2","22","33","323","66","101","136","C0271708"
"9662","2","3","12","76","153","40","38","54","75","C0271710"
"4141","2","3","2","110","85","237","433","547","154","C0271710"
"11235","2","3","2","76","137","76","136","472","435","C0271742"
"4308","2","5","8","63","45","193","306","390","158","C0271742"
"7080","2","3","3","19","221","321","428","541","667","C0271801"
"6295","2","3","4","68","45","272","427","518","621","C0271801"
"2182","2","3","2","67","92","265","284","147","235","C0271801"
"5745","2","5","4","68","96","326","427","548","672","C0271801"
"540","2","5","8","63","45","23","103","464","187","C0271801"
"7040","2","5","7","53","51","342","454","573","492","C0271801"
"9429","2","3","5","25","44","165","71","10","16","C0271829"
"9581","2","3","5","27","36","150","76","223","628","C0271829"
"1528","2","3","5","91","214","271","372","471","586","C0271829"
"5594","2","5","7","34","14","20","34","540","274","C0271844"
"5506","2","3","12","76","137","76","136","82","658","C0271844"
"25977","2","5","7","60","14","184","341","544","669","C0271844"
"3861","2","1","6","11","142","225","142","220","298","C0271844"
"5745","2","5","4","68","96","326","427","548","672","C0271844"
"7290","2","3","12","19","31","1","426","55","78","C0271844"
"8220","2","3","2","22","33","323","66","101","136","C0271901"
"919","2","5","7","53","14","119","25","40","186","C0271901"
"4729","2","3","2","48","170","50","119","444","556","C0271901"
"3265","2","5","7","60","54","24","30","46","72","C0271901"
"6445","2","5","8","63","45","23","103","464","187","C0271901"
"26191","2","5","7","53","14","20","25","40","186","C0271901"
"54361","2","5","3","68","221","197","259","560","422","C0271901"
"7290","2","3","12","19","31","1","426","55","78","C0271901"
"1292","2","5","7","53","51","342","454","573","492","C0271901"
"9254","2","5","8","63","36","166","341","223","158","C0271901"
"6103","2","3","12","76","153","40","38","54","75","C0271901"
"6323","2","5","8","63","36","166","341","390","158","C0271933"
"3621","2","3","12","19","31","1","426","55","78","C0271933"
"6662","2","3","3","19","221","321","428","541","667","C0271985"
"1144","2","5","8","27","70","99","162","216","290","C0271985"
"8260","2","3","12","41","85","266","76","287","78","C0271985"
"2200","2","5","7","53","51","342","454","573","492","C0272027"
"3914","2","5","7","53","51","342","454","573","492","C0272027"
"2064","2","5","7","53","14","20","25","40","186","C0272027"
"2260","2","5","7","53","14","20","25","40","186","C0272027"
"326","2","3","12","19","31","261","377","370","269","C0272027"
"2516","2","3","3","19","151","276","91","433","118","C0272027"
"50485","2","3","12","19","31","261","116","1","86","C0272027"
"355","2","3","7","41","219","339","156","568","697","C0272027"
"1301","2","5","7","53","51","342","454","573","492","C0272027"
"5176","2","5","7","53","51","342","454","573","492","C0272027"
"5145","2","3","4","68","45","272","259","518","621","C0272027"
"2316","2","5","7","53","51","342","454","573","702","C0272027"
"1290","2","5","7","53","51","342","454","573","492","C0272027"
"5194","2","3","5","43","161","305","409","208","482","C0272027"
"3845","2","5","7","60","54","24","30","46","72","C0272027"
"2706","2","3","12","76","153","40","38","54","75","C0272027"
"8195","2","3","12","76","153","76","38","54","75","C0272051"
"5657","2","5","7","34","52","216","395","549","674","C0272051"
"4914","2","3","2","22","18","266","202","252","252","C0272051"
"5296","2","5","7","53","14","20","25","40","186","C0272052"
"1280","2","5","7","53","51","342","454","573","492","C0272052"
"1312","2","3","2","87","79","105","426","129","25","C0272052"
"3953","2","5","7","53","14","20","25","40","186","C0272087"
"26504","2","3","5","42","81","296","399","201","274","C0272087"
"4023","2","3","5","24","51","342","91","20","27","C0272199"
"1387","2","3","12","19","31","276","91","433","118","C0272199"
"3930","2","3","2","22","33","323","66","3","464","C0272199"
"668","2","3","12","19","221","321","428","541","664","C0272199"
"8419","2","3","12","48","170","50","119","198","224","C0272236"
"7026","2","3","3","19","151","276","91","433","118","C0272236"
"3930","2","3","2","22","33","323","66","3","464","C0272236"
"9516","2","3","2","48","116","110","141","152","462","C0272242"
"633","2","5","7","53","51","342","454","573","492","C0272242"
"54903","2","3","12","76","153","40","38","54","75","C0272242"
"54567","2","5","7","53","51","143","428","236","667","C0272242"
"1312","2","3","2","87","79","105","426","129","25","C0272242"
"5160","2","3","2","67","92","293","55","75","311","C0272242"
"28960","2","3","2","22","33","323","433","146","194","C0272242"
"55605","2","3","12","76","153","40","38","54","75","C0272278"
"5728","2","3","5","80","81","339","156","568","605","C0272278"
"55630","2","3","5","27","81","99","162","216","290","C0272278"
"4915","2","5","7","53","14","20","25","40","186","C0272302"
"23204","2","3","2","48","57","110","141","359","462","C0272302"
"4329","2","3","2","67","92","293","229","381","496","C0272350"
"5592","2","5","4","53","14","20","34","540","68","C0272350"
"3569","2","5","7","53","51","342","454","573","416","C0272350"
"255520","2","5","7","60","14","20","25","40","72","C0272375"
"6899","2","5","7","53","184","335","259","560","373","C0272375"
"773","2","5","8","27","36","166","341","223","628","C0272375"
"5915","2","3","3","19","151","276","91","433","118","C0272375"
"3284","2","3","2","69","98","169","299","183","243","C0272375"
"9409","2","3","5","43","161","305","409","208","482","C0272375"
"526","2","3","5","29","88","132","172","199","308","C0273115"
"3988","2","3","5","98","174","277","379","476","42","C0273115"
"5743","2","3","5","53","175","119","167","489","416","C0273115"
"9469","2","3","2","103","189","303","29","475","467","C0273115"
"10262","2","3","2","22","33","323","66","101","136","C0273115"
"1509","2","5","7","34","52","216","395","549","568","C0273115"
"1499","2","3","12","19","221","197","259","560","422","C0273115"
"547","2","3","7","76","153","40","38","54","75","C0273115"
"23230","2","5","7","11","142","71","341","560","219","C0273115"
"2261","2","5","7","53","14","20","25","40","186","C0273115"
"4968","2","3","12","19","31","261","116","1","86","C0273115"
"5354","2","5","7","27","36","150","341","223","628","C0273115"
"9082","2","3","12","19","31","286","51","488","102","C0273115"
"4118","2","5","7","27","36","150","397","248","628","C0273115"
"1763","2","3","12","19","31","261","116","1","86","C0273115"
"6469","2","5","3","53","221","197","259","560","422","C0273115"
"5728","2","3","5","80","81","339","156","568","605","C0273115"
"5444","2","3","5","80","147","236","328","411","229","C0273115"
"1293","2","5","7","53","51","342","454","573","492","C0273115"
"8243","2","3","12","76","31","40","38","54","75","C0273115"
"1080","2","3","12","41","219","339","156","544","669","C0276226"
"4282","2","5","7","34","52","216","395","549","674","C0276226"
"5479","2","3","2","53","51","342","454","573","492","C0276226"
"1293","2","5","7","53","51","342","454","573","492","C0276226"
"8028","2","3","12","76","153","40","214","454","144","C0276226"
"1080","2","3","12","41","219","339","156","544","669","C0276226"
"5745","2","5","4","68","96","326","427","548","672","C0277799"
"7291","2","3","12","19","151","276","91","489","416","C0277799"
"23165","2","3","12","22","33","323","66","101","664","C0277799"
"7428","2","3","12","41","116","268","434","468","213","C0277799"
"175","2","3","7","34","52","216","395","549","674","C0277799"
"931","2","5","7","53","14","119","156","287","116","C0277799"
"27329","2","5","7","53","51","342","454","573","492","C0277799"
"9702","2","3","12","76","153","40","38","54","75","C0277799"
"5429","2","3","12","19","31","261","116","1","86","C0277799"
"8438","2","3","12","76","153","261","116","1","86","C0277799"
"6657","2","3","12","19","221","321","428","541","667","C0277799"
"55636","2","3","3","19","221","321","428","423","389","C0277799"
"2188","2","3","12","19","31","261","116","1","86","C0277799"
"4703","2","5","7","60","45","23","103","464","187","C0277799"
"9401","2","3","12","76","31","261","116","1","86","C0277799"
"5032","2","5","4","68","96","326","427","548","672","C0277827"
"4647","2","5","7","60","83","101","126","170","224","C0277827"
"7157","2","3","12","19","31","261","402","489","551","C0277828"
"5745","2","5","4","68","96","326","427","548","672","C0277828"
"7227","2","3","12","19","31","276","91","433","118","C0277828"
"26580","2","5","8","27","70","99","162","216","290","C0277828"
"2260","2","5","7","53","14","20","25","40","186","C0277828"
"5950","2","5","7","53","51","101","126","170","224","C0277828"
"4948","2","5","8","63","45","23","250","464","187","C0277828"
"50485","2","3","12","19","31","261","116","1","86","C0277828"
"9518","2","5","7","53","51","342","259","423","389","C0277828"
"5277","2","3","2","61","77","142","176","235","317","C0277828"
"4860","2","3","7","34","52","216","395","549","150","C0277828"
"3315","2","3","12","41","181","160","362","402","215","C0277828"
"60401","2","3","12","41","219","339","156","568","697","C0277828"
"6334","2","5","8","63","36","166","341","223","158","C0277828"
"2147","2","5","7","68","51","342","454","573","492","C0277828"
"8924","2","3","12","41","116","268","434","468","213","C0277828"
"22995","2","3","12","76","153","40","38","54","75","C0277828"
"54903","2","3","12","76","153","40","38","54","75","C0277828"
"80271","2","3","2","18","16","83","99","177","191","C0277828"
"4068","2","5","7","53","51","119","25","549","674","C0277828"
"2121","2","3","12","41","116","268","434","568","605","C0277828"
"53834","2","5","7","53","51","342","454","573","492","C0277828"
"2318","2","5","7","53","45","23","103","464","187","C0277828"
"7291","2","3","12","19","151","276","91","489","416","C0277828"
"10084","2","3","2","22","33","323","66","101","136","C0277828"
"2697","2","3","7","76","153","40","38","54","75","C0277828"
"2261","2","5","7","53","14","20","25","40","186","C0277828"
"4594","2","3","7","48","92","261","116","186","245","C0277828"
"10804","2","3","12","76","153","40","38","54","75","C0277873"
"1908","2","5","4","68","96","326","427","548","672","C0277873"
"3423","2","3","5","74","3","342","374","294","590","C0277959"
"10743","2","3","3","19","151","276","91","433","118","C0277959"
"9829","2","5","7","60","14","184","341","544","669","C0277959"
"8575","2","3","2","22","33","323","66","101","194","C0277959"
"25978","2","3","2","48","57","110","141","359","462","C0277959"
"4221","2","3","12","19","31","342","454","573","492","C0277959"
"5506","2","3","12","76","137","76","136","82","658","C0277959"
"5073","2","3","2","110","85","323","433","146","194","C0277959"
"5362","2","5","7","53","51","342","79","560","373","C0277959"
"5728","2","3","5","80","81","339","156","568","605","C0277959"
"7040","2","5","7","53","51","342","454","573","492","C0277959"
"2516","2","3","3","19","151","276","91","433","118","C0277959"
"8243","2","3","12","76","31","40","38","54","75","C0277959"
"4318","2","5","7","34","52","216","395","573","492","C0277959"
"25782","2","5","7","60","54","24","30","46","72","C0277959"
"7681","2","3","12","41","116","268","434","468","213","C0277959"
"8220","2","3","2","22","33","323","66","101","136","C0277959"
"7466","2","5","7","53","51","342","454","573","492","C0277959"
"658","2","5","7","53","51","342","259","423","389","C0277959"
"10616","2","3","12","41","116","268","434","468","213","C0277959"
"5728","2","3","5","80","81","339","156","568","605","C0277959"
"57716","2","5","7","11","36","71","341","223","219","C0277959"
"4535","2","3","2","48","170","50","119","444","556","C0277959"
"1440","2","5","7","53","51","119","25","489","416","C0277959"
"2623","2","3","12","19","31","1","155","287","116","C0277959"
"2260","2","5","7","53","14","20","25","40","186","C0277959"
"5351","2","5","7","53","51","342","454","573","492","C0277959"
"54453","2","5","7","60","54","24","30","46","72","C0277959"
"5978","2","3","12","19","31","1","426","55","78","C0277959"
"6331","2","5","8","63","36","166","341","223","158","C0277959"
"7681","2","3","12","41","116","268","434","468","213","C0277959"
"6906","2","5","7","68","51","342","454","573","492","C0277960"
"7317","2","3","12","41","116","268","434","468","213","C0277960"
"2239","2","3","2","74","51","342","454","573","492","C0277960"
"5149","2","3","5","68","38","16","477","596","725","C0277960"
"9031","2","3","12","19","31","1","426","55","78","C0277960"
"10269","2","3","2","48","182","50","119","444","556","C0277960"
"3973","2","5","4","68","96","326","427","548","672","C0277960"
"3561","2","5","7","53","14","20","25","40","186","C0278184"
"6647","2","3","2","95","2","342","378","173","702","C0278184"
"5307","2","3","3","19","221","321","428","541","667","C0278184"
"51715","2","5","7","60","54","24","30","46","72","C0278184"
"715","2","5","7","53","51","119","395","549","674","C0278184"
"1535","2","5","7","34","52","216","395","549","674","C0278184"
"6399","2","5","7","60","54","24","30","46","72","C0278184"
"3891","2","1","6","11","142","225","142","220","298","C0278184"
"3178","2","3","2","22","33","323","66","101","136","C0278184"
"3082","2","5","7","53","51","342","25","40","186","C0278804"
"10395","2","5","7","60","54","24","30","46","72","C0278804"
"9031","2","3","12","19","31","1","426","55","78","C0278996"
"3308","2","3","12","41","219","339","347","271","356","C0278996"
"1806","2","3","2","49","23","186","149","195","61","C0279628"
"26040","2","3","12","19","31","1","116","297","78","C0279628"
"23483","2","3","2","28","191","306","143","452","258","C0279628"
"4041","2","5","3","68","221","197","259","560","422","C0279628"
"6329","2","5","8","63","36","166","341","390","158","C0279628"
"26040","2","3","12","19","31","1","116","297","78","C0279628"
"64123","2","5","7","53","51","342","444","560","373","C0279628"
"843","2","3","12","41","219","339","156","568","697","C0279628"
"54903","2","3","12","76","153","40","38","54","75","C0279628"
"4261","2","3","12","53","184","119","156","287","116","C0279628"
"860","2","3","12","19","31","276","91","433","118","C0279628"
"23556","2","3","2","61","77","142","176","235","317","C0279628"
"51750","2","3","12","19","31","261","116","1","86","C0279628"
"9896","2","3","5","80","81","296","399","201","274","C0279628"
"1736","2","3","2","110","85","237","433","547","671","C0279680"
"51204","2","3","2","48","170","50","119","444","556","C0279680"
"5155","2","5","7","53","51","342","454","573","186","C0279680"
"1836","2","3","2","35","41","94","260","330","375","C0279680"
"54101","2","3","2","48","170","50","347","167","593","C0279680"
"3549","2","5","3","53","51","197","259","560","422","C0279680"
"3091","2","3","12","41","116","276","91","433","605","C0279680"
"4758","2","3","7","34","52","216","395","549","517","C0279680"
"2332","2","3","2","22","33","71","373","466","609","C0279680"
"7504","2","5","4","68","96","326","427","548","672","C0279680"
"7020","2","3","12","19","31","276","91","433","664","C0279680"
"2395","2","3","2","48","170","50","304","167","593","C0279680"
"774","2","5","8","63","36","166","341","390","158","C0279680"
"7337","2","3","12","41","116","268","434","468","213","C0279680"
"1543","2","3","5","91","151","276","91","433","118","C0279680"
"144811","2","3","6","11","142","225","417","128","298","C0279680"
"4694","2","3","2","48","170","50","119","444","556","C0279680"
"2263","2","5","7","53","14","20","25","40","186","C0279702"
"9420","2","3","5","79","159","256","215","282","366","C0279702"
"54903","2","3","12","76","153","40","38","54","75","C0279702"
"1174","2","5","7","60","153","184","341","544","669","C0279702"
"6262","2","5","8","63","45","23","34","464","187","C0279702"
"3630","2","5","7","53","14","20","25","40","186","C0279702"
"2033","2","3","12","19","31","1","91","433","118","C0279980"
"1130","2","5","7","60","54","326","141","359","462","C0279980"
"2813","2","5","5","27","51","335","444","560","373","C0279980"
"4893","2","5","7","34","52","24","30","46","72","C0279980"
"220","2","3","5","75","120","10","165","432","297","C0280631"
"2697","2","3","7","76","153","40","38","54","75","C0280631"
"6223","2","3","2","110","85","237","433","547","671","C0280631"
"4005","2","3","12","19","31","1","426","55","78","C0280631"
"3930","2","3","2","22","33","323","66","3","464","C0280631"
"4747","2","5","7","27","36","150","341","223","628","C0280631"
"7227","2","3","12","19","31","276","91","433","118","C0280631"
"27249","2","3","2","48","182","50","119","186","245","C0280631"
"55703","2","3","2","22","33","261","116","159","211","C0280631"
"8701","2","3","12","76","153","40","38","54","75","C0280631"
"2623","2","3","12","19","31","1","155","287","116","C0280631"
"2316","2","5","7","53","51","342","454","573","702","C0280631"
"1281","2","5","7","53","51","342","454","573","492","C0280631"
"5360","2","5","5","34","51","342","454","549","492","C0281508"
"7053","2","3","6","11","142","225","142","220","298","C0281508"
"7428","2","3","12","41","116","268","434","468","213","C0281966"
"355","2","3","7","41","219","339","156","568","697","C0281966"
"1439","2","5","7","53","14","20","25","40","186","C0281966"
"7167","2","3","2","90","167","266","367","500","577","C0281966"
"94","2","5","7","53","51","342","259","423","389","C0281966"
"7015","2","3","12","19","31","1","426","55","78","C0281966"
"1947","2","5","7","53","51","20","25","560","373","C0281966"
"1278","2","5","7","53","51","342","454","573","492","C0281966"
"51085","2","3","2","48","57","110","141","359","462","C0281966"
"8481","2","3","12","76","153","40","38","54","75","C0281966"
"2131","2","3","2","74","58","112","148","181","416","C0281966"
"9935","2","3","12","19","31","1","426","55","78","C0281966"
"6736","2","3","12","19","31","276","91","433","667","C0281966"
"2798","2","5","4","68","96","326","427","548","672","C0281966"
"29851","2","5","7","53","14","20","25","40","186","C0281966"
"341640","2","5","7","53","51","335","444","560","373","C0281966"
"54968","2","3","2","48","170","50","119","444","556","C0281966"
"6495","2","3","3","19","221","321","428","541","667","C0282160"
"5652","2","1","6","11","142","225","142","220","298","C0282160"
"118","2","3","2","63","105","178","226","297","380","C0282160"
"54757","2","5","7","53","51","342","454","573","492","C0282160"
"8820","2","3","3","19","221","321","428","541","667","C0282160"
"2260","2","5","7","53","14","20","25","40","186","C0282160"
"8676","2","5","7","60","142","184","341","66","203","C0282160"
"2121","2","3","12","41","116","268","434","568","605","C0282160"
"4519","2","3","2","48","170","50","119","508","312","C0282160"
"2317","2","5","7","63","45","23","103","287","664","C0282160"
"26040","2","3","12","19","31","1","116","297","78","C0282160"
"5172","2","5","8","45","94","199","240","415","666","C0282160"
"4967","2","3","2","67","92","293","55","75","311","C0282160"
"6862","2","5","3","53","51","335","259","560","373","C0282160"
"5144","2","3","4","68","96","326","427","548","672","C0282193"
"4653","2","5","7","34","51","342","454","573","492","C0282193"
"4952","2","3","5","60","54","184","30","544","669","C0282193"
"538","2","3","8","63","45","23","103","464","187","C0282193"
"7249","2","3","7","60","57","110","141","359","462","C0282193"
"3081","2","3","2","91","51","3","267","308","429","C0282488"
"5290","2","3","7","53","14","20","25","40","186","C0282488"
"2670","2","5","7","27","36","150","341","223","628","C0282488"
"7534","2","3","2","48","57","110","141","359","411","C0282525"
"2131","2","3","2","74","58","112","148","181","416","C0282525"
"51604","2","3","2","61","77","142","176","235","317","C0282525"
"1387","2","3","12","19","31","276","91","433","118","C0282525"
"5167","2","3","5","32","93","163","207","303","126","C0282525"
"412","2","3","5","105","155","250","291","152","420","C0282525"
"931","2","5","7","53","14","119","156","287","116","C0282525"
"9750","2","5","7","63","45","110","91","565","562","C0282525"
"151","2","5","4","68","96","326","427","548","672","C0282525"
"2006","2","5","7","53","51","342","454","573","492","C0282525"
"6016","2","5","7","60","54","24","30","46","72","C0282525"
"7057","2","5","7","53","51","342","454","573","492","C0282525"
"10128","2","3","2","48","170","50","119","444","556","C0282525"
"6833","2","5","8","45","36","166","240","415","666","C0282527"
"55325","2","5","7","34","181","23","119","544","187","C0282527"
"7461","2","3","7","60","153","40","38","93","75","C0282527"
"1910","2","5","4","68","96","326","427","548","672","C0282527"
"7020","2","3","12","19","31","276","91","433","664","C0282527"
"6845","2","5","7","60","14","184","341","544","669","C0282527"
"54539","2","3","2","48","170","50","119","444","556","C0282527"
"148789","2","3","2","78","123","126","135","215","289","C0282527"
"7249","2","3","7","60","57","110","141","359","462","C0282527"
"3075","2","5","7","53","51","119","395","549","674","C0282527"
"3418","2","3","2","67","151","276","33","48","155","C0282527"
"51082","2","3","2","19","31","1","426","55","78","C0282527"
"1861","2","5","7","60","14","184","341","544","669","C0282527"
"55703","2","3","2","22","33","261","116","159","211","C0282528"
"8792","2","3","12","41","219","339","156","568","697","C0282528"
"3553","2","5","7","53","51","119","25","489","416","C0282548"
"8929","2","3","3","19","221","321","428","541","667","C0282548"
"4907","2","3","5","80","81","296","62","94","150","C0282612"
"5339","2","5","7","53","51","342","454","573","492","C0282612"
"9927","2","3","12","19","31","118","155","287","116","C0282612"
"9378","2","5","7","27","36","71","341","223","219","C0282612"
"6786","2","5","8","63","45","23","103","464","187","C0282612"
"5830","2","3","5","43","161","305","409","208","482","C0282612"
"9820","2","3","12","41","116","268","434","468","213","C0282612"
"1621","2","3","5","53","51","239","333","422","537","C0282612"
"396","2","5","7","60","54","24","30","46","72","C0282612"
"2697","2","3","7","76","153","40","38","54","75","C0282612"
"1311","2","5","7","53","51","342","454","573","492","C0282612"
"2147","2","5","7","68","51","342","454","573","492","C0282631"
"7040","2","5","7","53","51","342","454","573","492","C0282631"
"25942","2","3","12","19","31","1","426","55","78","C0282631"
"4512","2","3","2","48","170","110","141","359","8","C0282631"
"8890","2","3","2","110","85","237","433","547","671","C0282631"
"1584","2","3","5","79","159","256","276","353","456","C0282631"
"6667","2","3","12","19","31","276","91","433","118","C0282631"
"7531","2","3","2","48","170","110","329","251","533","C0282631"
"23600","2","3","5","80","81","305","409","208","482","C0300948"
"1120","2","3","2","85","143","286","51","488","102","C0300948"
"3930","2","3","2","22","33","323","66","3","464","C0302129"
"8626","2","3","3","19","221","321","428","541","667","C0302129"
"9037","2","5","7","53","51","342","454","560","492","C0302129"
"2673","2","3","2","110","94","178","226","297","380","C0302280"
"6337","2","5","8","63","45","23","34","464","187","C0302280"
"8216","2","3","12","41","119","330","214","454","144","C0302280"
"8642","2","5","7","53","51","335","444","560","373","C0302280"
"9101","2","3","12","41","219","339","156","568","605","C0302280"
"5424","2","3","12","19","31","261","116","1","86","C0302280"
"1027","2","3","12","19","31","1","116","1","86","C0302314"
"857","2","5","7","53","45","23","57","83","422","C0302314"
"3043","2","5","7","34","52","216","395","549","116","C0302314"
"3784","2","5","8","63","36","166","106","110","158","C0302314"
"51626","2","3","12","76","153","40","38","54","75","C0302314"
"6440","2","5","5","68","96","185","238","310","272","C0302809"
"5077","2","3","3","19","221","321","428","541","667","C0302809"
"2778","2","5","4","68","96","326","427","548","672","C0302859"
"3081","2","3","2","91","51","3","267","308","429","C0302859"
"613","2","5","7","60","54","24","30","46","72","C0302859"
"7439","2","5","8","63","45","23","34","464","187","C0302885"
"5982","2","3","12","19","31","261","116","1","86","C0302885"
"5896","2","3","12","41","116","268","434","568","605","C0302885"
"760","2","3","5","35","41","77","40","78","178","C0302885"
"10483","2","3","7","60","54","24","30","46","72","C0302885"
"6792","2","5","7","53","14","20","34","540","68","C0302885"
"1026","2","3","12","19","31","1","116","489","416","C0302885"
"50939","2","3","12","76","153","40","38","472","435","C0302885"
"4221","2","3","12","19","31","342","454","573","492","C0302885"
"6535","2","5","8","45","94","199","240","415","666","C0311277"
"3576","2","5","4","68","96","326","427","548","672","C0311277"
"7124","2","3","12","41","219","339","156","568","697","C0311277"
"2189","2","3","12","19","31","261","116","1","86","C0311277"
"7476","2","5","3","68","221","197","259","560","422","C0311277"
"4878","2","3","12","19","31","1","426","55","78","C0311277"
"4843","2","3","5","43","161","305","409","489","416","C0311277"
"3060","2","5","4","68","96","326","427","548","672","C0311277"
"164656","2","5","7","53","51","342","454","573","492","C0311277"
"4893","2","5","7","34","52","24","30","46","72","C0311277"
"3043","2","5","7","34","52","216","395","549","116","C0311277"
"5328","2","5","7","34","52","216","395","549","674","C0311277"
"1066","2","3","5","80","130","114","290","367","623","C0311277"
"7297","2","5","7","53","184","119","25","40","186","C0311277"
"2896","2","5","7","34","52","216","395","549","674","C0311277"
"3694","2","5","7","53","51","342","454","573","492","C0311277"
"7428","2","3","12","41","116","268","434","468","213","C0311277"
"2584","2","3","2","72","117","196","257","326","46","C0311277"
"26012","2","3","12","19","31","261","116","159","211","C0311277"
"6657","2","3","12","19","221","321","428","541","667","C0311277"
"64764","2","3","5","26","35","276","91","433","156","C0311277"
"55112","2","3","12","76","153","40","38","54","75","C0311277"
"23169","2","3","2","78","205","112","430","429","544","C0311277"
"6567","2","5","8","35","41","77","40","57","80","C0311277"
"3767","2","5","8","63","36","166","106","110","158","C0311277"
"64220","2","3","2","69","83","101","126","170","224","C0311298"
"9401","2","3","12","76","31","261","116","1","86","C0311298"
"6390","2","3","2","48","170","50","119","444","556","C0311338"
"2705","2","3","12","76","153","40","38","54","75","C0311338"
"472","2","3","12","19","31","261","116","1","86","C0311338"
"54968","2","3","2","48","170","50","119","444","556","C0311338"
"7099","2","5","7","41","219","339","156","568","697","C0311394"
"58","2","5","8","63","45","23","103","464","187","C0311394"
"1301","2","5","7","53","51","342","454","573","492","C0311394"
"3458","2","5","7","53","184","119","156","287","116","C0311394"
"3984","2","5","7","53","14","20","34","540","68","C0311394"
"7124","2","3","12","41","219","339","156","568","697","C0311394"
"2812","2","5","7","53","51","342","454","573","492","C0311394"
"5664","2","5","7","53","219","143","428","236","667","C0311394"
"2317","2","5","7","63","45","23","103","287","664","C0311394"
"26040","2","3","12","19","31","1","116","297","78","C0311394"
"1861","2","5","7","60","14","184","341","544","669","C0311394"
"3480","2","5","7","53","14","20","25","40","186","C0311394"
"58","2","5","8","63","45","23","103","464","187","C0311394"
"23746","2","3","12","41","83","101","126","271","356","C0311394"
"2146","2","3","12","19","31","1","426","55","78","C0311394"
"23426","2","5","7","42","36","71","177","223","219","C0311394"
"2317","2","5","7","63","45","23","103","287","664","C0311394"
"10269","2","3","2","48","182","50","119","444","556","C0311394"
"3426","2","5","7","53","51","119","395","549","674","C0311394"
"1776","2","5","7","105","219","261","402","129","215","C0311394"
"9533","2","3","2","19","31","1","426","55","78","C0311394"
"8496","2","5","7","50","30","193","306","148","624","C0311394"
"7454","2","5","7","60","14","20","25","40","215","C0311394"
"60468","2","3","12","19","31","276","91","433","118","C0311394"
"6154","2","3","2","110","85","237","433","547","671","C0311394"
"2916","2","5","4","68","96","326","427","548","672","C0311394"
"224","2","3","5","50","47","39","202","19","233","C0311394"
"1230","2","5","4","68","96","326","427","548","672","C0311394"
"5396","2","3","3","19","221","321","428","541","667","C0311468"
"25939","2","3","12","53","184","119","156","287","116","C0311468"
"1277","2","5","7","53","51","342","454","573","492","C0311468"
"3239","2","3","3","19","221","321","428","541","667","C0311468"
"54499","2","3","2","48","170","50","119","444","593","C0311468"
"5351","2","5","7","53","51","342","454","573","492","C0311468"
"2914","2","5","4","68","96","326","427","548","672","C0311468"
"2253","2","5","7","53","14","20","25","40","186","C0311468"
"1717","2","3","2","19","151","276","48","69","204","C0311468"
"2737","2","3","12","19","116","321","428","54","667","C0311468"
"3425","2","3","5","80","81","166","454","573","492","C0311468"
"30008","2","5","7","53","51","342","454","573","492","C0311468"
"5961","2","5","7","27","51","326","126","414","702","C0311468"
"7305","2","5","7","34","52","216","395","549","674","C0311468"
"132","2","3","2","110","85","237","433","80","394","C0311468"
"4683","2","3","12","19","31","261","116","1","86","C0311468"
"3115","2","5","7","53","184","119","156","287","116","C0311468"
"9364","2","5","7","60","54","24","30","46","72","C0311468"
"5626","2","3","3","19","221","321","428","541","667","C0312420"
"2071","2","3","12","19","31","261","116","159","211","C0312420"
"2200","2","5","7","53","51","342","454","573","492","C0332573"
"55636","2","3","3","19","221","321","428","423","389","C0332573"
"2072","2","3","12","19","31","261","116","1","86","C0332573"
"23522","2","3","12","19","31","1","426","55","78","C0332573"
"50485","2","3","12","19","31","261","116","1","86","C0332573"
"3889","2","1","6","11","142","225","142","220","298","C0332573"
"5125","2","5","6","11","51","225","142","220","298","C0332573"
"6916","2","3","5","91","175","119","167","224","301","C0332573"
"2623","2","3","12","19","31","1","155","287","116","C0332573"
"51062","2","5","7","27","36","150","402","489","373","C0332573"
"2162","2","5","7","53","51","342","454","573","702","C0332573"
"4942","2","3","2","67","94","199","182","509","666","C0332573"
"728294","2","3","2","48","170","152","119","252","154","C0332573"
"2239","2","3","2","74","51","342","454","573","492","C0332573"
"558","2","5","7","53","14","20","25","40","186","C0332573"
"7422","2","5","7","53","51","342","454","573","702","C0332573"
"1130","2","5","7","60","54","326","141","359","462","C0332573"
"1493","2","5","7","53","51","119","25","40","186","C0332573"
"540","2","5","8","63","45","23","103","464","187","C0332573"
"582","2","3","12","76","153","76","38","54","75","C0332606"
"5167","2","3","5","32","93","163","207","303","126","C0332606"
"23322","2","3","12","76","153","40","38","54","75","C0332606"
"5860","2","3","2","69","91","75","204","267","352","C0332606"
"472","2","3","12","19","31","261","116","1","86","C0332606"
"2937","2","3","2","83","171","97","381","478","597","C0332606"
"6495","2","3","3","19","221","321","428","541","667","C0332606"
"3339","2","5","7","53","51","342","454","573","492","C0332606"
"641","2","3","12","19","31","261","116","1","86","C0332606"
"2147","2","5","7","68","51","342","454","573","492","C0332606"
"6845","2","5","7","60","14","184","341","544","669","C0332615"
"6326","2","5","8","63","36","166","341","390","158","C0332615"
"8289","2","3","12","19","31","1","426","55","78","C0332615"
"5728","2","3","5","80","81","339","156","568","605","C0332615"
"6144","2","3","2","110","85","237","433","547","671","C0332615"
"337","2","5","7","11","51","342","454","573","492","C0332615"
"6687","2","3","2","48","170","50","119","444","593","C0332615"
"2538","2","3","5","90","216","333","438","561","689","C0332615"
"2719","2","5","7","53","51","342","454","573","492","C0332615"
"6443","2","5","8","63","45","23","103","464","187","C0332615"
"7415","2","3","7","34","52","216","395","536","445","C0332615"
"9742","2","3","12","76","153","40","38","54","75","C0332615"
"27031","2","3","6","11","142","225","38","331","506","C0332615"
"55630","2","3","5","27","81","99","162","216","290","C0332878"
"5251","2","3","5","80","81","296","474","593","722","C0332878"
"7474","2","5","3","68","221","184","259","544","669","C0332878"
"26580","2","5","8","27","70","99","162","216","290","C0332878"
"3766","2","5","8","63","36","166","106","110","158","C0332878"
"6817","2","3","2","37","105","92","113","154","201","C0332878"
"8085","2","3","12","19","31","1","426","55","78","C0332878"
"8260","2","3","12","41","85","266","76","287","78","C0332878"
"2074","2","3","12","19","31","1","426","55","78","C0332878"
"2592","2","3","2","68","117","196","257","326","419","C0332890"
"6499","2","3","2","110","85","237","433","547","671","C0332890"
"3778","2","5","8","63","36","166","106","110","158","C0332890"
"6654","2","5","7","60","54","24","30","46","72","C0332890"
"5663","2","5","7","34","52","216","395","549","667","C0332890"
"5009","2","3","2","48","97","50","304","167","593","C0332890"
"1605","2","5","7","53","51","342","454","573","492","C0333355"
"23394","2","3","12","19","31","335","444","236","373","C0333355"
"30062","2","3","3","19","221","321","428","541","667","C0333355"
"2261","2","5","7","53","14","20","25","40","186","C0333355"
"5159","2","5","7","53","14","20","25","40","186","C0333355"
"4214","2","3","12","41","219","339","34","540","117","C0333355"
"54756","2","5","7","41","219","238","118","543","214","C0333355"
"3977","2","5","7","53","51","119","25","40","416","C0333355"
"51752","2","3","2","41","153","119","156","536","116","C0333641"
"6804","2","5","7","60","36","71","341","223","219","C0333641"
"9897","2","3","12","76","18","75","38","1","212","C0333641"
"9370","2","5","3","41","151","276","91","433","118","C0333641"
"3257","2","5","7","60","54","24","30","46","72","C0333641"
"8085","2","3","12","19","31","1","426","55","78","C0333641"
"6834","2","3","2","48","170","50","119","444","556","C0333641"
"5428","2","3","2","48","170","50","119","167","593","C0333641"
"2022","2","5","7","53","51","342","259","423","389","C0333641"
"617","2","3","2","48","170","50","304","167","593","C0333641"
"27429","2","3","12","41","219","339","156","568","697","C0333751"
"1277","2","5","7","53","51","342","454","573","492","C0333751"
"22999","2","5","7","60","36","71","341","223","219","C0333751"
"5332","2","3","4","68","96","326","427","548","672","C0333864"
"10481","2","3","3","19","221","321","428","541","667","C0333864"
"3767","2","5","8","63","36","166","106","110","158","C0333864"
"5781","2","5","7","53","14","20","25","40","186","C0333864"
"846","2","5","4","68","96","326","427","548","672","C0333864"
"23495","2","3","12","41","219","339","156","568","697","C0333913"
"23418","2","5","7","53","36","71","177","560","373","C0333913"
"4935","2","5","4","68","96","326","427","548","672","C0333913"
"2266","2","5","7","53","51","342","454","573","492","C0333913"
"24","2","3","12","41","116","268","423","536","445","C0333913"
"2767","2","5","4","68","96","326","427","548","672","C0333913"
"5595","2","3","7","53","14","20","34","540","68","C0333913"
"5376","2","5","7","53","51","342","454","573","492","C0333913"
"6010","2","5","4","68","96","326","427","548","672","C0333913"
"3845","2","5","7","60","54","24","30","46","72","C0333913"
"1493","2","5","7","53","51","119","25","40","186","C0333913"
"10682","2","5","4","68","96","326","48","69","204","C0334008"
"5160","2","3","2","67","92","293","55","75","311","C0334008"
"472","2","3","12","19","31","261","116","1","86","C0334008"
"4860","2","3","7","34","52","216","395","549","150","C0334008"
"6548","2","3","2","45","94","199","240","415","326","C0334008"
"2697","2","3","7","76","153","40","38","54","75","C0334008"
"2200","2","5","7","53","51","342","454","573","492","C0334008"
"2147","2","5","7","68","51","342","454","573","492","C0334008"
"7353","2","3","12","41","219","339","156","568","605","C0334008"
"1536","2","5","7","34","52","216","395","549","674","C0334008"
"5818","2","5","7","53","51","335","444","560","373","C0334008"
"26227","2","3","2","41","137","44","208","81","108","C0334008"
"10484","2","3","7","60","153","40","38","54","203","C0334008"
"2317","2","5","7","63","45","23","103","287","664","C0334008"
"5159","2","5","7","53","14","20","25","40","186","C0334008"
"1291","2","5","7","53","51","342","454","573","492","C0334008"
"6772","2","3","12","53","184","119","156","287","116","C0334008"
"7298","2","3","12","76","153","40","38","54","75","C0334008"
"669","2","3","5","90","167","266","441","106","616","C0334008"
"6913","2","3","3","19","221","321","428","541","667","C0334008"
"10555","2","3","7","34","52","216","395","549","622","C0334013"
"2006","2","5","7","53","51","342","454","573","492","C0334013"
"726","2","5","7","53","51","342","454","573","492","C0334013"
"3763","2","5","8","63","36","166","106","110","158","C0334013"
"4255","2","3","12","19","31","261","116","1","86","C0334013"
"4893","2","5","7","34","52","24","30","46","72","C0334013"
"55532","2","3","7","25","44","165","101","274","358","C0334013"
"5743","2","3","5","53","175","119","167","489","416","C0334013"
"629","2","5","7","53","51","119","395","549","674","C0334013"
"4524","2","3","2","15","166","104","369","117","583","C0334013"
"6899","2","5","7","53","184","335","259","560","373","C0334013"
"4882","2","3","4","68","96","326","427","548","672","C0334082"
"8878","2","3","12","41","219","339","156","568","697","C0334082"
"8328","2","3","12","19","31","1","426","55","78","C0334082"
"2632","2","3","2","28","22","48","232","82","114","C0334082"
"9096","2","5","7","53","51","335","259","560","373","C0334082"
"338","2","5","7","53","51","342","454","573","492","C0334092"
"8626","2","3","3","19","221","321","428","541","667","C0334092"
"6948","2","5","7","48","51","105","139","186","245","C0334092"
"51715","2","5","7","60","54","24","30","46","72","C0334092"
"805","2","5","8","53","45","20","34","464","187","C0334092"
"7273","2","5","7","53","51","342","103","464","702","C0334092"
"8837","2","3","12","41","219","339","156","568","697","C0334092"
"8564","2","3","5","52","212","183","307","391","522","C0334092"
"3115","2","5","7","53","184","119","156","287","116","C0334092"
"5982","2","3","12","19","31","261","116","1","86","C0334092"
"11222","2","3","2","48","182","67","76","463","153","C0334121"
"4540","2","3","2","48","170","50","119","444","556","C0334121"
"5265","2","5","7","34","52","216","395","573","702","C0334121"
"8792","2","3","12","41","219","339","156","568","697","C0334121"
"1027","2","3","12","19","31","1","116","1","86","C0334121"
"4512","2","3","2","48","170","110","141","359","8","C0334121"
"6662","2","3","3","19","221","321","428","541","667","C0334166"
"1277","2","5","7","53","51","342","454","573","492","C0334166"
"197322","2","3","2","67","92","265","35","49","174","C0334166"
"54361","2","5","3","68","221","197","259","560","422","C0334166"
"5476","2","3","7","34","52","216","395","152","310","C0334287"
"3589","2","5","7","53","51","119","25","40","416","C0334287"
"2313","2","3","12","19","31","276","91","433","118","C0334488"
"55112","2","3","12","76","153","40","38","54","75","C0334488"
"1289","2","5","7","53","51","342","454","573","492","C0334488"
"3060","2","5","4","68","96","326","427","548","672","C0334488"
"7078","2","5","7","53","51","342","454","573","702","C0334488"
"57105","2","5","4","68","96","326","427","548","672","C0334583"
"3239","2","3","3","19","221","321","428","541","667","C0334583"
"25970","2","5","7","53","14","20","25","40","116","C0334583"
"51684","2","3","12","41","116","268","38","54","75","C0334583"
"4582","2","5","7","53","206","324","430","429","544","C0334583"
"8820","2","3","3","19","221","321","428","541","667","C0334583"
"5589","2","5","7","53","51","342","454","573","492","C0334583"
"5155","2","5","7","53","51","342","454","573","186","C0334588"
"1959","2","3","3","19","151","276","91","433","118","C0334588"
"2316","2","5","7","53","51","342","454","573","702","C0334588"
"282808","2","5","7","60","54","24","30","46","72","C0334588"
"1663","2","3","12","76","105","178","226","297","380","C0334588"
"2147","2","5","7","68","51","342","454","573","492","C0334588"
"2132","2","3","2","74","58","112","148","193","263","C0334588"
"3952","2","5","3","53","151","276","91","433","118","C0334588"
"5076","2","3","3","19","221","321","428","541","667","C0334588"
"10398","2","5","8","53","45","23","103","464","187","C0334588"
"8425","2","5","7","53","51","342","454","573","492","C0334588"
"2068","2","3","12","19","31","261","116","159","211","C0334588"
"2176","2","3","12","19","31","261","116","1","86","C0334590"
"4284","2","3","5","80","81","166","397","374","486","C0334590"
"6716","2","3","2","69","98","169","299","50","494","C0334634"
"4869","2","3","12","110","85","237","433","547","664","C0334634"
"1767","2","3","12","76","153","40","38","54","75","C0334634"
"1020","2","3","12","19","14","118","34","540","68","C0334634"
"54658","2","3","2","78","205","207","67","355","138","C0334634"
"6197","2","3","12","19","14","20","34","540","68","C0334634"
"4353","2","3","7","34","52","216","395","549","674","C0334634"
"54345","2","5","3","19","221","321","428","541","667","C0334634"
"6628","2","3","2","22","33","323","66","101","136","C0334634"
"3486","2","5","7","53","51","342","454","573","492","C0334634"
"7545","2","5","3","34","52","216","142","220","298","C0334634"
"1471","2","5","7","34","52","216","395","549","492","C0334634"
"7428","2","3","12","41","116","268","434","468","213","C0334660"
"10939","2","3","2","48","170","50","119","444","593","C0334660"
"10013","2","3","12","19","31","143","91","236","311","C0338078"
"8195","2","3","12","76","153","76","38","54","75","C0338078"
"1441","2","5","7","53","51","119","25","40","186","C0338078"
"57654","2","3","12","19","31","261","116","1","86","C0338078"
"10262","2","3","2","22","33","323","66","101","136","C0338078"
"4976","2","3","2","48","170","50","119","444","556","C0338078"
"5321","2","3","5","116","183","295","398","243","327","C0338451"
"55687","2","3","2","48","170","152","119","252","154","C0338451"
"5979","2","5","7","53","14","20","25","40","186","C0338451"
"2778","2","5","4","68","96","326","427","548","672","C0338451"
"1717","2","3","2","19","151","276","48","69","204","C0338451"
"2245","2","5","7","60","54","24","30","46","72","C0338451"
"5073","2","3","2","110","85","323","433","146","194","C0338451"
"27306","2","3","5","91","175","271","372","471","586","C0338451"
"5605","2","5","7","53","14","20","34","540","68","C0338451"
"3516","2","3","12","19","31","143","428","236","667","C0338451"
"9401","2","3","12","76","31","261","116","1","86","C0338455"
"2672","2","3","3","19","221","321","259","423","389","C0338455"
"10327","2","3","2","91","175","271","372","471","586","C0338455"
"2099","2","3","12","19","151","276","91","433","118","C0338455"
"668","2","3","12","19","221","321","428","541","664","C0338455"
"2697","2","3","7","76","153","40","38","54","75","C0338455"
"701","2","3","12","76","153","40","38","54","75","C0338462"
"1130","2","5","7","60","54","326","141","359","462","C0338462"
"5420","2","5","7","34","52","342","454","64","492","C0338462"
"8517","2","3","12","41","219","339","156","568","697","C0338462"
"5828","2","3","5","43","161","305","409","208","482","C0338462"
"1294","2","5","7","53","51","342","454","573","492","C0338462"
"9499","2","5","7","53","51","23","103","464","187","C0338462"
"43","2","3","5","85","143","286","51","488","389","C0338473"
"1497","2","5","2","63","182","50","103","297","628","C0338473"
"217","2","3","5","75","120","200","75","230","309","C0338474"
"5728","2","3","5","80","81","339","156","568","605","C0338474"
"472","2","3","12","19","31","261","116","1","86","C0338474"
"3339","2","5","7","53","51","342","454","573","492","C0338474"
"6591","2","3","12","19","31","1","426","55","78","C0338474"
"28982","2","3","5","25","44","165","101","274","358","C0338474"
"1890","2","3","5","80","81","296","62","94","150","C0338474"
"7157","2","3","12","19","31","261","402","489","551","C0338474"
"8878","2","3","12","41","219","339","156","568","697","C0338474"
"10269","2","3","2","48","182","50","119","444","556","C0338474"
"2177","2","3","2","110","90","261","431","545","443","C0338474"
"9469","2","3","2","103","189","303","29","475","467","C0338474"
"25782","2","5","7","60","54","24","30","46","72","C0338474"
"51086","2","3","2","68","45","232","321","406","520","C0338474"
"841","2","3","12","41","219","339","156","568","697","C0338474"
"987","2","3","6","48","94","279","347","330","304","C0338474"
"7276","2","5","7","34","52","216","395","549","674","C0338474"
"1302","2","5","7","53","51","342","454","573","492","C0338474"
"10019","2","5","7","53","14","20","25","40","116","C0338474"
"1832","2","5","7","34","52","225","142","220","298","C0338474"
"2260","2","5","7","53","14","20","25","40","186","C0338474"
"4318","2","5","7","34","52","216","395","573","492","C0338474"
"10013","2","3","12","19","31","143","91","236","311","C0338474"
"7476","2","5","3","68","221","197","259","560","422","C0338474"
"23384","2","3","12","63","45","184","103","572","658","C0338474"
"10297","2","3","12","27","36","150","444","223","628","C0338474"
"5573","2","3","12","19","184","118","155","287","116","C0338474"
"3931","2","3","5","116","183","295","454","243","327","C0338474"
"2317","2","5","7","63","45","23","103","287","664","C0338480"
"5728","2","3","5","80","81","339","156","568","605","C0338480"
"3110","2","3","3","19","221","321","428","541","667","C0338480"
"1591","2","3","5","92","163","262","136","460","566","C0338480"
"23230","2","5","7","11","142","71","341","560","219","C0338480"
"3569","2","5","7","53","51","342","454","573","416","C0338480"
"7399","2","5","7","53","51","342","454","573","492","C0338480"
"4351","2","3","2","90","167","266","367","500","577","C0338488"
"29899","2","5","4","68","96","326","427","548","672","C0338488"
"25915","2","3","2","48","170","50","119","444","556","C0338488"
"3265","2","5","7","60","54","24","30","46","72","C0338488"
"2146","2","3","12","19","31","1","426","55","78","C0338502"
"7290","2","3","12","19","31","1","426","55","78","C0338502"
"89780","2","5","3","68","221","197","259","560","422","C0338502"
"6331","2","5","8","63","36","166","341","223","158","C0338502"
"1080","2","3","12","41","219","339","156","544","669","C0338502"
"9509","2","5","7","53","51","342","454","573","492","C0338502"
"7518","2","3","12","19","31","261","116","1","86","C0338502"
"4000","2","3","12","26","105","178","226","297","156","C0338502"
"3301","2","3","12","41","219","339","347","271","356","C0338502"
"5745","2","5","4","68","96","326","427","548","672","C0338502"
"641","2","3","12","19","31","261","116","1","86","C0338502"
"23556","2","3","2","61","77","142","176","235","317","C0338502"
"1302","2","5","7","53","51","342","454","573","492","C0338502"
"10484","2","3","7","60","153","40","38","54","203","C0338502"
"22868","2","3","2","48","182","67","76","463","153","C0338502"
"3835","2","3","12","76","153","40","38","54","75","C0338502"
"5728","2","3","5","80","81","339","156","568","605","C0338502"
"538","2","3","8","63","45","23","103","464","187","C0338503"
"9361","2","3","2","48","170","50","119","444","556","C0338503"
"9197","2","3","2","67","92","293","55","75","311","C0338503"
"2073","2","3","12","19","31","261","116","1","86","C0338503"
"5351","2","5","7","53","51","342","454","573","492","C0338503"
"2313","2","3","12","19","31","276","91","433","118","C0338503"
"2260","2","5","7","53","14","20","25","40","186","C0338503"
"1026","2","3","12","19","31","1","116","489","416","C0338503"
"6135","2","3","2","110","85","237","433","547","671","C0338503"
"2592","2","3","2","68","117","196","257","326","419","C0338503"
"34","2","3","2","19","151","276","91","433","118","C0338503"
"7157","2","3","12","19","31","261","402","489","551","C0338575"
"55651","2","3","2","110","85","237","433","547","671","C0338575"
"55112","2","3","12","76","153","40","38","54","75","C0338575"
"8313","2","3","12","41","219","339","156","568","605","C0338591"
"1293","2","5","7","53","51","342","454","573","492","C0338591"
"348","2","5","7","53","51","342","454","573","492","C0338591"
"7291","2","3","12","19","151","276","91","489","416","C0338591"
"1294","2","5","7","53","51","342","454","573","492","C0338591"
"10801","2","3","12","76","108","293","141","305","387","C0338591"
"7390","2","3","5","80","81","166","132","175","473","C0338591"
"2261","2","5","7","53","14","20","25","40","186","C0338591"
"6790","2","3","12","76","153","40","34","540","68","C0338591"
"3284","2","3","2","69","98","169","299","183","243","C0338597"
"5657","2","5","7","34","52","216","395","549","674","C0338597"
"2166","2","3","2","11","142","152","142","570","298","C0338614"
"3054","2","3","12","19","31","1","426","55","78","C0338614"
"1476","2","5","7","34","52","216","395","549","674","C0338614"
"2657","2","5","7","53","51","342","259","423","389","C0338715"
"6329","2","5","8","63","36","166","341","390","158","C0338715"
"1272","2","5","7","53","51","335","444","236","373","C0338715"
"7042","2","5","7","53","51","342","454","573","492","C0338715"
"3119","2","5","7","53","153","119","156","287","116","C0338715"
"4882","2","3","4","68","96","326","427","548","672","C0338715"
"3717","2","5","7","53","14","20","25","40","186","C0338715"
"846","2","5","4","68","96","326","427","548","672","C0338715"
"2263","2","5","7","53","14","20","25","40","186","C0338715"
"7169","2","5","8","63","45","23","103","464","187","C0338715"
"6341","2","3","2","48","170","50","119","444","556","C0338715"
"1499","2","3","12","19","221","197","259","560","422","C0338715"
"6299","2","3","12","19","221","321","428","541","667","C0338715"
"1760","2","5","8","63","14","20","34","540","68","C0338715"
"6722","2","3","12","76","153","40","38","54","75","C0338831"
"2796","2","5","4","68","96","326","427","548","672","C0338831"
"5176","2","5","7","53","51","342","454","573","492","C0338831"
"1290","2","5","7","53","51","342","454","573","492","C0338831"
"2694","2","5","7","48","51","105","139","186","245","C0338831"
"1723","2","3","2","48","170","50","119","444","556","C0338831"
"23729","2","3","2","90","167","148","36","51","383","C0338831"
"5781","2","5","7","53","14","20","25","40","186","C0338831"
"10084","2","3","2","22","33","323","66","101","136","C0338831"
"3308","2","3","12","41","219","339","347","271","356","C0338831"
"7545","2","5","3","34","52","216","142","220","298","C0338831"
"551","2","5","4","68","96","326","427","548","672","C0338831"
"7169","2","5","8","63","45","23","103","464","187","C0338831"
"3557","2","3","12","41","219","339","156","568","697","C0338831"
"3081","2","3","2","91","51","3","267","308","429","C0338908"
"10585","2","5","2","27","206","324","430","215","290","C0338908"
"1548","2","3","5","91","214","226","326","447","586","C0339063"
"8893","2","3","2","110","85","237","433","547","671","C0339063"
"9638","2","5","7","27","36","150","341","223","628","C0339063"
"4867","2","5","7","76","153","40","38","54","75","C0339063"
"3972","2","5","4","68","96","326","427","548","672","C0339063"
"3064","2","3","12","48","170","50","444","91","439","C0339063"
"3081","2","3","2","91","51","3","267","308","429","C0339063"
"5155","2","5","7","53","51","342","454","573","186","C0339063"
"7015","2","3","12","19","31","1","426","55","78","C0339063"
"1261","2","5","8","63","36","166","106","110","158","C0339063"
"54714","2","5","8","63","36","166","106","110","158","C0339063"
"10847","2","3","12","19","31","1","426","55","78","C0339063"
"8642","2","5","7","53","51","335","444","560","373","C0339063"
"5922","2","5","7","60","54","24","30","46","72","C0339063"
"1387","2","3","12","19","31","276","91","433","118","C0339063"
"5591","2","3","12","19","31","261","116","1","86","C0339063"
"5313","2","3","2","90","167","321","428","541","115","C0339063"
"5096","2","3","2","48","40","130","166","127","173","C0339143"
"6934","2","3","12","19","31","1","428","541","667","C0339143"
"6736","2","3","12","19","31","276","91","433","667","C0339182"
"1401","2","5","7","53","51","119","395","573","492","C0339182"
"81794","2","5","7","53","51","342","454","573","492","C0339182"
"435","2","3","8","84","97","167","210","278","360","C0339182"
"5605","2","5","7","53","14","20","34","540","68","C0339268"
"9652","2","3","2","110","85","237","433","547","671","C0339268"
"2006","2","5","7","53","51","342","454","573","492","C0339268"
"5741","2","5","4","68","96","326","427","548","672","C0339268"
"6697","2","3","2","69","91","75","204","267","352","C0339268"
"3984","2","5","7","53","14","20","34","540","68","C0339277"
"4784","2","3","2","22","33","261","116","159","211","C0339277"
"633","2","5","7","53","51","342","454","573","492","C0339277"
"10269","2","3","2","48","182","50","119","444","556","C0339284"
"23556","2","3","2","61","77","142","176","235","317","C0339284"
"8200","2","5","7","53","51","342","259","423","389","C0339284"
"6571","2","3","8","60","36","71","341","223","624","C0339284"
"4784","2","3","2","22","33","261","116","159","211","C0339477"
"4137","2","3","7","27","36","150","341","223","628","C0339477"
"2261","2","5","7","53","14","20","25","40","186","C0339477"
"1277","2","5","7","53","51","342","454","573","492","C0339477"
"22868","2","3","2","48","182","67","76","463","153","C0339510"
"4054","2","5","7","53","51","342","454","573","492","C0339510"
"9723","2","5","7","53","51","342","79","560","373","C0339510"
"6391","2","3","2","48","170","50","119","444","556","C0339510"
"9211","2","5","7","27","36","150","341","223","628","C0339527"
"763","2","3","5","35","41","77","40","526","647","C0339527"
"5832","2","3","2","101","62","189","182","509","252","C0339527"
"23230","2","5","7","11","142","71","341","560","219","C0339527"
"673","2","5","7","53","14","20","34","540","68","C0339527"
"582","2","3","12","76","153","76","38","54","75","C0339527"
"4000","2","3","12","26","105","178","226","297","156","C0339527"
"5728","2","3","5","80","81","339","156","568","605","C0339527"
"8924","2","3","12","41","116","268","434","468","213","C0339527"
"7200","2","5","4","68","96","326","427","548","672","C0339527"
"367","2","3","12","19","31","276","91","433","118","C0339527"
"9939","2","3","2","22","33","323","66","101","136","C0339527"
"9215","2","5","2","27","36","150","430","215","628","C0339527"
"6905","2","3","12","76","153","40","38","54","75","C0339527"
"7390","2","3","5","80","81","166","132","175","473","C0339527"
"9414","2","5","7","42","36","71","177","223","219","C0339527"
"5144","2","3","4","68","96","326","427","548","672","C0339527"
"6016","2","5","7","60","54","24","30","46","72","C0339527"
"2516","2","3","3","19","151","276","91","433","118","C0339527"
"1291","2","5","7","53","51","342","454","573","492","C0339534"
"3459","2","5","7","53","184","119","156","287","116","C0339534"
"23322","2","3","12","76","153","40","38","54","75","C0339534"
"5824","2","3","5","47","144","185","238","310","392","C0339534"
"2978","2","3","5","80","81","272","223","518","621","C0339534"
"1617","2","3","2","22","33","323","66","101","468","C0339535"
"6121","2","3","2","69","83","101","126","170","224","C0339535"
"410","2","3","7","34","52","216","395","549","674","C0339535"
"79991","2","3","12","24","119","261","116","1","144","C0339535"
"5581","2","5","7","53","14","20","34","540","68","C0339535"
"7545","2","5","3","34","52","216","142","220","298","C0339535"
"5781","2","5","7","53","14","20","25","40","186","C0339535"
"4868","2","5","7","53","51","335","25","560","373","C0339535"
"270","2","3","5","33","21","47","84","261","246","C0339535"
"3909","2","5","7","53","51","342","454","573","492","C0339535"
"551","2","5","4","68","96","326","427","548","672","C0339535"
"10804","2","3","12","76","153","40","38","54","75","C0339535"
"50485","2","3","12","19","31","261","116","1","86","C0339535"
"3329","2","3","2","48","170","50","304","167","593","C0339537"
"8200","2","5","7","53","51","342","259","423","389","C0339537"
"5194","2","3","5","43","161","305","409","208","482","C0339539"
"3549","2","5","3","53","51","197","259","560","422","C0339539"
"7512","2","5","5","27","51","335","444","560","373","C0339539"
"7040","2","5","7","53","51","342","454","573","492","C0339539"
"3458","2","5","7","53","184","119","156","287","116","C0339539"
"5146","2","3","5","86","72","258","318","403","518","C0339543"
"51741","2","3","2","22","33","323","66","101","127","C0339543"
"208","2","5","7","53","14","20","34","540","68","C0339573"
"7390","2","3","5","80","81","166","132","175","473","C0339573"
"8029","2","5","7","53","51","105","139","186","245","C0339573"
"55624","2","3","2","78","123","194","255","215","412","C0339573"
"6391","2","3","2","48","170","50","119","444","556","C0339573"
"6495","2","3","3","19","221","321","428","541","667","C0339573"
"3339","2","5","7","53","51","342","454","573","492","C0339573"
"213","2","5","7","53","51","342","454","573","492","C0339573"
"367","2","3","12","19","31","276","91","433","118","C0339652"
"1312","2","3","2","87","79","105","426","129","25","C0339652"
"51259","2","3","2","76","153","40","38","54","75","C0339652"
"2260","2","5","7","53","14","20","25","40","186","C0339864"
"7439","2","5","8","63","45","23","34","464","187","C0339864"
"6347","2","5","7","53","51","119","427","489","416","C0339985"
"930","2","5","7","53","14","119","25","40","186","C0339985"
"2621","2","5","7","53","51","342","454","573","492","C0339985"
"1146","2","5","8","27","70","99","162","216","290","C0339985"
"1399","2","5","7","53","14","20","25","40","186","C0340231"
"3853","2","1","6","11","142","225","142","220","298","C0340231"
"1967","2","3","2","110","85","237","433","547","671","C0340279"
"9970","2","3","3","19","151","276","91","433","118","C0340279"
"2301","2","5","6","11","142","225","142","220","673","C0340279"
"4313","2","5","7","53","51","342","454","573","492","C0340279"
"3845","2","5","7","60","54","24","30","46","72","C0340279"
"717","2","5","7","53","51","119","395","549","674","C0340279"
"50939","2","3","12","76","153","40","38","472","435","C0340288"
"9993","2","5","7","53","51","342","454","573","492","C0340288"
"4358","2","3","5","43","161","305","409","208","482","C0340288"
"4514","2","3","2","48","57","110","141","359","5","C0340375"
"2200","2","5","7","53","51","342","454","573","492","C0340375"
"4621","2","5","8","63","45","23","103","464","187","C0340375"
"7136","2","5","8","63","45","23","103","464","187","C0340375"
"2896","2","5","7","34","52","216","395","549","674","C0340375"
"134728","2","3","12","41","219","339","156","568","697","C0340375"
"1146","2","5","8","27","70","99","162","216","290","C0340375"
"652","2","5","7","53","51","342","454","573","492","C0340375"
"2260","2","5","7","53","14","20","25","40","186","C0340375"
"7167","2","3","2","90","167","266","367","500","577","C0340493"
"987","2","3","6","48","94","279","347","330","304","C0340493"
"3479","2","5","7","53","51","342","454","573","492","C0340543"
"5644","2","5","7","68","51","119","395","549","674","C0340543"
"242","2","3","5","11","142","223","142","220","298","C0340543"
"3664","2","5","7","53","184","119","156","287","116","C0340543"
"5573","2","3","12","19","184","118","155","287","116","C0340543"
"1291","2","5","7","53","51","342","454","573","492","C0340543"
"5727","2","3","12","68","221","197","259","560","422","C0340543"
"9215","2","5","2","27","36","150","430","215","628","C0340543"
"3592","2","5","7","53","51","119","25","489","416","C0340543"
"2074","2","3","12","19","31","1","426","55","78","C0340543"
"356","2","5","7","53","219","339","25","489","697","C0340543"
"4000","2","3","12","26","105","178","226","297","156","C0340548"
"257","2","3","3","19","221","321","428","541","667","C0340548"
"8842","2","5","5","53","82","147","184","179","328","C0340643"
"9227","2","3","2","69","51","101","126","170","224","C0340643"
"30008","2","5","7","53","51","342","454","573","492","C0340643"
"3236","2","3","3","19","221","321","428","541","667","C0340643"
"2317","2","5","7","63","45","23","103","287","664","C0340643"
"7020","2","3","12","19","31","276","91","433","664","C0340643"
"6687","2","3","2","48","170","50","119","444","593","C0340643"
"6662","2","3","3","19","221","321","428","541","667","C0340643"
"3045","2","3","12","19","31","118","155","287","116","C0340643"
"7298","2","3","12","76","153","40","38","54","75","C0340834"
"51750","2","3","12","19","31","261","116","1","86","C0340834"
"4337","2","3","2","80","91","75","204","267","352","C0340971"
"54968","2","3","2","48","170","50","119","444","556","C0340971"
"7291","2","3","12","19","151","276","91","489","416","C0340971"
"7415","2","3","7","34","52","216","395","536","445","C0340971"
"4282","2","5","7","34","52","216","395","549","674","C0340971"
"658","2","5","7","53","51","342","259","423","389","C0341106"
"7048","2","5","7","53","51","342","259","423","389","C0341106"
"10345","2","5","8","63","45","23","34","464","187","C0341106"
"3636","2","3","5","80","14","20","25","40","186","C0341306"
"4541","2","3","2","48","170","50","119","444","24","C0341306"
"5605","2","5","7","53","14","20","34","540","68","C0341703"
"6794","2","3","12","53","14","20","34","540","68","C0341703"
"8626","2","3","3","19","221","321","428","541","667","C0341703"
"4512","2","3","2","48","170","110","141","359","8","C0341703"
"5290","2","3","7","53","14","20","25","40","186","C0341703"
"10087","2","3","7","50","47","39","100","321","255","C0341703"
"9420","2","3","5","79","159","256","215","282","366","C0341703"
"8626","2","3","3","19","221","321","428","541","667","C0341703"
"7040","2","5","7","53","51","342","454","573","492","C0341703"
"348","2","5","7","53","51","342","454","573","492","C0341703"
"23765","2","3","12","41","219","238","252","489","416","C0341703"
"4914","2","3","2","22","18","266","202","252","252","C0341703"
"3700","2","5","7","53","51","342","454","573","702","C0341706"
"6335","2","5","8","63","36","166","341","390","158","C0341706"
"8600","2","5","7","41","219","339","156","568","697","C0341706"
"10664","2","3","12","19","31","1","426","55","78","C0341706"
"6785","2","3","5","67","7","5","239","311","393","C0341706"
"3835","2","3","12","76","153","40","38","54","75","C0341706"
"27436","2","3","12","76","153","40","38","54","75","C0341706"
"5173","2","5","4","68","96","326","427","548","672","C0341706"
"1586","2","3","5","79","98","256","335","425","540","C0341706"
"55704","2","3","12","76","153","40","38","54","75","C0341706"
"8312","2","3","12","41","219","339","156","568","605","C0341787"
"114548","2","3","12","41","219","339","156","568","697","C0341787"
"6748","2","3","2","110","85","237","433","547","671","C0341787"
"5728","2","3","5","80","81","339","156","568","605","C0341787"
"9759","2","3","12","19","31","276","91","433","118","C0341787"
"3784","2","5","8","63","36","166","106","110","158","C0341787"
"9820","2","3","12","41","116","268","434","468","213","C0341787"
"10019","2","5","7","53","14","20","25","40","116","C0341787"
"5447","2","3","5","91","214","271","372","471","586","C0341787"
"6011","2","5","7","53","14","20","34","540","68","C0341787"
"4846","2","3","5","41","219","75","243","44","64","C0341787"
"658","2","5","7","53","51","342","259","423","389","C0341787"
"1019","2","3","12","19","31","1","116","1","86","C0341787"
"7169","2","5","8","63","45","23","103","464","187","C0341787"
"51082","2","3","2","19","31","1","426","55","78","C0341787"
"720","2","5","7","53","51","342","454","573","492","C0341787"
"1832","2","5","7","34","52","225","142","220","298","C0342162"
"6239","2","3","12","19","119","330","214","454","144","C0342162"
"9427","2","5","5","53","51","119","252","489","416","C0342162"
"9927","2","3","12","19","31","118","155","287","116","C0342162"
"367","2","3","12","19","31","276","91","433","118","C0342162"
"8085","2","3","12","19","31","1","426","55","78","C0342208"
"3655","2","5","7","53","51","342","454","573","492","C0342208"
"5080","2","3","3","19","221","321","428","541","667","C0342257"
"326","2","3","12","19","31","261","377","370","269","C0342257"
"2147","2","5","7","68","51","342","454","573","492","C0342257"
"1235","2","5","4","68","96","326","427","548","672","C0342257"
"2562","2","5","8","27","70","99","162","216","290","C0342257"
"7039","2","3","12","19","31","1","426","55","203","C0342273"
"8287","2","3","12","41","219","339","156","568","605","C0342273"
"1828","2","5","7","34","52","216","142","220","298","C0342273"
"2033","2","3","12","19","31","1","91","433","118","C0342273"
"5290","2","3","7","53","14","20","25","40","186","C0342276"
"11167","2","5","7","53","51","342","454","573","492","C0342276"
"5663","2","5","7","34","52","216","395","549","667","C0342276"
"7139","2","5","8","63","45","23","103","464","187","C0342276"
"7248","2","3","2","48","57","110","141","359","462","C0342276"
"23522","2","3","12","19","31","1","426","55","78","C0342276"
"23175","2","3","5","80","81","296","51","488","102","C0342276"
"5573","2","3","12","19","184","118","155","287","116","C0342276"
"4621","2","5","8","63","45","23","103","464","187","C0342276"
"54790","2","3","12","19","31","1","426","55","78","C0342276"
"190","2","3","3","19","151","276","91","433","118","C0342276"
"2077","2","3","12","76","153","40","38","54","75","C0342282"
"1588","2","3","5","79","159","256","350","27","44","C0342282"
"3930","2","3","2","22","33","323","66","3","464","C0342282"
"2255","2","5","7","53","14","20","25","40","186","C0342384"
"6578","2","3","5","35","41","77","40","57","80","C0342384"
"27286","2","5","7","53","51","342","444","560","492","C0342384"
"10483","2","3","7","60","54","24","30","46","72","C0342384"
"950","2","5","7","60","14","184","341","544","669","C0342384"
"2733","2","3","2","22","33","323","66","101","664","C0342384"
"9939","2","3","2","22","33","323","66","101","136","C0342384"
"4695","2","3","2","48","170","50","119","444","556","C0342384"
"53834","2","5","7","53","51","342","454","573","492","C0342384"
"1813","2","5","4","68","96","326","427","548","672","C0342388"
"4591","2","3","12","41","116","268","434","468","213","C0342388"
"4222","2","3","3","19","221","321","428","541","667","C0342388"
"3651","2","3","3","19","221","321","428","541","667","C0342388"
"4728","2","3","2","48","170","50","119","444","556","C0342418"
"5193","2","3","5","43","161","305","409","208","482","C0342418"
"4722","2","3","2","48","170","50","119","444","556","C0342418"
"3586","2","5","7","53","51","119","25","489","416","C0342418"
"2301","2","5","6","11","142","225","142","220","673","C0342422"
"6197","2","3","12","19","14","20","34","540","68","C0342422"
"659","2","5","7","53","14","20","259","423","389","C0342474"
"3439","2","3","12","19","184","118","155","287","116","C0342474"
"5080","2","3","3","19","221","321","428","541","667","C0342491"
"5506","2","3","12","76","137","76","136","82","658","C0342491"
"3659","2","3","12","19","184","119","156","287","116","C0342491"
"51134","2","3","12","76","153","40","38","54","75","C0342491"
"9445","2","3","12","19","31","1","426","55","78","C0342491"
"3655","2","5","7","53","51","342","454","573","492","C0342491"
"847","2","3","7","34","52","216","395","549","674","C0342491"
"2022","2","5","7","53","51","342","259","423","389","C0342491"
"26503","2","3","2","89","124","204","272","347","442","C0342491"
"6121","2","3","2","69","83","101","126","170","224","C0342491"
"4750","2","5","12","76","14","20","34","540","68","C0342491"
"23230","2","5","7","11","142","71","341","560","219","C0342491"
"6910","2","3","12","19","51","335","444","560","373","C0342527"
"1280","2","5","7","53","51","342","454","573","492","C0342527"
"5649","2","5","7","53","51","342","444","560","373","C0342527"
"460","2","5","7","27","36","150","341","223","628","C0342543"
"2176","2","3","12","19","31","261","116","1","86","C0342543"
"79915","2","3","12","19","31","261","116","1","86","C0342546"
"23090","2","3","12","19","151","276","91","433","118","C0342546"
"3558","2","5","7","53","14","20","25","40","186","C0342546"
"6901","2","3","2","48","170","50","304","167","593","C0342549"
"2780","2","5","4","68","96","326","427","548","672","C0342549"
"3592","2","5","7","53","51","119","25","489","416","C0342549"
"3000","2","5","4","68","96","326","427","548","672","C0342573"
"1806","2","3","2","49","23","186","149","195","61","C0342573"
"7097","2","5","7","34","52","216","395","549","674","C0342643"
"5290","2","3","7","53","14","20","25","40","186","C0342643"
"1501","2","5","7","27","36","150","341","223","628","C0342649"
"2652","2","5","4","68","96","326","427","548","672","C0342649"
"51199","2","3","12","76","153","40","38","54","75","C0342793"
"5894","2","5","7","60","54","23","34","464","187","C0342793"
"7139","2","5","8","63","45","23","103","464","187","C0342853"
"9968","2","4","3","24","119","330","214","454","144","C0342853"
"4540","2","3","2","48","170","50","119","444","556","C0342870"
"5468","2","3","3","19","151","276","91","433","118","C0342870"
"6654","2","5","7","60","54","24","30","46","72","C0342870"
"3075","2","5","7","53","51","119","395","549","674","C0342881"
"1415","2","3","6","63","45","160","362","177","673","C0342881"
"875","2","3","5","80","137","44","21","451","316","C0342881"
"23529","2","5","7","53","51","119","25","40","416","C0342881"
"2956","2","3","12","19","31","261","116","1","86","C0342883"
"4513","2","3","2","48","170","110","141","359","532","C0342883"
"9928","2","3","12","76","153","40","38","54","75","C0342883"
"6928","2","3","3","19","221","321","428","541","667","C0342898"
"6888","2","3","2","90","167","266","367","500","577","C0342898"
"9940","2","3","5","68","221","321","428","447","586","C0342907"
"5771","2","5","7","53","14","296","25","40","186","C0342907"
"25861","2","5","7","42","36","71","177","223","219","C0343055"
"51750","2","3","12","19","31","261","116","1","86","C0343055"
"6606","2","3","2","22","33","323","66","101","136","C0343057"
"26503","2","3","2","89","124","204","272","347","442","C0343057"
"7248","2","3","2","48","57","110","141","359","462","C0343057"
"4233","2","5","7","53","14","20","25","40","186","C0343065"
"8086","2","3","12","22","33","323","66","101","664","C0343065"
"5860","2","3","2","69","91","75","204","267","352","C0343065"
"10528","2","3","2","110","85","237","433","547","671","C0343065"
"2316","2","5","7","53","51","342","454","573","702","C0343065"
"9569","2","3","12","19","31","276","91","433","118","C0343065"
"5053","2","3","5","80","81","166","236","308","390","C0343065"
"2100","2","3","3","19","151","276","91","433","118","C0343068"
"27235","2","3","2","48","170","50","304","167","593","C0343068"
"8050","2","3","2","67","92","293","55","75","311","C0343073"
"3778","2","5","8","63","36","166","106","110","158","C0343073"
"1536","2","5","7","34","52","216","395","549","674","C0343073"
"23230","2","5","7","11","142","71","341","560","219","C0343073"
"2706","2","3","12","76","153","40","38","54","75","C0343073"
"3930","2","3","2","22","33","323","66","3","464","C0343073"
"1280","2","5","7","53","51","342","454","573","492","C0343073"
"4920","2","5","7","53","14","20","259","560","373","C0343073"
"6559","2","5","8","45","94","199","240","415","666","C0343073"
"3423","2","3","5","74","3","342","374","294","590","C0343073"
"4038","2","5","7","53","51","342","454","573","492","C0343073"
"4990","2","3","3","19","221","321","428","541","667","C0343073"
"658","2","5","7","53","51","342","259","423","389","C0343073"
"9378","2","5","7","27","36","71","341","223","219","C0343073"
"26012","2","3","12","19","31","261","116","159","211","C0343073"
"6469","2","5","3","53","221","197","259","560","422","C0343073"
"5982","2","3","12","19","31","261","116","1","86","C0343073"
"6341","2","3","2","48","170","50","119","444","556","C0343110"
"6495","2","3","3","19","221","321","428","541","667","C0343110"
"1639","2","3","12","76","153","40","38","54","75","C0343110"
"7841","2","3","2","41","116","178","423","536","445","C0343755"
"590","2","3","5","85","143","286","51","488","604","C0343755"
"27245","2","3","6","22","142","225","366","362","468","C0343755"
"6575","2","3","8","45","94","199","240","415","666","C0343755"
"6297","2","3","12","41","116","266","402","489","416","C0344232"
"672","2","3","12","19","31","261","116","1","86","C0344232"
"3417","2","3","7","34","52","216","395","549","319","C0344232"
"79953","2","5","7","53","51","342","454","573","373","C0344232"
"10225","2","5","7","53","51","119","395","549","674","C0344232"
"26154","2","3","5","47","144","185","238","310","392","C0344232"
"79728","2","3","12","19","31","261","116","1","86","C0344232"
"2737","2","3","12","19","116","321","428","54","667","C0344232"
"3952","2","5","3","53","151","276","91","433","118","C0344232"
"2187","2","3","12","19","31","261","116","1","86","C0344232"
"7227","2","3","12","19","31","276","91","433","118","C0344232"
"8629","2","3","12","19","221","1","428","541","667","C0344232"
"4221","2","3","12","19","31","342","454","573","492","C0344232"
"4222","2","3","3","19","221","321","428","541","667","C0344232"
"1278","2","5","7","53","51","342","454","573","492","C0344232"
"718","2","5","7","34","51","119","395","549","674","C0344232"
"6658","2","3","12","19","221","321","428","541","667","C0344232"
"23592","2","3","12","26","105","342","259","423","389","C0344232"
"841","2","3","12","41","219","339","156","568","697","C0344232"
"23742","2","5","5","68","96","326","427","447","586","C0344233"
"2520","2","5","4","68","96","326","427","548","672","C0344233"
"54658","2","3","2","78","205","207","67","355","138","C0344233"
"7473","2","5","3","68","221","197","259","560","422","C0344233"
"220","2","3","5","75","120","10","165","432","297","C0344233"
"673","2","5","7","53","14","20","34","540","68","C0344233"
"9401","2","3","12","76","31","261","116","1","86","C0344233"
"7421","2","3","3","19","151","276","91","433","118","C0344233"
"4221","2","3","12","19","31","342","454","573","492","C0344233"
"1277","2","5","7","53","51","342","454","573","492","C0344233"
"2303","2","5","3","19","221","321","428","541","667","C0344233"
"5192","2","3","5","43","161","305","409","208","482","C0344262"
"30835","2","5","7","53","51","119","395","549","674","C0344262"
"6928","2","3","3","19","221","321","428","541","667","C0344262"
"3913","2","5","7","53","51","342","454","573","492","C0344290"
"5265","2","5","7","34","52","216","395","573","702","C0344290"
"5860","2","3","2","69","91","75","204","267","352","C0344290"
"6324","2","5","7","63","36","166","341","223","158","C0344290"
"6863","2","5","4","68","96","326","427","548","672","C0344290"
"51297","2","5","7","34","157","226","350","243","561","C0344290"
"1075","2","5","7","34","52","216","395","549","674","C0344290"
"5091","2","3","2","35","40","130","166","57","435","C0344290"
"55670","2","3","5","43","161","305","409","208","482","C0344290"
"1106","2","3","12","19","31","1","426","55","78","C0344297"
"4286","2","3","12","19","31","261","116","1","664","C0344297"
"37","2","3","2","110","105","178","226","297","380","C0344307"
"6134","2","3","2","110","85","237","433","547","671","C0344307"
"2187","2","3","12","19","31","261","116","1","86","C0344307"
"2693","2","5","4","68","96","326","427","548","672","C0344307"
"1954","2","5","7","53","51","342","454","573","492","C0344307"
"10058","2","3","5","44","50","209","68","11","141","C0344312"
"10157","2","3","5","71","102","175","222","290","371","C0344312"
"3891","2","1","6","11","142","225","142","220","298","C0344312"
"2623","2","3","12","19","31","1","155","287","116","C0344312"
"538","2","3","8","63","45","23","103","464","187","C0344312"
"3593","2","5","7","53","51","119","25","489","416","C0344312"
"9569","2","3","12","19","31","276","91","433","118","C0344312"
"3265","2","5","7","60","54","24","30","46","72","C0344312"
"4057","2","5","7","34","52","216","395","549","674","C0344312"
"1029","2","3","12","19","31","1","116","1","664","C0344312"
"2773","2","5","4","68","96","326","427","548","672","C0344312"
"1278","2","5","7","53","51","342","454","573","492","C0344312"
"3914","2","5","7","53","51","342","454","573","492","C0344315"
"2260","2","5","7","53","14","20","25","40","186","C0344315"
"3265","2","5","7","60","54","24","30","46","72","C0344315"
"6223","2","3","2","110","85","237","433","547","671","C0344315"
"3423","2","3","5","74","3","342","374","294","590","C0344315"
"50485","2","3","12","19","31","261","116","1","86","C0344315"
"3972","2","5","4","68","96","326","427","548","672","C0344315"
"4638","2","5","7","53","45","23","103","464","187","C0344315"
"23545","2","3","5","29","88","132","85","222","346","C0344315"
"4982","2","5","12","41","219","339","156","568","697","C0344315"
"673","2","5","7","53","14","20","34","540","68","C0344315"
"3930","2","3","2","22","33","323","66","3","464","C0344315"
"5649","2","5","7","53","51","342","444","560","373","C0344315"
"2719","2","5","7","53","51","342","454","573","492","C0344315"
"3141","2","3","2","68","40","130","166","127","173","C0344315"
"9499","2","5","7","53","51","23","103","464","187","C0344315"
"26227","2","3","2","41","137","44","208","81","108","C0344315"
"4540","2","3","2","48","170","50","119","444","556","C0344386"
"2779","2","5","4","68","96","326","427","548","672","C0344386"
"701","2","3","12","76","153","40","38","54","75","C0344490"
"2261","2","5","7","53","14","20","25","40","186","C0344490"
"1476","2","5","7","34","52","216","395","549","674","C0344490"
"5573","2","3","12","19","184","118","155","287","116","C0344505"
"7337","2","3","12","41","116","268","434","468","213","C0344505"
"846","2","5","4","68","96","326","427","548","672","C0344505"
"111","2","5","4","68","96","326","427","548","672","C0344505"
"1497","2","5","2","63","182","50","103","297","628","C0344505"
"335","2","5","7","53","51","342","454","573","492","C0344505"
"9829","2","5","7","60","14","184","341","544","669","C0344505"
"2130","2","3","2","22","33","323","66","491","609","C0344505"
"695","2","5","7","53","14","20","25","40","186","C0344505"
"9627","2","3","12","19","31","1","426","55","78","C0344509"
"7157","2","3","12","19","31","261","402","489","551","C0344509"
"9723","2","5","7","53","51","342","79","560","373","C0344509"
"10693","2","3","12","76","137","76","136","472","435","C0344509"
"5167","2","3","5","32","93","163","207","303","126","C0344511"
"1399","2","5","7","53","14","20","25","40","186","C0344511"
"27324","2","3","12","19","221","321","38","541","75","C0344511"
"7248","2","3","2","48","57","110","141","359","462","C0344511"
"7390","2","3","5","80","81","166","132","175","473","C0344516"
"51293","2","5","7","48","51","105","139","186","245","C0344516"
"10381","2","3","12","76","153","40","38","54","75","C0344516"
"959","2","5","7","53","51","119","395","549","674","C0344516"
"5189","2","3","5","43","161","305","409","208","482","C0344523"
"23312","2","5","7","60","36","71","341","223","624","C0344523"
"1586","2","3","5","79","98","256","335","425","540","C0344523"
"2316","2","5","7","53","51","342","454","573","702","C0344523"
"54205","2","3","2","48","170","50","119","444","556","C0344530"
"4540","2","3","2","48","170","50","119","444","556","C0344530"
"5728","2","3","5","80","81","339","156","568","605","C0344530"
"2916","2","5","4","68","96","326","427","548","672","C0344530"
"1356","2","3","7","53","51","342","454","573","492","C0344530"
"151","2","5","4","68","96","326","427","548","672","C0344530"
"1836","2","3","2","35","41","94","260","330","375","C0344530"
"6323","2","5","8","63","36","166","341","390","158","C0344530"
"51524","2","5","7","45","94","199","240","415","666","C0344530"
"7545","2","5","3","34","52","216","142","220","298","C0344530"
"6662","2","3","3","19","221","321","428","541","667","C0344530"
"7252","2","5","4","68","96","326","427","548","672","C0344530"
"735","2","5","7","53","51","119","395","549","674","C0344530"
"9820","2","3","12","41","116","268","434","468","213","C0344530"
"29110","2","3","12","41","219","339","156","568","697","C0344531"
"8516","2","5","7","53","51","342","454","573","492","C0344531"
"182","2","5","7","53","51","143","428","236","667","C0344531"
"8924","2","3","12","41","116","268","434","468","213","C0344531"
"2261","2","5","7","53","14","20","25","40","186","C0344531"
"7015","2","3","12","19","31","1","426","55","78","C0344531"
"25942","2","3","12","19","31","1","426","55","78","C0344531"
"51816","2","5","7","34","52","216","395","549","674","C0344531"
"9573","2","5","7","53","51","342","259","423","389","C0344531"
"10939","2","3","2","48","170","50","119","444","593","C0344531"
"9321","2","3","12","76","153","40","38","54","203","C0344531"
"23767","2","5","7","53","14","20","25","40","186","C0344531"
"4688","2","5","7","60","14","20","25","40","215","C0344531"
"440822","2","3","2","22","33","323","141","359","194","C0344531"
"4810","2","3","2","76","57","110","444","560","373","C0344531"
"147409","2","1","6","11","142","225","142","220","298","C0344531"
"29119","2","5","7","11","51","335","444","560","373","C0344531"
"6399","2","5","7","60","54","24","30","46","72","C0344531"
"6616","2","5","7","34","52","216","341","223","628","C0344531"
"8518","2","3","12","19","31","1","426","55","78","C0344531"
"283989","2","3","12","22","33","323","66","101","664","C0344531"
"10269","2","3","2","48","182","50","119","444","556","C0344531"
"10397","2","3","2","110","81","148","402","51","383","C0344531"
"4921","2","5","7","53","14","20","25","573","186","C0344531"
"7468","2","3","12","19","31","1","426","55","78","C0344531"
"5830","2","3","5","43","161","305","409","208","482","C0344531"
"2263","2","5","7","53","14","20","25","40","186","C0344531"
"421","2","5","7","42","51","335","444","560","373","C0344531"
"2697","2","3","7","76","153","40","38","54","75","C0344539"
"25793","2","3","12","41","116","268","434","468","213","C0344539"
"4688","2","5","7","60","14","20","25","40","215","C0344539"
"2815","2","5","7","53","51","342","454","573","492","C0344539"
"7290","2","3","12","19","31","1","426","55","78","C0344539"
"785","2","5","8","63","36","166","106","110","158","C0344539"
"11285","2","3","2","74","205","191","396","408","620","C0344539"
"1356","2","3","7","53","51","342","454","573","492","C0344539"
"2147","2","5","7","68","51","342","454","573","492","C0344539"
"4541","2","3","2","48","170","50","119","444","24","C0344539"
"3977","2","5","7","53","51","119","25","40","416","C0344550"
"4893","2","5","7","34","52","24","30","46","72","C0344550"
"9215","2","5","2","27","36","150","430","215","628","C0344550"
"5894","2","5","7","60","54","23","34","464","187","C0344559"
"6391","2","3","2","48","170","50","119","444","556","C0344559"
"4053","2","5","7","53","51","342","454","573","492","C0344559"
"7840","2","3","12","76","153","40","38","54","75","C0344559"
"8200","2","5","7","53","51","342","259","423","389","C0344559"
"1161","2","3","12","41","116","268","434","468","213","C0344559"
"1352","2","3","2","48","170","50","119","444","556","C0344559"
"3815","2","5","7","53","14","20","25","40","186","C0344559"
"4645","2","3","4","67","92","293","55","75","311","C0344559"
"1106","2","3","12","19","31","1","426","55","78","C0344559"
"2121","2","3","12","41","116","268","434","568","605","C0344724"
"10891","2","3","3","19","151","276","91","433","118","C0344724"
"94","2","5","7","53","51","342","259","423","389","C0344724"
"1340","2","3","2","48","170","50","141","359","462","C0344724"
"79042","2","3","12","22","33","323","66","101","664","C0344724"
"11285","2","3","2","74","205","191","396","408","620","C0344724"
"6234","2","3","2","110","85","237","433","547","671","C0344724"
"51259","2","3","2","76","153","40","38","54","75","C0344724"
"4683","2","3","12","19","31","261","116","1","86","C0344724"
"9871","2","3","7","60","153","40","38","54","203","C0344735"
"2261","2","5","7","53","14","20","25","40","186","C0344735"
"2767","2","5","4","68","96","326","427","548","672","C0344735"
"5604","2","5","7","53","14","20","34","540","68","C0344735"
"10060","2","3","8","41","45","23","423","464","445","C0344735"
"4174","2","3","12","76","31","261","116","1","86","C0344760"
"5727","2","3","12","68","221","197","259","560","422","C0344760"
"50484","2","3","5","80","109","182","235","307","506","C0344925"
"3953","2","5","7","53","14","20","25","40","186","C0344925"
"4693","2","5","7","53","51","342","454","573","492","C0344925"
"10083","2","5","7","42","36","71","177","223","219","C0345030"
"2623","2","3","12","19","31","1","155","287","116","C0345030"
"3592","2","5","7","53","51","119","25","489","416","C0345030"
"4129","2","3","5","63","63","120","197","203","350","C0345030"
"94","2","5","7","53","51","342","259","423","389","C0345030"
"5119","2","3","2","48","57","110","141","359","462","C0345030"
"60675","2","5","4","68","96","326","427","548","672","C0345030"
"54768","2","3","12","41","92","197","57","198","517","C0345030"
"55687","2","3","2","48","170","152","119","252","154","C0345030"
"5602","2","3","12","19","14","150","34","540","68","C0345030"
"3431","2","3","12","53","184","119","156","287","116","C0345030"
"10269","2","3","2","48","182","50","119","444","556","C0345030"
"4160","2","5","4","68","96","326","427","548","672","C0345030"
"6595","2","3","12","19","31","1","426","55","78","C0345030"
"4040","2","5","3","68","221","197","259","560","422","C0345049"
"9150","2","3","12","19","31","261","116","159","211","C0345049"
"4618","2","3","12","19","31","276","91","433","118","C0345049"
"10290","2","5","7","53","14","20","34","540","68","C0345049"
"19","2","3","3","19","151","276","91","433","118","C0345049"
"7298","2","3","12","76","153","40","38","54","75","C0345309"
"4148","2","5","7","53","51","342","454","573","492","C0345309"
"9663","2","3","5","80","81","296","51","488","102","C0345309"
"8754","2","5","7","53","51","342","454","573","492","C0345309"
"2303","2","5","3","19","221","321","428","541","667","C0345309"
"6655","2","5","7","60","54","24","30","46","72","C0345309"
"2301","2","5","6","11","142","225","142","220","673","C0345309"
"201163","2","3","2","34","57","110","141","271","356","C0345309"
"1161","2","3","12","41","116","268","434","468","213","C0345309"
"3033","2","3","2","67","80","145","179","239","618","C0345309"
"6310","2","3","12","22","142","225","366","362","468","C0345309"
"60","2","3","12","60","45","184","155","287","78","C0345309"
"3762","2","5","8","63","36","166","106","110","158","C0345309"
"2157","2","5","7","53","51","342","454","573","702","C0345309"
"10269","2","3","2","48","182","50","119","444","556","C0345326"
"2936","2","3","2","48","57","110","141","359","229","C0345326"
"2200","2","5","7","53","51","342","454","573","492","C0345326"
"4292","2","3","12","19","31","261","116","1","86","C0345326"
"2475","2","3","2","48","57","110","141","359","462","C0345354"
"23474","2","3","12","19","31","1","91","433","118","C0345354"
"5290","2","3","7","53","14","20","25","40","186","C0345354"
"2121","2","3","12","41","116","268","434","568","605","C0345354"
"4921","2","5","7","53","14","20","25","573","186","C0345354"
"8260","2","3","12","41","85","266","76","287","78","C0345354"
"2332","2","3","2","22","33","71","373","466","609","C0345354"
"6657","2","3","12","19","221","321","428","541","667","C0345354"
"5426","2","3","12","19","31","261","116","1","86","C0345371"
"2263","2","5","7","53","14","20","25","40","186","C0345371"
"6678","2","5","7","53","51","342","454","573","492","C0345371"
"1144","2","5","8","27","70","99","162","216","290","C0345371"
"6469","2","5","3","53","221","197","259","560","422","C0345375"
"9939","2","3","2","22","33","323","66","101","136","C0345375"
"11285","2","3","2","74","205","191","396","408","620","C0345375"
"6261","2","5","8","63","45","23","34","464","187","C0345375"
"6310","2","3","12","22","142","225","366","362","468","C0345375"
"2263","2","5","7","53","14","20","25","40","186","C0345375"
"22827","2","3","2","22","33","323","66","101","136","C0345375"
"50616","2","5","7","53","51","119","25","40","186","C0345375"
"26229","2","3","2","74","205","191","396","408","257","C0345394"
"2176","2","3","12","19","31","261","116","1","86","C0345394"
"54757","2","5","7","53","51","342","454","573","492","C0345397"
"23384","2","3","12","63","45","184","103","572","658","C0345397"
"8291","2","5","8","63","45","23","103","464","187","C0345397"
"207","2","3","7","53","14","20","34","489","416","C0345397"
"2316","2","5","7","53","51","342","454","573","702","C0345397"
"207","2","3","7","53","14","20","34","489","416","C0345397"
"4000","2","3","12","26","105","178","226","297","156","C0345397"
"8517","2","3","12","41","219","339","156","568","697","C0345397"
"29929","2","3","2","48","69","99","162","216","290","C0345397"
"8626","2","3","3","19","221","321","428","541","667","C0345397"
"6606","2","3","2","22","33","323","66","101","136","C0345427"
"3606","2","5","7","53","51","119","156","489","416","C0345427"
"8878","2","3","12","41","219","339","156","568","697","C0345427"
"8292","2","5","5","27","51","342","454","573","492","C0345427"
"2099","2","3","12","19","151","276","91","433","118","C0345427"
"217","2","3","5","75","120","200","75","230","309","C0345893"
"4703","2","5","7","60","45","23","103","464","187","C0345893"
"55612","2","5","7","60","36","71","177","560","701","C0345893"
"3043","2","5","7","34","52","216","395","549","116","C0345893"
"11231","2","3","2","110","105","178","226","297","380","C0345996"
"7020","2","3","12","19","31","276","91","433","664","C0345996"
"190","2","3","3","19","151","276","91","433","118","C0345996"
"1144","2","5","8","27","70","99","162","216","290","C0345996"
"3026","2","5","7","68","51","119","395","549","674","C0345996"
"6006","2","3","2","69","83","101","126","487","116","C0345996"
"54938","2","3","2","110","85","67","76","252","154","C0345996"
"22948","2","3","12","76","137","76","136","472","435","C0345996"
"5447","2","3","5","91","214","271","372","471","586","C0345996"
"4594","2","3","7","48","92","261","116","186","245","C0345996"
"3891","2","1","6","11","142","225","142","220","298","C0345996"
"9451","2","3","2","110","51","335","226","297","380","C0345996"
"1828","2","5","7","34","52","216","142","220","298","C0345996"
"6469","2","5","3","53","221","197","259","560","422","C0345996"
"9663","2","3","5","80","81","296","51","488","102","C0345996"
"3758","2","5","8","63","36","166","106","110","158","C0345996"
"22796","2","5","7","60","153","40","38","66","203","C0346153"
"10483","2","3","7","60","54","24","30","46","72","C0346153"
"3845","2","5","7","60","54","24","30","46","72","C0346153"
"6648","2","3","2","95","151","160","378","173","229","C0346153"
"23503","2","3","6","11","142","225","142","220","298","C0346153"
"367","2","3","12","19","31","276","91","433","118","C0346153"
"6843","2","5","7","60","36","71","341","223","203","C0346153"
"9414","2","5","7","42","36","71","177","223","219","C0346302"
"7124","2","3","12","41","219","339","156","568","697","C0346302"
"6868","2","5","7","53","51","342","454","236","492","C0346302"
"1280","2","5","7","53","51","342","454","573","492","C0346302"
"3954","2","3","2","48","170","67","119","444","593","C0346302"
"6495","2","3","3","19","221","321","428","541","667","C0346326"
"8504","2","3","5","47","144","185","238","310","392","C0346326"
"477","2","3","8","63","45","23","103","464","187","C0346326"
"5167","2","3","5","32","93","163","207","303","126","C0346373"
"4771","2","5","7","60","36","71","177","64","215","C0346373"
"2218","2","5","2","53","123","194","255","560","373","C0346373"
"5745","2","5","4","68","96","326","427","548","672","C0346373"
"6299","2","3","12","19","221","321","428","541","667","C0346379"
"10265","2","3","3","19","221","321","428","541","667","C0346379"
"5339","2","5","7","53","51","342","454","573","492","C0346379"
"5077","2","3","3","19","221","321","428","541","667","C0346388"
"3918","2","5","7","53","51","342","454","573","492","C0346388"
"26353","2","3","12","76","45","160","347","271","356","C0346388"
"5155","2","5","7","53","51","342","454","573","186","C0346421"
"7809","2","5","8","63","45","23","34","464","187","C0346421"
"1836","2","3","2","35","41","94","260","330","375","C0346647"
"4509","2","3","2","48","170","50","119","444","556","C0346647"
"356","2","5","7","53","219","339","25","489","697","C0346647"
"1584","2","3","5","79","159","256","276","353","456","C0346647"
"1584","2","3","5","79","159","256","276","353","456","C0346647"
"10269","2","3","2","48","182","50","119","444","556","C0346647"
"54894","2","3","12","41","221","197","259","499","422","C0346647"
"1513","2","5","7","53","51","342","454","573","492","C0346647"
"6698","2","1","6","11","142","225","142","220","298","C0346647"
"23250","2","3","7","34","52","216","395","549","559","C0347509"
"1278","2","5","7","53","51","342","454","573","492","C0347509"
"3060","2","5","4","68","96","326","427","548","672","C0348023"
"5048","2","3","12","76","153","40","38","54","75","C0348023"
"6622","2","3","7","27","36","150","341","223","628","C0348616"
"58","2","5","8","63","45","23","103","464","187","C0348616"
"3081","2","3","2","91","51","3","267","308","429","C0348616"
"7412","2","5","7","53","51","119","454","287","116","C0348616"
"596","2","3","12","19","219","339","402","489","416","C0348890"
"6678","2","5","7","53","51","342","454","573","492","C0348890"
"4261","2","3","12","53","184","119","156","287","116","C0348890"
"7051","2","1","6","11","142","225","142","220","298","C0348890"
"3617","2","5","7","86","221","321","454","311","518","C0349217"
"6469","2","5","3","53","221","197","259","560","422","C0349217"
"2206","2","3","12","41","14","20","25","40","186","C0349218"
"54209","2","5","7","53","51","119","395","549","674","C0349218"
"89891","2","3","12","76","153","40","38","54","75","C0349231"
"1962","2","3","5","43","161","305","409","208","482","C0349231"
"1583","2","3","5","79","152","273","375","100","589","C0349391"
"4624","2","5","8","63","45","23","103","464","187","C0349391"
"2737","2","3","12","19","116","321","428","54","667","C0349391"
"57526","2","5","7","53","51","335","444","560","373","C0349391"
"22802","2","5","8","63","45","23","34","464","187","C0349391"
"5604","2","5","7","53","14","20","34","540","68","C0349464"
"29954","2","5","2","27","206","324","430","215","290","C0349464"
"8792","2","3","12","41","219","339","156","568","697","C0349464"
"2006","2","5","7","53","51","342","454","573","492","C0349464"
"10134","2","3","2","41","219","339","156","536","342","C0349639"
"2138","2","3","12","19","31","1","426","55","78","C0349639"
"23729","2","3","2","90","167","148","36","51","383","C0349639"
"8450","2","3","12","41","116","268","434","468","213","C0349639"
"51684","2","3","12","41","116","268","38","54","75","C0349639"
"3043","2","5","7","34","52","216","395","549","116","C0349639"
"2313","2","3","12","19","31","276","91","433","118","C0349639"
"3181","2","3","2","22","33","323","66","101","136","C0349639"
"7048","2","5","7","53","51","342","259","423","389","C0349639"
"7468","2","3","12","19","31","1","426","55","78","C0349639"
"7274","2","3","5","43","161","99","162","216","290","C0349639"
"5189","2","3","5","43","161","305","409","208","482","C0349639"
"4210","2","3","12","41","219","339","156","568","697","C0349639"
"595","2","3","12","19","31","1","426","489","416","C0349639"
"23529","2","5","7","53","51","119","25","40","416","C0349639"
"8643","2","5","3","68","221","197","259","560","422","C0349639"
"3694","2","5","7","53","51","342","454","573","492","C0349639"
"8653","2","3","12","110","85","237","136","472","127","C0349639"
"6775","2","5","7","53","14","119","25","40","186","C0349639"
"10855","2","5","7","34","52","216","395","549","674","C0349639"
"8312","2","3","12","41","219","339","156","568","605","C0349702"
"1493","2","5","7","53","51","119","25","40","186","C0349702"
"56899","2","5","7","50","30","193","306","148","624","C0349702"
"5828","2","3","5","43","161","305","409","208","482","C0349702"
"1586","2","3","5","79","98","256","335","425","540","C0349702"
"2064","2","5","7","53","14","20","25","40","186","C0349702"
"6399","2","5","7","60","54","24","30","46","72","C0349702"
"10293","2","3","12","41","116","268","434","468","213","C0349705"
"8878","2","3","12","41","219","339","156","568","697","C0349705"
"23426","2","5","7","42","36","71","177","223","219","C0349705"
"3717","2","5","7","53","14","20","25","40","186","C0349705"
"26608","2","3","2","22","170","50","119","463","153","C0349705"
"3339","2","5","7","53","51","342","454","573","492","C0349705"
"1593","2","3","5","79","152","273","157","333","277","C0349705"
"4053","2","5","7","53","51","342","454","573","492","C0349705"
"4481","2","5","7","53","51","342","454","573","492","C0349705"
"6101","2","5","7","60","116","268","434","468","215","C0376358"
"2799","2","3","7","34","52","216","395","549","33","C0376358"
"57539","2","3","12","76","153","40","38","54","75","C0376358"
"3592","2","5","7","53","51","119","25","489","416","C0376358"
"51082","2","3","2","19","31","1","426","55","78","C0376358"
"6774","2","3","12","53","14","276","25","489","416","C0376358"
"4286","2","3","12","19","31","261","116","1","664","C0376358"
"29925","2","3","2","68","66","123","158","207","278","C0376358"
"2934","2","5","7","34","52","216","395","549","674","C0376358"
"54539","2","3","2","48","170","50","119","444","556","C0376358"
"2255","2","5","7","53","14","20","25","40","186","C0376358"
"84976","2","3","12","19","124","238","428","236","667","C0376480"
"940","2","5","7","53","14","20","25","40","186","C0376480"
"29072","2","3","12","19","31","1","426","55","78","C0376480"
"29899","2","5","4","68","96","326","427","548","672","C0376480"
"3172","2","3","3","19","151","276","91","433","118","C0376480"
"4747","2","5","7","27","36","150","341","223","628","C0376480"
"5243","2","3","12","41","116","268","423","536","445","C0376480"
"26227","2","3","2","41","137","44","208","81","108","C0376480"
"6138","2","3","2","110","85","237","433","547","671","C0376480"
"59","2","5","8","63","45","23","103","464","187","C0376480"
"10117","2","5","7","53","51","342","454","573","492","C0376480"
"1340","2","3","2","48","170","50","141","359","462","C0376480"
"4054","2","5","7","53","51","342","454","573","492","C0376480"
"3861","2","1","6","11","142","225","142","220","298","C0376480"
"3764","2","5","8","63","36","166","106","110","158","C0376480"
"5743","2","3","5","53","175","119","167","489","416","C0376480"
"26278","2","3","12","41","116","268","347","271","356","C0376480"
"54805","2","5","7","26","94","85","189","247","333","C0376480"
"3954","2","3","2","48","170","67","119","444","593","C0376480"
"9971","2","3","3","19","151","276","91","433","118","C0376480"
"2629","2","3","5","80","81","250","291","152","420","C0376480"
"655","2","5","7","53","51","342","259","423","389","C0376480"
"8643","2","5","3","68","221","197","259","560","422","C0376480"
"7516","2","3","12","19","31","261","116","1","86","C0376480"
"1440","2","5","7","53","51","119","25","489","416","C0376480"
"9569","2","3","12","19","31","276","91","433","118","C0376480"
"4952","2","3","5","60","54","184","30","544","669","C0376480"
"1277","2","5","7","53","51","342","454","573","492","C0376480"
"1186","2","5","8","63","45","23","34","464","187","C0376480"
"1747","2","3","3","19","221","321","428","541","667","C0376480"
"6648","2","3","2","95","151","160","378","173","229","C0376480"
"10804","2","3","12","76","153","40","38","54","75","C0376480"
"6335","2","5","8","63","36","166","341","390","158","C0376545"
"3758","2","5","8","63","36","166","106","110","158","C0376545"
"3284","2","3","2","69","98","169","299","183","243","C0376545"
"291","2","3","2","48","170","50","304","167","593","C0376545"
"11200","2","3","12","19","31","261","116","1","86","C0376545"
"10735","2","3","12","76","153","40","38","54","75","C0376545"
"9516","2","3","2","48","116","110","141","152","462","C0376545"
"1761","2","3","3","19","221","321","428","541","667","C0376545"
"7337","2","3","12","41","116","268","434","468","213","C0376545"
"4693","2","5","7","53","51","342","454","573","492","C0376545"
"1139","2","5","8","27","70","99","162","216","290","C0376545"
"51715","2","5","7","60","54","24","30","46","72","C0376545"
"3756","2","5","8","63","36","166","106","110","158","C0376545"
"6559","2","5","8","45","94","199","240","415","666","C0376545"
"64170","2","3","12","41","219","339","156","568","697","C0376545"
"4000","2","3","12","26","105","178","226","297","156","C0376545"
"27125","2","3","12","19","31","261","116","159","211","C0376545"
"5073","2","3","2","110","85","323","433","146","194","C0376545"
"7066","2","5","7","53","51","119","25","573","416","C0376545"
"7319","2","3","12","41","116","268","434","468","213","C0376545"
"3674","2","5","7","53","51","342","454","573","492","C0376545"
"7037","2","5","7","60","14","184","341","544","669","C0376545"
"715","2","5","7","53","51","119","395","549","674","C0376618"
"1559","2","3","5","91","214","226","11","348","172","C0376618"
"7518","2","3","12","19","31","261","116","1","86","C0376618"
"2064","2","5","7","53","14","20","25","40","186","C0376618"
"3748","2","5","8","63","36","166","106","110","158","C0376618"
"1585","2","3","5","79","159","256","351","100","589","C0376618"
"421","2","5","7","42","51","335","444","560","373","C0376618"
"4683","2","3","12","19","31","261","116","1","86","C0376618"
"10342","2","3","7","60","219","40","202","66","203","C0376628"
"338","2","5","7","53","51","342","454","573","492","C0376628"
"9896","2","3","5","80","81","296","399","201","274","C0376628"
"3990","2","3","5","26","35","178","9","414","220","C0376628"
"6473","2","3","3","19","221","321","428","541","667","C0376628"
"5649","2","5","7","53","51","342","444","560","373","C0376628"
"7038","2","5","7","60","18","184","98","66","203","C0376628"
"54187","2","3","5","80","81","296","272","452","148","C0376628"
"2006","2","5","7","53","51","342","454","573","492","C0376628"
"5830","2","3","5","43","161","305","409","208","482","C0376628"
"9663","2","3","5","80","81","296","51","488","102","C0376628"
"4843","2","3","5","43","161","305","409","489","416","C0376628"
"26608","2","3","2","22","170","50","119","463","153","C0376628"
"5195","2","3","5","43","161","305","409","208","482","C0376628"
"673","2","5","7","53","14","20","34","540","68","C0376628"
"7454","2","5","7","60","14","20","25","40","215","C0376628"
"4286","2","3","12","19","31","261","116","1","664","C0376628"
"5654","2","5","7","53","51","342","454","573","492","C0376628"
"2245","2","5","7","60","54","24","30","46","72","C0376628"
"7461","2","3","7","60","153","40","38","93","75","C0376628"
"348","2","5","7","53","51","342","454","573","492","C0376628"
"667","2","5","7","53","51","342","454","573","492","C0376628"
"6926","2","5","7","53","51","335","259","560","373","C0376628"
"83932","2","3","12","19","31","261","116","1","86","C0376628"
"4853","2","3","12","19","124","143","428","236","667","C0376628"
"2903","2","5","7","53","14","20","25","223","219","C0376628"
"54503","2","3","12","41","219","339","156","568","697","C0376628"
"7040","2","5","7","53","51","342","454","573","492","C0376628"
"9247","2","5","7","53","221","197","259","423","389","C0376628"
"3209","2","3","3","19","221","321","428","541","667","C0376628"
"1543","2","3","5","91","151","276","91","433","118","C0376628"
"3936","2","5","7","34","45","216","378","572","702","C0376628"
"10733","2","3","12","76","153","40","38","54","75","C0392163"
"4948","2","5","8","63","45","23","250","464","187","C0392163"
"27019","2","3","12","76","153","40","38","54","75","C0392163"
"4351","2","3","2","90","167","266","367","500","577","C0392163"
"9821","2","3","2","48","57","110","141","359","462","C0392163"
"8022","2","3","3","110","85","321","428","541","667","C0392163"
"7124","2","3","12","41","219","339","156","568","697","C0392163"
"4763","2","5","7","60","54","24","30","46","214","C0392163"
"6785","2","3","5","67","7","5","239","311","393","C0392163"
"2261","2","5","7","53","14","20","25","40","186","C0392163"
"6497","2","5","3","19","221","342","259","423","389","C0392163"
"3586","2","5","7","53","51","119","25","489","416","C0392163"
"875","2","3","5","80","137","44","21","451","316","C0392163"
"326","2","3","12","19","31","261","377","370","269","C0392163"
"5468","2","3","3","19","151","276","91","433","118","C0392163"
"23742","2","5","5","68","96","326","427","447","586","C0392163"
"2301","2","5","6","11","142","225","142","220","673","C0392188"
"7039","2","3","12","19","31","1","426","55","203","C0392188"
"3238","2","5","6","11","142","225","142","220","673","C0392188"
"9179","2","5","7","60","18","184","341","544","669","C0392188"
"25939","2","3","12","53","184","119","156","287","116","C0392188"
"79728","2","3","12","19","31","261","116","1","86","C0392188"
"2033","2","3","12","19","31","1","91","433","118","C0392188"
"4359","2","5","7","53","51","342","454","573","492","C0392188"
"10269","2","3","2","48","182","50","119","444","556","C0392464"
"5373","2","3","2","90","167","123","158","207","278","C0392464"
"8813","2","3","2","48","116","142","136","280","363","C0392476"
"51360","2","3","3","26","35","276","91","433","203","C0392476"
"6655","2","5","7","60","54","24","30","46","72","C0392476"
"23064","2","3","6","11","31","261","142","220","664","C0392476"
"54386","2","3","12","19","31","261","116","1","78","C0392476"
"23095","2","3","7","76","153","40","38","54","75","C0392476"
"595","2","3","12","19","31","1","426","489","416","C0392476"
"5956","2","5","4","68","96","326","427","548","672","C0392476"
"538","2","3","8","63","45","23","103","464","187","C0392476"
"10269","2","3","2","48","182","50","119","444","556","C0392476"
"5602","2","3","12","19","14","150","34","540","68","C0392476"
"63976","2","3","12","19","31","1","426","55","78","C0392476"
"1130","2","5","7","60","54","326","141","359","462","C0392476"
"6445","2","5","8","63","45","23","103","464","187","C0392476"
"5521","2","3","12","76","137","76","136","472","435","C0392482"
"1340","2","3","2","48","170","50","141","359","462","C0392482"
"4359","2","5","7","53","51","342","454","573","492","C0392525"
"9657","2","3","12","76","153","40","38","54","75","C0392525"
"8314","2","3","12","41","31","1","426","55","78","C0392525"
"2263","2","5","7","53","14","20","25","40","186","C0392525"
"8481","2","3","12","76","153","40","38","54","75","C0392525"
"6821","2","3","5","114","211","332","175","556","256","C0392525"
"55636","2","3","3","19","221","321","428","423","389","C0392525"
"23230","2","5","7","11","142","71","341","560","219","C0392525"
"2703","2","3","12","76","153","40","38","54","75","C0392525"
"7456","2","5","7","60","14","20","25","40","215","C0392525"
"5189","2","3","5","43","161","305","409","208","482","C0392525"
"5828","2","3","5","43","161","305","409","208","482","C0392525"
"4803","2","5","7","60","54","24","30","46","72","C0392525"
"6750","2","5","4","68","96","326","427","548","672","C0392525"
"1261","2","5","8","63","36","166","106","110","158","C0392525"
"6663","2","3","3","19","221","321","428","541","667","C0392525"
"6017","2","3","2","69","83","101","126","170","224","C0392525"
"2627","2","3","12","19","31","118","155","287","116","C0392525"
"3123","2","5","7","53","51","119","156","287","116","C0392525"
"7067","2","3","3","19","151","276","91","433","118","C0392525"
"5376","2","5","7","53","51","342","454","573","492","C0392525"
"5447","2","3","5","91","214","271","372","471","586","C0392525"
"2796","2","5","4","68","96","326","427","548","672","C0392525"
"8481","2","3","12","76","153","40","38","54","75","C0392525"
"10516","2","5","7","53","51","342","454","573","492","C0392525"
"335","2","5","7","53","51","342","454","573","492","C0392525"
"1535","2","5","7","34","52","216","395","549","674","C0392525"
"22930","2","5","7","60","54","24","30","46","72","C0392525"
"506","2","3","2","48","170","50","119","167","593","C0392525"
"657","2","5","7","53","221","342","259","423","389","C0392525"
"6926","2","5","7","53","51","335","259","560","373","C0392525"
"4688","2","5","7","60","14","20","25","40","215","C0392525"
"1289","2","5","7","53","51","342","454","573","492","C0392557"
"6785","2","3","5","67","7","5","239","311","393","C0392557"
"27130","2","3","12","48","45","143","38","236","69","C0392557"
"5277","2","3","2","61","77","142","176","235","317","C0392557"
"4514","2","3","2","48","57","110","141","359","5","C0392557"
"2353","2","3","12","19","31","1","91","489","416","C0392557"
"4214","2","3","12","41","219","339","34","540","117","C0392557"
"3309","2","3","12","41","219","342","347","271","702","C0392557"
"2736","2","3","12","41","116","321","428","54","667","C0392557"
"3586","2","5","7","53","51","119","25","489","416","C0392557"
"1387","2","3","12","19","31","276","91","433","118","C0392557"
"2294","2","3","3","19","221","321","428","541","667","C0392557"
"5580","2","5","7","34","52","216","395","287","116","C0392557"
"6899","2","5","7","53","184","335","259","560","373","C0392557"
"5745","2","5","4","68","96","326","427","548","672","C0392557"
"2629","2","3","5","80","81","250","291","152","420","C0392557"
"3239","2","3","3","19","221","321","428","541","667","C0392557"
"10019","2","5","7","53","14","20","25","40","116","C0392557"
"3909","2","5","7","53","51","342","454","573","492","C0392557"
"2175","2","3","12","19","31","261","116","1","86","C0392622"
"51422","2","3","2","48","57","110","141","359","462","C0392622"
"3643","2","5","7","53","14","20","25","40","186","C0392699"
"1300","2","5","7","53","51","342","454","573","492","C0392699"
"2316","2","5","7","53","51","342","454","573","702","C0392699"
"2022","2","5","7","53","51","342","259","423","389","C0392699"
"8626","2","3","3","19","221","321","428","541","667","C0392699"
"8625","2","3","12","19","31","276","91","236","118","C0392699"
"6663","2","3","3","19","221","321","428","541","667","C0392708"
"6335","2","5","8","63","36","166","341","390","158","C0392708"
"6870","2","5","4","68","96","326","427","548","672","C0392708"
"51057","2","3","12","76","153","40","38","54","75","C0392775"
"3458","2","5","7","53","184","119","156","287","116","C0392775"
"10516","2","5","7","53","51","342","454","573","492","C0392775"
"5588","2","5","7","53","14","20","34","540","68","C0392775"
"51360","2","3","3","26","35","276","91","433","203","C0392775"
"6391","2","3","2","48","170","50","119","444","556","C0392775"
"9915","2","3","3","27","151","276","91","433","118","C0392775"
"6521","2","5","8","35","41","199","40","415","666","C0392775"
"2720","2","3","7","34","52","216","395","21","599","C0392775"
"4351","2","3","2","90","167","266","367","500","577","C0392775"
"2261","2","5","7","53","14","20","25","40","186","C0392775"
"4256","2","5","7","53","51","342","454","573","492","C0392775"
"7737","2","3","12","22","33","268","434","468","213","C0392775"
"5396","2","3","3","19","221","321","428","541","667","C0392777"
"1187","2","5","8","63","45","23","34","464","187","C0392777"
"2248","2","5","7","53","14","20","25","40","186","C0392777"
"760","2","3","5","35","41","77","40","78","178","C0392777"
"9927","2","3","12","19","31","118","155","287","116","C0392777"
"5745","2","5","4","68","96","326","427","548","672","C0392777"
"2010","2","3","12","26","105","296","226","488","156","C0392777"
"1545","2","3","5","91","175","271","372","443","558","C0392777"
"1277","2","5","7","53","51","342","454","573","492","C0392777"
"10559","2","3","2","89","124","204","272","347","451","C0392777"
"54714","2","5","8","63","36","166","106","110","158","C0392777"
"10682","2","5","4","68","96","326","48","69","204","C0392777"
"7133","2","5","7","34","52","216","395","549","697","C0392777"
"1723","2","3","2","48","170","50","119","444","556","C0392777"
"3700","2","5","7","53","51","342","454","573","702","C0392784"
"1610","2","3","5","80","81","305","409","208","482","C0392784"
"1302","2","5","7","53","51","342","454","573","492","C0393441"
"9049","2","3","3","41","151","276","378","271","356","C0393441"
"5826","2","3","7","48","161","105","139","186","245","C0393441"
"30008","2","5","7","53","51","342","454","573","492","C0393441"
"1785","2","5","7","60","14","184","341","544","669","C0393525"
"2253","2","5","7","53","14","20","25","40","186","C0393525"
"26277","2","3","12","19","31","1","426","1","78","C0393525"
"55812","2","3","12","76","181","160","38","54","75","C0393525"
"1890","2","3","5","80","81","296","62","94","150","C0393525"
"1482","2","3","3","19","221","321","428","541","667","C0393525"
"3675","2","5","7","53","51","342","454","573","492","C0393525"
"545","2","3","12","19","31","261","116","1","86","C0393525"
"8647","2","3","5","46","158","252","352","449","563","C0393525"
"9091","2","3","2","61","77","142","176","235","317","C0393525"
"1114","2","5","7","53","51","342","454","573","492","C0393525"
"3000","2","5","4","68","96","326","427","548","672","C0393525"
"8493","2","3","12","19","31","293","116","201","664","C0393538"
"3300","2","3","12","41","116","268","347","271","356","C0393538"
"4337","2","3","2","80","91","75","204","267","352","C0393538"
"5000","2","3","12","76","31","261","116","1","86","C0393576"
"5604","2","5","7","53","14","20","34","540","68","C0393576"
"5352","2","5","7","53","51","342","454","573","492","C0393584"
"3643","2","5","7","53","14","20","25","40","186","C0393584"
"9569","2","3","12","19","31","276","91","433","118","C0393588"
"6311","2","3","2","22","33","323","66","362","468","C0393588"
"5908","2","5","7","34","52","216","30","46","72","C0393590"
"4843","2","3","5","43","161","305","409","489","416","C0393590"
"54903","2","3","12","76","153","40","38","54","75","C0393590"
"4193","2","3","12","19","31","1","116","89","605","C0393590"
"4286","2","3","12","19","31","261","116","1","664","C0393591"
"3914","2","5","7","53","51","342","454","573","492","C0393591"
"27286","2","5","7","53","51","342","444","560","492","C0393591"
"6390","2","3","2","48","170","50","119","444","556","C0393591"
"2314","2","3","12","63","45","184","103","572","658","C0393591"
"6876","2","5","7","53","51","342","454","573","492","C0393591"
"4361","2","3","12","19","31","261","116","1","86","C0393591"
"2639","2","3","2","71","148","34","160","115","164","C0393593"
"7086","2","3","2","90","167","266","367","500","577","C0393593"
"4540","2","3","2","48","170","50","119","444","556","C0393593"
"10661","2","3","12","19","31","1","426","55","78","C0393593"
"54903","2","3","12","76","153","40","38","54","75","C0393593"
"4000","2","3","12","26","105","178","226","297","156","C0393593"
"1583","2","3","5","79","152","273","375","100","589","C0393702"
"1026","2","3","12","19","31","1","116","489","416","C0393702"
"3929","2","5","7","53","51","119","25","489","416","C0393706"
"7043","2","5","7","53","51","342","454","573","492","C0393706"
"83706","2","5","7","53","51","342","454","573","702","C0393706"
"4286","2","3","12","19","31","261","116","1","664","C0393706"
"5328","2","5","7","34","52","216","395","549","674","C0393706"
"1728","2","3","2","41","116","268","434","568","605","C0393706"
"5979","2","5","7","53","14","20","25","40","186","C0393706"
"4233","2","5","7","53","14","20","25","40","186","C0393706"
"6736","2","3","12","19","31","276","91","433","667","C0393706"
"26277","2","3","12","19","31","1","426","1","78","C0393706"
"1789","2","3","12","19","31","1","426","55","78","C0393756"
"1593","2","3","5","79","152","273","157","333","277","C0393756"
"857","2","5","7","53","45","23","57","83","422","C0393807"
"8323","2","5","3","68","221","197","259","560","422","C0393807"
"857","2","5","7","53","45","23","57","83","422","C0393818"
"3082","2","5","7","53","51","342","25","40","186","C0393818"
"2006","2","5","7","53","51","342","454","573","492","C0394006"
"10483","2","3","7","60","54","24","30","46","72","C0394006"
"3106","2","5","7","34","52","119","395","549","674","C0394006"
"3784","2","5","8","63","36","166","106","110","158","C0394006"
"801","2","5","8","63","45","23","103","464","187","C0395837"
"23532","2","3","12","41","116","152","129","252","154","C0395837"
"189","2","3","5","43","161","305","409","208","482","C0395837"
"5830","2","3","5","43","161","305","409","208","482","C0395837"
"594","2","3","2","67","92","293","55","75","311","C0395837"
"5159","2","5","7","53","14","20","25","40","186","C0395837"
"55704","2","3","12","76","153","40","38","54","75","C0395837"
"1188","2","5","8","63","45","23","34","464","187","C0395837"
"6821","2","3","5","114","211","332","175","556","256","C0395837"
"10087","2","3","7","50","47","39","100","321","255","C0395837"
"355","2","3","7","41","219","339","156","568","697","C0395837"
"4810","2","3","2","76","57","110","444","560","373","C0395837"
"6253","2","5","4","27","36","326","402","489","187","C0395837"
"23189","2","3","12","19","31","1","426","55","78","C0398349"
"4920","2","5","7","53","14","20","259","560","373","C0398349"
"3030","2","3","2","48","57","339","44","65","31","C0398623"
"1743","2","3","2","67","92","293","55","75","311","C0398623"
"5518","2","3","12","76","153","40","38","54","435","C0398623"
"10058","2","3","5","44","50","209","68","11","141","C0398623"
"4014","2","1","6","11","142","225","142","220","298","C0398623"
"25978","2","3","2","48","57","110","141","359","462","C0398623"
"271","2","3","5","33","6","241","233","304","386","C0398623"
"11232","2","3","3","19","151","276","91","433","118","C0398623"
"4893","2","5","7","34","52","24","30","46","72","C0398623"
"5422","2","3","12","19","31","261","116","1","86","C0398623"
"6948","2","5","7","48","51","105","139","186","245","C0398623"
"9227","2","3","2","69","51","101","126","170","224","C0398623"
"6487","2","3","2","89","124","204","272","236","667","C0398623"
"5524","2","3","12","76","137","76","402","489","435","C0398623"
"6452","2","5","7","53","14","20","25","40","186","C0398623"
"8074","2","5","7","53","14","20","25","40","186","C0398623"
"53335","2","3","12","19","31","1","426","55","78","C0398625"
"210","2","3","7","34","52","216","395","549","674","C0398625"
"213","2","5","7","53","51","342","454","573","492","C0398639"
"54345","2","5","3","19","221","321","428","541","667","C0398639"
"26276","2","3","7","60","81","184","341","66","203","C0398639"
"3897","2","5","7","53","51","335","444","560","373","C0398639"
"8086","2","3","12","22","33","323","66","101","664","C0398639"
"1811","2","5","8","35","41","199","40","415","666","C0398639"
"6785","2","3","5","67","7","5","239","311","393","C0398650"
"4155","2","5","7","27","36","150","341","223","628","C0398650"
"1299","2","5","7","53","51","342","454","573","492","C0398650"
"1493","2","5","7","53","51","119","25","40","186","C0398650"
"3730","2","5","7","53","14","20","25","40","186","C0398650"
"5728","2","3","5","80","81","339","156","568","605","C0398650"
"2301","2","5","6","11","142","225","142","220","673","C0398650"
"23400","2","5","8","63","45","23","103","464","187","C0398650"
"2623","2","3","12","19","31","1","155","287","116","C0398650"
"23443","2","3","2","78","206","324","430","429","544","C0398650"
"6125","2","3","2","110","85","237","433","547","671","C0398650"
"1130","2","5","7","60","54","326","141","359","462","C0398650"
"1134","2","5","8","27","70","99","162","216","290","C0398650"
"6833","2","5","8","45","36","166","240","415","666","C0398650"
"22995","2","3","12","76","153","40","38","54","75","C0398650"
"5961","2","5","7","27","51","326","126","414","702","C0398650"
"4541","2","3","2","48","170","50","119","444","24","C0398650"
"1186","2","5","8","63","45","23","34","464","187","C0398650"
"3339","2","5","7","53","51","342","454","573","492","C0398650"
"2556","2","5","8","27","70","99","162","216","290","C0398650"
"843","2","3","12","41","219","339","156","568","697","C0398650"
"23230","2","5","7","11","142","71","341","560","219","C0398650"
"2072","2","3","12","19","31","261","116","1","86","C0398650"
"7157","2","3","12","19","31","261","402","489","551","C0398650"
"2200","2","5","7","53","51","342","454","573","492","C0399352"
"57502","2","5","7","60","36","71","341","223","219","C0399352"
"3717","2","5","7","53","14","20","25","40","186","C0399352"
"23203","2","3","5","80","81","50","304","167","593","C0399352"
"4210","2","3","12","41","219","339","156","568","697","C0399352"
"6326","2","5","8","63","36","166","341","390","158","C0399352"
"2736","2","3","12","41","116","321","428","54","667","C0399352"
"356","2","5","7","53","219","339","25","489","697","C0399357"
"10262","2","3","2","22","33","323","66","101","136","C0399357"
"3952","2","5","3","53","151","276","91","433","118","C0399357"
"8085","2","3","12","19","31","1","426","55","78","C0399372"
"2812","2","5","7","53","51","342","454","573","492","C0399372"
"25942","2","3","12","19","31","1","426","55","78","C0399372"
"3624","2","5","7","53","51","342","259","423","389","C0399372"
"629","2","5","7","53","51","119","395","549","674","C0399372"
"79823","2","3","4","68","45","272","347","518","621","C0399372"
"4512","2","3","2","48","170","110","141","359","8","C0399376"
"153241","2","3","12","76","153","40","38","54","75","C0399376"
"324","2","3","12","41","219","197","70","255","422","C0399376"
"8626","2","3","3","19","221","321","428","541","667","C0399379"
"4593","2","5","7","53","14","20","454","573","492","C0399379"
"51604","2","3","2","61","77","142","176","235","317","C0399385"
"4998","2","3","12","76","31","261","116","1","86","C0399385"
"9401","2","3","12","76","31","261","116","1","86","C0399385"
"1387","2","3","12","19","31","276","91","433","118","C0399385"
"488","2","5","8","63","45","23","103","464","187","C0399385"
"55275","2","5","7","60","54","24","98","66","203","C0399385"
"885","2","5","4","68","96","326","427","548","672","C0399385"
"1184","2","5","8","63","45","23","34","464","187","C0399385"
"3075","2","5","7","53","51","119","395","549","674","C0399385"
"6908","2","3","12","19","31","1","116","159","211","C0399385"
"54187","2","3","5","80","81","296","272","452","148","C0399385"
"3762","2","5","8","63","36","166","106","110","158","C0399385"
"51816","2","5","7","34","52","216","395","549","674","C0399385"
"7169","2","5","8","63","45","23","103","464","187","C0399385"
"7456","2","5","7","60","14","20","25","40","215","C0399385"
"55315","2","3","5","80","81","296","62","94","150","C0399385"
"2110","2","3","2","48","170","50","119","444","556","C0399385"
"8242","2","3","12","19","31","1","426","55","78","C0399440"
"5922","2","5","7","60","54","24","30","46","72","C0399440"
"5573","2","3","12","19","184","118","155","287","116","C0399440"
"3949","2","5","7","60","14","184","341","544","669","C0399440"
"5189","2","3","5","43","161","305","409","208","482","C0399440"
"9516","2","3","2","48","116","110","141","152","462","C0399440"
"595","2","3","12","19","31","1","426","489","416","C0399440"
"1290","2","5","7","53","51","342","454","573","492","C0399440"
"7258","2","3","12","19","36","1","426","55","78","C0399570"
"1535","2","5","7","34","52","216","395","549","674","C0399570"
"596","2","3","12","19","219","339","402","489","416","C0399572"
"2218","2","5","2","53","123","194","255","560","373","C0399572"
"3458","2","5","7","53","184","119","156","287","116","C0401149"
"25978","2","3","2","48","57","110","141","359","462","C0401149"
"1412","2","5","6","11","142","225","243","177","673","C0401149"
"4137","2","3","7","27","36","150","341","223","628","C0401149"
"3458","2","5","7","53","184","119","156","287","116","C0401149"
"4843","2","3","5","43","161","305","409","489","416","C0401149"
"23345","2","3","12","19","31","1","426","55","78","C0401151"
"4539","2","3","2","53","184","86","107","560","195","C0401151"
"2110","2","3","2","48","170","50","119","444","556","C0401151"
"5728","2","3","5","80","81","339","156","568","605","C0401151"
"25836","2","3","12","76","153","40","38","54","75","C0401151"
"7516","2","3","12","19","31","261","116","1","86","C0401151"
"6718","2","3","2","46","136","227","168","225","490","C0401151"
"3630","2","5","7","53","14","20","25","40","186","C0401151"
"55145","2","3","2","22","33","225","142","220","140","C0401151"
"10166","2","3","2","84","97","167","210","278","360","C0401151"
"26047","2","5","7","27","36","335","341","223","373","C0401151"
"4000","2","3","12","26","105","178","226","297","156","C0401151"
"8625","2","3","12","19","31","276","91","236","118","C0401151"
"5624","2","5","7","53","51","342","454","573","492","C0401151"
"688","2","3","3","19","151","276","91","433","118","C0401151"
"3728","2","5","7","34","52","225","142","220","298","C0401151"
"785","2","5","8","63","36","166","106","110","158","C0401151"
"5805","2","3","2","43","91","75","204","267","352","C0401151"
"338","2","5","7","53","51","342","454","573","492","C0401151"
"2122","2","3","12","19","31","1","426","55","78","C0401151"
"6326","2","5","8","63","36","166","341","390","158","C0401151"
"3339","2","5","7","53","51","342","454","573","492","C0401151"
"4322","2","5","7","53","51","342","454","573","492","C0401151"
"1280","2","5","7","53","51","342","454","573","492","C0401151"
"6334","2","5","8","63","36","166","341","223","158","C0401151"
"7390","2","3","5","80","81","166","132","175","473","C0401151"
"1387","2","3","12","19","31","276","91","433","118","C0401151"
"8517","2","3","12","41","219","339","156","568","697","C0401151"
"2542","2","3","5","80","81","296","399","500","577","C0401151"
"10269","2","3","2","48","182","50","119","444","556","C0403447"
"1910","2","5","4","68","96","326","427","548","672","C0403447"
"3593","2","5","7","53","51","119","25","489","416","C0403447"
"6391","2","3","2","48","170","50","119","444","556","C0403447"
"3988","2","3","5","98","174","277","379","476","42","C0403447"
"558","2","5","7","53","14","20","25","40","186","C0403447"
"2100","2","3","3","19","151","276","91","433","118","C0403553"
"3730","2","5","7","53","14","20","25","40","186","C0403553"
"4538","2","3","2","48","170","50","119","444","556","C0403553"
"8818","2","3","2","61","77","142","176","280","363","C0403553"
"999","2","5","7","53","51","342","444","560","373","C0403553"
"5125","2","5","6","11","51","225","142","220","298","C0403553"
"4214","2","3","12","41","219","339","34","540","117","C0403553"
"526","2","3","5","29","88","132","172","199","308","C0403553"
"3835","2","3","12","76","153","40","38","54","75","C0403553"
"6584","2","3","8","45","94","199","240","415","666","C0403553"
"4535","2","3","2","48","170","50","119","444","556","C0403555"
"5781","2","5","7","53","14","20","25","40","186","C0403555"
"83987","2","3","12","41","116","268","434","468","213","C0403814"
"3784","2","5","8","63","36","166","106","110","158","C0403814"
"1134","2","5","8","27","70","99","162","216","290","C0403823"
"6915","2","5","4","68","96","326","427","548","672","C0403823"
"3248","2","3","2","69","83","133","167","224","301","C0403823"
"1586","2","3","5","79","98","256","335","425","540","C0404531"
"22931","2","5","7","34","54","24","30","46","72","C0404531"
"10535","2","3","12","76","153","40","38","54","75","C0405580"
"2070","2","3","12","19","31","1","426","55","78","C0405580"
"3575","2","5","7","53","51","184","341","544","669","C0405580"
"6888","2","3","2","90","167","266","367","500","577","C0405580"
"5002","2","5","8","45","94","199","240","415","666","C0405580"
"1528","2","3","5","91","214","271","372","471","586","C0405580"
"2263","2","5","7","53","14","20","25","40","186","C0405580"
"4627","2","5","7","63","45","184","103","572","658","C0405580"
"23363","2","3","12","41","116","268","434","468","213","C0405580"
"9180","2","5","7","53","51","119","25","549","416","C0405580"
"5378","2","3","12","19","31","261","116","1","86","C0405580"
"51085","2","3","2","48","57","110","141","359","462","C0405580"
"8642","2","5","7","53","51","335","444","560","373","C0405580"
"55109","2","5","7","42","81","184","118","543","214","C0405580"
"2737","2","3","12","19","116","321","428","54","667","C0405580"
"547","2","3","7","76","153","40","38","54","75","C0405580"
"268","2","5","7","53","51","342","259","423","389","C0406438"
"2624","2","3","12","19","31","1","155","287","116","C0406438"
"4508","2","3","2","48","170","50","119","444","556","C0406438"
"55704","2","3","12","76","153","40","38","54","75","C0406585"
"50","2","3","5","80","81","50","304","167","593","C0406585"
"478","2","3","8","63","45","23","366","464","187","C0406702"
"54714","2","5","8","63","36","166","106","110","158","C0406702"
"1487","2","3","12","19","31","1","426","55","340","C0406702"
"7846","2","3","12","76","153","40","38","54","75","C0409336"
"1103","2","3","2","67","92","293","55","75","311","C0409336"
"2773","2","5","4","68","96","326","427","548","672","C0409336"
"3284","2","3","2","69","98","169","299","183","243","C0409338"
"9533","2","3","2","19","31","1","426","55","78","C0409338"
"776","2","5","8","63","36","166","341","390","158","C0409338"
"4352","2","5","7","53","14","20","25","40","186","C0409338"
"10919","2","3","12","19","31","1","426","55","78","C0409338"
"5906","2","5","7","34","52","216","30","46","72","C0409338"
"4668","2","3","5","21","111","188","242","313","396","C0409338"
"5125","2","5","6","11","51","225","142","220","298","C0409338"
"6335","2","5","8","63","36","166","341","390","158","C0409338"
"5982","2","3","12","19","31","261","116","1","86","C0409338"
"5146","2","3","5","86","72","258","318","403","518","C0409338"
"546","2","3","12","19","31","261","426","1","86","C0409338"
"23493","2","3","12","19","221","143","428","236","667","C0409338"
"2643","2","3","5","87","91","75","204","267","352","C0409338"
"5336","2","3","7","53","14","20","25","40","215","C0409338"
"7468","2","3","12","19","31","1","426","55","78","C0409338"
"593","2","3","2","67","92","293","55","75","311","C0409338"
"257","2","3","3","19","221","321","428","541","667","C0409338"
"540","2","5","8","63","45","23","103","464","187","C0409338"
"23400","2","5","8","63","45","23","103","464","187","C0409338"
"5244","2","3","3","41","151","276","91","433","118","C0409338"
"2990","2","3","7","34","52","216","395","549","674","C0409338"
"7227","2","3","12","19","31","276","91","433","118","C0409338"
"5251","2","3","5","80","81","296","474","593","722","C0409338"
"5831","2","3","2","101","62","189","182","566","409","C0409338"
"332","2","3","12","76","153","40","38","54","75","C0409338"
"860","2","3","12","19","31","276","91","433","118","C0409338"
"3691","2","5","7","53","51","342","454","573","492","C0409338"
"3613","2","3","5","80","81","296","399","162","216","C0409338"
"257","2","3","3","19","221","321","428","541","667","C0409338"
"779","2","5","8","63","36","166","341","390","158","C0409338"
"5054","2","5","7","53","51","342","454","573","492","C0409338"
"23418","2","5","7","53","36","71","177","560","373","C0409345"
"54790","2","3","12","19","31","1","426","55","78","C0409345"
"5255","2","3","7","34","45","23","103","464","187","C0409345"
"7305","2","5","7","34","52","216","395","549","674","C0409345"
"7490","2","3","3","19","221","321","428","541","667","C0409345"
"90","2","5","7","53","51","342","259","423","389","C0409345"
"54539","2","3","2","48","170","50","119","444","556","C0409354"
"9031","2","3","12","19","31","1","426","55","78","C0409354"
"10269","2","3","2","48","182","50","119","444","556","C0409354"
"207","2","3","7","53","14","20","34","489","416","C0409354"
"2919","2","5","7","34","52","216","427","548","672","C0409354"
"54551","2","3","12","41","219","197","156","568","422","C0409354"
"2516","2","3","3","19","151","276","91","433","118","C0409354"
"5054","2","5","7","53","51","342","454","573","492","C0409354"
"5956","2","5","4","68","96","326","427","548","672","C0409354"
"55612","2","5","7","60","36","71","177","560","701","C0409354"
"54982","2","3","2","48","170","50","399","167","593","C0409477"
"421","2","5","7","42","51","335","444","560","373","C0409477"
"8842","2","5","5","53","82","147","184","179","328","C0409477"
"875","2","3","5","80","137","44","21","451","316","C0409477"
"348","2","5","7","53","51","342","454","573","492","C0409477"
"7545","2","5","3","34","52","216","142","220","298","C0409477"
"2737","2","3","12","19","116","321","428","54","667","C0409477"
"1808","2","3","7","76","153","157","79","64","436","C0409495"
"2688","2","5","7","53","51","119","25","40","186","C0409495"
"4436","2","3","12","19","31","261","116","1","86","C0409495"
"50940","2","3","4","68","96","326","427","548","672","C0409495"
"3181","2","3","2","22","33","323","66","101","136","C0409495"
"5159","2","5","7","53","14","20","25","40","186","C0409495"
"1917","2","3","12","41","219","339","347","572","658","C0409495"
"2969","2","3","12","19","31","276","91","433","118","C0409959"
"6335","2","5","8","63","36","166","341","390","158","C0409959"
"6785","2","3","5","67","7","5","239","311","393","C0409959"
"3636","2","3","5","80","14","20","25","40","186","C0410179"
"8200","2","5","7","53","51","342","259","423","389","C0410179"
"84735","2","3","5","80","81","166","162","269","248","C0410179"
"4552","2","3","7","48","81","105","139","186","245","C0410179"
"627","2","5","7","53","51","335","444","423","373","C0410180"
"1956","2","5","7","53","14","184","45","544","669","C0410180"
"4990","2","3","3","19","221","321","428","541","667","C0410180"
"7353","2","3","12","41","219","339","156","568","605","C0410180"
"445","2","3","2","84","97","167","210","278","360","C0410189"
"9575","2","3","3","19","151","276","91","433","118","C0410189"
"2737","2","3","12","19","116","321","428","54","667","C0410189"
"2923","2","3","2","41","116","178","378","536","229","C0410189"
"9968","2","4","3","24","119","330","214","454","144","C0410190"
"9031","2","3","12","19","31","1","426","55","78","C0410190"
"5428","2","3","2","48","170","50","119","167","593","C0410190"
"776","2","5","8","63","36","166","341","390","158","C0410190"
"940","2","5","7","53","14","20","25","40","186","C0410192"
"3000","2","5","4","68","96","326","427","548","672","C0410192"
"4337","2","3","2","80","91","75","204","267","352","C0410204"
"1537","2","3","2","48","170","50","304","167","593","C0410204"
"54361","2","5","3","68","221","197","259","560","422","C0410204"
"7841","2","3","2","41","116","178","423","536","445","C0410207"
"1121","2","5","7","60","54","24","30","46","72","C0410207"
"9573","2","5","7","53","51","342","259","423","389","C0410264"
"1788","2","3","12","19","31","1","426","55","78","C0410264"
"1956","2","5","7","53","14","184","45","544","669","C0410264"
"4534","2","3","5","80","81","296","399","362","468","C0410264"
"3569","2","5","7","53","51","342","454","573","416","C0410264"
"1032","2","3","12","19","31","1","426","55","78","C0410264"
"5176","2","5","7","53","51","342","454","573","492","C0410264"
"3040","2","5","5","53","51","342","40","78","178","C0410264"
"2651","2","3","2","78","184","202","124","337","434","C0410264"
"51021","2","3","2","48","182","67","76","463","153","C0410264"
"2652","2","5","4","68","96","326","427","548","672","C0410550"
"8803","2","3","8","67","92","293","55","75","311","C0410550"
"4548","2","3","2","15","85","105","139","186","245","C0410550"
"1807","2","3","5","80","23","186","79","560","273","C0410550"
"8517","2","3","12","41","219","339","156","568","697","C0410550"
"79633","2","3","7","80","51","335","444","560","373","C0410550"
"1497","2","5","2","63","182","50","103","297","628","C0410550"
"2263","2","5","7","53","14","20","25","40","186","C0410550"
"4170","2","3","12","41","219","339","402","489","416","C0410550"
"5307","2","3","3","19","221","321","428","541","667","C0410550"
"9419","2","5","7","60","36","71","341","223","219","C0410550"
"5191","2","3","5","43","161","305","409","208","482","C0410550"
"10269","2","3","2","48","182","50","119","444","556","C0410550"
"9187","2","5","8","45","94","199","240","415","666","C0410550"
"9321","2","3","12","76","153","40","38","54","203","C0410632"
"1490","2","5","7","53","51","342","454","573","492","C0410632"
"6295","2","3","4","68","45","272","427","518","621","C0410653"
"1836","2","3","2","35","41","94","260","330","375","C0410653"
"5106","2","3","2","67","92","293","55","500","577","C0410653"
"2562","2","5","8","27","70","99","162","216","290","C0410740"
"19","2","3","3","19","151","276","91","433","118","C0410740"
"5979","2","5","7","53","14","20","25","40","186","C0410740"
"7415","2","3","7","34","52","216","395","536","445","C0410916"
"54567","2","5","7","53","51","143","428","236","667","C0410916"
"356","2","5","7","53","219","339","25","489","697","C0410916"
"6648","2","3","2","95","151","160","378","173","229","C0410916"
"4137","2","3","7","27","36","150","341","223","628","C0410916"
"51114","2","5","5","68","96","326","162","216","290","C0410916"
"1337","2","3","2","48","170","110","141","359","462","C0410916"
"2773","2","5","4","68","96","326","427","548","672","C0410916"
"1436","2","5","7","53","14","20","25","40","186","C0410916"
"4990","2","3","3","19","221","321","428","541","667","C0410916"
"4166","2","3","2","89","60","99","7","211","217","C0410916"
"51473","2","5","7","60","36","20","25","64","215","C0410916"
"3783","2","5","8","63","36","166","106","110","158","C0410916"
"1071","2","5","7","53","51","342","454","573","492","C0410916"
"51715","2","5","7","60","54","24","30","46","72","C0410935"
"8856","2","3","3","19","151","276","91","433","118","C0410935"
"7066","2","5","7","53","51","119","25","573","416","C0410935"
"1728","2","3","2","41","116","268","434","568","605","C0410935"
"2876","2","3","5","80","81","110","378","173","229","C0423082"
"10269","2","3","2","48","182","50","119","444","556","C0423082"
"1407","2","3","3","19","151","276","91","433","118","C0423082"
"1280","2","5","7","53","51","342","454","573","492","C0423082"
"1586","2","3","5","79","98","256","335","425","540","C0423221"
"4625","2","3","8","63","45","23","103","464","187","C0423221"
"5116","2","3","12","76","153","40","38","54","75","C0423221"
"51684","2","3","12","41","116","268","38","54","75","C0423221"
"4311","2","5","7","34","52","216","395","549","674","C0423221"
"23600","2","3","5","80","81","305","409","208","482","C0423221"
"5213","2","3","2","90","167","266","367","500","577","C0423221"
"6714","2","5","7","53","14","20","25","40","186","C0423221"
"973","2","5","7","53","14","20","25","40","186","C0423221"
"8260","2","3","12","41","85","266","76","287","78","C0423221"
"10891","2","3","3","19","151","276","91","433","118","C0423221"
"324","2","3","12","41","219","197","70","255","422","C0423221"
"90","2","5","7","53","51","342","259","423","389","C0423221"
"1281","2","5","7","53","51","342","454","573","492","C0423221"
"5828","2","3","5","43","161","305","409","208","482","C0423221"
"4204","2","3","12","19","31","1","426","55","78","C0423221"
"51103","2","3","2","48","170","50","119","444","556","C0423221"
"3977","2","5","7","53","51","119","25","40","416","C0423221"
"5116","2","3","12","76","153","40","38","54","75","C0423221"
"29954","2","5","2","27","206","324","430","215","290","C0423221"
"11152","2","3","2","48","57","110","141","359","462","C0423250"
"5961","2","5","7","27","51","326","126","414","702","C0423250"
"5728","2","3","5","80","81","339","156","568","605","C0423250"
"1134","2","5","8","27","70","99","162","216","290","C0423250"
"23411","2","3","12","19","31","1","91","433","118","C0423250"
"1281","2","5","7","53","51","342","454","573","492","C0423250"
"175","2","3","7","34","52","216","395","549","674","C0423250"
"1954","2","5","7","53","51","342","454","573","492","C0423250"
"84627","2","3","2","48","170","50","347","167","593","C0423250"
"51741","2","3","2","22","33","323","66","101","127","C0423250"
"7138","2","5","8","63","45","23","103","464","187","C0423250"
"8481","2","3","12","76","153","40","38","54","75","C0423250"
"695","2","5","7","53","14","20","25","40","186","C0423250"
"2308","2","3","12","19","151","276","91","489","416","C0423250"
"5190","2","3","5","43","161","305","409","208","482","C0423250"
"6492","2","3","3","19","151","276","91","433","118","C0423250"
"9187","2","5","8","45","94","199","240","415","666","C0423250"
"411","2","3","7","34","52","216","395","549","674","C0423250"
"6812","2","5","7","27","36","150","341","223","628","C0423250"
"4297","2","3","12","19","31","1","426","55","78","C0423250"
"1584","2","3","5","79","159","256","276","353","456","C0423250"
"29899","2","5","4","68","96","326","427","548","672","C0423250"
"5573","2","3","12","19","184","118","155","287","116","C0423250"
"8893","2","3","2","110","85","237","433","547","671","C0423250"
"2316","2","5","7","53","51","342","454","573","702","C0423250"
"26090","2","3","2","80","81","166","397","361","466","C0423250"
"4703","2","5","7","60","45","23","103","464","187","C0423250"
"4222","2","3","3","19","221","321","428","541","667","C0423250"
"5277","2","3","2","61","77","142","176","235","317","C0423250"
"55275","2","5","7","60","54","24","98","66","203","C0423250"
"3620","2","3","5","91","214","183","307","391","507","C0423250"
"175","2","3","7","34","52","216","395","549","674","C0423250"
"6571","2","3","8","60","36","71","341","223","624","C0423250"
"2304","2","3","12","19","221","321","428","541","667","C0423276"
"2796","2","5","4","68","96","326","427","548","672","C0423276"
"51095","2","3","12","22","33","323","66","101","664","C0423276"
"2316","2","5","7","53","51","342","454","573","702","C0423276"
"4747","2","5","7","27","36","150","341","223","628","C0423318"
"25942","2","3","12","19","31","1","426","55","78","C0423318"
"5605","2","5","7","53","14","20","34","540","68","C0423318"
"1280","2","5","7","53","51","342","454","573","492","C0423318"
"1376","2","3","2","19","151","276","91","433","118","C0423318"
"4125","2","3","7","34","52","216","395","549","674","C0423318"
"4851","2","3","12","19","221","143","428","236","667","C0423318"
"92344","2","3","2","34","119","224","214","454","144","C0423318"
"5277","2","3","2","61","77","142","176","235","317","C0423318"
"3426","2","5","7","53","51","119","395","549","674","C0423319"
"10262","2","3","2","22","33","323","66","101","136","C0423319"
"7287","2","5","7","11","142","71","341","560","219","C0423361"
"2138","2","3","12","19","31","1","426","55","78","C0423361"
"778","2","5","8","63","36","166","341","223","158","C0423414"
"2022","2","5","7","53","51","342","259","423","389","C0423414"
"5979","2","5","7","53","14","20","25","40","186","C0423414"
"3845","2","5","7","60","54","24","30","46","72","C0423414"
"6135","2","3","2","110","85","237","433","547","671","C0423414"
"2317","2","5","7","63","45","23","103","287","664","C0423414"
"1387","2","3","12","19","31","276","91","433","118","C0423414"
"1030","2","3","12","19","31","1","426","55","78","C0423428"
"207","2","3","7","53","14","20","34","489","416","C0423428"
"151","2","5","4","68","96","326","427","548","672","C0423428"
"2259","2","5","8","63","36","166","341","223","158","C0423776"
"5818","2","5","7","53","51","335","444","560","373","C0423776"
"55636","2","3","3","19","221","321","428","423","389","C0423776"
"25836","2","3","12","76","153","40","38","54","75","C0423776"
"2673","2","3","2","110","94","178","226","297","380","C0423807"
"10815","2","5","7","60","36","71","341","223","666","C0423807"
"6647","2","3","2","95","2","342","378","173","702","C0423807"
"29954","2","5","2","27","206","324","430","215","290","C0423807"
"6567","2","5","8","35","41","77","40","57","80","C0423807"
"472","2","3","12","19","31","261","116","1","86","C0423807"
"1836","2","3","2","35","41","94","260","330","375","C0423808"
"2720","2","3","7","34","52","216","395","21","599","C0423808"
"1278","2","5","7","53","51","342","454","573","492","C0423808"
"3239","2","3","3","19","221","321","428","541","667","C0423808"
"8438","2","3","12","76","153","261","116","1","86","C0423808"
"9569","2","3","12","19","31","276","91","433","118","C0423808"
"1674","2","5","8","63","45","23","103","464","187","C0423820"
"1890","2","3","5","80","81","296","62","94","150","C0423820"
"3748","2","5","8","63","36","166","106","110","158","C0423820"
"6866","2","5","4","68","96","326","427","548","672","C0423820"
"6271","2","5","7","34","52","23","103","464","187","C0423820"
"9775","2","3","2","22","33","323","66","101","136","C0423820"
"9241","2","5","7","53","51","342","259","423","389","C0423820"
"2120","2","3","12","19","31","193","306","148","624","C0423820"
"9632","2","3","7","60","153","40","38","54","203","C0423820"
"22802","2","5","8","63","45","23","34","464","187","C0423820"
"3418","2","3","2","67","151","276","33","48","155","C0423820"
"8626","2","3","3","19","221","321","428","541","667","C0423820"
"8076","2","5","7","53","51","342","454","573","492","C0423820"
"6916","2","3","5","91","175","119","167","224","301","C0423820"
"10804","2","3","12","76","153","40","38","54","75","C0423823"
"7454","2","5","7","60","14","20","25","40","215","C0423823"
"5189","2","3","5","43","161","305","409","208","482","C0423823"
"1813","2","5","4","68","96","326","427","548","672","C0423823"
"5159","2","5","7","53","14","20","25","40","186","C0423823"
"3356","2","5","4","68","96","326","427","548","672","C0423848"
"5604","2","5","7","53","14","20","34","540","68","C0423848"
"2261","2","5","7","53","14","20","25","40","186","C0424290"
"4763","2","5","7","60","54","24","30","46","214","C0424290"
"8398","2","3","5","116","183","40","38","352","455","C0424290"
"6662","2","3","3","19","221","321","428","541","667","C0424290"
"5896","2","3","12","41","116","268","434","568","605","C0424290"
"3976","2","5","7","53","51","119","25","489","416","C0424290"
"8694","2","5","7","34","52","216","395","549","674","C0424290"
"3655","2","5","7","53","51","342","454","573","492","C0424296"
"7401","2","5","7","60","83","101","126","170","224","C0424296"
"3026","2","5","7","68","51","119","395","549","674","C0424296"
"94","2","5","7","53","51","342","259","423","389","C0424296"
"3569","2","5","7","53","51","342","454","573","416","C0424296"
"6786","2","5","8","63","45","23","103","464","187","C0424296"
"7461","2","3","7","60","153","40","38","93","75","C0424296"
"1201","2","3","2","48","170","50","304","167","593","C0424296"
"1297","2","5","7","53","51","342","454","573","492","C0424296"
"23746","2","3","12","41","83","101","126","271","356","C0424296"
"1311","2","5","7","53","51","342","454","573","492","C0424296"
"29123","2","3","12","19","151","276","91","433","118","C0424296"
"6770","2","5","7","27","36","273","341","100","589","C0424296"
"5048","2","3","12","76","153","40","38","54","75","C0424296"
"4001","2","3","12","76","31","40","38","54","75","C0424304"
"1311","2","5","7","53","51","342","454","573","492","C0424304"
"10329","2","3","2","63","123","194","423","536","544","C0424304"
"64135","2","3","12","41","219","339","156","568","605","C0424304"
"4519","2","3","2","48","170","50","119","508","312","C0424448"
"1571","2","3","5","91","214","271","372","471","26","C0424448"
"4791","2","3","12","41","219","339","156","568","697","C0424448"
"5994","2","3","12","19","31","276","91","491","118","C0424448"
"3784","2","5","8","63","36","166","106","110","158","C0424448"
"673","2","5","7","53","14","20","34","540","68","C0424448"
"3691","2","5","7","53","51","342","454","573","492","C0424448"
"7248","2","3","2","48","57","110","141","359","462","C0424448"
"5660","2","5","7","34","52","326","427","548","702","C0424448"
"406","2","3","3","19","151","276","91","433","118","C0424448"
"55636","2","3","3","19","221","321","428","423","389","C0424448"
"8644","2","3","2","46","175","227","167","224","301","C0424448"
"3717","2","5","7","53","14","20","25","40","186","C0424448"
"928","2","5","7","53","51","342","454","573","702","C0424448"
"3239","2","3","3","19","221","321","428","541","667","C0424448"
"2033","2","3","12","19","31","1","91","433","118","C0424448"
"2260","2","5","7","53","14","20","25","40","186","C0424448"
"6492","2","3","3","19","151","276","91","433","118","C0424448"
"255738","2","5","7","53","51","342","454","573","492","C0424448"
"2299","2","3","3","19","221","321","428","541","667","C0424448"
"3576","2","5","4","68","96","326","427","548","672","C0424448"
"2706","2","3","12","76","153","40","38","54","75","C0424448"
"5447","2","3","5","91","214","271","372","471","586","C0424448"
"29954","2","5","2","27","206","324","430","215","290","C0424448"
"3178","2","3","2","22","33","323","66","101","136","C0424448"
"3561","2","5","7","53","14","20","25","40","186","C0424585"
"2317","2","5","7","63","45","23","103","287","664","C0424585"
"51085","2","3","2","48","57","110","141","359","462","C0424585"
"23171","2","3","5","116","183","295","398","552","622","C0424585"
"331","2","3","12","41","219","339","156","568","697","C0424585"
"2162","2","5","7","53","51","342","454","573","702","C0424585"
"85358","2","5","7","60","14","71","341","223","219","C0424585"
"9569","2","3","12","19","31","276","91","433","118","C0424585"
"650","2","5","7","53","51","342","259","423","389","C0424585"
"2313","2","3","12","19","31","276","91","433","118","C0424585"
"51816","2","5","7","34","52","216","395","549","674","C0424585"
"10016","2","3","2","41","57","50","202","359","462","C0424585"
"10516","2","5","7","53","51","342","454","573","492","C0424585"
"5264","2","3","5","43","161","305","409","208","482","C0424585"
"7043","2","5","7","53","51","342","454","573","492","C0424585"
"23636","2","3","12","22","33","323","66","101","664","C0424585"
"65018","2","3","2","48","57","110","34","359","462","C0424585"
"8626","2","3","3","19","221","321","428","541","667","C0424585"
"7424","2","5","7","53","51","342","454","573","702","C0424690"
"673","2","5","7","53","14","20","34","540","68","C0424690"
"5144","2","3","4","68","96","326","427","548","672","C0424690"
"2908","2","3","12","19","151","276","91","433","118","C0424693"
"4868","2","5","7","53","51","335","25","560","373","C0424693"
"5979","2","5","7","53","14","20","25","40","186","C0424711"
"6557","2","5","8","45","94","199","240","415","666","C0424711"
"55135","2","3","12","76","137","76","136","472","435","C0424711"
"2259","2","5","8","63","36","166","341","223","158","C0424711"
"5444","2","3","5","80","147","236","328","411","229","C0424711"
"22930","2","5","7","60","54","24","30","46","72","C0424711"
"6554","2","5","8","45","94","199","240","415","666","C0424711"
"773","2","5","8","27","36","166","341","223","628","C0424711"
"1490","2","5","7","53","51","342","454","573","492","C0424711"
"9526","2","3","2","48","69","99","162","216","290","C0424711"
"6154","2","3","2","110","85","237","433","547","671","C0424711"
"6774","2","3","12","53","14","276","25","489","416","C0424711"
"57822","2","3","12","19","31","1","426","55","78","C0424711"
"9968","2","4","3","24","119","330","214","454","144","C0424711"
"4893","2","5","7","34","52","24","30","46","72","C0424711"
"25836","2","3","12","76","153","40","38","54","75","C0424711"
"4284","2","3","5","80","81","166","397","374","486","C0424711"
"7415","2","3","7","34","52","216","395","536","445","C0424711"
"5373","2","3","2","90","167","123","158","207","278","C0424711"
"27031","2","3","6","11","142","225","38","331","506","C0424711"
"10269","2","3","2","48","182","50","119","444","556","C0424711"
"847","2","3","7","34","52","216","395","549","674","C0424711"
"51128","2","5","7","60","153","24","38","46","72","C0424711"
"26608","2","3","2","22","170","50","119","463","153","C0424731"
"5156","2","5","7","53","14","20","25","40","186","C0424731"
"5592","2","5","4","53","14","20","34","540","68","C0424731"
"5745","2","5","4","68","96","326","427","548","672","C0424731"
"6392","2","3","2","48","170","50","119","444","556","C0424731"
"3759","2","5","8","63","36","166","106","110","158","C0424731"
"9401","2","3","12","76","31","261","116","1","86","C0424731"
"54790","2","3","12","19","31","1","426","55","78","C0424731"
"3558","2","5","7","53","14","20","25","40","186","C0424731"
"7476","2","5","3","68","221","197","259","560","422","C0424731"
"3425","2","3","5","80","81","166","454","573","492","C0424731"
"23363","2","3","12","41","116","268","434","468","213","C0424731"
"2538","2","3","5","90","216","333","438","561","689","C0424731"
"27077","2","3","12","76","153","40","38","54","75","C0424731"
"4094","2","3","12","19","31","276","91","433","118","C0424731"
"2263","2","5","7","53","14","20","25","40","186","C0424731"
"1406","2","3","3","19","221","321","428","541","667","C0424731"
"2332","2","3","2","22","33","71","373","466","609","C0424731"
"7428","2","3","12","41","116","268","434","468","213","C0424731"
"2492","2","5","4","68","96","326","427","548","672","C0424731"
"4047","2","3","3","19","151","276","91","433","118","C0424731"
"7040","2","5","7","53","51","342","454","573","492","C0424731"
"1073","2","3","8","63","45","184","103","572","658","C0424731"
"2271","2","3","5","80","81","166","170","226","305","C0424731"
"2178","2","3","12","19","31","261","116","1","86","C0424731"
"23209","2","5","8","63","45","23","103","464","187","C0424731"
"23414","2","3","12","19","31","118","155","287","116","C0424731"
"5627","2","5","7","53","51","342","454","573","702","C0424731"
"1071","2","5","7","53","51","342","454","573","492","C0424731"
"1513","2","5","7","53","51","342","454","573","492","C0424810"
"6663","2","3","3","19","221","321","428","541","667","C0424810"
"3053","2","5","7","53","51","342","454","573","492","C0424810"
"6658","2","3","12","19","221","321","428","541","667","C0424810"
"185","2","5","4","68","96","326","427","548","672","C0424810"
"1723","2","3","2","48","170","50","119","444","556","C0424810"
"27030","2","3","12","19","31","1","426","55","78","C0424810"
"477","2","3","8","63","45","23","103","464","187","C0424810"
"658","2","5","7","53","51","342","259","423","389","C0424810"
"4535","2","3","2","48","170","50","119","444","556","C0424810"
"3000","2","5","4","68","96","326","427","548","672","C0424810"
"4000","2","3","12","26","105","178","226","297","156","C0424810"
"1280","2","5","7","53","51","342","454","573","492","C0424810"
"4791","2","3","12","41","219","339","156","568","697","C0425772"
"2239","2","3","2","74","51","342","454","573","492","C0425772"
"4204","2","3","12","19","31","1","426","55","78","C0425772"
"4868","2","5","7","53","51","335","25","560","373","C0425772"
"85358","2","5","7","60","14","71","341","223","219","C0425772"
"4436","2","3","12","19","31","261","116","1","86","C0425795"
"5424","2","3","12","19","31","261","116","1","86","C0425795"
"6338","2","5","8","63","45","23","34","464","187","C0425795"
"1356","2","3","7","53","51","342","454","573","492","C0425795"
"2658","2","5","7","53","51","342","259","423","389","C0425913"
"26503","2","3","2","89","124","204","272","347","442","C0425913"
"3857","2","1","6","11","142","225","142","220","298","C0425913"
"23299","2","3","12","76","153","40","38","54","75","C0425913"
"2175","2","3","12","19","31","261","116","1","86","C0426415"
"6949","2","3","2","110","85","237","164","390","311","C0426415"
"4998","2","3","12","76","31","261","116","1","86","C0426415"
"51218","2","3","2","48","170","50","119","100","556","C0426415"
"9871","2","3","7","60","153","40","38","54","203","C0426415"
"26503","2","3","2","89","124","204","272","347","442","C0426415"
"28","2","3","2","78","19","41","50","72","101","C0426415"
"2588","2","3","7","34","52","216","395","549","674","C0426415"
"10161","2","5","4","68","96","326","427","548","672","C0426415"
"3832","2","3","12","76","153","40","38","54","75","C0426415"
"2796","2","5","4","68","96","326","427","548","672","C0426415"
"8200","2","5","7","53","51","342","259","423","389","C0426415"
"7547","2","3","3","19","221","321","428","541","667","C0426415"
"1717","2","3","2","19","151","276","48","69","204","C0426415"
"5428","2","3","2","48","170","50","119","167","593","C0426415"
"4128","2","3","5","80","81","119","402","489","416","C0426415"
"3586","2","5","7","53","51","119","25","489","416","C0426415"
"8241","2","3","2","22","33","323","66","101","136","C0426415"
"1471","2","5","7","34","52","216","395","549","492","C0426415"
"5805","2","3","2","43","91","75","204","267","352","C0426415"
"26608","2","3","2","22","170","50","119","463","153","C0426415"
"6389","2","3","2","48","170","50","119","444","556","C0426415"
"9569","2","3","12","19","31","276","91","433","118","C0426415"
"11113","2","5","7","53","14","20","34","540","68","C0426422"
"811","2","3","2","41","116","342","423","536","342","C0426422"
"30008","2","5","7","53","51","342","454","573","492","C0426422"
"5728","2","3","5","80","81","339","156","568","605","C0426422"
"10564","2","5","7","60","54","24","30","46","72","C0426422"
"4204","2","3","12","19","31","1","426","55","78","C0426422"
"8878","2","3","12","41","219","339","156","568","697","C0426422"
"8200","2","5","7","53","51","342","259","423","389","C0426422"
"8893","2","3","2","110","85","237","433","547","671","C0426422"
"4650","2","5","7","60","54","24","30","46","72","C0426422"
"4313","2","5","7","53","51","342","454","573","492","C0426422"
"811","2","3","2","41","116","342","423","536","342","C0426422"
"9820","2","3","12","41","116","268","434","468","213","C0426422"
"2563","2","5","8","27","70","99","162","216","290","C0426422"
"6775","2","5","7","53","14","119","25","40","186","C0426422"
"6373","2","5","4","68","96","326","427","548","672","C0426422"
"7015","2","3","12","19","31","1","426","55","78","C0426422"
"4087","2","3","12","19","219","339","259","423","605","C0426422"
"8792","2","3","12","41","219","339","156","568","697","C0426422"
"1674","2","5","8","63","45","23","103","464","187","C0426422"
"8772","2","3","12","41","219","339","156","568","697","C0426422"
"10269","2","3","2","48","182","50","119","444","556","C0426428"
"5194","2","3","5","43","161","305","409","208","482","C0426428"
"90","2","5","7","53","51","342","259","423","389","C0426428"
"26053","2","3","12","19","31","1","426","55","78","C0426428"
"5327","2","5","7","53","51","342","454","573","492","C0426429"
"3815","2","5","7","53","14","20","25","40","186","C0426429"
"3315","2","3","12","41","181","160","362","402","215","C0426429"
"9723","2","5","7","53","51","342","79","560","373","C0426429"
"356","2","5","7","53","219","339","25","489","697","C0426429"
"7139","2","5","8","63","45","23","103","464","187","C0426429"
"7432","2","5","4","68","96","326","427","548","672","C0426429"
"4160","2","5","4","68","96","326","427","548","672","C0426429"
"2261","2","5","7","53","14","20","25","40","186","C0426429"
"5265","2","5","7","34","52","216","395","573","702","C0426429"
"3123","2","5","7","53","51","119","156","287","116","C0426429"
"1736","2","3","2","110","85","237","433","547","671","C0426429"
"10320","2","5","7","19","119","143","214","236","389","C0426429"
"1281","2","5","7","53","51","342","454","573","492","C0426429"
"540","2","5","8","63","45","23","103","464","187","C0426429"
"4724","2","3","2","48","170","50","119","444","556","C0426429"
"3763","2","5","8","63","36","166","106","110","158","C0426429"
"51091","2","3","2","110","85","237","433","547","671","C0426429"
"149233","2","5","7","53","51","119","25","489","416","C0426429"
"7461","2","3","7","60","153","40","38","93","75","C0426429"
"221692","2","3","2","42","184","118","155","83","658","C0426429"
"94","2","5","7","53","51","342","259","423","389","C0426429"
"2897","2","5","8","63","36","166","106","110","158","C0426429"
"10370","2","3","12","19","31","276","91","433","118","C0426429"
"5828","2","3","5","43","161","305","409","208","482","C0426429"
"3030","2","3","2","48","57","339","44","65","31","C0426429"
"2623","2","3","12","19","31","1","155","287","116","C0426429"
"1588","2","3","5","79","159","256","350","27","44","C0426429"
"9247","2","5","7","53","221","197","259","423","389","C0426433"
"9469","2","3","2","103","189","303","29","475","467","C0426433"
"56262","2","5","2","63","182","50","103","297","628","C0426492"
"860","2","3","12","19","31","276","91","433","118","C0426492"
"9968","2","4","3","24","119","330","214","454","144","C0426492"
"23230","2","5","7","11","142","71","341","560","219","C0426492"
"50485","2","3","12","19","31","261","116","1","86","C0426492"
"3295","2","3","5","43","161","305","409","208","482","C0426492"
"7855","2","5","3","68","221","197","259","560","422","C0426492"
"1440","2","5","7","53","51","119","25","489","416","C0426492"
"8694","2","5","7","34","52","216","395","549","674","C0426492"
"6563","2","3","5","85","143","286","316","400","102","C0426492"
"6916","2","3","5","91","175","119","167","224","301","C0426494"
"10585","2","5","2","27","206","324","430","215","290","C0426494"
"4179","2","5","7","53","51","119","395","549","674","C0426494"
"4313","2","5","7","53","51","342","454","573","492","C0426494"
"3115","2","5","7","53","184","119","156","287","116","C0426789"
"3766","2","5","8","63","36","166","106","110","158","C0426789"
"4001","2","3","12","76","31","40","38","54","75","C0426789"
"9241","2","5","7","53","51","342","259","423","389","C0426789"
"2969","2","3","12","19","31","276","91","433","118","C0426789"
"5144","2","3","4","68","96","326","427","548","672","C0426789"
"10060","2","3","8","41","45","23","423","464","445","C0426789"
"2632","2","3","2","28","22","48","232","82","114","C0426789"
"3730","2","5","7","53","14","20","25","40","186","C0426789"
"1187","2","5","8","63","45","23","34","464","187","C0426789"
"1146","2","5","8","27","70","99","162","216","290","C0426789"
"3991","2","3","5","80","81","166","57","83","658","C0426789"
"652","2","5","7","53","51","342","454","573","492","C0426789"
"2316","2","5","7","53","51","342","454","573","702","C0426789"
"5728","2","3","5","80","81","339","156","568","605","C0426789"
"1482","2","3","3","19","221","321","428","541","667","C0426789"
"3908","2","5","7","53","51","342","454","573","492","C0426789"
"4952","2","3","5","60","54","184","30","544","669","C0426789"
"29954","2","5","2","27","206","324","430","215","290","C0426789"
"617","2","3","2","48","170","50","304","167","593","C0426789"
"658","2","5","7","53","51","342","259","423","389","C0426789"
"721","2","5","7","53","51","342","454","573","492","C0426799"
"5428","2","3","2","48","170","50","119","167","593","C0426799"
"658","2","5","7","53","51","342","259","423","389","C0426799"
"10815","2","5","7","60","36","71","341","223","666","C0426799"
"3643","2","5","7","53","14","20","25","40","186","C0426799"
"2737","2","3","12","19","116","321","428","54","667","C0426799"
"6399","2","5","7","60","54","24","30","46","72","C0426799"
"5468","2","3","3","19","151","276","91","433","118","C0426799"
"6997","2","5","3","53","221","321","259","423","389","C0426799"
"288","2","5","7","76","153","40","38","54","203","C0426799"
"2184","2","3","5","76","153","138","236","332","407","C0426799"
"5167","2","3","5","32","93","163","207","303","126","C0426799"
"10586","2","3","3","11","221","321","428","541","667","C0426799"
"6655","2","5","7","60","54","24","30","46","72","C0426799"
"3764","2","5","8","63","36","166","106","110","158","C0426799"
"6329","2","5","8","63","36","166","341","390","158","C0426799"
"8643","2","5","3","68","221","197","259","560","422","C0426799"
"1308","2","5","7","53","51","119","454","573","492","C0426799"
"10020","2","3","2","89","124","204","42","452","258","C0426801"
"7249","2","3","7","60","57","110","141","359","462","C0426801"
"885","2","5","4","68","96","326","427","548","672","C0426801"
"51527","2","3","7","60","58","112","148","362","263","C0426801"
"5073","2","3","2","110","85","323","433","146","194","C0426801"
"58","2","5","8","63","45","23","103","464","187","C0426805"
"54809","2","5","7","50","30","193","306","148","624","C0426805"
"5888","2","3","12","19","31","261","116","1","86","C0426805"
"3552","2","3","12","53","51","119","156","489","416","C0426805"
"7428","2","3","12","41","116","268","434","468","213","C0426805"
"7516","2","3","12","19","31","261","116","1","86","C0426806"
"5173","2","5","4","68","96","326","427","548","672","C0426806"
"672","2","3","12","19","31","261","116","1","86","C0426806"
"8516","2","5","7","53","51","342","454","573","492","C0426806"
"8214","2","3","6","11","142","225","142","220","298","C0426806"
"1490","2","5","7","53","51","342","454","573","492","C0426808"
"5075","2","3","3","19","221","321","428","541","667","C0426808"
"4613","2","3","12","19","31","1","426","55","78","C0426808"
"2516","2","3","3","19","151","276","91","433","118","C0426808"
"1280","2","5","7","53","51","342","454","573","492","C0426808"
"5336","2","3","7","53","14","20","25","40","215","C0426808"
"3172","2","3","3","19","151","276","91","433","118","C0426808"
"2560","2","5","8","27","70","99","162","216","290","C0426811"
"1285","2","5","7","53","51","342","454","573","492","C0426811"
"26012","2","3","12","19","31","261","116","159","211","C0426811"
"7994","2","3","12","19","31","1","426","55","78","C0426811"
"5189","2","3","5","43","161","305","409","208","482","C0426811"
"25861","2","5","7","42","36","71","177","223","219","C0426816"
"5982","2","3","12","19","31","261","116","1","86","C0426816"
"51025","2","3","2","48","170","50","304","167","593","C0426816"
"54938","2","3","2","110","85","67","76","252","154","C0426816"
"5350","2","5","8","63","45","23","103","464","187","C0426816"
"3593","2","5","7","53","51","119","25","489","416","C0426816"
"65980","2","3","12","19","31","1","426","55","78","C0426816"
"8891","2","3","2","110","85","237","433","547","671","C0426817"
"1029","2","3","12","19","31","1","116","1","664","C0426817"
"6578","2","3","5","35","41","77","40","57","80","C0426817"
"3123","2","5","7","53","51","119","156","287","116","C0426817"
"6310","2","3","12","22","142","225","366","362","468","C0426817"
"11093","2","5","7","53","51","342","454","573","492","C0426817"
"3954","2","3","2","48","170","67","119","444","593","C0426817"
"5573","2","3","12","19","184","118","155","287","116","C0426817"
"3930","2","3","2","22","33","323","66","3","464","C0426817"
"11277","2","3","12","19","31","261","116","1","86","C0426817"
"3767","2","5","8","63","36","166","106","110","158","C0426817"
"4683","2","3","12","19","31","261","116","1","86","C0426817"
"3594","2","5","7","53","51","119","25","560","373","C0426817"
"2677","2","5","7","53","51","342","454","573","492","C0426817"
"4853","2","3","12","19","124","143","428","236","667","C0426817"
"1280","2","5","7","53","51","342","454","573","492","C0426817"
"8292","2","5","5","27","51","342","454","573","492","C0426817"
"4089","2","3","12","19","219","339","259","423","605","C0426817"
"10269","2","3","2","48","182","50","119","444","556","C0426817"
"889","2","5","7","60","45","23","306","64","436","C0426817"
"8626","2","3","3","19","221","321","428","541","667","C0426817"
"4089","2","3","12","19","219","339","259","423","605","C0426817"
"2556","2","5","8","27","70","99","162","216","290","C0426817"
"8292","2","5","5","27","51","342","454","573","492","C0426817"
"282808","2","5","7","60","54","24","30","46","72","C0426817"
"26040","2","3","12","19","31","1","116","297","78","C0426817"
"29078","2","3","2","48","170","50","119","444","556","C0426817"
"10002","2","3","3","19","151","276","91","433","118","C0426817"
"353","2","5","7","34","52","216","395","549","674","C0426817"
"3887","2","1","6","11","142","225","142","220","298","C0426817"
"841","2","3","12","41","219","339","156","568","697","C0426818"
"488","2","5","8","63","45","23","103","464","187","C0426818"
"5328","2","5","7","34","52","216","395","549","674","C0426818"
"50964","2","5","3","68","221","197","259","423","422","C0426818"
"5195","2","3","5","43","161","305","409","208","482","C0426818"
"22858","2","3","7","53","14","20","34","540","68","C0426818"
"4254","2","5","7","53","14","20","25","40","186","C0426818"
"7274","2","3","5","43","161","99","162","216","290","C0426818"
"2581","2","3","5","80","81","250","291","152","420","C0426818"
"2821","2","5","7","34","52","216","395","549","577","C0426818"
"8754","2","5","7","53","51","342","454","573","492","C0426818"
"9640","2","3","12","19","31","261","116","159","211","C0426818"
"3425","2","3","5","80","81","166","454","573","492","C0426818"
"10484","2","3","7","60","153","40","38","54","203","C0426818"
"4089","2","3","12","19","219","339","259","423","605","C0426818"
"8517","2","3","12","41","219","339","156","568","697","C0426818"
"4313","2","5","7","53","51","342","454","573","492","C0426818"
"9394","2","3","2","74","58","112","148","193","263","C0426818"
"5627","2","5","7","53","51","342","454","573","702","C0426818"
"7415","2","3","7","34","52","216","395","536","445","C0426818"
"1586","2","3","5","79","98","256","335","425","540","C0426818"
"6885","2","3","12","41","219","339","156","568","697","C0426820"
"4286","2","3","12","19","31","261","116","1","664","C0426820"
"3549","2","5","3","53","51","197","259","560","422","C0426820"
"3815","2","5","7","53","14","20","25","40","186","C0426820"
"1836","2","3","2","35","41","94","260","330","375","C0426820"
"2177","2","3","2","110","90","261","431","545","443","C0426824"
"2316","2","5","7","53","51","342","454","573","702","C0426824"
"773","2","5","8","27","36","166","341","223","628","C0426824"
"1146","2","5","8","27","70","99","162","216","290","C0426824"
"1836","2","3","2","35","41","94","260","330","375","C0426824"
"2147","2","5","7","68","51","342","454","573","492","C0426824"
"1280","2","5","7","53","51","342","454","573","492","C0426826"
"794","2","5","8","27","36","150","341","223","593","C0426826"
"7132","2","3","12","41","219","339","156","568","697","C0426826"
"701","2","3","12","76","153","40","38","54","75","C0426848"
"335","2","5","7","53","51","342","454","573","492","C0426848"
"4221","2","3","12","19","31","342","454","573","492","C0426848"
"6389","2","3","2","48","170","50","119","444","556","C0426848"
"3560","2","5","7","53","14","20","25","40","186","C0426848"
"2121","2","3","12","41","116","268","434","568","605","C0426848"
"10159","2","5","7","34","52","216","395","549","674","C0426848"
"51651","2","3","12","41","219","339","156","568","605","C0426848"
"6529","2","5","8","45","94","199","240","415","666","C0426848"
"1909","2","5","4","68","96","326","427","548","672","C0426848"
"1352","2","3","2","48","170","50","119","444","556","C0426848"
"5189","2","3","5","43","161","305","409","208","482","C0426848"
"950","2","5","7","60","14","184","341","544","669","C0426848"
"2639","2","3","2","71","148","34","160","115","164","C0426848"
"2316","2","5","7","53","51","342","454","573","702","C0426848"
"9968","2","4","3","24","119","330","214","454","144","C0426848"
"6708","2","5","7","60","14","20","25","40","186","C0426848"
"2068","2","3","12","19","31","261","116","159","211","C0426848"
"1906","2","5","4","68","96","326","427","548","672","C0426870"
"673","2","5","7","53","14","20","34","540","68","C0426870"
"2121","2","3","12","41","116","268","434","568","605","C0426870"
"54880","2","3","12","19","31","1","426","55","78","C0426870"
"6392","2","3","2","48","170","50","119","444","556","C0426870"
"611","2","5","4","68","96","326","427","548","672","C0426870"
"7274","2","3","5","43","161","99","162","216","290","C0426870"
"1785","2","5","7","60","14","184","341","544","669","C0426870"
"673","2","5","7","53","14","20","34","540","68","C0426870"
"1021","2","3","12","19","31","1","426","55","78","C0426870"
"3248","2","3","2","69","83","133","167","224","301","C0426870"
"25942","2","3","12","19","31","1","426","55","78","C0426870"
"1991","2","5","7","34","52","216","395","549","674","C0426870"
"4340","2","5","7","53","51","119","341","223","628","C0426870"
"2779","2","5","4","68","96","326","427","548","672","C0426870"
"3949","2","5","7","60","14","184","341","544","669","C0426870"
"9499","2","5","7","53","51","23","103","464","187","C0426870"
"10815","2","5","7","60","36","71","341","223","666","C0426870"
"7020","2","3","12","19","31","276","91","433","664","C0426886"
"207","2","3","7","53","14","20","34","489","416","C0426886"
"10743","2","3","3","19","151","276","91","433","118","C0426886"
"3953","2","5","7","53","14","20","25","40","186","C0426886"
"53339","2","3","12","41","116","268","434","468","213","C0426886"
"3239","2","3","3","19","221","321","428","541","667","C0426886"
"633","2","5","7","53","51","342","454","573","492","C0426886"
"10324","2","3","12","41","116","268","434","468","213","C0426886"
"2071","2","3","12","19","31","261","116","159","211","C0426886"
"4846","2","3","5","41","219","75","243","44","64","C0426886"
"28952","2","3","12","41","116","268","434","468","213","C0426886"
"6010","2","5","4","68","96","326","427","548","672","C0426886"
"1536","2","5","7","34","52","216","395","549","674","C0426886"
"7486","2","3","12","19","31","261","116","1","86","C0426886"
"2115","2","3","12","19","31","276","91","433","118","C0426886"
"2796","2","5","4","68","96","326","427","548","672","C0426886"
"7048","2","5","7","53","51","342","259","423","389","C0426886"
"3593","2","5","7","53","51","119","25","489","416","C0426886"
"26160","2","3","12","76","153","40","38","54","75","C0426886"
"773","2","5","8","27","36","166","341","223","628","C0426886"
"930","2","5","7","53","14","119","25","40","186","C0426886"
"716","2","5","7","53","51","119","395","549","674","C0426886"
"55532","2","3","7","25","44","165","101","274","358","C0426886"
"9871","2","3","7","60","153","40","38","54","203","C0426886"
"10436","2","3","2","110","85","237","433","547","671","C0426886"
"6736","2","3","12","19","31","276","91","433","667","C0426891"
"2260","2","5","7","53","14","20","25","40","186","C0426891"
"1137","2","5","8","27","70","99","162","216","290","C0426891"
"3614","2","3","7","34","52","216","395","549","674","C0426891"
"55651","2","3","2","110","85","237","433","547","671","C0426891"
"6523","2","3","8","45","216","337","448","565","562","C0426891"
"2121","2","3","12","41","116","268","434","568","605","C0426891"
"26608","2","3","2","22","170","50","119","463","153","C0426891"
"3248","2","3","2","69","83","133","167","224","301","C0426891"
"4851","2","3","12","19","221","143","428","236","667","C0426891"
"54499","2","3","2","48","170","50","119","444","593","C0426891"
"2121","2","3","12","41","116","268","434","568","605","C0426891"
"1956","2","5","7","53","14","184","45","544","669","C0426891"
"4297","2","3","12","19","31","1","426","55","78","C0426891"
"3569","2","5","7","53","51","342","454","573","416","C0426891"
"5443","2","5","4","68","96","326","427","548","672","C0426891"
"4041","2","5","3","68","221","197","259","560","422","C0426891"
"10804","2","3","12","76","153","40","38","54","75","C0426891"
"3930","2","3","2","22","33","323","66","3","464","C0426891"
"1645","2","3","2","46","51","227","168","225","490","C0426891"
"2542","2","3","5","80","81","296","399","500","577","C0426891"
"8777","2","5","7","42","36","71","177","223","219","C0426891"
"6899","2","5","7","53","184","335","259","560","373","C0426891"
"2512","2","3","7","34","52","216","395","544","358","C0426891"
"3930","2","3","2","22","33","323","66","3","464","C0426891"
"9469","2","3","2","103","189","303","29","475","467","C0426891"
"10262","2","3","2","22","33","323","66","101","136","C0426891"
"2316","2","5","7","53","51","342","454","573","702","C0426891"
"2623","2","3","12","19","31","1","155","287","116","C0426901"
"2624","2","3","12","19","31","1","155","287","116","C0426901"
"3115","2","5","7","53","184","119","156","287","116","C0426901"
"3606","2","5","7","53","51","119","156","489","416","C0426934"
"5940","2","3","2","22","33","323","66","101","136","C0426934"
"1545","2","3","5","91","175","271","372","443","558","C0426934"
"153201","2","3","2","45","94","199","15","25","676","C0426934"
"415","2","3","5","105","155","250","291","152","420","C0427063"
"2778","2","5","4","68","96","326","427","548","672","C0427063"
"7132","2","3","12","41","219","339","156","568","697","C0427063"
"3689","2","5","7","34","52","216","395","549","674","C0427063"
"54919","2","3","2","41","96","279","304","370","257","C0427063"
"4221","2","3","12","19","31","342","454","573","492","C0427063"
"4904","2","3","2","22","33","323","66","101","136","C0427063"
"55033","2","3","2","110","105","178","226","297","380","C0427063"
"54332","2","3","2","60","170","40","98","66","203","C0427063"
"2632","2","3","2","28","22","48","232","82","114","C0427063"
"2623","2","3","12","19","31","1","155","287","116","C0427064"
"5238","2","3","2","80","141","221","111","385","501","C0427064"
"2033","2","3","12","19","31","1","91","433","118","C0427064"
"3251","2","3","4","68","96","326","427","341","150","C0427064"
"50846","2","3","3","68","221","197","259","560","422","C0427064"
"207","2","3","7","53","14","20","34","489","416","C0427064"
"4629","2","5","8","63","45","23","103","464","187","C0427064"
"3207","2","3","3","19","221","321","428","541","667","C0427068"
"7374","2","3","12","19","31","261","116","1","86","C0427068"
"7200","2","5","4","68","96","326","427","548","672","C0427068"
"3939","2","3","2","62","37","28","52","105","349","C0427068"
"1748","2","3","3","19","221","321","428","541","667","C0427068"
"4629","2","5","8","63","45","23","103","464","187","C0427068"
"3848","2","5","7","34","52","225","142","220","298","C0427068"
"356","2","5","7","53","219","339","25","489","697","C0427068"
"1356","2","3","7","53","51","342","454","573","492","C0427068"
"5034","2","5","7","53","51","342","454","573","492","C0427068"
"53834","2","5","7","53","51","342","454","573","492","C0427068"
"5396","2","3","3","19","221","321","428","541","667","C0427068"
"118429","2","5","8","53","51","197","454","540","422","C0427068"
"3576","2","5","4","68","96","326","427","548","672","C0427068"
"3691","2","5","7","53","51","342","454","573","492","C0427068"
"2263","2","5","7","53","14","20","25","40","186","C0427068"
"55135","2","3","12","76","137","76","136","472","435","C0427068"
"2645","2","3","2","90","167","266","367","101","664","C0427068"
"4089","2","3","12","19","219","339","259","423","605","C0427068"
"2896","2","5","7","34","52","216","395","549","674","C0427068"
"1958","2","3","12","19","31","276","91","433","116","C0427068"
"64175","2","5","7","53","51","342","454","573","492","C0427068"
"4540","2","3","2","48","170","50","119","444","556","C0427068"
"4968","2","3","12","19","31","261","116","1","86","C0427068"
"2895","2","5","4","68","36","71","427","223","219","C0427068"
"1281","2","5","7","53","51","342","454","573","492","C0427068"
"4683","2","3","12","19","31","261","116","1","86","C0427068"
"5296","2","5","7","53","14","20","25","40","186","C0427144"
"5896","2","3","12","41","116","268","434","568","605","C0427144"
"6938","2","3","12","19","31","1","426","55","78","C0427144"
"596","2","3","12","19","219","339","402","489","416","C0427144"
"5213","2","3","2","90","167","266","367","500","577","C0427149"
"5428","2","3","2","48","170","50","119","167","593","C0427149"
"1911","2","3","12","19","31","1","426","55","78","C0427149"
"7403","2","3","12","19","31","1","426","55","78","C0427149"
"64240","2","3","5","47","144","185","238","310","392","C0427149"
"7299","2","3","5","23","18","138","250","332","407","C0427149"
"23426","2","5","7","42","36","71","177","223","219","C0427149"
"25","2","3","12","19","14","20","25","287","116","C0427149"
"415","2","3","5","105","155","250","291","152","420","C0427149"
"3543","2","5","7","53","51","119","395","549","674","C0427149"
"4645","2","3","4","67","92","293","55","75","311","C0427149"
"175","2","3","7","34","52","216","395","549","674","C0427149"
"57369","2","3","12","76","153","40","38","54","75","C0427149"
"8398","2","3","5","116","183","40","38","352","455","C0427149"
"4137","2","3","7","27","36","150","341","223","628","C0427149"
"1717","2","3","2","19","151","276","48","69","204","C0427149"
"1836","2","3","2","35","41","94","260","330","375","C0427149"
"2643","2","3","5","87","91","75","204","267","352","C0427149"
"1592","2","3","5","91","214","101","126","460","224","C0427149"
"3758","2","5","8","63","36","166","106","110","158","C0427149"
"2131","2","3","2","74","58","112","148","181","416","C0427149"
"207","2","3","7","53","14","20","34","489","416","C0427149"
"6715","2","3","2","69","98","85","189","247","333","C0427149"
"2263","2","5","7","53","14","20","25","40","186","C0427149"
"30813","2","3","3","19","221","321","428","541","667","C0427190"
"5728","2","3","5","80","81","339","156","568","605","C0427190"
"472","2","3","12","19","31","261","116","1","86","C0427190"
"5327","2","5","7","53","51","342","454","573","492","C0427190"
"191","2","3","5","80","81","105","426","129","690","C0427190"
"2332","2","3","2","22","33","71","373","466","609","C0427190"
"3861","2","1","6","11","142","225","142","220","298","C0427190"
"6647","2","3","2","95","2","342","378","173","702","C0427190"
"5824","2","3","5","47","144","185","238","310","392","C0427190"
"940","2","5","7","53","14","20","25","40","186","C0427190"
"6439","2","5","5","68","96","185","238","310","272","C0427190"
"22954","2","3","12","41","116","268","434","468","213","C0427190"
"2317","2","5","7","63","45","23","103","287","664","C0427190"
"5663","2","5","7","34","52","216","395","549","667","C0427190"
"3308","2","3","12","41","219","339","347","271","356","C0427190"
"3236","2","3","3","19","221","321","428","541","667","C0427190"
"3560","2","5","7","53","14","20","25","40","186","C0427190"
"26353","2","3","12","76","45","160","347","271","356","C0427190"
"3553","2","5","7","53","51","119","25","489","416","C0427190"
"6663","2","3","3","19","221","321","428","541","667","C0427190"
"7468","2","3","12","19","31","1","426","55","78","C0427190"
"8291","2","5","8","63","45","23","103","464","187","C0427480"
"163223","2","4","3","24","119","330","214","454","144","C0427480"
"27235","2","3","2","48","170","50","304","167","593","C0427480"
"9829","2","5","7","60","14","184","341","544","669","C0427480"
"4882","2","3","4","68","96","326","427","548","672","C0427480"
"4952","2","3","5","60","54","184","30","544","669","C0427480"
"9993","2","5","7","53","51","342","454","573","492","C0427480"
"4688","2","5","7","60","14","20","25","40","215","C0427515"
"410","2","3","7","34","52","216","395","549","674","C0427515"
"54487","2","3","2","22","33","323","66","101","136","C0427515"
"1482","2","3","3","19","221","321","428","541","667","C0427515"
"5885","2","3","12","76","153","40","38","54","75","C0427515"
"5295","2","5","7","53","14","20","25","40","186","C0427515"
"134","2","5","4","68","96","326","427","548","672","C0427515"
"5781","2","5","7","53","14","20","25","40","186","C0427515"
"3949","2","5","7","60","14","184","341","544","669","C0427515"
"55624","2","3","2","78","123","194","255","215","412","C0427515"
"5395","2","3","12","19","31","261","116","1","86","C0427515"
"1230","2","5","4","68","96","326","427","548","672","C0427515"
"6390","2","3","2","48","170","50","119","444","556","C0427515"
"29893","2","3","12","19","31","1","426","55","78","C0427515"
"10483","2","3","7","60","54","24","30","46","72","C0427515"
"2778","2","5","4","68","96","326","427","548","672","C0427515"
"5456","2","3","3","19","221","321","428","541","667","C0427515"
"9321","2","3","12","76","153","40","38","54","203","C0427515"
"1690","2","5","7","27","51","342","454","573","492","C0427515"
"10020","2","3","2","89","124","204","42","452","258","C0427515"
"2146","2","3","12","19","31","1","426","55","78","C0427544"
"2200","2","5","7","53","51","342","454","573","492","C0427544"
"2492","2","5","4","68","96","326","427","548","672","C0427546"
"9990","2","5","8","45","94","199","240","415","666","C0427546"
"23600","2","3","5","80","81","305","409","208","482","C0427546"
"3553","2","5","7","53","51","119","25","489","416","C0427546"
"1577","2","3","5","91","214","226","400","204","264","C0427546"
"1203","2","3","2","41","170","342","423","536","342","C0427546"
"846","2","5","4","68","96","326","427","548","672","C0427546"
"4624","2","5","8","63","45","23","103","464","187","C0427546"
"10555","2","3","7","34","52","216","395","549","622","C0427546"
"8517","2","3","12","41","219","339","156","568","697","C0427546"
"6336","2","5","8","63","36","166","341","390","158","C0428791"
"4920","2","5","7","53","14","20","259","560","373","C0428791"
"11234","2","3","5","60","18","184","341","544","669","C0428791"
"554","2","5","4","68","96","326","427","548","672","C0428791"
"54805","2","5","7","26","94","85","189","247","333","C0428791"
"23312","2","5","7","60","36","71","341","223","624","C0428851"
"7068","2","3","3","19","151","276","91","433","118","C0428851"
"2177","2","3","2","110","90","261","431","545","443","C0428871"
"7124","2","3","12","41","219","339","156","568","697","C0428871"
"55315","2","3","5","80","81","296","62","94","150","C0428871"
"6794","2","3","12","53","14","20","34","540","68","C0429349"
"8456","2","3","3","19","221","321","428","541","667","C0429349"
"1075","2","5","7","34","52","216","395","549","674","C0431109"
"4976","2","3","2","48","170","50","119","444","556","C0431109"
"10555","2","3","7","34","52","216","395","549","622","C0431362"
"6337","2","5","8","63","45","23","34","464","187","C0431362"
"3763","2","5","8","63","36","166","106","110","158","C0431362"
"4976","2","3","2","48","170","50","119","444","556","C0431362"
"2074","2","3","12","19","31","1","426","55","78","C0431362"
"2516","2","3","3","19","151","276","91","433","118","C0431362"
"175","2","3","7","34","52","216","395","549","674","C0431362"
"6774","2","3","12","53","14","276","25","489","416","C0431362"
"9723","2","5","7","53","51","342","79","560","373","C0431362"
"1302","2","5","7","53","51","342","454","573","492","C0431362"
"9573","2","5","7","53","51","342","259","423","389","C0431362"
"55651","2","3","2","110","85","237","433","547","671","C0431362"
"472","2","3","12","19","31","261","116","1","86","C0431362"
"843","2","3","12","41","219","339","156","568","697","C0431362"
"2799","2","3","7","34","52","216","395","549","33","C0431362"
"51259","2","3","2","76","153","40","38","54","75","C0431362"
"2778","2","5","4","68","96","326","427","548","672","C0431362"
"525","2","3","5","29","88","110","141","537","50","C0431362"
"7476","2","5","3","68","221","197","259","560","422","C0431362"
"55670","2","3","5","43","161","305","409","208","482","C0431362"
"6794","2","3","12","53","14","20","34","540","68","C0431363"
"9440","2","4","3","24","119","330","214","454","144","C0431363"
"10479","2","5","7","27","36","150","341","223","628","C0431363"
"1030","2","3","12","19","31","1","426","55","78","C0431363"
"2153","2","5","7","53","51","342","454","573","492","C0431363"
"50939","2","3","12","76","153","40","38","472","435","C0431363"
"8626","2","3","3","19","221","321","428","541","667","C0431363"
"2972","2","3","2","19","33","261","116","159","211","C0431363"
"567","2","5","7","34","52","119","395","549","674","C0431363"
"2255","2","5","7","53","14","20","25","40","186","C0431363"
"3897","2","5","7","53","51","335","444","560","373","C0431363"
"23236","2","3","4","68","96","326","427","548","672","C0431363"
"9907","2","3","5","27","142","335","444","560","214","C0431363"
"5156","2","5","7","53","14","20","25","40","186","C0431363"
"80816","2","3","2","22","33","323","426","55","78","C0431368"
"859","2","5","8","63","45","23","103","464","187","C0431368"
"355","2","3","7","41","219","339","156","568","697","C0431368"
"7442","2","5","8","63","45","193","306","390","158","C0431368"
"6392","2","3","2","48","170","50","119","444","556","C0431368"
"28514","2","5","7","53","51","143","428","236","667","C0431368"
"4000","2","3","12","26","105","178","226","297","156","C0431368"
"3295","2","3","5","43","161","305","409","208","482","C0431368"
"26608","2","3","2","22","170","50","119","463","153","C0431368"
"5191","2","3","5","43","161","305","409","208","482","C0431369"
"5982","2","3","12","19","31","261","116","1","86","C0431369"
"5443","2","5","4","68","96","326","427","548","672","C0431369"
"3954","2","3","2","48","170","67","119","444","593","C0431370"
"4609","2","3","12","19","31","1","160","107","416","C0431370"
"8820","2","3","3","19","221","321","428","541","667","C0431370"
"355","2","3","7","41","219","339","156","568","697","C0431370"
"1815","2","5","4","68","96","326","427","548","672","C0431371"
"7490","2","3","3","19","221","321","428","541","667","C0431371"
"79932","2","5","7","53","51","335","444","549","373","C0431371"
"3479","2","5","7","53","51","342","454","573","492","C0431371"
"1758","2","5","7","53","51","342","454","573","492","C0431371"
"10232","2","5","7","53","51","342","454","573","492","C0431371"
"55651","2","3","2","110","85","237","433","547","671","C0431371"
"6606","2","3","2","22","33","323","66","101","136","C0431371"
"51752","2","3","2","41","153","119","156","536","116","C0431371"
"11222","2","3","2","48","182","67","76","463","153","C0431371"
"4852","2","5","4","68","96","326","427","548","672","C0431371"
"2239","2","3","2","74","51","342","454","573","492","C0431371"
"1636","2","3","5","80","81","166","397","418","568","C0431371"
"4041","2","5","3","68","221","197","259","560","422","C0431375"
"4312","2","5","7","53","51","342","454","573","492","C0431375"
"6899","2","5","7","53","184","335","259","560","373","C0431376"
"6392","2","3","2","48","170","50","119","444","556","C0431376"
"836","2","3","12","41","219","339","402","489","697","C0431376"
"2548","2","3","7","34","52","216","395","549","674","C0431376"
"2697","2","3","7","76","153","40","38","54","75","C0431376"
"23495","2","3","12","41","219","339","156","568","697","C0431376"
"5244","2","3","3","41","151","276","91","433","118","C0431376"
"9401","2","3","12","76","31","261","116","1","86","C0431376"
"4541","2","3","2","48","170","50","119","444","24","C0431380"
"23314","2","3","3","19","221","321","428","541","667","C0431380"
"4204","2","3","12","19","31","1","426","55","78","C0431380"
"80310","2","5","7","53","51","342","454","573","492","C0431380"
"4512","2","3","2","48","170","110","141","359","8","C0431380"
"6833","2","5","8","45","36","166","240","415","666","C0431380"
"2176","2","3","12","19","31","261","116","1","86","C0431380"
"1281","2","5","7","53","51","342","454","573","492","C0431380"
"860","2","3","12","19","31","276","91","433","118","C0431380"
"10165","2","3","2","48","170","50","304","167","593","C0431380"
"4867","2","5","7","76","153","40","38","54","75","C0431380"
"1186","2","5","8","63","45","23","34","464","187","C0431380"
"6913","2","3","3","19","221","321","428","541","667","C0431380"
"1954","2","5","7","53","51","342","454","573","492","C0431384"
"7259","2","3","12","19","31","1","426","55","78","C0431384"
"56267","2","3","2","67","94","183","182","509","666","C0431384"
"1030","2","3","12","19","31","1","426","55","78","C0431384"
"3655","2","5","7","53","51","342","454","573","492","C0431391"
"5238","2","3","2","80","141","221","111","385","501","C0431391"
"28952","2","3","12","41","116","268","434","468","213","C0431391"
"6794","2","3","12","53","14","20","34","540","68","C0431391"
"4088","2","3","12","19","219","339","259","423","605","C0431391"
"25","2","3","12","19","14","20","25","287","116","C0431399"
"29089","2","3","12","41","116","268","434","468","213","C0431399"
"7428","2","3","12","41","116","268","434","468","213","C0431399"
"1080","2","3","12","41","219","339","156","544","669","C0431399"
"51062","2","5","7","27","36","150","402","489","373","C0431399"
"5000","2","3","12","76","31","261","116","1","86","C0431399"
"2263","2","5","7","53","14","20","25","40","186","C0431399"
"7476","2","5","3","68","221","197","259","560","422","C0431399"
"2","2","5","7","53","51","342","454","573","72","C0431399"
"8573","2","5","7","53","36","71","341","223","219","C0431399"
"8799","2","3","5","43","161","305","409","208","482","C0431399"
"23513","2","5","7","42","36","71","177","223","219","C0431399"
"5959","2","3","2","69","83","101","126","170","224","C0431399"
"2879","2","3","5","80","81","166","378","173","229","C0431399"
"7078","2","5","7","53","51","342","454","573","702","C0431399"
"81494","2","5","6","53","51","119","395","549","673","C0431399"
"6911","2","5","6","19","142","335","259","560","373","C0431399"
"1029","2","3","12","19","31","1","116","1","664","C0431399"
"1175","2","5","7","60","14","184","341","544","669","C0431399"
"6495","2","3","3","19","221","321","428","541","667","C0431401"
"5518","2","3","12","76","153","40","38","54","435","C0431401"
"579","2","3","3","19","221","321","428","541","667","C0431448"
"1836","2","3","2","35","41","94","260","330","375","C0431448"
"686","2","3","5","80","81","166","166","127","173","C0431448"
"3702","2","5","7","53","14","20","25","40","186","C0431448"
"10585","2","5","2","27","206","324","430","215","290","C0431448"
"3110","2","3","3","19","221","321","428","541","667","C0431448"
"3835","2","3","12","76","153","40","38","54","75","C0431448"
"2554","2","5","8","27","70","99","162","216","290","C0431448"
"54756","2","5","7","41","219","238","118","543","214","C0431448"
"7480","2","5","3","68","221","197","259","560","422","C0431448"
"2879","2","3","5","80","81","166","378","173","229","C0431448"
"3373","2","3","5","80","51","342","454","573","492","C0431448"
"4621","2","5","8","63","45","23","103","464","187","C0431448"
"3674","2","5","7","53","51","342","454","573","492","C0431527"
"4693","2","5","7","53","51","342","454","573","492","C0431527"
"3265","2","5","7","60","54","24","30","46","72","C0431564"
"3559","2","5","7","53","14","20","25","40","186","C0431564"
"2071","2","3","12","19","31","261","116","159","211","C0431564"
"28952","2","3","12","41","116","268","434","468","213","C0431564"
"2896","2","5","7","34","52","216","395","549","674","C0431565"
"25942","2","3","12","19","31","1","426","55","78","C0431565"
"3115","2","5","7","53","184","119","156","287","116","C0431565"
"9031","2","3","12","19","31","1","426","55","78","C0431565"
"284058","2","3","12","19","31","1","426","55","78","C0431659"
"5605","2","5","7","53","14","20","34","540","68","C0431659"
"9568","2","5","4","68","96","326","427","548","672","C0431659"
"9652","2","3","2","110","85","237","433","547","671","C0431659"
"4000","2","3","12","26","105","178","226","297","156","C0431659"
"715","2","5","7","53","51","119","395","549","674","C0431659"
"25959","2","3","3","19","151","276","91","433","118","C0431659"
"8540","2","3","5","43","161","305","409","208","482","C0431659"
"3417","2","3","7","34","52","216","395","549","319","C0431659"
"4916","2","5","7","53","14","20","25","447","186","C0431659"
"8851","2","3","12","19","31","261","116","1","86","C0431659"
"2261","2","5","7","53","14","20","25","40","186","C0431659"
"5925","2","3","12","19","31","1","426","55","78","C0431659"
"3953","2","5","7","53","14","20","25","40","186","C0431659"
"3892","2","1","6","11","142","225","142","220","298","C0431659"
"54487","2","3","2","22","33","323","66","101","136","C0431659"
"9496","2","5","6","11","142","225","142","220","673","C0431659"
"658","2","5","7","53","51","342","259","423","389","C0431659"
"7084","2","3","2","72","109","115","62","268","353","C0431659"
"1437","2","5","7","53","14","20","25","40","186","C0431659"
"55636","2","3","3","19","221","321","428","423","389","C0431659"
"9469","2","3","2","103","189","303","29","475","467","C0431659"
"55112","2","3","12","76","153","40","38","54","75","C0431659"
"4088","2","3","12","19","219","339","259","423","605","C0431659"
"5468","2","3","3","19","151","276","91","433","118","C0431663"
"948","2","5","7","34","52","216","91","433","702","C0431663"
"10522","2","3","12","19","221","197","259","236","422","C0431663"
"5932","2","3","12","19","31","261","116","1","86","C0431664"
"4552","2","3","7","48","81","105","139","186","245","C0431664"
"6314","2","3","12","19","31","1","426","568","78","C0431693"
"6469","2","5","3","53","221","197","259","560","422","C0431693"
"2629","2","3","5","80","81","250","291","152","420","C0431718"
"142","2","3","12","19","31","261","116","1","86","C0431718"
"2542","2","3","5","80","81","296","399","500","577","C0431718"
"3832","2","3","12","76","153","40","38","54","75","C0431718"
"1723","2","3","2","48","170","50","119","444","556","C0431718"
"2304","2","3","12","19","221","321","428","541","667","C0431863"
"4041","2","5","3","68","221","197","259","560","422","C0431863"
"5728","2","3","5","80","81","339","156","568","605","C0431863"
"2703","2","3","12","76","153","40","38","54","75","C0431863"
"3117","2","5","7","53","153","119","156","287","116","C0431863"
"3763","2","5","8","63","36","166","106","110","158","C0431863"
"624","2","5","4","68","96","326","427","548","672","C0431863"
"1140","2","5","8","27","70","99","162","216","290","C0431863"
"2915","2","5","4","68","96","326","427","548","672","C0431863"
"673","2","5","7","53","14","20","34","540","68","C0431863"
"3766","2","5","8","63","36","166","106","110","158","C0431863"
"355","2","3","7","41","219","339","156","568","697","C0431863"
"4282","2","5","7","34","52","216","395","549","674","C0431890"
"51360","2","3","3","26","35","276","91","433","203","C0431890"
"129880","2","3","12","76","153","40","38","54","75","C0431890"
"4193","2","3","12","19","31","1","116","89","605","C0431890"
"3586","2","5","7","53","51","119","25","489","416","C0431890"
"1778","2","3","7","76","153","40","38","54","75","C0431890"
"3815","2","5","7","53","14","20","25","40","186","C0431890"
"50485","2","3","12","19","31","261","116","1","86","C0431890"
"5465","2","3","3","19","151","276","91","433","118","C0431890"
"6786","2","5","8","63","45","23","103","464","187","C0431890"
"15","2","3","2","11","142","225","142","87","673","C0431890"
"54361","2","5","3","68","221","197","259","560","422","C0431890"
"773","2","5","8","27","36","166","341","223","628","C0431890"
"176","2","5","7","53","51","342","454","573","492","C0431890"
"1959","2","3","3","19","151","276","91","433","118","C0431890"
"9573","2","5","7","53","51","342","259","423","389","C0431890"
"5443","2","5","4","68","96","326","427","548","672","C0431890"
"1029","2","3","12","19","31","1","116","1","664","C0431890"
"8029","2","5","7","53","51","105","139","186","245","C0431890"
"2911","2","5","4","68","96","326","427","548","672","C0431890"
"5119","2","3","2","48","57","110","141","359","462","C0431890"
"6497","2","5","3","19","221","342","259","423","389","C0431890"
"5447","2","3","5","91","214","271","372","471","586","C0431890"
"3930","2","3","2","22","33","323","66","3","464","C0431890"
"10397","2","3","2","110","81","148","402","51","383","C0431890"
"2316","2","5","7","53","51","342","454","573","702","C0431890"
"8626","2","3","3","19","221","321","428","541","667","C0431943"
"801","2","5","8","63","45","23","103","464","187","C0431943"
"7461","2","3","7","60","153","40","38","93","75","C0432028"
"5122","2","5","4","27","36","184","141","359","411","C0432028"
"8086","2","3","12","22","33","323","66","101","664","C0432028"
"351","2","5","4","68","96","326","188","145","193","C0432040"
"54499","2","3","2","48","170","50","119","444","593","C0432040"
"2065","2","5","7","53","14","20","25","40","186","C0432040"
"8092","2","3","3","19","221","321","428","541","667","C0432040"
"5290","2","3","7","53","14","20","25","40","186","C0432040"
"4128","2","3","5","80","81","119","402","489","416","C0432040"
"3952","2","5","3","53","151","276","91","433","118","C0432040"
"701","2","3","12","76","153","40","38","54","75","C0432040"
"3507","2","5","7","53","51","119","395","549","674","C0432040"
"712","2","5","7","53","51","119","395","549","674","C0432040"
"3861","2","1","6","11","142","225","142","220","298","C0432040"
"55636","2","3","3","19","221","321","428","423","389","C0432040"
"7124","2","3","12","41","219","339","156","568","697","C0432040"
"6598","2","3","12","19","31","1","426","55","78","C0432040"
"287","2","5","7","76","153","40","38","54","203","C0432040"
"6445","2","5","8","63","45","23","103","464","187","C0432040"
"6821","2","3","5","114","211","332","175","556","256","C0432040"
"9211","2","5","7","27","36","150","341","223","628","C0432040"
"5071","2","3","12","41","116","268","434","468","213","C0432040"
"9031","2","3","12","19","31","1","426","55","78","C0432040"
"4361","2","3","12","19","31","261","116","1","86","C0432040"
"5727","2","3","12","68","221","197","259","560","422","C0432040"
"7450","2","5","7","53","51","342","454","573","492","C0432040"
"25814","2","3","2","48","170","110","119","444","462","C0432055"
"7422","2","5","7","53","51","342","454","573","702","C0432055"
"10021","2","5","8","63","36","166","106","110","158","C0432055"
"1293","2","5","7","53","51","342","454","573","492","C0432055"
"10312","2","3","7","34","52","216","395","549","674","C0432055"
"673","2","5","7","53","14","20","34","540","68","C0432055"
"631","2","3","12","27","45","23","103","540","664","C0432055"
"7555","2","3","2","110","85","237","433","547","671","C0432055"
"9723","2","5","7","53","51","342","79","560","373","C0432055"
"9723","2","5","7","53","51","342","79","560","373","C0432073"
"266743","2","3","3","19","151","276","91","433","118","C0432073"
"51103","2","3","2","48","170","50","119","444","556","C0432073"
"1106","2","3","12","19","31","1","426","55","78","C0432073"
"7547","2","3","3","19","221","321","428","541","667","C0432073"
"59","2","5","8","63","45","23","103","464","187","C0432073"
"5325","2","3","12","19","31","198","261","146","118","C0432073"
"6895","2","3","2","22","33","323","66","146","194","C0432073"
"4322","2","5","7","53","51","342","454","573","492","C0432073"
"2952","2","3","5","91","175","271","372","471","586","C0432073"
"6866","2","5","4","68","96","326","427","548","672","C0432090"
"51473","2","5","7","60","36","20","25","64","215","C0432090"
"6311","2","3","2","22","33","323","66","362","468","C0432098"
"7020","2","3","12","19","31","276","91","433","664","C0432098"
"113189","2","3","2","103","112","197","249","318","97","C0432098"
"3543","2","5","7","53","51","119","395","549","674","C0432103"
"1301","2","5","7","53","51","342","454","573","492","C0432103"
"2653","2","3","2","67","104","214","234","306","388","C0432103"
"2018","2","3","3","19","221","321","428","541","667","C0432103"
"4854","2","5","7","53","51","143","428","236","667","C0432103"
"652","2","5","7","53","51","342","454","573","492","C0432103"
"5897","2","3","12","41","116","268","141","568","605","C0432103"
"4166","2","3","2","89","60","99","7","211","217","C0432103"
"4436","2","3","12","19","31","261","116","1","86","C0432103"
"8481","2","3","12","76","153","40","38","54","75","C0432103"
"23345","2","3","12","19","31","1","426","55","78","C0432103"
"8799","2","3","5","43","161","305","409","208","482","C0432122"
"6899","2","5","7","53","184","335","259","560","373","C0432122"
"4179","2","5","7","53","51","119","395","549","674","C0432123"
"9719","2","5","7","53","51","342","454","573","492","C0432123"
"6354","2","5","4","68","96","326","427","548","672","C0432123"
"151","2","5","4","68","96","326","427","548","672","C0432123"
"7852","2","5","4","68","96","326","427","548","672","C0432123"
"8022","2","3","3","110","85","321","428","541","667","C0432123"
"3239","2","3","3","19","221","321","428","541","667","C0432163"
"6017","2","3","2","69","83","101","126","170","224","C0432163"
"183","2","5","4","68","96","326","427","548","672","C0432163"
"595","2","3","12","19","31","1","426","489","416","C0432163"
"4654","2","3","12","19","31","276","91","433","118","C0432163"
"335","2","5","7","53","51","342","454","573","492","C0432163"
"9992","2","5","8","63","36","166","341","110","158","C0432163"
"10560","2","3","2","65","196","310","127","527","648","C0432163"
"3081","2","3","2","91","51","3","267","308","429","C0432163"
"229","2","3","2","90","167","266","367","500","577","C0432163"
"3977","2","5","7","53","51","119","25","40","416","C0432163"
"3569","2","5","7","53","51","342","454","573","416","C0432163"
"3240","2","5","7","34","52","216","395","549","674","C0432163"
"51750","2","3","12","19","31","261","116","1","86","C0432163"
"7042","2","5","7","53","51","342","454","573","492","C0432163"
"9573","2","5","7","53","51","342","259","423","389","C0432163"
"6775","2","5","7","53","14","119","25","40","186","C0432163"
"8642","2","5","7","53","51","335","444","560","373","C0432185"
"3758","2","5","8","63","36","166","106","110","158","C0432185"
"7015","2","3","12","19","31","1","426","55","78","C0432185"
"39","2","3","2","67","92","293","55","75","311","C0432194"
"1786","2","3","12","19","31","1","426","55","78","C0432194"
"1293","2","5","7","53","51","342","454","573","492","C0432197"
"51085","2","3","2","48","57","110","141","359","462","C0432197"
"9049","2","3","3","41","151","276","378","271","356","C0432197"
"9152","2","5","8","45","94","199","240","415","666","C0432197"
"5376","2","5","7","53","51","342","454","573","492","C0432197"
"224","2","3","5","50","47","39","202","19","233","C0432211"
"710","2","5","7","53","51","342","454","573","702","C0432211"
"9742","2","3","12","76","153","40","38","54","75","C0432211"
"7412","2","5","7","53","51","119","454","287","116","C0432211"
"58","2","5","8","63","45","23","103","464","187","C0432211"
"26277","2","3","12","19","31","1","426","1","78","C0432211"
"658","2","5","7","53","51","342","259","423","389","C0432211"
"6595","2","3","12","19","31","1","426","55","78","C0432211"
"355","2","3","7","41","219","339","156","568","697","C0432211"
"4613","2","3","12","19","31","1","426","55","78","C0432226"
"23175","2","3","5","80","81","296","51","488","102","C0432226"
"7461","2","3","7","60","153","40","38","93","75","C0432235"
"6657","2","3","12","19","221","321","428","541","667","C0432235"
"6340","2","5","8","63","45","23","34","464","187","C0432235"
"27030","2","3","12","19","31","1","426","55","78","C0432235"
"3984","2","5","7","53","14","20","34","540","68","C0432235"
"5774","2","5","7","60","81","296","399","201","274","C0432242"
"5913","2","5","7","27","36","71","341","223","219","C0432242"
"25953","2","3","2","67","92","293","137","75","664","C0432253"
"4843","2","3","5","43","161","305","409","489","416","C0432253"
"54903","2","3","12","76","153","40","38","54","75","C0432255"
"1938","2","3","7","34","52","216","395","549","671","C0432255"
"3439","2","3","12","19","184","118","155","287","116","C0432261"
"5195","2","3","5","43","161","305","409","208","482","C0432261"
"53834","2","5","7","53","51","342","454","573","492","C0432272"
"64072","2","5","7","53","51","335","444","560","373","C0432272"
"25","2","3","12","19","14","20","25","287","116","C0432284"
"9573","2","5","7","53","51","342","259","423","389","C0432284"
"6772","2","3","12","53","184","119","156","287","116","C0432291"
"5378","2","3","12","19","31","261","116","1","86","C0432291"
"6154","2","3","2","110","85","237","433","547","671","C0432316"
"10269","2","3","2","48","182","50","119","444","556","C0432316"
"4982","2","5","12","41","219","339","156","568","697","C0432321"
"974","2","5","7","53","51","119","395","549","674","C0432321"
"4758","2","3","7","34","52","216","395","549","517","C0432321"
"4489","2","5","6","27","184","261","116","287","116","C0432333"
"1301","2","5","7","53","51","342","454","573","492","C0432333"
"55812","2","3","12","76","181","160","38","54","75","C0432333"
"2175","2","3","12","19","31","261","116","1","86","C0432333"
"64127","2","3","12","41","219","339","156","568","697","C0432333"
"7319","2","3","12","41","116","268","434","468","213","C0432333"
"8483","2","5","7","53","51","342","454","573","492","C0432333"
"6569","2","3","8","45","94","199","240","415","666","C0432333"
"4976","2","3","2","48","170","50","119","444","556","C0432333"
"1032","2","3","12","19","31","1","426","55","78","C0432333"
"25782","2","5","7","60","54","24","30","46","72","C0432333"
"5447","2","3","5","91","214","271","372","471","586","C0432333"
"7092","2","5","7","53","51","342","454","573","492","C0432333"
"5818","2","5","7","53","51","335","444","560","373","C0432333"
"268","2","5","7","53","51","342","259","423","389","C0432333"
"8643","2","5","3","68","221","197","259","560","422","C0432333"
"3920","2","5","7","34","52","216","395","549","674","C0432333"
"10518","2","3","2","22","170","50","119","444","556","C0432333"
"51626","2","3","12","76","153","40","38","54","75","C0432333"
"5122","2","5","4","27","36","184","141","359","411","C0432333"
"3081","2","3","2","91","51","3","267","308","429","C0432333"
"6310","2","3","12","22","142","225","366","362","468","C0432333"
"6654","2","5","7","60","54","24","30","46","72","C0432333"
"208","2","5","7","53","14","20","34","540","68","C0432333"
"727","2","5","4","68","96","326","427","548","672","C0432336"
"5605","2","5","7","53","14","20","34","540","68","C0432336"
"6390","2","3","2","48","170","50","119","444","556","C0432347"
"7040","2","5","7","53","51","342","454","573","492","C0432347"
"84197","2","5","2","53","14","20","25","215","186","C0432355"
"2316","2","5","7","53","51","342","454","573","702","C0432355"
"673","2","5","7","53","14","20","34","540","68","C0432355"
"54903","2","3","12","76","153","40","38","54","75","C0432355"
"673","2","5","7","53","14","20","34","540","68","C0432355"
"26058","2","3","2","22","33","110","118","543","214","C0432355"
"10225","2","5","7","53","51","119","395","549","674","C0432355"
"23451","2","3","2","22","33","323","66","101","136","C0432355"
"6338","2","5","8","63","45","23","34","464","187","C0432355"
"9581","2","3","5","27","36","150","76","223","628","C0432355"
"254251","2","3","6","11","142","225","304","490","606","C0432355"
"51","2","3","5","43","151","276","91","433","482","C0432355"
"8647","2","3","5","46","158","252","352","449","563","C0432355"
"6499","2","3","2","110","85","237","433","547","671","C0432355"
"7051","2","1","6","11","142","225","142","220","298","C0432355"
"6622","2","3","7","27","36","150","341","223","628","C0432355"
"3248","2","3","2","69","83","133","167","224","301","C0432363"
"5828","2","3","5","43","161","305","409","208","482","C0432363"
"10300","2","3","12","76","153","40","38","54","75","C0432363"
"1371","2","3","5","17","24","261","116","164","6","C0432475"
"2779","2","5","4","68","96","326","427","548","672","C0432475"
"25974","2","3","7","48","51","105","139","186","245","C0432475"
"58508","2","3","12","19","31","1","426","55","78","C0442880"
"26504","2","3","5","42","81","296","399","201","274","C0442880"
"1639","2","3","12","76","153","40","38","54","75","C0445347"
"1187","2","5","8","63","45","23","34","464","187","C0445347"
"360","2","3","5","80","81","166","397","374","486","C0445347"
"7015","2","3","12","19","31","1","426","55","78","C0445347"
"100","2","3","5","33","21","47","56","80","199","C0445347"
"64135","2","3","12","41","219","339","156","568","605","C0445347"
"5189","2","3","5","43","161","305","409","208","482","C0445347"
"5961","2","5","7","27","51","326","126","414","702","C0447996"
"25978","2","3","2","48","57","110","141","359","462","C0447996"
"6736","2","3","12","19","31","276","91","433","667","C0451641"
"55630","2","3","5","27","81","99","162","216","290","C0451641"
"6392","2","3","2","48","170","50","119","444","556","C0451695"
"3000","2","5","4","68","96","326","427","548","672","C0451695"
"348","2","5","7","53","51","342","454","573","492","C0451695"
"7454","2","5","7","60","14","20","25","40","215","C0451695"
"51750","2","3","12","19","31","261","116","1","86","C0451696"
"1277","2","5","7","53","51","342","454","573","492","C0451696"
"116519","2","5","7","53","51","342","454","573","492","C0451696"
"6440","2","5","5","68","96","185","238","310","272","C0451696"
"2840","2","5","4","68","96","326","427","548","672","C0452138"
"3239","2","3","3","19","221","321","428","541","667","C0452138"
"4535","2","3","2","48","170","50","119","444","556","C0452138"
"9569","2","3","12","19","31","276","91","433","118","C0452138"
"3625","2","5","7","53","51","342","259","423","389","C0452138"
"54880","2","3","12","19","31","1","426","55","78","C0452138"
"10491","2","5","7","53","51","342","454","573","492","C0452138"
"5443","2","5","4","68","96","326","427","548","672","C0452138"
"4539","2","3","2","53","184","86","107","560","195","C0452138"
"7174","2","3","12","41","116","268","434","468","213","C0452138"
"7020","2","3","12","19","31","276","91","433","664","C0452138"
"7200","2","5","4","68","96","326","427","548","672","C0452138"
"2130","2","3","2","22","33","323","66","491","609","C0452138"
"4000","2","3","12","26","105","178","226","297","156","C0452138"
"1015","2","5","7","53","51","335","444","560","373","C0452138"
"5573","2","3","12","19","184","118","155","287","116","C0452138"
"7466","2","5","7","53","51","342","454","573","492","C0452138"
"8022","2","3","3","110","85","321","428","541","667","C0452138"
"7428","2","3","12","41","116","268","434","468","213","C0452147"
"4286","2","3","12","19","31","261","116","1","664","C0452147"
"54209","2","5","7","53","51","119","395","549","674","C0452148"
"6663","2","3","3","19","221","321","428","541","667","C0452148"
"6331","2","5","8","63","36","166","341","223","158","C0452148"
"51715","2","5","7","60","54","24","30","46","72","C0452148"
"729238","2","5","7","53","51","119","238","310","272","C0452148"
"2033","2","3","12","19","31","1","91","433","118","C0452168"
"5189","2","3","5","43","161","305","409","208","482","C0452168"
"3439","2","3","12","19","184","118","155","287","116","C0454455"
"258","2","5","7","53","51","342","454","573","492","C0454455"
"2892","2","5","8","63","36","166","106","110","158","C0454455"
"6654","2","5","7","60","54","24","30","46","72","C0454455"
"9401","2","3","12","76","31","261","116","1","86","C0454455"
"1387","2","3","12","19","31","276","91","433","118","C0454455"
"1021","2","3","12","19","31","1","426","55","78","C0454455"
"1147","2","3","12","41","219","339","156","568","697","C0454455"
"54790","2","3","12","19","31","1","426","55","78","C0454596"
"10535","2","3","12","76","153","40","38","54","75","C0454596"
"1312","2","3","2","87","79","105","426","129","25","C0454641"
"5116","2","3","12","76","153","40","38","54","75","C0454641"
"7299","2","3","5","23","18","138","250","332","407","C0455503"
"3115","2","5","7","53","184","119","156","287","116","C0455503"
"8822","2","5","7","53","14","20","25","40","186","C0455988"
"23742","2","5","5","68","96","326","427","447","586","C0455988"
"8575","2","3","2","22","33","323","66","101","194","C0455988"
"25778","2","3","2","41","51","138","79","160","385","C0455988"
"6712","2","5","7","60","153","40","341","223","203","C0455988"
"11274","2","3","12","41","219","339","156","568","605","C0455988"
"4615","2","3","12","41","219","339","156","568","697","C0455988"
"6868","2","5","7","53","51","342","454","236","492","C0455988"
"959","2","5","7","53","51","119","395","549","674","C0455988"
"4627","2","5","7","63","45","184","103","572","658","C0457013"
"8820","2","3","3","19","221","321","428","541","667","C0457013"
"5743","2","3","5","53","175","119","167","489","416","C0457133"
"8241","2","3","2","22","33","323","66","101","136","C0457133"
"2737","2","3","12","19","116","321","428","54","667","C0457133"
"3479","2","5","7","53","51","342","454","573","492","C0457133"
"7097","2","5","7","34","52","216","395","549","674","C0457133"
"2182","2","3","2","67","92","265","284","147","235","C0457133"
"4750","2","5","12","76","14","20","34","540","68","C0457133"
"3257","2","5","7","60","54","24","30","46","72","C0457133"
"5961","2","5","7","27","51","326","126","414","702","C0457756"
"10269","2","3","2","48","182","50","119","444","556","C0457756"
"8929","2","3","3","19","221","321","428","541","667","C0457756"
"3694","2","5","7","53","51","342","454","573","492","C0457756"
"3073","2","3","5","105","155","250","291","152","420","C0457756"
"3295","2","3","5","43","161","305","409","208","482","C0457756"
"54880","2","3","12","19","31","1","426","55","78","C0472813"
"8573","2","5","7","53","36","71","341","223","219","C0472813"
"2109","2","3","2","48","170","50","119","444","556","C0473133"
"23322","2","3","12","76","153","40","38","54","75","C0473133"
"356","2","5","7","53","219","339","25","489","697","C0473133"
"2629","2","3","5","80","81","250","291","152","420","C0473133"
"5428","2","3","2","48","170","50","119","167","593","C0473133"
"23426","2","5","7","42","36","71","177","223","219","C0473133"
"1301","2","5","7","53","51","342","454","573","492","C0473219"
"1031","2","3","12","19","31","1","426","55","78","C0473219"
"55112","2","3","12","76","153","40","38","54","75","C0473311"
"4041","2","5","3","68","221","197","259","560","422","C0473311"
"23299","2","3","12","76","153","40","38","54","75","C0473527"
"9342","2","5","7","34","52","216","395","549","674","C0473527"
"6875","2","3","12","19","31","261","116","159","211","C0473527"
"3123","2","5","7","53","51","119","156","287","116","C0473527"
"4722","2","3","2","48","170","50","119","444","556","C0473527"
"1144","2","5","8","27","70","99","162","216","290","C0473527"
"4625","2","3","8","63","45","23","103","464","187","C0473527"
"6567","2","5","8","35","41","77","40","57","80","C0473527"
"1277","2","5","7","53","51","342","454","573","492","C0473527"
"6335","2","5","8","63","36","166","341","390","158","C0473527"
"7291","2","3","12","19","151","276","91","489","416","C0473586"
"55505","2","3","2","110","85","237","433","547","671","C0473586"
"3218","2","3","3","19","221","321","428","541","667","C0474420"
"2705","2","3","12","76","153","40","38","54","75","C0474420"
"2200","2","5","7","53","51","342","454","573","492","C0474585"
"29893","2","3","12","19","31","1","426","55","78","C0474585"
"5624","2","5","7","53","51","342","454","573","492","C0474819"
"7249","2","3","7","60","57","110","141","359","462","C0474819"
"4358","2","3","5","43","161","305","409","208","482","C0475732"
"5982","2","3","12","19","31","261","116","1","86","C0475732"
"6913","2","3","3","19","221","321","428","541","667","C0475732"
"5295","2","5","7","53","14","20","25","40","186","C0475813"
"1911","2","3","12","19","31","1","426","55","78","C0475813"
"1499","2","3","12","19","221","197","259","560","422","C0476089"
"324","2","3","12","41","219","197","70","255","422","C0476089"
"255239","2","5","8","67","36","71","177","75","311","C0476089"
"120","2","5","2","63","182","50","103","297","628","C0476089"
"1291","2","5","7","53","51","342","454","573","492","C0476089"
"2304","2","3","12","19","221","321","428","541","667","C0476089"
"2626","2","3","12","19","31","118","155","287","116","C0476254"
"2006","2","5","7","53","51","342","454","573","492","C0476254"
"3126","2","5","7","53","153","119","156","287","116","C0476254"
"4524","2","3","2","15","166","104","369","117","583","C0476254"
"6708","2","5","7","60","14","20","25","40","186","C0476254"
"25914","2","3","12","41","116","339","409","359","187","C0476254"
"7737","2","3","12","22","33","268","434","468","213","C0476254"
"5594","2","5","7","34","14","20","34","540","274","C0476254"
"23141","2","3","12","76","105","40","226","489","435","C0476254"
"3035","2","3","2","110","85","237","433","547","154","C0476254"
"55630","2","3","5","27","81","99","162","216","290","C0476369"
"220136","2","3","12","11","142","225","38","220","298","C0476369"
"9652","2","3","2","110","85","237","433","547","671","C0476408"
"10020","2","3","2","89","124","204","42","452","258","C0476408"
"5896","2","3","12","41","116","268","434","568","605","C0476489"
"189","2","3","5","43","161","305","409","208","482","C0476489"
"3265","2","5","7","60","54","24","30","46","72","C0477341"
"4072","2","5","7","53","51","119","454","573","492","C0477341"
"5495","2","3","12","41","219","339","347","287","664","C0477341"
"6899","2","5","7","53","184","335","259","560","373","C0477341"
"4853","2","3","12","19","124","143","428","236","667","C0477341"
"6845","2","5","7","60","14","184","341","544","669","C0494261"
"2571","2","3","2","67","142","71","152","197","219","C0494261"
"1071","2","5","7","53","51","342","454","573","492","C0494261"
"6391","2","3","2","48","170","50","119","444","556","C0494261"
"8195","2","3","12","76","153","76","38","54","75","C0494261"
"5054","2","5","7","53","51","342","454","573","492","C0496897"
"9927","2","3","12","19","31","118","155","287","116","C0496897"
"2072","2","3","12","19","31","261","116","1","86","C0496897"
"5277","2","3","2","61","77","142","176","235","317","C0497202"
"5447","2","3","5","91","214","271","372","471","586","C0497202"
"26191","2","5","7","53","14","20","25","40","186","C0497202"
"5290","2","3","7","53","14","20","25","40","186","C0497202"
"10342","2","3","7","60","219","40","202","66","203","C0497202"
"1789","2","3","12","19","31","1","426","55","78","C0497202"
"3425","2","3","5","80","81","166","454","573","492","C0497202"
"6261","2","5","8","63","45","23","34","464","187","C0497202"
"1832","2","5","7","34","52","225","142","220","298","C0497202"
"1295","2","5","7","53","51","342","454","573","492","C0497202"
"9897","2","3","12","76","18","75","38","1","212","C0497202"
"10262","2","3","2","22","33","323","66","101","136","C0497202"
"9632","2","3","7","60","153","40","38","54","203","C0497202"
"3569","2","5","7","53","51","342","454","573","416","C0497202"
"3815","2","5","7","53","14","20","25","40","186","C0497202"
"5727","2","3","12","68","221","197","259","560","422","C0497202"
"604","2","3","12","19","151","276","91","489","416","C0497202"
"6261","2","5","8","63","45","23","34","464","187","C0497202"
"2168","2","3","3","19","151","276","91","433","118","C0497202"
"4221","2","3","12","19","31","342","454","573","492","C0497538"
"22954","2","3","12","41","116","268","434","468","213","C0497538"
"152330","2","5","7","27","51","335","444","560","373","C0497552"
"7531","2","3","2","48","170","110","329","251","533","C0497552"
"9031","2","3","12","19","31","1","426","55","78","C0497552"
"7515","2","3","12","19","31","261","116","1","86","C0497552"
"1184","2","5","8","63","45","23","34","464","187","C0497552"
"6440","2","5","5","68","96","185","238","310","272","C0497552"
"54808","2","3","12","76","153","40","38","54","75","C0497552"
"5130","2","3","2","85","143","286","51","488","102","C0497552"
"50940","2","3","4","68","96","326","427","548","672","C0497552"
"23322","2","3","12","76","153","40","38","54","75","C0497552"
"2074","2","3","12","19","31","1","426","55","78","C0497552"
"7494","2","3","2","110","105","178","226","297","380","C0497552"
"64109","2","3","12","53","14","20","25","40","186","C0497552"
"55343","2","3","4","68","69","306","410","520","639","C0497552"
"5443","2","5","4","68","96","326","427","548","672","C0497552"
"1030","2","3","12","19","31","1","426","55","78","C0497552"
"5444","2","3","5","80","147","236","328","411","229","C0497552"
"3440","2","3","12","19","184","118","155","287","116","C0497552"
"5859","2","3","2","110","85","237","433","547","154","C0497552"
"5728","2","3","5","80","81","339","156","568","605","C0497552"
"27247","2","3","2","48","170","50","119","100","556","C0518988"
"4318","2","5","7","34","52","216","395","573","492","C0518988"
"3728","2","5","7","34","52","225","142","220","298","C0520459"
"5428","2","3","2","48","170","50","119","167","593","C0520459"
"3075","2","5","7","53","51","119","395","549","674","C0520459"
"51062","2","5","7","27","36","150","402","489","373","C0520459"
"1728","2","3","2","41","116","268","434","568","605","C0520459"
"6335","2","5","8","63","36","166","341","390","158","C0520459"
"4128","2","3","5","80","81","119","402","489","416","C0520459"
"3930","2","3","2","22","33","323","66","3","464","C0520459"
"58","2","5","8","63","45","23","103","464","187","C0520459"
"1420","2","3","6","63","45","160","362","177","673","C0520459"
"5657","2","5","7","34","52","216","395","549","674","C0520459"
"2934","2","5","7","34","52","216","395","549","674","C0520459"
"8912","2","5","8","63","36","166","306","390","158","C0520459"
"1639","2","3","12","76","153","40","38","54","75","C0520459"
"2516","2","3","3","19","151","276","91","433","118","C0520459"
"7155","2","3","12","19","31","261","116","1","664","C0520459"
"345","2","5","7","53","51","342","454","573","492","C0520459"
"8822","2","5","7","53","14","20","25","40","186","C0520463"
"9915","2","3","3","27","151","276","91","433","118","C0520463"
"4214","2","3","12","41","219","339","34","540","117","C0520463"
"2952","2","3","5","91","175","271","372","471","586","C0520474"
"4359","2","5","7","53","51","342","454","573","492","C0520474"
"2243","2","5","7","53","51","342","454","573","492","C0520474"
"1969","2","5","7","53","14","20","25","560","186","C0520474"
"641","2","3","12","19","31","261","116","1","86","C0520474"
"1305","2","5","7","53","51","342","454","573","492","C0520474"
"4624","2","5","8","63","45","23","103","464","187","C0520474"
"2255","2","5","7","53","14","20","25","40","186","C0520474"
"1161","2","3","12","41","116","268","434","468","213","C0520557"
"7390","2","3","5","80","81","166","132","175","473","C0520557"
"3284","2","3","2","69","98","169","299","183","243","C0520679"
"1278","2","5","7","53","51","342","454","573","492","C0520679"
"5897","2","3","12","41","116","268","141","568","605","C0520679"
"1718","2","3","2","54","90","84","48","69","204","C0520679"
"9927","2","3","12","19","31","118","155","287","116","C0520679"
"23479","2","3","2","48","170","50","119","100","556","C0520679"
"5317","2","5","7","34","52","216","142","220","298","C0520679"
"4157","2","5","4","68","96","326","427","548","672","C0520679"
"8091","2","3","12","110","109","22","262","129","638","C0520679"
"1401","2","5","7","53","51","119","395","573","492","C0520679"
"1277","2","5","7","53","51","342","454","573","492","C0520680"
"4524","2","3","2","15","166","104","369","117","583","C0520680"
"11160","2","3","12","41","116","268","423","536","445","C0520680"
"3033","2","3","2","67","80","145","179","239","618","C0520680"
"2022","2","5","7","53","51","342","259","423","389","C0520680"
"11277","2","3","12","19","31","261","116","1","86","C0520680"
"65217","2","5","7","53","51","335","444","560","373","C0520680"
"7474","2","5","3","68","221","184","259","544","669","C0520680"
"1277","2","5","7","53","51","342","454","573","492","C0520736"
"3636","2","3","5","80","14","20","25","40","186","C0520736"
"54862","2","3","12","76","153","40","38","54","75","C0520736"
"6295","2","3","4","68","45","272","427","518","621","C0520736"
"7136","2","5","8","63","45","23","103","464","187","C0520743"
"1806","2","3","2","49","23","186","149","195","61","C0520743"
"4998","2","3","12","76","31","261","116","1","86","C0520743"
"1893","2","5","7","53","51","342","454","573","702","C0520743"
"79722","2","3","12","76","153","40","38","54","75","C0520743"
"3123","2","5","7","53","51","119","156","287","116","C0520743"
"55624","2","3","2","78","123","194","255","215","412","C0520743"
"2299","2","3","3","19","221","321","428","541","667","C0520743"
"51057","2","3","12","76","153","40","38","54","75","C0520743"
"54919","2","3","2","41","96","279","304","370","257","C0520743"
"673","2","5","7","53","14","20","34","540","68","C0520757"
"2303","2","5","3","19","221","321","428","541","667","C0520757"
"50846","2","3","3","68","221","197","259","560","422","C0520823"
"3763","2","5","8","63","36","166","106","110","158","C0520823"
"1588","2","3","5","79","159","256","350","27","44","C0520823"
"686","2","3","5","80","81","166","166","127","173","C0520831"
"1717","2","3","2","19","151","276","48","69","204","C0520831"
"25793","2","3","12","41","116","268","434","468","213","C0520878"
"26580","2","5","8","27","70","99","162","216","290","C0520878"
"1387","2","3","12","19","31","276","91","433","118","C0520878"
"7157","2","3","12","19","31","261","402","489","551","C0520886"
"55651","2","3","2","110","85","237","433","547","671","C0520886"
"3043","2","5","7","34","52","216","395","549","116","C0520886"
"3106","2","5","7","34","52","119","395","549","674","C0520927"
"3845","2","5","7","60","54","24","30","46","72","C0520927"
"1280","2","5","7","53","51","342","454","573","492","C0520927"
"2562","2","5","8","27","70","99","162","216","290","C0520927"
"4512","2","3","2","48","170","110","141","359","8","C0520927"
"3295","2","3","5","43","161","305","409","208","482","C0520927"
"55612","2","5","7","60","36","71","177","560","701","C0520927"
"2517","2","3","7","34","52","216","395","549","674","C0520927"
"19","2","3","3","19","151","276","91","433","118","C0520927"
"8000","2","5","8","53","51","342","259","423","389","C0520927"
"4000","2","3","12","26","105","178","226","297","156","C0520927"
"54808","2","3","12","76","153","40","38","54","75","C0520927"
"359","2","3","5","80","81","166","397","374","486","C0520927"
"1740","2","5","7","60","36","71","341","223","219","C0520927"
"3767","2","5","8","63","36","166","106","110","158","C0520927"
"435","2","3","8","84","97","167","210","278","360","C0520927"
"150","2","5","4","68","96","326","427","548","672","C0520927"
"2993","2","5","7","53","51","119","454","573","492","C0520927"
"4054","2","5","7","53","51","342","454","573","492","C0520927"
"8517","2","3","12","41","219","339","156","568","697","C0520927"
"999","2","5","7","53","51","342","444","560","373","C0520927"
"4851","2","3","12","19","221","143","428","236","667","C0520927"
"6335","2","5","8","63","36","166","341","390","158","C0520927"
"2488","2","5","4","68","96","326","427","548","672","C0520927"
"10008","2","5","8","63","36","166","341","223","158","C0520927"
"5648","2","5","7","53","51","119","395","549","674","C0520927"
"23229","2","5","7","60","54","24","30","46","72","C0520927"
"3778","2","5","8","63","36","166","106","110","158","C0520927"
"8516","2","5","7","53","51","342","454","573","492","C0520927"
"5352","2","5","7","53","51","342","454","573","492","C0520927"
"25978","2","3","2","48","57","110","141","359","462","C0520927"
"2200","2","5","7","53","51","342","454","573","492","C0520927"
"3569","2","5","7","53","51","342","454","573","416","C0520927"
"2995","2","5","7","53","51","119","454","573","492","C0520966"
"7468","2","3","12","19","31","1","426","55","78","C0520966"
"55699","2","3","2","110","85","67","76","252","154","C0520966"
"7169","2","5","8","63","45","23","103","464","187","C0520966"
"5351","2","5","7","53","51","342","454","573","492","C0520966"
"1146","2","5","8","27","70","99","162","216","290","C0520966"
"8314","2","3","12","41","31","1","426","55","78","C0520966"
"4000","2","3","12","26","105","178","226","297","156","C0520966"
"2200","2","5","7","53","51","342","454","573","492","C0520966"
"3315","2","3","12","41","181","160","362","402","215","C0520966"
"2263","2","5","7","53","14","20","25","40","186","C0520966"
"3784","2","5","8","63","36","166","106","110","158","C0520966"
"3576","2","5","4","68","96","326","427","548","672","C0520966"
"3977","2","5","7","53","51","119","25","40","416","C0520966"
"9573","2","5","7","53","51","342","259","423","389","C0521007"
"6657","2","3","12","19","221","321","428","541","667","C0521007"
"3930","2","3","2","22","33","323","66","3","464","C0521007"
"51","2","3","5","43","151","276","91","433","482","C0521007"
"2055","2","3","2","27","36","150","402","223","628","C0521007"
"1371","2","3","5","17","24","261","116","164","6","C0521007"
"1297","2","5","7","53","51","342","454","573","492","C0521007"
"4629","2","5","8","63","45","23","103","464","187","C0521173"
"4204","2","3","12","19","31","1","426","55","78","C0521173"
"7454","2","5","7","60","14","20","25","40","215","C0521173"
"5172","2","5","8","45","94","199","240","415","666","C0521173"
"10861","2","3","2","35","142","225","142","220","673","C0521173"
"3587","2","5","7","53","51","119","395","549","674","C0521173"
"54768","2","3","12","41","92","197","57","198","517","C0521173"
"3955","2","5","8","89","124","143","428","236","667","C0521533"
"51422","2","3","2","48","57","110","141","359","462","C0521533"
"4000","2","3","12","26","105","178","226","297","156","C0521573"
"776","2","5","8","63","36","166","341","390","158","C0521573"
"5176","2","5","7","53","51","342","454","573","492","C0521573"
"5251","2","3","5","80","81","296","474","593","722","C0521573"
"5159","2","5","7","53","14","20","25","40","186","C0521573"
"6774","2","3","12","53","14","276","25","489","416","C0521573"
"472","2","3","12","19","31","261","116","1","86","C0521573"
"4148","2","5","7","53","51","342","454","573","492","C0521573"
"3043","2","5","7","34","52","216","395","549","116","C0521573"
"1717","2","3","2","19","151","276","48","69","204","C0521573"
"7084","2","3","2","72","109","115","62","268","353","C0521573"
"207","2","3","7","53","14","20","34","489","416","C0521573"
"3930","2","3","2","22","33","323","66","3","464","C0521573"
"2779","2","5","4","68","96","326","427","548","672","C0521573"
"3845","2","5","7","60","54","24","30","46","72","C0521573"
"843","2","3","12","41","219","339","156","568","697","C0521618"
"55135","2","3","12","76","137","76","136","472","435","C0521618"
"1146","2","5","8","27","70","99","162","216","290","C0521619"
"51135","2","3","12","53","219","20","156","568","697","C0521619"
"6239","2","3","12","19","119","330","214","454","144","C0521619"
"6496","2","3","3","19","221","321","428","541","667","C0521619"
"9056","2","3","8","45","94","199","240","415","666","C0521619"
"5649","2","5","7","53","51","342","444","560","373","C0521619"
"7461","2","3","7","60","153","40","38","93","75","C0521619"
"6323","2","5","8","63","36","166","341","390","158","C0521619"
"2132","2","3","2","74","58","112","148","193","263","C0521620"
"8074","2","5","7","53","14","20","25","40","186","C0521620"
"5191","2","3","5","43","161","305","409","208","482","C0521620"
"596","2","3","12","19","219","339","402","489","416","C0521620"
"26580","2","5","8","27","70","99","162","216","290","C0521620"
"22954","2","3","12","41","116","268","434","468","213","C0521620"
"8924","2","3","12","41","116","268","434","468","213","C0521620"
"8220","2","3","2","22","33","323","66","101","136","C0521620"
"51308","2","2","1","9","15","21","28","42","62","C0521620"
"3145","2","3","5","80","81","166","132","175","473","C0521620"
"54880","2","3","12","19","31","1","426","55","78","C0521620"
"775","2","5","8","63","36","166","341","223","158","C0521620"
"3651","2","3","3","19","221","321","428","541","667","C0521620"
"7157","2","3","12","19","31","261","402","489","551","C0521620"
"1026","2","3","12","19","31","1","116","489","416","C0521620"
"367","2","3","12","19","31","276","91","433","118","C0521683"
"1747","2","3","3","19","221","321","428","541","667","C0521683"
"4853","2","3","12","19","124","143","428","236","667","C0521683"
"64240","2","3","5","47","144","185","238","310","392","C0521694"
"2706","2","3","12","76","153","40","38","54","75","C0521694"
"3861","2","1","6","11","142","225","142","220","298","C0521694"
"9791","2","3","8","45","94","199","240","415","666","C0521694"
"8788","2","5","3","53","221","143","428","236","667","C0521694"
"1908","2","5","4","68","96","326","427","548","672","C0521694"
"2517","2","3","7","34","52","216","395","549","674","C0521694"
"8036","2","5","7","60","54","296","399","359","658","C0522153"
"54499","2","3","2","48","170","50","119","444","593","C0522153"
"1130","2","5","7","60","54","326","141","359","462","C0522153"
"2121","2","3","12","41","116","268","434","568","605","C0522153"
"2316","2","5","7","53","51","342","454","573","702","C0522153"
"25836","2","3","12","76","153","40","38","54","75","C0522153"
"55145","2","3","2","22","33","225","142","220","140","C0522198"
"3356","2","5","4","68","96","326","427","548","672","C0522198"
"6928","2","3","3","19","221","321","428","541","667","C0522198"
"2153","2","5","7","53","51","342","454","573","492","C0522198"
"2218","2","5","2","53","123","194","255","560","373","C0522198"
"50484","2","3","5","80","109","182","235","307","506","C0522198"
"6845","2","5","7","60","14","184","341","544","669","C0522198"
"5728","2","3","5","80","81","339","156","568","605","C0522198"
"4000","2","3","12","26","105","178","226","297","156","C0522198"
"10653","2","5","7","68","51","114","162","321","475","C0522214"
"4000","2","3","12","26","105","178","226","297","156","C0522214"
"5173","2","5","4","68","96","326","427","548","672","C0522214"
"2629","2","3","5","80","81","250","291","152","420","C0522214"
"2121","2","3","12","41","116","268","434","568","605","C0522214"
"338","2","5","7","53","51","342","454","573","492","C0522214"
"196","2","3","3","19","151","276","91","433","118","C0522214"
"5894","2","5","7","60","54","23","34","464","187","C0522214"
"2006","2","5","7","53","51","342","454","573","492","C0522214"
"1581","2","3","5","19","151","276","91","433","118","C0522214"
"23236","2","3","4","68","96","326","427","548","672","C0522214"
"6736","2","3","12","19","31","276","91","433","667","C0522214"
"1717","2","3","2","19","151","276","48","69","204","C0522214"
"5141","2","3","4","68","96","326","427","548","672","C0522214"
"9897","2","3","12","76","18","75","38","1","212","C0522214"
"7157","2","3","12","19","31","261","402","489","551","C0522214"
"3655","2","5","7","53","51","342","454","573","492","C0522214"
"7468","2","3","12","19","31","1","426","55","78","C0522214"
"4514","2","3","2","48","57","110","141","359","5","C0522214"
"7291","2","3","12","19","151","276","91","489","416","C0522214"
"9662","2","3","12","76","153","40","38","54","75","C0522214"
"5743","2","3","5","53","175","119","167","489","416","C0522214"
"861","2","3","12","19","31","1","426","55","78","C0522214"
"8878","2","3","12","41","219","339","156","568","697","C0522214"
"6197","2","3","12","19","14","20","34","540","68","C0522214"
"2006","2","5","7","53","51","342","454","573","492","C0522214"
"4893","2","5","7","34","52","24","30","46","72","C0522216"
"3670","2","3","2","110","85","237","433","547","671","C0522216"
"2581","2","3","5","80","81","250","291","152","420","C0522216"
"4724","2","3","2","48","170","50","119","444","556","C0522216"
"6948","2","5","7","48","51","105","139","186","245","C0522216"
"667","2","5","7","53","51","342","454","573","492","C0522216"
"3991","2","3","5","80","81","166","57","83","658","C0522216"
"26146","2","3","12","76","153","40","38","54","75","C0524620"
"3043","2","5","7","34","52","216","395","549","116","C0524620"
"5340","2","5","7","53","51","342","454","573","492","C0524620"
"6253","2","5","4","27","36","326","402","489","187","C0524620"
"2033","2","3","12","19","31","1","91","433","118","C0524620"
"4598","2","3","2","19","151","276","198","259","427","C0524620"
"1031","2","3","12","19","31","1","426","55","78","C0524620"
"5970","2","3","12","19","31","276","91","433","118","C0524620"
"3664","2","5","7","53","184","119","156","287","116","C0524620"
"11277","2","3","12","19","31","261","116","1","86","C0524620"
"8801","2","3","5","67","92","293","55","75","311","C0524620"
"5296","2","5","7","53","14","20","25","40","186","C0524620"
"4053","2","5","7","53","51","342","454","573","492","C0524620"
"215","2","3","5","47","144","185","238","310","392","C0524620"
"526","2","3","5","29","88","132","172","199","308","C0524620"
"886","2","5","4","68","96","326","427","548","672","C0524620"
"468","2","3","12","19","85","276","91","433","118","C0524620"
"10617","2","3","12","48","57","110","141","359","462","C0524620"
"3482","2","5","7","34","52","216","395","544","669","C0524620"
"26580","2","5","8","27","70","99","162","216","290","C0524620"
"249","2","3","5","27","51","335","444","560","373","C0524801"
"641","2","3","12","19","31","261","116","1","86","C0524801"
"6569","2","3","8","45","94","199","240","415","666","C0524801"
"4358","2","3","5","43","161","305","409","208","482","C0524909"
"3155","2","3","5","43","161","305","409","208","482","C0524909"
"54361","2","5","3","68","221","197","259","560","422","C0524909"
"1032","2","3","12","19","31","1","426","55","78","C0524909"
"6648","2","3","2","95","151","160","378","173","229","C0524909"
"3236","2","3","3","19","221","321","428","541","667","C0524909"
"3339","2","5","7","53","51","342","454","573","492","C0524909"
"4830","2","3","2","72","109","182","235","307","506","C0524910"
"6785","2","3","5","67","7","5","239","311","393","C0524910"
"695","2","5","7","53","14","20","25","40","186","C0524910"
"435","2","3","8","84","97","167","210","278","360","C0525041"
"213","2","5","7","53","51","342","454","573","492","C0525041"
"84062","2","5","7","60","18","184","341","544","669","C0525041"
"4292","2","3","12","19","31","261","116","1","86","C0525041"
"9992","2","5","8","63","36","166","341","110","158","C0525041"
"2954","2","3","5","91","175","271","372","471","586","C0525041"
"779","2","5","8","63","36","166","341","390","158","C0525041"
"55215","2","3","12","76","31","261","116","1","86","C0541912"
"23411","2","3","12","19","31","1","91","433","118","C0541912"
"1280","2","5","7","53","51","342","454","573","492","C0541985"
"3853","2","1","6","11","142","225","142","220","298","C0541985"
"3759","2","5","8","63","36","166","106","110","158","C0541985"
"1646","2","3","2","46","136","227","168","225","490","C0541985"
"3984","2","5","7","53","14","20","34","540","68","C0541985"
"9150","2","3","12","19","31","261","116","159","211","C0541985"
"81848","2","5","7","53","14","20","25","40","186","C0541985"
"2177","2","3","2","110","90","261","431","545","443","C0541985"
"5317","2","5","7","34","52","216","142","220","298","C0541985"
"5443","2","5","4","68","96","326","427","548","672","C0542035"
"6390","2","3","2","48","170","50","119","444","556","C0542035"
"3786","2","5","8","63","36","166","106","110","158","C0542035"
"8312","2","3","12","41","219","339","156","568","605","C0542037"
"1373","2","3","8","84","97","167","210","271","536","C0542037"
"1140","2","5","8","27","70","99","162","216","290","C0542037"
"2990","2","3","7","34","52","216","395","549","674","C0542223"
"4998","2","3","12","76","31","261","116","1","86","C0542223"
"1184","2","5","8","63","45","23","34","464","187","C0542223"
"2316","2","5","7","53","51","342","454","573","702","C0542223"
"9742","2","3","12","76","153","40","38","54","75","C0542223"
"2657","2","5","7","53","51","342","259","423","389","C0542223"
"335","2","5","7","53","51","342","454","573","492","C0542223"
"114327","2","3","12","11","142","225","142","220","298","C0542223"
"2334","2","5","7","53","14","20","25","40","186","C0542223"
"3973","2","5","4","68","96","326","427","548","672","C0542223"
"2068","2","3","12","19","31","261","116","159","211","C0542223"
"2796","2","5","4","68","96","326","427","548","672","C0542223"
"673","2","5","7","53","14","20","34","540","68","C0542223"
"2162","2","5","7","53","51","342","454","573","702","C0542223"
"4854","2","5","7","53","51","143","428","236","667","C0542223"
"8675","2","5","7","60","54","24","98","66","203","C0542223"
"10084","2","3","2","22","33","323","66","101","136","C0542346"
"1031","2","3","12","19","31","1","426","55","78","C0542346"
"2317","2","5","7","63","45","23","103","287","664","C0542346"
"4351","2","3","2","90","167","266","367","500","577","C0542346"
"3594","2","5","7","53","51","119","25","560","373","C0542346"
"3664","2","5","7","53","184","119","156","287","116","C0542346"
"3762","2","5","8","63","36","166","106","110","158","C0542346"
"7249","2","3","7","60","57","110","141","359","462","C0542346"
"2138","2","3","12","19","31","1","426","55","78","C0542346"
"4780","2","3","12","19","31","276","91","433","118","C0542346"
"5261","2","5","7","53","14","20","34","540","68","C0542514"
"6899","2","5","7","53","184","335","259","560","373","C0542514"
"2316","2","5","7","53","51","342","454","573","702","C0542514"
"3655","2","5","7","53","51","342","454","573","492","C0542514"
"94","2","5","7","53","51","342","259","423","389","C0542514"
"1612","2","3","12","53","14","20","34","540","68","C0542514"
"760","2","3","5","35","41","77","40","78","178","C0542514"
"22930","2","5","7","60","54","24","30","46","72","C0542514"
"1103","2","3","2","67","92","293","55","75","311","C0542514"
"5354","2","5","7","27","36","150","341","223","628","C0542514"
"3875","2","1","6","11","142","225","142","220","298","C0542514"
"5144","2","3","4","68","96","326","427","548","672","C0542514"
"4000","2","3","12","26","105","178","226","297","156","C0542514"
"9570","2","3","7","60","153","40","38","66","203","C0542514"
"51741","2","3","2","22","33","323","66","101","127","C0542514"
"53834","2","5","7","53","51","342","454","573","492","C0542514"
"54982","2","3","2","48","170","50","399","167","593","C0542514"
"3479","2","5","7","53","51","342","454","573","492","C0542514"
"540","2","5","8","63","45","23","103","464","187","C0542514"
"3930","2","3","2","22","33","323","66","3","464","C0542514"
"26227","2","3","2","41","137","44","208","81","108","C0542514"
"5290","2","3","7","53","14","20","25","40","186","C0542514"
"9759","2","3","12","19","31","276","91","433","118","C0542514"
"6557","2","5","8","45","94","199","240","415","666","C0542514"
"860","2","3","12","19","31","276","91","433","118","C0542514"
"2067","2","3","12","19","31","261","116","1","86","C0542514"
"55651","2","3","2","110","85","237","433","547","671","C0542514"
"5447","2","3","5","91","214","271","372","471","586","C0542514"
"2303","2","5","3","19","221","321","428","541","667","C0542514"
"7048","2","5","7","53","51","342","259","423","389","C0542514"
"3827","2","5","4","68","96","326","427","548","672","C0542514"
"11005","2","1","6","11","142","225","142","220","298","C0542514"
"8635","2","5","7","34","52","216","395","549","674","C0542518"
"546","2","3","12","19","31","261","426","1","86","C0542518"
"8644","2","3","2","46","175","227","167","224","301","C0542518"
"3914","2","5","7","53","51","342","454","573","492","C0542518"
"4750","2","5","12","76","14","20","34","540","68","C0542518"
"9463","2","5","7","42","36","71","177","223","219","C0542518"
"1499","2","3","12","19","221","197","259","560","422","C0542518"
"2624","2","3","12","19","31","1","155","287","116","C0542518"
"5889","2","3","12","19","31","261","116","1","86","C0542518"
"51750","2","3","12","19","31","261","116","1","86","C0542518"
"3081","2","3","2","91","51","3","267","308","429","C0542518"
"6154","2","3","2","110","85","237","433","547","671","C0542518"
"10262","2","3","2","22","33","323","66","101","136","C0542518"
"3482","2","5","7","34","52","216","395","544","669","C0542518"
"3596","2","5","7","53","51","119","25","489","416","C0542519"
"567","2","5","7","34","52","119","395","549","674","C0542519"
"5130","2","3","2","85","143","286","51","488","102","C0542519"
"2741","2","5","8","27","70","99","162","216","290","C0542519"
"9469","2","3","2","103","189","303","29","475","467","C0542519"
"6899","2","5","7","53","184","335","259","560","373","C0542519"
"1021","2","3","12","19","31","1","426","55","78","C0542519"
"7274","2","3","5","43","161","99","162","216","290","C0542519"
"8878","2","3","12","41","219","339","156","568","697","C0542519"
"2255","2","5","7","53","14","20","25","40","186","C0542519"
"7043","2","5","7","53","51","342","454","573","492","C0542519"
"60","2","3","12","60","45","184","155","287","78","C0542519"
"51364","2","3","6","11","142","225","142","220","298","C0542519"
"51259","2","3","2","76","153","40","38","54","75","C0542519"
"26277","2","3","12","19","31","1","426","1","78","C0542519"
"5077","2","3","3","19","221","321","428","541","667","C0542519"
"4671","2","3","12","41","219","339","156","568","697","C0542519"
"8626","2","3","3","19","221","321","428","541","667","C0542519"
"3791","2","5","7","53","51","342","454","573","492","C0542519"
"26119","2","5","7","60","14","184","341","544","669","C0542519"
"8799","2","3","5","43","161","305","409","208","482","C0542519"
"55612","2","5","7","60","36","71","177","560","701","C0542519"
"5077","2","3","3","19","221","321","428","541","667","C0542519"
"4688","2","5","7","60","14","20","25","40","215","C0542519"
"4000","2","3","12","26","105","178","226","297","156","C0542519"
"5251","2","3","5","80","81","296","474","593","722","C0542519"
"51010","2","3","2","110","85","237","433","547","671","C0542519"
"3115","2","5","7","53","184","119","156","287","116","C0542519"
"30061","2","3","5","25","44","165","101","274","358","C0542519"
"6239","2","3","12","19","119","330","214","454","144","C0542519"
"6785","2","3","5","67","7","5","239","311","393","C0542519"
"207","2","3","7","53","14","20","34","489","416","C0543541"
"2972","2","3","2","19","33","261","116","159","211","C0543541"
"2516","2","3","3","19","151","276","91","433","118","C0543541"
"4340","2","5","7","53","51","119","341","223","628","C0543541"
"30008","2","5","7","53","51","342","454","573","492","C0543541"
"4621","2","5","8","63","45","23","103","464","187","C0543541"
"4001","2","3","12","76","31","40","38","54","75","C0543541"
"84530","2","5","2","22","33","323","66","101","136","C0543541"
"10806","2","3","12","76","153","40","38","54","75","C0543541"
"5651","2","5","7","68","51","119","395","549","674","C0543541"
"182","2","5","7","53","51","143","428","236","667","C0543541"
"1293","2","5","7","53","51","342","454","573","492","C0543541"
"629","2","5","7","53","51","119","395","549","674","C0543859"
"1292","2","5","7","53","51","342","454","573","492","C0543859"
"207","2","3","7","53","14","20","34","489","416","C0543888"
"3440","2","3","12","19","184","118","155","287","116","C0543888"
"5290","2","3","7","53","14","20","25","40","186","C0543888"
"2162","2","5","7","53","51","342","454","573","702","C0543888"
"593","2","3","2","67","92","293","55","75","311","C0543888"
"6223","2","3","2","110","85","237","433","547","671","C0543888"
"4313","2","5","7","53","51","342","454","573","492","C0543888"
"50640","2","3","5","116","183","295","398","243","327","C0543888"
"55315","2","3","5","80","81","296","62","94","150","C0543888"
"2879","2","3","5","80","81","166","378","173","229","C0543888"
"23400","2","5","8","63","45","23","103","464","187","C0543888"
"5660","2","5","7","34","52","326","427","548","702","C0543888"
"4914","2","3","2","22","18","266","202","252","252","C0543888"
"6948","2","5","7","48","51","105","139","186","245","C0543888"
"23600","2","3","5","80","81","305","409","208","482","C0543888"
"6736","2","3","12","19","31","276","91","433","667","C0543888"
"1822","2","3","12","19","31","1","426","55","462","C0543888"
"2627","2","3","12","19","31","118","155","287","116","C0543888"
"1317","2","3","7","25","44","165","101","274","358","C0543888"
"10847","2","3","12","19","31","1","426","55","78","C0543888"
"1027","2","3","12","19","31","1","116","1","86","C0543888"
"5444","2","3","5","80","147","236","328","411","229","C0543888"
"10312","2","3","7","34","52","216","395","549","674","C0543888"
"1130","2","5","7","60","54","326","141","359","462","C0543888"
"3339","2","5","7","53","51","342","454","573","492","C0543888"
"5429","2","3","12","19","31","261","116","1","86","C0543888"
"2243","2","5","7","53","51","342","454","573","492","C0544755"
"11005","2","1","6","11","142","225","142","220","298","C0544755"
"54880","2","3","12","19","31","1","426","55","78","C0544755"
"1277","2","5","7","53","51","342","454","573","492","C0544755"
"9096","2","5","7","53","51","335","259","560","373","C0544755"
"1280","2","5","7","53","51","342","454","573","492","C0544755"
"1376","2","3","2","19","151","276","91","433","118","C0544755"
"4338","2","3","2","110","85","75","204","267","352","C0544755"
"8076","2","5","7","53","51","342","454","573","492","C0544755"
"5479","2","3","2","53","51","342","454","573","492","C0544755"
"8085","2","3","12","19","31","1","426","55","78","C0544755"
"1421","2","3","6","63","45","160","362","177","673","C0544755"
"2176","2","3","12","19","31","261","116","1","86","C0544755"
"9841","2","3","6","11","142","225","142","220","298","C0544755"
"4851","2","3","12","19","221","143","428","236","667","C0544755"
"51684","2","3","12","41","116","268","38","54","75","C0544755"
"6622","2","3","7","27","36","150","341","223","628","C0544755"
"51082","2","3","2","19","31","1","426","55","78","C0544755"
"5744","2","5","4","68","96","326","427","548","672","C0544755"
"51010","2","3","2","110","85","237","433","547","671","C0544755"
"4843","2","3","5","43","161","305","409","489","416","C0544755"
"87","2","5","7","53","51","342","454","573","702","C0544755"
"5155","2","5","7","53","51","342","454","573","186","C0544755"
"5354","2","5","7","27","36","150","341","223","628","C0544755"
"10225","2","5","7","53","51","119","395","549","674","C0544755"
"6324","2","5","7","63","36","166","341","223","158","C0544755"
"6575","2","3","8","45","94","199","240","415","666","C0544755"
"27316","2","3","2","22","33","323","66","101","136","C0544755"
"5159","2","5","7","53","14","20","25","40","186","C0544755"
"857","2","5","7","53","45","23","57","83","422","C0544820"
"6342","2","3","5","80","161","305","409","208","482","C0544820"
"5158","2","3","4","68","45","272","259","518","621","C0544820"
"5949","2","3","2","69","83","101","126","170","224","C0544820"
"2033","2","3","12","19","31","1","91","433","118","C0544820"
"695","2","5","7","53","14","20","25","40","186","C0544820"
"27031","2","3","6","11","142","225","38","331","506","C0544820"
"4914","2","3","2","22","18","266","202","252","252","C0544820"
"8626","2","3","3","19","221","321","428","541","667","C0544820"
"652","2","5","7","53","51","342","454","573","492","C0544820"
"351","2","5","4","68","96","326","188","145","193","C0544820"
"2108","2","3","2","48","170","50","119","444","556","C0544820"
"4000","2","3","12","26","105","178","226","297","156","C0544820"
"29926","2","3","2","68","66","123","158","207","278","C0544820"
"3295","2","3","5","43","161","305","409","208","482","C0544820"
"2516","2","3","3","19","151","276","91","433","118","C0544820"
"5727","2","3","12","68","221","197","259","560","422","C0544820"
"1736","2","3","2","110","85","237","433","547","671","C0544966"
"1594","2","3","5","92","163","96","363","460","487","C0544966"
"427","2","3","7","34","52","216","395","549","420","C0544966"
"5592","2","5","4","53","14","20","34","540","68","C0546125"
"3930","2","3","2","22","33","323","66","3","464","C0546125"
"2697","2","3","7","76","153","40","38","54","75","C0546125"
"7018","2","5","7","53","51","342","454","573","669","C0546125"
"6662","2","3","3","19","221","321","428","541","667","C0546125"
"1991","2","5","7","34","52","216","395","549","674","C0546125"
"6144","2","3","2","110","85","237","433","547","671","C0546264"
"4160","2","5","4","68","96","326","427","548","672","C0546264"
"2639","2","3","2","71","148","34","160","115","164","C0546264"
"10978","2","3","2","22","33","323","66","101","136","C0546264"
"3977","2","5","7","53","51","119","25","40","416","C0546264"
"6197","2","3","12","19","14","20","34","540","68","C0546264"
"5831","2","3","2","101","62","189","182","566","409","C0546264"
"1134","2","5","8","27","70","99","162","216","290","C0546297"
"1832","2","5","7","34","52","225","142","220","298","C0546297"
"836","2","3","12","41","219","339","402","489","697","C0546297"
"2332","2","3","2","22","33","71","373","466","609","C0546389"
"2138","2","3","12","19","31","1","426","55","78","C0546389"
"3748","2","5","8","63","36","166","106","110","158","C0546389"
"84062","2","5","7","60","18","184","341","544","669","C0546817"
"6908","2","3","12","19","31","1","116","159","211","C0546817"
"2146","2","3","12","19","31","1","426","55","78","C0546884"
"3190","2","3","2","22","33","323","66","101","136","C0546884"
"54345","2","5","3","19","221","321","428","541","667","C0546884"
"6414","2","5","7","53","51","342","454","573","702","C0546884"
"5159","2","5","7","53","14","20","25","40","186","C0546884"
"51206","2","5","7","53","51","119","454","573","492","C0546884"
"6337","2","5","8","63","45","23","34","464","187","C0546884"
"10484","2","3","7","60","153","40","38","54","203","C0546884"
"672","2","3","12","19","31","261","116","1","86","C0546964"
"857","2","5","7","53","45","23","57","83","422","C0546964"
"22930","2","5","7","60","54","24","30","46","72","C0546964"
"7020","2","3","12","19","31","276","91","433","664","C0546964"
"5336","2","3","7","53","14","20","25","40","215","C0546964"
"5605","2","5","7","53","14","20","34","540","68","C0546964"
"3938","2","3","5","80","81","337","448","565","562","C0546964"
"57817","2","5","7","34","51","342","350","243","561","C0546964"
"9210","2","5","7","53","51","342","454","573","492","C0546964"
"2263","2","5","7","53","14","20","25","40","186","C0546964"
"3691","2","5","7","53","51","342","454","573","492","C0546964"
"7469","2","3","12","19","31","261","116","159","211","C0546964"
"5428","2","3","2","48","170","50","119","167","593","C0546966"
"5993","2","3","12","19","31","1","426","55","78","C0546966"
"796","2","5","4","68","96","326","427","548","672","C0546966"
"5894","2","5","7","60","54","23","34","464","187","C0546966"
"6134","2","3","2","110","85","237","433","547","671","C0546967"
"2263","2","5","7","53","14","20","25","40","186","C0546967"
"79848","2","3","12","76","153","40","38","54","75","C0546967"
"10801","2","3","12","76","108","293","141","305","387","C0546967"
"2239","2","3","2","74","51","342","454","573","492","C0546967"
"860","2","3","12","19","31","276","91","433","118","C0546967"
"8450","2","3","12","41","116","268","434","468","213","C0546967"
"2690","2","5","7","53","14","20","25","40","186","C0546967"
"1277","2","5","7","53","51","342","454","573","492","C0546967"
"1235","2","5","4","68","96","326","427","548","672","C0546967"
"1312","2","3","2","87","79","105","426","129","25","C0546967"
"3040","2","5","5","53","51","342","40","78","178","C0546967"
"10021","2","5","8","63","36","166","106","110","158","C0546967"
"4157","2","5","4","68","96","326","427","548","672","C0546967"
"7737","2","3","12","22","33","268","434","468","213","C0546967"
"633","2","5","7","53","51","342","454","573","492","C0546967"
"2316","2","5","7","53","51","342","454","573","702","C0546967"
"6833","2","5","8","45","36","166","240","415","666","C0546967"
"51082","2","3","2","19","31","1","426","55","78","C0546967"
"3559","2","5","7","53","14","20","25","40","186","C0546967"
"3620","2","3","5","91","214","183","307","391","507","C0546967"
"337867","2","3","2","48","170","50","119","167","593","C0546967"
"2332","2","3","2","22","33","71","373","466","609","C0546967"
"6017","2","3","2","69","83","101","126","170","224","C0546967"
"2879","2","3","5","80","81","166","378","173","229","C0546967"
"3845","2","5","7","60","54","24","30","46","72","C0546967"
"6523","2","3","8","45","216","337","448","565","562","C0546967"
"2492","2","5","4","68","96","326","427","548","672","C0546967"
"5873","2","5","7","34","54","24","30","46","72","C0546968"
"7249","2","3","7","60","57","110","141","359","462","C0546968"
"1593","2","3","5","79","152","273","157","333","277","C0546969"
"759","2","3","5","35","41","77","40","572","22","C0546969"
"25974","2","3","7","48","51","105","139","186","245","C0546969"
"4000","2","3","12","26","105","178","226","297","156","C0546969"
"4854","2","5","7","53","51","143","428","236","667","C0546969"
"6654","2","5","7","60","54","24","30","46","72","C0546969"
"1956","2","5","7","53","14","184","45","544","669","C0546969"
"23533","2","3","2","53","14","20","25","362","468","C0546969"
"2146","2","3","12","19","31","1","426","55","78","C0546969"
"6391","2","3","2","48","170","50","119","444","556","C0546969"
"2158","2","5","7","68","51","119","395","549","674","C0546969"
"2717","2","3","7","34","52","216","395","549","674","C0546969"
"3848","2","5","7","34","52","225","142","220","298","C0546969"
"4867","2","5","7","76","153","40","38","54","75","C0546969"
"8139","2","3","12","41","116","268","434","468","213","C0546969"
"1032","2","3","12","19","31","1","426","55","78","C0546969"
"3815","2","5","7","53","14","20","25","40","186","C0546969"
"5339","2","5","7","53","51","342","454","573","492","C0546969"
"7461","2","3","7","60","153","40","38","93","75","C0546969"
"2055","2","3","2","27","36","150","402","223","628","C0546969"
"7468","2","3","12","19","31","1","426","55","78","C0546969"
"6785","2","3","5","67","7","5","239","311","393","C0546969"
"54928","2","3","2","37","105","92","113","154","201","C0546969"
"11340","2","3","2","110","85","237","433","547","671","C0546969"
"3758","2","5","8","63","36","166","106","110","158","C0546969"
"6309","2","3","5","19","151","76","48","69","204","C0546969"
"2184","2","3","5","76","153","138","236","332","407","C0546969"
"3651","2","3","3","19","221","321","428","541","667","C0548883"
"857","2","5","7","53","45","23","57","83","422","C0548883"
"1281","2","5","7","53","51","342","454","573","492","C0549306"
"729","2","5","7","53","51","119","395","549","219","C0549306"
"9927","2","3","12","19","31","118","155","287","116","C0549306"
"6557","2","5","8","45","94","199","240","415","666","C0549306"
"3094","2","3","2","48","170","266","367","500","78","C0549306"
"5034","2","5","7","53","51","342","454","573","492","C0549306"
"5193","2","3","5","43","161","305","409","208","482","C0549306"
"4288","2","3","12","76","153","40","38","54","75","C0549306"
"9896","2","3","5","80","81","296","399","201","274","C0549397"
"4137","2","3","7","27","36","150","341","223","628","C0549397"
"5826","2","3","7","48","161","105","139","186","245","C0549399"
"3576","2","5","4","68","96","326","427","548","672","C0549399"
"440","2","3","2","101","62","189","182","509","154","C0549399"
"4921","2","5","7","53","14","20","25","573","186","C0549399"
"207","2","3","7","53","14","20","34","489","416","C0549399"
"55612","2","5","7","60","36","71","177","560","701","C0549399"
"5982","2","3","12","19","31","261","116","1","86","C0549399"
"411","2","3","7","34","52","216","395","549","674","C0549399"
"1287","2","5","2","53","51","342","454","573","492","C0549448"
"51085","2","3","2","48","57","110","141","359","462","C0549448"
"2072","2","3","12","19","31","261","116","1","86","C0549448"
"54551","2","3","12","41","219","197","156","568","422","C0549448"
"9126","2","3","12","76","153","40","38","54","75","C0549448"
"3845","2","5","7","60","54","24","30","46","72","C0549448"
"1130","2","5","7","60","54","326","141","359","462","C0549463"
"6347","2","5","7","53","51","119","427","489","416","C0549463"
"5310","2","5","7","53","51","335","444","560","373","C0549473"
"51451","2","3","12","76","153","40","116","1","435","C0549473"
"1387","2","3","12","19","31","276","91","433","118","C0549473"
"875","2","3","5","80","137","44","21","451","316","C0549473"
"7436","2","5","7","53","51","342","341","544","669","C0549473"
"1513","2","5","7","53","51","342","454","573","492","C0549567"
"6557","2","5","8","45","94","199","240","415","666","C0549567"
"11234","2","3","5","60","18","184","341","544","669","C0549567"
"8085","2","3","12","19","31","1","426","55","78","C0549567"
"5605","2","5","7","53","14","20","34","540","68","C0549567"
"1861","2","5","7","60","14","184","341","544","669","C0549613"
"7259","2","3","12","19","31","1","426","55","78","C0549613"
"595","2","3","12","19","31","1","426","489","416","C0549613"
"2896","2","5","7","34","52","216","395","549","674","C0549613"
"4038","2","5","7","53","51","342","454","573","492","C0549613"
"3481","2","5","7","53","51","342","454","573","492","C0549613"
"5443","2","5","4","68","96","326","427","548","672","C0549613"
"7124","2","3","12","41","219","339","156","568","697","C0549613"
"1387","2","3","12","19","31","276","91","433","118","C0549613"
"860","2","3","12","19","31","276","91","433","118","C0549613"
"25978","2","3","2","48","57","110","141","359","462","C0549613"
"3763","2","5","8","63","36","166","106","110","158","C0549613"
"5663","2","5","7","34","52","216","395","549","667","C0549613"
"6323","2","5","8","63","36","166","341","390","158","C0549613"
"8085","2","3","12","19","31","1","426","55","78","C0549613"
"4015","2","5","7","53","51","342","454","573","492","C0549613"
"3763","2","5","8","63","36","166","106","110","158","C0553580"
"11234","2","3","5","60","18","184","341","544","669","C0553580"
"5144","2","3","4","68","96","326","427","548","672","C0553580"
"3239","2","3","3","19","221","321","428","541","667","C0553580"
"3981","2","3","12","19","31","261","116","1","86","C0553580"
"4647","2","5","7","60","83","101","126","170","224","C0553580"
"4803","2","5","7","60","54","24","30","46","72","C0553580"
"6473","2","3","3","19","221","321","428","541","667","C0553580"
"2177","2","3","2","110","90","261","431","545","443","C0553586"
"54790","2","3","12","19","31","1","426","55","78","C0553586"
"11155","2","5","7","63","45","23","103","464","187","C0553604"
"546","2","3","12","19","31","261","426","1","86","C0553604"
"10585","2","5","2","27","206","324","430","215","290","C0553681"
"27032","2","5","8","63","45","23","103","464","187","C0553681"
"4436","2","3","12","19","31","261","116","1","86","C0553681"
"5244","2","3","3","41","151","276","91","433","118","C0553681"
"7486","2","3","12","19","31","261","116","1","86","C0553692"
"7066","2","5","7","53","51","119","25","573","416","C0553692"
"5002","2","5","8","45","94","199","240","415","666","C0553692"
"3952","2","5","3","53","151","276","91","433","118","C0553692"
"4538","2","3","2","48","170","50","119","444","556","C0553692"
"4929","2","3","3","19","151","276","91","433","118","C0553692"
"3161","2","3","12","76","153","40","38","54","75","C0553692"
"6231","2","3","2","110","85","237","433","547","671","C0553692"
"5034","2","5","7","53","51","342","454","573","492","C0553692"
"4598","2","3","2","19","151","276","198","259","427","C0553692"
"2741","2","5","8","27","70","99","162","216","290","C0553692"
"10371","2","5","7","53","51","342","79","560","373","C0553692"
"9414","2","5","7","42","36","71","177","223","219","C0553692"
"675","2","3","12","19","31","261","116","1","86","C0553692"
"10084","2","3","2","22","33","323","66","101","136","C0553706"
"10269","2","3","2","48","182","50","119","444","556","C0553706"
"27443","2","3","12","19","31","1","426","55","78","C0553706"
"10008","2","5","8","63","36","166","341","223","158","C0553706"
"54820","2","3","12","76","153","40","38","54","75","C0553706"
"9444","2","3","2","22","33","323","66","101","214","C0553706"
"4990","2","3","3","19","221","321","428","541","667","C0553706"
"58","2","5","8","63","45","23","103","464","187","C0553706"
"5077","2","3","3","19","221","321","428","541","667","C0553706"
"2153","2","5","7","53","51","342","454","573","492","C0553706"
"1956","2","5","7","53","14","184","45","544","669","C0553706"
"1308","2","5","7","53","51","119","454","573","492","C0553706"
"4893","2","5","7","34","52","24","30","46","72","C0553706"
"7374","2","3","12","19","31","261","116","1","86","C0553706"
"29108","2","5","7","34","52","216","395","549","674","C0553720"
"23417","2","3","2","43","161","305","409","208","482","C0553720"
"3952","2","5","3","53","151","276","91","433","118","C0553720"
"54880","2","3","12","19","31","1","426","55","78","C0553720"
"2896","2","5","7","34","52","216","395","549","674","C0553720"
"3604","2","3","12","41","219","339","156","568","697","C0553723"
"64327","2","5","4","68","96","326","427","548","672","C0553723"
"6473","2","3","3","19","221","321","428","541","667","C0553723"
"7169","2","5","8","63","45","23","103","464","187","C0553723"
"5318","2","1","6","11","142","225","142","220","298","C0553723"
"10060","2","3","8","41","45","23","423","464","445","C0553723"
"1758","2","5","7","53","51","342","454","573","492","C0553723"
"4539","2","3","2","53","184","86","107","560","195","C0553723"
"7471","2","5","3","68","221","197","259","560","422","C0553723"
"9657","2","3","12","76","153","40","38","54","75","C0553723"
"1289","2","5","7","53","51","342","454","573","492","C0553723"
"2316","2","5","7","53","51","342","454","573","702","C0553730"
"2317","2","5","7","63","45","23","103","287","664","C0553730"
"9652","2","3","2","110","85","237","433","547","671","C0553730"
"5830","2","3","5","43","161","305","409","208","482","C0553730"
"3284","2","3","2","69","98","169","299","183","243","C0553730"
"4000","2","3","12","26","105","178","226","297","156","C0553730"
"3845","2","5","7","60","54","24","30","46","72","C0553730"
"4703","2","5","7","60","45","23","103","464","187","C0553730"
"1890","2","3","5","80","81","296","62","94","150","C0553730"
"2218","2","5","2","53","123","194","255","560","373","C0553730"
"29078","2","3","2","48","170","50","119","444","556","C0553730"
"7068","2","3","3","19","151","276","91","433","118","C0553730"
"5250","2","3","2","48","170","50","119","444","593","C0553730"
"2314","2","3","12","63","45","184","103","572","658","C0553980"
"5649","2","5","7","53","51","342","444","560","373","C0553980"
"9927","2","3","12","19","31","118","155","287","116","C0553980"
"204","2","3","4","72","109","182","235","307","506","C0553980"
"5009","2","3","2","48","97","50","304","167","593","C0553980"
"9992","2","5","8","63","36","166","341","110","158","C0553980"
"144100","2","3","7","63","45","184","103","572","658","C0553980"
"3561","2","5","7","53","14","20","25","40","186","C0553980"
"1030","2","3","12","19","31","1","426","55","78","C0553980"
"7468","2","3","12","19","31","1","426","55","78","C0553980"
"1497","2","5","2","63","182","50","103","297","628","C0553982"
"2697","2","3","7","76","153","40","38","54","75","C0553982"
"23118","2","3","12","41","219","339","156","568","697","C0553982"
"23322","2","3","12","76","153","40","38","54","75","C0553982"
"3977","2","5","7","53","51","119","25","40","416","C0553982"
"1146","2","5","8","27","70","99","162","216","290","C0553982"
"94","2","5","7","53","51","342","259","423","389","C0553982"
"54209","2","5","7","53","51","119","395","549","674","C0553982"
"3952","2","5","3","53","151","276","91","433","118","C0553982"
"53834","2","5","7","53","51","342","454","573","492","C0553982"
"4882","2","3","4","68","96","326","427","548","672","C0553982"
"3663","2","3","12","53","184","119","156","287","116","C0553982"
"10716","2","5","7","53","51","335","444","560","373","C0553982"
"5573","2","3","12","19","184","118","155","287","116","C0553982"
"54345","2","5","3","19","221","321","428","541","667","C0553982"
"547","2","3","7","76","153","40","38","54","75","C0553982"
"2074","2","3","12","19","31","1","426","55","78","C0554101"
"10913","2","3","12","41","219","339","156","568","697","C0554101"
"2316","2","5","7","53","51","342","454","573","702","C0554101"
"5071","2","3","12","41","116","268","434","468","213","C0554101"
"472","2","3","12","19","31","261","116","1","86","C0554101"
"2006","2","5","7","53","51","342","454","573","492","C0554101"
"1836","2","3","2","35","41","94","260","330","375","C0554101"
"4893","2","5","7","34","52","24","30","46","72","C0554101"
"79048","2","3","2","110","85","237","433","547","671","C0554101"
"3313","2","3","2","48","170","50","304","167","593","C0554101"
"4256","2","5","7","53","51","342","454","573","492","C0554101"
"51119","2","3","2","110","85","237","433","547","671","C0554101"
"9451","2","3","2","110","51","335","226","297","380","C0554101"
"1144","2","5","8","27","70","99","162","216","290","C0554101"
"6794","2","3","12","53","14","20","34","540","68","C0554101"
"2261","2","5","7","53","14","20","25","40","186","C0554101"
"30817","2","5","3","68","221","197","259","560","422","C0554103"
"210","2","3","7","34","52","216","395","549","674","C0554103"
"5604","2","5","7","53","14","20","34","540","68","C0554103"
"24","2","3","12","41","116","268","423","536","445","C0554103"
"25978","2","3","2","48","57","110","141","359","462","C0554103"
"1717","2","3","2","19","151","276","48","69","204","C0556385"
"215","2","3","5","47","144","185","238","310","392","C0556385"
"2200","2","5","7","53","51","342","454","573","492","C0556385"
"9968","2","4","3","24","119","330","214","454","144","C0558165"
"6247","2","5","7","53","51","342","454","573","492","C0558165"
"183","2","5","4","68","96","326","427","548","672","C0558165"
"10806","2","3","12","76","153","40","38","54","75","C0558165"
"1811","2","5","8","35","41","199","40","415","666","C0558165"
"54657","2","3","2","78","205","207","67","355","138","C0558165"
"3758","2","5","8","63","36","166","106","110","158","C0558165"
"590","2","3","5","85","143","286","51","488","604","C0558165"
"2218","2","5","2","53","123","194","255","560","373","C0558165"
"29760","2","5","7","53","14","20","25","40","186","C0558165"
"10483","2","3","7","60","54","24","30","46","72","C0558165"
"2316","2","5","7","53","51","342","454","573","702","C0558165"
"1106","2","3","12","19","31","1","426","55","78","C0558165"
"368","2","3","12","41","116","268","423","536","445","C0558165"
"25978","2","3","2","48","57","110","141","359","462","C0558242"
"940","2","5","7","53","14","20","25","40","186","C0558242"
"23230","2","5","7","11","142","71","341","560","219","C0558242"
"27235","2","3","2","48","170","50","304","167","593","C0558242"
"4014","2","1","6","11","142","225","142","220","298","C0558242"
"8929","2","3","3","19","221","321","428","541","667","C0558242"
"2099","2","3","12","19","151","276","91","433","118","C0558242"
"10733","2","3","12","76","153","40","38","54","75","C0558242"
"2720","2","3","7","34","52","216","395","21","599","C0558242"
"7020","2","3","12","19","31","276","91","433","664","C0558242"
"23111","2","3","12","41","219","339","156","568","697","C0558845"
"1302","2","5","7","53","51","342","454","573","492","C0558845"
"10381","2","3","12","76","153","40","38","54","75","C0558845"
"1643","2","3","12","41","116","268","434","468","213","C0558845"
"5447","2","3","5","91","214","271","372","471","586","C0558845"
"2261","2","5","7","53","14","20","25","40","186","C0558845"
"1437","2","5","7","53","14","20","25","40","186","C0558845"
"6786","2","5","8","63","45","23","103","464","187","C0558845"
"9582","2","3","12","76","153","40","38","54","75","C0560346"
"6521","2","5","8","35","41","199","40","415","666","C0560346"
"3630","2","5","7","53","14","20","25","40","186","C0560346"
"7476","2","5","3","68","221","197","259","560","422","C0560346"
"9897","2","3","12","76","18","75","38","1","212","C0560346"
"51151","2","3","5","23","18","138","250","332","407","C0560346"
"9569","2","3","12","19","31","276","91","433","118","C0560346"
"977","2","5","7","53","51","342","454","573","492","C0563243"
"4536","2","3","2","48","170","50","119","444","556","C0563243"
"1280","2","5","7","53","51","342","454","573","492","C0563243"
"4625","2","3","8","63","45","23","103","464","187","C0563243"
"5009","2","3","2","48","97","50","304","167","593","C0563243"
"4791","2","3","12","41","219","339","156","568","697","C0563243"
"5048","2","3","12","76","153","40","38","54","75","C0563243"
"843","2","3","12","41","219","339","156","568","697","C0563243"
"4625","2","3","8","63","45","23","103","464","187","C0563243"
"6197","2","3","12","19","14","20","34","540","68","C0563243"
"10020","2","3","2","89","124","204","42","452","258","C0563243"
"5830","2","3","5","43","161","305","409","208","482","C0563449"
"23299","2","3","12","76","153","40","38","54","75","C0563449"
"27077","2","3","12","76","153","40","38","54","75","C0563449"
"79083","2","5","5","60","54","71","155","488","212","C0563449"
"4534","2","3","5","80","81","296","399","362","468","C0564408"
"3207","2","3","3","19","221","321","428","541","667","C0564408"
"51119","2","3","2","110","85","237","433","547","671","C0564408"
"3689","2","5","7","34","52","216","395","549","674","C0564408"
"3480","2","5","7","53","14","20","25","40","186","C0564408"
"5602","2","3","12","19","14","150","34","540","68","C0564408"
"5191","2","3","5","43","161","305","409","208","482","C0566602"
"9394","2","3","2","74","58","112","148","193","263","C0566602"
"2316","2","5","7","53","51","342","454","573","702","C0566602"
"51715","2","5","7","60","54","24","30","46","72","C0566693"
"5077","2","3","3","19","221","321","428","541","667","C0566693"
"1956","2","5","7","53","14","184","45","544","669","C0566694"
"6299","2","3","12","19","221","321","428","541","667","C0566694"
"3459","2","5","7","53","184","119","156","287","116","C0566694"
"3897","2","5","7","53","51","335","444","560","373","C0566694"
"3753","2","5","8","63","36","166","341","223","158","C0566888"
"7468","2","3","12","19","31","1","426","55","78","C0566888"
"3284","2","3","2","69","98","169","299","183","243","C0566888"
"3123","2","5","7","53","51","119","156","287","116","C0566888"
"4036","2","5","7","60","14","184","341","544","669","C0566888"
"3458","2","5","7","53","184","119","156","287","116","C0566888"
"5157","2","5","7","80","81","342","367","500","577","C0566899"
"1813","2","5","4","68","96","326","427","548","672","C0566899"
"8450","2","3","12","41","116","268","434","468","213","C0566899"
"55624","2","3","2","78","123","194","255","215","412","C0566899"
"51204","2","3","2","48","170","50","119","444","556","C0566899"
"9990","2","5","8","45","94","199","240","415","666","C0566899"
"27232","2","3","2","19","31","105","106","14","7","C0566899"
"8600","2","5","7","41","219","339","156","568","697","C0566899"
"2671","2","3","2","48","170","50","304","167","593","C0566899"
"8241","2","3","2","22","33","323","66","101","136","C0566899"
"1813","2","5","4","68","96","326","427","548","672","C0566899"
"9049","2","3","3","41","151","276","378","271","356","C0566899"
"9817","2","3","12","41","116","268","434","468","213","C0566899"
"4540","2","3","2","48","170","50","119","444","556","C0566899"
"10269","2","3","2","48","182","50","119","444","556","C0566899"
"10262","2","3","2","22","33","323","66","101","136","C0566899"
"4261","2","3","12","53","184","119","156","287","116","C0574769"
"7355","2","3","2","78","206","324","430","429","544","C0574769"
"9719","2","5","7","53","51","342","454","573","492","C0574769"
"3952","2","5","3","53","151","276","91","433","118","C0574769"
"9401","2","3","12","76","31","261","116","1","86","C0574769"
"1432","2","3","7","34","52","216","34","540","68","C0575059"
"5167","2","3","5","32","93","163","207","303","126","C0575059"
"2261","2","5","7","53","14","20","25","40","186","C0575059"
"9469","2","3","2","103","189","303","29","475","467","C0575059"
"54332","2","3","2","60","170","40","98","66","203","C0575059"
"3617","2","5","7","86","221","321","454","311","518","C0575059"
"5913","2","5","7","27","36","71","341","223","219","C0575059"
"583","2","3","12","76","153","40","38","54","75","C0575059"
"7248","2","3","2","48","57","110","141","359","462","C0575059"
"10564","2","5","7","60","54","24","30","46","72","C0575059"
"4256","2","5","7","53","51","342","454","573","492","C0575059"
"1636","2","3","5","80","81","166","397","418","568","C0575059"
"79001","2","5","2","48","52","342","240","569","666","C0575071"
"778","2","5","8","63","36","166","341","223","158","C0575071"
"3032","2","3","2","48","57","38","347","12","145","C0575071"
"7306","2","5","5","23","18","138","250","332","407","C0575071"
"27077","2","3","12","76","153","40","38","54","75","C0575071"
"10269","2","3","2","48","182","50","119","444","556","C0575071"
"4540","2","3","2","48","170","50","119","444","556","C0575071"
"3561","2","5","7","53","14","20","25","40","186","C0575071"
"79001","2","5","2","48","52","342","240","569","666","C0575071"
"2074","2","3","12","19","31","1","426","55","78","C0575071"
"324","2","3","12","41","219","197","70","255","422","C0575071"
"5189","2","3","5","43","161","305","409","208","482","C0575071"
"3119","2","5","7","53","153","119","156","287","116","C0575071"
"5696","2","3","12","41","116","268","156","568","116","C0575071"
"5468","2","3","3","19","151","276","91","433","118","C0575071"
"1301","2","5","7","53","51","342","454","573","492","C0575071"
"5290","2","3","7","53","14","20","25","40","186","C0575071"
"1491","2","3","2","14","156","168","117","7","111","C0575071"
"4513","2","3","2","48","170","110","141","359","532","C0575071"
"6261","2","5","8","63","45","23","34","464","187","C0575071"
"6329","2","5","8","63","36","166","341","390","158","C0575071"
"9487","2","3","5","80","81","142","176","235","317","C0575071"
"54903","2","3","12","76","153","40","38","54","75","C0575071"
"9652","2","3","2","110","85","237","433","547","671","C0575071"
"6514","2","5","7","90","216","337","448","565","562","C0575167"
"6303","2","3","2","67","118","160","261","188","423","C0575167"
"9096","2","5","7","53","51","335","259","560","373","C0575167"
"341640","2","5","7","53","51","335","444","560","373","C0575167"
"7042","2","5","7","53","51","342","454","573","492","C0575167"
"8287","2","3","12","41","219","339","156","568","605","C0575167"
"79644","2","3","2","69","68","125","161","214","288","C0575167"
"8200","2","5","7","53","51","342","259","423","389","C0575167"
"11280","2","5","8","63","36","166","341","390","158","C0575167"
"9896","2","3","5","80","81","296","399","201","274","C0575167"
"6330","2","5","8","63","36","166","341","223","158","C0575167"
"6909","2","5","7","53","51","335","444","560","373","C0575167"
"4990","2","3","3","19","221","321","428","541","667","C0575167"
"358","2","3","5","80","81","166","397","374","486","C0575167"
"5896","2","3","12","41","116","268","434","568","605","C0575167"
"29887","2","3","7","60","18","110","141","198","270","C0575167"
"3091","2","3","12","41","116","276","91","433","605","C0575167"
"1910","2","5","4","68","96","326","427","548","672","C0575167"
"2263","2","5","7","53","14","20","25","40","186","C0575167"
"226","2","5","7","34","52","216","395","549","702","C0575170"
"23347","2","3","12","41","116","268","434","468","213","C0575170"
"3753","2","5","8","63","36","166","341","223","158","C0575497"
"8505","2","3","12","19","31","261","116","1","86","C0575497"
"2812","2","5","7","53","51","342","454","573","492","C0575497"
"9662","2","3","12","76","153","40","38","54","75","C0575497"
"3909","2","5","7","53","51","342","454","573","492","C0575497"
"5745","2","5","4","68","96","326","427","548","672","C0575535"
"29123","2","3","12","19","151","276","91","433","118","C0575535"
"4010","2","3","3","19","221","321","428","541","667","C0575535"
"3735","2","3","2","110","85","237","433","252","154","C0575535"
"23384","2","3","12","63","45","184","103","572","658","C0575803"
"5449","2","3","3","19","221","321","428","541","667","C0575803"
"9607","2","5","4","68","96","326","427","548","672","C0575897"
"54806","2","5","7","76","153","40","38","54","75","C0575897"
"51741","2","3","2","22","33","323","66","101","127","C0575897"
"51024","2","3","2","48","170","305","409","208","482","C0576225"
"6335","2","5","8","63","36","166","341","390","158","C0576225"
"4359","2","5","7","53","51","342","454","573","492","C0576225"
"4519","2","3","2","48","170","50","119","508","312","C0576225"
"775","2","5","8","63","36","166","341","223","158","C0576225"
"5155","2","5","7","53","51","342","454","573","186","C0576225"
"7287","2","5","7","11","142","71","341","560","219","C0576225"
"7249","2","3","7","60","57","110","141","359","462","C0576225"
"4920","2","5","7","53","14","20","259","560","373","C0576227"
"23064","2","3","6","11","31","261","142","220","664","C0576227"
"4000","2","3","12","26","105","178","226","297","156","C0576227"
"4683","2","3","12","19","31","261","116","1","86","C0576860"
"4311","2","5","7","34","52","216","395","549","674","C0576860"
"10008","2","5","8","63","36","166","341","223","158","C0576860"
"135138","2","3","12","76","153","40","38","54","75","C0576860"
"538","2","3","8","63","45","23","103","464","187","C0576860"
"5443","2","5","4","68","96","326","427","548","672","C0576860"
"7421","2","3","3","19","151","276","91","433","118","C0576860"
"2132","2","3","2","74","58","112","148","193","263","C0576860"
"51524","2","5","7","45","94","199","240","415","666","C0576860"
"6335","2","5","8","63","36","166","341","390","158","C0576860"
"2263","2","5","7","53","14","20","25","40","186","C0576860"
"1583","2","3","5","79","152","273","375","100","589","C0576860"
"1027","2","3","12","19","31","1","116","1","86","C0576860"
"7136","2","5","8","63","45","23","103","464","187","C0578531"
"3586","2","5","7","53","51","119","25","489","416","C0578531"
"8291","2","5","8","63","45","23","103","464","187","C0578626"
"4038","2","5","7","53","51","342","454","573","492","C0578626"
"2299","2","3","3","19","221","321","428","541","667","C0578626"
"5631","2","3","2","72","119","109","266","336","452","C0578626"
"8642","2","5","7","53","51","335","444","560","373","C0578626"
"6913","2","3","3","19","221","321","428","541","667","C0578626"
"6331","2","5","8","63","36","166","341","223","158","C0578626"
"4524","2","3","2","15","166","104","369","117","583","C0578626"
"4988","2","5","4","68","96","326","427","548","672","C0578626"
"91039","2","3","2","80","85","148","129","252","154","C0578626"
"4621","2","5","8","63","45","23","103","464","187","C0578626"
"6674","2","3","12","48","57","50","38","54","462","C0578626"
"5468","2","3","3","19","151","276","91","433","118","C0578626"
"6654","2","5","7","60","54","24","30","46","72","C0578626"
"1536","2","5","7","34","52","216","395","549","674","C0578626"
"4853","2","3","12","19","124","143","428","236","667","C0578626"
"351","2","5","4","68","96","326","188","145","193","C0578626"
"1145","2","5","8","27","70","99","162","216","290","C0578682"
"7015","2","3","12","19","31","1","426","55","78","C0578682"
"673","2","5","7","53","14","20","34","540","68","C0578682"
"2592","2","3","2","68","117","196","257","326","419","C0578682"
"8820","2","3","3","19","221","321","428","541","667","C0578682"
"6927","2","3","3","19","221","321","428","541","667","C0578682"
"3559","2","5","7","53","14","20","25","40","186","C0578682"
"50964","2","5","3","68","221","197","259","423","422","C0578682"
"5961","2","5","7","27","51","326","126","414","702","C0578682"
"10585","2","5","2","27","206","324","430","215","290","C0578682"
"7291","2","3","12","19","151","276","91","489","416","C0578682"
"4728","2","3","2","48","170","50","119","444","556","C0578682"
"5192","2","3","5","43","161","305","409","208","482","C0578682"
"9401","2","3","12","76","31","261","116","1","86","C0578878"
"3624","2","5","7","53","51","342","259","423","389","C0578878"
"788","2","3","2","45","151","199","240","415","666","C0578878"
"546","2","3","12","19","31","261","426","1","86","C0581342"
"9575","2","3","3","19","151","276","91","433","118","C0581342"
"204219","2","3","2","50","47","39","100","321","255","C0581342"
"3664","2","5","7","53","184","119","156","287","116","C0581342"
"4512","2","3","2","48","170","110","141","359","8","C0581342"
"6392","2","3","2","48","170","50","119","444","556","C0581342"
"2353","2","3","12","19","31","1","91","489","416","C0581342"
"8216","2","3","12","41","119","330","214","454","144","C0581342"
"6776","2","5","7","53","14","20","25","40","186","C0581342"
"7994","2","3","12","19","31","1","426","55","78","C0581342"
"715","2","5","7","53","51","119","395","549","674","C0581342"
"8200","2","5","7","53","51","342","259","423","389","C0581342"
"2178","2","3","12","19","31","261","116","1","86","C0581342"
"1292","2","5","7","53","51","342","454","573","492","C0581342"
"1281","2","5","7","53","51","342","454","573","492","C0581342"
"55325","2","5","7","34","181","23","119","544","187","C0581342"
"7466","2","5","7","53","51","342","454","573","492","C0581342"
"5627","2","5","7","53","51","342","454","573","702","C0581342"
"51715","2","5","7","60","54","24","30","46","72","C0581342"
"9401","2","3","12","76","31","261","116","1","86","C0581342"
"6786","2","5","8","63","45","23","103","464","187","C0581342"
"5244","2","3","3","41","151","276","91","433","118","C0581342"
"5832","2","3","2","101","62","189","182","509","252","C0581342"
"6638","2","3","2","22","33","323","66","101","136","C0581342"
"7099","2","5","7","41","219","339","156","568","697","C0581342"
"1832","2","5","7","34","52","225","142","220","298","C0581342"
"6628","2","3","2","22","33","323","66","101","136","C0581342"
"7274","2","3","5","43","161","99","162","216","290","C0581342"
"7021","2","3","12","19","31","261","91","433","664","C0581354"
"720","2","5","7","53","51","342","454","573","492","C0581354"
"23405","2","3","2","22","33","323","66","146","194","C0581354"
"54453","2","5","7","60","54","24","30","46","72","C0581354"
"4689","2","5","7","60","14","20","25","40","215","C0581354"
"4803","2","5","7","60","54","24","30","46","72","C0581354"
"2099","2","3","12","19","151","276","91","433","118","C0581354"
"355","2","3","7","41","219","339","156","568","697","C0581354"
"7431","2","3","12","41","45","23","103","489","416","C0581354"
"54941","2","3","12","41","116","268","434","468","213","C0581354"
"6335","2","5","8","63","36","166","341","390","158","C0581354"
"55505","2","3","2","110","85","237","433","547","671","C0581354"
"7148","2","5","7","53","51","342","454","573","492","C0581354"
"7157","2","3","12","19","31","261","402","489","551","C0581354"
"8139","2","3","12","41","116","268","434","468","213","C0581354"
"1140","2","5","8","27","70","99","162","216","290","C0581354"
"9569","2","3","12","19","31","276","91","433","118","C0581354"
"23495","2","3","12","41","219","339","156","568","697","C0581354"
"2301","2","5","6","11","142","225","142","220","673","C0581354"
"54551","2","3","12","41","219","197","156","568","422","C0581354"
"5913","2","5","7","27","36","71","341","223","219","C0581354"
"1938","2","3","7","34","52","216","395","549","671","C0581354"
"9820","2","3","12","41","116","268","434","468","213","C0581381"
"2626","2","3","12","19","31","118","155","287","116","C0581381"
"7704","2","3","12","41","116","268","434","468","213","C0581381"
"10262","2","3","2","22","33","323","66","101","136","C0581381"
"10577","2","5","7","34","52","216","395","549","674","C0581381"
"7043","2","5","7","53","51","342","454","573","492","C0581381"
"5696","2","3","12","41","116","268","156","568","116","C0581381"
"5376","2","5","7","53","51","342","454","573","492","C0581381"
"2879","2","3","5","80","81","166","378","173","229","C0581381"
"10165","2","3","2","48","170","50","304","167","593","C0581381"
"9420","2","3","5","79","159","256","215","282","366","C0581381"
"5190","2","3","5","43","161","305","409","208","482","C0581381"
"54880","2","3","12","19","31","1","426","55","78","C0581381"
"2475","2","3","2","48","57","110","141","359","462","C0581381"
"207","2","3","7","53","14","20","34","489","416","C0581381"
"950","2","5","7","60","14","184","341","544","669","C0581381"
"4221","2","3","12","19","31","342","454","573","492","C0581381"
"5906","2","5","7","34","52","216","30","46","72","C0581381"
"1644","2","3","2","88","79","239","333","258","345","C0581381"
"8892","2","3","2","110","85","237","433","547","671","C0581381"
"51626","2","3","12","76","153","40","38","54","75","C0581381"
"9051","2","5","7","60","14","20","25","40","215","C0581391"
"1291","2","5","7","53","51","342","454","573","492","C0581391"
"5238","2","3","2","80","141","221","111","385","501","C0584837"
"51314","2","3","2","76","153","178","378","54","229","C0584837"
"2313","2","3","12","19","31","276","91","433","118","C0584837"
"4000","2","3","12","26","105","178","226","297","156","C0584837"
"153","2","5","4","68","96","326","427","548","672","C0584837"
"8292","2","5","5","27","51","342","454","573","492","C0584837"
"1962","2","3","5","43","161","305","409","208","482","C0584837"
"8626","2","3","3","19","221","321","428","541","667","C0584837"
"2623","2","3","12","19","31","1","155","287","116","C0584837"
"6608","2","3","3","68","221","321","428","560","667","C0584837"
"6495","2","3","3","19","221","321","428","541","667","C0584837"
"10585","2","5","2","27","206","324","430","215","290","C0586323"
"10908","2","3","2","97","173","275","377","473","592","C0586323"
"2554","2","5","8","27","70","99","162","216","290","C0586553"
"5728","2","3","5","80","81","339","156","568","605","C0586553"
"2155","2","5","7","53","51","119","454","549","674","C0586553"
"6949","2","3","2","110","85","237","164","390","311","C0586553"
"6390","2","3","2","48","170","50","119","444","556","C0586553"
"5604","2","5","7","53","14","20","34","540","68","C0586553"
"6197","2","3","12","19","14","20","34","540","68","C0586553"
"1409","2","3","12","76","153","40","38","54","75","C0586553"
"4137","2","3","7","27","36","150","341","223","628","C0587246"
"8777","2","5","7","42","36","71","177","223","219","C0587246"
"2068","2","3","12","19","31","261","116","159","211","C0587246"
"9333","2","1","6","11","142","225","142","220","298","C0587246"
"4313","2","5","7","53","51","342","454","573","492","C0587246"
"8076","2","5","7","53","51","342","454","573","492","C0587246"
"10269","2","3","2","48","182","50","119","444","556","C0587246"
"1548","2","3","5","91","214","226","326","447","586","C0587246"
"6664","2","3","3","19","221","321","428","541","667","C0587246"
"5290","2","3","7","53","14","20","25","40","186","C0587246"
"10243","2","3","2","27","91","71","204","267","352","C0587246"
"5071","2","3","12","41","116","268","434","468","213","C0587246"
"51124","2","5","4","68","96","326","427","548","672","C0587246"
"57822","2","3","12","19","31","1","426","55","78","C0587246"
"2737","2","3","12","19","116","321","428","54","667","C0587246"
"7297","2","5","7","53","184","119","25","40","186","C0587246"
"5443","2","5","4","68","96","326","427","548","672","C0587246"
"4524","2","3","2","15","166","104","369","117","583","C0587246"
"3694","2","5","7","53","51","342","454","573","492","C0587246"
"2317","2","5","7","63","45","23","103","287","664","C0587246"
"5328","2","5","7","34","52","216","395","549","674","C0587246"
"4609","2","3","12","19","31","1","160","107","416","C0587248"
"55505","2","3","2","110","85","237","433","547","671","C0587248"
"51085","2","3","2","48","57","110","141","359","462","C0587248"
"9705","2","5","7","27","36","150","341","223","628","C0587248"
"5727","2","3","12","68","221","197","259","560","422","C0587248"
"4125","2","3","7","34","52","216","395","549","674","C0587248"
"9791","2","3","8","45","94","199","240","415","666","C0588008"
"6870","2","5","4","68","96","326","427","548","672","C0588008"
"1001","2","5","7","53","51","335","444","560","373","C0588008"
"2263","2","5","7","53","14","20","25","40","186","C0588008"
"10161","2","5","4","68","96","326","427","548","672","C0588008"
"2516","2","3","3","19","151","276","91","433","118","C0588008"
"1760","2","5","8","63","14","20","34","540","68","C0595901"
"2201","2","5","7","53","51","342","454","573","492","C0595901"
"9533","2","3","2","19","31","1","426","55","78","C0595901"
"1487","2","3","12","19","31","1","426","55","340","C0595901"
"85480","2","3","12","53","14","20","25","40","186","C0595901"
"79734","2","5","8","63","36","166","106","110","158","C0595901"
"3073","2","3","5","105","155","250","291","152","420","C0595929"
"5332","2","3","4","68","96","326","427","548","672","C0595929"
"51741","2","3","2","22","33","323","66","101","127","C0595929"
"6662","2","3","3","19","221","321","428","541","667","C0595929"
"5340","2","5","7","53","51","342","454","573","492","C0595929"
"7124","2","3","12","41","219","339","156","568","697","C0595929"
"1174","2","5","7","60","153","184","341","544","669","C0595929"
"6392","2","3","2","48","170","50","119","444","556","C0595929"
"1244","2","3","12","41","116","268","423","536","445","C0595929"
"2495","2","3","7","34","52","216","395","274","358","C0595929"
"6885","2","3","12","41","219","339","156","568","697","C0595929"
"10525","2","3","2","110","105","178","226","297","380","C0595929"
"2121","2","3","12","41","116","268","434","568","605","C0595929"
"27130","2","3","12","48","45","143","38","236","69","C0595929"
"8815","2","3","12","22","33","323","66","444","664","C0595929"
"23347","2","3","12","41","116","268","434","468","213","C0595929"
"7200","2","5","4","68","96","326","427","548","672","C0595929"
"26276","2","3","7","60","81","184","341","66","203","C0595929"
"50964","2","5","3","68","221","197","259","423","422","C0595929"
"7290","2","3","12","19","31","1","426","55","78","C0595929"
"861","2","3","12","19","31","1","426","55","78","C0595929"
"27010","2","3","2","72","196","95","115","158","322","C0595929"
"6948","2","5","7","48","51","105","139","186","245","C0595939"
"1292","2","5","7","53","51","342","454","573","492","C0595939"
"6391","2","3","2","48","170","50","119","444","556","C0595939"
"26608","2","3","2","22","170","50","119","463","153","C0595939"
"2876","2","3","5","80","81","110","378","173","229","C0595939"
"10804","2","3","12","76","153","40","38","54","75","C0595939"
"23418","2","5","7","53","36","71","177","560","373","C0595939"
"1186","2","5","8","63","45","23","34","464","187","C0595939"
"2153","2","5","7","53","51","342","454","573","492","C0595939"
"125","2","3","2","75","120","200","263","251","425","C0595939"
"1188","2","5","8","63","45","23","34","464","187","C0595939"
"4626","2","5","8","63","45","23","103","464","187","C0595939"
"2316","2","5","7","53","51","342","454","573","702","C0595939"
"1184","2","5","8","63","45","23","34","464","187","C0595939"
"5449","2","3","3","19","221","321","428","541","667","C0595939"
"25978","2","3","2","48","57","110","141","359","462","C0595939"
"7424","2","5","7","53","51","342","454","573","702","C0595939"
"10907","2","3","2","22","33","323","66","101","136","C0595948"
"356","2","5","7","53","219","339","25","489","697","C0595948"
"6452","2","5","7","53","14","20","25","40","186","C0595948"
"3291","2","3","2","69","83","101","94","133","318","C0595948"
"71","2","5","7","60","14","184","103","544","669","C0595948"
"190","2","3","3","19","151","276","91","433","118","C0595989"
"23384","2","3","12","63","45","184","103","572","658","C0595989"
"98","2","3","5","5","240","244","340","431","546","C0596263"
"4643","2","5","7","60","14","20","25","40","215","C0596263"
"2516","2","3","3","19","151","276","91","433","118","C0596263"
"658","2","5","7","53","51","342","259","423","389","C0596263"
"2074","2","3","12","19","31","1","426","55","78","C0596263"
"8200","2","5","7","53","51","342","259","423","389","C0596263"
"2146","2","3","12","19","31","1","426","55","78","C0596263"
"3081","2","3","2","91","51","3","267","308","429","C0597167"
"4041","2","5","3","68","221","197","259","560","422","C0597167"
"4125","2","3","7","34","52","216","395","549","674","C0597167"
"54790","2","3","12","19","31","1","426","55","78","C0597167"
"2022","2","5","7","53","51","342","259","423","389","C0597167"
"54101","2","3","2","48","170","50","347","167","593","C0597167"
"4722","2","3","2","48","170","50","119","444","556","C0597167"
"5015","2","3","3","19","221","321","428","541","667","C0597167"
"11285","2","3","2","74","205","191","396","408","620","C0597167"
"2316","2","5","7","53","51","342","454","573","702","C0597167"
"4724","2","3","2","48","170","50","119","444","556","C0597167"
"1719","2","3","2","76","153","40","116","54","75","C0598275"
"9509","2","5","7","53","51","342","454","573","492","C0598275"
"1144","2","5","8","27","70","99","162","216","290","C0598275"
"10225","2","5","7","53","51","119","395","549","674","C0598275"
"54551","2","3","12","41","219","197","156","568","422","C0598275"
"2629","2","3","5","80","81","250","291","152","420","C0598275"
"7466","2","5","7","53","51","342","454","573","492","C0598275"
"7042","2","5","7","53","51","342","454","573","492","C0598275"
"7353","2","3","12","41","219","339","156","568","605","C0598608"
"6908","2","3","12","19","31","1","116","159","211","C0598608"
"7026","2","3","3","19","151","276","91","433","118","C0598608"
"5071","2","3","12","41","116","268","434","468","213","C0598608"
"3972","2","5","4","68","96","326","427","548","672","C0598608"
"6557","2","5","8","45","94","199","240","415","666","C0598608"
"8820","2","3","3","19","221","321","428","541","667","C0598608"
"3053","2","5","7","53","51","342","454","573","492","C0598608"
"673","2","5","7","53","14","20","34","540","68","C0598608"
"7473","2","5","3","68","221","197","259","560","422","C0598608"
"6905","2","3","12","76","153","40","38","54","75","C0598608"
"55717","2","3","12","41","116","268","434","468","213","C0599035"
"10804","2","3","12","76","153","40","38","54","75","C0599035"
"9563","2","3","5","13","10","212","294","373","485","C0600031"
"7421","2","3","3","19","151","276","91","433","118","C0600031"
"355","2","3","7","41","219","339","156","568","697","C0600031"
"4715","2","3","2","48","170","50","119","444","556","C0600031"
"3257","2","5","7","60","54","24","30","46","72","C0600031"
"5949","2","3","2","69","83","101","126","170","224","C0600031"
"3674","2","5","7","53","51","342","454","573","492","C0600031"
"2056","2","5","7","53","51","119","25","40","186","C0600031"
"10682","2","5","4","68","96","326","48","69","204","C0600031"
"5428","2","3","2","48","170","50","119","167","593","C0600031"
"2395","2","3","2","48","170","50","304","167","593","C0600104"
"919","2","5","7","53","14","119","25","40","186","C0600104"
"5745","2","5","4","68","96","326","427","548","672","C0600104"
"1513","2","5","7","53","51","342","454","573","492","C0600104"
"9526","2","3","2","48","69","99","162","216","290","C0600104"
"51259","2","3","2","76","153","40","38","54","75","C0600104"
"5663","2","5","7","34","52","216","395","549","667","C0600104"
"2033","2","3","12","19","31","1","91","433","118","C0600104"
"10269","2","3","2","48","182","50","119","444","556","C0600104"
"805","2","5","8","53","45","20","34","464","187","C0600104"
"7248","2","3","2","48","57","110","141","359","462","C0600104"
"5498","2","3","5","80","81","166","132","175","473","C0600104"
"54345","2","5","3","19","221","321","428","541","667","C0600104"
"7415","2","3","7","34","52","216","395","536","445","C0600104"
"7274","2","3","5","43","161","99","162","216","290","C0600104"
"3557","2","3","12","41","219","339","156","568","697","C0600104"
"1030","2","3","12","19","31","1","426","55","78","C0600104"
"1278","2","5","7","53","51","342","454","573","492","C0600104"
"29123","2","3","12","19","151","276","91","433","118","C0600104"
"2263","2","5","7","53","14","20","25","40","186","C0600104"
"22827","2","3","2","22","33","323","66","101","136","C0600104"
"9210","2","5","7","53","51","342","454","573","492","C0600104"
"50964","2","5","3","68","221","197","259","423","422","C0600104"
"6622","2","3","7","27","36","150","341","223","628","C0600104"
"3991","2","3","5","80","81","166","57","83","658","C0600104"
"58","2","5","8","63","45","23","103","464","187","C0600228"
"1294","2","5","7","53","51","342","454","573","492","C0600228"
"4538","2","3","2","48","170","50","119","444","556","C0600228"
"4646","2","3","12","41","45","184","103","572","658","C0600260"
"22909","2","3","12","19","31","261","116","1","86","C0600260"
"25828","2","3","2","80","81","110","378","173","229","C0600260"
"121391","2","1","6","11","142","225","142","220","298","C0600260"
"55505","2","3","2","110","85","237","433","547","671","C0600433"
"22953","2","5","8","63","45","23","306","390","158","C0600433"
"57096","2","3","12","76","153","40","38","54","75","C0600433"
"24","2","3","12","41","116","268","423","536","445","C0600467"
"94","2","5","7","53","51","342","259","423","389","C0600467"
"2316","2","5","7","53","51","342","454","573","702","C0600467"
"23169","2","3","2","78","205","112","430","429","544","C0600467"
"6569","2","3","8","45","94","199","240","415","666","C0600467"
"3308","2","3","12","41","219","339","347","271","356","C0600467"
"8622","2","3","4","68","96","326","427","548","672","C0600467"
"5744","2","5","4","68","96","326","427","548","672","C0600467"
"4137","2","3","7","27","36","150","341","223","628","C0600467"
"1300","2","5","7","53","51","342","454","573","492","C0600467"
"9775","2","3","2","22","33","323","66","101","136","C0600467"
"5019","2","3","2","67","92","293","55","75","311","C0600467"
"335","2","5","7","53","51","342","454","573","492","C0600519"
"10082","2","3","2","74","51","342","454","573","492","C0600519"
"10617","2","3","12","48","57","110","141","359","462","C0600519"
"6833","2","5","8","45","36","166","240","415","666","C0600519"
"8792","2","3","12","41","219","339","156","568","697","C0600519"
"1144","2","5","8","27","70","99","162","216","290","C0677050"
"7157","2","3","12","19","31","261","402","489","551","C0677050"
"3930","2","3","2","22","33","323","66","3","464","C0677050"
"54386","2","3","12","19","31","261","116","1","78","C0677050"
"5116","2","3","12","76","153","40","38","54","75","C0677050"
"2261","2","5","7","53","14","20","25","40","186","C0677050"
"175","2","3","7","34","52","216","395","549","674","C0677050"
"4210","2","3","12","41","219","339","156","568","697","C0677050"
"6789","2","3","7","53","14","20","34","540","68","C0677050"
"6391","2","3","2","48","170","50","119","444","556","C0677050"
"2896","2","5","7","34","52","216","395","549","674","C0677050"
"4000","2","3","12","26","105","178","226","297","156","C0677598"
"5573","2","3","12","19","184","118","155","287","116","C0677598"
"10678","2","3","2","89","206","324","430","429","544","C0677598"
"6609","2","3","5","105","155","250","291","152","420","C0677598"
"652","2","5","7","53","51","342","454","573","492","C0677598"
"22796","2","5","7","60","153","40","38","66","203","C0677598"
"2516","2","3","3","19","151","276","91","433","118","C0677600"
"130340","2","5","7","60","153","184","341","544","669","C0677600"
"2243","2","5","7","53","51","342","454","573","492","C0677607"
"2177","2","3","2","110","90","261","431","545","443","C0677607"
"2073","2","3","12","19","31","261","116","1","86","C0677607"
"3553","2","5","7","53","51","119","25","489","416","C0677607"
"51715","2","5","7","60","54","24","30","46","72","C0677776"
"9451","2","3","2","110","51","335","226","297","380","C0677776"
"50937","2","5","7","53","51","335","444","560","373","C0677776"
"2566","2","5","8","27","70","99","162","216","290","C0677776"
"1280","2","5","7","53","51","342","454","573","492","C0677776"
"4591","2","3","12","41","116","268","434","468","213","C0677776"
"1644","2","3","2","88","79","239","333","258","345","C0677776"
"10560","2","3","2","65","196","310","127","527","648","C0677776"
"9786","2","3","12","76","153","40","38","54","75","C0677776"
"23435","2","3","2","22","33","323","66","101","136","C0677776"
"5076","2","3","3","19","221","321","428","541","667","C0677776"
"501","2","3","5","75","162","260","361","458","572","C0677776"
"2495","2","3","7","34","52","216","395","274","358","C0677776"
"4000","2","3","12","26","105","178","226","297","156","C0677776"
"2697","2","3","7","76","153","40","38","54","75","C0677866"
"4023","2","3","5","24","51","342","91","20","27","C0677866"
"4625","2","3","8","63","45","23","103","464","187","C0677866"
"23411","2","3","12","19","31","1","91","433","118","C0677866"
"5122","2","5","4","27","36","184","141","359","411","C0677886"
"23426","2","5","7","42","36","71","177","223","219","C0677886"
"2990","2","3","7","34","52","216","395","549","674","C0677886"
"8481","2","3","12","76","153","40","38","54","75","C0677886"
"1643","2","3","12","41","116","268","434","468","213","C0677886"
"7466","2","5","7","53","51","342","454","573","492","C0677886"
"5618","2","5","7","53","51","119","25","40","186","C0677886"
"8517","2","3","12","41","219","339","156","568","697","C0677886"
"7054","2","3","5","80","81","166","34","258","345","C0677886"
"4287","2","3","12","41","116","268","434","468","215","C0678199"
"9652","2","3","2","110","85","237","433","547","671","C0678199"
"501","2","3","5","75","162","260","361","458","572","C0678199"
"6521","2","5","8","35","41","199","40","415","666","C0678222"
"8626","2","3","3","19","221","321","428","541","667","C0678222"
"1352","2","3","2","48","170","50","119","444","556","C0678222"
"348","2","5","7","53","51","342","454","573","492","C0678222"
"861","2","3","12","19","31","1","426","55","78","C0678222"
"1535","2","5","7","34","52","216","395","549","674","C0678222"
"3949","2","5","7","60","14","184","341","544","669","C0678222"
"10269","2","3","2","48","182","50","119","444","556","C0678222"
"9049","2","3","3","41","151","276","378","271","356","C0678222"
"9569","2","3","12","19","31","276","91","433","118","C0678222"
"3181","2","3","2","22","33","323","66","101","136","C0678222"
"2956","2","3","12","19","31","261","116","1","86","C0678222"
"3643","2","5","7","53","14","20","25","40","186","C0678222"
"1583","2","3","5","79","152","273","375","100","589","C0678222"
"6338","2","5","8","63","45","23","34","464","187","C0678222"
"1311","2","5","7","53","51","342","454","573","492","C0678222"
"55135","2","3","12","76","137","76","136","472","435","C0678222"
"9451","2","3","2","110","51","335","226","297","380","C0678222"
"7436","2","5","7","53","51","342","341","544","669","C0678222"
"1678","2","3","2","48","170","50","304","167","593","C0678222"
"6310","2","3","12","22","142","225","366","362","468","C0678222"
"11277","2","3","12","19","31","261","116","1","86","C0678222"
"23322","2","3","12","76","153","40","38","54","75","C0678222"
"3265","2","5","7","60","54","24","30","46","72","C0678222"
"3786","2","5","8","63","36","166","106","110","158","C0678222"
"7290","2","3","12","19","31","1","426","55","78","C0678222"
"2767","2","5","4","68","96","326","427","548","672","C0678306"
"1123","2","5","7","60","54","24","30","46","72","C0678306"
"6909","2","5","7","53","51","335","444","560","373","C0678306"
"23590","2","3","2","48","170","50","119","444","556","C0678807"
"2247","2","5","7","53","14","20","25","40","186","C0678807"
"540","2","5","8","63","45","23","103","464","187","C0678807"
"5189","2","3","5","43","161","305","409","208","482","C0678807"
"132884","2","3","12","41","116","268","434","568","605","C0678807"
"1813","2","5","4","68","96","326","427","548","672","C0679145"
"1493","2","5","7","53","51","119","25","40","186","C0679145"
"3265","2","5","7","60","54","24","30","46","72","C0684219"
"596","2","3","12","19","219","339","402","489","416","C0684219"
"26580","2","5","8","27","70","99","162","216","290","C0684219"
"22880","2","3","2","115","151","340","451","569","698","C0684219"
"55149","2","3","2","110","221","321","428","167","593","C0684219"
"860","2","3","12","19","31","276","91","433","118","C0684219"
"3507","2","5","7","53","51","119","395","549","674","C0684249"
"10585","2","5","2","27","206","324","430","215","290","C0684249"
"57817","2","5","7","34","51","342","350","243","561","C0684249"
"4163","2","3","2","110","167","266","367","500","577","C0684276"
"64087","2","3","2","35","40","130","166","57","435","C0684276"
"3758","2","5","8","63","36","166","106","110","158","C0684276"
"1280","2","5","7","53","51","342","454","573","492","C0684276"
"5828","2","3","5","43","161","305","409","208","482","C0684276"
"6324","2","5","7","63","36","166","341","223","158","C0684276"
"5447","2","3","5","91","214","271","372","471","586","C0684276"
"6559","2","5","8","45","94","199","240","415","666","C0684276"
"1594","2","3","5","92","163","96","363","460","487","C0684276"
"5770","2","5","7","53","14","20","25","40","186","C0684276"
"3912","2","5","7","53","51","342","454","573","492","C0684276"
"22868","2","3","2","48","182","67","76","463","153","C0684276"
"22931","2","5","7","34","54","24","30","46","72","C0684276"
"412","2","3","5","105","155","250","291","152","420","C0684276"
"2239","2","3","2","74","51","342","454","573","492","C0684276"
"3239","2","3","3","19","221","321","428","541","667","C0684276"
"716","2","5","7","53","51","119","395","549","674","C0684276"
"860","2","3","12","19","31","276","91","433","118","C0684276"
"26160","2","3","12","76","153","40","38","54","75","C0684276"
"9401","2","3","12","76","31","261","116","1","86","C0684276"
"7474","2","5","3","68","221","184","259","544","669","C0684276"
"4763","2","5","7","60","54","24","30","46","214","C0684276"
"5781","2","5","7","53","14","20","25","40","186","C0684276"
"10342","2","3","7","60","219","40","202","66","203","C0684276"
"10516","2","5","7","53","51","342","454","573","492","C0684276"
"6017","2","3","2","69","83","101","126","170","224","C0684337"
"3239","2","3","3","19","221","321","428","541","667","C0684337"
"29110","2","3","12","41","219","339","156","568","697","C0684337"
"2563","2","5","8","27","70","99","162","216","290","C0685381"
"3119","2","5","7","53","153","119","156","287","116","C0685381"
"7369","2","5","7","53","51","119","395","549","674","C0685381"
"675","2","3","12","19","31","261","116","1","86","C0685381"
"2261","2","5","7","53","14","20","25","40","186","C0685381"
"60","2","3","12","60","45","184","155","287","78","C0685381"
"3481","2","5","7","53","51","342","454","573","492","C0685381"
"5373","2","3","2","90","167","123","158","207","278","C0685381"
"6223","2","3","2","110","85","237","433","547","671","C0685381"
"4535","2","3","2","48","170","50","119","444","556","C0685381"
"5277","2","3","2","61","77","142","176","235","317","C0685381"
"3764","2","5","8","63","36","166","106","110","158","C0685381"
"6812","2","5","7","27","36","150","341","223","628","C0685381"
"3930","2","3","2","22","33","323","66","3","464","C0685381"
"4538","2","3","2","48","170","50","119","444","556","C0685381"
"7043","2","5","7","53","51","342","454","573","492","C0685381"
"6770","2","5","7","27","36","273","341","100","589","C0685381"
"6892","2","3","12","41","116","119","156","568","116","C0685381"
"9775","2","3","2","22","33","323","66","101","136","C0685381"
"5828","2","3","5","43","161","305","409","208","482","C0685381"
"4629","2","5","8","63","45","23","103","464","187","C0685381"
"9723","2","5","7","53","51","342","79","560","373","C0685381"
"9469","2","3","2","103","189","303","29","475","467","C0685381"
"2006","2","5","7","53","51","342","454","573","492","C0685682"
"7516","2","3","12","19","31","261","116","1","86","C0685682"
"7508","2","3","12","19","31","261","116","1","664","C0685684"
"715","2","5","7","53","51","119","395","549","674","C0685684"
"7389","2","3","2","17","24","51","132","210","123","C0685684"
"857","2","5","7","53","45","23","57","83","422","C0685684"
"8516","2","5","7","53","51","342","454","573","492","C0685684"
"7298","2","3","12","76","153","40","38","54","75","C0685695"
"2736","2","3","12","41","116","321","428","54","667","C0685695"
"478","2","3","8","63","45","23","366","464","187","C0685695"
"10228","2","5","7","60","54","24","98","66","203","C0685695"
"140628","2","3","12","19","31","118","155","287","116","C0685695"
"2778","2","5","4","68","96","326","427","548","672","C0685695"
"7469","2","3","12","19","31","261","116","159","211","C0685695"
"1436","2","5","7","53","14","20","25","40","186","C0685695"
"4141","2","3","2","110","85","237","433","547","154","C0685695"
"10585","2","5","2","27","206","324","430","215","290","C0685695"
"26503","2","3","2","89","124","204","272","347","442","C0685775"
"8643","2","5","3","68","221","197","259","560","422","C0685775"
"27245","2","3","6","22","142","225","366","362","468","C0685775"
"3785","2","5","8","63","36","166","106","110","158","C0685776"
"5832","2","3","2","101","62","189","182","509","252","C0685776"
"63978","2","3","12","19","137","76","136","472","435","C0685776"
"1828","2","5","7","34","52","216","142","220","298","C0685787"
"4851","2","3","12","19","221","143","428","236","667","C0685787"
"1636","2","3","5","80","81","166","397","418","568","C0685787"
"7053","2","3","6","11","142","225","142","220","298","C0685787"
"5961","2","5","7","27","51","326","126","414","702","C0685787"
"2033","2","3","12","19","31","1","91","433","118","C0685787"
"6469","2","5","3","53","221","197","259","560","422","C0685837"
"22954","2","3","12","41","116","268","434","468","213","C0685837"
"1678","2","3","2","48","170","50","304","167","593","C0685837"
"50846","2","3","3","68","221","197","259","560","422","C0685837"
"7476","2","5","3","68","221","197","259","560","422","C0685837"
"1630","2","5","7","53","51","335","444","560","373","C0685838"
"54551","2","3","12","41","219","197","156","568","422","C0685838"
"4041","2","5","3","68","221","197","259","560","422","C0685838"
"55212","2","3","12","76","153","76","38","54","75","C0685838"
"1291","2","5","7","53","51","342","454","573","492","C0685838"
"10269","2","3","2","48","182","50","119","444","556","C0685840"
"5339","2","5","7","53","51","342","454","573","492","C0685840"
"51085","2","3","2","48","57","110","141","359","462","C0685840"
"5648","2","5","7","53","51","119","395","549","674","C0685840"
"4668","2","3","5","21","111","188","242","313","396","C0685840"
"2773","2","5","4","68","96","326","427","548","672","C0685840"
"7466","2","5","7","53","51","342","454","573","492","C0685840"
"3284","2","3","2","69","98","169","299","183","243","C0685840"
"1129","2","5","4","68","96","326","427","548","672","C0685840"
"7555","2","3","2","110","85","237","433","547","671","C0685840"
"7469","2","3","12","19","31","261","116","159","211","C0685840"
"2218","2","5","2","53","123","194","255","560","373","C0685840"
"4791","2","3","12","41","219","339","156","568","697","C0685840"
"6658","2","3","12","19","221","321","428","541","667","C0685840"
"3553","2","5","7","53","51","119","25","489","416","C0685840"
"1584","2","3","5","79","159","256","276","353","456","C0685840"
"7157","2","3","12","19","31","261","402","489","551","C0685840"
"6497","2","5","3","19","221","342","259","423","389","C0685840"
"4851","2","3","12","19","221","143","428","236","667","C0685840"
"51","2","3","5","43","151","276","91","433","482","C0685840"
"7252","2","5","4","68","96","326","427","548","672","C0685840"
"51057","2","3","12","76","153","40","38","54","75","C0685840"
"10483","2","3","7","60","54","24","30","46","72","C0685840"
"3458","2","5","7","53","184","119","156","287","116","C0685840"
"23334","2","3","5","48","179","289","133","179","476","C0685840"
"3785","2","5","8","63","36","166","106","110","158","C0685840"
"54551","2","3","12","41","219","197","156","568","422","C0685840"
"2705","2","3","12","76","153","40","38","54","75","C0685840"
"2200","2","5","7","53","51","342","454","573","492","C0685840"
"7132","2","3","12","41","219","339","156","568","697","C0685840"
"2517","2","3","7","34","52","216","395","549","674","C0685889"
"1497","2","5","2","63","182","50","103","297","628","C0685889"
"658","2","5","7","53","51","342","259","423","389","C0685891"
"10273","2","3","12","41","116","268","434","468","213","C0685891"
"6908","2","3","12","19","31","1","116","159","211","C0685891"
"5184","2","3","5","80","81","166","52","105","349","C0685891"
"2737","2","3","12","19","116","321","428","54","667","C0685891"
"4792","2","3","12","41","219","339","156","568","605","C0685891"
"26229","2","3","2","74","205","191","396","408","257","C0685891"
"1756","2","5","8","63","45","23","103","464","187","C0685891"
"715","2","5","7","53","51","119","395","549","674","C0685891"
"54903","2","3","12","76","153","40","38","54","75","C0685891"
"60482","2","5","8","45","94","199","240","415","666","C0685891"
"5290","2","3","7","53","14","20","25","40","186","C0685891"
"3339","2","5","7","53","51","342","454","573","492","C0685891"
"54808","2","3","12","76","153","40","38","54","75","C0685891"
"7681","2","3","12","41","116","268","434","468","213","C0685891"
"567","2","5","7","34","52","119","395","549","674","C0686353"
"10262","2","3","2","22","33","323","66","101","136","C0686353"
"2006","2","5","7","53","51","342","454","573","492","C0686353"
"2737","2","3","12","19","116","321","428","54","667","C0686353"
"4214","2","3","12","41","219","339","34","540","117","C0686353"
"23495","2","3","12","41","219","339","156","568","697","C0686353"
"6261","2","5","8","63","45","23","34","464","187","C0686353"
"9997","2","3","2","48","170","50","119","444","556","C0687120"
"6683","2","3","12","76","153","40","38","54","75","C0687120"
"2304","2","3","12","19","221","321","428","541","667","C0687120"
"5997","2","5","4","68","96","326","427","548","672","C0687120"
"1594","2","3","5","92","163","96","363","460","487","C0687120"
"11285","2","3","2","74","205","191","396","408","620","C0687120"
"54101","2","3","2","48","170","50","347","167","593","C0687120"
"54822","2","5","8","63","45","193","306","390","158","C0687120"
"2760","2","3","7","34","52","216","395","549","674","C0687120"
"9401","2","3","12","76","31","261","116","1","86","C0687120"
"23347","2","3","12","41","116","268","434","468","213","C0687120"
"5447","2","3","5","91","214","271","372","471","586","C0687120"
"2717","2","3","7","34","52","216","395","549","674","C0687120"
"1134","2","5","8","27","70","99","162","216","290","C0687120"
"3630","2","5","7","53","14","20","25","40","186","C0687120"
"3892","2","1","6","11","142","225","142","220","298","C0687120"
"9031","2","3","12","19","31","1","426","55","78","C0687120"
"3643","2","5","7","53","14","20","25","40","186","C0687120"
"8929","2","3","3","19","221","321","428","541","667","C0687132"
"1807","2","3","5","80","23","186","79","560","273","C0687132"
"4210","2","3","12","41","219","339","156","568","697","C0687132"
"4538","2","3","2","48","170","50","119","444","556","C0687132"
"55669","2","3","12","19","31","118","155","287","116","C0687132"
"4035","2","5","7","53","51","342","454","573","492","C0687149"
"9076","2","5","6","42","36","71","177","64","219","C0687149"
"1419","2","3","6","63","45","160","362","177","673","C0687149"
"2213","2","5","7","53","51","119","395","549","674","C0687149"
"5327","2","5","7","53","51","342","454","573","492","C0687149"
"2073","2","3","12","19","31","261","116","1","86","C0687149"
"51752","2","3","2","41","153","119","156","536","116","C0687149"
"1855","2","5","12","76","153","197","259","560","422","C0687149"
"1636","2","3","5","80","81","166","397","418","568","C0687149"
"3251","2","3","4","68","96","326","427","341","150","C0687149"
"5189","2","3","5","43","161","305","409","208","482","C0687149"
"4087","2","3","12","19","219","339","259","423","605","C0687149"
"4233","2","5","7","53","14","20","25","40","186","C0687149"
"7046","2","3","12","41","219","339","259","423","605","C0687149"
"3730","2","5","7","53","14","20","25","40","186","C0687149"
"2581","2","3","5","80","81","250","291","152","420","C0687149"
"7174","2","3","12","41","116","268","434","468","213","C0687149"
"7297","2","5","7","53","184","119","25","40","186","C0687149"
"1789","2","3","12","19","31","1","426","55","78","C0687149"
"6567","2","5","8","35","41","77","40","57","80","C0687720"
"55651","2","3","2","110","85","237","433","547","671","C0687720"
"581","2","3","12","41","219","339","402","489","551","C0687720"
"9509","2","5","7","53","51","342","454","573","492","C0687720"
"6223","2","3","2","110","85","237","433","547","671","C0687720"
"23096","2","5","7","60","54","24","30","46","72","C0687751"
"2833","2","5","4","68","96","326","427","548","672","C0687751"
"4853","2","3","12","19","124","143","428","236","667","C0687751"
"5327","2","5","7","53","51","342","454","573","492","C0687751"
"4160","2","5","4","68","96","326","427","548","672","C0687751"
"6392","2","3","2","48","170","50","119","444","556","C0687751"
"3930","2","3","2","22","33","323","66","3","464","C0687751"
"57165","2","3","12","76","153","40","38","54","75","C0694550"
"2153","2","5","7","53","51","342","454","573","492","C0694550"
"5173","2","5","4","68","96","326","427","548","672","C0694550"
"26608","2","3","2","22","170","50","119","463","153","C0694550"
"4312","2","5","7","53","51","342","454","573","492","C0694550"
"6664","2","3","3","19","221","321","428","541","667","C0694550"
"7428","2","3","12","41","116","268","434","468","213","C0694550"
"4867","2","5","7","76","153","40","38","54","75","C0694550"
"1281","2","5","7","53","51","342","454","573","492","C0694550"
"80339","2","3","5","2","213","334","443","559","687","C0694550"
"121278","2","3","5","80","81","166","307","258","345","C0694550"
"1439","2","5","7","53","14","20","25","40","186","C0694550"
"7020","2","3","12","19","31","276","91","433","664","C0694550"
"2316","2","5","7","53","51","342","454","573","702","C0694550"
"9742","2","3","12","76","153","40","38","54","75","C0694550"
"7840","2","3","12","76","153","40","38","54","75","C0694550"
"7253","2","5","4","68","96","326","427","548","672","C0694550"
"8048","2","5","8","63","45","23","103","464","187","C0694550"
"9215","2","5","2","27","36","150","430","215","628","C0694550"
"2720","2","3","7","34","52","216","395","21","599","C0694550"
"4221","2","3","12","19","31","342","454","573","492","C0694550"
"2263","2","5","7","53","14","20","25","40","186","C0694550"
"26227","2","3","2","41","137","44","208","81","108","C0694550"
"7450","2","5","7","53","51","342","454","573","492","C0694550"
"4929","2","3","3","19","151","276","91","433","118","C0694550"
"26580","2","5","8","27","70","99","162","216","290","C0694550"
"114548","2","3","12","41","219","339","156","568","697","C0694550"
"1673","2","5","9","70","100","238","332","420","536","C0694550"
"2263","2","5","7","53","14","20","25","40","186","C0694550"
"10617","2","3","12","48","57","110","141","359","462","C0694563"
"2322","2","5","7","53","14","20","25","40","186","C0694563"
"3284","2","3","2","69","98","169","299","183","243","C0694563"
"1421","2","3","6","63","45","160","362","177","673","C0694563"
"1583","2","3","5","79","152","273","375","100","589","C0694563"
"1186","2","5","8","63","45","23","34","464","187","C0694563"
"7403","2","3","12","19","31","1","426","55","78","C0694563"
"4157","2","5","4","68","96","326","427","548","672","C0694563"
"348938","2","5","2","63","182","50","103","297","628","C0694563"
"3651","2","3","3","19","221","321","428","541","667","C0694563"
"3078","2","5","7","53","51","119","395","549","674","C0694563"
"4312","2","5","7","53","51","342","454","573","492","C0694563"
"3543","2","5","7","53","51","119","395","549","674","C0694563"
"4613","2","3","12","19","31","1","426","55","78","C0694563"
"25978","2","3","2","48","57","110","141","359","462","C0699743"
"2006","2","5","7","53","51","342","454","573","492","C0699743"
"2077","2","3","12","76","153","40","38","54","75","C0699743"
"151648","2","3","12","76","153","40","38","54","75","C0699743"
"4000","2","3","12","26","105","178","226","297","156","C0699743"
"6261","2","5","8","63","45","23","34","464","187","C0699743"
"4148","2","5","7","53","51","342","454","573","492","C0699743"
"23384","2","3","12","63","45","184","103","572","658","C0699743"
"1497","2","5","2","63","182","50","103","297","628","C0699743"
"7042","2","5","7","53","51","342","454","573","492","C0699743"
"2255","2","5","7","53","14","20","25","40","186","C0699743"
"6135","2","3","2","110","85","237","433","547","671","C0699743"
"326","2","3","12","19","31","261","377","370","269","C0699743"
"10747","2","5","7","53","51","119","395","549","674","C0699743"
"291","2","3","2","48","170","50","304","167","593","C0699791"
"3845","2","5","7","60","54","24","30","46","72","C0699791"
"3815","2","5","7","53","14","20","25","40","186","C0699791"
"3479","2","5","7","53","51","342","454","573","492","C0699791"
"9652","2","3","2","110","85","237","433","547","671","C0699791"
"5982","2","3","12","19","31","261","116","1","86","C0699791"
"25923","2","3","2","48","184","50","119","444","116","C0699791"
"860","2","3","12","19","31","276","91","433","118","C0699791"
"1736","2","3","2","110","85","237","433","547","671","C0699791"
"1134","2","5","8","27","70","99","162","216","290","C0699791"
"6229","2","3","2","110","85","237","433","547","671","C0699791"
"6638","2","3","2","22","33","323","66","101","136","C0699885"
"7136","2","5","8","63","45","23","103","464","187","C0699885"
"1718","2","3","2","54","90","84","48","69","204","C0700198"
"3814","2","5","4","68","96","326","427","548","672","C0700198"
"3859","2","1","6","11","142","225","142","220","298","C0700198"
"7515","2","3","12","19","31","261","116","1","86","C0700198"
"658","2","5","7","53","51","342","259","423","389","C0700198"
"547","2","3","7","76","153","40","38","54","75","C0700198"
"7518","2","3","12","19","31","261","116","1","86","C0700198"
"1649","2","3","12","19","31","276","91","433","118","C0700198"
"940","2","5","7","53","14","20","25","40","186","C0700225"
"3690","2","5","7","53","51","342","454","573","492","C0700225"
"3977","2","5","7","53","51","119","25","40","416","C0700225"
"472","2","3","12","19","31","261","116","1","86","C0700225"
"652","2","5","7","53","51","342","454","573","492","C0700225"
"9632","2","3","7","60","153","40","38","54","203","C0700225"
"2670","2","5","7","27","36","150","341","223","628","C0700225"
"7040","2","5","7","53","51","342","454","573","492","C0700292"
"3977","2","5","7","53","51","119","25","40","416","C0700292"
"3329","2","3","2","48","170","50","304","167","593","C0700299"
"27031","2","3","6","11","142","225","38","331","506","C0700299"
"25782","2","5","7","60","54","24","30","46","72","C0700299"
"4487","2","3","3","19","221","321","428","541","667","C0700359"
"57572","2","3","12","19","31","118","155","287","116","C0700359"
"5443","2","5","4","68","96","326","427","548","672","C0700359"
"23090","2","3","12","19","151","276","91","433","118","C0700359"
"182","2","5","7","53","51","143","428","236","667","C0700501"
"1277","2","5","7","53","51","342","454","573","492","C0700501"
"23630","2","5","8","63","36","166","106","110","158","C0700501"
"2312","2","1","6","11","142","225","142","220","298","C0700501"
"208","2","5","7","53","14","20","34","540","68","C0700501"
"1440","2","5","7","53","51","119","25","489","416","C0700502"
"54888","2","3","2","110","85","152","129","252","154","C0700502"
"3767","2","5","8","63","36","166","106","110","158","C0700595"
"1947","2","5","7","53","51","20","25","560","373","C0700595"
"2639","2","3","2","71","148","34","160","115","164","C0700635"
"9241","2","5","7","53","51","342","259","423","389","C0700635"
"9031","2","3","12","19","31","1","426","55","78","C0700635"
"185","2","5","4","68","96","326","427","548","672","C0700635"
"3759","2","5","8","63","36","166","106","110","158","C0700635"
"1280","2","5","7","53","51","342","454","573","492","C0728895"
"147372","2","5","3","19","221","342","428","541","667","C0728895"
"2261","2","5","7","53","14","20","25","40","186","C0728895"
"7040","2","5","7","53","51","342","454","573","492","C0728895"
"147","2","5","4","68","96","326","427","548","672","C0730290"
"547","2","3","7","76","153","40","38","54","75","C0730290"
"4846","2","3","5","41","219","75","243","44","64","C0730290"
"8635","2","5","7","34","52","216","395","549","674","C0730290"
"2158","2","5","7","68","51","119","395","549","674","C0730290"
"348","2","5","7","53","51","342","454","573","492","C0730290"
"54361","2","5","3","68","221","197","259","560","422","C0730290"
"540","2","5","8","63","45","23","103","464","187","C0730290"
"2317","2","5","7","63","45","23","103","287","664","C0730290"
"170302","2","3","3","19","221","321","428","541","667","C0730290"
"54386","2","3","12","19","31","261","116","1","78","C0730290"
"9126","2","3","12","76","153","40","38","54","75","C0730290"
"5932","2","3","12","19","31","261","116","1","86","C0730290"
"1440","2","5","7","53","51","119","25","489","416","C0730290"
"3835","2","3","12","76","153","40","38","54","75","C0730290"
"8600","2","5","7","41","219","339","156","568","697","C0730290"
"617","2","3","2","48","170","50","304","167","593","C0730290"
"9380","2","3","2","67","128","208","289","366","472","C0730290"
"2798","2","5","4","68","96","326","427","548","672","C0730290"
"462","2","5","7","53","51","342","454","573","492","C0730290"
"11285","2","3","2","74","205","191","396","408","620","C0730292"
"5897","2","3","12","41","116","268","141","568","605","C0730292"
"182","2","5","7","53","51","143","428","236","667","C0730292"
"4088","2","3","12","19","219","339","259","423","605","C0730292"
"23299","2","3","12","76","153","40","38","54","75","C0730292"
"2697","2","3","7","76","153","40","38","54","75","C0730292"
"2317","2","5","7","63","45","23","103","287","664","C0730292"
"10804","2","3","12","76","153","40","38","54","75","C0730292"
"6310","2","3","12","22","142","225","366","362","468","C0730345"
"29887","2","3","7","60","18","110","141","198","270","C0730345"
"2043","2","5","7","53","14","20","25","560","373","C0730345"
"4353","2","3","7","34","52","216","395","549","674","C0730345"
"5176","2","5","7","53","51","342","454","573","492","C0730345"
"54714","2","5","8","63","36","166","106","110","158","C0730362"
"5373","2","3","2","90","167","123","158","207","278","C0730362"
"5728","2","3","5","80","81","339","156","568","605","C0730362"
"1131","2","5","4","68","96","326","427","548","672","C0730362"
"2488","2","5","4","68","96","326","427","548","672","C0730362"
"7157","2","3","12","19","31","261","402","489","551","C0730362"
"23600","2","3","5","80","81","305","409","208","482","C0740302"
"30008","2","5","7","53","51","342","454","573","492","C0740302"
"2006","2","5","7","53","51","342","454","573","492","C0740340"
"2316","2","5","7","53","51","342","454","573","702","C0740340"
"51119","2","3","2","110","85","237","433","547","671","C0740340"
"3321","2","5","7","53","51","119","395","549","674","C0740392"
"7518","2","3","12","19","31","261","116","1","86","C0740392"
"3662","2","5","7","53","184","119","156","287","116","C0740392"
"23394","2","3","12","19","31","335","444","236","373","C0740392"
"6716","2","3","2","69","98","169","299","50","494","C0740392"
"9759","2","3","12","19","31","276","91","433","118","C0740392"
"716","2","5","7","53","51","119","395","549","674","C0740392"
"4017","2","3","2","53","51","342","454","573","492","C0740392"
"1727","2","3","7","34","52","216","395","549","197","C0740392"
"9723","2","5","7","53","51","342","79","560","373","C0740392"
"10585","2","5","2","27","206","324","430","215","290","C0740392"
"7337","2","3","12","41","116","268","434","468","213","C0740392"
"6821","2","3","5","114","211","332","175","556","256","C0740392"
"4998","2","3","12","76","31","261","116","1","86","C0740392"
"54433","2","3","2","110","85","237","433","547","671","C0740392"
"55572","2","3","2","48","170","50","119","444","556","C0740392"
"4864","2","3","5","48","152","184","341","544","669","C0740392"
"2516","2","3","3","19","151","276","91","433","118","C0740392"
"348980","2","5","8","63","36","166","106","110","158","C0740392"
"1175","2","5","7","60","14","184","341","544","669","C0740392"
"5825","2","3","5","47","144","185","238","310","392","C0740392"
"7249","2","3","7","60","57","110","141","359","462","C0740392"
"26146","2","3","12","76","153","40","38","54","75","C0740392"
"10297","2","3","12","27","36","150","444","223","628","C0740392"
"5604","2","5","7","53","14","20","34","540","68","C0740392"
"93986","2","3","12","19","221","321","428","541","667","C0740392"
"5192","2","3","5","43","161","305","409","208","482","C0740392"
"3458","2","5","7","53","184","119","156","287","116","C0740392"
"50945","2","3","3","48","170","335","347","560","373","C0740392"
"9227","2","3","2","69","51","101","126","170","224","C0740392"
"368","2","3","12","41","116","268","423","536","445","C0740392"
"5332","2","3","4","68","96","326","427","548","672","C0740392"
"10891","2","3","3","19","151","276","91","433","118","C0740392"
"5189","2","3","5","43","161","305","409","208","482","C0740394"
"1188","2","5","8","63","45","23","34","464","187","C0740394"
"54345","2","5","3","19","221","321","428","541","667","C0740394"
"9103","2","5","7","53","142","71","341","560","219","C0740394"
"26608","2","3","2","22","170","50","119","463","153","C0740394"
"3897","2","5","7","53","51","335","444","560","373","C0740394"
"2538","2","3","5","90","216","333","438","561","689","C0740394"
"4041","2","5","3","68","221","197","259","560","422","C0740394"
"3265","2","5","7","60","54","24","30","46","72","C0740394"
"51741","2","3","2","22","33","323","66","101","127","C0740394"
"9990","2","5","8","45","94","199","240","415","666","C0740394"
"4683","2","3","12","19","31","261","116","1","86","C0740394"
"7299","2","3","5","23","18","138","250","332","407","C0740394"
"3908","2","5","7","53","51","342","454","573","492","C0740394"
"7291","2","3","12","19","151","276","91","489","416","C0740394"
"4487","2","3","3","19","221","321","428","541","667","C0740394"
"7169","2","5","8","63","45","23","103","464","187","C0740394"
"1583","2","3","5","79","152","273","375","100","589","C0740852"
"1373","2","3","8","84","97","167","210","271","536","C0740852"
"4010","2","3","3","19","221","321","428","541","667","C0740852"
"2175","2","3","12","19","31","261","116","1","86","C0740852"
"26154","2","3","5","47","144","185","238","310","392","C0740852"
"5139","2","3","4","68","96","326","427","548","672","C0740852"
"3655","2","5","7","53","51","342","454","573","492","C0740858"
"208","2","5","7","53","14","20","34","540","68","C0740858"
"2911","2","5","4","68","96","326","427","548","672","C0740858"
"1813","2","5","4","68","96","326","427","548","672","C0740858"
"1134","2","5","8","27","70","99","162","216","290","C0740858"
"2956","2","3","12","19","31","261","116","1","86","C0740896"
"10413","2","3","12","19","36","143","177","236","321","C0740896"
"6900","2","5","7","53","51","342","454","223","373","C0740896"
"3835","2","3","12","76","153","40","38","54","75","C0740898"
"2956","2","3","12","19","31","261","116","1","86","C0740898"
"55997","2","5","3","53","221","321","259","423","389","C0740898"
"6496","2","3","3","19","221","321","428","541","667","C0740898"
"3284","2","3","2","69","98","169","299","183","243","C0740927"
"472","2","3","12","19","31","261","116","1","86","C0740927"
"27241","2","3","12","76","153","76","38","54","75","C0740927"
"2303","2","5","3","19","221","321","428","541","667","C0740927"
"5727","2","3","12","68","221","197","259","560","422","C0741296"
"930","2","5","7","53","14","119","25","40","186","C0741296"
"8573","2","5","7","53","36","71","341","223","219","C0741296"
"53373","2","5","8","63","45","23","34","464","187","C0741494"
"54903","2","3","12","76","153","40","38","54","75","C0741494"
"6751","2","5","4","68","96","326","427","548","672","C0741494"
"11277","2","3","12","19","31","261","116","1","86","C0741494"
"3643","2","5","7","53","14","20","25","40","186","C0741494"
"7249","2","3","7","60","57","110","141","359","462","C0741494"
"5009","2","3","2","48","97","50","304","167","593","C0741796"
"71","2","5","7","60","14","184","103","544","669","C0741796"
"10913","2","3","12","41","219","339","156","568","697","C0741796"
"2623","2","3","12","19","31","1","155","287","116","C0741796"
"3988","2","3","5","98","174","277","379","476","42","C0741796"
"7053","2","3","6","11","142","225","142","220","298","C0741796"
"2623","2","3","12","19","31","1","155","287","116","C0741796"
"6223","2","3","2","110","85","237","433","547","671","C0741796"
"2006","2","5","7","53","51","342","454","573","492","C0741796"
"8504","2","3","5","47","144","185","238","310","392","C0741796"
"6347","2","5","7","53","51","119","427","489","416","C0741796"
"2483","2","3","2","22","33","323","66","101","136","C0741796"
"401","2","3","3","19","221","321","428","541","667","C0741796"
"4000","2","3","12","26","105","178","226","297","156","C0741796"
"551","2","5","4","68","96","326","427","548","672","C0741796"
"3663","2","3","12","53","184","119","156","287","116","C0741796"
"64135","2","3","12","41","219","339","156","568","605","C0741796"
"1303","2","5","7","53","51","342","454","573","492","C0741796"
"675","2","3","12","19","31","261","116","1","86","C0741796"
"4953","2","3","2","41","116","268","434","568","605","C0741796"
"3575","2","5","7","53","51","184","341","544","669","C0741796"
"9132","2","5","8","63","36","166","106","110","158","C0741796"
"9210","2","5","7","53","51","342","454","573","492","C0741796"
"2658","2","5","7","53","51","342","259","423","389","C0742028"
"1813","2","5","4","68","96","326","427","548","672","C0742028"
"5880","2","5","7","60","54","24","30","46","72","C0742028"
"6223","2","3","2","110","85","237","433","547","671","C0742028"
"7045","2","5","12","19","51","1","426","55","78","C0742038"
"773","2","5","8","27","36","166","341","223","628","C0742038"
"2348","2","3","7","60","153","40","38","54","203","C0742038"
"1778","2","3","7","76","153","40","38","54","75","C0742038"
"7092","2","5","7","53","51","342","454","573","492","C0742906"
"11005","2","1","6","11","142","225","142","220","298","C0742906"
"2178","2","3","12","19","31","261","116","1","86","C0742906"
"26227","2","3","2","41","137","44","208","81","108","C0742906"
"26608","2","3","2","22","170","50","119","463","153","C0742906"
"3887","2","1","6","11","142","225","142","220","298","C0742906"
"2773","2","5","4","68","96","326","427","548","672","C0742906"
"55109","2","5","7","42","81","184","118","543","214","C0742906"
"6323","2","5","8","63","36","166","341","390","158","C0742906"
"1376","2","3","2","19","151","276","91","433","118","C0742906"
"24","2","3","12","41","116","268","423","536","445","C0742906"
"4282","2","5","7","34","52","216","395","549","674","C0742906"
"3952","2","5","3","53","151","276","91","433","118","C0742906"
"3655","2","5","7","53","51","342","454","573","492","C0742906"
"763","2","3","5","35","41","77","40","526","647","C0742906"
"8799","2","3","5","43","161","305","409","208","482","C0743178"
"5290","2","3","7","53","14","20","25","40","186","C0743178"
"6648","2","3","2","95","151","160","378","173","229","C0743178"
"9915","2","3","3","27","151","276","91","433","118","C0743178"
"1908","2","5","4","68","96","326","427","548","672","C0743178"
"26608","2","3","2","22","170","50","119","463","153","C0743178"
"240","2","3","7","34","52","216","395","489","416","C0743912"
"2799","2","3","7","34","52","216","395","549","33","C0743912"
"1187","2","5","8","63","45","23","34","464","187","C0743912"
"3861","2","1","6","11","142","225","142","220","298","C0743912"
"54","2","3","5","80","81","178","195","256","342","C0743912"
"2796","2","5","4","68","96","326","427","548","672","C0743912"
"3207","2","3","3","19","221","321","428","541","667","C0743912"
"23742","2","5","5","68","96","326","427","447","586","C0743912"
"6578","2","3","5","35","41","77","40","57","80","C0743912"
"1440","2","5","7","53","51","119","25","489","416","C0743912"
"2239","2","3","2","74","51","342","454","573","492","C0743912"
"4088","2","3","12","19","219","339","259","423","605","C0743912"
"6949","2","3","2","110","85","237","164","390","311","C0743912"
"5573","2","3","12","19","184","118","155","287","116","C0743912"
"9150","2","3","12","19","31","261","116","159","211","C0744321"
"9244","2","5","7","53","51","119","25","40","416","C0744321"
"1340","2","3","2","48","170","50","141","359","462","C0744333"
"6496","2","3","3","19","221","321","428","541","667","C0744333"
"275","2","3","5","106","104","214","70","377","488","C0744333"
"2717","2","3","7","34","52","216","395","549","674","C0744333"
"6331","2","5","8","63","36","166","341","223","158","C0744333"
"443","2","3","5","80","81","189","182","509","409","C0744356"
"1366","2","5","6","42","36","71","177","64","219","C0744356"
"3575","2","5","7","53","51","184","341","544","669","C0744356"
"3845","2","5","7","60","54","24","30","46","72","C0744356"
"9401","2","3","12","76","31","261","116","1","86","C0744356"
"2138","2","3","12","19","31","1","426","55","78","C0744356"
"1280","2","5","7","53","51","342","454","573","492","C0744356"
"1758","2","5","7","53","51","342","454","573","492","C0744356"
"2736","2","3","12","41","116","321","428","54","667","C0744356"
"3569","2","5","7","53","51","342","454","573","416","C0744356"
"4771","2","5","7","60","36","71","177","64","215","C0744356"
"2239","2","3","2","74","51","342","454","573","492","C0744356"
"23111","2","3","12","41","219","339","156","568","697","C0744356"
"1301","2","5","7","53","51","342","454","573","492","C0744356"
"5743","2","3","5","53","175","119","167","489","416","C0744356"
"4921","2","5","7","53","14","20","25","573","186","C0744356"
"324","2","3","12","41","219","197","70","255","422","C0744356"
"4000","2","3","12","26","105","178","226","297","156","C0744897"
"3553","2","5","7","53","51","119","25","489","416","C0744897"
"51715","2","5","7","60","54","24","30","46","72","C0744897"
"55651","2","3","2","110","85","237","433","547","671","C0745103"
"545","2","3","12","19","31","261","116","1","86","C0745103"
"8625","2","3","12","19","31","276","91","236","118","C0745103"
"5095","2","3","2","48","40","130","166","127","173","C0745103"
"4810","2","3","2","76","57","110","444","560","373","C0745103"
"2706","2","3","12","76","153","40","38","54","75","C0745103"
"4763","2","5","7","60","54","24","30","46","214","C0745103"
"9150","2","3","12","19","31","261","116","159","211","C0745103"
"1027","2","3","12","19","31","1","116","1","86","C0745103"
"10585","2","5","2","27","206","324","430","215","290","C0745103"
"6899","2","5","7","53","184","335","259","560","373","C0745103"
"1991","2","5","7","34","52","216","395","549","674","C0745730"
"34","2","3","2","19","151","276","91","433","118","C0745730"
"5327","2","5","7","53","51","342","454","573","492","C0745730"
"3606","2","5","7","53","51","119","156","489","416","C0745730"
"10011","2","3","12","19","31","276","91","433","118","C0745730"
"3845","2","5","7","60","54","24","30","46","72","C0745730"
"1896","2","5","12","41","219","339","156","568","697","C0745744"
"23169","2","3","2","78","205","112","430","429","544","C0745744"
"7046","2","3","12","41","219","339","259","423","605","C0745744"
"2316","2","5","7","53","51","342","454","573","702","C0745744"
"29123","2","3","12","19","151","276","91","433","118","C0746102"
"51151","2","3","5","23","18","138","250","332","407","C0746102"
"189","2","3","5","43","161","305","409","208","482","C0746102"
"2316","2","5","7","53","51","342","454","573","702","C0746102"
"10000","2","5","7","53","14","20","34","540","68","C0746102"
"5970","2","3","12","19","31","276","91","433","118","C0746102"
"7468","2","3","12","19","31","1","426","55","78","C0746495"
"5032","2","5","4","68","96","326","427","548","672","C0746495"
"4094","2","3","12","19","31","276","91","433","118","C0747556"
"23347","2","3","12","41","116","268","434","468","213","C0747556"
"889","2","5","7","60","45","23","306","64","436","C0747556"
"3162","2","3","5","53","51","119","402","489","416","C0747556"
"2131","2","3","2","74","58","112","148","181","416","C0747651"
"2200","2","5","7","53","51","342","454","573","492","C0747651"
"2184","2","3","5","76","153","138","236","332","407","C0747651"
"867","2","5","7","53","14","184","25","40","669","C0747651"
"8820","2","3","3","19","221","321","428","541","667","C0748140"
"2200","2","5","7","53","51","342","454","573","492","C0748140"
"9131","2","3","12","41","219","339","347","271","356","C0748140"
"3040","2","5","5","53","51","342","40","78","178","C0748140"
"158","2","3","4","96","177","61","373","341","142","C0748140"
"6664","2","3","3","19","221","321","428","541","667","C0748140"
"6197","2","3","12","19","14","20","34","540","68","C0748140"
"5395","2","3","12","19","31","261","116","1","86","C0748140"
"2799","2","3","7","34","52","216","395","549","33","C0748140"
"2261","2","5","7","53","14","20","25","40","186","C0748140"
"4358","2","3","5","43","161","305","409","208","482","C0748140"
"29887","2","3","7","60","18","110","141","198","270","C0748140"
"167691","2","3","12","76","153","40","38","54","75","C0748140"
"23495","2","3","12","41","219","339","156","568","697","C0748140"
"54982","2","3","2","48","170","50","399","167","593","C0748140"
"8792","2","3","12","41","219","339","156","568","697","C0748140"
"5015","2","3","3","19","221","321","428","541","667","C0748140"
"1991","2","5","7","34","52","216","395","549","674","C0748140"
"1723","2","3","2","48","170","50","119","444","556","C0748140"
"8467","2","3","12","19","31","1","426","55","78","C0748140"
"5444","2","3","5","80","147","236","328","411","229","C0748140"
"5781","2","5","7","53","14","20","25","40","186","C0748140"
"4852","2","5","4","68","96","326","427","548","672","C0748140"
"785","2","5","8","63","36","166","106","110","158","C0748140"
"1080","2","3","12","41","219","339","156","544","669","C0748140"
"6775","2","5","7","53","14","119","25","40","186","C0748140"
"3655","2","5","7","53","51","342","454","573","492","C0748140"
"8803","2","3","8","67","92","293","55","75","311","C0748140"
"5728","2","3","5","80","81","339","156","568","605","C0748140"
"6905","2","3","12","76","153","40","38","54","75","C0748318"
"229","2","3","2","90","167","266","367","500","577","C0748318"
"23461","2","3","5","47","144","185","238","310","392","C0748318"
"1908","2","5","4","68","96","326","427","548","672","C0748318"
"4758","2","3","7","34","52","216","395","549","517","C0748318"
"4053","2","5","7","53","51","342","454","573","492","C0748318"
"3998","2","3","7","60","153","40","202","66","203","C0748318"
"2255","2","5","7","53","14","20","25","40","186","C0748318"
"1588","2","3","5","79","159","256","350","27","44","C0748318"
"5649","2","5","7","53","51","342","444","560","373","C0748318"
"2006","2","5","7","53","51","342","454","573","492","C0748318"
"5034","2","5","7","53","51","342","454","573","492","C0748318"
"6655","2","5","7","60","54","24","30","46","72","C0748318"
"10269","2","3","2","48","182","50","119","444","556","C0748540"
"472","2","3","12","19","31","261","116","1","86","C0748540"
"3280","2","3","12","19","31","143","428","236","667","C0748540"
"65250","2","3","12","76","153","40","38","54","75","C0748540"
"4514","2","3","2","48","57","110","141","359","5","C0748540"
"7508","2","3","12","19","31","261","116","1","664","C0748540"
"7454","2","5","7","60","14","20","25","40","215","C0748691"
"10743","2","3","3","19","151","276","91","433","118","C0748691"
"2697","2","3","7","76","153","40","38","54","75","C0748691"
"1749","2","3","3","19","221","321","428","541","667","C0748691"
"1729","2","5","7","34","52","216","395","549","674","C0748691"
"10020","2","3","2","89","124","204","42","452","258","C0748691"
"4625","2","3","8","63","45","23","103","464","187","C0748691"
"1280","2","5","7","53","51","342","454","573","492","C0748691"
"2778","2","5","4","68","96","326","427","548","672","C0748691"
"6926","2","5","7","53","51","335","259","560","373","C0748691"
"7337","2","3","12","41","116","268","434","468","213","C0748720"
"7480","2","5","3","68","221","197","259","560","422","C0748720"
"55624","2","3","2","78","123","194","255","215","412","C0748720"
"7020","2","3","12","19","31","276","91","433","664","C0748720"
"207","2","3","7","53","14","20","34","489","416","C0748720"
"324","2","3","12","41","219","197","70","255","422","C0748720"
"4148","2","5","7","53","51","342","454","573","492","C0748720"
"3930","2","3","2","22","33","323","66","3","464","C0748720"
"1134","2","5","8","27","70","99","162","216","290","C0748720"
"3845","2","5","7","60","54","24","30","46","72","C0749379"
"10082","2","3","2","74","51","342","454","573","492","C0749379"
"5624","2","5","7","53","51","342","454","573","492","C0749379"
"5602","2","3","12","19","14","150","34","540","68","C0749379"
"5447","2","3","5","91","214","271","372","471","586","C0749420"
"29851","2","5","7","53","14","20","25","40","186","C0749420"
"6748","2","3","2","110","85","237","433","547","671","C0749420"
"83872","2","5","7","53","51","342","454","573","492","C0749420"
"1289","2","5","7","53","51","342","454","573","492","C0749420"
"5663","2","5","7","34","52","216","395","549","667","C0750145"
"55624","2","3","2","78","123","194","255","215","412","C0750145"
"4854","2","5","7","53","51","143","428","236","667","C0750145"
"1836","2","3","2","35","41","94","260","330","375","C0750145"
"4627","2","5","7","63","45","184","103","572","658","C0750292"
"7169","2","5","8","63","45","23","103","464","187","C0750292"
"10195","2","3","2","48","69","99","162","216","290","C0750384"
"624","2","5","4","68","96","326","427","548","672","C0750384"
"2736","2","3","12","41","116","321","428","54","667","C0750384"
"1062","2","3","12","76","153","40","38","54","75","C0750384"
"3265","2","5","7","60","54","24","30","46","72","C0750857"
"3798","2","3","7","76","153","40","38","54","75","C0750857"
"6496","2","3","3","19","221","321","428","541","667","C0750857"
"3605","2","5","7","53","51","119","25","489","416","C0750857"
"8216","2","3","12","41","119","330","214","454","144","C0750857"
"54968","2","3","2","48","170","50","119","444","556","C0750857"
"5771","2","5","7","53","14","296","25","40","186","C0750857"
"5053","2","3","5","80","81","166","236","308","390","C0750857"
"51062","2","5","7","27","36","150","402","489","373","C0750857"
"2255","2","5","7","53","14","20","25","40","186","C0750857"
"695","2","5","7","53","14","20","25","40","186","C0750857"
"8626","2","3","3","19","221","321","428","541","667","C0750857"
"2318","2","5","7","53","45","23","103","464","187","C0750857"
"1290","2","5","7","53","51","342","454","573","492","C0750857"
"6722","2","3","12","76","153","40","38","54","75","C0750857"
"8626","2","3","3","19","221","321","428","541","667","C0750857"
"2110","2","3","2","48","170","50","119","444","556","C0750857"
"9241","2","5","7","53","51","342","259","423","389","C0750857"
"6239","2","3","12","19","119","330","214","454","144","C0750857"
"3730","2","5","7","53","14","20","25","40","186","C0750857"
"2316","2","5","7","53","51","342","454","573","702","C0750857"
"695","2","5","7","53","14","20","25","40","186","C0750857"
"2641","2","5","4","68","96","326","427","548","672","C0750857"
"8398","2","3","5","116","183","40","38","352","455","C0750857"
"2222","2","3","2","19","151","276","91","433","118","C0750857"
"4000","2","3","12","26","105","178","226","297","156","C0750857"
"10683","2","5","7","53","51","143","428","560","667","C0750857"
"26137","2","5","7","63","45","184","103","572","658","C0750857"
"7140","2","5","8","63","45","23","103","464","187","C0750857"
"7518","2","3","12","19","31","261","116","1","86","C0750929"
"54986","2","3","2","110","105","178","226","297","380","C0750929"
"4983","2","5","7","60","54","24","30","46","72","C0750929"
"4893","2","5","7","34","52","24","30","46","72","C0750929"
"6927","2","3","3","19","221","321","428","541","667","C0750929"
"4137","2","3","7","27","36","150","341","223","628","C0750937"
"7274","2","3","5","43","161","99","162","216","290","C0750937"
"10683","2","5","7","53","51","143","428","560","667","C0750937"
"26229","2","3","2","74","205","191","396","408","257","C0750937"
"2934","2","5","7","34","52","216","395","549","674","C0750937"
"4436","2","3","12","19","31","261","116","1","86","C0750937"
"6775","2","5","7","53","14","119","25","40","186","C0750937"
"2969","2","3","12","19","31","276","91","433","118","C0750937"
"55120","2","3","12","19","31","261","116","1","86","C0750937"
"1536","2","5","7","34","52","216","395","549","674","C0750937"
"4534","2","3","5","80","81","296","399","362","468","C0750937"
"2353","2","3","12","19","31","1","91","489","416","C0750937"
"546","2","3","12","19","31","261","426","1","86","C0750937"
"633","2","5","7","53","51","342","454","573","492","C0750937"
"23111","2","3","12","41","219","339","156","568","697","C0750937"
"22931","2","5","7","34","54","24","30","46","72","C0750937"
"54757","2","5","7","53","51","342","454","573","492","C0750937"
"9927","2","3","12","19","31","118","155","287","116","C0750937"
"1301","2","5","7","53","51","342","454","573","492","C0750937"
"1571","2","3","5","91","214","271","372","471","26","C0750937"
"3481","2","5","7","53","51","342","454","573","492","C0750937"
"1717","2","3","2","19","151","276","48","69","204","C0750937"
"2626","2","3","12","19","31","118","155","287","116","C0750937"
"955","2","3","5","64","42","80","328","135","181","C0750937"
"4860","2","3","7","34","52","216","395","549","150","C0750937"
"100","2","3","5","33","21","47","56","80","199","C0751003"
"5745","2","5","4","68","96","326","427","548","672","C0751003"
"5518","2","3","12","76","153","40","38","54","435","C0751003"
"8200","2","5","7","53","51","342","259","423","389","C0751003"
"5015","2","3","3","19","221","321","428","541","667","C0751003"
"2067","2","3","12","19","31","261","116","1","86","C0751003"
"5346","2","3","3","19","151","276","91","433","118","C0751003"
"2773","2","5","4","68","96","326","427","548","672","C0751003"
"5745","2","5","4","68","96","326","427","548","672","C0751037"
"8200","2","5","7","53","51","342","259","423","389","C0751037"
"2121","2","3","12","41","116","268","434","568","605","C0751038"
"7461","2","3","7","60","153","40","38","93","75","C0751038"
"50940","2","3","4","68","96","326","427","548","672","C0751038"
"4891","2","3","2","25","44","165","101","274","358","C0751039"
"4893","2","5","7","34","52","24","30","46","72","C0751039"
"6559","2","5","8","45","94","199","240","415","666","C0751039"
"3586","2","5","7","53","51","119","25","489","416","C0751072"
"6324","2","5","7","63","36","166","341","223","158","C0751072"
"3663","2","3","12","53","184","119","156","287","116","C0751072"
"30061","2","3","5","25","44","165","101","274","358","C0751072"
"2043","2","5","7","53","14","20","25","560","373","C0751072"
"27031","2","3","6","11","142","225","38","331","506","C0751093"
"23175","2","3","5","80","81","296","51","488","102","C0751093"
"3249","2","5","7","68","51","119","395","549","674","C0751093"
"3559","2","5","7","53","14","20","25","40","186","C0751093"
"8643","2","5","3","68","221","197","259","560","422","C0751093"
"9113","2","5","7","53","14","20","34","540","68","C0751093"
"57369","2","3","12","76","153","40","38","54","75","C0751093"
"940","2","5","7","53","14","20","25","40","186","C0751093"
"338","2","5","7","53","51","342","454","573","492","C0751093"
"6915","2","5","4","68","96","326","427","548","672","C0751122"
"2673","2","3","2","110","94","178","226","297","380","C0751122"
"291","2","3","2","48","170","50","304","167","593","C0751122"
"291","2","3","2","48","170","50","304","167","593","C0751122"
"25978","2","3","2","48","57","110","141","359","462","C0751122"
"5395","2","3","12","19","31","261","116","1","86","C0751122"
"22856","2","3","2","78","189","303","251","320","403","C0751122"
"3481","2","5","7","53","51","342","454","573","492","C0751122"
"5859","2","3","2","110","85","237","433","547","154","C0751273"
"2719","2","5","7","53","51","342","454","573","492","C0751273"
"10293","2","3","12","41","116","268","434","468","213","C0751276"
"3730","2","5","7","53","14","20","25","40","186","C0751276"
"6507","2","3","2","45","94","199","240","415","666","C0751279"
"8322","2","5","3","68","221","184","259","544","669","C0751279"
"3155","2","3","5","43","161","305","409","208","482","C0751285"
"4988","2","5","4","68","96","326","427","548","672","C0751285"
"9569","2","3","12","19","31","276","91","433","118","C0751285"
"324","2","3","12","41","219","197","70","255","422","C0751336"
"526","2","3","5","29","88","132","172","199","308","C0751336"
"5073","2","3","2","110","85","323","433","146","194","C0751336"
"4014","2","1","6","11","142","225","142","220","298","C0751337"
"8481","2","3","12","76","153","40","38","54","75","C0751337"
"26281","2","5","7","53","14","20","25","40","186","C0751337"
"2121","2","3","12","41","116","268","434","568","605","C0751362"
"59341","2","5","8","63","45","193","306","390","158","C0751362"
"9469","2","3","2","103","189","303","29","475","467","C0751362"
"5728","2","3","5","80","81","339","156","568","605","C0751362"
"3251","2","3","4","68","96","326","427","341","150","C0751362"
"4000","2","3","12","26","105","178","226","297","156","C0751362"
"54919","2","3","2","41","96","279","304","370","257","C0751362"
"3651","2","3","3","19","221","321","428","541","667","C0751362"
"22","2","3","2","48","170","279","423","274","154","C0751401"
"3440","2","3","12","19","184","118","155","287","116","C0751401"
"9469","2","3","2","103","189","303","29","475","467","C0751401"
"5648","2","5","7","53","51","119","395","549","674","C0751401"
"2071","2","3","12","19","31","261","116","159","211","C0751401"
"3559","2","5","7","53","14","20","25","40","186","C0751401"
"6197","2","3","12","19","14","20","34","540","68","C0751401"
"6261","2","5","8","63","45","23","34","464","187","C0751401"
"4724","2","3","2","48","170","50","119","444","556","C0751401"
"2071","2","3","12","19","31","261","116","159","211","C0751401"
"2067","2","3","12","19","31","261","116","1","86","C0751401"
"2255","2","5","7","53","14","20","25","40","186","C0751422"
"55612","2","5","7","60","36","71","177","560","701","C0751422"
"10558","2","3","2","50","47","39","100","321","209","C0751435"
"3340","2","3","2","74","58","112","148","193","525","C0751435"
"4591","2","3","12","41","116","268","434","468","213","C0751435"
"6885","2","3","12","41","219","339","156","568","697","C0751435"
"2184","2","3","5","76","153","138","236","332","407","C0751435"
"22954","2","3","12","41","116","268","434","468","213","C0751466"
"23522","2","3","12","19","31","1","426","55","78","C0751466"
"1829","2","1","6","11","142","225","142","220","298","C0751466"
"5597","2","3","12","41","14","76","34","540","68","C0751466"
"8867","2","3","5","60","14","184","341","544","669","C0751466"
"6303","2","3","2","67","118","160","261","188","423","C0751466"
"120892","2","3","2","110","85","28","164","85","522","C0751466"
"3872","2","1","6","11","142","225","142","220","298","C0751466"
"7132","2","3","12","41","219","339","156","568","697","C0751466"
"257","2","3","3","19","221","321","428","541","667","C0751466"
"7428","2","3","12","41","116","268","434","468","213","C0751466"
"5605","2","5","7","53","14","20","34","540","68","C0751483"
"5959","2","3","2","69","83","101","126","170","224","C0751483"
"2720","2","3","7","34","52","216","395","21","599","C0751495"
"23209","2","5","8","63","45","23","103","464","187","C0751495"
"4920","2","5","7","53","14","20","259","560","373","C0751495"
"2263","2","5","7","53","14","20","25","40","186","C0751495"
"3106","2","5","7","34","52","119","395","549","674","C0751495"
"3239","2","3","3","19","221","321","428","541","667","C0751495"
"4000","2","3","12","26","105","178","226","297","156","C0751495"
"4846","2","3","5","41","219","75","243","44","64","C0751495"
"1301","2","5","7","53","51","342","454","573","492","C0751495"
"26276","2","3","7","60","81","184","341","66","203","C0751495"
"5307","2","3","3","19","221","321","428","541","667","C0751495"
"3861","2","1","6","11","142","225","142","220","298","C0751495"
"2260","2","5","7","53","14","20","25","40","186","C0751495"
"1959","2","3","3","19","151","276","91","433","118","C0751495"
"5602","2","3","12","19","14","150","34","540","68","C0751576"
"1576","2","3","5","91","214","226","326","413","574","C0751576"
"26610","2","3","12","19","31","1","426","55","78","C0751576"
"9719","2","5","7","53","51","342","454","573","492","C0751617"
"6866","2","5","4","68","96","326","427","548","672","C0751617"
"2052","2","3","5","91","130","114","290","367","475","C0751617"
"1387","2","3","12","19","31","276","91","433","118","C0751617"
"1513","2","5","7","53","51","342","454","573","492","C0751617"
"1387","2","3","12","19","31","276","91","433","118","C0751617"
"6497","2","5","3","19","221","342","259","423","389","C0751617"
"9451","2","3","2","110","51","335","226","297","380","C0751617"
"7431","2","3","12","41","45","23","103","489","416","C0751617"
"54345","2","5","3","19","221","321","428","541","667","C0751617"
"56033","2","3","3","19","221","321","428","541","667","C0751617"
"5979","2","5","7","53","14","20","25","40","186","C0751617"
"718","2","5","7","34","51","119","395","549","674","C0751617"
"9427","2","5","5","53","51","119","252","489","416","C0751617"
"6326","2","5","8","63","36","166","341","390","158","C0751651"
"6559","2","5","8","45","94","199","240","415","666","C0751651"
"1277","2","5","7","53","51","342","454","573","492","C0751651"
"1621","2","3","5","53","51","239","333","422","537","C0751651"
"10683","2","5","7","53","51","143","428","560","667","C0751651"
"8890","2","3","2","110","85","237","433","547","671","C0751651"
"3576","2","5","4","68","96","326","427","548","672","C0751651"
"26277","2","3","12","19","31","1","426","1","78","C0751651"
"5251","2","3","5","80","81","296","474","593","722","C0751651"
"2581","2","3","5","80","81","250","291","152","420","C0751674"
"7051","2","1","6","11","142","225","142","220","298","C0751674"
"25782","2","5","7","60","54","24","30","46","72","C0751674"
"3853","2","1","6","11","142","225","142","220","298","C0751674"
"486","2","5","8","63","45","23","103","464","187","C0751674"
"727","2","5","4","68","96","326","427","548","672","C0751688"
"7136","2","5","8","63","45","23","103","464","187","C0751688"
"3845","2","5","7","60","54","24","30","46","72","C0751688"
"51360","2","3","3","26","35","276","91","433","203","C0751688"
"10166","2","3","2","84","97","167","210","278","360","C0751688"
"4540","2","3","2","48","170","50","119","444","556","C0751688"
"24","2","3","12","41","116","268","423","536","445","C0751688"
"5277","2","3","2","61","77","142","176","235","317","C0751688"
"3209","2","3","3","19","221","321","428","541","667","C0751688"
"9897","2","3","12","76","18","75","38","1","212","C0751688"
"5429","2","3","12","19","31","261","116","1","86","C0751688"
"3000","2","5","4","68","96","326","427","548","672","C0751688"
"23095","2","3","7","76","153","40","38","54","75","C0751688"
"2733","2","3","2","22","33","323","66","101","664","C0751688"
"10516","2","5","7","53","51","342","454","573","492","C0751688"
"4137","2","3","7","27","36","150","341","223","628","C0751688"
"9244","2","5","7","53","51","119","25","40","416","C0751688"
"10269","2","3","2","48","182","50","119","444","556","C0751690"
"595","2","3","12","19","31","1","426","489","416","C0751690"
"8438","2","3","12","76","153","261","116","1","86","C0751690"
"3440","2","3","12","19","184","118","155","287","116","C0751690"
"2260","2","5","7","53","14","20","25","40","186","C0751706"
"1146","2","5","8","27","70","99","162","216","290","C0751706"
"5925","2","3","12","19","31","1","426","55","78","C0751706"
"9915","2","3","3","27","151","276","91","433","118","C0751706"
"1758","2","5","7","53","51","342","454","573","492","C0751706"
"2720","2","3","7","34","52","216","395","21","599","C0751706"
"5696","2","3","12","41","116","268","156","568","116","C0751706"
"5828","2","3","5","43","161","305","409","208","482","C0751748"
"1027","2","3","12","19","31","1","116","1","86","C0751748"
"50846","2","3","3","68","221","197","259","560","422","C0751748"
"1639","2","3","12","76","153","40","38","54","75","C0751748"
"5264","2","3","5","43","161","305","409","208","482","C0751783"
"1302","2","5","7","53","51","342","454","573","492","C0751783"
"26053","2","3","12","19","31","1","426","55","78","C0751785"
"79659","2","3","12","76","153","40","38","54","75","C0751785"
"3845","2","5","7","60","54","24","30","46","72","C0751785"
"7957","2","3","5","42","81","296","399","201","274","C0751792"
"7249","2","3","7","60","57","110","141","359","462","C0751792"
"5631","2","3","2","72","119","109","266","336","452","C0751830"
"2248","2","5","7","53","14","20","25","40","186","C0751830"
"23347","2","3","12","41","116","268","434","468","213","C0751830"
"5573","2","3","12","19","184","118","155","287","116","C0751870"
"8216","2","3","12","41","119","330","214","454","144","C0751870"
"1593","2","3","5","79","152","273","157","333","277","C0751870"
"7287","2","5","7","11","142","71","341","560","219","C0751882"
"22930","2","5","7","60","54","24","30","46","72","C0751882"
"4141","2","3","2","110","85","237","433","547","154","C0751883"
"846","2","5","4","68","96","326","427","548","672","C0751883"
"30008","2","5","7","53","51","342","454","573","492","C0751883"
"331","2","3","12","41","219","339","156","568","697","C0751883"
"51761","2","5","8","63","45","23","103","464","187","C0751883"
"2158","2","5","7","68","51","119","395","549","674","C0751883"
"2332","2","3","2","22","33","71","373","466","609","C0751883"
"4854","2","5","7","53","51","143","428","236","667","C0751883"
"1281","2","5","7","53","51","342","454","573","492","C0751883"
"51010","2","3","2","110","85","237","433","547","671","C0751883"
"3066","2","3","12","19","31","1","426","55","78","C0751883"
"89891","2","3","12","76","153","40","38","54","75","C0751884"
"6663","2","3","3","19","221","321","428","541","667","C0751884"
"64581","2","5","7","53","51","119","395","549","674","C0751884"
"860","2","3","12","19","31","276","91","433","118","C0751884"
"3689","2","5","7","34","52","216","395","549","674","C0751884"
"3265","2","5","7","60","54","24","30","46","72","C0751884"
"6664","2","3","3","19","221","321","428","541","667","C0751884"
"1848","2","3","5","42","81","296","399","201","274","C0751884"
"5428","2","3","2","48","170","50","119","167","593","C0751895"
"5167","2","3","5","32","93","163","207","303","126","C0751895"
"5625","2","3","2","101","103","177","225","271","356","C0751895"
"1736","2","3","2","110","85","237","433","547","671","C0751895"
"8518","2","3","12","19","31","1","426","55","78","C0751895"
"24","2","3","12","41","116","268","423","536","445","C0751955"
"3930","2","3","2","22","33","323","66","3","464","C0751955"
"26191","2","5","7","53","14","20","25","40","186","C0751955"
"7048","2","5","7","53","51","342","259","423","389","C0751955"
"9968","2","4","3","24","119","330","214","454","144","C0751955"
"538","2","3","8","63","45","23","103","464","187","C0752109"
"57105","2","5","4","68","96","326","427","548","672","C0752109"
"2316","2","5","7","53","51","342","454","573","702","C0752109"
"2263","2","5","7","53","14","20","25","40","186","C0752109"
"7545","2","5","3","34","52","216","142","220","298","C0752143"
"29899","2","5","4","68","96","326","427","548","672","C0752143"
"3763","2","5","8","63","36","166","106","110","158","C0752143"
"25939","2","3","12","53","184","119","156","287","116","C0752160"
"10516","2","5","7","53","51","342","454","573","492","C0752160"
"2187","2","3","12","19","31","261","116","1","86","C0752166"
"4893","2","5","7","34","52","24","30","46","72","C0752166"
"5626","2","3","3","19","221","321","428","541","667","C0752166"
"5443","2","5","4","68","96","326","427","548","672","C0752166"
"6611","2","3","2","58","55","25","46","329","198","C0752166"
"3735","2","3","2","110","85","237","433","252","154","C0752166"
"6439","2","5","5","68","96","185","238","310","272","C0752166"
"5950","2","5","7","53","51","101","126","170","224","C0752166"
"6121","2","3","2","69","83","101","126","170","224","C0752166"
"673","2","5","7","53","14","20","34","540","68","C0752166"
"1277","2","5","7","53","51","342","454","573","492","C0752166"
"3953","2","5","7","53","14","20","25","40","186","C0752166"
"1540","2","3","12","41","219","339","156","568","605","C0752166"
"4750","2","5","12","76","14","20","34","540","68","C0752166"
"10763","2","3","12","76","36","150","74","73","100","C0752166"
"4088","2","3","12","19","219","339","259","423","605","C0752166"
"5296","2","5","7","53","14","20","25","40","186","C0752166"
"2218","2","5","2","53","123","194","255","560","373","C0752166"
"4313","2","5","7","53","51","342","454","573","492","C0752166"
"368","2","3","12","41","116","268","423","536","445","C0752166"
"10269","2","3","2","48","182","50","119","444","556","C0752166"
"4014","2","1","6","11","142","225","142","220","298","C0752166"
"5831","2","3","2","101","62","189","182","566","409","C0752210"
"1969","2","5","7","53","14","20","25","560","186","C0752210"
"6445","2","5","8","63","45","23","103","464","187","C0752252"
"3952","2","5","3","53","151","276","91","433","118","C0752252"
"8481","2","3","12","76","153","40","38","54","75","C0752262"
"55572","2","3","2","48","170","50","119","444","556","C0752262"
"2990","2","3","7","34","52","216","395","549","674","C0752282"
"3858","2","1","6","11","142","225","142","220","298","C0752282"
"3052","2","3","2","48","170","50","119","444","556","C0752282"
"158","2","3","4","96","177","61","373","341","142","C0752282"
"54808","2","3","12","76","153","40","38","54","75","C0752308"
"11152","2","3","2","48","57","110","141","359","462","C0752308"
"7138","2","5","8","63","45","23","103","464","187","C0752308"
"25782","2","5","7","60","54","24","30","46","72","C0752308"
"3852","2","1","6","11","142","225","142","220","298","C0752308"
"4609","2","3","12","19","31","1","160","107","416","C0752323"
"64419","2","3","5","80","81","110","141","359","462","C0752323"
"2328","2","3","5","91","214","226","326","413","530","C0752323"
"207","2","3","7","53","14","20","34","489","416","C0752323"
"114798","2","5","7","53","51","335","444","560","373","C0752323"
"22926","2","3","12","19","31","276","91","433","118","C0752323"
"1282","2","5","7","53","51","342","454","573","492","C0752323"
"3952","2","5","3","53","151","276","91","433","118","C0752323"
"3561","2","5","7","53","14","20","25","40","186","C0752323"
"801","2","5","8","63","45","23","103","464","187","C0752347"
"716","2","5","7","53","51","119","395","549","674","C0752347"
"2255","2","5","7","53","14","20","25","40","186","C0752347"
"6616","2","5","7","34","52","216","341","223","628","C0752347"
"9031","2","3","12","19","31","1","426","55","78","C0752347"
"5781","2","5","7","53","14","20","25","40","186","C0752347"
"5443","2","5","4","68","96","326","427","548","672","C0752347"
"9401","2","3","12","76","31","261","116","1","86","C0752347"
"2260","2","5","7","53","14","20","25","40","186","C0752347"
"6875","2","3","12","19","31","261","116","159","211","C0752347"
"673","2","5","7","53","14","20","34","540","68","C0752347"
"2694","2","5","7","48","51","105","139","186","245","C0752347"
"9897","2","3","12","76","18","75","38","1","212","C0752347"
"6785","2","3","5","67","7","5","239","311","393","C0752347"
"11041","2","3","2","27","36","150","341","223","628","C0752347"
"545","2","3","12","19","31","261","116","1","86","C0752347"
"4312","2","5","7","53","51","342","454","573","492","C0752347"
"478","2","3","8","63","45","23","366","464","187","C0752347"
"1499","2","3","12","19","221","197","259","560","422","C0752347"
"2175","2","3","12","19","31","261","116","1","86","C0752347"
"7547","2","3","3","19","221","321","428","541","667","C0752347"
"682","2","3","2","53","51","342","454","573","492","C0752351"
"9409","2","3","5","43","161","305","409","208","482","C0752351"
"4204","2","3","12","19","31","1","426","55","78","C0752351"
"2138","2","3","12","19","31","1","426","55","78","C0752351"
"2159","2","5","7","68","51","119","454","549","674","C0752351"
"2316","2","5","7","53","51","342","454","573","702","C0752351"
"50964","2","5","3","68","221","197","259","423","422","C0752351"
"2632","2","3","2","28","22","48","232","82","114","C0795690"
"11155","2","5","7","63","45","23","103","464","187","C0795690"
"538","2","3","8","63","45","23","103","464","187","C0795690"
"4593","2","5","7","53","14","20","454","573","492","C0795690"
"3248","2","3","2","69","83","133","167","224","301","C0795690"
"3557","2","3","12","41","219","339","156","568","697","C0795690"
"2131","2","3","2","74","58","112","148","181","416","C0795690"
"2188","2","3","12","19","31","261","116","1","86","C0795690"
"2736","2","3","12","41","116","321","428","54","667","C0795690"
"5195","2","3","5","43","161","305","409","208","482","C0795690"
"355","2","3","7","41","219","339","156","568","697","C0795690"
"5594","2","5","7","34","14","20","34","540","274","C0795690"
"54880","2","3","12","19","31","1","426","55","78","C0795690"
"3553","2","5","7","53","51","119","25","489","416","C0795690"
"4508","2","3","2","48","170","50","119","444","556","C0795690"
"1280","2","5","7","53","51","342","454","573","492","C0795690"
"3458","2","5","7","53","184","119","156","287","116","C0795690"
"8626","2","3","3","19","221","321","428","541","667","C0795690"
"5167","2","3","5","32","93","163","207","303","126","C0795690"
"5290","2","3","7","53","14","20","25","40","186","C0795690"
"3835","2","3","12","76","153","40","38","54","75","C0795806"
"3858","2","1","6","11","142","225","142","220","298","C0795806"
"10743","2","3","3","19","151","276","91","433","118","C0795806"
"9031","2","3","12","19","31","1","426","55","78","C0795864"
"5083","2","3","3","19","221","321","428","541","667","C0795864"
"4099","2","5","7","27","51","150","444","223","628","C0795905"
"54361","2","5","3","68","221","197","259","560","422","C0795905"
"3425","2","3","5","80","81","166","454","573","492","C0795907"
"149998","2","3","5","116","183","295","398","552","622","C0795907"
"2639","2","3","2","71","148","34","160","115","164","C0795907"
"1716","2","3","2","27","36","150","221","138","188","C0795907"
"478","2","3","8","63","45","23","366","464","187","C0795907"
"729262","2","3","12","22","142","225","366","362","468","C0795907"
"50846","2","3","3","68","221","197","259","560","422","C0795907"
"7403","2","3","12","19","31","1","426","55","78","C0795907"
"2316","2","5","7","53","51","342","454","573","702","C0795907"
"10019","2","5","7","53","14","20","25","40","116","C0795996"
"8398","2","3","5","116","183","40","38","352","455","C0795996"
"3954","2","3","2","48","170","67","119","444","593","C0795996"
"9244","2","5","7","53","51","119","25","40","416","C0795998"
"4540","2","3","2","48","170","50","119","444","556","C0795998"
"7351","2","3","2","20","29","98","123","166","221","C0796004"
"9101","2","3","12","41","219","339","156","568","605","C0796004"
"720","2","5","7","53","51","342","454","573","492","C0796004"
"55687","2","3","2","48","170","152","119","252","154","C0796004"
"2706","2","3","12","76","153","40","38","54","75","C0796013"
"285489","2","5","7","60","36","71","341","223","219","C0796013"
"5784","2","5","7","42","81","296","399","201","274","C0796016"
"5660","2","5","7","34","52","326","427","548","702","C0796016"
"2879","2","3","5","80","81","166","378","173","229","C0796022"
"9782","2","3","2","22","33","323","66","101","136","C0796022"
"7345","2","3","12","41","116","268","341","223","628","C0796022"
"860","2","3","12","19","31","276","91","433","118","C0796032"
"8626","2","3","3","19","221","321","428","541","667","C0796032"
"2155","2","5","7","53","51","119","454","549","674","C0796037"
"5979","2","5","7","53","14","20","25","40","186","C0796037"
"10060","2","3","8","41","45","23","423","464","445","C0796059"
"26281","2","5","7","53","14","20","25","40","186","C0796059"
"1286","2","5","7","53","51","342","454","573","492","C0796070"
"5193","2","3","5","43","161","305","409","208","482","C0796070"
"3162","2","3","5","53","51","119","402","489","416","C0796070"
"595","2","3","12","19","31","1","426","489","416","C0796126"
"7319","2","3","12","41","116","268","434","468","213","C0796126"
"1719","2","3","2","76","153","40","116","54","75","C0796126"
"613","2","5","7","60","54","24","30","46","72","C0796126"
"10075","2","3","12","34","52","216","434","468","213","C0796126"
"5896","2","3","12","41","116","268","434","568","605","C0796137"
"760","2","3","5","35","41","77","40","78","178","C0796137"
"5830","2","3","5","43","161","305","409","208","482","C0796147"
"6392","2","3","2","48","170","50","119","444","556","C0796147"
"1300","2","5","7","53","51","342","454","573","492","C0796147"
"540","2","5","8","63","45","23","103","464","187","C0796154"
"4784","2","3","2","22","33","261","116","159","211","C0796154"
"4281","2","5","7","53","184","119","156","287","116","C0796154"
"9632","2","3","7","60","153","40","38","54","203","C0796205"
"207","2","3","7","53","14","20","34","489","416","C0796205"
"3425","2","3","5","80","81","166","454","573","492","C0796208"
"6925","2","3","12","19","31","225","142","220","298","C0796208"
"23729","2","3","2","90","167","148","36","51","383","C0796232"
"6299","2","3","12","19","221","321","428","541","667","C0796232"
"1280","2","5","7","53","51","342","454","573","492","C0796274"
"7442","2","5","8","63","45","193","306","390","158","C0796274"
"4540","2","3","2","48","170","50","119","444","556","C0796279"
"8878","2","3","12","41","219","339","156","568","697","C0796279"
"2990","2","3","7","34","52","216","395","549","674","C0809983"
"2316","2","5","7","53","51","342","454","573","702","C0809983"
"5116","2","3","12","76","153","40","38","54","75","C0809983"
"1890","2","3","5","80","81","296","62","94","150","C0809983"
"2110","2","3","2","48","170","50","119","444","556","C0809983"
"10512","2","5","3","53","51","342","79","560","373","C0809983"
"4487","2","3","3","19","221","321","428","541","667","C0809983"
"8200","2","5","7","53","51","342","259","423","389","C0809983"
"6528","2","5","8","45","94","199","240","415","666","C0813217"
"2641","2","5","4","68","96","326","427","548","672","C0813217"
"270","2","3","5","33","21","47","84","261","246","C0813217"
"2201","2","5","7","53","51","342","454","573","492","C0813217"
"1440","2","5","7","53","51","119","25","489","416","C0813217"
"4864","2","3","5","48","152","184","341","544","669","C0813217"
"51360","2","3","3","26","35","276","91","433","203","C0836924"
"25782","2","5","7","60","54","24","30","46","72","C0836924"
"5194","2","3","5","43","161","305","409","208","482","C0836924"
"7290","2","3","12","19","31","1","426","55","78","C0836924"
"3119","2","5","7","53","153","119","156","287","116","C0836924"
"55505","2","3","2","110","85","237","433","547","671","C0836924"
"9131","2","3","12","41","219","339","347","271","356","C0836924"
"5443","2","5","4","68","96","326","427","548","672","C0836924"
"3043","2","5","7","34","52","216","395","549","116","C0836924"
"5594","2","5","7","34","14","20","34","540","274","C0836924"
"23111","2","3","12","41","219","339","156","568","697","C0836924"
"6611","2","3","2","58","55","25","46","329","198","C0836924"
"11005","2","1","6","11","142","225","142","220","298","C0836924"
"5194","2","3","5","43","161","305","409","208","482","C0836924"
"11277","2","3","12","19","31","261","116","1","86","C0847614"
"8481","2","3","12","76","153","40","38","54","75","C0847614"
"2074","2","3","12","19","31","1","426","55","78","C0848558"
"3670","2","3","2","110","85","237","433","547","671","C0848558"
"715","2","5","7","53","51","119","395","549","674","C0848558"
"4514","2","3","2","48","57","110","141","359","5","C0848558"
"23426","2","5","7","42","36","71","177","223","219","C0850703"
"4000","2","3","12","26","105","178","226","297","156","C0850703"
"7415","2","3","7","34","52","216","395","536","445","C0850703"
"93","2","5","7","53","14","20","259","423","389","C0850703"
"26090","2","3","2","80","81","166","397","361","466","C0850703"
"11277","2","3","12","19","31","261","116","1","86","C0850703"
"9095","2","5","7","53","51","335","444","560","373","C0850703"
"80271","2","3","2","18","16","83","99","177","191","C0850703"
"4287","2","3","12","41","116","268","434","468","215","C0850703"
"54768","2","3","12","41","92","197","57","198","517","C0850703"
"8557","2","5","8","63","45","23","103","464","187","C0850703"
"6575","2","3","8","45","94","199","240","415","666","C0850703"
"2033","2","3","12","19","31","1","91","433","118","C0850715"
"10436","2","3","2","110","85","237","433","547","671","C0850715"
"7157","2","3","12","19","31","261","402","489","551","C0850715"
"7042","2","5","7","53","51","342","454","573","492","C0850715"
"7021","2","3","12","19","31","261","91","433","664","C0850715"
"2177","2","3","2","110","90","261","431","545","443","C0850715"
"859","2","5","8","63","45","23","103","464","187","C0850715"
"54808","2","3","12","76","153","40","38","54","75","C0850715"
"4914","2","3","2","22","18","266","202","252","252","C0850715"
"3730","2","5","7","53","14","20","25","40","186","C0850715"
"8878","2","3","12","41","219","339","156","568","697","C0852036"
"5573","2","3","12","19","184","118","155","287","116","C0852036"
"8842","2","5","5","53","82","147","184","179","328","C0852283"
"478","2","3","8","63","45","23","366","464","187","C0852283"
"26277","2","3","12","19","31","1","426","1","78","C0852283"
"2178","2","3","12","19","31","261","116","1","86","C0852283"
"1290","2","5","7","53","51","342","454","573","492","C0852283"
"1493","2","5","7","53","51","119","25","40","186","C0852283"
"3425","2","3","5","80","81","166","454","573","492","C0852283"
"64805","2","5","4","68","96","326","427","548","672","C0852283"
"54820","2","3","12","76","153","40","38","54","75","C0852283"
"1804","2","5","7","27","36","150","341","223","628","C0852283"
"4842","2","3","5","63","45","71","177","464","219","C0852283"
"857","2","5","7","53","45","23","57","83","422","C0852283"
"1736","2","3","2","110","85","237","433","547","671","C0852283"
"1789","2","3","12","19","31","1","426","55","78","C0852283"
"4540","2","3","2","48","170","50","119","444","556","C0852283"
"2068","2","3","12","19","31","261","116","159","211","C0852866"
"9365","2","3","7","53","14","20","25","40","186","C0852866"
"8822","2","5","7","53","14","20","25","40","186","C0853068"
"23586","2","3","12","41","219","339","156","568","605","C0853068"
"2512","2","3","7","34","52","216","395","544","358","C0853068"
"8200","2","5","7","53","51","342","259","423","389","C0853068"
"5917","2","3","2","110","85","237","433","547","154","C0853068"
"26137","2","5","7","63","45","184","103","572","658","C0853068"
"286","2","5","7","60","153","40","38","54","203","C0853068"
"4548","2","3","2","15","85","105","139","186","245","C0853085"
"2260","2","5","7","53","14","20","25","40","186","C0853085"
"6342","2","3","5","80","161","305","409","208","482","C0853085"
"7052","2","3","7","34","109","342","454","573","383","C0853085"
"55703","2","3","2","22","33","261","116","159","211","C0853085"
"8243","2","3","12","76","31","40","38","54","75","C0853087"
"6595","2","3","12","19","31","1","426","55","78","C0853087"
"3284","2","3","2","69","98","169","299","183","243","C0853087"
"355","2","3","7","41","219","339","156","568","697","C0853087"
"1387","2","3","12","19","31","276","91","433","118","C0853087"
"472","2","3","12","19","31","261","116","1","86","C0853087"
"55630","2","3","5","27","81","99","162","216","290","C0853087"
"51268","2","3","5","43","161","305","409","208","30","C0853087"
"30008","2","5","7","53","51","342","454","573","492","C0853087"
"23503","2","3","6","11","142","225","142","220","298","C0853087"
"54551","2","3","12","41","219","197","156","568","422","C0853087"
"3977","2","5","7","53","51","119","25","40","416","C0853087"
"6647","2","3","2","95","2","342","378","173","702","C0853087"
"5077","2","3","3","19","221","321","428","541","667","C0853087"
"8454","2","3","12","41","116","268","434","468","213","C0853087"
"10483","2","3","7","60","54","24","30","46","72","C0853087"
"9364","2","5","7","60","54","24","30","46","72","C0853087"
"144811","2","3","6","11","142","225","417","128","298","C0853087"
"8314","2","3","12","41","31","1","426","55","78","C0853087"
"3106","2","5","7","34","52","119","395","549","674","C0853087"
"2146","2","3","12","19","31","1","426","55","78","C0853087"
"546","2","3","12","19","31","261","426","1","86","C0853087"
"1080","2","3","12","41","219","339","156","544","669","C0853193"
"1836","2","3","2","35","41","94","260","330","375","C0853193"
"55315","2","3","5","80","81","296","62","94","150","C0853193"
"1387","2","3","12","19","31","276","91","433","118","C0853193"
"4654","2","3","12","19","31","276","91","433","118","C0853193"
"3977","2","5","7","53","51","119","25","40","416","C0853193"
"9719","2","5","7","53","51","342","454","573","492","C0853193"
"867","2","5","7","53","14","184","25","40","669","C0853193"
"7124","2","3","12","41","219","339","156","568","697","C0853193"
"3043","2","5","7","34","52","216","395","549","116","C0853193"
"3954","2","3","2","48","170","67","119","444","593","C0853193"
"9871","2","3","7","60","153","40","38","54","203","C0853193"
"2796","2","5","4","68","96","326","427","548","672","C0853193"
"1281","2","5","7","53","51","342","454","573","492","C0853193"
"3073","2","3","5","105","155","250","291","152","420","C0853193"
"4359","2","5","7","53","51","342","454","573","492","C0853193"
"78989","2","5","7","53","51","119","395","573","674","C0853193"
"5972","2","5","5","34","52","216","397","418","568","C0853877"
"4541","2","3","2","48","170","50","119","444","24","C0853877"
"5982","2","3","12","19","31","261","116","1","86","C0853877"
"2245","2","5","7","60","54","24","30","46","72","C0853897"
"4000","2","3","12","26","105","178","226","297","156","C0853897"
"55505","2","3","2","110","85","237","433","547","671","C0853897"
"4598","2","3","2","19","151","276","198","259","427","C0853897"
"10166","2","3","2","84","97","167","210","278","360","C0853897"
"1908","2","5","4","68","96","326","427","548","672","C0853897"
"57107","2","3","2","48","170","50","119","444","556","C0853897"
"23064","2","3","6","11","31","261","142","220","664","C0853897"
"11152","2","3","2","48","57","110","141","359","462","C0853897"
"9445","2","3","12","19","31","1","426","55","78","C0853897"
"6338","2","5","8","63","45","23","34","464","187","C0853945"
"6949","2","3","2","110","85","237","164","390","311","C0853945"
"326","2","3","12","19","31","261","377","370","269","C0853945"
"5961","2","5","7","27","51","326","126","414","702","C0853945"
"10082","2","3","2","74","51","342","454","573","492","C0853945"
"1299","2","5","7","53","51","342","454","573","492","C0853945"
"5982","2","3","12","19","31","261","116","1","86","C0853945"
"6492","2","3","3","19","151","276","91","433","118","C0853945"
"1290","2","5","7","53","51","342","454","573","492","C0853945"
"4790","2","3","7","34","52","216","166","129","697","C0853945"
"6558","2","5","8","45","94","199","240","415","666","C0854021"
"1301","2","5","7","53","51","342","454","573","492","C0854021"
"10555","2","3","7","34","52","216","395","549","622","C0854107"
"3098","2","3","2","90","167","266","367","500","577","C0854107"
"4000","2","3","12","26","105","178","226","297","156","C0854107"
"5781","2","5","7","53","14","20","25","40","186","C0854107"
"8629","2","3","12","19","221","1","428","541","667","C0854107"
"4508","2","3","2","48","170","50","119","444","556","C0854107"
"3949","2","5","7","60","14","184","341","544","669","C0854107"
"7436","2","5","7","53","51","342","341","544","669","C0854107"
"4000","2","3","12","26","105","178","226","297","156","C0854107"
"1268","2","5","4","68","96","326","427","548","672","C0854107"
"51360","2","3","3","26","35","276","91","433","203","C0854110"
"55624","2","3","2","78","123","194","255","215","412","C0854110"
"2774","2","2","1","9","15","21","28","42","62","C0854110"
"6335","2","5","8","63","36","166","341","390","158","C0854110"
"6654","2","5","7","60","54","24","30","46","72","C0854110"
"30062","2","3","3","19","221","321","428","541","667","C0854110"
"4143","2","3","5","80","81","105","426","129","2","C0854110"
"5447","2","3","5","91","214","271","372","471","586","C0854110"
"1280","2","5","7","53","51","342","454","573","492","C0854110"
"6392","2","3","2","48","170","50","119","444","556","C0854110"
"5828","2","3","5","43","161","305","409","208","482","C0854110"
"1029","2","3","12","19","31","1","116","1","664","C0854110"
"4010","2","3","3","19","221","321","428","541","667","C0854110"
"4513","2","3","2","48","170","110","141","359","532","C0854242"
"3630","2","5","7","53","14","20","25","40","186","C0854242"
"10082","2","3","2","74","51","342","454","573","492","C0854242"
"5193","2","3","5","43","161","305","409","208","482","C0854723"
"668","2","3","12","19","221","321","428","541","664","C0854723"
"4000","2","3","12","26","105","178","226","297","156","C0854723"
"5979","2","5","7","53","14","20","25","40","186","C0854723"
"2131","2","3","2","74","58","112","148","181","416","C0854723"
"405753","2","3","2","69","83","58","64","98","134","C0854723"
"3891","2","1","6","11","142","225","142","220","298","C0854723"
"6663","2","3","3","19","221","321","428","541","667","C0854723"
"975","2","5","7","53","51","119","395","549","674","C0854723"
"23522","2","3","12","19","31","1","426","55","78","C0854723"
"190","2","3","3","19","151","276","91","433","118","C0854723"
"8643","2","5","3","68","221","197","259","560","422","C0854723"
"6154","2","3","2","110","85","237","433","547","671","C0854723"
"95","2","3","5","80","81","166","400","503","625","C0854723"
"7168","2","5","8","63","45","23","103","464","187","C0854723"
"1277","2","5","7","53","51","342","454","573","492","C0854723"
"2916","2","5","4","68","96","326","427","548","672","C0854723"
"23064","2","3","6","11","31","261","142","220","664","C0854723"
"8314","2","3","12","41","31","1","426","55","78","C0854723"
"7048","2","5","7","53","51","342","259","423","389","C0854723"
"731","2","5","7","53","51","119","395","549","674","C0854723"
"779","2","5","8","63","36","166","341","390","158","C0854723"
"10058","2","3","5","44","50","209","68","11","141","C0854723"
"8942","2","3","5","52","212","183","307","391","507","C0854723"
"2313","2","3","12","19","31","276","91","433","118","C0854723"
"3339","2","5","7","53","51","342","454","573","492","C0854723"
"2252","2","5","7","53","14","20","25","40","186","C0854723"
"79621","2","3","2","22","137","76","149","195","435","C0854723"
"4359","2","5","7","53","51","342","454","573","492","C0854723"
"6833","2","5","8","45","36","166","240","415","666","C0854723"
"2652","2","5","4","68","96","326","427","548","672","C0854723"
"5982","2","3","12","19","31","261","116","1","86","C0854723"
"5832","2","3","2","101","62","189","182","509","252","C0854723"
"6531","2","5","8","45","94","199","240","415","666","C0855740"
"213","2","5","7","53","51","342","454","573","492","C0855740"
"2720","2","3","7","34","52","216","395","21","599","C0855740"
"54808","2","3","12","76","153","40","38","54","75","C0855740"
"1806","2","3","2","49","23","186","149","195","61","C0855740"
"7290","2","3","12","19","31","1","426","55","78","C0855740"
"1441","2","5","7","53","51","119","25","40","186","C0855740"
"2395","2","3","2","48","170","50","304","167","593","C0855740"
"26191","2","5","7","53","14","20","25","40","186","C0855740"
"551","2","5","4","68","96","326","427","548","672","C0855740"
"207","2","3","7","53","14","20","34","489","416","C0855740"
"2990","2","3","7","34","52","216","395","549","674","C0855740"
"6817","2","3","2","37","105","92","113","154","201","C0855742"
"9723","2","5","7","53","51","342","79","560","373","C0855742"
"4221","2","3","12","19","31","342","454","573","492","C0855742"
"7681","2","3","12","41","116","268","434","468","213","C0855742"
"732","2","5","7","53","51","119","395","549","674","C0855742"
"29110","2","3","12","41","219","339","156","568","697","C0855742"
"55172","2","5","7","27","36","150","341","223","628","C0855742"
"5154","2","5","7","53","51","342","454","573","186","C0855742"
"10686","2","5","6","42","36","71","177","64","219","C0855742"
"4204","2","3","12","19","31","1","426","55","78","C0855791"
"5506","2","3","12","76","137","76","136","82","658","C0855791"
"2332","2","3","2","22","33","71","373","466","609","C0855791"
"3758","2","5","8","63","36","166","106","110","158","C0855791"
"5589","2","5","7","53","51","342","454","573","492","C0855791"
"2121","2","3","12","41","116","268","434","568","605","C0856727"
"1410","2","3","12","63","45","23","38","54","187","C0856727"
"2255","2","5","7","53","14","20","25","40","186","C0856747"
"1352","2","3","2","48","170","50","119","444","556","C0856747"
"55624","2","3","2","78","123","194","255","215","412","C0856747"
"8242","2","3","12","19","31","1","426","55","78","C0856747"
"81624","2","3","12","76","153","40","38","54","75","C0856747"
"7099","2","5","7","41","219","339","156","568","697","C0856761"
"2328","2","3","5","91","214","226","326","413","530","C0856761"
"8200","2","5","7","53","51","342","259","423","389","C0856863"
"9451","2","3","2","110","51","335","226","297","380","C0856863"
"859","2","5","8","63","45","23","103","464","187","C0856863"
"6662","2","3","3","19","221","321","428","541","667","C0856863"
"9968","2","4","3","24","119","330","214","454","144","C0856863"
"6496","2","3","3","19","221","321","428","541","667","C0856863"
"3845","2","5","7","60","54","24","30","46","72","C0856863"
"8506","2","5","7","53","51","342","454","573","492","C0856863"
"2200","2","5","7","53","51","342","454","573","492","C0856863"
"55704","2","3","12","76","153","40","38","54","75","C0856863"
"860","2","3","12","19","31","276","91","433","118","C0856863"
"943","2","3","12","41","219","339","156","568","697","C0856863"
"8504","2","3","5","47","144","185","238","310","392","C0856863"
"2068","2","3","12","19","31","261","116","159","211","C0856863"
"2629","2","3","5","80","81","250","291","152","420","C0856863"
"5144","2","3","4","68","96","326","427","548","672","C0856863"
"10019","2","5","7","53","14","20","25","40","116","C0856863"
"5015","2","3","3","19","221","321","428","541","667","C0856863"
"6900","2","5","7","53","51","342","454","223","373","C0856863"
"7124","2","3","12","41","219","339","156","568","697","C0856975"
"6716","2","3","2","69","98","169","299","50","494","C0856975"
"55690","2","3","2","48","57","110","141","359","462","C0856975"
"9131","2","3","12","41","219","339","347","271","356","C0856975"
"4985","2","5","4","68","96","326","427","548","672","C0856975"
"4261","2","3","12","53","184","119","156","287","116","C0856975"
"5189","2","3","5","43","161","305","409","208","482","C0856975"
"54903","2","3","12","76","153","40","38","54","75","C0856975"
"7468","2","3","12","19","31","1","426","55","78","C0856975"
"859","2","5","8","63","45","23","103","464","187","C0856975"
"3769","2","5","8","63","36","166","106","110","158","C0856975"
"7021","2","3","12","19","31","261","91","433","664","C0856975"
"7476","2","5","3","68","221","197","259","560","422","C0856975"
"1959","2","3","3","19","151","276","91","433","118","C0856975"
"2034","2","3","12","41","116","268","434","468","213","C0856975"
"1513","2","5","7","53","51","342","454","573","492","C0856975"
"59","2","5","8","63","45","23","103","464","187","C0856975"
"3766","2","5","8","63","36","166","106","110","158","C0856975"
"6687","2","3","2","48","170","50","119","444","593","C0856975"
"1594","2","3","5","92","163","96","363","460","487","C0856975"
"3000","2","5","4","68","96","326","427","548","672","C0857007"
"2131","2","3","2","74","58","112","148","181","416","C0857007"
"5447","2","3","5","91","214","271","372","471","586","C0857007"
"8626","2","3","3","19","221","321","428","541","667","C0857460"
"2200","2","5","7","53","51","342","454","573","492","C0857460"
"2717","2","3","7","34","52","216","395","549","674","C0857460"
"51164","2","3","7","76","153","40","38","54","75","C0857460"
"4023","2","3","5","24","51","342","91","20","27","C0857460"
"6535","2","5","8","45","94","199","240","415","666","C0857460"
"5308","2","3","3","19","221","321","428","541","667","C0857460"
"3776","2","5","8","63","36","166","106","110","158","C0857460"
"7132","2","3","12","41","219","339","156","568","697","C0857460"
"26128","2","3","12","76","153","40","38","54","154","C0857460"
"29954","2","5","2","27","206","324","430","215","290","C0857460"
"8481","2","3","12","76","153","40","38","54","75","C0857460"
"1280","2","5","7","53","51","342","454","573","492","C0857460"
"7167","2","3","2","90","167","266","367","500","577","C0857460"
"10195","2","3","2","48","69","99","162","216","290","C0857501"
"10804","2","3","12","76","153","40","38","54","75","C0857501"
"4703","2","5","7","60","45","23","103","464","187","C0857501"
"6335","2","5","8","63","36","166","341","390","158","C0857898"
"9076","2","5","6","42","36","71","177","64","219","C0857898"
"6338","2","5","8","63","45","23","34","464","187","C0857973"
"2697","2","3","7","76","153","40","38","54","75","C0857973"
"4791","2","3","12","41","219","339","156","568","697","C0857973"
"4625","2","3","8","63","45","23","103","464","187","C0857973"
"6389","2","3","2","48","170","50","119","444","556","C0857973"
"7026","2","3","3","19","151","276","91","433","118","C0857973"
"4015","2","5","7","53","51","342","454","573","492","C0857973"
"2694","2","5","7","48","51","105","139","186","245","C0857973"
"1836","2","3","2","35","41","94","260","330","375","C0857973"
"948","2","5","7","34","52","216","91","433","702","C0857973"
"51715","2","5","7","60","54","24","30","46","72","C0857973"
"3593","2","5","7","53","51","119","25","489","416","C0857973"
"4604","2","5","8","63","45","23","103","464","187","C0857973"
"7072","2","3","2","22","33","323","66","101","136","C0857973"
"3756","2","5","8","63","36","166","106","110","158","C0858355"
"3953","2","5","7","53","14","20","25","40","186","C0858355"
"1950","2","5","7","53","14","20","25","40","186","C0858355"
"10484","2","3","7","60","153","40","38","54","203","C0858355"
"5896","2","3","12","41","116","268","434","568","605","C0858617"
"1991","2","5","7","34","52","216","395","549","674","C0858617"
"779","2","5","8","63","36","166","341","390","158","C0858617"
"1584","2","3","5","79","159","256","276","353","456","C0858618"
"51204","2","3","2","48","170","50","119","444","556","C0858618"
"8398","2","3","5","116","183","40","38","352","455","C0858618"
"26525","2","5","7","53","219","119","156","568","697","C0858618"
"2317","2","5","7","63","45","23","103","287","664","C0858618"
"5264","2","3","5","43","161","305","409","208","482","C0858618"
"7040","2","5","7","53","51","342","454","573","492","C0858618"
"23203","2","3","5","80","81","50","304","167","593","C0858618"
"8214","2","3","6","11","142","225","142","220","298","C0858867"
"2516","2","3","3","19","151","276","91","433","118","C0858867"
"9131","2","3","12","41","219","339","347","271","356","C0858867"
"4221","2","3","12","19","31","342","454","573","492","C0858867"
"2175","2","3","12","19","31","261","116","1","86","C0858867"
"4683","2","3","12","19","31","261","116","1","86","C0858867"
"2263","2","5","7","53","14","20","25","40","186","C0858867"
"5290","2","3","7","53","14","20","25","40","186","C0858867"
"7422","2","5","7","53","51","342","454","573","702","C0858867"
"22930","2","5","7","60","54","24","30","46","72","C0858867"
"23426","2","5","7","42","36","71","177","223","219","C0859942"
"23095","2","3","7","76","153","40","38","54","75","C0859942"
"1760","2","5","8","63","14","20","34","540","68","C0859942"
"2175","2","3","12","19","31","261","116","1","86","C0859942"
"7037","2","5","7","60","14","184","341","544","669","C0859942"
"7167","2","3","2","90","167","266","367","500","577","C0859942"
"659","2","5","7","53","14","20","259","423","389","C0859942"
"1836","2","3","2","35","41","94","260","330","375","C0859976"
"54949","2","3","2","48","170","50","119","444","556","C0859976"
"50964","2","5","3","68","221","197","259","423","422","C0859976"
"8929","2","3","3","19","221","321","428","541","667","C0860204"
"5195","2","3","5","43","161","305","409","208","482","C0860204"
"10804","2","3","12","76","153","40","38","54","75","C0860204"
"367","2","3","12","19","31","276","91","433","118","C0860439"
"7849","2","3","3","19","221","321","428","541","667","C0860439"
"1629","2","3","2","67","92","293","55","75","311","C0860439"
"5352","2","5","7","53","51","342","454","573","492","C0860439"
"5696","2","3","12","41","116","268","156","568","116","C0860904"
"2313","2","3","12","19","31","276","91","433","118","C0860904"
"3481","2","5","7","53","51","342","454","573","492","C0872218"
"6335","2","5","8","63","36","166","341","390","158","C0872218"
"1272","2","5","7","53","51","335","444","236","373","C0872218"
"915","2","5","7","53","51","119","341","544","669","C0876973"
"1268","2","5","4","68","96","326","427","548","672","C0876973"
"5995","2","5","4","68","96","326","427","548","672","C0876973"
"2556","2","5","8","27","70","99","162","216","290","C0876973"
"1293","2","5","7","53","51","342","454","573","492","C0876973"
"54714","2","5","8","63","36","166","106","110","158","C0876973"
"5914","2","3","3","19","151","276","91","433","118","C0876973"
"673","2","5","7","53","14","20","34","540","68","C0876973"
"22856","2","3","2","78","189","303","251","320","403","C0876973"
"6448","2","3","5","74","160","294","376","453","567","C0876973"
"778","2","5","8","63","36","166","341","223","158","C0876973"
"121278","2","3","5","80","81","166","307","258","345","C0876973"
"5340","2","5","7","53","51","342","454","573","492","C0876973"
"4068","2","5","7","53","51","119","25","549","674","C0876973"
"28982","2","3","5","25","44","165","101","274","358","C0876973"
"54977","2","3","2","110","85","118","155","287","116","C0876973"
"2071","2","3","12","19","31","261","116","159","211","C0876973"
"3663","2","3","12","53","184","119","156","287","116","C0876973"
"5428","2","3","2","48","170","50","119","167","593","C0876973"
"5428","2","3","2","48","170","50","119","167","593","C0876973"
"1280","2","5","7","53","51","342","454","573","492","C0876973"
"29926","2","3","2","68","66","123","158","207","278","C0876973"
"1380","2","5","7","53","51","119","395","549","674","C0876973"
"23639","2","3","12","41","219","261","136","271","356","C0876973"
"1200","2","3","5","80","81","178","226","297","380","C0876973"
"2182","2","3","2","67","92","265","284","147","235","C0876973"
"7124","2","3","12","41","219","339","156","568","697","C0876973"
"2176","2","3","12","19","31","261","116","1","86","C0876973"
"1536","2","5","7","34","52","216","395","549","674","C0876973"
"4842","2","3","5","63","45","71","177","464","219","C0876991"
"686","2","3","5","80","81","166","166","127","173","C0876991"
"7153","2","3","12","19","31","261","116","1","86","C0876991"
"26012","2","3","12","19","31","261","116","159","211","C0876991"
"51601","2","3","2","67","92","293","55","75","311","C0876994"
"51025","2","3","2","48","170","50","304","167","593","C0876994"
"3892","2","1","6","11","142","225","142","220","298","C0877017"
"6329","2","5","8","63","36","166","341","390","158","C0877017"
"1387","2","3","12","19","31","276","91","433","118","C0877017"
"7353","2","3","12","41","219","339","156","568","605","C0877017"
"7486","2","3","12","19","31","261","116","1","86","C0877056"
"858","2","5","7","53","14","23","25","40","186","C0877056"
"3077","2","5","7","53","51","119","395","549","674","C0877056"
"3565","2","5","7","53","51","119","25","489","416","C0877056"
"3269","2","5","4","68","96","326","427","548","672","C0877056"
"9421","2","3","12","19","31","276","91","433","118","C0877056"
"3569","2","5","7","53","51","342","454","573","416","C0877056"
"5787","2","5","7","34","52","216","395","549","674","C0877056"
"4846","2","3","5","41","219","75","243","44","64","C0877056"
"6497","2","5","3","19","221","342","259","423","389","C0877056"
"2693","2","5","4","68","96","326","427","548","672","C0877165"
"158","2","3","4","96","177","61","373","341","142","C0877165"
"7248","2","3","2","48","57","110","141","359","462","C0877165"
"9632","2","3","7","60","153","40","38","54","203","C0877165"
"9927","2","3","12","19","31","118","155","287","116","C0877165"
"5332","2","3","4","68","96","326","427","548","672","C0877165"
"4000","2","3","12","26","105","178","226","297","156","C0877165"
"4233","2","5","7","53","14","20","25","40","186","C0877165"
"10225","2","5","7","53","51","119","395","549","674","C0877165"
"1387","2","3","12","19","31","276","91","433","118","C0877165"
"6311","2","3","2","22","33","323","66","362","468","C0877165"
"5663","2","5","7","34","52","216","395","549","667","C0877165"
"2266","2","5","7","53","51","342","454","573","492","C0877165"
"5148","2","3","4","68","45","272","259","518","621","C0877165"
"29110","2","3","12","41","219","339","156","568","697","C0877165"
"54790","2","3","12","19","31","1","426","55","78","C0877165"
"7403","2","3","12","19","31","1","426","55","78","C0877165"
"2178","2","3","12","19","31","261","116","1","86","C0877165"
"7051","2","1","6","11","142","225","142","220","298","C0877165"
"2512","2","3","7","34","52","216","395","544","358","C0877165"
"79058","2","3","7","60","54","110","141","359","215","C0877165"
"6299","2","3","12","19","221","321","428","541","667","C0877165"
"30813","2","3","3","19","221","321","428","541","667","C0877165"
"7048","2","5","7","53","51","342","259","423","389","C0877165"
"4000","2","3","12","26","105","178","226","297","156","C0877165"
"183","2","5","4","68","96","326","427","548","672","C0877165"
"658","2","5","7","53","51","342","259","423","389","C0877165"
"7014","2","3","12","19","31","261","116","1","86","C0877165"
"3889","2","1","6","11","142","225","142","220","298","C0877165"
"5885","2","3","12","76","153","40","38","54","75","C0877165"
"3759","2","5","8","63","36","166","106","110","158","C0877165"
"23020","2","3","2","22","33","323","66","101","136","C0877165"
"5080","2","3","3","19","221","321","428","541","667","C0877326"
"5184","2","3","5","80","81","166","52","105","349","C0877326"
"54821","2","3","12","76","153","40","38","54","75","C0877326"
"1629","2","3","2","67","92","293","55","75","311","C0877326"
"4893","2","5","7","34","52","24","30","46","72","C0877326"
"7334","2","3","12","41","116","268","434","468","213","C0877326"
"5244","2","3","3","41","151","276","91","433","118","C0877326"
"5824","2","3","5","47","144","185","238","310","392","C0877326"
"2157","2","5","7","53","51","342","454","573","702","C0877792"
"103","2","3","2","110","184","119","156","287","116","C0877792"
"3074","2","3","7","34","52","216","395","549","607","C0877792"
"8106","2","3","2","22","33","323","66","101","136","C0877792"
"182","2","5","7","53","51","143","428","236","667","C0878555"
"5925","2","3","12","19","31","1","426","55","78","C0878555"
"26229","2","3","2","74","205","191","396","408","257","C0878575"
"6757","2","3","12","11","142","225","426","54","673","C0878575"
"6330","2","5","8","63","36","166","341","223","158","C0878575"
"673","2","5","7","53","14","20","34","540","68","C0878575"
"7253","2","5","4","68","96","326","427","548","672","C0878575"
"590","2","3","5","85","143","286","51","488","604","C0878575"
"3074","2","3","7","34","52","216","395","549","607","C0878575"
"100","2","3","5","33","21","47","56","80","199","C0878575"
"9215","2","5","2","27","36","150","430","215","628","C0878575"
"4538","2","3","2","48","170","50","119","444","556","C0878575"
"4595","2","3","12","19","31","261","116","1","86","C0878575"
"1778","2","3","7","76","153","40","38","54","75","C0878575"
"9210","2","5","7","53","51","342","454","573","492","C0878575"
"1278","2","5","7","53","51","342","454","573","492","C0878575"
"3643","2","5","7","53","14","20","25","40","186","C0878575"
"6662","2","3","3","19","221","321","428","541","667","C0878575"
"6689","2","3","12","19","31","276","91","433","118","C0878659"
"2517","2","3","7","34","52","216","395","549","674","C0878659"
"8822","2","5","7","53","14","20","25","40","186","C0878659"
"10654","2","3","3","72","151","276","91","433","118","C0878659"
"1390","2","3","12","19","151","276","91","433","118","C0878659"
"50964","2","5","3","68","221","197","259","423","422","C0878659"
"5351","2","5","7","53","51","342","454","573","492","C0878659"
"6583","2","3","2","85","36","107","139","186","654","C0878659"
"4137","2","3","7","27","36","150","341","223","628","C0878659"
"1305","2","5","7","53","51","342","454","573","492","C0878660"
"7840","2","3","12","76","153","40","38","54","75","C0878660"
"10312","2","3","7","34","52","216","395","549","674","C0878660"
"1545","2","3","5","91","175","271","372","443","558","C0878660"
"10861","2","3","2","35","142","225","142","220","673","C0878683"
"6197","2","3","12","19","14","20","34","540","68","C0878683"
"51752","2","3","2","41","153","119","156","536","116","C0878683"
"2913","2","5","4","68","96","326","427","548","672","C0878773"
"5255","2","3","7","34","45","23","103","464","187","C0878773"
"9313","2","5","7","53","51","342","454","573","492","C0878773"
"23556","2","3","2","61","77","142","176","235","317","C0878773"
"6323","2","5","8","63","36","166","341","390","158","C0887833"
"1281","2","5","7","53","51","342","454","573","492","C0887833"
"9829","2","5","7","60","14","184","341","544","669","C0887833"
"2109","2","3","2","48","170","50","119","444","556","C0887833"
"3827","2","5","4","68","96","326","427","548","672","C0887833"
"4893","2","5","7","34","52","24","30","46","72","C0887833"
"4629","2","5","8","63","45","23","103","464","187","C0887833"
"7546","2","5","3","19","221","321","79","560","373","C0887833"
"6515","2","5","7","34","52","216","395","549","674","C0887833"
"8481","2","3","12","76","153","40","38","54","75","C0887833"
"3908","2","5","7","53","51","342","454","573","492","C0887833"
"3053","2","5","7","53","51","342","454","573","492","C0887833"
"1585","2","3","5","79","159","256","351","100","589","C0887833"
"7849","2","3","3","19","221","321","428","541","667","C0887833"
"10939","2","3","2","48","170","50","119","444","593","C0887833"
"4723","2","3","2","48","170","50","119","444","556","C0887833"
"2688","2","5","7","53","51","119","25","40","186","C0887833"
"4668","2","3","5","21","111","188","242","313","396","C0887833"
"440","2","3","2","101","62","189","182","509","154","C0887833"
"5194","2","3","5","43","161","305","409","208","482","C0887833"
"7132","2","3","12","41","219","339","156","568","697","C0917796"
"291","2","3","2","48","170","50","304","167","593","C0917796"
"673","2","5","7","53","14","20","34","540","68","C0917796"
"2623","2","3","12","19","31","1","155","287","116","C0917796"
"4638","2","5","7","53","45","23","103","464","187","C0917796"
"8139","2","3","12","41","116","268","434","468","213","C0917796"
"860","2","3","12","19","31","276","91","433","118","C0917796"
"5743","2","3","5","53","175","119","167","489","416","C0917796"
"51422","2","3","2","48","57","110","141","359","462","C0917796"
"2189","2","3","12","19","31","261","116","1","86","C0917796"
"4247","2","3","2","68","67","320","98","180","279","C0917796"
"617","2","3","2","48","170","50","304","167","593","C0917796"
"1282","2","5","7","53","51","342","454","573","492","C0917796"
"29954","2","5","2","27","206","324","430","215","290","C0917796"
"9235","2","5","7","53","51","119","25","40","186","C0917798"
"2516","2","3","3","19","151","276","91","433","118","C0917798"
"3575","2","5","7","53","51","184","341","544","669","C0917798"
"9394","2","3","2","74","58","112","148","193","263","C0917798"
"695","2","5","7","53","14","20","25","40","186","C0917798"
"3756","2","5","8","63","36","166","106","110","158","C0917798"
"5122","2","5","4","27","36","184","141","359","411","C0917798"
"64802","2","3","2","73","110","53","59","228","306","C0917798"
"207","2","3","7","53","14","20","34","489","416","C0917798"
"7305","2","5","7","34","52","216","395","549","674","C0917798"
"54822","2","5","8","63","45","193","306","390","158","C0917798"
"9241","2","5","7","53","51","342","259","423","389","C0917798"
"2696","2","5","4","68","96","326","427","548","672","C0917798"
"3423","2","3","5","74","3","342","374","294","590","C0917798"
"126328","2","3","2","48","170","50","119","444","556","C0917798"
"481","2","3","8","63","45","23","103","464","187","C0917798"
"2566","2","5","8","27","70","99","162","216","290","C0917798"
"3558","2","5","7","53","14","20","25","40","186","C0917798"
"7249","2","3","7","60","57","110","141","359","462","C0917798"
"10133","2","3","12","76","153","40","38","54","75","C0917798"
"4720","2","3","2","48","170","50","119","444","556","C0917798"
"10518","2","3","2","22","170","50","119","444","556","C0917798"
"22802","2","5","8","63","45","23","34","464","187","C0917798"
"6229","2","3","2","110","85","237","433","547","671","C0917798"
"545","2","3","12","19","31","261","116","1","86","C0917798"
"6469","2","5","3","53","221","197","259","560","422","C0917799"
"10019","2","5","7","53","14","20","25","40","116","C0917799"
"1146","2","5","8","27","70","99","162","216","290","C0917799"
"3081","2","3","2","91","51","3","267","308","429","C0917799"
"7133","2","5","7","34","52","216","395","549","697","C0917799"
"4547","2","5","7","53","51","342","454","573","492","C0917799"
"3868","2","1","6","11","142","225","142","220","298","C0917799"
"7138","2","5","8","63","45","23","103","464","187","C0917799"
"7957","2","3","5","42","81","296","399","201","274","C0917801"
"9131","2","3","12","41","219","339","347","271","356","C0917801"
"7124","2","3","12","41","219","339","156","568","697","C0917801"
"50640","2","3","5","116","183","295","398","243","327","C0917801"
"10312","2","3","7","34","52","216","395","549","674","C0917801"
"411","2","3","7","34","52","216","395","549","674","C0917801"
"2535","2","5","3","68","221","197","259","560","422","C0917801"
"6663","2","3","3","19","221","321","428","541","667","C0917801"
"4351","2","3","2","90","167","266","367","500","577","C0917801"
"7314","2","3","12","41","219","261","409","208","482","C0917801"
"6597","2","3","12","19","31","1","426","55","78","C0917801"
"5336","2","3","7","53","14","20","25","40","215","C0917801"
"8820","2","3","3","19","221","321","428","541","667","C0917801"
"3630","2","5","7","53","14","20","25","40","186","C0917801"
"26229","2","3","2","74","205","191","396","408","257","C0917801"
"1287","2","5","2","53","51","342","454","573","492","C0917801"
"8622","2","3","4","68","96","326","427","548","672","C0917804"
"1278","2","5","7","53","51","342","454","573","492","C0917804"
"367","2","3","12","19","31","276","91","433","118","C0917805"
"4214","2","3","12","41","219","339","34","540","117","C0917805"
"2132","2","3","2","74","58","112","148","193","263","C0917805"
"7520","2","3","7","34","52","216","395","549","86","C0917805"
"4693","2","5","7","53","51","342","454","573","492","C0917805"
"23479","2","3","2","48","170","50","119","100","556","C0917805"
"3329","2","3","2","48","170","50","304","167","593","C0917805"
"5627","2","5","7","53","51","342","454","573","702","C0917805"
"10806","2","3","12","76","153","40","38","54","75","C0917805"
"23451","2","3","2","22","33","323","66","101","136","C0917805"
"50615","2","5","7","53","51","119","25","40","186","C0917805"
"26160","2","3","12","76","153","40","38","54","75","C0917805"
"8085","2","3","12","19","31","1","426","55","78","C0917817"
"1559","2","3","5","91","214","226","11","348","172","C0917817"
"94","2","5","7","53","51","342","259","423","389","C0917817"
"2040","2","5","7","34","52","216","395","549","674","C0917817"
"207","2","3","7","53","14","20","34","489","416","C0917990"
"1186","2","5","8","63","45","23","34","464","187","C0917990"
"4041","2","5","3","68","221","197","259","560","422","C0917990"
"1301","2","5","7","53","51","342","454","573","492","C0917990"
"3594","2","5","7","53","51","119","25","560","373","C0917990"
"1020","2","3","12","19","14","118","34","540","68","C0917990"
"7124","2","3","12","41","219","339","156","568","697","C0917990"
"999","2","5","7","53","51","342","444","560","373","C0917990"
"538","2","3","8","63","45","23","103","464","187","C0917990"
"2653","2","3","2","67","104","214","234","306","388","C0917990"
"4790","2","3","7","34","52","216","166","129","697","C0917990"
"3784","2","5","8","63","36","166","106","110","158","C0917990"
"26005","2","3","12","76","153","40","38","54","75","C0919532"
"6866","2","5","4","68","96","326","427","548","672","C0919532"
"9896","2","3","5","80","81","296","399","201","274","C0919532"
"9049","2","3","3","41","151","276","378","271","356","C0919532"
"673","2","5","7","53","14","20","34","540","68","C0919718"
"23592","2","3","12","26","105","342","259","423","389","C0919718"
"4692","2","5","7","53","51","119","402","489","416","C0919997"
"6792","2","5","7","53","14","20","34","540","68","C0919997"
"5159","2","5","7","53","14","20","25","40","186","C0920163"
"168507","2","5","7","53","51","335","444","560","373","C0920163"
"8647","2","3","5","46","158","252","352","449","563","C0920163"
"4647","2","5","7","60","83","101","126","170","224","C0920163"
"3954","2","3","2","48","170","67","119","444","593","C0920163"
"5190","2","3","5","43","161","305","409","208","482","C0920163"
"6197","2","3","12","19","14","20","34","540","68","C0920163"
"7432","2","5","4","68","96","326","427","548","672","C0920163"
"4692","2","5","7","53","51","119","402","489","416","C0920163"
"26275","2","3","2","67","92","67","76","155","153","C0920163"
"5116","2","3","12","76","153","40","38","54","75","C0920163"
"9469","2","3","2","103","189","303","29","475","467","C0920163"
"7248","2","3","2","48","57","110","141","359","462","C0920163"
"675","2","3","12","19","31","261","116","1","86","C0920163"
"10269","2","3","2","48","182","50","119","444","556","C0920163"
"8924","2","3","12","41","116","268","434","468","213","C0920163"
"9939","2","3","2","22","33","323","66","101","136","C0920163"
"5741","2","5","4","68","96","326","427","548","672","C0920163"
"6866","2","5","4","68","96","326","427","548","672","C0920163"
"5479","2","3","2","53","51","342","454","573","492","C0920163"
"4893","2","5","7","34","52","24","30","46","72","C0920163"
"7045","2","5","12","19","51","1","426","55","78","C0920163"
"11186","2","5","7","60","54","24","30","46","72","C0920269"
"8260","2","3","12","41","85","266","76","287","78","C0920269"
"778","2","5","8","63","36","166","341","223","158","C0920269"
"8996","2","3","12","41","219","339","156","568","697","C0920269"
"23462","2","3","12","19","31","143","428","236","667","C0920269"
"2","2","5","7","53","51","342","454","573","72","C0920269"
"570","2","3","5","43","161","305","409","255","56","C0920269"
"5993","2","3","12","19","31","1","426","55","78","C0920269"
"4693","2","5","7","53","51","342","454","573","492","C0920269"
"2934","2","5","7","34","52","216","395","549","674","C0920269"
"2255","2","5","7","53","14","20","25","40","186","C0920269"
"5741","2","5","4","68","96","326","427","548","672","C0920269"
"6926","2","5","7","53","51","335","259","560","373","C0920299"
"1584","2","3","5","79","159","256","276","353","456","C0920299"
"4692","2","5","7","53","51","119","402","489","416","C0920299"
"4221","2","3","12","19","31","342","454","573","492","C0920299"
"10847","2","3","12","19","31","1","426","55","78","C0920299"
"51715","2","5","7","60","54","24","30","46","72","C0920299"
"3835","2","3","12","76","153","40","38","54","75","C0920299"
"5621","2","5","8","27","36","342","454","573","628","C0920299"
"4514","2","3","2","48","57","110","141","359","5","C0920299"
"8220","2","3","2","22","33","323","66","101","136","C0920299"
"5290","2","3","7","53","14","20","25","40","186","C0920350"
"3818","2","5","7","68","51","119","395","549","674","C0920350"
"11113","2","5","7","53","14","20","34","540","68","C0920350"
"6569","2","3","8","45","94","199","240","415","666","C0920350"
"3039","2","3","5","35","41","118","155","287","116","C0936248"
"8036","2","5","7","60","54","296","399","359","658","C0936248"
"1605","2","5","7","53","51","342","454","573","492","C0947912"
"5897","2","3","12","41","116","268","141","568","605","C0947912"
"7518","2","3","12","19","31","261","116","1","86","C0947912"
"4920","2","5","7","53","14","20","259","560","373","C0947912"
"29123","2","3","12","19","151","276","91","433","118","C0947912"
"9215","2","5","2","27","36","150","430","215","628","C0947912"
"6821","2","3","5","114","211","332","175","556","256","C0947912"
"5604","2","5","7","53","14","20","34","540","68","C0947912"
"1593","2","3","5","79","152","273","157","333","277","C0948008"
"6792","2","5","7","53","14","20","34","540","68","C0948008"
"7403","2","3","12","19","31","1","426","55","78","C0948008"
"8220","2","3","2","22","33","323","66","101","136","C0948023"
"1277","2","5","7","53","51","342","454","573","492","C0948023"
"51057","2","3","12","76","153","40","38","54","75","C0948023"
"375790","2","5","7","53","51","342","454","573","492","C0948023"
"3763","2","5","8","63","36","166","106","110","158","C0948023"
"2969","2","3","12","19","31","276","91","433","118","C0948023"
"10459","2","3","12","76","31","261","116","1","86","C0948023"
"283","2","5","7","53","51","335","444","560","373","C0948023"
"5832","2","3","2","101","62","189","182","509","252","C0948023"
"7516","2","3","12","19","31","261","116","1","86","C0948023"
"5551","2","5","7","53","51","119","395","549","674","C0948023"
"5979","2","5","7","53","14","20","25","40","186","C0948023"
"5897","2","3","12","41","116","268","141","568","605","C0948023"
"5351","2","5","7","53","51","342","454","573","492","C0948023"
"478","2","3","8","63","45","23","366","464","187","C0948023"
"2702","2","3","12","76","153","40","38","54","75","C0948023"
"2255","2","5","7","53","14","20","25","40","186","C0948023"
"4041","2","5","3","68","221","197","259","560","422","C0948023"
"11231","2","3","2","110","105","178","226","297","380","C0948023"
"23093","2","3","12","76","153","40","38","54","75","C0948023"
"2121","2","3","12","41","116","268","434","568","605","C0948023"
"410","2","3","7","34","52","216","395","549","674","C0948060"
"673","2","5","7","53","14","20","34","540","68","C0948060"
"8891","2","3","2","110","85","237","433","547","671","C0948060"
"9","2","3","2","22","214","261","76","1","86","C0948089"
"5743","2","3","5","53","175","119","167","489","416","C0948089"
"37","2","3","2","110","105","178","226","297","380","C0948089"
"4338","2","3","2","110","85","75","204","267","352","C0948089"
"23229","2","5","7","60","54","24","30","46","72","C0948089"
"2072","2","3","12","19","31","261","116","1","86","C0948089"
"778","2","5","8","63","36","166","341","223","158","C0948089"
"5741","2","5","4","68","96","326","427","548","672","C0948089"
"2255","2","5","7","53","14","20","25","40","186","C0948089"
"4893","2","5","7","34","52","24","30","46","72","C0948089"
"3073","2","3","5","105","155","250","291","152","420","C0948089"
"54903","2","3","12","76","153","40","38","54","75","C0948089"
"255239","2","5","8","67","36","71","177","75","311","C0948089"
"1736","2","3","2","110","85","237","433","547","671","C0948089"
"1954","2","5","7","53","51","342","454","573","492","C0948089"
"8838","2","5","7","53","51","342","259","423","389","C0948089"
"50964","2","5","3","68","221","197","259","423","422","C0948089"
"54585","2","3","12","76","153","76","38","54","75","C0948089"
"10743","2","3","3","19","151","276","91","433","118","C0948089"
"5828","2","3","5","43","161","305","409","208","482","C0948089"
"6662","2","3","3","19","221","321","428","541","667","C0948089"
"653509","2","5","7","53","51","119","238","310","272","C0948089"
"10381","2","3","12","76","153","40","38","54","75","C0948089"
"7136","2","5","8","63","45","23","103","464","187","C0948089"
"6772","2","3","12","53","184","119","156","287","116","C0948089"
"1296","2","5","7","53","51","342","454","573","492","C0948089"
"79923","2","3","3","19","221","321","428","541","667","C0948089"
"23400","2","5","8","63","45","23","103","464","187","C0948089"
"3507","2","5","7","53","51","119","395","549","674","C0948089"
"2720","2","3","7","34","52","216","395","21","599","C0948089"
"5307","2","3","3","19","221","321","428","541","667","C0948089"
"54567","2","5","7","53","51","143","428","236","667","C0948089"
"410","2","3","7","34","52","216","395","549","674","C0948089"
"9401","2","3","12","76","31","261","116","1","86","C0948163"
"3115","2","5","7","53","184","119","156","287","116","C0948163"
"1286","2","5","7","53","51","342","454","573","492","C0948163"
"4976","2","3","2","48","170","50","119","444","556","C0948163"
"5728","2","3","5","80","81","339","156","568","605","C0948163"
"4705","2","3","2","48","170","50","119","444","556","C0948163"
"4036","2","5","7","60","14","184","341","544","669","C0948163"
"4292","2","3","12","19","31","261","116","1","86","C0948163"
"4000","2","3","12","26","105","178","226","297","156","C0948163"
"22978","2","3","5","80","81","296","373","341","150","C0948163"
"23090","2","3","12","19","151","276","91","433","118","C0948163"
"4893","2","5","7","34","52","24","30","46","72","C0948163"
"5621","2","5","8","27","36","342","454","573","628","C0948163"
"23435","2","3","2","22","33","323","66","101","136","C0948163"
"8878","2","3","12","41","219","339","156","568","697","C0948163"
"3337","2","3","12","41","219","339","347","271","356","C0948163"
"16","2","3","2","110","85","237","433","547","154","C0948163"
"7403","2","3","12","19","31","1","426","55","78","C0948163"
"5159","2","5","7","53","14","20","25","40","186","C0948187"
"2720","2","3","7","34","52","216","395","21","599","C0948187"
"7157","2","3","12","19","31","261","402","489","551","C0948187"
"5189","2","3","5","43","161","305","409","208","482","C0948187"
"11222","2","3","2","48","182","67","76","463","153","C0948187"
"2313","2","3","12","19","31","276","91","433","118","C0948187"
"53834","2","5","7","53","51","342","454","573","492","C0948187"
"1301","2","5","7","53","51","342","454","573","492","C0948187"
"54949","2","3","2","48","170","50","119","444","556","C0948187"
"9968","2","4","3","24","119","330","214","454","144","C0948187"
"2132","2","3","2","74","58","112","148","193","263","C0948187"
"5573","2","3","12","19","184","118","155","287","116","C0948387"
"9569","2","3","12","19","31","276","91","433","118","C0948387"
"2395","2","3","2","48","170","50","304","167","593","C0948387"
"4613","2","3","12","19","31","1","426","55","78","C0948387"
"50485","2","3","12","19","31","261","116","1","86","C0948387"
"1406","2","3","3","19","221","321","428","541","667","C0948387"
"2591","2","3","2","89","206","324","430","429","544","C0948480"
"3284","2","3","2","69","98","169","299","183","243","C0948480"
"1410","2","3","12","63","45","23","38","54","187","C0948480"
"5582","2","5","7","53","14","20","34","540","68","C0948480"
"7498","2","3","5","80","157","187","159","209","282","C0948480"
"2010","2","3","12","26","105","296","226","488","156","C0948585"
"25942","2","3","12","19","31","1","426","55","78","C0948585"
"860","2","3","12","19","31","276","91","433","118","C0948585"
"2189","2","3","12","19","31","261","116","1","86","C0948585"
"2908","2","3","12","19","151","276","91","433","118","C0948585"
"25782","2","5","7","60","54","24","30","46","72","C0948585"
"10397","2","3","2","110","81","148","402","51","383","C0948585"
"1589","2","3","5","79","186","215","297","379","491","C0948643"
"1280","2","5","7","53","51","342","454","573","492","C0948643"
"4292","2","3","12","19","31","261","116","1","86","C0948643"
"9573","2","5","7","53","51","342","259","423","389","C0948740"
"843","2","3","12","41","219","339","156","568","697","C0948740"
"4318","2","5","7","34","52","216","395","573","492","C0948740"
"50640","2","3","5","116","183","295","398","243","327","C0948740"
"2624","2","3","12","19","31","1","155","287","116","C0948740"
"2033","2","3","12","19","31","1","91","433","118","C0948740"
"9533","2","3","2","19","31","1","426","55","78","C0948740"
"4352","2","5","7","53","14","20","25","40","186","C0948740"
"3265","2","5","7","60","54","24","30","46","72","C0948740"
"22995","2","3","12","76","153","40","38","54","75","C0948740"
"2778","2","5","4","68","96","326","427","548","672","C0948740"
"89781","2","5","7","60","54","24","30","46","72","C0948740"
"2740","2","5","4","68","96","326","427","548","672","C0948740"
"1639","2","3","12","76","153","40","38","54","75","C0949059"
"23317","2","5","7","34","52","216","395","549","674","C0949059"
"2018","2","3","3","19","221","321","428","541","667","C0949059"
"3039","2","3","5","35","41","118","155","287","116","C0949059"
"4763","2","5","7","60","54","24","30","46","214","C0949059"
"3930","2","3","2","22","33","323","66","3","464","C0949059"
"5663","2","5","7","34","52","216","395","549","667","C0949059"
"5406","2","3","5","80","81","166","454","76","106","C0949059"
"987","2","3","6","48","94","279","347","330","304","C0949116"
"11285","2","3","2","74","205","191","396","408","620","C0949116"
"1588","2","3","5","79","159","256","350","27","44","C0949173"
"3207","2","3","3","19","221","321","428","541","667","C0949173"
"9215","2","5","2","27","36","150","430","215","628","C0949173"
"6925","2","3","12","19","31","225","142","220","298","C0949445"
"368","2","3","12","41","116","268","423","536","445","C0949445"
"7461","2","3","7","60","153","40","38","93","75","C0949445"
"25836","2","3","12","76","153","40","38","54","75","C0949445"
"4540","2","3","2","48","170","50","119","444","556","C0949445"
"4688","2","5","7","60","14","20","25","40","215","C0949445"
"7915","2","3","5","87","39","74","191","250","285","C0949445"
"7389","2","3","2","17","24","51","132","210","123","C0949445"
"1280","2","5","7","53","51","342","454","573","492","C0949445"
"2072","2","3","12","19","31","261","116","1","86","C0949445"
"29887","2","3","7","60","18","110","141","198","270","C0949445"
"8517","2","3","12","41","219","339","156","568","697","C0949445"
"23426","2","5","7","42","36","71","177","223","219","C0949445"
"6662","2","3","3","19","221","321","428","541","667","C0949445"
"1493","2","5","7","53","51","119","25","40","186","C0949445"
"25978","2","3","2","48","57","110","141","359","462","C0949445"
"3763","2","5","8","63","36","166","106","110","158","C0949445"
"3480","2","5","7","53","14","20","25","40","186","C0949506"
"9241","2","5","7","53","51","342","259","423","389","C0949506"
"51604","2","3","2","61","77","142","176","235","317","C0949506"
"9126","2","3","12","76","153","40","38","54","75","C0949506"
"54209","2","5","7","53","51","119","395","549","674","C0949595"
"6658","2","3","12","19","221","321","428","541","667","C0949595"
"355","2","3","7","41","219","339","156","568","697","C0949595"
"860","2","3","12","19","31","276","91","433","118","C0949595"
"6390","2","3","2","48","170","50","119","444","556","C0949595"
"5573","2","3","12","19","184","118","155","287","116","C0949658"
"5147","2","3","5","60","54","24","30","46","72","C0949658"
"2033","2","3","12","19","31","1","91","433","118","C0949658"
"4023","2","3","5","24","51","342","91","20","27","C0949658"
"27429","2","3","12","41","219","339","156","568","697","C0949658"
"54880","2","3","12","19","31","1","426","55","78","C0949658"
"30009","2","5","7","53","51","119","25","549","674","C0949658"
"5832","2","3","2","101","62","189","182","509","252","C0949658"
"1028","2","3","12","19","31","1","116","1","86","C0949658"
"1906","2","5","4","68","96","326","427","548","672","C0949804"
"3047","2","3","12","19","31","118","155","287","116","C0949804"
"860","2","3","12","19","31","276","91","433","118","C0949804"
"545","2","3","12","19","31","261","116","1","86","C0949804"
"2073","2","3","12","19","31","261","116","1","86","C0949804"
"26608","2","3","2","22","170","50","119","463","153","C0949804"
"8557","2","5","8","63","45","23","103","464","187","C0950124"
"472","2","3","12","19","31","261","116","1","86","C0950124"
"5080","2","3","3","19","221","321","428","541","667","C0950124"
"8200","2","5","7","53","51","342","259","423","389","C0973461"
"26160","2","3","12","76","153","40","38","54","75","C0973461"
"283989","2","3","12","22","33","323","66","101","664","C0973461"
"3763","2","5","8","63","36","166","106","110","158","C0973461"
"10461","2","5","7","53","14","20","25","40","186","C0973461"
"6628","2","3","2","22","33","323","66","101","136","C0973461"
"7422","2","5","7","53","51","342","454","573","702","C0973461"
"1636","2","3","5","80","81","166","397","418","568","C0973461"
"6657","2","3","12","19","221","321","428","541","667","C0973461"
"3339","2","5","7","53","51","342","454","573","492","C0973461"
"547","2","3","7","76","153","40","38","54","75","C0973461"
"2773","2","5","4","68","96","326","427","548","672","C0973461"
"55624","2","3","2","78","123","194","255","215","412","C0973461"
"847","2","3","7","34","52","216","395","549","674","C0973461"
"3439","2","3","12","19","184","118","155","287","116","C0973461"
"10631","2","5","7","53","51","342","454","573","492","C0973461"
"51715","2","5","7","60","54","24","30","46","72","C0973461"
"9049","2","3","3","41","151","276","378","271","356","C0973461"
"3717","2","5","7","53","14","20","25","40","186","C0973461"
"1134","2","5","8","27","70","99","162","216","290","C0973461"
"2121","2","3","12","41","116","268","434","568","605","C0973461"
"94","2","5","7","53","51","342","259","423","389","C0973461"
"8600","2","5","7","41","219","339","156","568","697","C0973461"
"2328","2","3","5","91","214","226","326","413","530","C1096086"
"2218","2","5","2","53","123","194","255","560","373","C1096086"
"7054","2","3","5","80","81","166","34","258","345","C1096086"
"1804","2","5","7","27","36","150","341","223","628","C1096249"
"10686","2","5","6","42","36","71","177","64","219","C1096249"
"54332","2","3","2","60","170","40","98","66","203","C1096367"
"4625","2","3","8","63","45","23","103","464","187","C1096367"
"2033","2","3","12","19","31","1","91","433","118","C1096367"
"916","2","5","7","53","51","119","25","549","674","C1096367"
"51715","2","5","7","60","54","24","30","46","72","C1096367"
"1301","2","5","7","53","51","342","454","573","492","C1096367"
"593","2","3","2","67","92","293","55","75","311","C1096654"
"8514","2","5","7","34","52","216","395","549","674","C1096654"
"26503","2","3","2","89","124","204","272","347","442","C1096654"
"7124","2","3","12","41","219","339","156","568","697","C1112256"
"54941","2","3","12","41","116","268","434","468","213","C1112256"
"4750","2","5","12","76","14","20","34","540","68","C1112256"
"1129","2","5","4","68","96","326","427","548","672","C1112256"
"10801","2","3","12","76","108","293","141","305","387","C1112256"
"1281","2","5","7","53","51","342","454","573","492","C1112256"
"23742","2","5","5","68","96","326","427","447","586","C1112256"
"4921","2","5","7","53","14","20","25","573","186","C1112256"
"2677","2","5","7","53","51","342","454","573","492","C1112256"
"7849","2","3","3","19","221","321","428","541","667","C1112256"
"7132","2","3","12","41","219","339","156","568","697","C1112256"
"3117","2","5","7","53","153","119","156","287","116","C1112256"
"673","2","5","7","53","14","20","34","540","68","C1112256"
"1293","2","5","7","53","51","342","454","573","492","C1112256"
"7249","2","3","7","60","57","110","141","359","462","C1112256"
"1298","2","5","7","53","51","342","454","573","492","C1112256"
"5395","2","3","12","19","31","261","116","1","86","C1112433"
"2316","2","5","7","53","51","342","454","573","702","C1112433"
"3077","2","5","7","53","51","119","395","549","674","C1112442"
"26277","2","3","12","19","31","1","426","1","78","C1112442"
"9896","2","3","5","80","81","296","399","201","274","C1112601"
"3284","2","3","2","69","98","169","299","183","243","C1112601"
"3827","2","5","4","68","96","326","427","548","672","C1112601"
"4538","2","3","2","48","170","50","119","444","556","C1112705"
"1420","2","3","6","63","45","160","362","177","673","C1112705"
"10269","2","3","2","48","182","50","119","444","556","C1112705"
"4519","2","3","2","48","170","50","119","508","312","C1112705"
"9469","2","3","2","103","189","303","29","475","467","C1112705"
"652","2","5","7","53","51","342","454","573","492","C1112705"
"190","2","3","3","19","151","276","91","433","118","C1112705"
"10939","2","3","2","48","170","50","119","444","593","C1112705"
"23169","2","3","2","78","205","112","430","429","544","C1112705"
"3702","2","5","7","53","14","20","25","40","186","C1112705"
"5727","2","3","12","68","221","197","259","560","422","C1112705"
"1811","2","5","8","35","41","199","40","415","666","C1112705"
"3953","2","5","7","53","14","20","25","40","186","C1112705"
"441478","2","3","12","19","221","143","428","236","667","C1112705"
"4784","2","3","2","22","33","261","116","159","211","C1112705"
"6299","2","3","12","19","221","321","428","541","667","C1112705"
"5155","2","5","7","53","51","342","454","573","186","C1112705"
"27077","2","3","12","76","153","40","38","54","75","C1112705"
"51259","2","3","2","76","153","40","38","54","75","C1134719"
"55572","2","3","2","48","170","50","119","444","556","C1134719"
"7248","2","3","2","48","57","110","141","359","462","C1134719"
"5346","2","3","3","19","151","276","91","433","118","C1134719"
"2239","2","3","2","74","51","342","454","573","492","C1134719"
"4893","2","5","7","34","52","24","30","46","72","C1134719"
"25974","2","3","7","48","51","105","139","186","245","C1134719"
"7297","2","5","7","53","184","119","25","40","186","C1134719"
"9255","2","3","2","110","85","237","433","547","154","C1134719"
"54453","2","5","7","60","54","24","30","46","72","C1136179"
"200894","2","5","7","60","54","24","30","46","72","C1136179"
"4854","2","5","7","53","51","143","428","236","667","C1136179"
"4091","2","3","12","53","219","342","259","423","389","C1136179"
"374654","2","3","12","76","153","40","38","54","75","C1136179"
"7351","2","3","2","20","29","98","123","166","221","C1136179"
"4221","2","3","12","19","31","342","454","573","492","C1136179"
"51816","2","5","7","34","52","216","395","549","674","C1136179"
"3767","2","5","8","63","36","166","106","110","158","C1136179"
"50","2","3","5","80","81","50","304","167","593","C1136179"
"6497","2","5","3","19","221","342","259","423","389","C1136179"
"78989","2","5","7","53","51","119","395","573","674","C1136179"
"9179","2","5","7","60","18","184","341","544","669","C1136179"
"4846","2","3","5","41","219","75","243","44","64","C1136179"
"4784","2","3","2","22","33","261","116","159","211","C1136179"
"7020","2","3","12","19","31","276","91","433","664","C1136179"
"2690","2","5","7","53","14","20","25","40","186","C1136179"
"26276","2","3","7","60","81","184","341","66","203","C1136179"
"498","2","3","2","48","170","50","304","167","593","C1136179"
"9723","2","5","7","53","51","342","79","560","373","C1136179"
"4692","2","5","7","53","51","119","402","489","416","C1136179"
"3736","2","5","8","63","36","166","106","110","158","C1136179"
"22900","2","3","12","41","219","339","156","568","697","C1136179"
"9533","2","3","2","19","31","1","426","55","78","C1136249"
"4015","2","5","7","53","51","342","454","573","492","C1136249"
"5307","2","3","3","19","221","321","428","541","667","C1136249"
"23556","2","3","2","61","77","142","176","235","317","C1136249"
"567","2","5","7","34","52","119","395","549","674","C1136249"
"5979","2","5","7","53","14","20","25","40","186","C1136249"
"785","2","5","8","63","36","166","106","110","158","C1136249"
"6657","2","3","12","19","221","321","428","541","667","C1136249"
"8029","2","5","7","53","51","105","139","186","245","C1136249"
"7044","2","5","7","53","51","342","454","573","702","C1136249"
"326","2","3","12","19","31","261","377","370","269","C1136249"
"3977","2","5","7","53","51","119","25","40","416","C1136249"
"3981","2","3","12","19","31","261","116","1","86","C1136249"
"2184","2","3","5","76","153","138","236","332","407","C1136249"
"672","2","3","12","19","31","261","116","1","86","C1136249"
"54453","2","5","7","60","54","24","30","46","72","C1136249"
"6648","2","3","2","95","151","160","378","173","229","C1136249"
"25894","2","5","7","60","54","24","30","46","72","C1136249"
"3929","2","5","7","53","51","119","25","489","416","C1136249"
"1540","2","3","12","41","219","339","156","568","605","C1136249"
"2260","2","5","7","53","14","20","25","40","186","C1136249"
"221","2","3","7","34","52","216","395","549","674","C1136249"
"5663","2","5","7","34","52","216","395","549","667","C1136249"
"3082","2","5","7","53","51","342","25","40","186","C1136321"
"7068","2","3","3","19","151","276","91","433","118","C1136321"
"5290","2","3","7","53","14","20","25","40","186","C1136382"
"10126","2","5","7","60","14","184","341","544","669","C1136382"
"595","2","3","12","19","31","1","426","489","416","C1136382"
"5290","2","3","7","53","14","20","25","40","186","C1136382"
"4000","2","3","12","26","105","178","226","297","156","C1136382"
"8626","2","3","3","19","221","321","428","541","667","C1136382"
"3718","2","5","7","53","14","20","25","40","186","C1136382"
"4000","2","3","12","26","105","178","226","297","156","C1136382"
"6521","2","5","8","35","41","199","40","415","666","C1136382"
"9499","2","5","7","53","51","23","103","464","187","C1136382"
"1581","2","3","5","19","151","276","91","433","118","C1136382"
"355","2","3","7","41","219","339","156","568","697","C1136382"
"7132","2","3","12","41","219","339","156","568","697","C1136382"
"4693","2","5","7","53","51","342","454","573","492","C1136382"
"801","2","5","8","63","45","23","103","464","187","C1136382"
"9968","2","4","3","24","119","330","214","454","144","C1136382"
"4803","2","5","7","60","54","24","30","46","72","C1136382"
"10479","2","5","7","27","36","150","341","223","628","C1138421"
"6775","2","5","7","53","14","119","25","40","186","C1138421"
"411","2","3","7","34","52","216","395","549","674","C1138421"
"50964","2","5","3","68","221","197","259","423","422","C1138421"
"1285","2","5","7","53","51","342","454","573","492","C1138421"
"6833","2","5","8","45","36","166","240","415","666","C1138421"
"3630","2","5","7","53","14","20","25","40","186","C1138421"
"5573","2","3","12","19","184","118","155","287","116","C1138421"
"6440","2","5","5","68","96","185","238","310","272","C1138421"
"11322","2","5","7","34","52","216","395","549","674","C1138421"
"26525","2","5","7","53","219","119","156","568","697","C1138421"
"2254","2","5","7","53","14","20","25","40","186","C1138421"
"2187","2","3","12","19","31","261","116","1","86","C1138421"
"5447","2","3","5","91","214","271","372","471","586","C1138421"
"673","2","5","7","53","14","20","34","540","68","C1138421"
"1280","2","5","7","53","51","342","454","573","492","C1138421"
"2767","2","5","4","68","96","326","427","548","672","C1138421"
"23414","2","3","12","19","31","118","155","287","116","C1140680"
"58495","2","5","3","19","221","321","259","560","422","C1140680"
"10743","2","3","3","19","151","276","91","433","118","C1140680"
"4519","2","3","2","48","170","50","119","508","312","C1140680"
"4023","2","3","5","24","51","342","91","20","27","C1142132"
"2972","2","3","2","19","33","261","116","159","211","C1142132"
"7422","2","5","7","53","51","342","454","573","702","C1142132"
"5034","2","5","7","53","51","342","454","573","492","C1142132"
"8517","2","3","12","41","219","339","156","568","697","C1142132"
"2581","2","3","5","80","81","250","291","152","420","C1142132"
"4038","2","5","7","53","51","342","454","573","492","C1142166"
"2077","2","3","12","76","153","40","38","54","75","C1142166"
"1528","2","3","5","91","214","271","372","471","586","C1142166"
"1301","2","5","7","53","51","342","454","573","492","C1142166"
"6794","2","3","12","53","14","20","34","540","68","C1142166"
"57057","2","5","7","53","51","342","444","560","373","C1142166"
"4852","2","5","4","68","96","326","427","548","672","C1142166"
"55112","2","3","12","76","153","40","38","54","75","C1142166"
"5538","2","3","2","115","18","340","269","342","444","C1142166"
"4893","2","5","7","34","52","24","30","46","72","C1142166"
"5077","2","3","3","19","221","321","428","541","667","C1142166"
"35","2","3","2","67","148","70","456","575","704","C1142166"
"5745","2","5","4","68","96","326","427","548","672","C1142166"
"6785","2","3","5","67","7","5","239","311","393","C1142166"
"7476","2","5","3","68","221","197","259","560","422","C1142166"
"585","2","3","12","76","153","40","38","54","75","C1142262"
"1280","2","5","7","53","51","342","454","573","492","C1142262"
"1497","2","5","2","63","182","50","103","297","628","C1142448"
"51119","2","3","2","110","85","237","433","547","671","C1142448"
"4000","2","3","12","26","105","178","226","297","156","C1145628"
"128178","2","3","12","41","219","339","156","568","697","C1145628"
"2731","2","3","2","106","104","214","234","67","53","C1145628"
"2074","2","3","12","19","31","1","426","55","78","C1145628"
"652","2","5","7","53","51","342","454","573","492","C1145628"
"2697","2","3","7","76","153","40","38","54","75","C1145628"
"2657","2","5","7","53","51","342","259","423","389","C1145628"
"9817","2","3","12","41","116","268","434","468","213","C1145628"
"5130","2","3","2","85","143","286","51","488","102","C1145628"
"1301","2","5","7","53","51","342","454","573","492","C1145628"
"324","2","3","12","41","219","197","70","255","422","C1145628"
"1027","2","3","12","19","31","1","116","1","86","C1145628"
"3418","2","3","2","67","151","276","33","48","155","C1145628"
"6868","2","5","7","53","51","342","454","236","492","C1145628"
"3239","2","3","3","19","221","321","428","541","667","C1145628"
"1028","2","3","12","19","31","1","116","1","86","C1145628"
"1896","2","5","12","41","219","339","156","568","697","C1145628"
"54551","2","3","12","41","219","197","156","568","422","C1145628"
"2064","2","5","7","53","14","20","25","40","186","C1145628"
"2706","2","3","12","76","153","40","38","54","75","C1167664"
"652","2","5","7","53","51","342","454","573","492","C1167664"
"54795","2","5","8","63","45","193","306","390","158","C1167664"
"3930","2","3","2","22","33","323","66","3","464","C1167664"
"1293","2","5","7","53","51","342","454","573","492","C1167664"
"6926","2","5","7","53","51","335","259","560","373","C1167664"
"1184","2","5","8","63","45","23","34","464","187","C1167664"
"191","2","3","5","80","81","105","426","129","690","C1167664"
"9569","2","3","12","19","31","276","91","433","118","C1167712"
"4791","2","3","12","41","219","339","156","568","697","C1167712"
"10312","2","3","7","34","52","216","395","549","674","C1167712"
"4893","2","5","7","34","52","24","30","46","72","C1167712"
"203228","2","3","2","48","57","110","141","359","462","C1167712"
"10060","2","3","8","41","45","23","423","464","445","C1167712"
"567","2","5","7","34","52","119","395","549","674","C1167712"
"5167","2","3","5","32","93","163","207","303","126","C1167712"
"5224","2","3","5","90","167","266","367","500","577","C1167712"
"6253","2","5","4","27","36","326","402","489","187","C1167712"
"4538","2","3","2","48","170","50","119","444","556","C1167712"
"4688","2","5","7","60","14","20","25","40","215","C1167712"
"10982","2","3","12","76","153","40","38","54","75","C1167712"
"6335","2","5","8","63","36","166","341","390","158","C1167918"
"1287","2","5","2","53","51","342","454","573","492","C1167918"
"5167","2","3","5","32","93","163","207","303","126","C1167918"
"3786","2","5","8","63","36","166","106","110","158","C1167918"
"1763","2","3","12","19","31","261","116","1","86","C1167918"
"2969","2","3","12","19","31","276","91","433","118","C1167918"
"5828","2","3","5","43","161","305","409","208","482","C1167918"
"4000","2","3","12","26","105","178","226","297","156","C1167918"
"9049","2","3","3","41","151","276","378","271","356","C1167918"
"8803","2","3","8","67","92","293","55","75","311","C1167918"
"8398","2","3","5","116","183","40","38","352","455","C1167918"
"2261","2","5","7","53","14","20","25","40","186","C1167918"
"2071","2","3","12","19","31","261","116","159","211","C1167918"
"54583","2","3","12","41","116","268","434","568","605","C1167918"
"2057","2","5","7","53","14","20","25","40","186","C1167918"
"50940","2","3","4","68","96","326","427","548","672","C1167918"
"5889","2","3","12","19","31","261","116","1","86","C1167918"
"4338","2","3","2","110","85","75","204","267","352","C1167918"
"9131","2","3","12","41","219","339","347","271","356","C1167918"
"1062","2","3","12","76","153","40","38","54","75","C1167918"
"4057","2","5","7","34","52","216","395","549","674","C1167918"
"55624","2","3","2","78","123","194","255","215","412","C1167918"
"4256","2","5","7","53","51","342","454","573","492","C1167918"
"51715","2","5","7","60","54","24","30","46","72","C1167918"
"4688","2","5","7","60","14","20","25","40","215","C1167918"
"11141","2","5","7","53","36","335","444","223","373","C1167918"
"1832","2","5","7","34","52","225","142","220","298","C1167918"
"6010","2","5","4","68","96","326","427","548","672","C1167918"
"11284","2","3","12","19","31","261","116","1","86","C1167918"
"5602","2","3","12","19","14","150","34","540","68","C1167918"
"1991","2","5","7","34","52","216","395","549","674","C1167918"
"617","2","3","2","48","170","50","304","167","593","C1167918"
"3480","2","5","7","53","14","20","25","40","186","C1167918"
"11322","2","5","7","34","52","216","395","549","674","C1168239"
"51715","2","5","7","60","54","24","30","46","72","C1168239"
"3425","2","3","5","80","81","166","454","573","492","C1168401"
"5447","2","3","5","91","214","271","372","471","586","C1168401"
"9370","2","5","3","41","151","276","91","433","118","C1168401"
"3054","2","3","12","19","31","1","426","55","78","C1168401"
"2896","2","5","7","34","52","216","395","549","674","C1168401"
"3090","2","3","12","19","31","1","426","55","664","C1168401"
"3730","2","5","7","53","14","20","25","40","186","C1168401"
"3077","2","5","7","53","51","119","395","549","674","C1168401"
"445","2","3","2","84","97","167","210","278","360","C1168401"
"6575","2","3","8","45","94","199","240","415","666","C1168401"
"27034","2","3","2","67","92","293","55","75","311","C1168401"
"6532","2","5","8","45","94","199","240","415","666","C1168401"
"2641","2","5","4","68","96","326","427","548","672","C1168401"
"7099","2","5","7","41","219","339","156","568","697","C1168401"
"25978","2","3","2","48","57","110","141","359","462","C1168401"
"4854","2","5","7","53","51","143","428","236","667","C1168401"
"2073","2","3","12","19","31","261","116","1","86","C1168401"
"7855","2","5","3","68","221","197","259","560","422","C1168401"
"7097","2","5","7","34","52","216","395","549","674","C1168401"
"2632","2","3","2","28","22","48","232","82","114","C1168401"
"51750","2","3","12","19","31","261","116","1","86","C1168401"
"2022","2","5","7","53","51","342","259","423","389","C1168401"
"4621","2","5","8","63","45","23","103","464","187","C1168401"
"4929","2","3","3","19","151","276","91","433","118","C1168401"
"25913","2","3","12","19","31","261","116","1","78","C1168401"
"4693","2","5","7","53","51","342","454","573","492","C1168401"
"6519","2","3","5","45","94","199","240","415","666","C1168401"
"6813","2","5","7","53","51","342","454","573","702","C1168401"
"3728","2","5","7","34","52","225","142","220","298","C1168401"
"1586","2","3","5","79","98","256","335","425","540","C1176475"
"5781","2","5","7","53","14","20","25","40","186","C1176475"
"27130","2","3","12","48","45","143","38","236","69","C1176475"
"27235","2","3","2","48","170","50","304","167","593","C1176475"
"10312","2","3","7","34","52","216","395","549","674","C1184919"
"1678","2","3","2","48","170","50","304","167","593","C1184919"
"2316","2","5","7","53","51","342","454","573","702","C1184919"
"5479","2","3","2","53","51","342","454","573","492","C1184919"
"1776","2","5","7","105","219","261","402","129","215","C1184919"
"1297","2","5","7","53","51","342","454","573","492","C1184919"
"6662","2","3","3","19","221","321","428","541","667","C1185616"
"4784","2","3","2","22","33","261","116","159","211","C1185616"
"2990","2","3","7","34","52","216","395","549","674","C1185616"
"4000","2","3","12","26","105","178","226","297","156","C1257806"
"213","2","5","7","53","51","342","454","573","492","C1257806"
"9790","2","3","2","110","85","237","433","547","671","C1257806"
"3458","2","5","7","53","184","119","156","287","116","C1257806"
"3759","2","5","8","63","36","166","106","110","158","C1257806"
"23556","2","3","2","61","77","142","176","235","317","C1257806"
"3145","2","3","5","80","81","166","132","175","473","C1257806"
"25974","2","3","7","48","51","105","139","186","245","C1257806"
"673","2","5","7","53","14","20","34","540","68","C1257877"
"51259","2","3","2","76","153","40","38","54","75","C1257877"
"7403","2","3","12","19","31","1","426","55","78","C1257915"
"6774","2","3","12","53","14","276","25","489","416","C1257915"
"7403","2","3","12","19","31","1","426","55","78","C1257915"
"572","2","3","7","41","219","339","402","489","72","C1257915"
"1594","2","3","5","92","163","96","363","460","487","C1257915"
"182","2","5","7","53","51","143","428","236","667","C1257915"
"51086","2","3","2","68","45","232","321","406","520","C1258104"
"8626","2","3","3","19","221","321","428","541","667","C1258104"
"3767","2","5","8","63","36","166","106","110","158","C1258104"
"875","2","3","5","80","137","44","21","451","316","C1258104"
"26580","2","5","8","27","70","99","162","216","290","C1258104"
"2778","2","5","4","68","96","326","427","548","672","C1258215"
"1188","2","5","8","63","45","23","34","464","187","C1258215"
"3552","2","3","12","53","51","119","156","489","416","C1258215"
"8242","2","3","12","19","31","1","426","55","78","C1258215"
"8547","2","5","7","53","51","342","454","573","492","C1258215"
"51259","2","3","2","76","153","40","38","54","75","C1258215"
"3098","2","3","2","90","167","266","367","500","577","C1258215"
"6886","2","3","12","19","31","1","426","55","78","C1260386"
"6647","2","3","2","95","2","342","378","173","702","C1260386"
"5932","2","3","12","19","31","261","116","1","86","C1260899"
"2627","2","3","12","19","31","118","155","287","116","C1260899"
"27232","2","3","2","19","31","105","106","14","7","C1260899"
"633","2","5","7","53","51","342","454","573","492","C1260899"
"4193","2","3","12","19","31","1","116","89","605","C1260899"
"3043","2","5","7","34","52","216","395","549","116","C1260899"
"11136","2","3","5","80","94","199","240","415","666","C1260899"
"2773","2","5","4","68","96","326","427","548","672","C1260899"
"26191","2","5","7","53","14","20","25","40","186","C1260899"
"50846","2","3","3","68","221","197","259","560","422","C1260899"
"3195","2","3","3","19","221","321","428","541","667","C1260899"
"5146","2","3","5","86","72","258","318","403","518","C1260899"
"1636","2","3","5","80","81","166","397","418","568","C1260899"
"2055","2","3","2","27","36","150","402","223","628","C1260899"
"29089","2","3","12","41","116","268","434","468","213","C1260899"
"5396","2","3","3","19","221","321","428","541","667","C1260899"
"54820","2","3","12","76","153","40","38","54","75","C1260926"
"411","2","3","7","34","52","216","395","549","674","C1260926"
"2052","2","3","5","91","130","114","290","367","475","C1260926"
"50964","2","5","3","68","221","197","259","423","422","C1260926"
"6101","2","5","7","60","116","268","434","468","215","C1260926"
"7157","2","3","12","19","31","261","402","489","551","C1260926"
"633","2","5","7","53","51","342","454","573","492","C1260926"
"652","2","5","7","53","51","342","454","573","492","C1260926"
"91147","2","3","12","76","153","40","38","54","75","C1260926"
"11251","2","5","4","68","96","326","427","548","672","C1260926"
"11315","2","3","2","48","170","50","399","201","229","C1260926"
"358","2","3","5","80","81","166","397","374","486","C1260926"
"2261","2","5","7","53","14","20","25","40","186","C1260926"
"134","2","5","4","68","96","326","427","548","672","C1260926"
"3708","2","5","8","63","45","23","306","390","158","C1260926"
"3265","2","5","7","60","54","24","30","46","72","C1260926"
"6696","2","5","7","53","51","342","454","573","492","C1260926"
"26585","2","5","7","53","51","342","259","423","389","C1260926"
"3162","2","3","5","53","51","119","402","489","416","C1260926"
"2261","2","5","7","53","14","20","25","40","186","C1260926"
"10293","2","3","12","41","116","268","434","468","213","C1260926"
"3920","2","5","7","34","52","216","395","549","674","C1260926"
"54808","2","3","12","76","153","40","38","54","75","C1260926"
"6927","2","3","3","19","221","321","428","541","667","C1260926"
"23394","2","3","12","19","31","335","444","236","373","C1260926"
"8481","2","3","12","76","153","40","38","54","75","C1261473"
"23141","2","3","12","76","105","40","226","489","435","C1261473"
"54209","2","5","7","53","51","119","395","549","674","C1261473"
"11200","2","3","12","19","31","261","116","1","86","C1261473"
"1410","2","3","12","63","45","23","38","54","187","C1261473"
"1639","2","3","12","76","153","40","38","54","75","C1261473"
"7124","2","3","12","41","219","339","156","568","697","C1261473"
"1758","2","5","7","53","51","342","454","573","492","C1261473"
"2697","2","3","7","76","153","40","38","54","75","C1261473"
"2157","2","5","7","53","51","342","454","573","702","C1261473"
"7169","2","5","8","63","45","23","103","464","187","C1261473"
"10804","2","3","12","76","153","40","38","54","75","C1261473"
"2006","2","5","7","53","51","342","454","573","492","C1261473"
"4137","2","3","7","27","36","150","341","223","628","C1261473"
"760","2","3","5","35","41","77","40","78","178","C1261473"
"4512","2","3","2","48","170","110","141","359","8","C1261473"
"2261","2","5","7","53","14","20","25","40","186","C1261473"
"9321","2","3","12","76","153","40","38","54","203","C1261473"
"26040","2","3","12","19","31","1","116","297","78","C1261473"
"3094","2","3","2","48","170","266","367","500","78","C1261473"
"2639","2","3","2","71","148","34","160","115","164","C1261473"
"55033","2","3","2","110","105","178","226","297","380","C1261473"
"867","2","5","7","53","14","184","25","40","669","C1261473"
"1593","2","3","5","79","152","273","157","333","277","C1261473"
"2110","2","3","2","48","170","50","119","444","556","C1263023"
"183","2","5","4","68","96","326","427","548","672","C1263023"
"196","2","3","3","19","151","276","91","433","118","C1263023"
"55145","2","3","2","22","33","225","142","220","140","C1263023"
"8838","2","5","7","53","51","342","259","423","389","C1263023"
"355","2","3","7","41","219","339","156","568","697","C1263023"
"2263","2","5","7","53","14","20","25","40","186","C1263023"
"10861","2","3","2","35","142","225","142","220","673","C1263857"
"26012","2","3","12","19","31","261","116","159","211","C1263857"
"8452","2","3","12","41","116","268","434","468","213","C1263857"
"7080","2","3","3","19","221","321","428","541","667","C1263857"
"3481","2","5","7","53","51","342","454","573","492","C1263857"
"1186","2","5","8","63","45","23","34","464","187","C1263857"
"26119","2","5","7","60","14","184","341","544","669","C1263857"
"2318","2","5","7","53","45","23","103","464","187","C1263857"
"3815","2","5","7","53","14","20","25","40","186","C1263857"
"1432","2","3","7","34","52","216","34","540","68","C1263857"
"6657","2","3","12","19","221","321","428","541","667","C1263857"
"7480","2","5","3","68","221","197","259","560","422","C1263857"
"5190","2","3","5","43","161","305","409","208","482","C1263857"
"3479","2","5","7","53","51","342","454","573","492","C1263857"
"55800","2","5","8","27","36","150","341","223","628","C1263857"
"59","2","5","8","63","45","23","103","464","187","C1263857"
"4763","2","5","7","60","54","24","30","46","214","C1263857"
"7042","2","5","7","53","51","342","454","573","492","C1263857"
"9820","2","3","12","41","116","268","434","468","213","C1266119"
"7253","2","5","4","68","96","326","427","548","672","C1266119"
"51741","2","3","2","22","33","323","66","101","127","C1271100"
"5906","2","5","7","34","52","216","30","46","72","C1271100"
"2072","2","3","12","19","31","261","116","1","86","C1271100"
"613","2","5","7","60","54","24","30","46","72","C1271100"
"3303","2","3","7","34","52","216","395","271","356","C1271100"
"2317","2","5","7","63","45","23","103","287","664","C1271100"
"6557","2","5","8","45","94","199","240","415","666","C1271100"
"23347","2","3","12","41","116","268","434","468","213","C1271100"
"25974","2","3","7","48","51","105","139","186","245","C1271100"
"6330","2","5","8","63","36","166","341","223","158","C1271100"
"5781","2","5","7","53","14","20","25","40","186","C1271219"
"7046","2","3","12","41","219","339","259","423","605","C1271219"
"10262","2","3","2","22","33","323","66","101","136","C1271219"
"1487","2","3","12","19","31","1","426","55","340","C1271219"
"2332","2","3","2","22","33","71","373","466","609","C1271219"
"695","2","5","7","53","14","20","25","40","186","C1271219"
"1277","2","5","7","53","51","342","454","573","492","C1271219"
"22854","2","5","5","27","51","335","444","560","373","C1273957"
"23126","2","3","12","19","31","276","426","55","78","C1273957"
"552","2","5","4","68","96","326","427","548","672","C1274743"
"54361","2","5","3","68","221","197","259","560","422","C1274743"
"1297","2","5","7","53","51","342","454","573","492","C1274743"
"1778","2","3","7","76","153","40","38","54","75","C1274865"
"673","2","5","7","53","14","20","34","540","68","C1274865"
"1278","2","5","7","53","51","342","454","573","492","C1274865"
"54345","2","5","3","19","221","321","428","541","667","C1274865"
"3975","2","3","3","19","221","321","428","541","667","C1274865"
"2067","2","3","12","19","31","261","116","1","86","C1274865"
"4125","2","3","7","34","52","216","395","549","674","C1274865"
"4893","2","5","7","34","52","24","30","46","72","C1275078"
"9897","2","3","12","76","18","75","38","1","212","C1275078"
"55505","2","3","2","110","85","237","433","547","671","C1275081"
"5972","2","5","5","34","52","216","397","418","568","C1275081"
"54806","2","5","7","76","153","40","38","54","75","C1275081"
"2512","2","3","7","34","52","216","395","544","358","C1275081"
"54880","2","3","12","19","31","1","426","55","78","C1275081"
"9896","2","3","5","80","81","296","399","201","274","C1275081"
"2629","2","3","5","80","81","250","291","152","420","C1275278"
"9411","2","5","7","60","54","24","30","46","72","C1275278"
"23534","2","3","2","22","33","323","66","101","136","C1275278"
"6223","2","3","2","110","85","237","433","547","671","C1275278"
"256646","2","3","3","11","221","73","79","560","373","C1275278"
"26580","2","5","8","27","70","99","162","216","290","C1275808"
"3691","2","5","7","53","51","342","454","573","492","C1275808"
"5189","2","3","5","43","161","305","409","208","482","C1275808"
"27077","2","3","12","76","153","40","38","54","75","C1275808"
"4000","2","3","12","26","105","178","226","297","156","C1275808"
"28982","2","3","5","25","44","165","101","274","358","C1275808"
"5190","2","3","5","43","161","305","409","208","482","C1276035"
"7780","2","5","4","68","96","326","141","359","586","C1276035"
"5727","2","3","12","68","221","197","259","560","422","C1276035"
"5551","2","5","7","53","51","119","395","549","674","C1276035"
"3569","2","5","7","53","51","342","454","573","416","C1276035"
"2645","2","3","2","90","167","266","367","101","664","C1276035"
"2074","2","3","12","19","31","1","426","55","78","C1276035"
"3291","2","3","2","69","83","101","94","133","318","C1276035"
"55315","2","3","5","80","81","296","62","94","150","C1276035"
"2290","2","3","3","19","221","321","428","541","667","C1276035"
"7305","2","5","7","34","52","216","395","549","674","C1276035"
"5580","2","5","7","34","52","216","395","287","116","C1276035"
"51259","2","3","2","76","153","40","38","54","75","C1277241"
"7461","2","3","7","60","153","40","38","93","75","C1277241"
"5328","2","5","7","34","52","216","395","549","674","C1277241"
"5265","2","5","7","34","52","216","395","573","702","C1277241"
"7276","2","5","7","34","52","216","395","549","674","C1277241"
"6648","2","3","2","95","151","160","378","173","229","C1277241"
"5521","2","3","12","76","137","76","136","472","435","C1277241"
"23418","2","5","7","53","36","71","177","560","373","C1277241"
"4535","2","3","2","48","170","50","119","444","556","C1277241"
"3914","2","5","7","53","51","342","454","573","492","C1277241"
"2952","2","3","5","91","175","271","372","471","586","C1277241"
"3115","2","5","7","53","184","119","156","287","116","C1277241"
"2318","2","5","7","53","45","23","103","464","187","C1277241"
"4591","2","3","12","41","116","268","434","468","213","C1277241"
"6655","2","5","7","60","54","24","30","46","72","C1277241"
"4887","2","5","4","68","96","326","427","548","672","C1277241"
"6532","2","5","8","45","94","199","240","415","666","C1277241"
"6862","2","5","3","53","51","335","259","560","373","C1277241"
"25782","2","5","7","60","54","24","30","46","72","C1277241"
"4645","2","3","4","67","92","293","55","75","311","C1277241"
"7504","2","5","4","68","96","326","427","548","672","C1277241"
"4547","2","5","7","53","51","342","454","573","492","C1277241"
"8671","2","5","8","45","94","199","240","415","666","C1279412"
"6303","2","3","2","67","118","160","261","188","423","C1279412"
"5034","2","5","7","53","51","342","454","573","492","C1279412"
"4508","2","3","2","48","170","50","119","444","556","C1280433"
"6689","2","3","12","19","31","276","91","433","118","C1280433"
"26503","2","3","2","89","124","204","272","347","442","C1280433"
"3458","2","5","7","53","184","119","156","287","116","C1280433"
"5788","2","5","7","34","52","216","395","549","674","C1280433"
"8626","2","3","3","19","221","321","428","541","667","C1280433"
"6473","2","3","3","19","221","321","428","541","667","C1280433"
"6638","2","3","2","22","33","323","66","101","136","C1280433"
"2165","2","5","7","53","51","342","454","573","492","C1280433"
"6391","2","3","2","48","170","50","119","444","556","C1280433"
"29110","2","3","12","41","219","339","156","568","697","C1280433"
"6223","2","3","2","110","85","237","433","547","671","C1280433"
"4221","2","3","12","19","31","342","454","573","492","C1280433"
"23203","2","3","5","80","81","50","304","167","593","C1280433"
"2717","2","3","7","34","52","216","395","549","674","C1280433"
"1759","2","5","7","60","14","184","341","544","669","C1280433"
"10262","2","3","2","22","33","323","66","101","136","C1280433"
"5205","2","3","8","63","45","23","103","464","619","C1280433"
"2255","2","5","7","53","14","20","25","40","186","C1280433"
"124590","2","3","3","19","221","321","428","541","667","C1281931"
"6638","2","3","2","22","33","323","66","101","136","C1281931"
"11136","2","3","5","80","94","199","240","415","666","C1281931"
"1281","2","5","7","53","51","342","454","573","492","C1281931"
"51715","2","5","7","60","54","24","30","46","72","C1281931"
"5396","2","3","3","19","221","321","428","541","667","C1281931"
"8243","2","3","12","76","31","40","38","54","75","C1281931"
"54903","2","3","12","76","153","40","38","54","75","C1281931"
"1161","2","3","12","41","116","268","434","468","213","C1281931"
"5465","2","3","3","19","151","276","91","433","118","C1282952"
"55699","2","3","2","110","85","67","76","252","154","C1282952"
"2316","2","5","7","53","51","342","454","573","702","C1282952"
"1848","2","3","5","42","81","296","399","201","274","C1285291"
"4869","2","3","12","110","85","237","433","547","664","C1285291"
"2099","2","3","12","19","151","276","91","433","118","C1285291"
"5961","2","5","7","27","51","326","126","414","702","C1288283"
"23590","2","3","2","48","170","50","119","444","556","C1288283"
"2706","2","3","12","76","153","40","38","54","75","C1288283"
"26580","2","5","8","27","70","99","162","216","290","C1288283"
"7050","2","3","12","19","31","321","428","541","667","C1290398"
"10371","2","5","7","53","51","342","79","560","373","C1290398"
"4535","2","3","2","48","170","50","119","444","556","C1290398"
"5192","2","3","5","43","161","305","409","208","482","C1290398"
"673","2","5","7","53","14","20","34","540","68","C1290398"
"7248","2","3","2","48","57","110","141","359","462","C1290398"
"5309","2","3","3","19","221","321","428","541","667","C1290398"
"1910","2","5","4","68","96","326","427","548","672","C1290398"
"5189","2","3","5","43","161","305","409","208","482","C1290508"
"16","2","3","2","110","85","237","433","547","154","C1290508"
"5447","2","3","5","91","214","271","372","471","586","C1290511"
"1130","2","5","7","60","54","326","141","359","462","C1290511"
"875","2","3","5","80","137","44","21","451","316","C1290511"
"5818","2","5","7","53","51","335","444","560","373","C1290511"
"26276","2","3","7","60","81","184","341","66","203","C1290511"
"790","2","3","12","41","219","339","347","206","627","C1290511"
"4627","2","5","7","63","45","184","103","572","658","C1290537"
"5025","2","5","8","63","45","23","306","390","158","C1290537"
"7273","2","5","7","53","51","342","103","464","702","C1290708"
"26278","2","3","12","41","116","268","347","271","356","C1290708"
"10518","2","3","2","22","170","50","119","444","556","C1290857"
"3984","2","5","7","53","14","20","34","540","68","C1290857"
"3845","2","5","7","60","54","24","30","46","72","C1290857"
"8643","2","5","3","68","221","197","259","560","422","C1290857"
"2260","2","5","7","53","14","20","25","40","186","C1290857"
"8504","2","3","5","47","144","185","238","310","392","C1290857"
"3081","2","3","2","91","51","3","267","308","429","C1290857"
"8517","2","3","12","41","219","339","156","568","697","C1290857"
"94","2","5","7","53","51","342","259","423","389","C1290857"
"3360","2","5","4","68","96","326","427","548","672","C1290857"
"4538","2","3","2","48","170","50","119","444","556","C1291245"
"25970","2","5","7","53","14","20","25","40","116","C1291245"
"5264","2","3","5","43","161","305","409","208","482","C1292120"
"6016","2","5","7","60","54","24","30","46","72","C1292120"
"5216","2","5","7","76","153","342","38","54","702","C1292120"
"4359","2","5","7","53","51","342","454","573","492","C1292120"
"5830","2","3","5","43","161","305","409","208","482","C1292120"
"4010","2","3","3","19","221","321","428","541","667","C1292772"
"51816","2","5","7","34","52","216","395","549","674","C1292772"
"4437","2","3","12","19","31","261","116","1","86","C1295585"
"3000","2","5","4","68","96","326","427","548","672","C1295585"
"7305","2","5","7","34","52","216","395","549","674","C1295585"
"5194","2","3","5","43","161","305","409","208","482","C1295585"
"26227","2","3","2","41","137","44","208","81","108","C1295585"
"55636","2","3","3","19","221","321","428","423","389","C1295585"
"4625","2","3","8","63","45","23","103","464","187","C1295585"
"5594","2","5","7","34","14","20","34","540","274","C1295654"
"6833","2","5","8","45","36","166","240","415","666","C1295654"
"5940","2","3","2","22","33","323","66","101","136","C1295654"
"3440","2","3","12","19","184","118","155","287","116","C1295654"
"8243","2","3","12","76","31","40","38","54","75","C1298692"
"5176","2","5","7","53","51","342","454","573","492","C1298692"
"6662","2","3","3","19","221","321","428","541","667","C1298692"
"10342","2","3","7","60","219","40","202","66","203","C1298692"
"1291","2","5","7","53","51","342","454","573","492","C1298695"
"10161","2","5","4","68","96","326","427","548","672","C1298695"
"4023","2","3","5","24","51","342","91","20","27","C1298695"
"3651","2","3","3","19","221","321","428","541","667","C1298695"
"641","2","3","12","19","31","261","116","1","86","C1298695"
"9742","2","3","12","76","153","40","38","54","75","C1298695"
"3320","2","3","7","34","52","75","347","271","356","C1298695"
"7681","2","3","12","41","116","268","434","468","213","C1298695"
"1376","2","3","2","19","151","276","91","433","118","C1298695"
"2956","2","3","12","19","31","261","116","1","86","C1298695"
"2318","2","5","7","53","45","23","103","464","187","C1298695"
"5742","2","3","5","91","175","134","167","224","301","C1298695"
"229","2","3","2","90","167","266","367","500","577","C1300268"
"1001","2","5","7","53","51","335","444","560","373","C1300268"
"7428","2","3","12","41","116","268","434","468","213","C1301362"
"355","2","3","7","41","219","339","156","568","697","C1301362"
"27010","2","3","2","72","196","95","115","158","322","C1301509"
"84433","2","3","12","41","219","339","156","568","697","C1301509"
"7050","2","3","12","19","31","321","428","541","667","C1301509"
"7840","2","3","12","76","153","40","38","54","75","C1301509"
"4851","2","3","12","19","221","143","428","236","667","C1301509"
"6597","2","3","12","19","31","1","426","55","78","C1301509"
"10019","2","5","7","53","14","20","25","40","116","C1301509"
"846","2","5","4","68","96","326","427","548","672","C1301509"
"3295","2","3","5","43","161","305","409","208","482","C1301509"
"25978","2","3","2","48","57","110","141","359","462","C1301509"
"2239","2","3","2","74","51","342","454","573","492","C1301509"
"153201","2","3","2","45","94","199","15","25","676","C1301509"
"4547","2","5","7","53","51","342","454","573","492","C1301509"
"462","2","5","7","53","51","342","454","573","492","C1301509"
"1565","2","3","5","91","214","226","326","413","530","C1301509"
"9997","2","3","2","48","170","50","119","444","556","C1301509"
"23384","2","3","12","63","45","184","103","572","658","C1301510"
"10008","2","5","8","63","36","166","341","223","158","C1301510"
"894","2","3","12","19","31","1","34","540","68","C1301937"
"8314","2","3","12","41","31","1","426","55","78","C1301937"
"1191","2","5","7","53","51","342","454","573","702","C1301937"
"50814","2","3","2","69","221","73","360","86","119","C1301937"
"6535","2","5","8","45","94","199","240","415","666","C1301937"
"2218","2","5","2","53","123","194","255","560","373","C1301937"
"23556","2","3","2","61","77","142","176","235","317","C1301937"
"5595","2","3","7","53","14","20","34","540","68","C1301937"
"2627","2","3","12","19","31","118","155","287","116","C1301937"
"10806","2","3","12","76","153","40","38","54","75","C1301937"
"5080","2","3","3","19","221","321","428","541","667","C1301937"
"2629","2","3","5","80","81","250","291","152","420","C1301937"
"5832","2","3","2","101","62","189","182","509","252","C1301937"
"2915","2","5","4","68","96","326","427","548","672","C1301937"
"6899","2","5","7","53","184","335","259","560","373","C1301937"
"2161","2","5","7","68","51","119","395","549","674","C1301937"
"3459","2","5","7","53","184","119","156","287","116","C1301937"
"10161","2","5","4","68","96","326","427","548","672","C1301937"
"3586","2","5","7","53","51","119","25","489","416","C1301937"
"2896","2","5","7","34","52","216","395","549","674","C1301937"
"3110","2","3","3","19","221","321","428","541","667","C1301959"
"6900","2","5","7","53","51","342","454","223","373","C1301959"
"132","2","3","2","110","85","237","433","80","394","C1301959"
"3209","2","3","3","19","221","321","428","541","667","C1301959"
"2317","2","5","7","63","45","23","103","287","664","C1301959"
"7136","2","5","8","63","45","23","103","464","187","C1301959"
"4846","2","3","5","41","219","75","243","44","64","C1301959"
"368","2","3","12","41","116","268","423","536","445","C1301959"
"6683","2","3","12","76","153","40","38","54","75","C1301959"
"4598","2","3","2","19","151","276","198","259","427","C1301959"
"9569","2","3","12","19","31","276","91","433","118","C1301959"
"3073","2","3","5","105","155","250","291","152","420","C1301959"
"6683","2","3","12","76","153","40","38","54","75","C1301959"
"7490","2","3","3","19","221","321","428","541","667","C1301959"
"6772","2","3","12","53","184","119","156","287","116","C1301959"
"6628","2","3","2","22","33","323","66","101","136","C1301959"
"617","2","3","2","48","170","50","304","167","593","C1301959"
"55612","2","5","7","60","36","71","177","560","701","C1301959"
"6239","2","3","12","19","119","330","214","454","144","C1301959"
"3561","2","5","7","53","14","20","25","40","186","C1302995"
"6905","2","3","12","76","153","40","38","54","75","C1302995"
"5728","2","3","5","80","81","339","156","568","605","C1302995"
"3459","2","5","7","53","184","119","156","287","116","C1302999"
"8878","2","3","12","41","219","339","156","568","697","C1302999"
"5110","2","3","2","41","75","139","175","111","312","C1302999"
"2244","2","5","7","53","51","342","454","573","492","C1302999"
"3064","2","3","12","48","170","50","444","91","439","C1303003"
"5243","2","3","12","41","116","268","423","536","445","C1303003"
"6103","2","3","12","76","153","40","38","54","75","C1303003"
"7026","2","3","3","19","151","276","91","433","118","C1303007"
"11160","2","3","12","41","116","268","423","536","445","C1303007"
"8838","2","5","7","53","51","342","259","423","389","C1303007"
"3861","2","1","6","11","142","225","142","220","298","C1303007"
"79583","2","5","8","27","70","99","38","54","75","C1303073"
"4015","2","5","7","53","51","342","454","573","492","C1303073"
"10913","2","3","12","41","219","339","156","568","697","C1305740"
"221037","2","3","12","19","31","118","155","287","116","C1305740"
"4313","2","5","7","53","51","342","454","573","492","C1305740"
"5447","2","3","5","91","214","271","372","471","586","C1305740"
"26277","2","3","12","19","31","1","426","1","78","C1306067"
"3339","2","5","7","53","51","342","454","573","492","C1306067"
"1374","2","3","2","19","151","276","91","433","118","C1306067"
"54361","2","5","3","68","221","197","259","560","422","C1306067"
"6655","2","5","7","60","54","24","30","46","72","C1306067"
"55534","2","3","12","19","31","143","428","236","667","C1306122"
"2908","2","3","12","19","151","276","91","433","118","C1306122"
"5592","2","5","4","53","14","20","34","540","68","C1306122"
"9829","2","5","7","60","14","184","341","544","669","C1306122"
"23169","2","3","2","78","205","112","430","429","544","C1306122"
"2324","2","5","7","53","14","20","25","40","186","C1306122"
"435","2","3","8","84","97","167","210","278","360","C1306122"
"29978","2","5","7","60","116","268","341","544","669","C1306122"
"7248","2","3","2","48","57","110","141","359","462","C1306122"
"7053","2","3","6","11","142","225","142","220","298","C1306122"
"5159","2","5","7","53","14","20","25","40","186","C1306214"
"4208","2","3","12","19","151","276","91","433","118","C1306214"
"5318","2","1","6","11","142","225","142","220","298","C1306214"
"5373","2","3","2","90","167","123","158","207","278","C1306214"
"3689","2","5","7","34","52","216","395","549","674","C1306503"
"10568","2","3","8","45","94","199","240","415","666","C1306503"
"3949","2","5","7","60","14","184","341","544","669","C1306587"
"7486","2","3","12","19","31","261","116","1","86","C1306587"
"2316","2","5","7","53","51","342","454","573","702","C1306587"
"9215","2","5","2","27","36","150","430","215","628","C1306587"
"2645","2","3","2","90","167","266","367","101","664","C1306710"
"859","2","5","8","63","45","23","103","464","187","C1306710"
"404672","2","3","12","19","31","1","116","159","211","C1306710"
"5982","2","3","12","19","31","261","116","1","86","C1306710"
"2263","2","5","7","53","14","20","25","40","186","C1306710"
"26040","2","3","12","19","31","1","116","297","78","C1306710"
"5551","2","5","7","53","51","119","395","549","674","C1306710"
"5189","2","3","5","43","161","305","409","208","482","C1306710"
"9829","2","5","7","60","14","184","341","544","669","C1306710"
"10516","2","5","7","53","51","342","454","573","492","C1306710"
"2131","2","3","2","74","58","112","148","181","416","C1306710"
"3920","2","5","7","34","52","216","395","549","674","C1306710"
"7461","2","3","7","60","153","40","38","93","75","C1306710"
"2304","2","3","12","19","221","321","428","541","667","C1306710"
"9896","2","3","5","80","81","296","399","201","274","C1306710"
"1278","2","5","7","53","51","342","454","573","492","C1306710"
"701","2","3","12","76","153","40","38","54","75","C1306710"
"3861","2","1","6","11","142","225","142","220","298","C1306710"
"55172","2","5","7","27","36","150","341","223","628","C1306710"
"4668","2","3","5","21","111","188","242","313","396","C1306710"
"6567","2","5","8","35","41","77","40","57","80","C1306710"
"10436","2","3","2","110","85","237","433","547","671","C1306710"
"4920","2","5","7","53","14","20","259","560","373","C1306710"
"7466","2","5","7","53","51","342","454","573","492","C1306710"
"3239","2","3","3","19","221","321","428","541","667","C1306710"
"3592","2","5","7","53","51","119","25","489","416","C1306710"
"5506","2","3","12","76","137","76","136","82","658","C1306710"
"57038","2","3","2","110","85","67","76","252","154","C1306710"
"5830","2","3","5","43","161","305","409","208","482","C1306710"
"4256","2","5","7","53","51","342","454","573","492","C1306710"
"9640","2","3","12","19","31","261","116","159","211","C1306710"
"554","2","5","4","68","96","326","427","548","672","C1306710"
"6310","2","3","12","22","142","225","366","362","468","C1306837"
"4602","2","3","12","19","31","1","155","287","116","C1306837"
"10484","2","3","7","60","153","40","38","54","203","C1306837"
"5144","2","3","4","68","96","326","427","548","672","C1306837"
"54790","2","3","12","19","31","1","426","55","78","C1306856"
"11200","2","3","12","19","31","261","116","1","86","C1306856"
"958","2","5","7","53","51","119","156","568","697","C1306857"
"1030","2","3","12","19","31","1","426","55","78","C1306857"
"1967","2","3","2","110","85","237","433","547","671","C1306857"
"4849","2","3","2","110","85","198","261","146","118","C1306857"
"3954","2","3","2","48","170","67","119","444","593","C1306857"
"10815","2","5","7","60","36","71","341","223","666","C1306857"
"79147","2","3","2","27","36","150","430","215","628","C1306857"
"1736","2","3","2","110","85","237","433","547","671","C1306857"
"4436","2","3","12","19","31","261","116","1","86","C1306857"
"1621","2","3","5","53","51","239","333","422","537","C1306889"
"338382","2","5","7","60","54","24","30","46","72","C1306889"
"3664","2","5","7","53","184","119","156","287","116","C1306889"
"348","2","5","7","53","51","342","454","573","492","C1306889"
"23129","2","5","7","53","51","342","79","560","373","C1318518"
"9775","2","3","2","22","33","323","66","101","136","C1318518"
"5624","2","5","7","53","51","342","454","573","492","C1318518"
"650","2","5","7","53","51","342","259","423","389","C1318518"
"4210","2","3","12","41","219","339","156","568","697","C1318558"
"55612","2","5","7","60","36","71","177","560","701","C1318558"
"7518","2","3","12","19","31","261","116","1","86","C1319853"
"55612","2","5","7","60","36","71","177","560","701","C1319853"
"8260","2","3","12","41","85","266","76","287","78","C1319853"
"64170","2","3","12","41","219","339","156","568","697","C1319853"
"8842","2","5","5","53","82","147","184","179","328","C1319853"
"4292","2","3","12","19","31","261","116","1","86","C1319853"
"84790","2","3","12","76","153","40","38","54","75","C1319853"
"2693","2","5","4","68","96","326","427","548","672","C1319853"
"2990","2","3","7","34","52","216","395","549","674","C1319853"
"51085","2","3","2","48","57","110","141","359","462","C1319853"
"2022","2","5","7","53","51","342","259","423","389","C1319853"
"1756","2","5","8","63","45","23","103","464","187","C1319853"
"1896","2","5","12","41","219","339","156","568","697","C1319853"
"3861","2","1","6","11","142","225","142","220","298","C1321329"
"5080","2","3","3","19","221","321","428","541","667","C1321329"
"5159","2","5","7","53","14","20","25","40","186","C1321329"
"2294","2","3","3","19","221","321","428","541","667","C1321329"
"4893","2","5","7","34","52","24","30","46","72","C1321329"
"5428","2","3","2","48","170","50","119","167","593","C1321329"
"54790","2","3","12","19","31","1","426","55","78","C1321329"
"348","2","5","7","53","51","342","454","573","492","C1321329"
"1482","2","3","3","19","221","321","428","541","667","C1321329"
"3586","2","5","7","53","51","119","25","489","416","C1321329"
"54345","2","5","3","19","221","321","428","541","667","C1321329"
"6690","2","5","7","68","51","119","395","549","674","C1321489"
"3984","2","5","7","53","14","20","34","540","68","C1321489"
"6329","2","5","8","63","36","166","341","390","158","C1321489"
"6929","2","3","12","19","31","1","426","55","78","C1321551"
"6948","2","5","7","48","51","105","139","186","245","C1321551"
"2737","2","3","12","19","116","321","428","54","667","C1321884"
"1184","2","5","8","63","45","23","34","464","187","C1321884"
"9129","2","3","2","22","33","323","66","101","136","C1321884"
"7157","2","3","12","19","31","261","402","489","551","C1321884"
"2200","2","5","7","53","51","342","454","573","492","C1321884"
"1294","2","5","7","53","51","342","454","573","492","C1321884"
"7042","2","5","7","53","51","342","454","573","492","C1321884"
"538","2","3","8","63","45","23","103","464","187","C1321884"
"58484","2","3","12","41","219","339","156","568","697","C1321884"
"3159","2","3","12","19","31","276","91","433","664","C1321884"
"81608","2","3","2","22","33","323","66","101","136","C1321907"
"3712","2","3","2","48","170","50","119","444","556","C1321907"
"2629","2","3","5","80","81","250","291","152","420","C1328407"
"54567","2","5","7","53","51","143","428","236","667","C1328407"
"1293","2","5","7","53","51","342","454","573","492","C1328407"
"55636","2","3","3","19","221","321","428","423","389","C1328440"
"3748","2","5","8","63","36","166","106","110","158","C1328440"
"1814","2","5","4","68","96","326","427","548","672","C1328587"
"10913","2","3","12","41","219","339","156","568","697","C1328587"
"4210","2","3","12","41","219","339","156","568","697","C1328587"
"7045","2","5","12","19","51","1","426","55","78","C1328587"
"3106","2","5","7","34","52","119","395","549","674","C1328587"
"3636","2","3","5","80","14","20","25","40","186","C1328587"
"2629","2","3","5","80","81","250","291","152","420","C1328587"
"4771","2","5","7","60","36","71","177","64","215","C1328587"
"139411","2","3","12","19","151","276","91","433","118","C1328587"
"9897","2","3","12","76","18","75","38","1","212","C1328840"
"3373","2","3","5","80","51","342","454","573","492","C1328840"
"3949","2","5","7","60","14","184","341","544","669","C1328840"
"8148","2","3","12","19","31","261","116","159","211","C1328840"
"7051","2","1","6","11","142","225","142","220","298","C1328840"
"5578","2","5","7","53","14","20","34","540","621","C1328840"
"4842","2","3","5","63","45","71","177","464","219","C1328931"
"9927","2","3","12","19","31","118","155","287","116","C1328931"
"51750","2","3","12","19","31","261","116","1","86","C1328931"
"274","2","5","7","60","14","184","341","544","669","C1328931"
"26580","2","5","8","27","70","99","162","216","290","C1328931"
"25782","2","5","7","60","54","24","30","46","72","C1328931"
"5340","2","5","7","53","51","342","454","573","492","C1328931"
"11160","2","3","12","41","116","268","423","536","445","C1328931"
"1813","2","5","4","68","96","326","427","548","672","C1328931"
"3014","2","3","12","19","31","1","426","55","78","C1328931"
"26580","2","5","8","27","70","99","162","216","290","C1332852"
"9968","2","4","3","24","119","330","214","454","144","C1332852"
"5020","2","5","4","68","96","326","427","548","672","C1332852"
"5195","2","3","5","43","161","305","409","208","482","C1332852"
"940","2","5","7","53","14","20","25","40","186","C1332852"
"9378","2","5","7","27","36","71","341","223","219","C1332965"
"7421","2","3","3","19","151","276","91","433","118","C1332965"
"2798","2","5","4","68","96","326","427","548","672","C1333985"
"410","2","3","7","34","52","216","395","549","674","C1333985"
"4846","2","3","5","41","219","75","243","44","64","C1333985"
"1959","2","3","3","19","151","276","91","433","118","C1333989"
"7403","2","3","12","19","31","1","426","55","78","C1333989"
"5617","2","5","12","19","31","1","426","55","78","C1333989"
"6736","2","3","12","19","31","276","91","433","667","C1333989"
"1482","2","3","3","19","221","321","428","541","667","C1333990"
"2516","2","3","3","19","151","276","91","433","118","C1333990"
"54487","2","3","2","22","33","323","66","101","136","C1333990"
"2778","2","5","4","68","96","326","427","548","672","C1333990"
"7297","2","5","7","53","184","119","25","40","186","C1333990"
"8799","2","3","5","43","161","305","409","208","482","C1333990"
"23245","2","3","12","76","137","76","136","472","435","C1333990"
"5428","2","3","2","48","170","50","119","167","593","C1333990"
"7337","2","3","12","41","116","268","434","468","213","C1333990"
"23594","2","3","12","76","153","261","116","1","86","C1333990"
"2820","2","3","2","48","170","50","119","444","556","C1333990"
"3123","2","5","7","53","51","119","156","287","116","C1335929"
"5339","2","5","7","53","51","342","454","573","492","C1335929"
"8260","2","3","12","41","85","266","76","287","78","C1335929"
"54453","2","5","7","60","54","24","30","46","72","C1335929"
"57670","2","5","7","42","81","184","118","543","214","C1336708"
"5080","2","3","3","19","221","321","428","541","667","C1336708"
"941","2","5","7","53","51","119","25","40","186","C1336708"
"440275","2","3","2","110","85","237","433","547","671","C1336708"
"5832","2","3","2","101","62","189","182","509","252","C1336708"
"9499","2","5","7","53","51","23","103","464","187","C1336708"
"8838","2","5","7","53","51","342","259","423","389","C1336708"
"4854","2","5","7","53","51","143","428","236","667","C1336708"
"6678","2","5","7","53","51","342","454","573","492","C1336708"
"875","2","3","5","80","137","44","21","451","316","C1336708"
"5745","2","5","4","68","96","326","427","548","672","C1336708"
"2033","2","3","12","19","31","1","91","433","118","C1336708"
"2796","2","5","4","68","96","326","427","548","672","C1336708"
"5728","2","3","5","80","81","339","156","568","605","C1368816"
"8742","2","3","12","41","219","339","156","568","697","C1368816"
"4541","2","3","2","48","170","50","119","444","24","C1368816"
"5447","2","3","5","91","214","271","372","471","586","C1368816"
"6794","2","3","12","53","14","20","34","540","68","C1368816"
"54757","2","5","7","53","51","342","454","573","492","C1368816"
"59","2","5","8","63","45","23","103","464","187","C1368816"
"3655","2","5","7","53","51","342","454","573","492","C1368816"
"2178","2","3","12","19","31","261","116","1","86","C1368816"
"80144","2","5","7","53","51","335","444","560","373","C1368816"
"55630","2","3","5","27","81","99","162","216","290","C1368816"
"7468","2","3","12","19","31","1","426","55","78","C1368816"
"4867","2","5","7","76","153","40","38","54","75","C1368816"
"5015","2","3","3","19","221","321","428","541","667","C1368816"
"10269","2","3","2","48","182","50","119","444","556","C1368816"
"5573","2","3","12","19","184","118","155","287","116","C1368816"
"1548","2","3","5","91","214","226","326","447","586","C1368816"
"5621","2","5","8","27","36","342","454","573","628","C1368816"
"6648","2","3","2","95","151","160","378","173","229","C1370889"
"9394","2","3","2","74","58","112","148","193","263","C1370889"
"242","2","3","5","11","142","223","142","220","298","C1370889"
"1414","2","5","6","11","45","160","362","177","673","C1384590"
"1967","2","3","2","110","85","237","433","547","671","C1384590"
"50506","2","3","2","36","48","89","110","400","341","C1384600"
"26128","2","3","12","76","153","40","38","54","154","C1384600"
"3162","2","3","5","53","51","119","402","489","416","C1384600"
"9244","2","5","7","53","51","119","25","40","416","C1384600"
"3784","2","5","8","63","36","166","106","110","158","C1384606"
"137814","2","5","7","53","184","335","259","560","373","C1384606"
"7439","2","5","8","63","45","23","34","464","187","C1384606"
"5015","2","3","3","19","221","321","428","541","667","C1384606"
"25885","2","3","12","19","31","1","426","55","78","C1384606"
"6476","2","3","5","80","81","337","448","565","562","C1384606"
"1028","2","3","12","19","31","1","116","1","86","C1384606"
"2099","2","3","12","19","151","276","91","433","118","C1384606"
"25937","2","3","12","19","36","143","177","236","321","C1384606"
"3248","2","3","2","69","83","133","167","224","301","C1384670"
"1896","2","5","12","41","219","339","156","568","697","C1384670"
"3914","2","5","7","53","51","342","454","573","492","C1384670"
"5071","2","3","12","41","116","268","434","468","213","C1384670"
"2022","2","5","7","53","51","342","259","423","389","C1384670"
"79661","2","3","12","19","31","261","116","1","86","C1387532"
"6314","2","3","12","19","31","1","426","568","78","C1387532"
"7276","2","5","7","34","52","216","395","549","674","C1387532"
"26137","2","5","7","63","45","184","103","572","658","C1389016"
"3845","2","5","7","60","54","24","30","46","72","C1389016"
"4323","2","5","7","53","51","342","454","573","492","C1389016"
"51684","2","3","12","41","116","268","38","54","75","C1389016"
"5743","2","3","5","53","175","119","167","489","416","C1389016"
"55704","2","3","12","76","153","40","38","54","75","C1389016"
"4893","2","5","7","34","52","24","30","46","72","C1389016"
"1186","2","5","8","63","45","23","34","464","187","C1389016"
"6329","2","5","8","63","36","166","341","390","158","C1389016"
"183","2","5","4","68","96","326","427","548","672","C1389016"
"93","2","5","7","53","14","20","259","423","389","C1389016"
"5889","2","3","12","19","31","261","116","1","86","C1389016"
"54209","2","5","7","53","51","119","395","549","674","C1389016"
"10161","2","5","4","68","96","326","427","548","672","C1389016"
"4137","2","3","7","27","36","150","341","223","628","C1389016"
"5130","2","3","2","85","143","286","51","488","102","C1389016"
"9451","2","3","2","110","51","335","226","297","380","C1389016"
"3939","2","3","2","62","37","28","52","105","349","C1389018"
"1300","2","5","7","53","51","342","454","573","492","C1389018"
"2261","2","5","7","53","14","20","25","40","186","C1389018"
"4318","2","5","7","34","52","216","395","573","492","C1389018"
"4512","2","3","2","48","170","110","141","359","8","C1389018"
"875","2","3","5","80","137","44","21","451","316","C1389018"
"1392","2","5","4","68","96","326","427","548","672","C1389102"
"10804","2","3","12","76","153","40","38","54","75","C1389102"
"2645","2","3","2","90","167","266","367","101","664","C1389113"
"189","2","3","5","43","161","305","409","208","482","C1389113"
"710","2","5","7","53","51","342","454","573","702","C1389113"
"23512","2","3","12","19","31","1","426","55","78","C1389113"
"3549","2","5","3","53","51","197","259","560","422","C1389113"
"7171","2","5","8","63","45","23","103","464","187","C1389113"
"718","2","5","7","34","51","119","395","549","674","C1389113"
"51651","2","3","12","41","219","339","156","568","605","C1389113"
"57135","2","3","2","22","33","323","66","101","136","C1389113"
"9897","2","3","12","76","18","75","38","1","212","C1389113"
"55750","2","3","2","42","18","184","118","543","214","C1389113"
"1285","2","5","7","53","51","342","454","573","492","C1389113"
"7424","2","5","7","53","51","342","454","573","702","C1389113"
"8398","2","3","5","116","183","40","38","352","455","C1389113"
"2068","2","3","12","19","31","261","116","159","211","C1389113"
"6303","2","3","2","67","118","160","261","188","423","C1389113"
"51259","2","3","2","76","153","40","38","54","75","C1389113"
"176","2","5","7","53","51","342","454","573","492","C1389113"
"2255","2","5","7","53","14","20","25","40","186","C1389113"
"55806","2","3","12","19","31","1","426","55","78","C1389113"
"4210","2","3","12","41","219","339","156","568","697","C1389118"
"10312","2","3","7","34","52","216","395","549","674","C1389118"
"2812","2","5","7","53","51","342","454","573","492","C1389280"
"10683","2","5","7","53","51","143","428","560","667","C1389280"
"1786","2","3","12","19","31","1","426","55","78","C1389280"
"5073","2","3","2","110","85","323","433","146","194","C1389280"
"2673","2","3","2","110","94","178","226","297","380","C1389280"
"1301","2","5","7","53","51","342","454","573","492","C1389280"
"26137","2","5","7","63","45","184","103","572","658","C1389280"
"9361","2","3","2","48","170","50","119","444","556","C1389280"
"338","2","5","7","53","51","342","454","573","492","C1389280"
"51091","2","3","2","110","85","237","433","547","671","C1389280"
"26005","2","3","12","76","153","40","38","54","75","C1389280"
"2261","2","5","7","53","14","20","25","40","186","C1389280"
"5048","2","3","12","76","153","40","38","54","75","C1389280"
"6323","2","5","8","63","36","166","341","390","158","C1389280"
"1029","2","3","12","19","31","1","116","1","664","C1389280"
"1371","2","3","5","17","24","261","116","164","6","C1389280"
"151","2","5","4","68","96","326","427","548","672","C1389851"
"5193","2","3","5","43","161","305","409","208","482","C1389851"
"2626","2","3","12","19","31","118","155","287","116","C1389851"
"860","2","3","12","19","31","276","91","433","118","C1390214"
"51259","2","3","2","76","153","40","38","54","75","C1390214"
"950","2","5","7","60","14","184","341","544","669","C1390474"
"1020","2","3","12","19","14","118","34","540","68","C1390474"
"23435","2","3","2","22","33","323","66","101","136","C1390474"
"2200","2","5","7","53","51","342","454","573","492","C1390474"
"8891","2","3","2","110","85","237","433","547","671","C1390474"
"7066","2","5","7","53","51","119","25","573","416","C1390474"
"8517","2","3","12","41","219","339","156","568","697","C1390474"
"2072","2","3","12","19","31","261","116","1","86","C1390474"
"51151","2","3","5","23","18","138","250","332","407","C1390474"
"4784","2","3","2","22","33","261","116","159","211","C1390474"
"3818","2","5","7","68","51","119","395","549","674","C1390474"
"4204","2","3","12","19","31","1","426","55","78","C1390474"
"7516","2","3","12","19","31","261","116","1","86","C1390474"
"6775","2","5","7","53","14","119","25","40","186","C1390474"
"7167","2","3","2","90","167","266","367","500","577","C1390474"
"6430","2","3","2","22","33","323","66","101","136","C1390474"
"6392","2","3","2","48","170","50","119","444","556","C1390474"
"2677","2","5","7","53","51","342","454","573","492","C1390474"
"5625","2","3","2","101","103","177","225","271","356","C1390474"
"7043","2","5","7","53","51","342","454","573","492","C1390474"
"5894","2","5","7","60","54","23","34","464","187","C1390474"
"6913","2","3","3","19","221","321","428","541","667","C1394030"
"3815","2","5","7","53","14","20","25","40","186","C1394030"
"1806","2","3","2","49","23","186","149","195","61","C1394030"
"3559","2","5","7","53","14","20","25","40","186","C1394030"
"1293","2","5","7","53","51","342","454","573","492","C1394691"
"51085","2","3","2","48","57","110","141","359","462","C1394691"
"2316","2","5","7","53","51","342","454","573","702","C1394691"
"6608","2","3","3","68","221","321","428","560","667","C1394691"
"10801","2","3","12","76","108","293","141","305","387","C1394691"
"9742","2","3","12","76","153","40","38","54","75","C1394691"
"2956","2","3","12","19","31","261","116","1","86","C1395674"
"1311","2","5","7","53","51","342","454","573","492","C1395674"
"5728","2","3","5","80","81","339","156","568","605","C1395674"
"27249","2","3","2","48","182","50","119","186","245","C1395674"
"8216","2","3","12","41","119","330","214","454","144","C1395674"
"3351","2","5","4","68","96","326","427","548","672","C1395674"
"10059","2","3","2","48","170","50","304","167","304","C1395852"
"4647","2","5","7","60","83","101","126","170","224","C1395852"
"6138","2","3","2","110","85","237","433","547","671","C1395852"
"673","2","5","7","53","14","20","34","540","68","C1395852"
"2950","2","5","7","34","52","216","395","549","674","C1395852"
"1278","2","5","7","53","51","342","454","573","492","C1395852"
"860","2","3","12","19","31","276","91","433","118","C1395852"
"2652","2","5","4","68","96","326","427","548","672","C1395852"
"5727","2","3","12","68","221","197","259","560","422","C1395852"
"2071","2","3","12","19","31","261","116","159","211","C1396126"
"1812","2","5","4","68","96","326","427","548","672","C1396126"
"1543","2","3","5","91","151","276","91","433","118","C1396126"
"4524","2","3","2","15","166","104","369","117","583","C1396772"
"6945","2","3","12","19","31","110","141","488","102","C1396772"
"2796","2","5","4","68","96","326","427","548","672","C1396772"
"5521","2","3","12","76","137","76","136","472","435","C1396772"
"7428","2","3","12","41","116","268","434","468","213","C1397139"
"5663","2","5","7","34","52","216","395","549","667","C1397139"
"1289","2","5","7","53","51","342","454","573","492","C1397139"
"203228","2","3","2","48","57","110","141","359","462","C1397139"
"1440","2","5","7","53","51","119","25","489","416","C1397139"
"4541","2","3","2","48","170","50","119","444","24","C1397139"
"58484","2","3","12","41","219","339","156","568","697","C1398301"
"3425","2","3","5","80","81","166","454","573","492","C1398301"
"9901","2","5","7","60","54","24","30","46","72","C1398301"
"8481","2","3","12","76","153","40","38","54","75","C1398301"
"326","2","3","12","19","31","261","377","370","269","C1398312"
"1146","2","5","8","27","70","99","162","216","290","C1398312"
"51082","2","3","2","19","31","1","426","55","78","C1398312"
"3040","2","5","5","53","51","342","40","78","178","C1398312"
"2294","2","3","3","19","221","321","428","541","667","C1398312"
"3954","2","3","2","48","170","67","119","444","593","C1398312"
"5048","2","3","12","76","153","40","38","54","75","C1398312"
"2776","2","5","4","68","96","326","427","548","672","C1398312"
"2969","2","3","12","19","31","276","91","433","118","C1398312"
"2132","2","3","2","74","58","112","148","193","263","C1398312"
"6491","2","3","12","76","153","40","38","54","75","C1398312"
"1293","2","5","7","53","51","342","454","573","492","C1398312"
"6310","2","3","12","22","142","225","366","362","468","C1398312"
"538","2","3","8","63","45","23","103","464","187","C1398312"
"1280","2","5","7","53","51","342","454","573","492","C1398312"
"2923","2","3","2","41","116","178","378","536","229","C1398312"
"22827","2","3","2","22","33","323","66","101","136","C1398312"
"2776","2","5","4","68","96","326","427","548","672","C1398312"
"10371","2","5","7","53","51","342","79","560","373","C1398312"
"10512","2","5","3","53","51","342","79","560","373","C1398312"
"5618","2","5","7","53","51","119","25","40","186","C1398325"
"6844","2","5","7","60","36","184","341","544","669","C1398325"
"3857","2","1","6","11","142","225","142","220","298","C1398325"
"4790","2","3","7","34","52","216","166","129","697","C1398325"
"3423","2","3","5","74","3","342","374","294","590","C1398325"
"55172","2","5","7","27","36","150","341","223","628","C1398325"
"4548","2","3","2","15","85","105","139","186","245","C1398325"
"3383","2","5","7","53","51","119","454","287","116","C1398325"
"3123","2","5","7","53","51","119","156","287","116","C1398325"
"6689","2","3","12","19","31","276","91","433","118","C1398325"
"10847","2","3","12","19","31","1","426","55","78","C1398325"
"3930","2","3","2","22","33","323","66","3","464","C1398325"
"26160","2","3","12","76","153","40","38","54","75","C1398325"
"1965","2","3","2","110","85","237","433","547","671","C1398325"
"10269","2","3","2","48","182","50","119","444","556","C1398325"
"2706","2","3","12","76","153","40","38","54","75","C1398325"
"2200","2","5","7","53","51","342","454","573","492","C1398325"
"1452","2","3","12","41","116","197","34","540","422","C1398325"
"7456","2","5","7","60","14","20","25","40","215","C1398325"
"5076","2","3","3","19","221","321","428","541","667","C1398325"
"3178","2","3","2","22","33","323","66","101","136","C1398325"
"2348","2","3","7","60","153","40","38","54","203","C1398325"
"55670","2","3","5","43","161","305","409","208","482","C1398325"
"23322","2","3","12","76","153","40","38","54","75","C1398522"
"5657","2","5","7","34","52","216","395","549","674","C1398522"
"2260","2","5","7","53","14","20","25","40","186","C1398522"
"166379","2","3","12","76","153","76","38","54","75","C1398522"
"7461","2","3","7","60","153","40","38","93","75","C1400105"
"595","2","3","12","19","31","1","426","489","416","C1400105"
"2263","2","5","7","53","14","20","25","40","186","C1400105"
"207","2","3","7","53","14","20","34","489","416","C1400105"
"9420","2","3","5","79","159","256","215","282","366","C1400105"
"4921","2","5","7","53","14","20","25","573","186","C1400105"
"8924","2","3","12","41","116","268","434","468","213","C1400105"
"51741","2","3","2","22","33","323","66","101","127","C1400105"
"3295","2","3","5","43","161","305","409","208","482","C1400105"
"10815","2","5","7","60","36","71","341","223","666","C1400105"
"23363","2","3","12","41","116","268","434","468","213","C1400105"
"6253","2","5","4","27","36","326","402","489","187","C1400105"
"2673","2","3","2","110","94","178","226","297","380","C1400105"
"11093","2","5","7","53","51","342","454","573","492","C1400105"
"3694","2","5","7","53","51","342","454","573","492","C1400105"
"242","2","3","5","11","142","223","142","220","298","C1400105"
"8517","2","3","12","41","219","339","156","568","697","C1400105"
"4724","2","3","2","48","170","50","119","444","556","C1400105"
"4693","2","5","7","53","51","342","454","573","492","C1400105"
"6607","2","3","2","22","33","323","66","101","664","C1400105"
"11005","2","1","6","11","142","225","142","220","298","C1400105"
"2705","2","3","12","76","153","40","38","54","75","C1400105"
"10892","2","5","7","53","219","119","156","568","697","C1400105"
"5167","2","3","5","32","93","163","207","303","126","C1400252"
"1528","2","3","5","91","214","271","372","471","586","C1400252"
"29954","2","5","2","27","206","324","430","215","290","C1400252"
"3991","2","3","5","80","81","166","57","83","658","C1401086"
"221496","2","3","5","27","105","99","226","216","156","C1401086"
"2067","2","3","12","19","31","261","116","1","86","C1401086"
"1302","2","5","7","53","51","342","454","573","492","C1401086"
"2261","2","5","7","53","14","20","25","40","186","C1403035"
"4094","2","3","12","19","31","276","91","433","118","C1403035"
"23322","2","3","12","76","153","40","38","54","75","C1403035"
"2138","2","3","12","19","31","1","426","55","78","C1403035"
"3198","2","3","3","19","221","321","428","541","667","C1403035"
"23729","2","3","2","90","167","148","36","51","383","C1403035"
"2483","2","3","2","22","33","323","66","101","136","C1403035"
"7157","2","3","12","19","31","261","402","489","551","C1403035"
"1027","2","3","12","19","31","1","116","1","86","C1403035"
"1978","2","3","2","48","57","110","141","359","462","C1404521"
"5193","2","3","5","43","161","305","409","208","482","C1404521"
"2261","2","5","7","53","14","20","25","40","186","C1405854"
"421","2","5","7","42","51","335","444","560","373","C1405854"
"2706","2","3","12","76","153","40","38","54","75","C1405854"
"695","2","5","7","53","14","20","25","40","186","C1405854"
"4512","2","3","2","48","170","110","141","359","8","C1405984"
"3717","2","5","7","53","14","20","25","40","186","C1405984"
"8243","2","3","12","76","31","40","38","54","75","C1405984"
"5167","2","3","5","32","93","163","207","303","126","C1405984"
"8600","2","5","7","41","219","339","156","568","697","C1405984"
"25939","2","3","12","53","184","119","156","287","116","C1405984"
"1073","2","3","8","63","45","184","103","572","658","C1405984"
"2316","2","5","7","53","51","342","454","573","702","C1405984"
"6772","2","3","12","53","184","119","156","287","116","C1405984"
"7518","2","3","12","19","31","261","116","1","86","C1405984"
"4842","2","3","5","63","45","71","177","464","219","C1405984"
"4255","2","3","12","19","31","261","116","1","86","C1405984"
"5092","2","3","5","80","81","166","236","308","390","C1405984"
"51324","2","3","2","48","142","225","142","220","298","C1405984"
"1487","2","3","12","19","31","1","426","55","340","C1405984"
"10743","2","3","3","19","151","276","91","433","118","C1406835"
"6696","2","5","7","53","51","342","454","573","492","C1406835"
"3630","2","5","7","53","14","20","25","40","186","C1406835"
"7545","2","5","3","34","52","216","142","220","298","C1406835"
"3481","2","5","7","53","51","342","454","573","492","C1406835"
"11253","2","3","2","41","116","268","423","536","445","C1406921"
"51114","2","5","5","68","96","326","162","216","290","C1406921"
"1285","2","5","7","53","51","342","454","573","492","C1406921"
"1294","2","5","7","53","51","342","454","573","492","C1408258"
"5830","2","3","5","43","161","305","409","208","482","C1408258"
"5194","2","3","5","43","161","305","409","208","482","C1408258"
"6567","2","5","8","35","41","77","40","57","80","C1408258"
"6117","2","3","12","19","31","261","116","1","86","C1408258"
"7353","2","3","12","41","219","339","156","568","605","C1408258"
"11128","2","3","2","22","33","261","116","159","211","C1408258"
"5915","2","3","3","19","151","276","91","433","118","C1408258"
"1312","2","3","2","87","79","105","426","129","25","C1408258"
"8878","2","3","12","41","219","339","156","568","697","C1408258"
"1807","2","3","5","80","23","186","79","560","273","C1408258"
"4627","2","5","7","63","45","184","103","572","658","C1408258"
"7456","2","5","7","60","14","20","25","40","215","C1408258"
"9401","2","3","12","76","31","261","116","1","86","C1408258"
"4541","2","3","2","48","170","50","119","444","24","C1408258"
"103","2","3","2","110","184","119","156","287","116","C1408258"
"4763","2","5","7","60","54","24","30","46","214","C1408258"
"2121","2","3","12","41","116","268","434","568","605","C1408258"
"1311","2","5","7","53","51","342","454","573","492","C1408258"
"2581","2","3","5","80","81","250","291","152","420","C1408258"
"178","2","3","7","34","52","216","395","549","674","C1408258"
"652","2","5","7","53","51","342","454","573","492","C1408258"
"1736","2","3","2","110","85","237","433","547","671","C1408258"
"10528","2","3","2","110","85","237","433","547","671","C1408258"
"7466","2","5","7","53","51","342","454","573","492","C1408258"
"54463","2","3","2","48","57","110","141","359","462","C1408507"
"673","2","5","7","53","14","20","34","540","68","C1408507"
"27019","2","3","12","76","153","40","38","54","75","C1408507"
"4514","2","3","2","48","57","110","141","359","5","C1408507"
"55572","2","3","2","48","170","50","119","444","556","C1408806"
"54332","2","3","2","60","170","40","98","66","203","C1408806"
"6439","2","5","5","68","96","185","238","310","272","C1411876"
"4853","2","3","12","19","124","143","428","236","667","C1411876"
"4615","2","3","12","41","219","339","156","568","697","C1411876"
"2316","2","5","7","53","51","342","454","573","702","C1411876"
"28956","2","5","7","34","52","216","395","359","462","C1411876"
"55315","2","3","5","80","81","296","62","94","150","C1411876"
"23259","2","3","5","116","183","295","398","552","622","C1411876"
"5743","2","3","5","53","175","119","167","489","416","C1411876"
"133686","2","3","2","73","110","53","59","228","306","C1412000"
"6261","2","5","8","63","45","23","34","464","187","C1412000"
"5000","2","3","12","76","31","261","116","1","86","C1442837"
"2632","2","3","2","28","22","48","232","82","114","C1442837"
"8450","2","3","12","41","116","268","434","468","213","C1442903"
"2099","2","3","12","19","151","276","91","433","118","C1442903"
"5395","2","3","12","19","31","261","116","1","86","C1442903"
"5308","2","3","3","19","221","321","428","541","667","C1442903"
"1230","2","5","4","68","96","326","427","548","672","C1442903"
"4791","2","3","12","41","219","339","156","568","697","C1442903"
"7046","2","3","12","41","219","339","259","423","605","C1442903"
"55572","2","3","2","48","170","50","119","444","556","C1442903"
"3735","2","3","2","110","85","237","433","252","154","C1442903"
"54361","2","5","3","68","221","197","259","560","422","C1442903"
"389421","2","3","2","22","33","323","66","101","136","C1442903"
"8671","2","5","8","45","94","199","240","415","666","C1442988"
"727897","2","3","2","89","206","324","430","429","544","C1442988"
"8792","2","3","12","41","219","339","156","568","697","C1442988"
"9657","2","3","12","76","153","40","38","54","75","C1442988"
"6591","2","3","12","19","31","1","426","55","78","C1442988"
"8481","2","3","12","76","153","40","38","54","75","C1442988"
"22858","2","3","7","53","14","20","34","540","68","C1442988"
"1956","2","5","7","53","14","184","45","544","669","C1442988"
"1453","2","3","2","76","153","40","433","54","75","C1442988"
"6909","2","5","7","53","51","335","444","560","373","C1442988"
"6928","2","3","3","19","221","321","428","541","667","C1442988"
"6899","2","5","7","53","184","335","259","560","373","C1442988"
"5897","2","3","12","41","116","268","141","568","605","C1442988"
"2969","2","3","12","19","31","276","91","433","118","C1442988"
"29954","2","5","2","27","206","324","430","215","290","C1445953"
"3039","2","3","5","35","41","118","155","287","116","C1445953"
"9420","2","3","5","79","159","256","215","282","366","C1445953"
"2677","2","5","7","53","51","342","454","573","492","C1445953"
"7015","2","3","12","19","31","1","426","55","78","C1445953"
"2010","2","3","12","26","105","296","226","488","156","C1445953"
"2719","2","5","7","53","51","342","454","573","492","C1445953"
"6559","2","5","8","45","94","199","240","415","666","C1445953"
"3440","2","3","12","19","184","118","155","287","116","C1445953"
"7422","2","5","7","53","51","342","454","573","702","C1445953"
"5631","2","3","2","72","119","109","266","336","452","C1445953"
"10806","2","3","12","76","153","40","38","54","75","C1445953"
"9409","2","3","5","43","161","305","409","208","482","C1446712"
"8642","2","5","7","53","51","335","444","560","373","C1446712"
"5444","2","3","5","80","147","236","328","411","229","C1446712"
"6926","2","5","7","53","51","335","259","560","373","C1446712"
"50814","2","3","2","69","221","73","360","86","119","C1446712"
"1562","2","3","5","91","214","336","303","388","45","C1446712"
"2200","2","5","7","53","51","342","454","573","492","C1446712"
"57817","2","5","7","34","51","342","350","243","561","C1446712"
"1584","2","3","5","79","159","256","276","353","456","C1446712"
"63982","2","5","8","63","45","23","34","464","187","C1446712"
"3930","2","3","2","22","33","323","66","3","464","C1449843"
"1278","2","5","7","53","51","342","454","573","492","C1449843"
"5213","2","3","2","90","167","266","367","500","577","C1449843"
"4952","2","3","5","60","54","184","30","544","669","C1449861"
"27235","2","3","2","48","170","50","304","167","593","C1449861"
"4621","2","5","8","63","45","23","103","464","187","C1449861"
"2200","2","5","7","53","51","342","454","573","492","C1449861"
"10225","2","5","7","53","51","119","395","549","674","C1449861"
"11154","2","5","7","60","18","184","341","544","669","C1449861"
"3845","2","5","7","60","54","24","30","46","72","C1449861"
"2720","2","3","7","34","52","216","395","21","599","C1449861"
"4089","2","3","12","19","219","339","259","423","605","C1449861"
"7465","2","3","12","19","31","118","155","287","116","C1449861"
"1440","2","5","7","53","51","119","25","489","416","C1449861"
"59","2","5","8","63","45","23","103","464","187","C1449861"
"2260","2","5","7","53","14","20","25","40","186","C1449861"
"5897","2","3","12","41","116","268","141","568","605","C1449861"
"4978","2","5","7","27","51","335","444","560","373","C1449861"
"1292","2","5","7","53","51","342","454","573","492","C1449861"
"2074","2","3","12","19","31","1","426","55","78","C1449861"
"1758","2","5","7","53","51","342","454","573","492","C1449861"
"6892","2","3","12","41","116","119","156","568","116","C1449861"
"790","2","3","12","41","219","339","347","206","627","C1449861"
"4683","2","3","12","19","31","261","116","1","86","C1449861"
"7737","2","3","12","22","33","268","434","468","213","C1449861"
"1291","2","5","7","53","51","342","454","573","492","C1450010"
"23384","2","3","12","63","45","184","103","572","658","C1450010"
"3265","2","5","7","60","54","24","30","46","72","C1450010"
"1027","2","3","12","19","31","1","116","1","86","C1450010"
"4072","2","5","7","53","51","119","454","573","492","C1450010"
"10290","2","5","7","53","14","20","34","540","68","C1450010"
"8864","2","3","3","19","151","276","91","433","118","C1450010"
"4723","2","3","2","48","170","50","119","444","556","C1450010"
"5897","2","3","12","41","116","268","141","568","605","C1450010"
"4893","2","5","7","34","52","24","30","46","72","C1450010"
"26580","2","5","8","27","70","99","162","216","290","C1450010"
"26040","2","3","12","19","31","1","116","297","78","C1450010"
"3845","2","5","7","60","54","24","30","46","72","C1450010"
"4626","2","5","8","63","45","23","103","464","187","C1450010"
"6329","2","5","8","63","36","166","341","390","158","C1450010"
"472","2","3","12","19","31","261","116","1","86","C1450010"
"9401","2","3","12","76","31","261","116","1","86","C1450010"
"182","2","5","7","53","51","143","428","236","667","C1450010"
"1535","2","5","7","34","52","216","395","549","674","C1450010"
"2260","2","5","7","53","14","20","25","40","186","C1450010"
"6584","2","3","8","45","94","199","240","415","666","C1455734"
"7547","2","3","3","19","221","321","428","541","667","C1455734"
"2290","2","3","3","19","221","321","428","541","667","C1456240"
"8626","2","3","3","19","221","321","428","541","667","C1456240"
"2245","2","5","7","60","54","24","30","46","72","C1456240"
"29954","2","5","2","27","206","324","430","215","290","C1456240"
"54332","2","3","2","60","170","40","98","66","203","C1456784"
"2767","2","5","4","68","96","326","427","548","672","C1456784"
"2737","2","3","12","19","116","321","428","54","667","C1456784"
"3725","2","3","12","19","31","261","116","336","152","C1456784"
"1146","2","5","8","27","70","99","162","216","290","C1456784"
"776","2","5","8","63","36","166","341","390","158","C1456784"
"1184","2","5","8","63","45","23","34","464","187","C1456784"
"2697","2","3","7","76","153","40","38","54","75","C1456784"
"1612","2","3","12","53","14","20","34","540","68","C1456784"
"3559","2","5","7","53","14","20","25","40","186","C1456784"
"6638","2","3","2","22","33","323","66","101","136","C1456784"
"9897","2","3","12","76","18","75","38","1","212","C1456784"
"2353","2","3","12","19","31","1","91","489","416","C1456784"
"3953","2","5","7","53","14","20","25","40","186","C1456784"
"498","2","3","2","48","170","50","304","167","593","C1456784"
"5994","2","3","12","19","31","276","91","491","118","C1456784"
"7809","2","5","8","63","45","23","34","464","187","C1456784"
"5146","2","3","5","86","72","258","318","403","518","C1456784"
"51360","2","3","3","26","35","276","91","433","203","C1456784"
"2006","2","5","7","53","51","342","454","573","492","C1456784"
"1186","2","5","8","63","45","23","34","464","187","C1456865"
"54345","2","5","3","19","221","321","428","541","667","C1456865"
"55215","2","3","12","76","31","261","116","1","86","C1456865"
"3918","2","5","7","53","51","342","454","573","492","C1456865"
"1813","2","5","4","68","96","326","427","548","672","C1504382"
"4154","2","3","2","22","33","323","66","101","136","C1504382"
"701","2","3","12","76","153","40","38","54","75","C1504405"
"5627","2","5","7","53","51","342","454","573","702","C1504405"
"2521","2","3","2","22","33","323","66","101","136","C1507149"
"3835","2","3","12","76","153","40","38","54","75","C1507149"
"1387","2","3","12","19","31","276","91","433","118","C1507149"
"3988","2","3","5","98","174","277","379","476","42","C1507149"
"9451","2","3","2","110","51","335","226","297","380","C1507149"
"3363","2","5","4","68","96","326","427","548","672","C1507149"
"51360","2","3","3","26","35","276","91","433","203","C1507149"
"2625","2","3","12","19","31","339","155","287","116","C1507149"
"9499","2","5","7","53","51","23","103","464","187","C1510431"
"6870","2","5","4","68","96","326","427","548","672","C1510431"
"3636","2","3","5","80","14","20","25","40","186","C1510455"
"3081","2","3","2","91","51","3","267","308","429","C1510455"
"1131","2","5","4","68","96","326","427","548","672","C1510502"
"249","2","3","5","27","51","335","444","560","373","C1510502"
"2187","2","3","12","19","31","261","116","1","86","C1512419"
"51733","2","3","5","80","23","257","357","455","508","C1512419"
"3861","2","1","6","11","142","225","142","220","298","C1512419"
"2121","2","3","12","41","116","268","434","568","605","C1512419"
"6775","2","5","7","53","14","119","25","40","186","C1512419"
"5195","2","3","5","43","161","305","409","208","482","C1512419"
"5295","2","5","7","53","14","20","25","40","186","C1512419"
"2969","2","3","12","19","31","276","91","433","118","C1512419"
"4089","2","3","12","19","219","339","259","423","605","C1512419"
"10618","2","5","7","60","51","184","341","544","669","C1512419"
"7941","2","3","5","7","218","338","450","567","696","C1512419"
"8557","2","5","8","63","45","23","103","464","187","C1512419"
"1482","2","3","3","19","221","321","428","541","667","C1519176"
"9131","2","3","12","41","219","339","347","271","356","C1519176"
"3356","2","5","4","68","96","326","427","548","672","C1527249"
"4292","2","3","12","19","31","261","116","1","86","C1527249"
"1289","2","5","7","53","51","342","454","573","492","C1527249"
"6531","2","5","8","45","94","199","240","415","666","C1527249"
"50484","2","3","5","80","109","182","235","307","506","C1527249"
"7474","2","5","3","68","221","184","259","544","669","C1527249"
"4536","2","3","2","48","170","50","119","444","556","C1527249"
"7227","2","3","12","19","31","276","91","433","118","C1527249"
"55084","2","3","12","19","31","261","402","489","215","C1527304"
"2263","2","5","7","53","14","20","25","40","186","C1527304"
"1285","2","5","7","53","51","342","454","573","492","C1527311"
"54101","2","3","2","48","170","50","347","167","593","C1527311"
"4620","2","5","8","63","45","23","103","464","187","C1527311"
"3358","2","5","4","68","96","326","427","548","672","C1527311"
"7020","2","3","12","19","31","276","91","433","664","C1527311"
"7048","2","5","7","53","51","342","259","423","389","C1527311"
"9365","2","3","7","53","14","20","25","40","186","C1527311"
"1230","2","5","4","68","96","326","427","548","672","C1527311"
"26525","2","5","7","53","219","119","156","568","697","C1527311"
"8910","2","5","8","63","45","23","103","464","187","C1527311"
"2247","2","5","7","53","14","20","25","40","186","C1527311"
"3769","2","5","8","63","36","166","106","110","158","C1527311"
"9700","2","3","12","76","153","40","38","54","75","C1527311"
"1028","2","3","12","19","31","1","116","1","86","C1527311"
"7428","2","3","12","41","116","268","434","468","213","C1527311"
"1798","2","3","2","48","69","99","162","216","290","C1527311"
"1041","2","1","6","11","142","225","142","220","298","C1527311"
"3565","2","5","7","53","51","119","25","489","416","C1527311"
"4148","2","5","7","53","51","342","454","573","492","C1527311"
"4846","2","3","5","41","219","75","243","44","64","C1527311"
"3921","2","3","2","110","85","237","433","547","671","C1527311"
"7292","2","5","12","41","219","339","156","568","697","C1527311"
"1299","2","5","7","53","51","342","454","573","492","C1527311"
"7169","2","5","8","63","45","23","103","464","187","C1527311"
"10804","2","3","12","76","153","40","38","54","75","C1527311"
"3835","2","3","12","76","153","40","38","54","75","C1527311"
"23594","2","3","12","76","153","261","116","1","86","C1527311"
"2146","2","3","12","19","31","1","426","55","78","C1527311"
"2184","2","3","5","76","153","138","236","332","407","C1527311"
"7456","2","5","7","60","14","20","25","40","215","C1527311"
"51131","2","3","12","19","184","119","156","287","116","C1527311"
"291","2","3","2","48","170","50","304","167","593","C1527311"
"5373","2","3","2","90","167","123","158","207","278","C1527336"
"51004","2","3","5","48","74","135","171","227","63","C1527336"
"9939","2","3","2","22","33","323","66","101","136","C1527336"
"8284","2","3","12","19","31","1","426","55","78","C1527336"
"4158","2","5","4","68","96","326","427","548","672","C1527336"
"355","2","3","7","41","219","339","156","568","697","C1527336"
"3052","2","3","2","48","170","50","119","444","556","C1527336"
"8443","2","3","5","43","161","305","409","208","482","C1527336"
"2556","2","5","8","27","70","99","162","216","290","C1527336"
"6324","2","5","7","63","36","166","341","223","158","C1527336"
"4846","2","3","5","41","219","75","243","44","64","C1527336"
"5580","2","5","7","34","52","216","395","287","116","C1527336"
"23461","2","3","5","47","144","185","238","310","392","C1527344"
"1435","2","5","7","53","51","342","454","573","492","C1527344"
"51715","2","5","7","60","54","24","30","46","72","C1527344"
"10939","2","3","2","48","170","50","119","444","593","C1527344"
"10269","2","3","2","48","182","50","119","444","556","C1527344"
"5982","2","3","12","19","31","261","116","1","86","C1527344"
"30061","2","3","5","25","44","165","101","274","358","C1527344"
"3458","2","5","7","53","184","119","156","287","116","C1527348"
"2683","2","3","7","34","52","216","395","549","617","C1527348"
"4330","2","3","12","19","31","101","91","433","118","C1527366"
"135228","2","5","7","53","51","342","454","573","702","C1527366"
"7253","2","5","4","68","96","326","427","548","672","C1527388"
"8726","2","3","12","19","31","1","426","55","78","C1527388"
"129563","2","3","12","19","31","1","426","55","78","C1527388"
"8504","2","3","5","47","144","185","238","310","392","C1527388"
"9401","2","3","12","76","31","261","116","1","86","C1527405"
"29926","2","3","2","68","66","123","158","207","278","C1527405"
"7274","2","3","5","43","161","99","162","216","290","C1527405"
"151","2","5","4","68","96","326","427","548","672","C1527405"
"3356","2","5","4","68","96","326","427","548","672","C1527405"
"338","2","5","7","53","51","342","454","573","492","C1527405"
"4323","2","5","7","53","51","342","454","573","492","C1527405"
"3664","2","5","7","53","184","119","156","287","116","C1527405"
"190","2","3","3","19","151","276","91","433","118","C1531773"
"23229","2","5","7","60","54","24","30","46","72","C1531773"
"3479","2","5","7","53","51","342","454","573","492","C1533041"
"551","2","5","4","68","96","326","427","548","672","C1533041"
"3106","2","5","7","34","52","119","395","549","674","C1536451"
"5195","2","3","5","43","161","305","409","208","482","C1536451"
"716","2","5","7","53","51","119","395","549","674","C1540912"
"10585","2","5","2","27","206","324","430","215","290","C1540912"
"4312","2","5","7","53","51","342","454","573","492","C1542327"
"8924","2","3","12","41","116","268","434","468","213","C1542327"
"9719","2","5","7","53","51","342","454","573","492","C1560305"
"7507","2","3","12","19","31","261","116","1","86","C1560305"
"249","2","3","5","27","51","335","444","560","373","C1561643"
"462","2","5","7","53","51","342","454","573","492","C1561643"
"5015","2","3","3","19","221","321","428","541","667","C1561643"
"23095","2","3","7","76","153","40","38","54","75","C1561643"
"4729","2","3","2","48","170","50","119","444","556","C1561643"
"9409","2","3","5","43","161","305","409","208","482","C1561643"
"410","2","3","7","34","52","216","395","549","674","C1561643"
"1716","2","3","2","27","36","150","221","138","188","C1561643"
"8450","2","3","12","41","116","268","434","468","213","C1561643"
"55109","2","5","7","42","81","184","118","543","214","C1561643"
"1301","2","5","7","53","51","342","454","573","492","C1561643"
"1730","2","3","12","76","153","40","38","54","75","C1561643"
"6229","2","3","2","110","85","237","433","547","671","C1561643"
"2314","2","3","12","63","45","184","103","572","658","C1562761"
"5116","2","3","12","76","153","40","38","54","75","C1562761"
"8200","2","5","7","53","51","342","259","423","389","C1563715"
"5579","2","5","7","53","14","20","34","540","68","C1563715"
"3762","2","5","8","63","36","166","106","110","158","C1563720"
"8742","2","3","12","41","219","339","156","568","697","C1563720"
"9469","2","3","2","103","189","303","29","475","467","C1563720"
"8022","2","3","3","110","85","321","428","541","667","C1563720"
"1947","2","5","7","53","51","20","25","560","373","C1563720"
"1184","2","5","8","63","45","23","34","464","187","C1563720"
"5048","2","3","12","76","153","40","38","54","75","C1563720"
"51185","2","3","2","22","33","323","66","101","136","C1563720"
"7837","2","3","5","80","51","342","454","573","492","C1563720"
"1544","2","3","5","91","214","271","372","471","586","C1563720"
"26123","2","3","2","76","153","40","38","54","75","C1563720"
"10084","2","3","2","22","33","323","66","101","136","C1563720"
"10021","2","5","8","63","36","166","106","110","158","C1563720"
"3845","2","5","7","60","54","24","30","46","72","C1563720"
"2033","2","3","12","19","31","1","91","433","118","C1563720"
"2623","2","3","12","19","31","1","155","287","116","C1563720"
"4683","2","3","12","19","31","261","116","1","86","C1563720"
"1758","2","5","7","53","51","342","454","573","492","C1563720"
"55699","2","3","2","110","85","67","76","252","154","C1567435"
"435","2","3","8","84","97","167","210","278","360","C1567435"
"30008","2","5","7","53","51","342","454","573","492","C1567435"
"779","2","5","8","63","36","166","341","390","158","C1567435"
"6499","2","3","2","110","85","237","433","547","671","C1567435"
"4893","2","5","7","34","52","24","30","46","72","C1567435"
"10559","2","3","2","89","124","204","272","347","451","C1567435"
"6689","2","3","12","19","31","276","91","433","118","C1567435"
"2516","2","3","3","19","151","276","91","433","118","C1567435"
"7508","2","3","12","19","31","261","116","1","664","C1567435"
"7314","2","3","12","41","219","261","409","208","482","C1567435"
"100","2","3","5","33","21","47","56","80","199","C1567435"
"1062","2","3","12","76","153","40","38","54","75","C1567435"
"7249","2","3","7","60","57","110","141","359","462","C1567435"
"5156","2","5","7","53","14","20","25","40","186","C1567435"
"5332","2","3","4","68","96","326","427","548","672","C1567435"
"26012","2","3","12","19","31","261","116","159","211","C1567435"
"8425","2","5","7","53","51","342","454","573","492","C1567435"
"4143","2","3","5","80","81","105","426","129","2","C1567743"
"8322","2","5","3","68","221","184","259","544","669","C1567743"
"7531","2","3","2","48","170","110","329","251","533","C1567744"
"2201","2","5","7","53","51","342","454","573","492","C1567744"
"55636","2","3","3","19","221","321","428","423","389","C1568247"
"5806","2","5","7","34","52","216","395","549","674","C1568247"
"7169","2","5","8","63","45","23","103","464","187","C1568247"
"6654","2","5","7","60","54","24","30","46","72","C1568247"
"3643","2","5","7","53","14","20","25","40","186","C1568247"
"1789","2","3","12","19","31","1","426","55","78","C1568247"
"163882","2","3","12","76","153","40","38","54","658","C1568248"
"4041","2","5","3","68","221","197","259","560","422","C1568248"
"445","2","3","2","84","97","167","210","278","360","C1568249"
"4353","2","3","7","34","52","216","395","549","674","C1568249"
"3300","2","3","12","41","116","268","347","271","356","C1568249"
"3988","2","3","5","98","174","277","379","476","42","C1568249"
"10020","2","3","2","89","124","204","42","452","258","C1568249"
"4204","2","3","12","19","31","1","426","55","78","C1608393"
"3664","2","5","7","53","184","119","156","287","116","C1608393"
"23230","2","5","7","11","142","71","341","560","219","C1608410"
"1028","2","3","12","19","31","1","116","1","86","C1608410"
"10436","2","3","2","110","85","237","433","547","671","C1608410"
"51626","2","3","12","76","153","40","38","54","75","C1609433"
"1401","2","5","7","53","51","119","395","573","492","C1609433"
"3423","2","3","5","74","3","342","374","294","590","C1609433"
"2674","2","5","7","53","14","20","25","40","186","C1609433"
"10020","2","3","2","89","124","204","42","452","258","C1609433"
"5053","2","3","5","80","81","166","236","308","390","C1609528"
"5732","2","5","4","68","96","326","427","548","672","C1609528"
"54551","2","3","12","41","219","197","156","568","422","C1609528"
"3090","2","3","12","19","31","1","426","55","664","C1610065"
"54209","2","5","7","53","51","119","395","549","674","C1610065"
"5626","2","3","3","19","221","321","428","541","667","C1610065"
"2006","2","5","7","53","51","342","454","573","492","C1610065"
"27032","2","5","8","63","45","23","103","464","187","C1611184"
"7461","2","3","7","60","153","40","38","93","75","C1611184"
"9361","2","3","2","48","170","50","119","444","556","C1611184"
"3934","2","5","7","34","52","216","395","549","674","C1619692"
"10195","2","3","2","48","69","99","162","216","290","C1619692"
"207","2","3","7","53","14","20","34","489","416","C1619692"
"55650","2","3","2","61","77","142","176","235","557","C1619700"
"2645","2","3","2","90","167","266","367","101","664","C1619700"
"3074","2","3","7","34","52","216","395","549","607","C1619700"
"4536","2","3","2","48","170","50","119","444","556","C1619700"
"9949","2","3","2","22","33","225","142","220","298","C1619700"
"4210","2","3","12","41","219","339","156","568","697","C1619700"
"1146","2","5","8","27","70","99","162","216","290","C1619700"
"7227","2","3","12","19","31","276","91","433","118","C1619700"
"23522","2","3","12","19","31","1","426","55","78","C1619700"
"673","2","5","7","53","14","20","34","540","68","C1619700"
"7038","2","5","7","60","18","184","98","66","203","C1619700"
"51651","2","3","12","41","219","339","156","568","605","C1619700"
"6622","2","3","7","27","36","150","341","223","628","C1619700"
"4137","2","3","7","27","36","150","341","223","628","C1619700"
"3553","2","5","7","53","51","119","25","489","416","C1619700"
"3845","2","5","7","60","54","24","30","46","72","C1619700"
"6392","2","3","2","48","170","50","119","444","556","C1619700"
"3991","2","3","5","80","81","166","57","83","658","C1619700"
"3814","2","5","4","68","96","326","427","548","672","C1619700"
"4352","2","5","7","53","14","20","25","40","186","C1619700"
"5167","2","3","5","32","93","163","207","303","126","C1619700"
"3425","2","3","5","80","81","166","454","573","492","C1619700"
"3575","2","5","7","53","51","184","341","544","669","C1619700"
"8900","2","3","12","19","31","261","116","1","86","C1619700"
"2064","2","5","7","53","14","20","25","40","186","C1619711"
"2201","2","5","7","53","51","342","454","573","492","C1619711"
"4284","2","3","5","80","81","166","397","374","486","C1621895"
"51082","2","3","2","19","31","1","426","55","78","C1621895"
"1585","2","3","5","79","159","256","351","100","589","C1621895"
"54567","2","5","7","53","51","143","428","236","667","C1621895"
"50485","2","3","12","19","31","261","116","1","86","C1621895"
"6340","2","5","8","63","45","23","34","464","187","C1621895"
"1312","2","3","2","87","79","105","426","129","25","C1621895"
"78987","2","5","4","68","96","326","162","216","290","C1621895"
"5317","2","5","7","34","52","216","142","220","298","C1621895"
"5551","2","5","7","53","51","119","395","549","674","C1621895"
"190","2","3","3","19","151","276","91","433","118","C1621895"
"22954","2","3","12","41","116","268","434","468","213","C1621895"
"3329","2","3","2","48","170","50","304","167","593","C1621895"
"4023","2","3","5","24","51","342","91","20","27","C1621920"
"1028","2","3","12","19","31","1","116","1","86","C1621920"
"55704","2","3","12","76","153","40","38","54","75","C1621920"
"11128","2","3","2","22","33","261","116","159","211","C1621920"
"3553","2","5","7","53","51","119","25","489","416","C1631597"
"196","2","3","3","19","151","276","91","433","118","C1631597"
"9990","2","5","8","45","94","199","240","415","666","C1631597"
"3827","2","5","4","68","96","326","427","548","672","C1631597"
"27316","2","3","2","22","33","323","66","101","136","C1631597"
"27077","2","3","12","76","153","40","38","54","75","C1631597"
"4536","2","3","2","48","170","50","119","444","556","C1631597"
"4000","2","3","12","26","105","178","226","297","156","C1654921"
"94","2","5","7","53","51","342","259","423","389","C1654921"
"847","2","3","7","34","52","216","395","549","674","C1654921"
"8220","2","3","2","22","33","323","66","101","136","C1654921"
"9197","2","3","2","67","92","293","55","75","311","C1654921"
"7421","2","3","3","19","151","276","91","433","118","C1656427"
"4758","2","3","7","34","52","216","395","549","517","C1656427"
"5660","2","5","7","34","52","326","427","548","702","C1656427"
"412","2","3","5","105","155","250","291","152","420","C1691228"
"4502","2","5","7","53","184","119","156","287","116","C1691228"
"6888","2","3","2","90","167","266","367","500","577","C1691228"
"716","2","5","7","53","51","119","395","549","674","C1691228"
"7043","2","5","7","53","51","342","454","573","492","C1691228"
"4693","2","5","7","53","51","342","454","573","492","C1691228"
"7415","2","3","7","34","52","216","395","536","445","C1695776"
"23503","2","3","6","11","142","225","142","220","298","C1695776"
"2316","2","5","7","53","51","342","454","573","702","C1695776"
"4318","2","5","7","34","52","216","395","573","492","C1695776"
"5468","2","3","3","19","151","276","91","433","118","C1696466"
"51199","2","3","12","76","153","40","38","54","75","C1696466"
"6663","2","3","3","19","221","321","428","541","667","C1697450"
"3209","2","3","3","19","221","321","428","541","667","C1697450"
"3483","2","5","7","53","51","342","454","573","492","C1697450"
"10516","2","5","7","53","51","342","454","573","492","C1697453"
"8626","2","3","3","19","221","321","428","541","667","C1697453"
"9378","2","5","7","27","36","71","341","223","219","C1697453"
"23400","2","5","8","63","45","23","103","464","187","C1697453"
"26580","2","5","8","27","70","99","162","216","290","C1697453"
"3659","2","3","12","19","184","119","156","287","116","C1697453"
"4524","2","3","2","15","166","104","369","117","583","C1697453"
"6523","2","3","8","45","216","337","448","565","562","C1697453"
"6337","2","5","8","63","45","23","34","464","187","C1698196"
"5618","2","5","7","53","51","119","25","40","186","C1698196"
"7421","2","3","3","19","151","276","91","433","118","C1698196"
"9885","2","3","3","50","151","276","91","321","255","C1698196"
"2316","2","5","7","53","51","342","454","573","702","C1698196"
"1497","2","5","2","63","182","50","103","297","628","C1698196"
"3014","2","3","12","19","31","1","426","55","78","C1704317"
"5173","2","5","4","68","96","326","427","548","672","C1704317"
"55505","2","3","2","110","85","237","433","547","671","C1704317"
"7490","2","3","3","19","221","321","428","541","667","C1704317"
"501","2","3","5","75","162","260","361","458","572","C1704317"
"5648","2","5","7","53","51","119","395","549","674","C1704317"
"1287","2","5","2","53","51","342","454","573","492","C1704317"
"9394","2","3","2","74","58","112","148","193","263","C1704317"
"5479","2","3","2","53","51","342","454","573","492","C1704317"
"4512","2","3","2","48","170","110","141","359","8","C1704317"
"2657","2","5","7","53","51","342","259","423","389","C1704317"
"240","2","3","7","34","52","216","395","489","416","C1704317"
"2571","2","3","2","67","142","71","152","197","219","C1704317"
"4306","2","3","3","19","151","276","91","433","118","C1704317"
"8139","2","3","12","41","116","268","434","468","213","C1704317"
"1836","2","3","2","35","41","94","260","330","375","C1704317"
"5428","2","3","2","48","170","50","119","167","593","C1704317"
"1289","2","5","7","53","51","342","454","573","492","C1704317"
"2068","2","3","12","19","31","261","116","159","211","C1704317"
"3636","2","3","5","80","14","20","25","40","186","C1704375"
"23426","2","5","7","42","36","71","177","223","219","C1704375"
"10312","2","3","7","34","52","216","395","549","674","C1704375"
"8516","2","5","7","53","51","342","454","573","492","C1704375"
"10084","2","3","2","22","33","323","66","101","136","C1704375"
"7317","2","3","12","41","116","268","434","468","213","C1704375"
"4214","2","3","12","41","219","339","34","540","117","C1704375"
"6647","2","3","2","95","2","342","378","173","702","C1704375"
"5896","2","3","12","41","116","268","434","568","605","C1704375"
"2022","2","5","7","53","51","342","259","423","389","C1704375"
"5155","2","5","7","53","51","342","454","573","186","C1704375"
"2720","2","3","7","34","52","216","395","21","599","C1704380"
"6529","2","5","8","45","94","199","240","415","666","C1704380"
"9963","2","3","8","45","142","71","142","220","219","C1704380"
"7494","2","3","2","110","105","178","226","297","380","C1704423"
"51360","2","3","3","26","35","276","91","433","203","C1704423"
"5595","2","3","7","53","14","20","34","540","68","C1704423"
"4000","2","3","12","26","105","178","226","297","156","C1704429"
"9896","2","3","5","80","81","296","399","201","274","C1704429"
"23229","2","5","7","60","54","24","30","46","72","C1704436"
"472","2","3","12","19","31","261","116","1","86","C1704436"
"641","2","3","12","19","31","261","116","1","86","C1704436"
"9464","2","3","12","19","31","276","91","433","118","C1706004"
"3835","2","3","12","76","153","40","38","54","75","C1706004"
"7137","2","5","8","63","45","23","103","464","187","C1707291"
"29925","2","3","2","68","66","123","158","207","278","C1707291"
"1308","2","5","7","53","51","119","454","573","492","C1708349"
"7068","2","3","3","19","151","276","91","433","118","C1708349"
"2657","2","5","7","53","51","342","259","423","389","C1708349"
"26123","2","3","2","76","153","40","38","54","75","C1708371"
"5605","2","5","7","53","14","20","34","540","68","C1708371"
"2263","2","5","7","53","14","20","25","40","186","C1708604"
"112476","2","3","2","48","170","50","119","444","556","C1708604"
"5000","2","3","12","76","31","261","116","1","86","C1708604"
"26278","2","3","12","41","116","268","347","271","356","C1710096"
"857","2","5","7","53","45","23","57","83","422","C1710096"
"335","2","5","7","53","51","342","454","573","492","C1720037"
"726","2","5","7","53","51","342","454","573","492","C1720037"
"9321","2","3","12","76","153","40","38","54","203","C1720037"
"7518","2","3","12","19","31","261","116","1","86","C1720037"
"2009","2","3","12","76","153","40","38","54","75","C1720037"
"1230","2","5","4","68","96","326","427","548","672","C1720037"
"5828","2","3","5","43","161","305","409","208","482","C1720189"
"4604","2","5","8","63","45","23","103","464","187","C1720189"
"8799","2","3","5","43","161","305","409","208","482","C1720189"
"9791","2","3","8","45","94","199","240","415","666","C1720189"
"2260","2","5","7","53","14","20","25","40","186","C1720189"
"6575","2","3","8","45","94","199","240","415","666","C1720189"
"355","2","3","7","41","219","339","156","568","697","C1720189"
"6648","2","3","2","95","151","160","378","173","229","C1720189"
"2944","2","3","5","91","175","271","372","471","586","C1720771"
"5745","2","5","4","68","96","326","427","548","672","C1720771"
"5831","2","3","2","101","62","189","182","566","409","C1720771"
"5621","2","5","8","27","36","342","454","573","628","C1720771"
"1487","2","3","12","19","31","1","426","55","340","C1720771"
"2022","2","5","7","53","51","342","259","423","389","C1720771"
"2688","2","5","7","53","51","119","25","40","186","C1720771"
"9126","2","3","12","76","153","40","38","54","75","C1720771"
"673","2","5","7","53","14","20","34","540","68","C1720821"
"585","2","3","12","76","153","40","38","54","75","C1720821"
"3039","2","3","5","35","41","118","155","287","116","C1720887"
"538","2","3","8","63","45","23","103","464","187","C1720887"
"6899","2","5","7","53","184","335","259","560","373","C1720887"
"8856","2","3","3","19","151","276","91","433","118","C1720887"
"5190","2","3","5","43","161","305","409","208","482","C1720887"
"26580","2","5","8","27","70","99","162","216","290","C1720887"
"6524","2","5","8","45","94","199","240","415","666","C1720887"
"3074","2","3","7","34","52","216","395","549","607","C1720887"
"1499","2","3","12","19","221","197","259","560","422","C1720887"
"7025","2","3","3","19","151","276","91","433","118","C1720887"
"5428","2","3","2","48","170","50","119","167","593","C1720887"
"5096","2","3","2","48","40","130","166","127","173","C1720887"
"54938","2","3","2","110","85","67","76","252","154","C1720887"
"3014","2","3","12","19","31","1","426","55","78","C1720887"
"715","2","5","7","53","51","119","395","549","674","C1720887"
"5148","2","3","4","68","45","272","259","518","621","C1720887"
"580","2","3","12","19","31","261","116","1","86","C1720887"
"5734","2","5","4","68","96","326","427","548","672","C1720887"
"2263","2","5","7","53","14","20","25","40","186","C1720965"
"4728","2","3","2","48","170","50","119","444","556","C1720965"
"10371","2","5","7","53","51","342","79","560","373","C1721005"
"6337","2","5","8","63","45","23","34","464","187","C1721005"
"2736","2","3","12","41","116","321","428","54","667","C1721006"
"6900","2","5","7","53","51","342","454","223","373","C1721006"
"6335","2","5","8","63","36","166","341","390","158","C1721006"
"1828","2","5","7","34","52","216","142","220","298","C1735901"
"6497","2","5","3","19","221","342","259","423","389","C1735901"
"3115","2","5","7","53","184","119","156","287","116","C1737260"
"4893","2","5","7","34","52","24","30","46","72","C1737260"
"4297","2","3","12","19","31","1","426","55","78","C1740801"
"4593","2","5","7","53","14","20","454","573","492","C1740801"
"894","2","3","12","19","31","1","34","540","68","C1740801"
"8085","2","3","12","19","31","1","426","55","78","C1740801"
"6845","2","5","7","60","14","184","341","544","669","C1740801"
"983","2","3","12","76","153","40","38","54","75","C1740801"
"3691","2","5","7","53","51","342","454","573","492","C1740801"
"10087","2","3","7","50","47","39","100","321","255","C1740801"
"4000","2","3","12","26","105","178","226","297","156","C1800706"
"5728","2","3","5","80","81","339","156","568","605","C1800706"
"2138","2","3","12","19","31","1","426","55","78","C1800706"
"3767","2","5","8","63","36","166","106","110","158","C1800706"
"5873","2","5","7","34","54","24","30","46","72","C1800706"
"51360","2","3","3","26","35","276","91","433","203","C1800706"
"538","2","3","8","63","45","23","103","464","187","C1800706"
"7161","2","3","12","19","31","1","402","148","624","C1800706"
"4591","2","3","12","41","116","268","434","468","213","C1800706"
"3889","2","1","6","11","142","225","142","220","298","C1800706"
"8600","2","5","7","41","219","339","156","568","697","C1800706"
"2643","2","3","5","87","91","75","204","267","352","C1800706"
"2316","2","5","7","53","51","342","454","573","702","C1800706"
"8820","2","3","3","19","221","321","428","541","667","C1800706"
"3239","2","3","3","19","221","321","428","541","667","C1806780"
"3549","2","5","3","53","51","197","259","560","422","C1806780"
"9451","2","3","2","110","51","335","226","297","380","C1806780"
"1289","2","5","7","53","51","342","454","573","492","C1806780"
"7148","2","5","7","53","51","342","454","573","492","C1806780"
"7401","2","5","7","60","83","101","126","170","224","C1806780"
"1401","2","5","7","53","51","119","395","573","492","C1806780"
"1736","2","3","2","110","85","237","433","547","671","C1806780"
"368","2","3","12","41","116","268","423","536","445","C1806780"
"16","2","3","2","110","85","237","433","547","154","C1806780"
"2260","2","5","7","53","14","20","25","40","186","C1806780"
"5604","2","5","7","53","14","20","34","540","68","C1806780"
"5205","2","3","8","63","45","23","103","464","619","C1806780"
"4881","2","3","4","68","96","326","427","548","672","C1806780"
"7737","2","3","12","22","33","268","434","468","213","C1828017"
"4854","2","5","7","53","51","143","428","236","667","C1828017"
"3119","2","5","7","53","153","119","156","287","116","C1828210"
"1586","2","3","5","79","98","256","335","425","540","C1828210"
"116068","2","5","2","45","94","199","240","415","666","C1829460"
"7051","2","1","6","11","142","225","142","220","298","C1829460"
"427","2","3","7","34","52","216","395","549","420","C1832117"
"355","2","3","7","41","219","339","156","568","697","C1832117"
"7469","2","3","12","19","31","261","116","159","211","C1832117"
"9742","2","3","12","76","153","40","38","54","75","C1832117"
"6338","2","5","8","63","45","23","34","464","187","C1832117"
"54941","2","3","12","41","116","268","434","468","213","C1832117"
"1441","2","5","7","53","51","119","25","40","186","C1832117"
"3091","2","3","12","41","116","276","91","433","605","C1832117"
"421","2","5","7","42","51","335","444","560","373","C1832117"
"6521","2","5","8","35","41","199","40","415","666","C1832117"
"9409","2","3","5","43","161","305","409","208","482","C1832117"
"5627","2","5","7","53","51","342","454","573","702","C1832117"
"4843","2","3","5","43","161","305","409","489","416","C1832117"
"1571","2","3","5","91","214","271","372","471","26","C1832117"
"9896","2","3","5","80","81","296","399","201","274","C1832117"
"3110","2","3","3","19","221","321","428","541","667","C1832117"
"3663","2","3","12","53","184","119","156","287","116","C1832119"
"6309","2","3","5","19","151","76","48","69","204","C1832119"
"11155","2","5","7","63","45","23","103","464","187","C1832119"
"8856","2","3","3","19","151","276","91","433","118","C1832119"
"6870","2","5","4","68","96","326","427","548","672","C1832119"
"5993","2","3","12","19","31","1","426","55","78","C1832119"
"3991","2","3","5","80","81","166","57","83","658","C1832119"
"427","2","3","7","34","52","216","395","549","420","C1832119"
"977","2","5","7","53","51","342","454","573","492","C1832119"
"5308","2","3","3","19","221","321","428","541","667","C1832127"
"2774","2","2","1","9","15","21","28","42","62","C1832127"
"801","2","5","8","63","45","23","103","464","187","C1832127"
"4621","2","5","8","63","45","23","103","464","187","C1832130"
"23345","2","3","12","19","31","1","426","55","78","C1832130"
"4524","2","3","2","15","166","104","369","117","583","C1832160"
"3045","2","3","12","19","31","118","155","287","116","C1832160"
"1717","2","3","2","19","151","276","48","69","204","C1832160"
"6102","2","3","2","76","109","182","235","307","506","C1832160"
"5073","2","3","2","110","85","323","433","146","194","C1832160"
"1497","2","5","2","63","182","50","103","297","628","C1832160"
"7421","2","3","3","19","151","276","91","433","118","C1832160"
"1281","2","5","7","53","51","342","454","573","492","C1832160"
"8021","2","3","12","22","33","323","66","101","664","C1832160"
"2099","2","3","12","19","151","276","91","433","118","C1832160"
"1277","2","5","7","53","51","342","454","573","492","C1832174"
"2919","2","5","7","34","52","216","427","548","672","C1832174"
"23522","2","3","12","19","31","1","426","55","78","C1832174"
"2316","2","5","7","53","51","342","454","573","702","C1832200"
"7704","2","3","12","41","116","268","434","468","213","C1832200"
"4318","2","5","7","34","52","216","395","573","492","C1832200"
"5617","2","5","12","19","31","1","426","55","78","C1832200"
"721","2","5","7","53","51","342","454","573","492","C1832200"
"29929","2","3","2","48","69","99","162","216","290","C1832200"
"4983","2","5","7","60","54","24","30","46","72","C1832200"
"4015","2","5","7","53","51","342","454","573","492","C1832200"
"3040","2","5","5","53","51","342","40","78","178","C1832200"
"2038","2","5","7","11","142","225","142","220","116","C1832200"
"3718","2","5","7","53","14","20","25","40","186","C1832200"
"374654","2","3","12","76","153","40","38","54","75","C1832276"
"10518","2","3","2","22","170","50","119","444","556","C1832276"
"9217","2","3","2","50","47","39","100","321","255","C1832277"
"6208","2","3","2","110","85","237","433","547","671","C1832277"
"1855","2","5","12","76","153","197","259","560","422","C1832278"
"10978","2","3","2","22","33","323","66","101","136","C1832278"
"7486","2","3","12","19","31","261","116","1","86","C1832279"
"9487","2","3","5","80","81","142","176","235","317","C1832279"
"23435","2","3","2","22","33","323","66","101","136","C1832322"
"2033","2","3","12","19","31","1","91","433","118","C1832322"
"9321","2","3","12","76","153","40","38","54","203","C1832323"
"1585","2","3","5","79","159","256","351","100","589","C1832323"
"7849","2","3","3","19","221","321","428","541","667","C1832323"
"1832","2","5","7","34","52","225","142","220","298","C1832323"
"55212","2","3","12","76","153","76","38","54","75","C1832324"
"183","2","5","4","68","96","326","427","548","672","C1832324"
"6497","2","5","3","19","221","342","259","423","389","C1832324"
"3845","2","5","7","60","54","24","30","46","72","C1832324"
"55704","2","3","12","76","153","40","38","54","75","C1832324"
"4322","2","5","7","53","51","342","454","573","492","C1832327"
"2263","2","5","7","53","14","20","25","40","186","C1832327"
"4535","2","3","2","48","170","50","119","444","556","C1832327"
"148014","2","3","12","41","219","339","347","271","356","C1832327"
"331","2","3","12","41","219","339","156","568","697","C1832338"
"774","2","5","8","63","36","166","341","390","158","C1832338"
"10117","2","5","7","53","51","342","454","573","492","C1832338"
"5831","2","3","2","101","62","189","182","566","409","C1832338"
"538","2","3","8","63","45","23","103","464","187","C1832338"
"1440","2","5","7","53","51","119","25","489","416","C1832338"
"2812","2","5","7","53","51","342","454","573","492","C1832338"
"7259","2","3","12","19","31","1","426","55","78","C1832348"
"4689","2","5","7","60","14","20","25","40","215","C1832348"
"5925","2","3","12","19","31","1","426","55","78","C1832348"
"4719","2","3","2","48","170","50","119","444","556","C1832348"
"6899","2","5","7","53","184","335","259","560","373","C1832348"
"1312","2","3","2","87","79","105","426","129","25","C1832348"
"7428","2","3","12","41","116","268","434","468","213","C1832348"
"11330","2","5","7","68","51","119","395","549","674","C1832348"
"4914","2","3","2","22","18","266","202","252","252","C1832348"
"7249","2","3","7","60","57","110","141","359","462","C1832348"
"421","2","5","7","42","51","335","444","560","373","C1832348"
"3295","2","3","5","43","161","305","409","208","482","C1832348"
"6391","2","3","2","48","170","50","119","444","556","C1832348"
"950","2","5","7","60","14","184","341","544","669","C1832348"
"7468","2","3","12","19","31","1","426","55","78","C1832348"
"9215","2","5","2","27","36","150","430","215","628","C1832348"
"5896","2","3","12","41","116","268","434","568","605","C1832348"
"26123","2","3","2","76","153","40","38","54","75","C1832348"
"5908","2","5","7","34","52","216","30","46","72","C1832348"
"51259","2","3","2","76","153","40","38","54","75","C1832386"
"338","2","5","7","53","51","342","454","573","492","C1832386"
"5295","2","5","7","53","14","20","25","40","186","C1832386"
"1235","2","5","4","68","96","326","427","548","672","C1832386"
"5743","2","3","5","53","175","119","167","489","416","C1832390"
"7124","2","3","12","41","219","339","156","568","697","C1832390"
"2798","2","5","4","68","96","326","427","548","672","C1832394"
"22891","2","3","12","76","153","40","341","54","75","C1832394"
"2629","2","3","5","80","81","250","291","152","420","C1832409"
"338","2","5","7","53","51","342","454","573","492","C1832409"
"10804","2","3","12","76","153","40","38","54","75","C1832451"
"1436","2","5","7","53","14","20","25","40","186","C1832451"
"54539","2","3","2","48","170","50","119","444","556","C1832451"
"9927","2","3","12","19","31","118","155","287","116","C1832451"
"5328","2","5","7","34","52","216","395","549","674","C1832451"
"2733","2","3","2","22","33","323","66","101","664","C1832451"
"5376","2","5","7","53","51","342","454","573","492","C1832451"
"9364","2","5","7","60","54","24","30","46","72","C1832466"
"8878","2","3","12","41","219","339","156","568","697","C1832466"
"5077","2","3","3","19","221","321","428","541","667","C1832587"
"2778","2","5","4","68","96","326","427","548","672","C1832587"
"2023","2","3","5","80","81","266","367","500","577","C1832588"
"51082","2","3","2","19","31","1","426","55","78","C1832588"
"1848","2","3","5","42","81","296","399","201","274","C1832588"
"79823","2","3","4","68","45","272","347","518","621","C1832598"
"10585","2","5","2","27","206","324","430","215","290","C1832598"
"1910","2","5","4","68","96","326","427","548","672","C1832598"
"3043","2","5","7","34","52","216","395","549","116","C1832598"
"208","2","5","7","53","14","20","34","540","68","C1832648"
"2108","2","3","2","48","170","50","119","444","556","C1832648"
"10269","2","3","2","48","182","50","119","444","556","C1832648"
"673","2","5","7","53","14","20","34","540","68","C1832661"
"7292","2","5","12","41","219","339","156","568","697","C1832661"
"3248","2","3","2","69","83","133","167","224","301","C1832690"
"5932","2","3","12","19","31","261","116","1","86","C1832690"
"7276","2","5","7","34","52","216","395","549","674","C1832690"
"477","2","3","8","63","45","23","103","464","187","C1832702"
"2200","2","5","7","53","51","342","454","573","492","C1832702"
"435","2","3","8","84","97","167","210","278","360","C1832702"
"5308","2","3","3","19","221","321","428","541","667","C1832776"
"11285","2","3","2","74","205","191","396","408","620","C1832776"
"51807","2","3","12","76","153","40","38","54","75","C1832776"
"2720","2","3","7","34","52","216","395","21","599","C1832776"
"23426","2","5","7","42","36","71","177","223","219","C1832776"
"7157","2","3","12","19","31","261","402","489","551","C1832841"
"51085","2","3","2","48","57","110","141","359","462","C1832841"
"6664","2","3","3","19","221","321","428","541","667","C1832845"
"3777","2","5","8","63","36","166","106","110","158","C1832845"
"1030","2","3","12","19","31","1","426","55","78","C1832976"
"860","2","3","12","19","31","276","91","433","118","C1832976"
"6892","2","3","12","41","116","119","156","568","116","C1832983"
"8802","2","3","8","67","92","293","55","75","311","C1832983"
"538","2","3","8","63","45","23","103","464","187","C1832983"
"7473","2","5","3","68","221","197","259","560","422","C1832988"
"7136","2","5","8","63","45","23","103","464","187","C1832988"
"5077","2","3","3","19","221","321","428","541","667","C1833030"
"3991","2","3","5","80","81","166","57","83","658","C1833030"
"7020","2","3","12","19","31","276","91","433","664","C1833058"
"3766","2","5","8","63","36","166","106","110","158","C1833058"
"9241","2","5","7","53","51","342","259","423","389","C1833058"
"2200","2","5","7","53","51","342","454","573","492","C1833058"
"2703","2","3","12","76","153","40","38","54","75","C1833058"
"6655","2","5","7","60","54","24","30","46","72","C1833058"
"54567","2","5","7","53","51","143","428","236","667","C1833058"
"7337","2","3","12","41","116","268","434","468","213","C1833058"
"3617","2","5","7","86","221","321","454","311","518","C1833058"
"1629","2","3","2","67","92","293","55","75","311","C1833058"
"1594","2","3","5","92","163","96","363","460","487","C1833058"
"9791","2","3","8","45","94","199","240","415","666","C1833058"
"768","2","3","5","35","41","77","40","370","303","C1833058"
"6662","2","3","3","19","221","321","428","541","667","C1833058"
"526","2","3","5","29","88","132","172","199","308","C1833058"
"4591","2","3","12","41","116","268","434","468","213","C1833058"
"6662","2","3","3","19","221","321","428","541","667","C1833104"
"55505","2","3","2","110","85","237","433","547","671","C1833104"
"5897","2","3","12","41","116","268","141","568","605","C1833104"
"1161","2","3","12","41","116","268","434","468","213","C1833104"
"9569","2","3","12","19","31","276","91","433","118","C1833104"
"1836","2","3","2","35","41","94","260","330","375","C1833118"
"6342","2","3","5","80","161","305","409","208","482","C1833118"
"3588","2","5","7","53","51","119","25","40","186","C1833118"
"4629","2","5","8","63","45","23","103","464","187","C1833118"
"3691","2","5","7","53","51","342","454","573","492","C1833118"
"3954","2","3","2","48","170","67","119","444","593","C1833118"
"3239","2","3","3","19","221","321","428","541","667","C1833118"
"2239","2","3","2","74","51","342","454","573","492","C1833118"
"1785","2","5","7","60","14","184","341","544","669","C1833118"
"585","2","3","12","76","153","40","38","54","75","C1833118"
"7258","2","3","12","19","36","1","426","55","78","C1833118"
"4621","2","5","8","63","45","23","103","464","187","C1833144"
"1378","2","5","7","34","52","216","395","549","674","C1833144"
"1356","2","3","7","53","51","342","454","573","492","C1833144"
"9533","2","3","2","19","31","1","426","55","78","C1833144"
"7879","2","5","7","34","54","24","30","46","72","C1833144"
"658","2","5","7","53","51","342","259","423","389","C1833144"
"1146","2","5","8","27","70","99","162","216","290","C1833144"
"1557","2","3","5","91","214","271","372","479","12","C1833144"
"10149","2","5","5","63","36","166","332","220","158","C1833144"
"55651","2","3","2","110","85","237","433","547","671","C1833144"
"7132","2","3","12","41","219","339","156","568","697","C1833144"
"778","2","5","8","63","36","166","341","223","158","C1833144"
"4000","2","3","12","26","105","178","226","297","156","C1833144"
"2720","2","3","7","34","52","216","395","21","599","C1833144"
"3918","2","5","7","53","51","342","454","573","492","C1833144"
"8604","2","3","2","48","170","50","304","167","593","C1833144"
"58484","2","3","12","41","219","339","156","568","697","C1833144"
"51085","2","3","2","48","57","110","141","359","462","C1833144"
"1490","2","5","7","53","51","342","454","573","492","C1833144"
"29926","2","3","2","68","66","123","158","207","278","C1833144"
"3914","2","5","7","53","51","342","454","573","492","C1833144"
"8195","2","3","12","76","153","76","38","54","75","C1833222"
"5015","2","3","3","19","221","321","428","541","667","C1833222"
"4036","2","5","7","60","14","184","341","544","669","C1833225"
"1758","2","5","7","53","51","342","454","573","492","C1833225"
"7259","2","3","12","19","31","1","426","55","78","C1833225"
"2067","2","3","12","19","31","261","116","1","86","C1833225"
"1855","2","5","12","76","153","197","259","560","422","C1833225"
"54822","2","5","8","63","45","193","306","390","158","C1833225"
"50846","2","3","3","68","221","197","259","560","422","C1833225"
"55612","2","5","7","60","36","71","177","560","701","C1833225"
"811","2","3","2","41","116","342","423","536","342","C1833225"
"2556","2","5","8","27","70","99","162","216","290","C1833225"
"871","2","5","7","53","51","342","454","573","492","C1833225"
"7416","2","3","2","48","170","339","304","167","593","C1833225"
"10559","2","3","2","89","124","204","272","347","451","C1833275"
"4522","2","3","5","15","166","104","262","121","167","C1833275"
"27077","2","3","12","76","153","40","38","54","75","C1833275"
"7025","2","3","3","19","151","276","91","433","118","C1833297"
"2353","2","3","12","19","31","1","91","489","416","C1833297"
"27086","2","3","12","19","221","321","428","541","667","C1833297"
"10262","2","3","2","22","33","323","66","101","136","C1833308"
"65125","2","5","8","63","45","23","34","464","187","C1833308"
"6519","2","3","5","45","94","199","240","415","666","C1833323"
"3930","2","3","2","22","33","323","66","3","464","C1833323"
"1836","2","3","2","35","41","94","260","330","375","C1833324"
"23363","2","3","12","41","116","268","434","468","213","C1833324"
"6125","2","3","2","110","85","237","433","547","671","C1833324"
"2904","2","5","7","53","14","20","25","223","219","C1833325"
"6658","2","3","12","19","221","321","428","541","667","C1833325"
"90","2","5","7","53","51","342","259","423","389","C1833325"
"6662","2","3","3","19","221","321","428","541","667","C1833325"
"7157","2","3","12","19","31","261","402","489","551","C1833325"
"2316","2","5","7","53","51","342","454","573","702","C1833325"
"9652","2","3","2","110","85","237","433","547","671","C1833325"
"1717","2","3","2","19","151","276","48","69","204","C1833325"
"673","2","5","7","53","14","20","34","540","68","C1833325"
"3848","2","5","7","34","52","225","142","220","298","C1833328"
"3753","2","5","8","63","36","166","341","223","158","C1833328"
"478","2","3","8","63","45","23","366","464","187","C1833328"
"3483","2","5","7","53","51","342","454","573","492","C1833328"
"488","2","5","8","63","45","23","103","464","187","C1833329"
"10913","2","3","12","41","219","339","156","568","697","C1833329"
"775","2","5","8","63","36","166","341","223","158","C1833329"
"768","2","3","5","35","41","77","40","370","303","C1833331"
"10269","2","3","2","48","182","50","119","444","556","C1833331"
"2619","2","5","3","53","221","197","259","560","422","C1833340"
"4552","2","3","7","48","81","105","139","186","245","C1833340"
"6521","2","5","8","35","41","199","40","415","666","C1833340"
"4359","2","5","7","53","51","342","454","573","492","C1833340"
"5339","2","5","7","53","51","342","454","573","492","C1833340"
"23385","2","5","7","34","52","216","395","549","674","C1833340"
"56997","2","3","2","48","170","50","119","444","556","C1833340"
"1906","2","5","4","68","96","326","427","548","672","C1833340"
"10020","2","3","2","89","124","204","42","452","258","C1833362"
"22999","2","5","7","60","36","71","341","223","219","C1833362"
"6261","2","5","8","63","45","23","34","464","187","C1833362"
"9569","2","3","12","19","31","276","91","433","118","C1833362"
"4041","2","5","3","68","221","197","259","560","422","C1833362"
"51164","2","3","7","76","153","40","38","54","75","C1833431"
"242","2","3","5","11","142","223","142","220","298","C1833431"
"3426","2","5","7","53","51","119","395","549","674","C1833431"
"1586","2","3","5","79","98","256","335","425","540","C1833488"
"1280","2","5","7","53","51","342","454","573","492","C1833488"
"3891","2","1","6","11","142","225","142","220","298","C1833488"
"1513","2","5","7","53","51","342","454","573","492","C1833488"
"4669","2","3","5","80","81","166","454","453","492","C1833488"
"695","2","5","7","53","14","20","25","40","186","C1833488"
"10908","2","3","2","97","173","275","377","473","592","C1833488"
"1896","2","5","12","41","219","339","156","568","697","C1833488"
"3991","2","3","5","80","81","166","57","83","658","C1833488"
"3162","2","3","5","53","51","119","402","489","416","C1833661"
"3028","2","3","2","67","92","152","32","252","154","C1833661"
"2138","2","3","12","19","31","1","426","55","78","C1833661"
"9469","2","3","2","103","189","303","29","475","467","C1833662"
"673","2","5","7","53","14","20","34","540","68","C1833662"
"1947","2","5","7","53","51","20","25","560","373","C1833662"
"8289","2","3","12","19","31","1","426","55","78","C1833667"
"139628","2","3","12","19","31","1","426","55","78","C1833667"
"23509","2","3","2","89","124","143","428","236","667","C1833667"
"10743","2","3","3","19","151","276","91","433","118","C1833667"
"4000","2","3","12","26","105","178","226","297","156","C1833683"
"51807","2","3","12","76","153","40","38","54","75","C1833683"
"7248","2","3","2","48","57","110","141","359","462","C1833683"
"6514","2","5","7","90","216","337","448","565","562","C1833683"
"51008","2","3","12","19","31","276","91","433","118","C1833683"
"3265","2","5","7","60","54","24","30","46","72","C1833693"
"25836","2","3","12","76","153","40","38","54","75","C1833693"
"2773","2","5","4","68","96","326","427","548","672","C1833734"
"2056","2","5","7","53","51","119","25","40","186","C1833734"
"1031","2","3","12","19","31","1","426","55","78","C1833735"
"8878","2","3","12","41","219","339","156","568","697","C1833735"
"6473","2","3","3","19","221","321","428","541","667","C1833753"
"11155","2","5","7","63","45","23","103","464","187","C1833753"
"2239","2","3","2","74","51","342","454","573","492","C1833754"
"79147","2","3","2","27","36","150","430","215","628","C1833754"
"5160","2","3","2","67","92","293","55","75","311","C1833762"
"7040","2","5","7","53","51","342","454","573","492","C1833762"
"6710","2","5","7","60","14","20","25","40","186","C1833762"
"224","2","3","5","50","47","39","202","19","233","C1833762"
"2074","2","3","12","19","31","1","426","55","78","C1833762"
"8626","2","3","3","19","221","321","428","541","667","C1833762"
"4893","2","5","7","34","52","24","30","46","72","C1833762"
"2776","2","5","4","68","96","326","427","548","672","C1833762"
"6845","2","5","7","60","14","184","341","544","669","C1833921"
"6616","2","5","7","34","52","216","341","223","628","C1833921"
"5880","2","5","7","60","54","24","30","46","72","C1833921"
"51057","2","3","12","76","153","40","38","54","75","C1833999"
"5896","2","3","12","41","116","268","434","568","605","C1833999"
"50964","2","5","3","68","221","197","259","423","422","C1833999"
"54749","2","3","5","41","119","1","214","454","401","C1833999"
"4519","2","3","2","48","170","50","119","508","312","C1833999"
"4221","2","3","12","19","31","342","454","573","492","C1833999"
"1471","2","5","7","34","52","216","395","549","492","C1833999"
"6473","2","3","3","19","221","321","428","541","667","C1833999"
"5190","2","3","5","43","161","305","409","208","482","C1833999"
"80746","2","3","12","22","33","323","66","101","664","C1833999"
"23534","2","3","2","22","33","323","66","101","136","C1833999"
"7015","2","3","12","19","31","1","426","55","78","C1834002"
"1420","2","3","6","63","45","160","362","177","673","C1834002"
"582","2","3","12","76","153","76","38","54","75","C1834034"
"2055","2","3","2","27","36","150","402","223","628","C1834034"
"64241","2","3","5","47","144","185","238","310","392","C1834034"
"64327","2","5","4","68","96","326","427","548","672","C1834034"
"6223","2","3","2","110","85","237","433","547","671","C1834060"
"5075","2","3","3","19","221","321","428","541","667","C1834060"
"1487","2","3","12","19","31","1","426","55","340","C1834060"
"4000","2","3","12","26","105","178","226","297","156","C1834060"
"5327","2","5","7","53","51","342","454","573","492","C1834060"
"26191","2","5","7","53","14","20","25","40","186","C1834060"
"1535","2","5","7","34","52","216","395","549","674","C1834060"
"26128","2","3","12","76","153","40","38","54","154","C1834060"
"5156","2","5","7","53","14","20","25","40","186","C1834060"
"9469","2","3","2","103","189","303","29","475","467","C1834060"
"4023","2","3","5","24","51","342","91","20","27","C1834060"
"3691","2","5","7","53","51","342","454","573","492","C1834060"
"229","2","3","2","90","167","266","367","500","577","C1834060"
"8200","2","5","7","53","51","342","259","423","389","C1834062"
"1503","2","3","2","76","109","182","235","307","411","C1834062"
"2131","2","3","2","74","58","112","148","181","416","C1834062"
"23556","2","3","2","61","77","142","176","235","317","C1834124"
"1824","2","1","6","11","142","225","142","220","298","C1834124"
"56606","2","5","7","90","216","337","448","565","562","C1834124"
"286077","2","3","12","76","153","40","38","54","75","C1834124"
"4693","2","5","7","53","51","342","454","573","492","C1834124"
"4935","2","5","4","68","96","326","427","548","672","C1834124"
"4358","2","3","5","43","161","305","409","208","482","C1834124"
"79139","2","3","12","41","116","268","423","536","445","C1834124"
"6689","2","3","12","19","31","276","91","433","118","C1834386"
"27031","2","3","6","11","142","225","38","331","506","C1834386"
"50615","2","5","7","53","51","119","25","40","186","C1834386"
"9581","2","3","5","27","36","150","76","223","628","C1834424"
"345611","2","3","2","48","219","339","156","568","462","C1834424"
"5144","2","3","4","68","96","326","427","548","672","C1834433"
"5594","2","5","7","34","14","20","34","540","274","C1834433"
"2626","2","3","12","19","31","118","155","287","116","C1834433"
"6469","2","5","3","53","221","197","259","560","422","C1834433"
"467","2","3","12","19","31","276","91","433","118","C1834523"
"5149","2","3","5","68","38","16","477","596","725","C1834523"
"7531","2","3","2","48","170","110","329","251","533","C1834523"
"1674","2","5","8","63","45","23","103","464","187","C1834523"
"4719","2","3","2","48","170","50","119","444","556","C1834523"
"2177","2","3","2","110","90","261","431","545","443","C1834558"
"6334","2","5","8","63","36","166","341","223","158","C1834558"
"51422","2","3","2","48","57","110","141","359","462","C1834558"
"5476","2","3","7","34","52","216","395","152","310","C1834558"
"3559","2","5","7","53","14","20","25","40","186","C1834558"
"2627","2","3","12","19","31","118","155","287","116","C1834570"
"3043","2","5","7","34","52","216","395","549","116","C1834570"
"22827","2","3","2","22","33","323","66","101","136","C1834570"
"6439","2","5","5","68","96","185","238","310","272","C1834570"
"3590","2","5","7","53","51","119","25","40","416","C1834671"
"132","2","3","2","110","85","237","433","80","394","C1834671"
"8092","2","3","3","19","221","321","428","541","667","C1834674"
"26873","2","3","5","83","171","97","237","77","391","C1834674"
"11315","2","3","2","48","170","50","399","201","229","C1834674"
"7299","2","3","5","23","18","138","250","332","407","C1834674"
"10564","2","5","7","60","54","24","30","46","72","C1834696"
"55135","2","3","12","76","137","76","136","472","435","C1834696"
"60","2","3","12","60","45","184","155","287","78","C1834696"
"111","2","5","4","68","96","326","427","548","672","C1834696"
"5660","2","5","7","34","52","326","427","548","702","C1834696"
"10913","2","3","12","41","219","339","156","568","697","C1834696"
"5429","2","3","12","19","31","261","116","1","86","C1834696"
"116449","2","5","7","53","14","20","25","40","186","C1834696"
"3845","2","5","7","60","54","24","30","46","72","C1834696"
"5626","2","3","3","19","221","321","428","541","667","C1834696"
"2719","2","5","7","53","51","342","454","573","492","C1834728"
"3912","2","5","7","53","51","342","454","573","492","C1834728"
"1588","2","3","5","79","159","256","350","27","44","C1834737"
"5745","2","5","4","68","96","326","427","548","672","C1834737"
"26154","2","3","5","47","144","185","238","310","392","C1834737"
"5396","2","3","3","19","221","321","428","541","667","C1834752"
"85358","2","5","7","60","14","71","341","223","219","C1834752"
"4524","2","3","2","15","166","104","369","117","583","C1834752"
"7010","2","5","7","53","14","20","25","40","186","C1834752"
"5447","2","3","5","91","214","271","372","471","586","C1834752"
"3769","2","5","8","63","36","166","106","110","158","C1834752"
"55572","2","3","2","48","170","50","119","444","556","C1834752"
"3764","2","5","8","63","36","166","106","110","158","C1834752"
"10483","2","3","7","60","54","24","30","46","72","C1834752"
"5468","2","3","3","19","151","276","91","433","118","C1834752"
"5339","2","5","7","53","51","342","454","573","492","C1834752"
"8929","2","3","3","19","221","321","428","541","667","C1834846"
"7305","2","5","7","34","52","216","395","549","674","C1834846"
"142","2","3","12","19","31","261","116","1","86","C1834846"
"51","2","3","5","43","151","276","91","433","482","C1834846"
"4914","2","3","2","22","18","266","202","252","252","C1834846"
"3207","2","3","3","19","221","321","428","541","667","C1834954"
"9401","2","3","12","76","31","261","116","1","86","C1834954"
"5373","2","3","2","90","167","123","158","207","278","C1834954"
"5824","2","3","5","47","144","185","238","310","392","C1834954"
"411","2","3","7","34","52","216","395","549","674","C1834954"
"51085","2","3","2","48","57","110","141","359","462","C1834954"
"27031","2","3","6","11","142","225","38","331","506","C1834954"
"1282","2","5","7","53","51","342","454","573","492","C1834954"
"1785","2","5","7","60","14","184","341","544","669","C1834980"
"5908","2","5","7","34","52","216","30","46","72","C1834980"
"5689","2","3","12","41","116","268","156","303","342","C1835047"
"5314","2","3","12","76","153","40","38","54","75","C1835047"
"6774","2","3","12","53","14","276","25","489","416","C1835047"
"6121","2","3","2","69","83","101","126","170","224","C1835047"
"7284","2","3","2","48","182","67","76","463","153","C1835047"
"55806","2","3","12","19","31","1","426","55","78","C1835047"
"5605","2","5","7","53","14","20","34","540","68","C1835047"
"72","2","5","8","63","45","23","103","464","187","C1835047"
"1184","2","5","8","63","45","23","34","464","187","C1835047"
"9632","2","3","7","60","153","40","38","54","203","C1835047"
"3350","2","5","4","68","96","326","427","548","672","C1835047"
"4522","2","3","5","15","166","104","262","121","167","C1835047"
"1814","2","5","4","68","96","326","427","548","672","C1835047"
"9126","2","3","12","76","153","40","38","54","75","C1835095"
"2138","2","3","12","19","31","1","426","55","78","C1835095"
"8493","2","3","12","19","31","293","116","201","664","C1835095"
"6261","2","5","8","63","45","23","34","464","187","C1835117"
"6597","2","3","12","19","31","1","426","55","78","C1835117"
"2516","2","3","3","19","151","276","91","433","118","C1835121"
"6497","2","5","3","19","221","342","259","423","389","C1835121"
"10161","2","5","4","68","96","326","427","548","672","C1835121"
"54808","2","3","12","76","153","40","38","54","75","C1835121"
"401","2","3","3","19","221","321","428","541","667","C1835121"
"1487","2","3","12","19","31","1","426","55","340","C1835121"
"7015","2","3","12","19","31","1","426","55","78","C1835148"
"7299","2","3","5","23","18","138","250","332","407","C1835148"
"5053","2","3","5","80","81","166","236","308","390","C1835157"
"9223","2","5","7","42","36","71","177","223","219","C1835157"
"26503","2","3","2","89","124","204","272","347","442","C1835157"
"10269","2","3","2","48","182","50","119","444","556","C1835157"
"6253","2","5","4","27","36","326","402","489","187","C1835157"
"3162","2","3","5","53","51","119","402","489","416","C1835157"
"567","2","5","7","34","52","119","395","549","674","C1835157"
"547","2","3","7","76","153","40","38","54","75","C1835171"
"2131","2","3","2","74","58","112","148","181","416","C1835171"
"3784","2","5","8","63","36","166","106","110","158","C1835171"
"9927","2","3","12","19","31","118","155","287","116","C1835171"
"2263","2","5","7","53","14","20","25","40","186","C1835194"
"6514","2","5","7","90","216","337","448","565","562","C1835194"
"1432","2","3","7","34","52","216","34","540","68","C1835194"
"7468","2","3","12","19","31","1","426","55","78","C1835228"
"4353","2","3","7","34","52","216","395","549","674","C1835228"
"50485","2","3","12","19","31","261","116","1","86","C1835228"
"1763","2","3","12","19","31","261","116","1","86","C1835229"
"3852","2","1","6","11","142","225","142","220","298","C1835229"
"6770","2","5","7","27","36","273","341","100","589","C1835229"
"2657","2","5","7","53","51","342","259","423","389","C1835229"
"3930","2","3","2","22","33","323","66","3","464","C1835229"
"1356","2","3","7","53","51","342","454","573","492","C1835229"
"1075","2","5","7","34","52","216","395","549","674","C1835229"
"8878","2","3","12","41","219","339","156","568","697","C1835229"
"4709","2","3","2","48","170","50","119","444","556","C1835229"
"545","2","3","12","19","31","261","116","1","86","C1835229"
"54345","2","5","3","19","221","321","428","541","667","C1835229"
"55651","2","3","2","110","85","237","433","547","671","C1835229"
"2353","2","3","12","19","31","1","91","489","416","C1835229"
"2261","2","5","7","53","14","20","25","40","186","C1835229"
"2260","2","5","7","53","14","20","25","40","186","C1835229"
"2625","2","3","12","19","31","339","155","287","116","C1835229"
"29893","2","3","12","19","31","1","426","55","78","C1835229"
"7153","2","3","12","19","31","261","116","1","86","C1835229"
"4053","2","5","7","53","51","342","454","573","492","C1835229"
"4665","2","3","3","11","221","321","428","541","667","C1835229"
"768","2","3","5","35","41","77","40","370","303","C1835229"
"8085","2","3","12","19","31","1","426","55","78","C1835384"
"627","2","5","7","53","51","335","444","423","373","C1835384"
"2624","2","3","12","19","31","1","155","287","116","C1835390"
"23020","2","3","2","22","33","323","66","101","136","C1835390"
"6899","2","5","7","53","184","335","259","560","373","C1835390"
"1106","2","3","12","19","31","1","426","55","78","C1835398"
"1145","2","5","8","27","70","99","162","216","290","C1835398"
"5728","2","3","5","80","81","339","156","568","605","C1835452"
"4613","2","3","12","19","31","1","426","55","78","C1835452"
"55650","2","3","2","61","77","142","176","235","557","C1835452"
"2138","2","3","12","19","31","1","426","55","78","C1835452"
"4312","2","5","7","53","51","342","454","573","492","C1835452"
"3479","2","5","7","53","51","342","454","573","492","C1835452"
"1798","2","3","2","48","69","99","162","216","290","C1835452"
"23111","2","3","12","41","219","339","156","568","697","C1835452"
"9241","2","5","7","53","51","342","259","423","389","C1835452"
"6469","2","5","3","53","221","197","259","560","422","C1835452"
"6901","2","3","2","48","170","50","304","167","593","C1835452"
"2316","2","5","7","53","51","342","454","573","702","C1835452"
"4867","2","5","7","76","153","40","38","54","75","C1835452"
"5096","2","3","2","48","40","130","166","127","173","C1835452"
"2566","2","5","8","27","70","99","162","216","290","C1835452"
"5314","2","3","12","76","153","40","38","54","75","C1835452"
"3861","2","1","6","11","142","225","142","220","298","C1835452"
"3551","2","3","12","41","219","339","156","568","697","C1835452"
"1723","2","3","2","48","170","50","119","444","556","C1835452"
"2317","2","5","7","63","45","23","103","287","664","C1835452"
"6399","2","5","7","60","54","24","30","46","72","C1835452"
"55033","2","3","2","110","105","178","226","297","380","C1835452"
"5122","2","5","4","27","36","184","141","359","411","C1835452"
"5290","2","3","7","53","14","20","25","40","186","C1835452"
"4604","2","5","8","63","45","23","103","464","187","C1835452"
"6497","2","5","3","19","221","342","259","423","389","C1835452"
"4485","2","5","7","68","51","119","395","549","674","C1835452"
"54332","2","3","2","60","170","40","98","66","203","C1835452"
"7276","2","5","7","34","52","216","395","549","674","C1835452"
"10483","2","3","7","60","54","24","30","46","72","C1835452"
"55636","2","3","3","19","221","321","428","423","389","C1835473"
"2778","2","5","4","68","96","326","427","548","672","C1835473"
"8220","2","3","2","22","33","323","66","101","136","C1835473"
"54903","2","3","12","76","153","40","38","54","75","C1835473"
"5781","2","5","7","53","14","20","25","40","186","C1835473"
"146059","2","3","12","19","31","261","116","1","86","C1835473"
"7124","2","3","12","41","219","339","156","568","697","C1835473"
"8438","2","3","12","76","153","261","116","1","86","C1835473"
"1356","2","3","7","53","51","342","454","573","492","C1835473"
"10269","2","3","2","48","182","50","119","444","556","C1835473"
"5885","2","3","12","76","153","40","38","54","75","C1835473"
"5447","2","3","5","91","214","271","372","471","586","C1835570"
"6473","2","3","3","19","221","321","428","541","667","C1835570"
"16","2","3","2","110","85","237","433","547","154","C1835570"
"1184","2","5","8","63","45","23","34","464","187","C1835573"
"1594","2","3","5","92","163","96","363","460","487","C1835573"
"2690","2","5","7","53","14","20","25","40","186","C1835574"
"55636","2","3","3","19","221","321","428","423","389","C1835574"
"6833","2","5","8","45","36","166","240","415","666","C1835579"
"5728","2","3","5","80","81","339","156","568","605","C1835579"
"2554","2","5","8","27","70","99","162","216","290","C1835580"
"9997","2","3","2","48","170","50","119","444","556","C1835580"
"7305","2","5","7","34","52","216","395","549","674","C1835583"
"54361","2","5","3","68","221","197","259","560","422","C1835583"
"23426","2","5","7","42","36","71","177","223","219","C1835614"
"3265","2","5","7","60","54","24","30","46","72","C1835614"
"4843","2","3","5","43","161","305","409","489","416","C1835614"
"23384","2","3","12","63","45","184","103","572","658","C1835614"
"8086","2","3","12","22","33","323","66","101","664","C1835662"
"5173","2","5","4","68","96","326","427","548","672","C1835662"
"26050","2","5","7","53","51","335","444","560","373","C1835686"
"3569","2","5","7","53","51","342","454","573","416","C1835686"
"2896","2","5","7","34","52","216","395","549","674","C1835686"
"51085","2","3","2","48","57","110","141","359","462","C1835686"
"4000","2","3","12","26","105","178","226","297","156","C1835686"
"9719","2","5","7","53","51","342","454","573","492","C1835686"
"841","2","3","12","41","219","339","156","568","697","C1835686"
"1380","2","5","7","53","51","119","395","549","674","C1835686"
"6399","2","5","7","60","54","24","30","46","72","C1835762"
"23259","2","3","5","116","183","295","398","552","622","C1835762"
"10815","2","5","7","60","36","71","341","223","666","C1835762"
"54209","2","5","7","53","51","119","395","549","674","C1835763"
"7421","2","3","3","19","151","276","91","433","118","C1835763"
"4000","2","3","12","26","105","178","226","297","156","C1835763"
"54361","2","5","3","68","221","197","259","560","422","C1835763"
"5130","2","3","2","85","143","286","51","488","102","C1835763"
"1289","2","5","7","53","51","342","454","573","492","C1835763"
"5788","2","5","7","34","52","216","395","549","674","C1835763"
"6469","2","5","3","53","221","197","259","560","422","C1835763"
"26137","2","5","7","63","45","184","103","572","658","C1835763"
"5149","2","3","5","68","38","16","477","596","725","C1835763"
"10559","2","3","2","89","124","204","272","347","451","C1835763"
"7466","2","5","7","53","51","342","454","573","492","C1835763"
"5982","2","3","12","19","31","261","116","1","86","C1835763"
"5048","2","3","12","76","153","40","38","54","75","C1835763"
"1636","2","3","5","80","81","166","397","418","568","C1835763"
"6654","2","5","7","60","54","24","30","46","72","C1835763"
"55670","2","3","5","43","161","305","409","208","482","C1835763"
"2956","2","3","12","19","31","261","116","1","86","C1835763"
"10243","2","3","2","27","91","71","204","267","352","C1835763"
"514","2","3","2","48","170","50","119","444","556","C1835763"
"26608","2","3","2","22","170","50","119","463","153","C1835763"
"1967","2","3","2","110","85","237","433","547","671","C1835763"
"3553","2","5","7","53","51","119","25","489","416","C1835763"
"4089","2","3","12","19","219","339","259","423","605","C1835763"
"2121","2","3","12","41","116","268","434","568","605","C1835763"
"5130","2","3","2","85","143","286","51","488","102","C1835796"
"25974","2","3","7","48","51","105","139","186","245","C1835796"
"3557","2","3","12","41","219","339","156","568","697","C1835798"
"54808","2","3","12","76","153","40","38","54","75","C1835798"
"3730","2","5","7","53","14","20","25","40","186","C1835801"
"16","2","3","2","110","85","237","433","547","154","C1835801"
"100507436","2","5","7","53","51","119","395","549","674","C1835801"
"6905","2","3","12","76","153","40","38","54","75","C1835801"
"2556","2","5","8","27","70","99","162","216","290","C1835807"
"5073","2","3","2","110","85","323","433","146","194","C1835807"
"1917","2","3","12","41","219","339","347","572","658","C1835807"
"10243","2","3","2","27","91","71","204","267","352","C1835807"
"1643","2","3","12","41","116","268","434","468","213","C1835807"
"9839","2","3","3","19","221","321","428","541","667","C1835807"
"4000","2","3","12","26","105","178","226","297","156","C1835828"
"2317","2","5","7","63","45","23","103","287","664","C1835828"
"10165","2","3","2","48","170","50","304","167","593","C1835993"
"5828","2","3","5","43","161","305","409","208","482","C1835993"
"7042","2","5","7","53","51","342","454","573","492","C1835995"
"5538","2","3","2","115","18","340","269","342","444","C1835995"
"54551","2","3","12","41","219","197","156","568","422","C1835995"
"1395","2","5","4","68","96","326","427","548","672","C1835995"
"1991","2","5","7","34","52","216","395","549","674","C1835995"
"6575","2","3","8","45","94","199","240","415","666","C1836003"
"857","2","5","7","53","45","23","57","83","422","C1836003"
"7138","2","5","8","63","45","23","103","464","187","C1836003"
"5663","2","5","7","34","52","216","395","549","667","C1836003"
"1499","2","3","12","19","221","197","259","560","422","C1836003"
"9361","2","3","2","48","170","50","119","444","556","C1836003"
"1299","2","5","7","53","51","342","454","573","492","C1836003"
"54","2","3","5","80","81","178","195","256","342","C1836003"
"7248","2","3","2","48","57","110","141","359","462","C1836003"
"9210","2","5","7","53","51","342","454","573","492","C1836003"
"5354","2","5","7","27","36","150","341","223","628","C1836014"
"2296","2","3","3","19","221","321","428","541","667","C1836014"
"2736","2","3","12","41","116","321","428","54","667","C1836014"
"359","2","3","5","80","81","166","397","374","486","C1836014"
"5269","2","5","7","34","52","216","395","549","674","C1836014"
"29110","2","3","12","41","219","339","156","568","697","C1836014"
"7040","2","5","7","53","51","342","454","573","492","C1836014"
"4351","2","3","2","90","167","266","367","500","577","C1836014"
"23118","2","3","12","41","219","339","156","568","697","C1836023"
"5506","2","3","12","76","137","76","136","82","658","C1836023"
"4853","2","3","12","19","124","143","428","236","667","C1836038"
"547","2","3","7","76","153","40","38","54","75","C1836038"
"1146","2","5","8","27","70","99","162","216","290","C1836038"
"2697","2","3","7","76","153","40","38","54","75","C1836038"
"7415","2","3","7","34","52","216","395","536","445","C1836038"
"5167","2","3","5","32","93","163","207","303","126","C1836038"
"5745","2","5","4","68","96","326","427","548","672","C1836038"
"51168","2","5","7","60","14","20","25","40","215","C1836038"
"7124","2","3","12","41","219","339","156","568","697","C1836038"
"2542","2","3","5","80","81","296","399","500","577","C1836038"
"27086","2","3","12","19","221","321","428","541","667","C1836038"
"5923","2","5","7","53","14","20","25","40","186","C1836038"
"5328","2","5","7","34","52","216","395","549","674","C1836038"
"8322","2","5","3","68","221","184","259","544","669","C1836038"
"7422","2","5","7","53","51","342","454","573","702","C1836057"
"1421","2","3","6","63","45","160","362","177","673","C1836057"
"5605","2","5","7","53","14","20","34","540","68","C1836057"
"5828","2","3","5","43","161","305","409","208","482","C1836057"
"1280","2","5","7","53","51","342","454","573","492","C1836057"
"2556","2","5","8","27","70","99","162","216","290","C1836057"
"8626","2","3","3","19","221","321","428","541","667","C1836057"
"2706","2","3","12","76","153","40","38","54","75","C1836149"
"3481","2","5","7","53","51","342","454","573","492","C1836149"
"7314","2","3","12","41","219","261","409","208","482","C1836149"
"773","2","5","8","27","36","166","341","223","628","C1836150"
"4692","2","5","7","53","51","119","402","489","416","C1836150"
"1311","2","5","7","53","51","342","454","573","492","C1836150"
"26040","2","3","12","19","31","1","116","297","78","C1836150"
"760","2","3","5","35","41","77","40","78","178","C1836150"
"11277","2","3","12","19","31","261","116","1","86","C1836150"
"1493","2","5","7","53","51","119","25","40","186","C1836150"
"6495","2","3","3","19","221","321","428","541","667","C1836150"
"57644","2","3","8","63","45","23","103","464","187","C1836150"
"11254","2","3","8","45","94","199","240","415","666","C1836150"
"1769","2","3","12","76","153","40","38","54","75","C1836150"
"1075","2","5","7","34","52","216","395","549","674","C1836150"
"286","2","5","7","60","153","40","38","54","203","C1836150"
"857","2","5","7","53","45","23","57","83","422","C1836150"
"10210","2","3","12","41","116","268","434","468","213","C1836150"
"3081","2","3","2","91","51","3","267","308","429","C1836150"
"4041","2","5","3","68","221","197","259","560","422","C1836150"
"54757","2","5","7","53","51","342","454","573","492","C1836174"
"355","2","3","7","41","219","339","156","568","697","C1836174"
"3675","2","5","7","53","51","342","454","573","492","C1836184"
"1161","2","3","12","41","116","268","434","468","213","C1836184"
"4627","2","5","7","63","45","184","103","572","658","C1836184"
"3949","2","5","7","60","14","184","341","544","669","C1836184"
"3762","2","5","8","63","36","166","106","110","158","C1836184"
"51364","2","3","6","11","142","225","142","220","298","C1836184"
"2776","2","5","4","68","96","326","427","548","672","C1836184"
"10585","2","5","2","27","206","324","430","215","290","C1836184"
"4221","2","3","12","19","31","342","454","573","492","C1836184"
"5080","2","3","3","19","221","321","428","541","667","C1836184"
"6678","2","5","7","53","51","342","454","573","492","C1836184"
"6311","2","3","2","22","33","323","66","362","468","C1836184"
"4758","2","3","7","34","52","216","395","549","517","C1836184"
"6557","2","5","8","45","94","199","240","415","666","C1836184"
"57282","2","3","2","45","94","199","240","415","666","C1836184"
"774","2","5","8","63","36","166","341","390","158","C1836186"
"5830","2","3","5","43","161","305","409","208","482","C1836186"
"4436","2","3","12","19","31","261","116","1","86","C1836186"
"8799","2","3","5","43","161","305","409","208","482","C1836186"
"3481","2","5","7","53","51","342","454","573","492","C1836186"
"1021","2","3","12","19","31","1","426","55","78","C1836186"
"2303","2","5","3","19","221","321","428","541","667","C1836192"
"9499","2","5","7","53","51","23","103","464","187","C1836192"
"4513","2","3","2","48","170","110","141","359","532","C1836192"
"832","2","3","12","76","153","40","38","287","116","C1836192"
"2099","2","3","12","19","151","276","91","433","118","C1836192"
"7528","2","3","12","19","31","1","426","55","78","C1836193"
"1285","2","5","7","53","51","342","454","573","492","C1836193"
"5378","2","3","12","19","31","261","116","1","86","C1836193"
"23474","2","3","12","19","31","1","91","433","118","C1836193"
"1066","2","3","5","80","130","114","290","367","623","C1836193"
"117155","2","5","8","63","142","225","306","390","158","C1836193"
"6231","2","3","2","110","85","237","433","547","671","C1836193"
"10269","2","3","2","48","182","50","119","444","556","C1836193"
"8878","2","3","12","41","219","339","156","568","697","C1836193"
"3952","2","5","3","53","151","276","91","433","118","C1836195"
"595","2","3","12","19","31","1","426","489","416","C1836195"
"5979","2","5","7","53","14","20","25","40","186","C1836195"
"4313","2","5","7","53","51","342","454","573","492","C1836195"
"50944","2","5","7","60","36","71","341","223","219","C1836195"
"25836","2","3","12","76","153","40","38","54","75","C1836195"
"10320","2","5","7","19","119","143","214","236","389","C1836195"
"5830","2","3","5","43","161","305","409","208","482","C1836195"
"9241","2","5","7","53","51","342","259","423","389","C1836195"
"6911","2","5","6","19","142","335","259","560","373","C1836195"
"2195","2","5","7","53","51","335","444","560","373","C1836195"
"4902","2","5","7","53","14","20","25","40","186","C1836195"
"1629","2","3","2","67","92","293","55","75","311","C1836195"
"8842","2","5","5","53","82","147","184","179","328","C1836195"
"29954","2","5","2","27","206","324","430","215","290","C1836195"
"7337","2","3","12","41","116","268","434","468","213","C1836195"
"55505","2","3","2","110","85","237","433","547","671","C1836195"
"1312","2","3","2","87","79","105","426","129","25","C1836195"
"3897","2","5","7","53","51","335","444","560","373","C1836195"
"5818","2","5","7","53","51","335","444","560","373","C1836195"
"9321","2","3","12","76","153","40","38","54","203","C1836195"
"10483","2","3","7","60","54","24","30","46","72","C1836195"
"50814","2","3","2","69","221","73","360","86","119","C1836195"
"1896","2","5","12","41","219","339","156","568","697","C1836195"
"54806","2","5","7","76","153","40","38","54","75","C1836195"
"4509","2","3","2","48","170","50","119","444","556","C1836195"
"54361","2","5","3","68","221","197","259","560","422","C1836195"
"26012","2","3","12","19","31","261","116","159","211","C1836195"
"1301","2","5","7","53","51","342","454","573","492","C1836195"
"3756","2","5","8","63","36","166","106","110","158","C1836195"
"5818","2","5","7","53","51","335","444","560","373","C1836212"
"10243","2","3","2","27","91","71","204","267","352","C1836212"
"10216","2","3","2","48","170","50","304","167","593","C1836219"
"4000","2","3","12","26","105","178","226","297","156","C1836219"
"6804","2","5","7","60","36","71","341","223","219","C1836296"
"3039","2","3","5","35","41","118","155","287","116","C1836296"
"6462","2","5","7","63","45","23","444","464","373","C1836296"
"2694","2","5","7","48","51","105","139","186","245","C1836296"
"4313","2","5","7","53","51","342","454","573","492","C1836296"
"7432","2","5","4","68","96","326","427","548","672","C1836296"
"7490","2","3","3","19","221","321","428","541","667","C1836296"
"6925","2","3","12","19","31","225","142","220","298","C1836296"
"11154","2","5","7","60","18","184","341","544","669","C1836296"
"5657","2","5","7","34","52","216","395","549","674","C1836296"
"6341","2","3","2","48","170","50","119","444","556","C1836296"
"1736","2","3","2","110","85","237","433","547","671","C1836296"
"29072","2","3","12","19","31","1","426","55","78","C1836296"
"7169","2","5","8","63","45","23","103","464","187","C1836296"
"7290","2","3","12","19","31","1","426","55","78","C1836296"
"435","2","3","8","84","97","167","210","278","360","C1836296"
"27241","2","3","12","76","153","76","38","54","75","C1836296"
"7056","2","5","7","53","51","119","454","573","492","C1836296"
"2316","2","5","7","53","51","342","454","573","702","C1836296"
"6495","2","3","3","19","221","321","428","541","667","C1836296"
"2253","2","5","7","53","14","20","25","40","186","C1836296"
"6663","2","3","3","19","221","321","428","541","667","C1836296"
"26154","2","3","5","47","144","185","238","310","392","C1836296"
"4830","2","3","2","72","109","182","235","307","506","C1836296"
"8893","2","3","2","110","85","237","433","547","671","C1836296"
"7132","2","3","12","41","219","339","156","568","697","C1836296"
"26229","2","3","2","74","205","191","396","408","257","C1836296"
"4157","2","5","4","68","96","326","427","548","672","C1836308"
"7504","2","5","4","68","96","326","427","548","672","C1836308"
"84522","2","3","2","48","170","50","119","444","155","C1836308"
"91942","2","3","2","48","170","50","119","444","556","C1836308"
"540","2","5","8","63","45","23","103","464","187","C1836308"
"6323","2","5","8","63","36","166","341","390","158","C1836308"
"3459","2","5","7","53","184","119","156","287","116","C1836392"
"5621","2","5","8","27","36","342","454","573","628","C1836392"
"6774","2","3","12","53","14","276","25","489","416","C1836392"
"5627","2","5","7","53","51","342","454","573","702","C1836392"
"7443","2","3","12","19","31","261","34","540","68","C1836392"
"3119","2","5","7","53","153","119","156","287","116","C1836392"
"137682","2","3","2","48","170","50","119","444","556","C1836392"
"2776","2","5","4","68","96","326","427","548","672","C1836392"
"7508","2","3","12","19","31","261","116","1","664","C1836447"
"6557","2","5","8","45","94","199","240","415","666","C1836447"
"4487","2","3","3","19","221","321","428","541","667","C1836448"
"1280","2","5","7","53","51","342","454","573","492","C1836448"
"27286","2","5","7","53","51","342","444","560","492","C1836450"
"7508","2","3","12","19","31","261","116","1","664","C1836450"
"23426","2","5","7","42","36","71","177","223","219","C1836450"
"23545","2","3","5","29","88","132","85","222","346","C1836450"
"3552","2","3","12","53","51","119","156","489","416","C1836450"
"60529","2","3","3","19","221","321","428","541","667","C1836450"
"3786","2","5","8","63","36","166","106","110","158","C1836451"
"1146","2","5","8","27","70","99","162","216","290","C1836451"
"1487","2","3","12","19","31","1","426","55","340","C1836451"
"1374","2","3","2","19","151","276","91","433","118","C1836451"
"6338","2","5","8","63","45","23","34","464","187","C1836451"
"6499","2","3","2","110","85","237","433","547","671","C1836451"
"2591","2","3","2","89","206","324","430","429","544","C1836451"
"9702","2","3","12","76","153","40","38","54","75","C1836451"
"10672","2","5","7","60","54","24","30","46","72","C1836479"
"51702","2","3","12","19","31","1","426","55","78","C1836479"
"1947","2","5","7","53","51","20","25","560","373","C1836479"
"2131","2","3","2","74","58","112","148","181","416","C1836508"
"5894","2","5","7","60","54","23","34","464","187","C1836508"
"6391","2","3","2","48","170","50","119","444","556","C1836508"
"959","2","5","7","53","51","119","395","549","674","C1836508"
"9968","2","4","3","24","119","330","214","454","144","C1836508"
"6390","2","3","2","48","170","50","119","444","556","C1836508"
"9049","2","3","3","41","151","276","378","271","356","C1836508"
"51360","2","3","3","26","35","276","91","433","203","C1836508"
"3897","2","5","7","53","51","335","444","560","373","C1836509"
"26229","2","3","2","74","205","191","396","408","257","C1836509"
"525","2","3","5","29","88","110","141","537","50","C1836509"
"54332","2","3","2","60","170","40","98","66","203","C1836509"
"8086","2","3","12","22","33","323","66","101","664","C1836509"
"29760","2","5","7","53","14","20","25","40","186","C1836509"
"1737","2","3","2","67","92","293","55","75","311","C1836509"
"4514","2","3","2","48","57","110","141","359","5","C1836509"
"1908","2","5","4","68","96","326","427","548","672","C1836509"
"23426","2","5","7","42","36","71","177","223","219","C1836509"
"3984","2","5","7","53","14","20","34","540","68","C1836509"
"4000","2","3","12","26","105","178","226","297","156","C1836527"
"1029","2","3","12","19","31","1","116","1","664","C1836527"
"6303","2","3","2","67","118","160","261","188","423","C1836527"
"5771","2","5","7","53","14","296","25","40","186","C1836527"
"9620","2","5","7","53","51","335","444","560","373","C1836527"
"1277","2","5","7","53","51","342","454","573","492","C1836527"
"3814","2","5","4","68","96","326","427","548","672","C1836527"
"4843","2","3","5","43","161","305","409","489","416","C1836533"
"4000","2","3","12","26","105","178","226","297","156","C1836533"
"22856","2","3","2","78","189","303","251","320","403","C1836543"
"11141","2","5","7","53","36","335","444","223","373","C1836543"
"51626","2","3","12","76","153","40","38","54","75","C1836543"
"23299","2","3","12","76","153","40","38","54","75","C1836543"
"2903","2","5","7","53","14","20","25","223","219","C1836543"
"9896","2","3","5","80","81","296","399","201","274","C1836543"
"5290","2","3","7","53","14","20","25","40","186","C1836543"
"1674","2","5","8","63","45","23","103","464","187","C1836543"
"6340","2","5","8","63","45","23","34","464","187","C1836543"
"2690","2","5","7","53","14","20","25","40","186","C1836543"
"6309","2","3","5","19","151","76","48","69","204","C1836543"
"5172","2","5","8","45","94","199","240","415","666","C1836543"
"8076","2","5","7","53","51","342","454","573","492","C1836543"
"51524","2","5","7","45","94","199","240","415","666","C1836543"
"843","2","3","12","41","219","339","156","568","697","C1836543"
"6712","2","5","7","60","153","40","341","223","203","C1836543"
"10371","2","5","7","53","51","342","79","560","373","C1836543"
"1756","2","5","8","63","45","23","103","464","187","C1836543"
"2040","2","5","7","34","52","216","395","549","674","C1836543"
"3572","2","5","7","53","51","119","25","40","186","C1836543"
"83990","2","3","12","19","31","261","116","1","86","C1836543"
"7297","2","5","7","53","184","119","25","40","186","C1836543"
"1139","2","5","8","27","70","99","162","216","290","C1836543"
"8200","2","5","7","53","51","342","259","423","389","C1836543"
"8754","2","5","7","53","51","342","454","573","492","C1836543"
"3845","2","5","7","60","54","24","30","46","72","C1836573"
"26608","2","3","2","22","170","50","119","463","153","C1836573"
"9820","2","3","12","41","116","268","434","468","213","C1836576"
"6688","2","3","12","19","31","1","426","55","78","C1836576"
"2006","2","5","7","53","51","342","454","573","492","C1836589"
"2316","2","5","7","53","51","342","454","573","702","C1836589"
"7399","2","5","7","53","51","342","454","573","492","C1836589"
"3954","2","3","2","48","170","67","119","444","593","C1836609"
"5506","2","3","12","76","137","76","136","82","658","C1836609"
"3257","2","5","7","60","54","24","30","46","72","C1836623"
"3440","2","3","12","19","184","118","155","287","116","C1836623"
"7461","2","3","7","60","153","40","38","93","75","C1836623"
"2915","2","5","4","68","96","326","427","548","672","C1836623"
"3655","2","5","7","53","51","342","454","573","492","C1836623"
"2896","2","5","7","34","52","216","395","549","674","C1836623"
"643418","2","1","6","11","142","225","142","220","298","C1836623"
"5589","2","5","7","53","51","342","454","573","492","C1836623"
"22930","2","5","7","60","54","24","30","46","72","C1836623"
"1236","2","5","4","68","96","326","427","548","672","C1836623"
"57674","2","3","12","41","116","268","434","468","213","C1836623"
"22897","2","3","12","76","153","40","38","54","75","C1836623"
"1392","2","5","4","68","96","326","427","548","672","C1836635"
"4854","2","5","7","53","51","143","428","236","667","C1836635"
"1406","2","3","3","19","221","321","428","541","667","C1836635"
"57679","2","5","7","60","54","24","30","46","72","C1836635"
"6335","2","5","8","63","36","166","341","390","158","C1836635"
"80184","2","5","7","34","52","216","38","54","75","C1836635"
"3481","2","5","7","53","51","342","454","573","492","C1836635"
"1513","2","5","7","53","51","342","454","573","492","C1836635"
"1591","2","3","5","92","163","262","136","460","566","C1836635"
"8842","2","5","5","53","82","147","184","179","328","C1836635"
"4593","2","5","7","53","14","20","454","573","492","C1836635"
"50506","2","3","2","36","48","89","110","400","341","C1836635"
"4893","2","5","7","34","52","24","30","46","72","C1836635"
"3670","2","3","2","110","85","237","433","547","671","C1836646"
"844","2","5","8","63","45","23","34","464","187","C1836646"
"1644","2","3","2","88","79","239","333","258","345","C1836646"
"7415","2","3","7","34","52","216","395","536","445","C1836646"
"4644","2","5","7","60","54","184","141","359","411","C1836651"
"55112","2","3","12","76","153","40","38","54","75","C1836651"
"3717","2","5","7","53","14","20","25","40","186","C1836653"
"5371","2","3","12","19","31","1","91","287","116","C1836653"
"2033","2","3","12","19","31","1","91","433","118","C1836653"
"50484","2","3","5","80","109","182","235","307","506","C1836653"
"1969","2","5","7","53","14","20","25","560","186","C1836653"
"8074","2","5","7","53","14","20","25","40","186","C1836653"
"3459","2","5","7","53","184","119","156","287","116","C1836653"
"1559","2","3","5","91","214","226","11","348","172","C1836653"
"9897","2","3","12","76","18","75","38","1","212","C1836653"
"3251","2","3","4","68","96","326","427","341","150","C1836653"
"84343","2","5","7","60","18","184","341","544","669","C1836653"
"5373","2","3","2","90","167","123","158","207","278","C1836653"
"10038","2","3","12","19","31","261","116","1","86","C1836653"
"1302","2","5","7","53","51","342","454","573","492","C1836674"
"2324","2","5","7","53","14","20","25","40","186","C1836674"
"54790","2","3","12","19","31","1","426","55","78","C1836678"
"7140","2","5","8","63","45","23","103","464","187","C1836678"
"4157","2","5","4","68","96","326","427","548","672","C1836678"
"2177","2","3","2","110","90","261","431","545","443","C1836688"
"241","2","5","5","34","52","216","395","549","229","C1836688"
"2563","2","5","8","27","70","99","162","216","290","C1836688"
"4313","2","5","7","53","51","342","454","573","492","C1836688"
"23534","2","3","2","22","33","323","66","101","136","C1836688"
"4541","2","3","2","48","170","50","119","444","24","C1836688"
"3766","2","5","8","63","36","166","106","110","158","C1836688"
"593","2","3","2","67","92","293","55","75","311","C1836696"
"1499","2","3","12","19","221","197","259","560","422","C1836696"
"875","2","3","5","80","137","44","21","451","316","C1836696"
"3949","2","5","7","60","14","184","341","544","669","C1836696"
"1080","2","3","12","41","219","339","156","544","669","C1836696"
"5314","2","3","12","76","153","40","38","54","75","C1836696"
"6775","2","5","7","53","14","119","25","40","186","C1836696"
"5728","2","3","5","80","81","339","156","568","605","C1836696"
"5314","2","3","12","76","153","40","38","54","75","C1836696"
"6662","2","3","3","19","221","321","428","541","667","C1836696"
"55624","2","3","2","78","123","194","255","215","412","C1836729"
"2162","2","5","7","53","51","342","454","573","702","C1836729"
"112398","2","3","12","41","116","268","434","568","605","C1836729"
"1184","2","5","8","63","45","23","34","464","187","C1836729"
"1440","2","5","7","53","51","119","25","489","416","C1836729"
"1938","2","3","7","34","52","216","395","549","671","C1836729"
"1301","2","5","7","53","51","342","454","573","492","C1836736"
"5015","2","3","3","19","221","321","428","541","667","C1836736"
"3945","2","3","2","62","137","76","136","212","286","C1836736"
"6335","2","5","8","63","36","166","341","390","158","C1836736"
"26191","2","5","7","53","14","20","25","40","186","C1836736"
"84634","2","5","4","68","96","326","427","548","672","C1836737"
"7287","2","5","7","11","142","71","341","560","219","C1836737"
"9896","2","3","5","80","81","296","399","201","274","C1836737"
"2147","2","5","7","68","51","342","454","573","492","C1836737"
"5244","2","3","3","41","151","276","91","433","118","C1836737"
"8878","2","3","12","41","219","339","156","568","697","C1836742"
"10718","2","5","7","53","14","20","25","40","186","C1836742"
"4593","2","5","7","53","14","20","454","573","492","C1836743"
"5339","2","5","7","53","51","342","454","573","492","C1836743"
"2719","2","5","7","53","51","342","454","573","492","C1836767"
"635","2","3","8","45","94","199","240","415","666","C1836767"
"2218","2","5","2","53","123","194","255","560","373","C1836767"
"2263","2","5","7","53","14","20","25","40","186","C1836842"
"11284","2","3","12","19","31","261","116","1","86","C1836842"
"10484","2","3","7","60","153","40","38","54","203","C1836842"
"5122","2","5","4","27","36","184","141","359","411","C1836842"
"9049","2","3","3","41","151","276","378","271","356","C1836851"
"1947","2","5","7","53","51","20","25","560","373","C1836851"
"5333","2","3","5","18","16","40","417","103","58","C1836851"
"1644","2","3","2","88","79","239","333","258","345","C1836852"
"29893","2","3","12","19","31","1","426","55","78","C1836852"
"7422","2","5","7","53","51","342","454","573","702","C1836852"
"825","2","5","7","53","51","342","454","573","492","C1836852"
"1028","2","3","12","19","31","1","116","1","86","C1836852"
"3106","2","5","7","34","52","119","395","549","674","C1836855"
"5351","2","5","7","53","51","342","454","573","492","C1836855"
"4646","2","3","12","41","45","184","103","572","658","C1836855"
"9968","2","4","3","24","119","330","214","454","144","C1836855"
"675","2","3","12","19","31","261","116","1","86","C1836855"
"2239","2","3","2","74","51","342","454","573","492","C1836855"
"324","2","3","12","41","219","197","70","255","422","C1836855"
"54101","2","3","2","48","170","50","347","167","593","C1836855"
"4204","2","3","12","19","31","1","426","55","78","C1836868"
"7043","2","5","7","53","51","342","454","573","492","C1836868"
"8945","2","3","12","41","116","268","434","468","213","C1836923"
"5189","2","3","5","43","161","305","409","208","482","C1836923"
"9217","2","3","2","50","47","39","100","321","255","C1836923"
"10847","2","3","12","19","31","1","426","55","78","C1836923"
"5885","2","3","12","76","153","40","38","54","75","C1836923"
"3990","2","3","5","26","35","178","9","414","220","C1836926"
"1855","2","5","12","76","153","197","259","560","422","C1836926"
"3483","2","5","7","53","51","342","454","573","492","C1836926"
"10555","2","3","7","34","52","216","395","549","622","C1836926"
"9215","2","5","2","27","36","150","430","215","628","C1836926"
"9247","2","5","7","53","221","197","259","423","389","C1836926"
"7490","2","3","3","19","221","321","428","541","667","C1836926"
"1182","2","5","8","63","45","23","34","464","187","C1836926"
"2316","2","5","7","53","51","342","454","573","702","C1836926"
"23363","2","3","12","41","116","268","434","468","213","C1836926"
"1593","2","3","5","79","152","273","157","333","277","C1836926"
"1761","2","3","3","19","221","321","428","541","667","C1836926"
"4854","2","5","7","53","51","143","428","236","667","C1836940"
"5476","2","3","7","34","52","216","395","152","310","C1836940"
"2006","2","5","7","53","51","342","454","573","492","C1836940"
"5116","2","3","12","76","153","40","38","54","75","C1836940"
"2720","2","3","7","34","52","216","395","21","599","C1836940"
"9896","2","3","5","80","81","296","399","201","274","C1836940"
"3110","2","3","3","19","221","321","428","541","667","C1836940"
"8815","2","3","12","22","33","323","66","444","664","C1836940"
"7169","2","5","8","63","45","23","103","464","187","C1836940"
"25836","2","3","12","76","153","40","38","54","75","C1836940"
"2146","2","3","12","19","31","1","426","55","78","C1836940"
"4860","2","3","7","34","52","216","395","549","150","C1836940"
"547","2","3","7","76","153","40","38","54","75","C1836940"
"4352","2","5","7","53","14","20","25","40","186","C1836940"
"50717","2","3","12","41","116","268","434","468","213","C1836940"
"54101","2","3","2","48","170","50","347","167","593","C1836940"
"3549","2","5","3","53","51","197","259","560","422","C1836940"
"182","2","5","7","53","51","143","428","236","667","C1836940"
"2317","2","5","7","63","45","23","103","287","664","C1836940"
"4137","2","3","7","27","36","150","341","223","628","C1836940"
"7486","2","3","12","19","31","261","116","1","86","C1836940"
"3309","2","3","12","41","219","342","347","271","702","C1836940"
"652","2","5","7","53","51","342","454","573","492","C1836940"
"3195","2","3","3","19","221","321","428","541","667","C1836940"
"3730","2","5","7","53","14","20","25","40","186","C1836940"
"22995","2","3","12","76","153","40","38","54","75","C1836940"
"658","2","5","7","53","51","342","259","423","389","C1836940"
"11107","2","3","12","19","31","1","426","55","78","C1836940"
"8813","2","3","2","48","116","142","136","280","363","C1836940"
"5130","2","3","2","85","143","286","51","488","102","C1836940"
"5830","2","3","5","43","161","305","409","208","482","C1836996"
"10367","2","3","2","48","170","50","119","444","593","C1836996"
"9255","2","3","2","110","85","237","433","547","154","C1836996"
"5034","2","5","7","53","51","342","454","573","492","C1836996"
"8260","2","3","12","41","85","266","76","287","78","C1836996"
"4141","2","3","2","110","85","237","433","547","154","C1836996"
"538","2","3","8","63","45","23","103","464","187","C1836996"
"10683","2","5","7","53","51","143","428","560","667","C1836996"
"2200","2","5","7","53","51","342","454","573","492","C1836996"
"2733","2","3","2","22","33","323","66","101","664","C1836996"
"5913","2","5","7","27","36","71","341","223","219","C1836996"
"435","2","3","8","84","97","167","210","278","360","C1837014"
"3981","2","3","12","19","31","261","116","1","86","C1837014"
"1513","2","5","7","53","51","342","454","573","492","C1837028"
"3930","2","3","2","22","33","323","66","3","464","C1837028"
"664","2","3","12","41","219","339","402","489","551","C1837028"
"2796","2","5","4","68","96","326","427","548","672","C1837028"
"2261","2","5","7","53","14","20","25","40","186","C1837028"
"5627","2","5","7","53","51","342","454","573","702","C1837066"
"3984","2","5","7","53","14","20","34","540","68","C1837066"
"3954","2","3","2","48","170","67","119","444","593","C1837066"
"10653","2","5","7","68","51","114","162","321","475","C1837066"
"1138","2","5","8","27","70","99","162","216","290","C1837066"
"5420","2","5","7","34","52","342","454","64","492","C1837066"
"3418","2","3","2","67","151","276","33","48","155","C1837066"
"3845","2","5","7","60","54","24","30","46","72","C1837066"
"5468","2","3","3","19","151","276","91","433","118","C1837066"
"859","2","5","8","63","45","23","103","464","187","C1837066"
"4535","2","3","2","48","170","50","119","444","556","C1837066"
"2512","2","3","7","34","52","216","395","544","358","C1837066"
"34","2","3","2","19","151","276","91","433","118","C1837066"
"7157","2","3","12","19","31","261","402","489","551","C1837066"
"5116","2","3","12","76","153","40","38","54","75","C1837066"
"23405","2","3","2","22","33","323","66","146","194","C1837078"
"4638","2","5","7","53","45","23","103","464","187","C1837078"
"774","2","5","8","63","36","166","341","390","158","C1837078"
"11322","2","5","7","34","52","216","395","549","674","C1837081"
"9469","2","3","2","103","189","303","29","475","467","C1837081"
"1828","2","5","7","34","52","216","142","220","298","C1837081"
"1956","2","5","7","53","14","184","45","544","669","C1837081"
"546","2","3","12","19","31","261","426","1","86","C1837081"
"54903","2","3","12","76","153","40","38","54","75","C1837081"
"8792","2","3","12","41","219","339","156","568","697","C1837081"
"4853","2","3","12","19","124","143","428","236","667","C1837081"
"4318","2","5","7","34","52","216","395","573","492","C1837081"
"27247","2","3","2","48","170","50","119","100","556","C1837081"
"3973","2","5","4","68","96","326","427","548","672","C1837081"
"28234","2","5","8","35","41","77","40","57","80","C1837081"
"2138","2","3","12","19","31","1","426","55","78","C1837081"
"8626","2","3","3","19","221","321","428","541","667","C1837081"
"3265","2","5","7","60","54","24","30","46","72","C1837081"
"7490","2","3","3","19","221","321","428","541","667","C1837081"
"5189","2","3","5","43","161","305","409","208","482","C1837081"
"2697","2","3","7","76","153","40","38","54","75","C1837081"
"6678","2","5","7","53","51","342","454","573","492","C1837081"
"51422","2","3","2","48","57","110","141","359","462","C1837082"
"1674","2","5","8","63","45","23","103","464","187","C1837082"
"3815","2","5","7","53","14","20","25","40","186","C1837082"
"7468","2","3","12","19","31","1","426","55","78","C1837082"
"1836","2","3","2","35","41","94","260","330","375","C1837082"
"3084","2","5","7","53","14","20","25","40","186","C1837082"
"23126","2","3","12","19","31","276","426","55","78","C1837082"
"4193","2","3","12","19","31","1","116","89","605","C1837082"
"1030","2","3","12","19","31","1","426","55","78","C1837082"
"1028","2","3","12","19","31","1","116","1","86","C1837082"
"6662","2","3","3","19","221","321","428","541","667","C1837087"
"5961","2","5","7","27","51","326","126","414","702","C1837087"
"5015","2","3","3","19","221","321","428","541","667","C1837087"
"54658","2","3","2","78","205","207","67","355","138","C1837087"
"22930","2","5","7","60","54","24","30","46","72","C1837087"
"4843","2","3","5","43","161","305","409","489","416","C1837087"
"1896","2","5","12","41","219","339","156","568","697","C1837087"
"7450","2","5","7","53","51","342","454","573","492","C1837087"
"3123","2","5","7","53","51","119","156","287","116","C1837087"
"23522","2","3","12","19","31","1","426","55","78","C1837087"
"28952","2","3","12","41","116","268","434","468","213","C1837087"
"10743","2","3","3","19","151","276","91","433","118","C1837087"
"25782","2","5","7","60","54","24","30","46","72","C1837087"
"8820","2","3","3","19","221","321","428","541","667","C1837087"
"5034","2","5","7","53","51","342","454","573","492","C1837087"
"3030","2","3","2","48","57","339","44","65","31","C1837087"
"1244","2","3","12","41","116","268","423","536","445","C1837091"
"55670","2","3","5","43","161","305","409","208","482","C1837091"
"3953","2","5","7","53","14","20","25","40","186","C1837091"
"25959","2","3","3","19","151","276","91","433","118","C1837091"
"9939","2","3","2","22","33","323","66","101","136","C1837098"
"54101","2","3","2","48","170","50","347","167","593","C1837098"
"3914","2","5","7","53","51","342","454","573","492","C1837098"
"6439","2","5","5","68","96","185","238","310","272","C1837098"
"1482","2","3","3","19","221","321","428","541","667","C1837098"
"7507","2","3","12","19","31","261","116","1","86","C1837098"
"4311","2","5","7","34","52","216","395","549","674","C1837098"
"2316","2","5","7","53","51","342","454","573","702","C1837098"
"3845","2","5","7","60","54","24","30","46","72","C1837098"
"2878","2","3","5","80","81","110","378","173","229","C1837098"
"4548","2","3","2","15","85","105","139","186","245","C1837098"
"7167","2","3","2","90","167","266","367","500","577","C1837098"
"11154","2","5","7","60","18","184","341","544","669","C1837098"
"10195","2","3","2","48","69","99","162","216","290","C1837098"
"5792","2","5","7","53","51","335","444","560","373","C1837098"
"3748","2","5","8","63","36","166","106","110","158","C1837098"
"27030","2","3","12","19","31","1","426","55","78","C1837098"
"10752","2","5","7","53","51","335","444","560","373","C1837098"
"3702","2","5","7","53","14","20","25","40","186","C1837108"
"2261","2","5","7","53","14","20","25","40","186","C1837108"
"6326","2","5","8","63","36","166","341","390","158","C1837108"
"4747","2","5","7","27","36","150","341","223","628","C1837108"
"8626","2","3","3","19","221","321","428","541","667","C1837108"
"3845","2","5","7","60","54","24","30","46","72","C1837108"
"6938","2","3","12","19","31","1","426","55","78","C1837108"
"672","2","3","12","19","31","261","116","1","86","C1837108"
"26160","2","3","12","76","153","40","38","54","75","C1837108"
"5251","2","3","5","80","81","296","474","593","722","C1837108"
"5663","2","5","7","34","52","216","395","549","667","C1837108"
"4703","2","5","7","60","45","23","103","464","187","C1837108"
"2520","2","5","4","68","96","326","427","548","672","C1837108"
"6197","2","3","12","19","14","20","34","540","68","C1837108"
"3026","2","5","7","68","51","119","395","549","674","C1837108"
"8214","2","3","6","11","142","225","142","220","298","C1837108"
"1910","2","5","4","68","96","326","427","548","672","C1837108"
"3123","2","5","7","53","51","119","156","287","116","C1837108"
"1145","2","5","8","27","70","99","162","216","290","C1837108"
"4693","2","5","7","53","51","342","454","573","492","C1837108"
"8822","2","5","7","53","14","20","25","40","186","C1837108"
"3663","2","3","12","53","184","119","156","287","116","C1837108"
"27031","2","3","6","11","142","225","38","331","506","C1837108"
"7015","2","3","12","19","31","1","426","55","78","C1837108"
"2705","2","3","12","76","153","40","38","54","75","C1837108"
"2263","2","5","7","53","14","20","25","40","186","C1837108"
"8792","2","3","12","41","219","339","156","568","697","C1837108"
"9031","2","3","12","19","31","1","426","55","78","C1837108"
"5832","2","3","2","101","62","189","182","509","252","C1837108"
"3872","2","1","6","11","142","225","142","220","298","C1837122"
"10060","2","3","8","41","45","23","423","464","445","C1837122"
"22930","2","5","7","60","54","24","30","46","72","C1837122"
"9487","2","3","5","80","81","142","176","235","317","C1837142"
"2629","2","3","5","80","81","250","291","152","420","C1837142"
"9657","2","3","12","76","153","40","38","54","75","C1837142"
"54345","2","5","3","19","221","321","428","541","667","C1837142"
"7415","2","3","7","34","52","216","395","536","445","C1837142"
"2266","2","5","7","53","51","342","454","573","492","C1837142"
"29925","2","3","2","68","66","123","158","207","278","C1837142"
"5551","2","5","7","53","51","119","395","549","674","C1837142"
"5663","2","5","7","34","52","216","395","549","667","C1837142"
"9895","2","3","2","48","57","110","141","359","462","C1837142"
"5445","2","3","5","80","147","236","328","411","229","C1837142"
"538","2","3","8","63","45","23","103","464","187","C1837142"
"658","2","5","7","53","51","342","259","423","389","C1837142"
"55214","2","5","7","53","51","342","454","573","492","C1837142"
"8260","2","3","12","41","85","266","76","287","78","C1837142"
"706","2","3","5","48","170","273","119","100","589","C1837142"
"6331","2","5","8","63","36","166","341","223","158","C1837142"
"5728","2","3","5","80","81","339","156","568","605","C1837142"
"7849","2","3","3","19","221","321","428","541","667","C1837229"
"8625","2","3","12","19","31","276","91","236","118","C1837229"
"5897","2","3","12","41","116","268","141","568","605","C1837229"
"5781","2","5","7","53","14","20","25","40","186","C1837229"
"54880","2","3","12","19","31","1","426","55","78","C1837229"
"2132","2","3","2","74","58","112","148","193","263","C1837246"
"3592","2","5","7","53","51","119","25","489","416","C1837246"
"5605","2","5","7","53","14","20","34","540","68","C1837249"
"2263","2","5","7","53","14","20","25","40","186","C1837249"
"9096","2","5","7","53","51","335","259","560","373","C1837249"
"1312","2","3","2","87","79","105","426","129","25","C1837249"
"6231","2","3","2","110","85","237","433","547","671","C1837249"
"2629","2","3","5","80","81","250","291","152","420","C1837249"
"8195","2","3","12","76","153","76","38","54","75","C1837249"
"6390","2","3","2","48","170","50","119","444","556","C1837249"
"6774","2","3","12","53","14","276","25","489","416","C1837249"
"658","2","5","7","53","51","342","259","423","389","C1837249"
"27019","2","3","12","76","153","40","38","54","75","C1837249"
"5351","2","5","7","53","51","342","454","573","492","C1837249"
"7048","2","5","7","53","51","342","259","423","389","C1837249"
"8813","2","3","2","48","116","142","136","280","363","C1837249"
"6197","2","3","12","19","14","20","34","540","68","C1837249"
"60","2","3","12","60","45","184","155","287","78","C1837249"
"779","2","5","8","63","36","166","341","390","158","C1837249"
"6514","2","5","7","90","216","337","448","565","562","C1837249"
"472","2","3","12","19","31","261","116","1","86","C1837249"
"30835","2","5","7","53","51","119","395","549","674","C1837249"
"6473","2","3","3","19","221","321","428","541","667","C1837249"
"1499","2","3","12","19","221","197","259","560","422","C1837249"
"1593","2","3","5","79","152","273","157","333","277","C1837249"
"558","2","5","7","53","14","20","25","40","186","C1837249"
"5192","2","3","5","43","161","305","409","208","482","C1837249"
"10491","2","5","7","53","51","342","454","573","492","C1837249"
"1355","2","3","2","48","170","50","119","444","556","C1837249"
"2146","2","3","12","19","31","1","426","55","78","C1837249"
"6310","2","3","12","22","142","225","366","362","468","C1837249"
"5077","2","3","3","19","221","321","428","541","667","C1837249"
"6011","2","5","7","53","14","20","34","540","68","C1837249"
"55612","2","5","7","60","36","71","177","560","701","C1837251"
"859","2","5","8","63","45","23","103","464","187","C1837251"
"3630","2","5","7","53","14","20","25","40","186","C1837256"
"10269","2","3","2","48","182","50","119","444","556","C1837256"
"2517","2","3","7","34","52","216","395","549","674","C1837256"
"5649","2","5","7","53","51","342","444","560","373","C1837256"
"2200","2","5","7","53","51","342","454","573","492","C1837279"
"5296","2","5","7","53","14","20","25","40","186","C1837279"
"2719","2","5","7","53","51","342","454","573","492","C1837279"
"4210","2","3","12","41","219","339","156","568","697","C1837279"
"10019","2","5","7","53","14","20","25","40","116","C1837279"
"5447","2","3","5","91","214","271","372","471","586","C1837279"
"30","2","3","7","34","52","216","395","208","482","C1837279"
"8216","2","3","12","41","119","330","214","454","144","C1837279"
"2316","2","5","7","53","51","342","454","573","702","C1837279"
"6297","2","3","12","41","116","266","402","489","416","C1837279"
"53834","2","5","7","53","51","342","454","573","492","C1837279"
"6352","2","5","4","68","96","326","427","548","672","C1837279"
"7994","2","3","12","19","31","1","426","55","78","C1837279"
"54880","2","3","12","19","31","1","426","55","78","C1837279"
"1910","2","5","4","68","96","326","427","548","672","C1837279"
"26580","2","5","8","27","70","99","162","216","290","C1837279"
"2677","2","5","7","53","51","342","454","573","492","C1837279"
"3764","2","5","8","63","36","166","106","110","158","C1837279"
"4901","2","5","3","19","151","276","91","433","673","C1837279"
"3561","2","5","7","53","14","20","25","40","186","C1837279"
"4726","2","3","2","48","170","50","119","444","556","C1837279"
"6338","2","5","8","63","45","23","34","464","187","C1837279"
"3815","2","5","7","53","14","20","25","40","186","C1837323"
"23636","2","3","12","22","33","323","66","101","664","C1837323"
"355","2","3","7","41","219","339","156","568","697","C1837388"
"3636","2","3","5","80","14","20","25","40","186","C1837388"
"23189","2","3","12","19","31","1","426","55","78","C1837388"
"2260","2","5","7","53","14","20","25","40","186","C1837388"
"54716","2","5","8","45","94","199","240","415","666","C1837388"
"5728","2","3","5","80","81","339","156","568","605","C1837388"
"10312","2","3","7","34","52","216","395","549","674","C1837388"
"1827","2","5","7","63","45","23","402","518","621","C1837388"
"3356","2","5","4","68","96","326","427","548","672","C1837388"
"644096","2","3","2","48","170","50","119","167","556","C1837388"
"51025","2","3","2","48","170","50","304","167","593","C1837388"
"1301","2","5","7","53","51","342","454","573","492","C1837388"
"778","2","5","8","63","36","166","341","223","158","C1837388"
"22931","2","5","7","34","54","24","30","46","72","C1837388"
"1909","2","5","4","68","96","326","427","548","672","C1837388"
"1967","2","3","2","110","85","237","433","547","671","C1837388"
"9531","2","3","12","41","219","339","347","271","356","C1837388"
"2934","2","5","7","34","52","216","395","549","674","C1837388"
"1910","2","5","4","68","96","326","427","548","672","C1837388"
"22995","2","3","12","76","153","40","38","54","75","C1837388"
"1499","2","3","12","19","221","197","259","560","422","C1837402"
"58","2","5","8","63","45","23","103","464","187","C1837402"
"4247","2","3","2","68","67","320","98","180","279","C1837402"
"1311","2","5","7","53","51","342","454","573","492","C1837402"
"1175","2","5","7","60","14","184","341","544","669","C1837402"
"5566","2","3","12","76","14","20","34","540","75","C1837402"
"11280","2","5","8","63","36","166","341","390","158","C1837402"
"5744","2","5","4","68","96","326","427","548","672","C1837402"
"5290","2","3","7","53","14","20","25","40","186","C1837402"
"2261","2","5","7","53","14","20","25","40","186","C1837402"
"2623","2","3","12","19","31","1","155","287","116","C1837402"
"355","2","3","7","41","219","339","156","568","697","C1837402"
"5396","2","3","3","19","221","321","428","541","667","C1837402"
"9469","2","3","2","103","189","303","29","475","467","C1837402"
"10577","2","5","7","34","52","216","395","549","674","C1837402"
"367","2","3","12","19","31","276","91","433","118","C1837402"
"2626","2","3","12","19","31","118","155","287","116","C1837402"
"1285","2","5","7","53","51","342","454","573","492","C1837402"
"23495","2","3","12","41","219","339","156","568","697","C1837402"
"2710","2","3","2","72","43","179","88","125","382","C1837402"
"1811","2","5","8","35","41","199","40","415","666","C1837402"
"10083","2","5","7","42","36","71","177","223","219","C1837402"
"27315","2","5","6","34","52","225","142","220","298","C1837402"
"11277","2","3","12","19","31","261","116","1","86","C1837402"
"7415","2","3","7","34","52","216","395","536","445","C1837402"
"2178","2","3","12","19","31","261","116","1","86","C1837402"
"1261","2","5","8","63","36","166","106","110","158","C1837404"
"5193","2","3","5","43","161","305","409","208","482","C1837404"
"10528","2","3","2","110","85","237","433","547","671","C1837404"
"10342","2","3","7","60","219","40","202","66","203","C1837404"
"8626","2","3","3","19","221","321","428","541","667","C1837404"
"5020","2","5","4","68","96","326","427","548","672","C1837404"
"2138","2","3","12","19","31","1","426","55","78","C1837404"
"959","2","5","7","53","51","119","395","549","674","C1837404"
"23094","2","5","7","42","36","71","177","223","219","C1837404"
"23093","2","3","12","76","153","40","38","54","75","C1837404"
"2645","2","3","2","90","167","266","367","101","664","C1837404"
"5979","2","5","7","53","14","20","25","40","186","C1837404"
"8200","2","5","7","53","51","342","259","423","389","C1837404"
"8214","2","3","6","11","142","225","142","220","298","C1837404"
"6913","2","3","3","19","221","321","428","541","667","C1837404"
"4729","2","3","2","48","170","50","119","444","556","C1837404"
"54433","2","3","2","110","85","237","433","547","671","C1837404"
"7080","2","3","3","19","221","321","428","541","667","C1837404"
"29893","2","3","12","19","31","1","426","55","78","C1837404"
"1544","2","3","5","91","214","271","372","471","586","C1837404"
"5251","2","3","5","80","81","296","474","593","722","C1837404"
"4292","2","3","12","19","31","261","116","1","86","C1837404"
"3764","2","5","8","63","36","166","106","110","158","C1837404"
"5443","2","5","4","68","96","326","427","548","672","C1837404"
"2811","2","5","7","53","51","1","454","573","78","C1837404"
"5979","2","5","7","53","14","20","25","40","186","C1837404"
"2098","2","3","5","91","175","271","372","471","586","C1837404"
"275","2","3","5","106","104","214","70","377","488","C1837404"
"2261","2","5","7","53","14","20","25","40","186","C1837404"
"1815","2","5","4","68","96","326","427","548","672","C1837404"
"1161","2","3","12","41","116","268","434","468","213","C1837404"
"6521","2","5","8","35","41","199","40","415","666","C1837404"
"51592","2","3","12","19","31","1","259","423","389","C1837406"
"1062","2","3","12","76","153","40","38","54","75","C1837406"
"11200","2","3","12","19","31","261","116","1","86","C1837406"
"2322","2","5","7","53","14","20","25","40","186","C1837407"
"3953","2","5","7","53","14","20","25","40","186","C1837407"
"11041","2","3","2","27","36","150","341","223","628","C1837407"
"7846","2","3","12","76","153","40","38","54","75","C1837407"
"2245","2","5","7","60","54","24","30","46","72","C1837407"
"1788","2","3","12","19","31","1","426","55","78","C1837407"
"5156","2","5","7","53","14","20","25","40","186","C1837407"
"2625","2","3","12","19","31","339","155","287","116","C1837407"
"7076","2","5","7","53","51","342","454","573","492","C1837407"
"5805","2","3","2","43","91","75","204","267","352","C1837458"
"3000","2","5","4","68","96","326","427","548","672","C1837458"
"204","2","3","4","72","109","182","235","307","506","C1837458"
"7879","2","5","7","34","54","24","30","46","72","C1837458"
"2705","2","3","12","76","153","40","38","54","75","C1837458"
"4322","2","5","7","53","51","342","454","573","492","C1837458"
"4846","2","3","5","41","219","75","243","44","64","C1837458"
"9419","2","5","7","60","36","71","341","223","219","C1837458"
"3984","2","5","7","53","14","20","34","540","68","C1837458"
"5076","2","3","3","19","221","321","428","541","667","C1837458"
"9215","2","5","2","27","36","150","430","215","628","C1837458"
"27316","2","3","2","22","33","323","66","101","136","C1837458"
"857","2","5","7","53","45","23","57","83","422","C1837458"
"8322","2","5","3","68","221","184","259","544","669","C1837482"
"4625","2","3","8","63","45","23","103","464","187","C1837482"
"9215","2","5","2","27","36","150","430","215","628","C1837482"
"10815","2","5","7","60","36","71","341","223","666","C1837482"
"23096","2","5","7","60","54","24","30","46","72","C1837482"
"2263","2","5","7","53","14","20","25","40","186","C1837482"
"5422","2","3","12","19","31","261","116","1","86","C1837482"
"6598","2","3","12","19","31","1","426","55","78","C1837482"
"5327","2","5","7","53","51","342","454","573","492","C1837482"
"3425","2","3","5","80","81","166","454","573","492","C1837482"
"10262","2","3","2","22","33","323","66","101","136","C1837482"
"2512","2","3","7","34","52","216","395","544","358","C1837482"
"7283","2","3","12","76","153","40","38","54","75","C1837482"
"55636","2","3","3","19","221","321","428","423","389","C1837482"
"5831","2","3","2","101","62","189","182","566","409","C1837483"
"1786","2","3","12","19","31","1","426","55","78","C1837483"
"51025","2","3","2","48","170","50","304","167","593","C1837483"
"10617","2","3","12","48","57","110","141","359","462","C1837483"
"2074","2","3","12","19","31","1","426","55","78","C1837483"
"613","2","5","7","60","54","24","30","46","72","C1837485"
"5450","2","3","12","19","221","261","116","159","211","C1837485"
"4594","2","3","7","48","92","261","116","186","245","C1837485"
"5994","2","3","12","19","31","276","91","491","118","C1837485"
"7078","2","5","7","53","51","342","454","573","702","C1837485"
"54463","2","3","2","48","57","110","141","359","462","C1837485"
"2736","2","3","12","41","116","321","428","54","667","C1837485"
"3868","2","1","6","11","142","225","142","220","298","C1837485"
"26580","2","5","8","27","70","99","162","216","290","C1837485"
"51360","2","3","3","26","35","276","91","433","203","C1837485"
"401","2","3","3","19","221","321","428","541","667","C1837496"
"2697","2","3","7","76","153","40","38","54","75","C1837496"
"6663","2","3","3","19","221","321","428","541","667","C1837496"
"2760","2","3","7","34","52","216","395","549","674","C1837496"
"7879","2","5","7","34","54","24","30","46","72","C1837496"
"5360","2","5","5","34","51","342","454","549","492","C1837496"
"5130","2","3","2","85","143","286","51","488","102","C1837496"
"3845","2","5","7","60","54","24","30","46","72","C1837512"
"2184","2","3","5","76","153","138","236","332","407","C1837512"
"10661","2","3","12","19","31","1","426","55","78","C1837522"
"54209","2","5","7","53","51","119","395","549","674","C1837522"
"9241","2","5","7","53","51","342","259","423","389","C1837522"
"6899","2","5","7","53","184","335","259","560","373","C1837522"
"6664","2","3","3","19","221","321","428","541","667","C1837522"
"55112","2","3","12","76","153","40","38","54","75","C1837522"
"2668","2","5","7","53","14","20","25","40","186","C1837522"
"3889","2","1","6","11","142","225","142","220","298","C1837522"
"5274","2","5","7","68","51","342","454","573","492","C1837522"
"55975","2","3","12","41","116","36","43","63","664","C1837522"
"355","2","3","7","41","219","339","156","568","697","C1837522"
"367","2","3","12","19","31","276","91","433","118","C1837522"
"3425","2","3","5","80","81","166","454","573","492","C1837522"
"154064","2","5","5","27","51","335","444","560","373","C1837522"
"7140","2","5","8","63","45","23","103","464","187","C1837522"
"25782","2","5","7","60","54","24","30","46","72","C1837522"
"5320","2","3","5","116","183","295","398","243","561","C1837522"
"1073","2","3","8","63","45","184","103","572","658","C1837522"
"2261","2","5","7","53","14","20","25","40","186","C1837532"
"604","2","3","12","19","151","276","91","489","416","C1837532"
"7507","2","3","12","19","31","261","116","1","86","C1837532"
"9627","2","3","12","19","31","1","426","55","78","C1837532"
"7043","2","5","7","53","51","342","454","573","492","C1837532"
"5626","2","3","3","19","221","321","428","541","667","C1837602"
"4842","2","3","5","63","45","71","177","464","219","C1837602"
"4644","2","5","7","60","54","184","141","359","411","C1837602"
"5445","2","3","5","80","147","236","328","411","229","C1837602"
"7468","2","3","12","19","31","1","426","55","78","C1837602"
"29072","2","3","12","19","31","1","426","55","78","C1837603"
"1836","2","3","2","35","41","94","260","330","375","C1837603"
"2316","2","5","7","53","51","342","454","573","702","C1837603"
"9215","2","5","2","27","36","150","430","215","628","C1837603"
"85366","2","5","7","41","14","20","34","540","68","C1837639"
"3172","2","3","3","19","151","276","91","433","118","C1837639"
"2033","2","3","12","19","31","1","91","433","118","C1837658"
"2260","2","5","7","53","14","20","25","40","186","C1837658"
"6868","2","5","7","53","51","342","454","236","492","C1837658"
"9150","2","3","12","19","31","261","116","159","211","C1837658"
"5663","2","5","7","34","52","216","395","549","667","C1837658"
"5073","2","3","2","110","85","323","433","146","194","C1837658"
"627","2","5","7","53","51","335","444","423","373","C1837658"
"5728","2","3","5","80","81","339","156","568","605","C1837658"
"2243","2","5","7","53","51","342","454","573","492","C1837658"
"4728","2","3","2","48","170","50","119","444","556","C1837658"
"22954","2","3","12","41","116","268","434","468","213","C1837658"
"1528","2","3","5","91","214","271","372","471","586","C1837658"
"51594","2","3","7","76","153","40","38","54","75","C1837658"
"4803","2","5","7","60","54","24","30","46","72","C1837658"
"6736","2","3","12","19","31","276","91","433","667","C1837658"
"2155","2","5","7","53","51","119","454","549","674","C1837658"
"1261","2","5","8","63","36","166","106","110","158","C1837658"
"7124","2","3","12","41","219","339","156","568","697","C1837658"
"23193","2","3","2","41","116","178","423","536","342","C1837658"
"51816","2","5","7","34","52","216","395","549","674","C1837658"
"3702","2","5","7","53","14","20","25","40","186","C1837658"
"55112","2","3","12","76","153","40","38","54","75","C1837670"
"5354","2","5","7","27","36","150","341","223","628","C1837670"
"3239","2","3","3","19","221","321","428","541","667","C1837731"
"641","2","3","12","19","31","261","116","1","86","C1837731"
"1146","2","5","8","27","70","99","162","216","290","C1837731"
"2263","2","5","7","53","14","20","25","40","186","C1837731"
"25942","2","3","12","19","31","1","426","55","78","C1837731"
"5962","2","5","7","60","36","71","378","64","436","C1837731"
"25923","2","3","2","48","184","50","119","444","116","C1837731"
"55605","2","3","12","76","153","40","38","54","75","C1837731"
"5994","2","3","12","19","31","276","91","491","118","C1837731"
"5192","2","3","5","43","161","305","409","208","482","C1837731"
"2903","2","5","7","53","14","20","25","223","219","C1837731"
"7941","2","3","5","7","218","338","450","567","696","C1837731"
"7038","2","5","7","60","18","184","98","66","203","C1837731"
"1028","2","3","12","19","31","1","116","1","86","C1837731"
"5189","2","3","5","43","161","305","409","208","482","C1837731"
"3239","2","3","3","19","221","321","428","541","667","C1837731"
"5744","2","5","4","68","96","326","427","548","672","C1837731"
"81494","2","5","6","53","51","119","395","549","673","C1837731"
"5009","2","3","2","48","97","50","304","167","593","C1837731"
"10269","2","3","2","48","182","50","119","444","556","C1837731"
"8216","2","3","12","41","119","330","214","454","144","C1837731"
"5978","2","3","12","19","31","1","426","55","78","C1837731"
"6697","2","3","2","69","91","75","204","267","352","C1837731"
"203286","2","5","7","50","30","193","306","148","624","C1837731"
"7124","2","3","12","41","219","339","156","568","697","C1837732"
"8842","2","5","5","53","82","147","184","179","328","C1837732"
"3955","2","5","8","89","124","143","428","236","667","C1837732"
"22948","2","3","12","76","137","76","136","472","435","C1837732"
"6469","2","5","3","53","221","197","259","560","422","C1837732"
"374569","2","3","5","80","81","189","182","509","409","C1837732"
"59","2","5","8","63","45","23","103","464","187","C1837732"
"27031","2","3","6","11","142","225","38","331","506","C1837732"
"207","2","3","7","53","14","20","34","489","416","C1837732"
"8831","2","5","7","60","54","24","30","46","72","C1837732"
"2492","2","5","4","68","96","326","427","548","672","C1837732"
"4763","2","5","7","60","54","24","30","46","214","C1837732"
"9382","2","5","7","60","153","40","38","66","203","C1837732"
"6165","2","3","2","110","85","237","433","547","671","C1837732"
"5831","2","3","2","101","62","189","182","566","409","C1837732"
"1298","2","5","7","53","51","342","454","573","492","C1837757"
"3630","2","5","7","53","14","20","25","40","186","C1837757"
"4784","2","3","2","22","33","261","116","159","211","C1837757"
"2324","2","5","7","53","14","20","25","40","186","C1837758"
"3480","2","5","7","53","14","20","25","40","186","C1837758"
"3872","2","1","6","11","142","225","142","220","298","C1837758"
"3039","2","3","5","35","41","118","155","287","116","C1837758"
"3764","2","5","8","63","36","166","106","110","158","C1837761"
"5189","2","3","5","43","161","305","409","208","482","C1837761"
"3501","2","5","7","53","51","119","395","549","674","C1837761"
"4313","2","5","7","53","51","342","454","573","492","C1837761"
"4867","2","5","7","76","153","40","38","54","75","C1837761"
"2562","2","5","8","27","70","99","162","216","290","C1837761"
"5743","2","3","5","53","175","119","167","489","416","C1837764"
"54","2","3","5","80","81","178","195","256","342","C1837764"
"3756","2","5","8","63","36","166","106","110","158","C1837764"
"1528","2","3","5","91","214","271","372","471","586","C1837764"
"5130","2","3","2","85","143","286","51","488","102","C1837764"
"1300","2","5","7","53","51","342","454","573","492","C1837764"
"843","2","3","12","41","219","339","156","568","697","C1837767"
"1999","2","3","3","19","221","321","428","148","667","C1837767"
"7389","2","3","2","17","24","51","132","210","123","C1837767"
"6731","2","3","2","110","85","237","433","547","671","C1837767"
"7473","2","5","3","68","221","197","259","560","422","C1837785"
"6340","2","5","8","63","45","23","34","464","187","C1837785"
"6495","2","3","3","19","221","321","428","541","667","C1837785"
"170302","2","3","3","19","221","321","428","541","667","C1837792"
"55630","2","3","5","27","81","99","162","216","290","C1837792"
"1967","2","3","2","110","85","237","433","547","671","C1837792"
"5444","2","3","5","80","147","236","328","411","229","C1837795"
"336","2","5","7","53","51","342","454","573","492","C1837795"
"1311","2","5","7","53","51","342","454","573","492","C1837795"
"5961","2","5","7","27","51","326","126","414","702","C1837797"
"100288687","2","3","2","110","85","237","433","547","671","C1837797"
"2110","2","3","2","48","170","50","119","444","556","C1837799"
"6208","2","3","2","110","85","237","433","547","671","C1837799"
"51114","2","5","5","68","96","326","162","216","290","C1837802"
"3592","2","5","7","53","51","119","25","489","416","C1837802"
"51067","2","3","2","110","85","67","76","252","154","C1837802"
"10516","2","5","7","53","51","342","454","573","492","C1837802"
"3930","2","3","2","22","33","323","66","3","464","C1837802"
"710","2","5","7","53","51","342","454","573","702","C1837802"
"843","2","3","12","41","219","339","156","568","697","C1837822"
"7415","2","3","7","34","52","216","395","536","445","C1837822"
"6239","2","3","12","19","119","330","214","454","144","C1837826"
"6712","2","5","7","60","153","40","341","223","203","C1837826"
"50485","2","3","12","19","31","261","116","1","86","C1837826"
"10743","2","3","3","19","151","276","91","433","118","C1837836"
"5906","2","5","7","34","52","216","30","46","72","C1837836"
"1591","2","3","5","92","163","262","136","460","566","C1837836"
"478","2","3","8","63","45","23","366","464","187","C1837899"
"51206","2","5","7","53","51","119","454","573","492","C1837899"
"871","2","5","7","53","51","342","454","573","492","C1837899"
"7314","2","3","12","41","219","261","409","208","482","C1837899"
"183","2","5","4","68","96","326","427","548","672","C1837899"
"8643","2","5","3","68","221","197","259","560","422","C1837899"
"6647","2","3","2","95","2","342","378","173","702","C1837899"
"2131","2","3","2","74","58","112","148","181","416","C1837899"
"5192","2","3","5","43","161","305","409","208","482","C1837899"
"51715","2","5","7","60","54","24","30","46","72","C1837899"
"2146","2","3","12","19","31","1","426","55","78","C1838062"
"5172","2","5","8","45","94","199","240","415","666","C1838062"
"4038","2","5","7","53","51","342","454","573","492","C1838062"
"5663","2","5","7","34","52","216","395","549","667","C1838063"
"6324","2","5","7","63","36","166","341","223","158","C1838063"
"1896","2","5","12","41","219","339","156","568","697","C1838103"
"3561","2","5","7","53","14","20","25","40","186","C1838103"
"6647","2","3","2","95","2","342","378","173","702","C1838114"
"4582","2","5","7","53","206","324","430","429","544","C1838114"
"3172","2","3","3","19","151","276","91","433","118","C1838167"
"617","2","3","2","48","170","50","304","167","593","C1838167"
"27249","2","3","2","48","182","50","119","186","245","C1838186"
"5925","2","3","12","19","31","1","426","55","78","C1838186"
"5897","2","3","12","41","116","268","141","568","605","C1838186"
"26127","2","3","7","76","14","20","136","472","435","C1838186"
"3728","2","5","7","34","52","225","142","220","298","C1838230"
"9791","2","3","8","45","94","199","240","415","666","C1838230"
"6452","2","5","7","53","14","20","25","40","186","C1838319"
"658","2","5","7","53","51","342","259","423","389","C1838319"
"26580","2","5","8","27","70","99","162","216","290","C1838319"
"3508","2","3","12","19","31","261","116","1","86","C1838319"
"9394","2","3","2","74","58","112","148","193","263","C1838319"
"2719","2","5","7","53","51","342","454","573","492","C1838319"
"8516","2","5","7","53","51","342","454","573","492","C1838319"
"5573","2","3","12","19","184","118","155","287","116","C1838320"
"2517","2","3","7","34","52","216","395","549","674","C1838320"
"9469","2","3","2","103","189","303","29","475","467","C1838320"
"1674","2","5","8","63","45","23","103","464","187","C1838320"
"2068","2","3","12","19","31","261","116","159","211","C1838320"
"6790","2","3","12","76","153","40","34","540","68","C1838320"
"27445","2","5","7","60","36","71","341","223","624","C1838320"
"7170","2","5","8","63","45","23","103","464","187","C1838327"
"5970","2","3","12","19","31","276","91","433","118","C1838327"
"2006","2","5","7","53","51","342","454","573","492","C1838391"
"2006","2","5","7","53","51","342","454","573","492","C1838391"
"4359","2","5","7","53","51","342","454","573","492","C1838391"
"9343","2","3","2","22","33","323","66","101","136","C1838391"
"4703","2","5","7","60","45","23","103","464","187","C1838391"
"8200","2","5","7","53","51","342","259","423","389","C1838539"
"5167","2","3","5","32","93","163","207","303","126","C1838539"
"8398","2","3","5","116","183","40","38","352","455","C1838539"
"22948","2","3","12","76","137","76","136","472","435","C1838568"
"4125","2","3","7","34","52","216","395","549","674","C1838568"
"9820","2","3","12","41","116","268","434","468","213","C1838578"
"3359","2","5","8","27","70","99","162","216","290","C1838578"
"25913","2","3","12","19","31","261","116","1","78","C1838578"
"1812","2","5","4","68","96","326","427","548","672","C1838578"
"80025","2","3","2","72","73","201","129","384","499","C1838578"
"287","2","5","7","76","153","40","38","54","203","C1838578"
"4982","2","5","12","41","219","339","156","568","697","C1838579"
"7140","2","5","8","63","45","23","103","464","187","C1838579"
"25886","2","3","12","76","153","76","136","472","435","C1838604"
"7169","2","5","8","63","45","23","103","464","187","C1838604"
"6557","2","5","8","45","94","199","240","415","666","C1838604"
"2488","2","5","4","68","96","326","427","548","672","C1838604"
"5897","2","3","12","41","116","268","141","568","605","C1838604"
"7681","2","3","12","41","116","268","434","468","213","C1838604"
"54903","2","3","12","76","153","40","38","54","75","C1838608"
"10585","2","5","2","27","206","324","430","215","290","C1838608"
"338","2","5","7","53","51","342","454","573","492","C1838608"
"158","2","3","4","96","177","61","373","341","142","C1838608"
"2588","2","3","7","34","52","216","395","549","674","C1838608"
"3265","2","5","7","60","54","24","30","46","72","C1838608"
"29893","2","3","12","19","31","1","426","55","78","C1838608"
"56729","2","5","7","34","52","216","395","549","674","C1838608"
"1583","2","3","5","79","152","273","375","100","589","C1838608"
"1959","2","3","3","19","151","276","91","433","118","C1838608"
"3984","2","5","7","53","14","20","34","540","68","C1838608"
"7015","2","3","12","19","31","1","426","55","78","C1838608"
"50964","2","5","3","68","221","197","259","423","422","C1838608"
"7518","2","3","12","19","31","261","116","1","86","C1838608"
"2200","2","5","7","53","51","342","454","573","492","C1838608"
"3918","2","5","7","53","51","342","454","573","492","C1838625"
"8573","2","5","7","53","36","71","341","223","219","C1838625"
"1991","2","5","7","34","52","216","395","549","674","C1838625"
"60681","2","3","12","48","124","75","136","271","212","C1838625"
"6356","2","5","7","53","51","326","427","489","416","C1838659"
"10397","2","3","2","110","81","148","402","51","383","C1838659"
"4534","2","3","5","80","81","296","399","362","468","C1838662"
"775","2","5","8","63","36","166","341","223","158","C1838662"
"6638","2","3","2","22","33","323","66","101","136","C1838662"
"3674","2","5","7","53","51","342","454","573","492","C1838662"
"5443","2","5","4","68","96","326","427","548","672","C1838662"
"5290","2","3","7","53","14","20","25","40","186","C1838662"
"673","2","5","7","53","14","20","34","540","68","C1838662"
"6598","2","3","12","19","31","1","426","55","78","C1838662"
"3265","2","5","7","60","54","24","30","46","72","C1838662"
"4988","2","5","4","68","96","326","427","548","672","C1838662"
"23363","2","3","12","41","116","268","434","468","213","C1838662"
"5604","2","5","7","53","14","20","34","540","68","C1838662"
"1540","2","3","12","41","219","339","156","568","605","C1838662"
"6870","2","5","4","68","96","326","427","548","672","C1838662"
"114609","2","3","12","41","219","339","156","568","697","C1838662"
"3606","2","5","7","53","51","119","156","489","416","C1838662"
"3796","2","3","12","76","153","40","38","54","75","C1838662"
"57510","2","3","12","76","33","323","38","54","664","C1838662"
"1536","2","5","7","34","52","216","395","549","674","C1838662"
"9469","2","3","2","103","189","303","29","475","467","C1838662"
"8492","2","5","7","68","51","119","395","549","674","C1838662"
"9150","2","3","12","19","31","261","116","159","211","C1838662"
"4683","2","3","12","19","31","261","116","1","86","C1838662"
"10225","2","5","7","53","51","119","395","549","674","C1838663"
"5727","2","3","12","68","221","197","259","560","422","C1838663"
"54014","2","3","12","19","31","1","426","55","78","C1838663"
"5290","2","3","7","53","14","20","25","40","186","C1838663"
"7469","2","3","12","19","31","261","116","159","211","C1838663"
"5828","2","3","5","43","161","305","409","208","482","C1838664"
"1280","2","5","7","53","51","342","454","573","492","C1838664"
"6581","2","3","8","45","94","199","240","415","666","C1838664"
"4604","2","5","8","63","45","23","103","464","187","C1838681"
"60","2","3","12","60","45","184","155","287","78","C1838681"
"5080","2","3","3","19","221","321","428","541","667","C1838681"
"2819","2","3","2","116","183","295","398","552","622","C1838681"
"5337","2","3","7","34","52","216","395","552","98","C1838681"
"1588","2","3","5","79","159","256","350","27","44","C1838681"
"55532","2","3","7","25","44","165","101","274","358","C1838681"
"65250","2","3","12","76","153","40","38","54","75","C1838681"
"3708","2","5","8","63","45","23","306","390","158","C1838681"
"23746","2","3","12","41","83","101","126","271","356","C1838681"
"10743","2","3","3","19","151","276","91","433","118","C1838681"
"673","2","5","7","53","14","20","34","540","68","C1838681"
"1717","2","3","2","19","151","276","48","69","204","C1838681"
"421","2","5","7","42","51","335","444","560","373","C1838681"
"7133","2","5","7","34","52","216","395","549","697","C1838681"
"1293","2","5","7","53","51","342","454","573","492","C1838681"
"1832","2","5","7","34","52","225","142","220","298","C1838681"
"3984","2","5","7","53","14","20","34","540","68","C1838681"
"8822","2","5","7","53","14","20","25","40","186","C1838681"
"5376","2","5","7","53","51","342","454","573","492","C1838681"
"4854","2","5","7","53","51","143","428","236","667","C1838681"
"10083","2","5","7","42","36","71","177","223","219","C1838681"
"7035","2","5","7","68","51","119","395","549","674","C1838681"
"7045","2","5","12","19","51","1","426","55","78","C1838681"
"6654","2","5","7","60","54","24","30","46","72","C1838681"
"6389","2","3","2","48","170","50","119","444","556","C1838681"
"3209","2","3","3","19","221","321","428","541","667","C1838681"
"2946","2","3","5","91","175","271","372","471","586","C1838705"
"958","2","5","7","53","51","119","156","568","697","C1838705"
"4204","2","3","12","19","31","1","426","55","78","C1838705"
"2200","2","5","7","53","51","342","454","573","492","C1838705"
"5728","2","3","5","80","81","339","156","568","605","C1838705"
"5727","2","3","12","68","221","197","259","560","422","C1838705"
"6445","2","5","8","63","45","23","103","464","187","C1838705"
"1387","2","3","12","19","31","276","91","433","118","C1838854"
"26040","2","3","12","19","31","1","116","297","78","C1838854"
"100","2","3","5","33","21","47","56","80","199","C1838854"
"5122","2","5","4","27","36","184","141","359","411","C1838979"
"7421","2","3","3","19","151","276","91","433","118","C1838979"
"367","2","3","12","19","31","276","91","433","118","C1838979"
"2161","2","5","7","68","51","119","395","549","674","C1838979"
"51025","2","3","2","48","170","50","304","167","593","C1838979"
"5244","2","3","3","41","151","276","91","433","118","C1838979"
"11081","2","3","2","89","60","342","430","429","544","C1838979"
"9640","2","3","12","19","31","261","116","159","211","C1838979"
"2332","2","3","2","22","33","71","373","466","609","C1838979"
"6340","2","5","8","63","45","23","34","464","187","C1838979"
"9368","2","5","7","42","36","71","177","223","219","C1838979"
"3662","2","5","7","53","184","119","156","287","116","C1838979"
"1371","2","3","5","17","24","261","116","164","6","C1838979"
"4715","2","3","2","48","170","50","119","444","556","C1838979"
"8799","2","3","5","43","161","305","409","208","482","C1838979"
"23093","2","3","12","76","153","40","38","54","75","C1838979"
"10733","2","3","12","76","153","40","38","54","75","C1838979"
"8893","2","3","2","110","85","237","433","547","671","C1838979"
"6197","2","3","12","19","14","20","34","540","68","C1838979"
"1103","2","3","2","67","92","293","55","75","311","C1838979"
"5468","2","3","3","19","151","276","91","433","118","C1838990"
"4292","2","3","12","19","31","261","116","1","86","C1838990"
"1910","2","5","4","68","96","326","427","548","672","C1838993"
"10683","2","5","7","53","51","143","428","560","667","C1838993"
"55212","2","3","12","76","153","76","38","54","75","C1838993"
"6863","2","5","4","68","96","326","427","548","672","C1838993"
"8200","2","5","7","53","51","342","259","423","389","C1838993"
"1026","2","3","12","19","31","1","116","489","416","C1838993"
"57379","2","3","5","22","137","261","104","146","194","C1838993"
"59341","2","5","8","63","45","193","306","390","158","C1838993"
"4337","2","3","2","80","91","75","204","267","352","C1838993"
"2717","2","3","7","34","52","216","395","549","674","C1838993"
"9365","2","3","7","53","14","20","25","40","186","C1839025"
"4137","2","3","7","27","36","150","341","223","628","C1839025"
"3930","2","3","2","22","33","323","66","3","464","C1839025"
"4000","2","3","12","26","105","178","226","297","156","C1839025"
"3930","2","3","2","22","33","323","66","3","464","C1839025"
"1027","2","3","12","19","31","1","116","1","86","C1839025"
"3984","2","5","7","53","14","20","34","540","68","C1839025"
"1301","2","5","7","53","51","342","454","573","492","C1839025"
"6010","2","5","4","68","96","326","427","548","672","C1839025"
"846","2","5","4","68","96","326","427","548","672","C1839025"
"4688","2","5","7","60","14","20","25","40","215","C1839025"
"9049","2","3","3","41","151","276","378","271","356","C1839025"
"7468","2","3","12","19","31","1","426","55","78","C1839025"
"23545","2","3","5","29","88","132","85","222","346","C1839040"
"10269","2","3","2","48","182","50","119","444","556","C1839040"
"538","2","3","8","63","45","23","103","464","187","C1839042"
"2657","2","5","7","53","51","342","259","423","389","C1839042"
"9897","2","3","12","76","18","75","38","1","212","C1839071"
"51604","2","3","2","61","77","142","176","235","317","C1839071"
"23418","2","5","7","53","36","71","177","560","373","C1839167"
"1312","2","3","2","87","79","105","426","129","25","C1839167"
"1280","2","5","7","53","51","342","454","573","492","C1839248"
"411","2","3","7","34","52","216","395","549","674","C1839248"
"361","2","3","5","80","81","166","397","374","486","C1839248"
"627","2","5","7","53","51","335","444","423","373","C1839248"
"9496","2","5","6","11","142","225","142","220","673","C1839248"
"2316","2","5","7","53","51","342","454","573","702","C1839248"
"6496","2","3","3","19","221","321","428","541","667","C1839248"
"84295","2","3","2","110","85","237","426","101","78","C1839248"
"1959","2","3","3","19","151","276","91","433","118","C1839254"
"26580","2","5","8","27","70","99","162","216","290","C1839254"
"805","2","5","8","53","45","20","34","464","187","C1839254"
"5728","2","3","5","80","81","339","156","568","605","C1839254"
"3977","2","5","7","53","51","119","25","40","416","C1839254"
"199","2","5","7","34","52","216","395","549","674","C1839254"
"2239","2","3","2","74","51","342","454","573","492","C1839254"
"2261","2","5","7","53","14","20","25","40","186","C1839254"
"2263","2","5","7","53","14","20","25","40","186","C1839254"
"23411","2","3","12","19","31","1","91","433","118","C1839254"
"2969","2","3","12","19","31","276","91","433","118","C1839269"
"368","2","3","12","41","116","268","423","536","445","C1839269"
"6899","2","5","7","53","184","335","259","560","373","C1839271"
"29110","2","3","12","41","219","339","156","568","697","C1839271"
"2263","2","5","7","53","14","20","25","40","186","C1839271"
"51715","2","5","7","60","54","24","30","46","72","C1839271"
"5894","2","5","7","60","54","23","34","464","187","C1839271"
"9247","2","5","7","53","221","197","259","423","389","C1839276"
"4720","2","3","2","48","170","50","119","444","556","C1839276"
"4891","2","3","2","25","44","165","101","274","358","C1839276"
"1174","2","5","7","60","153","184","341","544","669","C1839277"
"5130","2","3","2","85","143","286","51","488","102","C1839277"
"6690","2","5","7","68","51","119","395","549","674","C1839279"
"1409","2","3","12","76","153","40","38","54","75","C1839279"
"10243","2","3","2","27","91","71","204","267","352","C1839285"
"1031","2","3","12","19","31","1","426","55","78","C1839285"
"4792","2","3","12","41","219","339","156","568","605","C1839304"
"885","2","5","4","68","96","326","427","548","672","C1839304"
"1910","2","5","4","68","96","326","427","548","672","C1839304"
"26503","2","3","2","89","124","204","272","347","442","C1839304"
"9394","2","3","2","74","58","112","148","193","263","C1839305"
"5449","2","3","3","19","221","321","428","541","667","C1839305"
"1041","2","1","6","11","142","225","142","220","298","C1839323"
"2177","2","3","2","110","90","261","431","545","443","C1839323"
"23095","2","3","7","76","153","40","38","54","75","C1839323"
"29954","2","5","2","27","206","324","430","215","290","C1839323"
"54716","2","5","8","45","94","199","240","415","666","C1839323"
"5290","2","3","7","53","14","20","25","40","186","C1839323"
"476","2","3","8","63","45","23","103","464","187","C1839323"
"1244","2","3","12","41","116","268","423","536","445","C1839323"
"22954","2","3","12","41","116","268","434","468","213","C1839323"
"1675","2","5","7","34","52","216","395","549","674","C1839326"
"6899","2","5","7","53","184","335","259","560","373","C1839326"
"5529","2","3","12","76","153","40","38","54","75","C1839326"
"10644","2","3","2","22","33","323","66","101","136","C1839326"
"1588","2","3","5","79","159","256","350","27","44","C1839326"
"11005","2","1","6","11","142","225","142","220","298","C1839326"
"51651","2","3","12","41","219","339","156","568","605","C1839326"
"331","2","3","12","41","219","339","156","568","697","C1839326"
"2582","2","3","2","78","206","324","430","429","544","C1839326"
"8647","2","3","5","46","158","252","352","449","563","C1839326"
"1947","2","5","7","53","51","20","25","560","373","C1839326"
"3257","2","5","7","60","54","24","30","46","72","C1839326"
"1261","2","5","8","63","36","166","106","110","158","C1839326"
"54968","2","3","2","48","170","50","119","444","556","C1839326"
"8643","2","5","3","68","221","197","259","560","422","C1839326"
"2316","2","5","7","53","51","342","454","573","702","C1839326"
"3508","2","3","12","19","31","261","116","1","86","C1839326"
"3073","2","3","5","105","155","250","291","152","420","C1839326"
"5728","2","3","5","80","81","339","156","568","605","C1839326"
"4314","2","5","7","53","51","342","454","573","492","C1839326"
"4137","2","3","7","27","36","150","341","223","628","C1839326"
"3845","2","5","7","60","54","24","30","46","72","C1839326"
"3954","2","3","2","48","170","67","119","444","593","C1839326"
"9414","2","5","7","42","36","71","177","223","219","C1839326"
"6303","2","3","2","67","118","160","261","188","423","C1839326"
"5580","2","5","7","34","52","216","395","287","116","C1839326"
"26047","2","5","7","27","36","335","341","223","373","C1839326"
"190","2","3","3","19","151","276","91","433","118","C1839326"
"5631","2","3","2","72","119","109","266","336","452","C1839326"
"3972","2","5","4","68","96","326","427","548","672","C1839326"
"4137","2","3","7","27","36","150","341","223","628","C1839326"
"640","2","5","7","53","14","20","25","40","186","C1839424"
"29920","2","3","2","101","62","189","182","497","617","C1839424"
"84634","2","5","4","68","96","326","427","548","672","C1839424"
"9640","2","3","12","19","31","261","116","159","211","C1839424"
"2178","2","3","12","19","31","261","116","1","86","C1839424"
"55112","2","3","12","76","153","40","38","54","75","C1839424"
"6011","2","5","7","53","14","20","34","540","68","C1839424"
"6473","2","3","3","19","221","321","428","541","667","C1839424"
"5333","2","3","5","18","16","40","417","103","58","C1839424"
"9897","2","3","12","76","18","75","38","1","212","C1839437"
"8647","2","3","5","46","158","252","352","449","563","C1839437"
"2176","2","3","12","19","31","261","116","1","86","C1839507"
"1080","2","3","12","41","219","339","156","544","669","C1839507"
"1789","2","3","12","19","31","1","426","55","78","C1839512"
"3953","2","5","7","53","14","20","25","40","186","C1839512"
"50","2","3","5","80","81","50","304","167","593","C1839531"
"10020","2","3","2","89","124","204","42","452","258","C1839531"
"4843","2","3","5","43","161","305","409","489","416","C1839531"
"1387","2","3","12","19","31","276","91","433","118","C1839531"
"658","2","5","7","53","51","342","259","423","389","C1839531"
"5743","2","3","5","53","175","119","167","489","416","C1839532"
"2626","2","3","12","19","31","118","155","287","116","C1839532"
"6165","2","3","2","110","85","237","433","547","671","C1839533"
"6786","2","5","8","63","45","23","103","464","187","C1839533"
"3054","2","3","12","19","31","1","426","55","78","C1839533"
"6567","2","5","8","35","41","77","40","57","80","C1839541"
"1075","2","5","7","34","52","216","395","549","674","C1839541"
"182","2","5","7","53","51","143","428","236","667","C1839541"
"7046","2","3","12","41","219","339","259","423","605","C1839541"
"1277","2","5","7","53","51","342","454","573","492","C1839546"
"5193","2","3","5","43","161","305","409","208","482","C1839546"
"1440","2","5","7","53","51","119","25","489","416","C1839546"
"3508","2","3","12","19","31","261","116","1","86","C1839546"
"396","2","5","7","60","54","24","30","46","72","C1839546"
"5314","2","3","12","76","153","40","38","54","75","C1839546"
"9394","2","3","2","74","58","112","148","193","263","C1839546"
"1778","2","3","7","76","153","40","38","54","75","C1839546"
"1081","2","5","4","68","96","326","427","548","672","C1839546"
"3339","2","5","7","53","51","342","454","573","492","C1839546"
"4643","2","5","7","60","14","20","25","40","215","C1839546"
"51364","2","3","6","11","142","225","142","220","298","C1839546"
"10861","2","3","2","35","142","225","142","220","673","C1839546"
"9126","2","3","12","76","153","40","38","54","75","C1839603"
"4920","2","5","7","53","14","20","259","560","373","C1839603"
"2130","2","3","2","22","33","323","66","491","609","C1839603"
"4983","2","5","7","60","54","24","30","46","72","C1839603"
"5191","2","3","5","43","161","305","409","208","482","C1839603"
"7040","2","5","7","53","51","342","454","573","492","C1839603"
"7037","2","5","7","60","14","184","341","544","669","C1839603"
"3207","2","3","3","19","221","321","428","541","667","C1839603"
"5889","2","3","12","19","31","261","116","1","86","C1839603"
"5447","2","3","5","91","214","271","372","471","586","C1839606"
"4852","2","5","4","68","96","326","427","548","672","C1839606"
"5897","2","3","12","41","116","268","141","568","605","C1839606"
"2192","2","5","7","53","51","342","454","573","492","C1839630"
"1583","2","3","5","79","152","273","375","100","589","C1839630"
"4337","2","3","2","80","91","75","204","267","352","C1839630"
"10083","2","5","7","42","36","71","177","223","219","C1839630"
"5980","2","3","12","19","31","261","116","1","86","C1839630"
"1776","2","5","7","105","219","261","402","129","215","C1839630"
"5076","2","3","3","19","221","321","428","541","667","C1839630"
"1130","2","5","7","60","54","326","141","359","462","C1839630"
"2289","2","3","12","76","219","339","347","271","356","C1839630"
"4644","2","5","7","60","54","184","141","359","411","C1839630"
"7248","2","3","2","48","57","110","141","359","462","C1839630"
"9496","2","5","6","11","142","225","142","220","673","C1839630"
"4000","2","3","12","26","105","178","226","297","156","C1839630"
"6218","2","3","2","110","85","237","433","547","671","C1839630"
"6663","2","3","3","19","221","321","428","541","667","C1839630"
"546","2","3","12","19","31","261","426","1","86","C1839630"
"183","2","5","4","68","96","326","427","548","672","C1839630"
"220202","2","5","4","68","96","326","427","548","672","C1839630"
"3211","2","3","3","19","221","321","428","541","667","C1839630"
"2316","2","5","7","53","51","342","454","573","702","C1839630"
"1413","2","3","6","63","45","160","362","177","673","C1839630"
"51761","2","5","8","63","45","23","103","464","187","C1839630"
"29925","2","3","2","68","66","123","158","207","278","C1839630"
"1137","2","5","8","27","70","99","162","216","290","C1839630"
"3845","2","5","7","60","54","24","30","46","72","C1839630"
"1807","2","3","5","80","23","186","79","560","273","C1839630"
"4914","2","3","2","22","18","266","202","252","252","C1839630"
"23426","2","5","7","42","36","71","177","223","219","C1839630"
"23095","2","3","7","76","153","40","38","54","75","C1839630"
"51317","2","3","12","19","31","1","426","55","78","C1839630"
"538","2","3","8","63","45","23","103","464","187","C1839630"
"23111","2","3","12","41","219","339","156","568","697","C1839630"
"355","2","3","7","41","219","339","156","568","697","C1839630"
"2068","2","3","12","19","31","261","116","159","211","C1839653"
"8200","2","5","7","53","51","342","259","423","389","C1839653"
"2316","2","5","7","53","51","342","454","573","702","C1839666"
"10312","2","3","7","34","52","216","395","549","674","C1839666"
"7249","2","3","7","60","57","110","141","359","462","C1839666"
"7319","2","3","12","41","116","268","434","468","213","C1839666"
"9663","2","3","5","80","81","296","51","488","102","C1839666"
"1889","2","5","4","68","96","326","427","548","672","C1839731"
"4908","2","5","7","53","51","342","259","423","389","C1839731"
"175","2","3","7","34","52","216","395","549","674","C1839731"
"25978","2","3","2","48","57","110","141","359","462","C1839731"
"6323","2","5","8","63","36","166","341","390","158","C1839731"
"54101","2","3","2","48","170","50","347","167","593","C1839731"
"7372","2","3","2","68","119","109","266","182","182","C1839731"
"100","2","3","5","33","21","47","56","80","199","C1839736"
"2072","2","3","12","19","31","261","116","1","86","C1839736"
"51360","2","3","3","26","35","276","91","433","203","C1839749"
"3845","2","5","7","60","54","24","30","46","72","C1839749"
"4747","2","5","7","27","36","150","341","223","628","C1839767"
"3425","2","3","5","80","81","166","454","573","492","C1839767"
"5376","2","5","7","53","51","342","454","573","492","C1839767"
"3360","2","5","4","68","96","326","427","548","672","C1839767"
"26580","2","5","8","27","70","99","162","216","290","C1839767"
"5078","2","3","3","19","221","321","428","541","667","C1839767"
"55130","2","3","12","76","153","76","38","54","75","C1839767"
"23410","2","3","2","48","151","276","91","433","118","C1839767"
"9049","2","3","3","41","151","276","378","271","356","C1839767"
"4000","2","3","12","26","105","178","226","297","156","C1839767"
"2218","2","5","2","53","123","194","255","560","373","C1839767"
"3984","2","5","7","53","14","20","34","540","68","C1839767"
"547","2","3","7","76","153","40","38","54","75","C1839767"
"3758","2","5","8","63","36","166","106","110","158","C1839767"
"825","2","5","7","53","51","342","454","573","492","C1839767"
"3569","2","5","7","53","51","342","454","573","416","C1839767"
"5885","2","3","12","76","153","40","38","54","75","C1839767"
"4893","2","5","7","34","52","24","30","46","72","C1839767"
"207","2","3","7","53","14","20","34","489","416","C1839767"
"9896","2","3","5","80","81","296","399","201","274","C1839782"
"1536","2","5","7","34","52","216","395","549","674","C1839782"
"10019","2","5","7","53","14","20","25","40","116","C1839783"
"785","2","5","8","63","36","166","106","110","158","C1839783"
"4088","2","3","12","19","219","339","259","423","605","C1839783"
"54463","2","3","2","48","57","110","141","359","462","C1839797"
"5530","2","3","4","63","45","23","402","518","621","C1839797"
"1277","2","5","7","53","51","342","454","573","492","C1839797"
"121340","2","3","12","19","221","276","428","236","667","C1839797"
"10269","2","3","2","48","182","50","119","444","556","C1839797"
"1509","2","5","7","34","52","216","395","549","568","C1839797"
"3758","2","5","8","63","36","166","106","110","158","C1839797"
"4854","2","5","7","53","51","143","428","236","667","C1839797"
"2218","2","5","2","53","123","194","255","560","373","C1839797"
"55636","2","3","3","19","221","321","428","423","389","C1839797"
"7040","2","5","7","53","51","342","454","573","492","C1839797"
"10717","2","5","7","60","18","184","341","544","669","C1839797"
"3559","2","5","7","53","14","20","25","40","186","C1839797"
"3784","2","5","8","63","36","166","106","110","158","C1839797"
"9968","2","4","3","24","119","330","214","454","144","C1839797"
"3643","2","5","7","53","14","20","25","40","186","C1839797"
"5009","2","3","2","48","97","50","304","167","593","C1839797"
"4921","2","5","7","53","14","20","25","573","186","C1839797"
"51129","2","3","3","19","151","276","91","433","118","C1839797"
"2629","2","3","5","80","81","250","291","152","420","C1839797"
"639","2","3","12","19","31","1","426","55","78","C1839797"
"10483","2","3","7","60","54","24","30","46","72","C1839798"
"5896","2","3","12","41","116","268","434","568","605","C1839798"
"7401","2","5","7","60","83","101","126","170","224","C1839798"
"10577","2","5","7","34","52","216","395","549","674","C1839798"
"2492","2","5","4","68","96","326","427","548","672","C1839798"
"220202","2","5","4","68","96","326","427","548","672","C1839798"
"58","2","5","8","63","45","23","103","464","187","C1839798"
"9469","2","3","2","103","189","303","29","475","467","C1839798"
"1294","2","5","7","53","51","342","454","573","492","C1839798"
"4070","2","5","6","42","36","71","177","64","219","C1839798"
"23414","2","3","12","19","31","118","155","287","116","C1839798"
"5925","2","3","12","19","31","1","426","55","78","C1839798"
"8924","2","3","12","41","116","268","434","468","213","C1839798"
"857","2","5","7","53","45","23","57","83","422","C1839798"
"894","2","3","12","19","31","1","34","540","68","C1839798"
"8929","2","3","3","19","221","321","428","541","667","C1839816"
"5994","2","3","12","19","31","276","91","491","118","C1839816"
"54941","2","3","12","41","116","268","434","468","213","C1839816"
"3553","2","5","7","53","51","119","25","489","416","C1839839"
"27329","2","5","7","53","51","342","454","573","492","C1839839"
"2110","2","3","2","48","170","50","119","444","556","C1839839"
"5617","2","5","12","19","31","1","426","55","78","C1839839"
"6658","2","3","12","19","221","321","428","541","667","C1839839"
"7043","2","5","7","53","51","342","454","573","492","C1839839"
"3930","2","3","2","22","33","323","66","3","464","C1839839"
"7157","2","3","12","19","31","261","402","489","551","C1839839"
"2260","2","5","7","53","14","20","25","40","186","C1839839"
"3814","2","5","4","68","96","326","427","548","672","C1839839"
"9992","2","5","8","63","36","166","341","110","158","C1839839"
"1312","2","3","2","87","79","105","426","129","25","C1839839"
"1277","2","5","7","53","51","342","454","573","492","C1839839"
"4763","2","5","7","60","54","24","30","46","214","C1839839"
"7305","2","5","7","34","52","216","395","549","674","C1839839"
"22858","2","3","7","53","14","20","34","540","68","C1839839"
"5428","2","3","2","48","170","50","119","167","593","C1839839"
"23092","2","5","7","60","54","24","30","46","72","C1839839"
"8106","2","3","2","22","33","323","66","101","136","C1839839"
"2200","2","5","7","53","51","342","454","573","492","C1839839"
"2538","2","3","5","90","216","333","438","561","689","C1839839"
"659","2","5","7","53","14","20","259","423","389","C1839839"
"87","2","5","7","53","51","342","454","573","702","C1839840"
"6772","2","3","12","53","184","119","156","287","116","C1839840"
"5894","2","5","7","60","54","23","34","464","187","C1839858"
"2200","2","5","7","53","51","342","454","573","492","C1839858"
"1287","2","5","2","53","51","342","454","573","492","C1839858"
"4982","2","5","12","41","219","339","156","568","697","C1839858"
"4261","2","3","12","53","184","119","156","287","116","C1839858"
"2521","2","3","2","22","33","323","66","101","136","C1839858"
"7681","2","3","12","41","116","268","434","468","213","C1839858"
"5450","2","3","12","19","221","261","116","159","211","C1839860"
"617","2","3","2","48","170","50","304","167","593","C1839860"
"2314","2","3","12","63","45","184","103","572","658","C1839860"
"3284","2","3","2","69","98","169","299","183","243","C1839865"
"1233","2","5","4","68","96","326","427","548","672","C1839865"
"54808","2","3","12","76","153","40","38","54","75","C1839866"
"2263","2","5","7","53","14","20","25","40","186","C1839866"
"9569","2","3","12","19","31","276","91","433","118","C1839866"
"4791","2","3","12","41","219","339","156","568","697","C1839866"
"2146","2","3","12","19","31","1","426","55","78","C1839884"
"51085","2","3","2","48","57","110","141","359","462","C1839884"
"4920","2","5","7","53","14","20","259","560","373","C1839888"
"7439","2","5","8","63","45","23","34","464","187","C1839888"
"1815","2","5","4","68","96","326","427","548","672","C1839888"
"3949","2","5","7","60","14","184","341","544","669","C1839965"
"545","2","3","12","19","31","261","116","1","86","C1839965"
"6204","2","3","2","110","85","237","433","547","671","C1839969"
"11200","2","3","12","19","31","261","116","1","86","C1839969"
"5325","2","3","12","19","31","198","261","146","118","C1839969"
"5741","2","5","4","68","96","326","427","548","672","C1839972"
"4791","2","3","12","41","219","339","156","568","697","C1839972"
"10262","2","3","2","22","33","323","66","101","136","C1839972"
"3920","2","5","7","34","52","216","395","549","674","C1839972"
"23418","2","5","7","53","36","71","177","560","373","C1839972"
"7319","2","3","12","41","116","268","434","468","213","C1839972"
"55699","2","3","2","110","85","67","76","252","154","C1839972"
"5743","2","3","5","53","175","119","167","489","416","C1839972"
"213","2","5","7","53","51","342","454","573","492","C1839972"
"2879","2","3","5","80","81","166","378","173","229","C1839972"
"7046","2","3","12","41","219","339","259","423","605","C1839972"
"4842","2","3","5","63","45","71","177","464","219","C1839972"
"547","2","3","7","76","153","40","38","54","75","C1839972"
"6658","2","3","12","19","221","321","428","541","667","C1839972"
"673","2","5","7","53","14","20","34","540","68","C1839972"
"1644","2","3","2","88","79","239","333","258","345","C1839972"
"2796","2","5","4","68","96","326","427","548","672","C1840068"
"444","2","5","8","63","45","23","34","464","187","C1840068"
"2200","2","5","7","53","51","342","454","573","492","C1840069"
"1080","2","3","12","41","219","339","156","544","669","C1840069"
"658","2","5","7","53","51","342","259","423","389","C1840069"
"3242","2","3","5","67","92","293","55","308","390","C1840069"
"4359","2","5","7","53","51","342","454","573","492","C1840069"
"7299","2","3","5","23","18","138","250","332","407","C1840069"
"5077","2","3","3","19","221","321","428","541","667","C1840069"
"9370","2","5","3","41","151","276","91","433","118","C1840069"
"2984","2","3","4","68","96","326","427","548","672","C1840069"
"23600","2","3","5","80","81","305","409","208","482","C1840069"
"23476","2","3","12","19","31","1","426","159","211","C1840069"
"10381","2","3","12","76","153","40","38","54","75","C1840069"
"7369","2","5","7","53","51","119","395","549","674","C1840069"
"5913","2","5","7","27","36","71","341","223","219","C1840069"
"2100","2","3","3","19","151","276","91","433","118","C1840069"
"3178","2","3","2","22","33","323","66","101","136","C1840069"
"4000","2","3","12","26","105","178","226","297","156","C1840069"
"3952","2","5","3","53","151","276","91","433","118","C1840069"
"3643","2","5","7","53","14","20","25","40","186","C1840069"
"2950","2","5","7","34","52","216","395","549","674","C1840069"
"54345","2","5","3","19","221","321","428","541","667","C1840069"
"7249","2","3","7","60","57","110","141","359","462","C1840069"
"2261","2","5","7","53","14","20","25","40","186","C1840069"
"2071","2","3","12","19","31","261","116","159","211","C1840069"
"23556","2","3","2","61","77","142","176","235","317","C1840087"
"3691","2","5","7","53","51","342","454","573","492","C1840087"
"23556","2","3","2","61","77","142","176","235","317","C1840087"
"55650","2","3","2","61","77","142","176","235","557","C1840087"
"6870","2","5","4","68","96","326","427","548","672","C1840087"
"54714","2","5","8","63","36","166","106","110","158","C1840087"
"6208","2","3","2","110","85","237","433","547","671","C1840087"
"10293","2","3","12","41","116","268","434","468","213","C1840087"
"8678","2","3","12","41","219","339","156","568","605","C1840087"
"9531","2","3","12","41","219","339","347","271","356","C1840087"
"8242","2","3","12","19","31","1","426","55","78","C1840087"
"55636","2","3","3","19","221","321","428","423","389","C1840087"
"2303","2","5","3","19","221","321","428","541","667","C1840087"
"4054","2","5","7","53","51","342","454","573","492","C1840087"
"930","2","5","7","53","14","119","25","40","186","C1840087"
"26873","2","3","5","83","171","97","237","77","391","C1840087"
"2200","2","5","7","53","51","342","454","573","492","C1840087"
"7415","2","3","7","34","52","216","395","536","445","C1840087"
"5914","2","3","3","19","151","276","91","433","118","C1840087"
"9782","2","3","2","22","33","323","66","101","136","C1840087"
"8200","2","5","7","53","51","342","259","423","389","C1840087"
"5354","2","5","7","27","36","150","341","223","628","C1840087"
"10815","2","5","7","60","36","71","341","223","666","C1840087"
"3077","2","5","7","53","51","119","395","549","674","C1840235"
"9722","2","5","7","60","36","71","341","223","219","C1840235"
"1893","2","5","7","53","51","342","454","573","702","C1840235"
"55005","2","3","2","68","96","326","427","429","544","C1840235"
"9652","2","3","2","110","85","237","433","547","671","C1840235"
"9129","2","3","2","22","33","323","66","101","136","C1840236"
"7337","2","3","12","41","116","268","434","468","213","C1840236"
"1021","2","3","12","19","31","1","426","55","78","C1840253"
"8242","2","3","12","19","31","1","426","55","78","C1840253"
"4541","2","3","2","48","170","50","119","444","24","C1840253"
"84627","2","3","2","48","170","50","347","167","593","C1840253"
"3636","2","3","5","80","14","20","25","40","186","C1840253"
"4536","2","3","2","48","170","50","119","444","556","C1840253"
"2239","2","3","2","74","51","342","454","573","492","C1840253"
"2969","2","3","12","19","31","276","91","433","118","C1840253"
"2074","2","3","12","19","31","1","426","55","78","C1840305"
"215","2","3","5","47","144","185","238","310","392","C1840305"
"10484","2","3","7","60","153","40","38","54","203","C1840305"
"2263","2","5","7","53","14","20","25","40","186","C1840305"
"8864","2","3","3","19","151","276","91","433","118","C1840305"
"9839","2","3","3","19","221","321","428","541","667","C1840305"
"3848","2","5","7","34","52","225","142","220","298","C1840305"
"4830","2","3","2","72","109","182","235","307","506","C1840305"
"860","2","3","12","19","31","276","91","433","118","C1840305"
"7291","2","3","12","19","151","276","91","489","416","C1840305"
"567","2","5","7","34","52","119","395","549","674","C1840305"
"5354","2","5","7","27","36","150","341","223","628","C1840305"
"1280","2","5","7","53","51","342","454","573","492","C1840305"
"26525","2","5","7","53","219","119","156","568","697","C1840305"
"23431","2","5","7","60","18","184","341","544","669","C1840305"
"5518","2","3","12","76","153","40","38","54","435","C1840305"
"472","2","3","12","19","31","261","116","1","86","C1840305"
"27019","2","3","12","76","153","40","38","54","75","C1840305"
"5251","2","3","5","80","81","296","474","593","722","C1840305"
"36","2","3","2","48","170","50","119","444","556","C1840305"
"5631","2","3","2","72","119","109","266","336","452","C1840305"
"5195","2","3","5","43","161","305","409","208","482","C1840305"
"1896","2","5","12","41","219","339","156","568","697","C1840305"
"5053","2","3","5","80","81","166","236","308","390","C1840307"
"3115","2","5","7","53","184","119","156","287","116","C1840307"
"7157","2","3","12","19","31","261","402","489","551","C1840307"
"4703","2","5","7","60","45","23","103","464","187","C1840309"
"8506","2","5","7","53","51","342","454","573","492","C1840309"
"10020","2","3","2","89","124","204","42","452","258","C1840309"
"1285","2","5","7","53","51","342","454","573","492","C1840309"
"10049","2","3","12","22","219","339","347","271","356","C1840309"
"54476","2","3","12","41","219","339","156","568","697","C1840309"
"8456","2","3","3","19","221","321","428","541","667","C1840309"
"865","2","3","12","19","31","1","426","55","78","C1840310"
"338","2","5","7","53","51","342","454","573","492","C1840310"
"3284","2","3","2","69","98","169","299","183","243","C1840311"
"3190","2","3","2","22","33","323","66","101","136","C1840311"
"6239","2","3","12","19","119","330","214","454","144","C1840311"
"3329","2","3","2","48","170","50","304","167","593","C1840319"
"3931","2","3","5","116","183","295","454","243","327","C1840319"
"5922","2","5","7","60","54","24","30","46","72","C1840319"
"1280","2","5","7","53","51","342","454","573","492","C1840319"
"2261","2","5","7","53","14","20","25","40","186","C1840374"
"8626","2","3","3","19","221","321","428","541","667","C1840374"
"3605","2","5","7","53","51","119","25","489","416","C1840379"
"6866","2","5","4","68","96","326","427","548","672","C1840379"
"4524","2","3","2","15","166","104","369","117","583","C1840379"
"26040","2","3","12","19","31","1","116","297","78","C1840379"
"3835","2","3","12","76","153","40","38","54","75","C1840379"
"919","2","5","7","53","14","119","25","40","186","C1840379"
"5604","2","5","7","53","14","20","34","540","68","C1840379"
"1717","2","3","2","19","151","276","48","69","204","C1840379"
"4719","2","3","2","48","170","50","119","444","556","C1840379"
"5256","2","3","7","34","45","23","103","464","187","C1840379"
"4534","2","3","5","80","81","296","399","362","468","C1840379"
"3048","2","3","12","19","31","118","155","287","116","C1840379"
"549","2","3","5","80","81","166","114","155","202","C1840379"
"6331","2","5","8","63","36","166","341","223","158","C1840379"
"4683","2","3","12","19","31","261","116","1","86","C1840379"
"2316","2","5","7","53","51","342","454","573","702","C1840379"
"55624","2","3","2","78","123","194","255","215","412","C1840379"
"23384","2","3","12","63","45","184","103","572","658","C1840379"
"3479","2","5","7","53","51","342","454","573","492","C1840379"
"3265","2","5","7","60","54","24","30","46","72","C1840379"
"5422","2","3","12","19","31","261","116","1","86","C1840379"
"2122","2","3","12","19","31","1","426","55","78","C1840379"
"6495","2","3","3","19","221","321","428","541","667","C1840379"
"6571","2","3","8","60","36","71","341","223","624","C1840379"
"7249","2","3","7","60","57","110","141","359","462","C1840380"
"796","2","5","4","68","96","326","427","548","672","C1840380"
"26277","2","3","12","19","31","1","426","1","78","C1840380"
"2697","2","3","7","76","153","40","38","54","75","C1840380"
"1029","2","3","12","19","31","1","116","1","664","C1840380"
"1284","2","5","7","53","51","342","454","573","492","C1840380"
"10195","2","3","2","48","69","99","162","216","290","C1840380"
"5476","2","3","7","34","52","216","395","152","310","C1840380"
"3891","2","1","6","11","142","225","142","220","298","C1840380"
"545","2","3","12","19","31","261","116","1","86","C1840380"
"5728","2","3","5","80","81","339","156","568","605","C1840382"
"55135","2","3","12","76","137","76","136","472","435","C1840382"
"773","2","5","8","27","36","166","341","223","628","C1840382"
"2588","2","3","7","34","52","216","395","549","674","C1840382"
"27229","2","3","12","76","153","40","38","54","75","C1840382"
"1134","2","5","8","27","70","99","162","216","290","C1840402"
"5792","2","5","7","53","51","335","444","560","373","C1840402"
"3242","2","3","5","67","92","293","55","308","390","C1840418"
"641","2","3","12","19","31","261","116","1","86","C1840418"
"8892","2","3","2","110","85","237","433","547","671","C1840418"
"8924","2","3","12","41","116","268","434","468","213","C1840418"
"348","2","5","7","53","51","342","454","573","492","C1840452"
"3861","2","1","6","11","142","225","142","220","298","C1840452"
"2705","2","3","12","76","153","40","38","54","75","C1840457"
"4000","2","3","12","26","105","178","226","297","156","C1840457"
"10084","2","3","2","22","33","323","66","101","136","C1840457"
"6390","2","3","2","48","170","50","119","444","556","C1840457"
"7132","2","3","12","41","219","339","156","568","697","C1840457"
"3418","2","3","2","67","151","276","33","48","155","C1840457"
"55120","2","3","12","19","31","261","116","1","86","C1840457"
"23426","2","5","7","42","36","71","177","223","219","C1840457"
"351","2","5","4","68","96","326","188","145","193","C1840457"
"26277","2","3","12","19","31","1","426","1","78","C1840457"
"6310","2","3","12","22","142","225","366","362","468","C1840535"
"650","2","5","7","53","51","342","259","423","389","C1840535"
"2741","2","5","8","27","70","99","162","216","290","C1840535"
"657","2","5","7","53","221","342","259","423","389","C1840535"
"79659","2","3","12","76","153","40","38","54","75","C1840535"
"7737","2","3","12","22","33","268","434","468","213","C1840560"
"23594","2","3","12","76","153","261","116","1","86","C1840560"
"6310","2","3","12","22","142","225","366","362","468","C1840560"
"5314","2","3","12","76","153","40","38","54","75","C1841648"
"2317","2","5","7","63","45","23","103","287","664","C1841648"
"7994","2","3","12","19","31","1","426","55","78","C1841659"
"2260","2","5","7","53","14","20","25","40","186","C1841659"
"773","2","5","8","27","36","166","341","223","628","C1841659"
"8626","2","3","3","19","221","321","428","541","667","C1841659"
"6908","2","3","12","19","31","1","116","159","211","C1841659"
"1832","2","5","7","34","52","225","142","220","298","C1841659"
"8557","2","5","8","63","45","23","103","464","187","C1841659"
"2629","2","3","5","80","81","250","291","152","420","C1841659"
"54840","2","3","12","19","31","261","116","1","86","C1841659"
"183","2","5","4","68","96","326","427","548","672","C1841659"
"6330","2","5","8","63","36","166","341","223","158","C1841684"
"3872","2","1","6","11","142","225","142","220","298","C1841684"
"781","2","5","8","63","36","166","341","223","158","C1841684"
"5824","2","3","5","47","144","185","238","310","392","C1841684"
"4513","2","3","2","48","170","110","141","359","532","C1841990"
"8642","2","5","7","53","51","335","444","560","373","C1841990"
"9723","2","5","7","53","51","342","79","560","373","C1842028"
"9966","2","5","12","41","219","339","156","568","697","C1842028"
"23592","2","3","12","26","105","342","259","423","389","C1842028"
"1956","2","5","7","53","14","184","45","544","669","C1842036"
"1380","2","5","7","53","51","119","395","549","674","C1842036"
"23322","2","3","12","76","153","40","38","54","75","C1842060"
"54790","2","3","12","19","31","1","426","55","78","C1842060"
"367","2","3","12","19","31","276","91","433","118","C1842060"
"8050","2","3","2","67","92","293","55","75","311","C1842060"
"6389","2","3","2","48","170","50","119","444","556","C1842060"
"4204","2","3","12","19","31","1","426","55","78","C1842060"
"9401","2","3","12","76","31","261","116","1","86","C1842060"
"3889","2","1","6","11","142","225","142","220","298","C1842060"
"1636","2","3","5","80","81","166","397","418","568","C1842060"
"6299","2","3","12","19","221","321","428","541","667","C1842060"
"55654","2","3","2","22","33","323","66","198","270","C1842060"
"9365","2","3","7","53","14","20","25","40","186","C1842060"
"4613","2","3","12","19","31","1","426","55","78","C1842060"
"1103","2","3","2","67","92","293","55","75","311","C1842060"
"23474","2","3","12","19","31","1","91","433","118","C1842060"
"7249","2","3","7","60","57","110","141","359","462","C1842060"
"7169","2","5","8","63","45","23","103","464","187","C1842060"
"5742","2","3","5","91","175","134","167","224","301","C1842060"
"3852","2","1","6","11","142","225","142","220","298","C1842060"
"4261","2","3","12","53","184","119","156","287","116","C1842073"
"3481","2","5","7","53","51","342","454","573","492","C1842073"
"3984","2","5","7","53","14","20","34","540","68","C1842083"
"9401","2","3","12","76","31","261","116","1","86","C1842083"
"28952","2","3","12","41","116","268","434","468","213","C1842083"
"7201","2","5","4","68","96","326","427","548","672","C1842083"
"2572","2","3","2","67","57","190","152","197","93","C1842083"
"9321","2","3","12","76","153","40","38","54","203","C1842083"
"7422","2","5","7","53","51","342","454","573","702","C1842083"
"875","2","3","5","80","137","44","21","451","316","C1842083"
"54888","2","3","2","110","85","152","129","252","154","C1842083"
"55572","2","3","2","48","170","50","119","444","556","C1842083"
"7136","2","5","8","63","45","23","103","464","187","C1842083"
"2737","2","3","12","19","116","321","428","54","667","C1842083"
"1299","2","5","7","53","51","342","454","573","492","C1842083"
"8289","2","3","12","19","31","1","426","55","78","C1842083"
"6329","2","5","8","63","36","166","341","390","158","C1842083"
"10128","2","3","2","48","170","50","119","444","556","C1842083"
"5340","2","5","7","53","51","342","454","573","492","C1842083"
"10049","2","3","12","22","219","339","347","271","356","C1842083"
"871","2","5","7","53","51","342","454","573","492","C1842083"
"2260","2","5","7","53","14","20","25","40","186","C1842083"
"8100","2","3","12","76","153","40","38","54","75","C1842083"
"9149","2","5","7","53","14","20","34","540","68","C1842083"
"4359","2","5","7","53","51","342","454","573","492","C1842083"
"5885","2","3","12","76","153","40","38","54","75","C1842083"
"100","2","3","5","33","21","47","56","80","199","C1842083"
"213","2","5","7","53","51","342","454","573","492","C1842083"
"3458","2","5","7","53","184","119","156","287","116","C1842083"
"54585","2","3","12","76","153","76","38","54","75","C1842083"
"6736","2","3","12","19","31","276","91","433","667","C1842083"
"7439","2","5","8","63","45","23","34","464","187","C1842083"
"4644","2","5","7","60","54","184","141","359","411","C1842083"
"9131","2","3","12","41","219","339","347","271","356","C1842083"
"1134","2","5","8","27","70","99","162","216","290","C1842138"
"4540","2","3","2","48","170","50","119","444","556","C1842138"
"10269","2","3","2","48","182","50","119","444","556","C1842138"
"3664","2","5","7","53","184","119","156","287","116","C1842138"
"5828","2","3","5","43","161","305","409","208","482","C1842138"
"7018","2","5","7","53","51","342","454","573","669","C1842138"
"9499","2","5","7","53","51","23","103","464","187","C1842153"
"64135","2","3","12","41","219","339","156","568","605","C1842153"
"2767","2","5","4","68","96","326","427","548","672","C1842153"
"3105","2","5","7","53","51","119","156","287","116","C1842153"
"1029","2","3","12","19","31","1","116","1","664","C1842153"
"5518","2","3","12","76","153","40","38","54","435","C1842153"
"1716","2","3","2","27","36","150","221","138","188","C1842153"
"125","2","3","2","75","120","200","263","251","425","C1842153"
"1798","2","3","2","48","69","99","162","216","290","C1842153"
"7042","2","5","7","53","51","342","454","573","492","C1842153"
"4668","2","3","5","21","111","188","242","313","396","C1842153"
"3845","2","5","7","60","54","24","30","46","72","C1842153"
"2705","2","3","12","76","153","40","38","54","75","C1842153"
"4627","2","5","7","63","45","184","103","572","658","C1842153"
"440","2","3","2","101","62","189","182","509","154","C1842153"
"8398","2","3","5","116","183","40","38","352","455","C1842153"
"189","2","3","5","43","161","305","409","208","482","C1842155"
"5727","2","3","12","68","221","197","259","560","422","C1842155"
"3691","2","5","7","53","51","342","454","573","492","C1842155"
"30061","2","3","5","25","44","165","101","274","358","C1842155"
"51099","2","3","2","67","92","293","55","75","311","C1842155"
"4851","2","3","12","19","221","143","428","236","667","C1842155"
"1277","2","5","7","53","51","342","454","573","492","C1842155"
"5727","2","3","12","68","221","197","259","560","422","C1842155"
"9990","2","5","8","45","94","199","240","415","666","C1842161"
"8818","2","3","2","61","77","142","176","280","363","C1842161"
"5080","2","3","3","19","221","321","428","541","667","C1842161"
"29954","2","5","2","27","206","324","430","215","290","C1842170"
"7704","2","3","12","41","116","268","434","468","213","C1842170"
"4256","2","5","7","53","51","342","454","573","492","C1842170"
"23492","2","3","12","19","31","1","426","55","78","C1842170"
"54453","2","5","7","60","54","24","30","46","72","C1842170"
"3209","2","3","3","19","221","321","428","541","667","C1842170"
"4935","2","5","4","68","96","326","427","548","672","C1842170"
"29123","2","3","12","19","151","276","91","433","118","C1842170"
"3981","2","3","12","19","31","261","116","1","86","C1842170"
"415","2","3","5","105","155","250","291","152","420","C1842170"
"10329","2","3","2","63","123","194","423","536","544","C1842180"
"477","2","3","8","63","45","23","103","464","187","C1842180"
"9179","2","5","7","60","18","184","341","544","669","C1842229"
"2328","2","3","5","91","214","226","326","413","530","C1842229"
"2623","2","3","12","19","31","1","155","287","116","C1842229"
"3064","2","3","12","48","170","50","444","91","439","C1842229"
"3549","2","5","3","53","51","197","259","560","422","C1842229"
"1291","2","5","7","53","51","342","454","573","492","C1842231"
"4784","2","3","2","22","33","261","116","159","211","C1842231"
"8924","2","3","12","41","116","268","434","468","213","C1842231"
"977","2","5","7","53","51","342","454","573","492","C1842231"
"5896","2","3","12","41","116","268","434","568","605","C1842231"
"2570","2","5","8","27","70","99","162","216","290","C1842364"
"2992","2","3","7","34","52","216","395","549","674","C1842364"
"5824","2","3","5","47","144","185","238","310","392","C1842364"
"3756","2","5","8","63","36","166","106","110","158","C1842364"
"6794","2","3","12","53","14","20","34","540","68","C1842364"
"7486","2","3","12","19","31","261","116","1","86","C1842366"
"255239","2","5","8","67","36","71","177","75","311","C1842366"
"8985","2","5","7","53","51","342","454","573","492","C1842366"
"846","2","5","4","68","96","326","427","548","672","C1842366"
"8022","2","3","3","110","85","321","428","541","667","C1842366"
"11136","2","3","5","80","94","199","240","415","666","C1842366"
"4000","2","3","12","26","105","178","226","297","156","C1842366"
"79803","2","5","7","60","18","184","341","544","669","C1842366"
"9451","2","3","2","110","51","335","226","297","380","C1842366"
"23592","2","3","12","26","105","342","259","423","389","C1842366"
"3852","2","1","6","11","142","225","142","220","298","C1842366"
"1959","2","3","3","19","151","276","91","433","118","C1842366"
"1586","2","3","5","79","98","256","335","425","540","C1842366"
"2668","2","5","7","53","14","20","25","40","186","C1842366"
"5982","2","3","12","19","31","261","116","1","86","C1842366"
"3845","2","5","7","60","54","24","30","46","72","C1842366"
"7283","2","3","12","76","153","40","38","54","75","C1842366"
"1063","2","3","12","76","153","40","38","54","75","C1842366"
"940","2","5","7","53","14","20","25","40","186","C1842366"
"54714","2","5","8","63","36","166","106","110","158","C1842366"
"2736","2","3","12","41","116","321","428","54","667","C1842366"
"1493","2","5","7","53","51","119","25","40","186","C1842366"
"59","2","5","8","63","45","23","103","464","187","C1842366"
"9126","2","3","12","76","153","40","38","54","75","C1842366"
"8243","2","3","12","76","31","40","38","54","75","C1842366"
"2109","2","3","2","48","170","50","119","444","556","C1842366"
"5192","2","3","5","43","161","305","409","208","482","C1842366"
"5009","2","3","2","48","97","50","304","167","593","C1842366"
"154","2","5","4","68","96","326","427","548","669","C1842366"
"10087","2","3","7","50","47","39","100","321","255","C1842366"
"2697","2","3","7","76","153","40","38","54","75","C1842402"
"2218","2","5","2","53","123","194","255","560","373","C1842402"
"1806","2","3","2","49","23","186","149","195","61","C1842406"
"54463","2","3","2","48","57","110","141","359","462","C1842406"
"2767","2","5","4","68","96","326","427","548","672","C1842408"
"5339","2","5","7","53","51","342","454","573","492","C1842408"
"1956","2","5","7","53","14","184","45","544","669","C1842408"
"2022","2","5","7","53","51","342","259","423","389","C1842408"
"59","2","5","8","63","45","23","103","464","187","C1842408"
"5566","2","3","12","76","14","20","34","540","75","C1842408"
"5727","2","3","12","68","221","197","259","560","422","C1842408"
"3162","2","3","5","53","51","119","402","489","416","C1842408"
"4784","2","3","2","22","33","261","116","159","211","C1842408"
"2263","2","5","7","53","14","20","25","40","186","C1842466"
"8431","2","3","3","19","151","276","91","433","118","C1842466"
"2623","2","3","12","19","31","1","155","287","116","C1842528"
"7298","2","3","12","76","153","40","38","54","75","C1842528"
"7124","2","3","12","41","219","339","156","568","697","C1842528"
"215","2","3","5","47","144","185","238","310","392","C1842534"
"6390","2","3","2","48","170","50","119","444","556","C1842534"
"7401","2","5","7","60","83","101","126","170","224","C1842552"
"3295","2","3","5","43","161","305","409","208","482","C1842552"
"10982","2","3","12","76","153","40","38","54","75","C1842563"
"8647","2","3","5","46","158","252","352","449","563","C1842563"
"1281","2","5","7","53","51","342","454","573","492","C1842563"
"9378","2","5","7","27","36","71","341","223","219","C1842581"
"54332","2","3","2","60","170","40","98","66","203","C1842581"
"1301","2","5","7","53","51","342","454","573","492","C1842581"
"9723","2","5","7","53","51","342","79","560","373","C1842581"
"2752","2","3","2","101","62","189","182","509","409","C1842584"
"3930","2","3","2","22","33","323","66","3","464","C1842584"
"27130","2","3","12","48","45","143","38","236","69","C1842587"
"22796","2","5","7","60","153","40","38","66","203","C1842587"
"3269","2","5","4","68","96","326","427","548","672","C1842587"
"4194","2","3","12","19","31","339","156","568","605","C1842587"
"57822","2","3","12","19","31","1","426","55","78","C1842587"
"9509","2","5","7","53","51","342","454","573","492","C1842587"
"26137","2","5","7","63","45","184","103","572","658","C1842587"
"6491","2","3","12","76","153","40","38","54","75","C1842680"
"7169","2","5","8","63","45","23","103","464","187","C1842680"
"2773","2","5","4","68","96","326","427","548","672","C1842680"
"5339","2","5","7","53","51","342","454","573","492","C1842680"
"3265","2","5","7","60","54","24","30","46","72","C1842680"
"3889","2","1","6","11","142","225","142","220","298","C1842680"
"1301","2","5","7","53","51","342","454","573","492","C1842680"
"3090","2","3","12","19","31","1","426","55","664","C1842680"
"5077","2","3","3","19","221","321","428","541","667","C1842680"
"4286","2","3","12","19","31","261","116","1","664","C1842680"
"5009","2","3","2","48","97","50","304","167","593","C1842680"
"2157","2","5","7","53","51","342","454","573","702","C1842688"
"2201","2","5","7","53","51","342","454","573","492","C1842688"
"51520","2","3","2","110","85","237","433","547","154","C1842688"
"4683","2","3","12","19","31","261","116","1","86","C1842688"
"7422","2","5","7","53","51","342","454","573","702","C1842688"
"6557","2","5","8","45","94","199","240","415","666","C1842688"
"2693","2","5","4","68","96","326","427","548","672","C1842688"
"4792","2","3","12","41","219","339","156","568","605","C1842688"
"4645","2","3","4","67","92","293","55","75","311","C1842688"
"6910","2","3","12","19","51","335","444","560","373","C1842688"
"2263","2","5","7","53","14","20","25","40","186","C1842688"
"1586","2","3","5","79","98","256","335","425","540","C1842688"
"10019","2","5","7","53","14","20","25","40","116","C1842688"
"5075","2","3","3","19","221","321","428","541","667","C1842688"
"3043","2","5","7","34","52","216","395","549","116","C1842688"
"720","2","5","7","53","51","342","454","573","492","C1842688"
"4952","2","3","5","60","54","184","30","544","669","C1842688"
"2706","2","3","12","76","153","40","38","54","75","C1842688"
"9572","2","3","3","19","151","276","91","433","118","C1842688"
"4668","2","3","5","21","111","188","242","313","396","C1842688"
"286","2","5","7","60","153","40","38","54","203","C1842688"
"50640","2","3","5","116","183","295","398","243","327","C1842688"
"7421","2","3","3","19","151","276","91","433","118","C1842714"
"29978","2","5","7","60","116","268","341","544","669","C1842714"
"3845","2","5","7","60","54","24","30","46","72","C1842714"
"3728","2","5","7","34","52","225","142","220","298","C1842714"
"51360","2","3","3","26","35","276","91","433","203","C1842714"
"51360","2","3","3","26","35","276","91","433","203","C1842714"
"207","2","3","7","53","14","20","34","489","416","C1842714"
"1136","2","5","8","27","70","99","162","216","290","C1842714"
"8813","2","3","2","48","116","142","136","280","363","C1842714"
"6403","2","5","7","53","51","342","454","573","702","C1842714"
"1027","2","3","12","19","31","1","116","1","86","C1842870"
"5594","2","5","7","34","14","20","34","540","274","C1842870"
"5605","2","5","7","53","14","20","34","540","68","C1842870"
"2956","2","3","12","19","31","261","116","1","86","C1842870"
"596","2","3","12","19","219","339","402","489","416","C1842870"
"2720","2","3","7","34","52","216","395","21","599","C1842878"
"7403","2","3","12","19","31","1","426","55","78","C1842878"
"421","2","5","7","42","51","335","444","560","373","C1842878"
"7415","2","3","7","34","52","216","395","536","445","C1842878"
"3728","2","5","7","34","52","225","142","220","298","C1842878"
"3977","2","5","7","53","51","119","25","40","416","C1842878"
"5741","2","5","4","68","96","326","427","548","672","C1842878"
"3586","2","5","7","53","51","119","25","489","416","C1842878"
"2253","2","5","7","53","14","20","25","40","186","C1842878"
"10686","2","5","6","42","36","71","177","64","219","C1842892"
"5172","2","5","8","45","94","199","240","415","666","C1842892"
"1545","2","3","5","91","175","271","372","443","558","C1842892"
"58","2","5","8","63","45","23","103","464","187","C1842892"
"421","2","5","7","42","51","335","444","560","373","C1842914"
"1277","2","5","7","53","51","342","454","573","492","C1842914"
"2317","2","5","7","63","45","23","103","287","664","C1842914"
"4810","2","3","2","76","57","110","444","560","373","C1842914"
"9939","2","3","2","22","33","323","66","101","136","C1843005"
"3691","2","5","7","53","51","342","454","573","492","C1843005"
"8085","2","3","12","19","31","1","426","55","78","C1843005"
"6696","2","5","7","53","51","342","454","573","492","C1843005"
"5520","2","3","2","110","85","237","433","547","671","C1843005"
"4615","2","3","12","41","219","339","156","568","697","C1843005"
"4784","2","3","2","22","33","261","116","159","211","C1843005"
"5290","2","3","7","53","14","20","25","40","186","C1843005"
"5728","2","3","5","80","81","339","156","568","605","C1843005"
"2812","2","5","7","53","51","342","454","573","492","C1843005"
"9197","2","3","2","67","92","293","55","75","311","C1843005"
"8905","2","5","7","60","153","184","341","544","669","C1843005"
"9517","2","3","2","50","47","39","100","321","638","C1843005"
"2022","2","5","7","53","51","342","259","423","389","C1843005"
"93","2","5","7","53","14","20","259","423","389","C1843005"
"10653","2","5","7","68","51","114","162","321","475","C1843005"
"64220","2","3","2","69","83","101","126","170","224","C1843057"
"9820","2","3","12","41","116","268","434","468","213","C1843057"
"2006","2","5","7","53","51","342","454","573","492","C1843057"
"1281","2","5","7","53","51","342","454","573","492","C1843057"
"3239","2","3","3","19","221","321","428","541","667","C1843057"
"8742","2","3","12","41","219","339","156","568","697","C1843057"
"6295","2","3","4","68","45","272","427","518","621","C1843057"
"5327","2","5","7","53","51","342","454","573","492","C1843057"
"3800","2","5","7","27","36","150","341","223","628","C1843057"
"10841","2","3","2","76","153","40","38","54","48","C1843077"
"7378","2","3","5","80","81","296","62","94","150","C1843077"
"54487","2","3","2","22","33","323","66","101","136","C1843077"
"4524","2","3","2","15","166","104","369","117","583","C1843077"
"567","2","5","7","34","52","119","395","549","674","C1843077"
"54982","2","3","2","48","170","50","399","167","593","C1843077"
"5888","2","3","12","19","31","261","116","1","86","C1843077"
"25978","2","3","2","48","57","110","141","359","462","C1843077"
"8600","2","5","7","41","219","339","156","568","697","C1843112"
"128637","2","5","7","60","54","24","30","46","72","C1843112"
"3636","2","3","5","80","14","20","25","40","186","C1843112"
"7048","2","5","7","53","51","342","259","423","389","C1843139"
"3717","2","5","7","53","14","20","25","40","186","C1843139"
"1294","2","5","7","53","51","342","454","573","492","C1843139"
"5728","2","3","5","80","81","339","156","568","605","C1843146"
"55084","2","3","12","19","31","261","402","489","215","C1843146"
"9563","2","3","5","13","10","212","294","373","485","C1843156"
"30062","2","3","3","19","221","321","428","541","667","C1843156"
"9573","2","5","7","53","51","342","259","423","389","C1843156"
"2131","2","3","2","74","58","112","148","181","416","C1843156"
"3425","2","3","5","80","81","166","454","573","492","C1843156"
"1643","2","3","12","41","116","268","434","468","213","C1843156"
"760","2","3","5","35","41","77","40","78","178","C1843156"
"26119","2","5","7","60","14","184","341","544","669","C1843156"
"2719","2","5","7","53","51","342","454","573","492","C1843156"
"1294","2","5","7","53","51","342","454","573","492","C1843156"
"60","2","3","12","60","45","184","155","287","78","C1843156"
"344148","2","5","7","11","142","71","341","560","219","C1843156"
"126410","2","3","5","91","188","291","394","495","613","C1843156"
"3440","2","3","12","19","184","118","155","287","116","C1843156"
"5193","2","3","5","43","161","305","409","208","482","C1843156"
"3845","2","5","7","60","54","24","30","46","72","C1843156"
"10371","2","5","7","53","51","342","79","560","373","C1843156"
"4920","2","5","7","53","14","20","259","560","373","C1843156"
"4508","2","3","2","48","170","50","119","444","556","C1843156"
"10084","2","3","2","22","33","323","66","101","136","C1843156"
"5396","2","3","3","19","221","321","428","541","667","C1843156"
"4729","2","3","2","48","170","50","119","444","556","C1843156"
"5727","2","3","12","68","221","197","259","560","422","C1843156"
"3889","2","1","6","11","142","225","142","220","298","C1843168"
"6654","2","5","7","60","54","24","30","46","72","C1843168"
"2582","2","3","2","78","206","324","430","429","544","C1843168"
"54832","2","5","12","34","52","216","429","321","255","C1843168"
"7020","2","3","12","19","31","276","91","433","664","C1843187"
"6899","2","5","7","53","184","335","259","560","373","C1843187"
"959","2","5","7","53","51","119","395","549","674","C1843187"
"4508","2","3","2","48","170","50","119","444","556","C1843300"
"9451","2","3","2","110","51","335","226","297","380","C1843300"
"5317","2","5","7","34","52","216","142","220","298","C1843300"
"3712","2","3","2","48","170","50","119","444","556","C1843300"
"6574","2","3","8","45","94","199","240","415","666","C1843300"
"9782","2","3","2","22","33","323","66","101","136","C1843300"
"1261","2","5","8","63","36","166","106","110","158","C1843300"
"6736","2","3","12","19","31","276","91","433","667","C1843300"
"55704","2","3","12","76","153","40","38","54","75","C1843300"
"5745","2","5","4","68","96","326","427","548","672","C1843300"
"10269","2","3","2","48","182","50","119","444","556","C1843300"
"6335","2","5","8","63","36","166","341","390","158","C1843300"
"54345","2","5","3","19","221","321","428","541","667","C1843300"
"857","2","5","7","53","45","23","57","83","422","C1843300"
"4763","2","5","7","60","54","24","30","46","214","C1843300"
"627","2","5","7","53","51","335","444","423","373","C1843300"
"6595","2","3","12","19","31","1","426","55","78","C1843300"
"9786","2","3","12","76","153","40","38","54","75","C1843300"
"10225","2","5","7","53","51","119","395","549","674","C1843300"
"55033","2","3","2","110","105","178","226","297","380","C1843300"
"2074","2","3","12","19","31","1","426","55","78","C1843300"
"26137","2","5","7","63","45","184","103","572","658","C1843300"
"5396","2","3","3","19","221","321","428","541","667","C1843300"
"26353","2","3","12","76","45","160","347","271","356","C1843300"
"3549","2","5","3","53","51","197","259","560","422","C1843300"
"4068","2","5","7","53","51","119","25","549","674","C1843300"
"2110","2","3","2","48","170","50","119","444","556","C1843300"
"5317","2","5","7","34","52","216","142","220","298","C1843300"
"5831","2","3","2","101","62","189","182","566","409","C1843300"
"8675","2","5","7","60","54","24","98","66","203","C1843300"
"3178","2","3","2","22","33","323","66","101","136","C1843300"
"116519","2","5","7","53","51","342","454","573","492","C1843331"
"4352","2","5","7","53","14","20","25","40","186","C1843331"
"4735","2","3","12","76","153","40","38","54","75","C1843331"
"2737","2","3","12","19","116","321","428","54","667","C1843331"
"3418","2","3","2","67","151","276","33","48","155","C1843331"
"7466","2","5","7","53","51","342","454","573","492","C1843359"
"6647","2","3","2","95","2","342","378","173","702","C1843359"
"5832","2","3","2","101","62","189","182","509","252","C1843369"
"538","2","3","8","63","45","23","103","464","187","C1843369"
"5601","2","3","12","19","14","20","34","540","68","C1843369"
"10535","2","3","12","76","153","40","38","54","75","C1843371"
"10908","2","3","2","97","173","275","377","473","592","C1843371"
"3077","2","5","7","53","51","119","395","549","674","C1843372"
"100","2","3","5","33","21","47","56","80","199","C1843372"
"8928","2","3","12","19","221","321","259","423","389","C1843373"
"6605","2","3","12","19","31","1","426","55","78","C1843373"
"23522","2","3","12","19","31","1","426","55","78","C1843386"
"1499","2","3","12","19","221","197","259","560","422","C1843386"
"8106","2","3","2","22","33","323","66","101","136","C1843386"
"987","2","3","6","48","94","279","347","330","304","C1843386"
"7353","2","3","12","41","219","339","156","568","605","C1843389"
"26471","2","3","2","110","85","237","433","547","671","C1843389"
"7957","2","3","5","42","81","296","399","201","274","C1843390"
"26277","2","3","12","19","31","1","426","1","78","C1843390"
"2263","2","5","7","53","14","20","25","40","186","C1843392"
"2316","2","5","7","53","51","342","454","573","702","C1843392"
"5972","2","5","5","34","52","216","397","418","568","C1843392"
"4784","2","3","2","22","33","261","116","159","211","C1843392"
"4000","2","3","12","26","105","178","226","297","156","C1843392"
"549","2","3","5","80","81","166","114","155","202","C1843392"
"6662","2","3","3","19","221","321","428","541","667","C1843392"
"3845","2","5","7","60","54","24","30","46","72","C1843392"
"790","2","3","12","41","219","339","347","206","627","C1843392"
"2022","2","5","7","53","51","342","259","423","389","C1843392"
"3845","2","5","7","60","54","24","30","46","72","C1843392"
"4703","2","5","7","60","45","23","103","464","187","C1843392"
"5894","2","5","7","60","54","23","34","464","187","C1843392"
"7555","2","3","2","110","85","237","433","547","671","C1843392"
"1583","2","3","5","79","152","273","375","100","589","C1843463"
"4593","2","5","7","53","14","20","454","573","492","C1843463"
"3553","2","5","7","53","51","119","25","489","416","C1843486"
"6913","2","3","3","19","221","321","428","541","667","C1843486"
"51085","2","3","2","48","57","110","141","359","462","C1843496"
"1174","2","5","7","60","153","184","341","544","669","C1843496"
"55636","2","3","3","19","221","321","428","423","389","C1843496"
"55135","2","3","12","76","137","76","136","472","435","C1843496"
"1543","2","3","5","91","151","276","91","433","118","C1843496"
"6843","2","5","7","60","36","71","341","223","203","C1843504"
"8036","2","5","7","60","54","296","399","359","658","C1843504"
"4329","2","3","2","67","92","293","229","381","496","C1843504"
"857","2","5","7","53","45","23","57","83","422","C1843504"
"2218","2","5","2","53","123","194","255","560","373","C1843504"
"9031","2","3","12","19","31","1","426","55","78","C1843505"
"26277","2","3","12","19","31","1","426","1","78","C1843505"
"2677","2","5","7","53","51","342","454","573","492","C1843505"
"5728","2","3","5","80","81","339","156","568","605","C1843505"
"6648","2","3","2","95","151","160","378","173","229","C1843505"
"2629","2","3","5","80","81","250","291","152","420","C1843505"
"8216","2","3","12","41","119","330","214","454","144","C1843505"
"2176","2","3","12","19","31","261","116","1","86","C1843505"
"2201","2","5","7","53","51","342","454","573","492","C1843517"
"6478","2","3","12","41","116","268","434","468","213","C1843517"
"19","2","3","3","19","151","276","91","433","118","C1843637"
"3690","2","5","7","53","51","342","454","573","492","C1843637"
"650","2","5","7","53","51","342","259","423","389","C1843637"
"22926","2","3","12","19","31","276","91","433","118","C1843637"
"3074","2","3","7","34","52","216","395","549","607","C1843637"
"6295","2","3","4","68","45","272","427","518","621","C1843637"
"26278","2","3","12","41","116","268","347","271","356","C1843643"
"9786","2","3","12","76","153","40","38","54","75","C1843643"
"5328","2","5","7","34","52","216","395","549","674","C1843643"
"7044","2","5","7","53","51","342","454","573","702","C1843663"
"2626","2","3","12","19","31","118","155","287","116","C1843663"
"26119","2","5","7","60","14","184","341","544","669","C1843663"
"2643","2","3","5","87","91","75","204","267","352","C1843663"
"3730","2","5","7","53","14","20","25","40","186","C1843663"
"675","2","3","12","19","31","261","116","1","86","C1843663"
"22995","2","3","12","76","153","40","38","54","75","C1843663"
"7298","2","3","12","76","153","40","38","54","75","C1843663"
"55624","2","3","2","78","123","194","255","215","412","C1843663"
"6608","2","3","3","68","221","321","428","560","667","C1843663"
"5781","2","5","7","53","14","20","25","40","186","C1843663"
"10058","2","3","5","44","50","209","68","11","141","C1843663"
"54551","2","3","12","41","219","197","156","568","422","C1843663"
"4851","2","3","12","19","221","143","428","236","667","C1843663"
"3861","2","1","6","11","142","225","142","220","298","C1843663"
"1717","2","3","2","19","151","276","48","69","204","C1843663"
"26580","2","5","8","27","70","99","162","216","290","C1843687"
"23562","2","5","6","42","36","71","177","64","219","C1843687"
"6578","2","3","5","35","41","77","40","57","80","C1843687"
"5604","2","5","7","53","14","20","34","540","68","C1843687"
"55325","2","5","7","34","181","23","119","544","187","C1843687"
"4487","2","3","3","19","221","321","428","541","667","C1843687"
"2652","2","5","4","68","96","326","427","548","672","C1843687"
"6309","2","3","5","19","151","76","48","69","204","C1843687"
"5468","2","3","3","19","151","276","91","433","118","C1843687"
"2071","2","3","12","19","31","261","116","159","211","C1843687"
"7305","2","5","7","34","52","216","395","549","674","C1843687"
"4322","2","5","7","53","51","342","454","573","492","C1843687"
"3553","2","5","7","53","51","119","25","489","416","C1843687"
"8900","2","3","12","19","31","261","116","1","86","C1843687"
"633","2","5","7","53","51","342","454","573","492","C1843687"
"3786","2","5","8","63","36","166","106","110","158","C1843687"
"2108","2","3","2","48","170","50","119","444","556","C1843687"
"10157","2","3","5","71","102","175","222","290","371","C1843687"
"2956","2","3","12","19","31","261","116","1","86","C1843687"
"5230","2","3","12","72","167","266","367","500","577","C1843687"
"8192","2","3","2","48","170","50","119","444","556","C1843687"
"9939","2","3","2","22","33","323","66","101","136","C1843697"
"3172","2","3","3","19","151","276","91","433","118","C1843697"
"3845","2","5","7","60","54","24","30","46","72","C1843697"
"3162","2","3","5","53","51","119","402","489","416","C1843697"
"4654","2","3","12","19","31","276","91","433","118","C1843697"
"1717","2","3","2","19","151","276","48","69","204","C1843697"
"53834","2","5","7","53","51","342","454","573","492","C1843700"
"7015","2","3","12","19","31","1","426","55","78","C1843700"
"547","2","3","7","76","153","40","38","54","75","C1843700"
"7428","2","3","12","41","116","268","434","468","213","C1843700"
"9990","2","5","8","45","94","199","240","415","666","C1843700"
"778","2","5","8","63","36","166","341","223","158","C1843700"
"7048","2","5","7","53","51","342","259","423","389","C1843700"
"6689","2","3","12","19","31","276","91","433","118","C1843700"
"26277","2","3","12","19","31","1","426","1","78","C1843700"
"7249","2","3","7","60","57","110","141","359","462","C1843700"
"25814","2","3","2","48","170","110","119","444","462","C1843700"
"1280","2","5","7","53","51","342","454","573","492","C1843700"
"6017","2","3","2","69","83","101","126","170","224","C1843700"
"3930","2","3","2","22","33","323","66","3","464","C1843700"
"29887","2","3","7","60","18","110","141","198","270","C1843700"
"182","2","5","7","53","51","143","428","236","667","C1843700"
"2200","2","5","7","53","51","342","454","573","492","C1843765"
"1855","2","5","12","76","153","197","259","560","422","C1843765"
"6913","2","3","3","19","221","321","428","541","667","C1843765"
"2068","2","3","12","19","31","261","116","159","211","C1843765"
"8200","2","5","7","53","51","342","259","423","389","C1843793"
"4594","2","3","7","48","92","261","116","186","245","C1843793"
"51185","2","3","2","22","33","323","66","101","136","C1843851"
"112744","2","5","7","53","51","119","259","489","416","C1843851"
"1482","2","3","3","19","221","321","428","541","667","C1843859"
"11107","2","3","12","19","31","1","426","55","78","C1843859"
"128866","2","3","2","48","57","110","141","359","462","C1843865"
"3949","2","5","7","60","14","184","341","544","669","C1843865"
"4148","2","5","7","53","51","342","454","573","492","C1843865"
"4000","2","3","12","26","105","178","226","297","156","C1843865"
"6905","2","3","12","76","153","40","38","54","75","C1843865"
"54977","2","3","2","110","85","118","155","287","116","C1843865"
"3553","2","5","7","53","51","119","25","489","416","C1843865"
"27077","2","3","12","76","153","40","38","54","75","C1843885"
"4982","2","5","12","41","219","339","156","568","697","C1843885"
"8243","2","3","12","76","31","40","38","54","75","C1843885"
"171023","2","3","12","41","116","268","426","55","78","C1843885"
"242","2","3","5","11","142","223","142","220","298","C1843921"
"5396","2","3","3","19","221","321","428","541","667","C1843921"
"9927","2","3","12","19","31","118","155","287","116","C1843921"
"8988","2","3","8","63","45","160","103","464","187","C1843921"
"3977","2","5","7","53","51","119","25","40","416","C1843921"
"26123","2","3","2","76","153","40","38","54","75","C1843921"
"4000","2","3","12","26","105","178","226","297","156","C1843921"
"4683","2","3","12","19","31","261","116","1","86","C1843921"
"1536","2","5","7","34","52","216","395","549","674","C1843921"
"79581","2","3","5","38","134","174","476","178","237","C1843921"
"6497","2","5","3","19","221","342","259","423","389","C1843921"
"5626","2","3","3","19","221","321","428","541","667","C1843921"
"2055","2","3","2","27","36","150","402","223","628","C1843921"
"5566","2","3","12","76","14","20","34","540","75","C1843921"
"3553","2","5","7","53","51","119","25","489","416","C1843921"
"3689","2","5","7","34","52","216","395","549","674","C1843921"
"10800","2","5","4","68","96","326","427","548","672","C1843921"
"26608","2","3","2","22","170","50","119","463","153","C1843921"
"51601","2","3","2","67","92","293","55","75","311","C1843921"
"9775","2","3","2","22","33","323","66","101","136","C1844007"
"5290","2","3","7","53","14","20","25","40","186","C1844007"
"59","2","5","8","63","45","23","103","464","187","C1844007"
"9791","2","3","8","45","94","199","240","415","666","C1844374"
"1788","2","3","12","19","31","1","426","55","78","C1844374"
"2512","2","3","7","34","52","216","395","544","358","C1844374"
"8139","2","3","12","41","116","268","434","468","213","C1844374"
"3481","2","5","7","53","51","342","454","573","492","C1844374"
"4625","2","3","8","63","45","23","103","464","187","C1844374"
"4976","2","3","2","48","170","50","119","444","556","C1844380"
"4436","2","3","12","19","31","261","116","1","86","C1844380"
"2998","2","3","2","28","22","48","232","82","114","C1844380"
"4914","2","3","2","22","18","266","202","252","252","C1844382"
"5119","2","3","2","48","57","110","141","359","462","C1844382"
"9652","2","3","2","110","85","237","433","547","671","C1844382"
"6314","2","3","12","19","31","1","426","568","78","C1844384"
"6499","2","3","2","110","85","237","433","547","671","C1844384"
"7957","2","3","5","42","81","296","399","201","274","C1844384"
"1804","2","5","7","27","36","150","341","223","628","C1844384"
"2155","2","5","7","53","51","119","454","549","674","C1844384"
"6331","2","5","8","63","36","166","341","223","158","C1844384"
"1832","2","5","7","34","52","225","142","220","298","C1844384"
"2263","2","5","7","53","14","20","25","40","186","C1844384"
"2316","2","5","7","53","51","342","454","573","702","C1844384"
"3557","2","3","12","41","219","339","156","568","697","C1844384"
"1747","2","3","3","19","221","321","428","541","667","C1844384"
"11107","2","3","12","19","31","1","426","55","78","C1844384"
"5894","2","5","7","60","54","23","34","464","187","C1844384"
"3251","2","3","4","68","96","326","427","341","150","C1844385"
"3594","2","5","7","53","51","119","25","560","373","C1844385"
"5144","2","3","4","68","96","326","427","548","672","C1844385"
"121391","2","1","6","11","142","225","142","220","298","C1844390"
"10002","2","3","3","19","151","276","91","433","118","C1844390"
"8722","2","3","7","76","153","40","38","54","75","C1844394"
"6855","2","5","7","27","36","150","341","223","628","C1844394"
"6845","2","5","7","60","14","184","341","544","669","C1844394"
"1281","2","5","7","53","51","342","454","573","492","C1844505"
"23209","2","5","8","63","45","23","103","464","187","C1844505"
"51218","2","3","2","48","170","50","119","100","556","C1844505"
"12","2","5","7","34","52","216","395","549","674","C1844505"
"257","2","3","3","19","221","321","428","541","667","C1844505"
"1540","2","3","12","41","219","339","156","568","605","C1844505"
"629","2","5","7","53","51","119","395","549","674","C1844505"
"8878","2","3","12","41","219","339","156","568","697","C1844505"
"975","2","5","7","53","51","119","395","549","674","C1844505"
"6913","2","3","3","19","221","321","428","541","667","C1844505"
"54982","2","3","2","48","170","50","399","167","593","C1844505"
"26137","2","5","7","63","45","184","103","572","658","C1844505"
"4791","2","3","12","41","219","339","156","568","697","C1844505"
"7078","2","5","7","53","51","342","454","573","702","C1844505"
"2261","2","5","7","53","14","20","25","40","186","C1844505"
"5781","2","5","7","53","14","20","25","40","186","C1844505"
"10979","2","5","7","53","45","342","103","573","701","C1844505"
"23462","2","3","12","19","31","143","428","236","667","C1844505"
"6310","2","3","12","22","142","225","366","362","468","C1844505"
"5888","2","3","12","19","31","261","116","1","86","C1844505"
"27019","2","3","12","76","153","40","38","54","75","C1844505"
"6611","2","3","2","58","55","25","46","329","198","C1844505"
"25782","2","5","7","60","54","24","30","46","72","C1844505"
"3291","2","3","2","69","83","101","94","133","318","C1844505"
"7809","2","5","8","63","45","23","34","464","187","C1844505"
"5313","2","3","2","90","167","321","428","541","115","C1844505"
"51715","2","5","7","60","54","24","30","46","72","C1844505"
"2261","2","5","7","53","14","20","25","40","186","C1844505"
"3741","2","5","8","63","36","166","106","110","158","C1844505"
"4719","2","3","2","48","170","50","119","444","556","C1844505"
"9968","2","4","3","24","119","330","214","454","144","C1844505"
"6899","2","5","7","53","184","335","259","560","373","C1844505"
"5290","2","3","7","53","14","20","25","40","186","C1844505"
"54658","2","3","2","78","205","207","67","355","138","C1844508"
"673","2","5","7","53","14","20","34","540","68","C1844508"
"27032","2","5","8","63","45","23","103","464","187","C1844508"
"5897","2","3","12","41","116","268","141","568","605","C1844508"
"10269","2","3","2","48","182","50","119","444","556","C1844508"
"1828","2","5","7","34","52","216","142","220","298","C1844508"
"25939","2","3","12","53","184","119","156","287","116","C1844509"
"8195","2","3","12","76","153","76","38","54","75","C1844509"
"1577","2","3","5","91","214","226","400","204","264","C1844527"
"51733","2","3","5","80","23","257","357","455","508","C1844527"
"5156","2","5","7","53","14","20","25","40","186","C1844527"
"10013","2","3","12","19","31","143","91","236","311","C1844527"
"22891","2","3","12","76","153","40","341","54","75","C1844527"
"9487","2","3","5","80","81","142","176","235","317","C1844527"
"4547","2","5","7","53","51","342","454","573","492","C1844527"
"6524","2","5","8","45","94","199","240","415","666","C1844527"
"5743","2","3","5","53","175","119","167","489","416","C1844527"
"1409","2","3","12","76","153","40","38","54","75","C1844527"
"4615","2","3","12","41","219","339","156","568","697","C1844527"
"10804","2","3","12","76","153","40","38","54","75","C1844527"
"4282","2","5","7","34","52","216","395","549","674","C1844548"
"3949","2","5","7","60","14","184","341","544","669","C1844548"
"948","2","5","7","34","52","216","91","433","702","C1844548"
"10102","2","3","2","48","182","67","76","463","153","C1844548"
"1201","2","3","2","48","170","50","304","167","593","C1844548"
"6913","2","3","3","19","221","321","428","541","667","C1844548"
"9049","2","3","3","41","151","276","378","271","356","C1844548"
"8481","2","3","12","76","153","40","38","54","75","C1844548"
"1536","2","5","7","34","52","216","395","549","674","C1844548"
"22858","2","3","7","53","14","20","34","540","68","C1844548"
"55687","2","3","2","48","170","152","119","252","154","C1844548"
"5296","2","5","7","53","14","20","25","40","186","C1844548"
"54209","2","5","7","53","51","119","395","549","674","C1844548"
"9742","2","3","12","76","153","40","38","54","75","C1844548"
"2184","2","3","5","76","153","138","236","332","407","C1844548"
"51360","2","3","3","26","35","276","91","433","203","C1844548"
"3728","2","5","7","34","52","225","142","220","298","C1844548"
"1311","2","5","7","53","51","342","454","573","492","C1844554"
"2263","2","5","7","53","14","20","25","40","186","C1844554"
"3516","2","3","12","19","31","143","428","236","667","C1844554"
"5264","2","3","5","43","161","305","409","208","482","C1844554"
"11232","2","3","3","19","151","276","91","433","118","C1844554"
"6556","2","3","7","34","52","216","395","549","674","C1844554"
"2517","2","3","7","34","52","216","395","549","674","C1844554"
"10815","2","5","7","60","36","71","341","223","666","C1844555"
"29887","2","3","7","60","18","110","141","198","270","C1844555"
"1281","2","5","7","53","51","342","454","573","492","C1844555"
"7538","2","3","2","22","33","323","66","101","136","C1844555"
"25913","2","3","12","19","31","261","116","1","78","C1844555"
"5728","2","3","5","80","81","339","156","568","605","C1844555"
"6352","2","5","4","68","96","326","427","548","672","C1844555"
"8600","2","5","7","41","219","339","156","568","697","C1844562"
"4842","2","3","5","63","45","71","177","464","219","C1844562"
"6870","2","5","4","68","96","326","427","548","672","C1844562"
"4644","2","5","7","60","54","184","141","359","411","C1844562"
"5073","2","3","2","110","85","323","433","146","194","C1844573"
"4210","2","3","12","41","219","339","156","568","697","C1844573"
"2316","2","5","7","53","51","342","454","573","702","C1844573"
"84676","2","3","12","41","116","268","434","468","213","C1844573"
"4671","2","3","12","41","219","339","156","568","697","C1844573"
"4323","2","5","7","53","51","342","454","573","492","C1844573"
"30009","2","5","7","53","51","119","25","549","674","C1844573"
"5244","2","3","3","41","151","276","91","433","118","C1844573"
"4313","2","5","7","53","51","342","454","573","492","C1844577"
"2516","2","3","3","19","151","276","91","433","118","C1844577"
"3265","2","5","7","60","54","24","30","46","72","C1844577"
"2314","2","3","12","63","45","184","103","572","658","C1844577"
"8290","2","3","12","19","31","1","426","55","78","C1844577"
"6010","2","5","4","68","96","326","427","548","672","C1844577"
"8924","2","3","12","41","116","268","434","468","213","C1844577"
"3785","2","5","8","63","36","166","106","110","158","C1844592"
"5325","2","3","12","19","31","198","261","146","118","C1844592"
"6863","2","5","4","68","96","326","427","548","672","C1844592"
"5824","2","3","5","47","144","185","238","310","392","C1844592"
"3239","2","3","3","19","221","321","428","541","667","C1844592"
"190","2","3","3","19","151","276","91","433","118","C1844592"
"1080","2","3","12","41","219","339","156","544","669","C1844592"
"1493","2","5","7","53","51","119","25","40","186","C1844592"
"3458","2","5","7","53","184","119","156","287","116","C1844592"
"8787","2","5","4","68","96","326","427","548","672","C1844592"
"4352","2","5","7","53","14","20","25","40","186","C1844592"
"50945","2","3","3","48","170","335","347","560","373","C1844592"
"7280","2","3","12","76","153","40","38","54","75","C1844592"
"3043","2","5","7","34","52","216","395","549","116","C1844592"
"8200","2","5","7","53","51","342","259","423","389","C1844592"
"2074","2","3","12","19","31","1","426","55","78","C1844592"
"3623","2","5","7","53","51","342","259","423","389","C1844592"
"4318","2","5","7","34","52","216","395","573","492","C1844597"
"5189","2","3","5","43","161","305","409","208","482","C1844597"
"2254","2","5","7","53","14","20","25","40","186","C1844597"
"5378","2","3","12","19","31","261","116","1","86","C1844597"
"7259","2","3","12","19","31","1","426","55","78","C1844597"
"24","2","3","12","41","116","268","423","536","445","C1844605"
"6334","2","5","8","63","36","166","341","223","158","C1844605"
"3954","2","3","2","48","170","67","119","444","593","C1844606"
"7468","2","3","12","19","31","1","426","55","78","C1844606"
"3284","2","3","2","69","98","169","299","183","243","C1844632"
"7403","2","3","12","19","31","1","426","55","78","C1844632"
"8314","2","3","12","41","31","1","426","55","78","C1844662"
"1280","2","5","7","53","51","342","454","573","492","C1844662"
"658","2","5","7","53","51","342","259","423","389","C1844666"
"2068","2","3","12","19","31","261","116","159","211","C1844666"
"2627","2","3","12","19","31","118","155","287","116","C1844666"
"668","2","3","12","19","221","321","428","541","664","C1844666"
"3643","2","5","7","53","14","20","25","40","186","C1844666"
"2657","2","5","7","53","51","342","259","423","389","C1844689"
"51360","2","3","3","26","35","276","91","433","203","C1844689"
"8600","2","5","7","41","219","339","156","568","697","C1844689"
"5728","2","3","5","80","81","339","156","568","605","C1844690"
"3998","2","3","7","60","153","40","202","66","203","C1844690"
"9152","2","5","8","45","94","199","240","415","666","C1844690"
"9469","2","3","2","103","189","303","29","475","467","C1844709"
"925","2","5","7","53","51","119","395","549","674","C1844709"
"4990","2","3","3","19","221","321","428","541","667","C1844709"
"695","2","5","7","53","14","20","25","40","186","C1844709"
"8302","2","5","7","53","51","119","395","549","674","C1844709"
"4952","2","3","5","60","54","184","30","544","669","C1844738"
"8260","2","3","12","41","85","266","76","287","78","C1844738"
"5979","2","5","7","53","14","20","25","40","186","C1844738"
"990","2","3","12","76","31","261","116","1","86","C1844738"
"6899","2","5","7","53","184","335","259","560","373","C1844738"
"2773","2","5","4","68","96","326","427","548","672","C1844738"
"8625","2","3","12","19","31","276","91","236","118","C1844749"
"1523","2","3","3","19","221","321","428","541","667","C1844749"
"25814","2","3","2","48","170","110","119","444","462","C1844749"
"4867","2","5","7","76","153","40","38","54","75","C1844749"
"11285","2","3","2","74","205","191","396","408","620","C1844749"
"4287","2","3","12","41","116","268","434","468","215","C1844749"
"3123","2","5","7","53","51","119","156","287","116","C1844749"
"1289","2","5","7","53","51","342","454","573","492","C1844749"
"2261","2","5","7","53","14","20","25","40","186","C1844749"
"9627","2","3","12","19","31","1","426","55","78","C1844749"
"8089","2","3","12","19","31","1","426","55","78","C1844749"
"26277","2","3","12","19","31","1","426","1","78","C1844749"
"23384","2","3","12","63","45","184","103","572","658","C1844749"
"1145","2","5","8","27","70","99","162","216","290","C1844749"
"4534","2","3","5","80","81","296","399","362","468","C1844749"
"1301","2","5","7","53","51","342","454","573","492","C1844749"
"3033","2","3","2","67","80","145","179","239","618","C1844752"
"54101","2","3","2","48","170","50","347","167","593","C1844752"
"1528","2","3","5","91","214","271","372","471","586","C1844752"
"6731","2","3","2","110","85","237","433","547","671","C1844752"
"3091","2","3","12","41","116","276","91","433","605","C1844752"
"6648","2","3","2","95","151","160","378","173","229","C1844752"
"29760","2","5","7","53","14","20","25","40","186","C1844752"
"10479","2","5","7","27","36","150","341","223","628","C1844753"
"1401","2","5","7","53","51","119","395","573","492","C1844753"
"9401","2","3","12","76","31","261","116","1","86","C1844806"
"1356","2","3","7","53","51","342","454","573","492","C1844806"
"2263","2","5","7","53","14","20","25","40","186","C1844806"
"9126","2","3","12","76","153","40","38","54","75","C1844806"
"650","2","5","7","53","51","342","259","423","389","C1844806"
"5167","2","3","5","32","93","163","207","303","126","C1844806"
"5551","2","5","7","53","51","119","395","549","674","C1844806"
"545","2","3","12","19","31","261","116","1","86","C1844806"
"2719","2","5","7","53","51","342","454","573","492","C1844806"
"1293","2","5","7","53","51","342","454","573","492","C1844806"
"526","2","3","5","29","88","132","172","199","308","C1844806"
"975","2","5","7","53","51","119","395","549","674","C1844806"
"4137","2","3","7","27","36","150","341","223","628","C1844806"
"29995","2","5","5","68","96","185","238","310","272","C1844806"
"6855","2","5","7","27","36","150","341","223","628","C1844806"
"1594","2","3","5","92","163","96","363","460","487","C1844806"
"6469","2","5","3","53","221","197","259","560","422","C1844806"
"3123","2","5","7","53","51","119","156","287","116","C1844809"
"2314","2","3","12","63","45","184","103","572","658","C1844809"
"4920","2","5","7","53","14","20","259","560","373","C1844809"
"1184","2","5","8","63","45","23","34","464","187","C1844809"
"83452","2","5","7","60","54","24","30","46","72","C1844809"
"5781","2","5","7","53","14","20","25","40","186","C1844813"
"54567","2","5","7","53","51","143","428","236","667","C1844813"
"650","2","5","7","53","51","342","259","423","389","C1844813"
"10014","2","3","12","19","31","276","91","433","118","C1844813"
"3190","2","3","2","22","33","323","66","101","136","C1844813"
"1291","2","5","7","53","51","342","454","573","492","C1844813"
"1280","2","5","7","53","51","342","454","573","492","C1844813"
"919","2","5","7","53","14","119","25","40","186","C1844813"
"51741","2","3","2","22","33","323","66","101","127","C1844813"
"3955","2","5","8","89","124","143","428","236","667","C1844813"
"27031","2","3","6","11","142","225","38","331","506","C1844813"
"1106","2","3","12","19","31","1","426","55","78","C1844813"
"6689","2","3","12","19","31","276","91","433","118","C1844813"
"9496","2","5","6","11","142","225","142","220","673","C1844813"
"2760","2","3","7","34","52","216","395","549","674","C1844813"
"1280","2","5","7","53","51","342","454","573","492","C1844813"
"9968","2","4","3","24","119","330","214","454","144","C1844813"
"2317","2","5","7","63","45","23","103","287","664","C1844813"
"2006","2","5","7","53","51","342","454","573","492","C1844813"
"10087","2","3","7","50","47","39","100","321","255","C1844813"
"29899","2","5","4","68","96","326","427","548","672","C1844813"
"2073","2","3","12","19","31","261","116","1","86","C1844813"
"7547","2","3","3","19","221","321","428","541","667","C1844813"
"92","2","5","7","53","14","20","259","423","389","C1844813"
"7490","2","3","3","19","221","321","428","541","667","C1844813"
"6392","2","3","2","48","170","50","119","444","556","C1844813"
"861","2","3","12","19","31","1","426","55","78","C1844813"
"4041","2","5","3","68","221","197","259","560","422","C1844813"
"3265","2","5","7","60","54","24","30","46","72","C1844813"
"9085","2","3","12","19","31","1","426","55","78","C1844813"
"5332","2","3","4","68","96","326","427","548","672","C1844813"
"2053","2","3","5","80","81","305","409","208","482","C1844820"
"8260","2","3","12","41","85","266","76","287","78","C1844820"
"5159","2","5","7","53","14","20","25","40","186","C1844820"
"51360","2","3","3","26","35","276","91","433","203","C1844820"
"5745","2","5","4","68","96","326","427","548","672","C1844820"
"54499","2","3","2","48","170","50","119","444","593","C1844820"
"9049","2","3","3","41","151","276","378","271","356","C1844820"
"6392","2","3","2","48","170","50","119","444","556","C1844820"
"2950","2","5","7","34","52","216","395","549","674","C1844820"
"8200","2","5","7","53","51","342","259","423","389","C1844820"
"4358","2","3","5","43","161","305","409","208","482","C1844820"
"54790","2","3","12","19","31","1","426","55","78","C1844820"
"25978","2","3","2","48","57","110","141","359","462","C1844820"
"358","2","3","5","80","81","166","397","374","486","C1844820"
"3162","2","3","5","53","51","119","402","489","416","C1844820"
"5295","2","5","7","53","14","20","25","40","186","C1844820"
"27077","2","3","12","76","153","40","38","54","75","C1844820"
"5080","2","3","3","19","221","321","428","541","667","C1844820"
"860","2","3","12","19","31","276","91","433","118","C1844820"
"1147","2","3","12","41","219","339","156","568","697","C1844820"
"4313","2","5","7","53","51","342","454","573","492","C1844820"
"2592","2","3","2","68","117","196","257","326","419","C1844820"
"2301","2","5","6","11","142","225","142","220","673","C1844820"
"1282","2","5","7","53","51","342","454","573","492","C1844820"
"4247","2","3","2","68","67","320","98","180","279","C1844820"
"7291","2","3","12","19","151","276","91","489","416","C1844820"
"6664","2","3","3","19","221","321","428","541","667","C1844820"
"8815","2","3","12","22","33","323","66","444","664","C1844820"
"56623","2","3","5","80","81","296","118","543","214","C1844820"
"4987","2","5","4","68","96","326","427","548","672","C1844820"
"10243","2","3","2","27","91","71","204","267","352","C1844820"
"1806","2","3","2","49","23","186","149","195","61","C1844820"
"5468","2","3","3","19","151","276","91","433","118","C1844825"
"2629","2","3","5","80","81","250","291","152","420","C1844825"
"9640","2","3","12","19","31","261","116","159","211","C1844825"
"5979","2","5","7","53","14","20","25","40","186","C1844825"
"6833","2","5","8","45","36","166","240","415","666","C1844825"
"1471","2","5","7","34","52","216","395","549","492","C1844825"
"1512","2","5","7","34","52","216","395","549","674","C1844825"
"7155","2","3","12","19","31","261","116","1","664","C1844857"
"4352","2","5","7","53","14","20","25","40","186","C1844857"
"9990","2","5","8","45","94","199","240","415","666","C1844891"
"538","2","3","8","63","45","23","103","464","187","C1844891"
"8139","2","3","12","41","116","268","434","468","213","C1844891"
"5290","2","3","7","53","14","20","25","40","186","C1844891"
"9997","2","3","2","48","170","50","119","444","556","C1844891"
"596","2","3","12","19","219","339","402","489","416","C1844906"
"3918","2","5","7","53","51","342","454","573","492","C1844906"
"7432","2","5","4","68","96","326","427","548","672","C1844906"
"3481","2","5","7","53","51","342","454","573","492","C1845019"
"2068","2","3","12","19","31","261","116","159","211","C1845019"
"9031","2","3","12","19","31","1","426","55","78","C1845019"
"2534","2","5","7","53","14","20","25","40","186","C1845069"
"6013","2","3","4","32","96","326","427","548","672","C1845069"
"57560","2","3","12","76","153","40","38","54","75","C1845110"
"54805","2","5","7","26","94","85","189","247","333","C1845110"
"5818","2","5","7","53","51","335","444","560","373","C1845110"
"5265","2","5","7","34","52","216","395","573","702","C1845123"
"1281","2","5","7","53","51","342","454","573","492","C1845123"
"5075","2","3","3","19","221","321","428","541","667","C1845123"
"29078","2","3","2","48","170","50","119","444","556","C1845123"
"10908","2","3","2","97","173","275","377","473","592","C1845123"
"9180","2","5","7","53","51","119","25","549","416","C1845123"
"5889","2","3","12","19","31","261","116","1","86","C1845123"
"2261","2","5","7","53","14","20","25","40","186","C1845151"
"2353","2","3","12","19","31","1","91","489","416","C1845151"
"2296","2","3","3","19","221","321","428","541","667","C1845155"
"9451","2","3","2","110","51","335","226","297","380","C1845155"
"1290","2","5","7","53","51","342","454","573","492","C1845155"
"411","2","3","7","34","52","216","395","549","674","C1845155"
"1340","2","3","2","48","170","50","141","359","462","C1845169"
"5604","2","5","7","53","14","20","34","540","68","C1845169"
"4830","2","3","2","72","109","182","235","307","506","C1845169"
"54361","2","5","3","68","221","197","259","560","422","C1845169"
"6662","2","3","3","19","221","321","428","541","667","C1845169"
"1280","2","5","7","53","51","342","454","573","492","C1845169"
"2263","2","5","7","53","14","20","25","40","186","C1845169"
"23767","2","5","7","53","14","20","25","40","186","C1845206"
"9640","2","3","12","19","31","261","116","159","211","C1845206"
"2629","2","3","5","80","81","250","291","152","420","C1845206"
"5781","2","5","7","53","14","20","25","40","186","C1845206"
"8092","2","3","3","19","221","321","428","541","667","C1845206"
"5460","2","3","3","19","221","321","428","541","667","C1845206"
"6231","2","3","2","110","85","237","433","547","671","C1845206"
"1298","2","5","7","53","51","342","454","573","492","C1845206"
"3796","2","3","12","76","153","40","38","54","75","C1845206"
"540","2","5","8","63","45","23","103","464","187","C1845245"
"7535","2","5","7","53","14","20","25","40","186","C1845245"
"9573","2","5","7","53","51","342","259","423","389","C1845250"
"3207","2","3","3","19","221","321","428","541","667","C1845250"
"1786","2","3","12","19","31","1","426","55","78","C1845251"
"4041","2","5","3","68","221","197","259","560","422","C1845251"
"5465","2","3","3","19","151","276","91","433","118","C1845251"
"2697","2","3","7","76","153","40","38","54","75","C1845272"
"3766","2","5","8","63","36","166","106","110","158","C1845272"
"2006","2","5","7","53","51","342","454","573","492","C1845272"
"421","2","5","7","42","51","335","444","560","373","C1845272"
"2796","2","5","4","68","96","326","427","548","672","C1845272"
"4038","2","5","7","53","51","342","454","573","492","C1845274"
"3930","2","3","2","22","33","323","66","3","464","C1845274"
"10908","2","3","2","97","173","275","377","473","592","C1845370"
"1639","2","3","12","76","153","40","38","54","75","C1845370"
"2538","2","3","5","90","216","333","438","561","689","C1845408"
"8892","2","3","2","110","85","237","433","547","671","C1845408"
"1991","2","5","7","34","52","216","395","549","674","C1845447"
"10585","2","5","2","27","206","324","430","215","290","C1845447"
"5321","2","3","5","116","183","295","398","243","327","C1845447"
"1186","2","5","8","63","45","23","34","464","187","C1845447"
"4920","2","5","7","53","14","20","259","560","373","C1845447"
"6775","2","5","7","53","14","119","25","40","186","C1845447"
"6444","2","5","8","63","45","23","103","464","187","C1845447"
"114548","2","3","12","41","219","339","156","568","697","C1845447"
"3039","2","3","5","35","41","118","155","287","116","C1845447"
"3383","2","5","7","53","51","119","454","287","116","C1845447"
"2626","2","3","12","19","31","118","155","287","116","C1845447"
"6888","2","3","2","90","167","266","367","500","577","C1845447"
"860","2","3","12","19","31","276","91","433","118","C1845447"
"4000","2","3","12","26","105","178","226","297","156","C1845447"
"6017","2","3","2","69","83","101","126","170","224","C1845447"
"51025","2","3","2","48","170","50","304","167","593","C1845447"
"5727","2","3","12","68","221","197","259","560","422","C1845447"
"2992","2","3","7","34","52","216","395","549","674","C1845672"
"183","2","5","4","68","96","326","427","548","672","C1845672"
"355","2","3","7","41","219","339","156","568","697","C1845805"
"641","2","3","12","19","31","261","116","1","86","C1845805"
"55505","2","3","2","110","85","237","433","547","671","C1845877"
"2651","2","3","2","78","184","202","124","337","434","C1845877"
"11200","2","3","12","19","31","261","116","1","86","C1845877"
"5290","2","3","7","53","14","20","25","40","186","C1845877"
"3557","2","3","12","41","219","339","156","568","697","C1845877"
"4878","2","3","12","19","31","1","426","55","78","C1845877"
"6845","2","5","7","60","14","184","341","544","669","C1845877"
"3265","2","5","7","60","54","24","30","46","72","C1845877"
"3239","2","3","3","19","221","321","428","541","667","C1845878"
"25974","2","3","7","48","51","105","139","186","245","C1845878"
"23545","2","3","5","29","88","132","85","222","346","C1845878"
"4162","2","5","7","53","51","342","454","573","492","C1846006"
"8312","2","3","12","41","219","339","156","568","605","C1846006"
"1258","2","5","4","68","45","272","106","518","621","C1846013"
"10549","2","5","7","34","52","216","395","549","674","C1846013"
"7248","2","3","2","48","57","110","141","359","462","C1846142"
"8626","2","3","3","19","221","321","428","541","667","C1846142"
"3459","2","5","7","53","184","119","156","287","116","C1846142"
"8642","2","5","7","53","51","335","444","560","373","C1846142"
"7840","2","3","12","76","153","40","38","54","75","C1846142"
"5781","2","5","7","53","14","20","25","40","186","C1846142"
"3375","2","5","4","68","96","326","427","548","672","C1846154"
"3957","2","5","5","81","51","342","454","573","492","C1846154"
"4990","2","3","3","19","221","321","428","541","667","C1846154"
"9640","2","3","12","19","31","261","116","159","211","C1846154"
"1544","2","3","5","91","214","271","372","471","586","C1846154"
"9031","2","3","12","19","31","1","426","55","78","C1846154"
"2623","2","3","12","19","31","1","155","287","116","C1846168"
"8878","2","3","12","41","219","339","156","568","697","C1846168"
"8200","2","5","7","53","51","342","259","423","389","C1846169"
"8481","2","3","12","76","153","40","38","54","75","C1846169"
"4173","2","3","12","76","31","261","116","1","86","C1846176"
"1528","2","3","5","91","214","271","372","471","586","C1846176"
"2657","2","5","7","53","51","342","259","423","389","C1846176"
"2132","2","3","2","74","58","112","148","193","263","C1846176"
"7292","2","5","12","41","219","339","156","568","697","C1846223"
"6664","2","3","3","19","221","321","428","541","667","C1846223"
"3855","2","1","6","11","142","225","142","220","298","C1846223"
"2920","2","5","4","68","96","326","427","548","672","C1846223"
"6253","2","5","4","27","36","326","402","489","187","C1846223"
"5696","2","3","12","41","116","268","156","568","116","C1846223"
"973","2","5","7","53","14","20","25","40","186","C1846223"
"2071","2","3","12","19","31","261","116","159","211","C1846223"
"5155","2","5","7","53","51","342","454","573","186","C1846223"
"324","2","3","12","41","219","197","70","255","422","C1846223"
"7421","2","3","3","19","151","276","91","433","118","C1846223"
"5741","2","5","4","68","96","326","427","548","672","C1846223"
"2512","2","3","7","34","52","216","395","544","358","C1846226"
"4621","2","5","8","63","45","23","103","464","187","C1846226"
"7415","2","3","7","34","52","216","395","536","445","C1846226"
"5190","2","3","5","43","161","305","409","208","482","C1846226"
"5982","2","3","12","19","31","261","116","1","86","C1846226"
"6638","2","3","2","22","33","323","66","101","136","C1846226"
"55651","2","3","2","110","85","237","433","547","671","C1846226"
"4069","2","5","7","34","52","216","395","549","674","C1846226"
"590","2","3","5","85","143","286","51","488","604","C1846226"
"11280","2","5","8","63","36","166","341","390","158","C1846226"
"1285","2","5","7","53","51","342","454","573","492","C1846226"
"6821","2","3","5","114","211","332","175","556","256","C1846226"
"23193","2","3","2","41","116","178","423","536","342","C1846228"
"1565","2","3","5","91","214","226","326","413","530","C1846228"
"3356","2","5","4","68","96","326","427","548","672","C1846228"
"338","2","5","7","53","51","342","454","573","492","C1846228"
"4540","2","3","2","48","170","50","119","444","556","C1846228"
"6662","2","3","3","19","221","321","428","541","667","C1846228"
"27032","2","5","8","63","45","23","103","464","187","C1846228"
"54941","2","3","12","41","116","268","434","468","213","C1846228"
"9394","2","3","2","74","58","112","148","193","263","C1846228"
"3984","2","5","7","53","14","20","34","540","68","C1846228"
"11186","2","5","7","60","54","24","30","46","72","C1846228"
"23322","2","3","12","76","153","40","38","54","75","C1846228"
"5073","2","3","2","110","85","323","433","146","194","C1846228"
"9949","2","3","2","22","33","225","142","220","298","C1846228"
"10083","2","5","7","42","36","71","177","223","219","C1846228"
"54209","2","5","7","53","51","119","395","549","674","C1846228"
"6868","2","5","7","53","51","342","454","236","492","C1846228"
"26608","2","3","2","22","170","50","119","463","153","C1846242"
"5309","2","3","3","19","221","321","428","541","667","C1846242"
"9968","2","4","3","24","119","330","214","454","144","C1846242"
"3126","2","5","7","53","153","119","156","287","116","C1846288"
"773","2","5","8","27","36","166","341","223","628","C1846288"
"9915","2","3","3","27","151","276","91","433","118","C1846288"
"9782","2","3","2","22","33","323","66","101","136","C1846288"
"617","2","3","2","48","170","50","304","167","593","C1846339"
"1535","2","5","7","34","52","216","395","549","674","C1846339"
"9990","2","5","8","45","94","199","240","415","666","C1846345"
"7248","2","3","2","48","57","110","141","359","462","C1846345"
"6648","2","3","2","95","151","160","378","173","229","C1846345"
"5727","2","3","12","68","221","197","259","560","422","C1846345"
"2629","2","3","5","80","81","250","291","152","420","C1846345"
"6469","2","5","3","53","221","197","259","560","422","C1846345"
"10262","2","3","2","22","33","323","66","101","136","C1846345"
"55640","2","3","5","80","81","104","369","117","583","C1846345"
"6314","2","3","12","19","31","1","426","568","78","C1846347"
"8878","2","3","12","41","219","339","156","568","697","C1846347"
"7249","2","3","7","60","57","110","141","359","462","C1846347"
"7170","2","5","8","63","45","23","103","464","187","C1846347"
"4683","2","3","12","19","31","261","116","1","86","C1846347"
"4846","2","3","5","41","219","75","243","44","64","C1846347"
"25886","2","3","12","76","153","76","136","472","435","C1846347"
"24140","2","3","2","110","85","152","129","252","154","C1846347"
"4089","2","3","12","19","219","339","259","423","605","C1846347"
"613","2","5","7","60","54","24","30","46","72","C1846347"
"8822","2","5","7","53","14","20","25","40","186","C1846347"
"9968","2","4","3","24","119","330","214","454","144","C1846347"
"6440","2","5","5","68","96","185","238","310","272","C1846347"
"4149","2","3","12","19","31","1","426","55","78","C1846347"
"2895","2","5","4","68","36","71","427","223","219","C1846347"
"774","2","5","8","63","36","166","341","390","158","C1846347"
"215","2","3","5","47","144","185","238","310","392","C1846347"
"23533","2","3","2","53","14","20","25","362","468","C1846347"
"5915","2","3","3","19","151","276","91","433","118","C1846348"
"2571","2","3","2","67","142","71","152","197","219","C1846348"
"8822","2","5","7","53","14","20","25","40","186","C1846348"
"3425","2","3","5","80","81","166","454","573","492","C1846348"
"5520","2","3","2","110","85","237","433","547","671","C1846348"
"3850","2","1","6","11","142","225","142","220","298","C1846351"
"1363","2","5","7","27","36","184","141","359","411","C1846351"
"8642","2","5","7","53","51","335","444","560","373","C1846351"
"478","2","3","8","63","45","23","366","464","187","C1846351"
"5771","2","5","7","53","14","296","25","40","186","C1846351"
"2155","2","5","7","53","51","119","454","549","674","C1846352"
"10907","2","3","2","22","33","323","66","101","136","C1846352"
"4000","2","3","12","26","105","178","226","297","156","C1846352"
"808","2","5","8","63","45","23","103","464","187","C1846352"
"2690","2","5","7","53","14","20","25","40","186","C1846352"
"51594","2","3","7","76","153","40","38","54","75","C1846385"
"22931","2","5","7","34","54","24","30","46","72","C1846385"
"675","2","3","12","19","31","261","116","1","86","C1846423"
"2395","2","3","2","48","170","50","304","167","593","C1846423"
"2677","2","5","7","53","51","342","454","573","492","C1846423"
"3476","2","3","12","76","137","76","136","472","435","C1846423"
"2516","2","3","3","19","151","276","91","433","118","C1846431"
"5328","2","5","7","34","52","216","395","549","674","C1846431"
"131","2","3","2","75","120","200","263","251","107","C1846433"
"5447","2","3","5","91","214","271","372","471","586","C1846433"
"25836","2","3","12","76","153","40","38","54","75","C1846433"
"6442","2","5","8","63","45","23","103","464","187","C1846433"
"843","2","3","12","41","219","339","156","568","697","C1846434"
"5781","2","5","7","53","14","20","25","40","186","C1846434"
"8890","2","3","2","110","85","237","433","547","671","C1846434"
"3827","2","5","4","68","96","326","427","548","672","C1846434"
"10133","2","3","12","76","153","40","38","54","75","C1846434"
"583","2","3","12","76","153","40","38","54","75","C1846434"
"2239","2","3","2","74","51","342","454","573","492","C1846434"
"3845","2","5","7","60","54","24","30","46","72","C1846434"
"3643","2","5","7","53","14","20","25","40","186","C1846434"
"1674","2","5","8","63","45","23","103","464","187","C1846434"
"1646","2","3","2","46","136","227","168","225","490","C1846434"
"54453","2","5","7","60","54","24","30","46","72","C1846434"
"1584","2","3","5","79","159","256","276","353","456","C1846434"
"10312","2","3","7","34","52","216","395","549","674","C1846434"
"5605","2","5","7","53","14","20","34","540","68","C1846435"
"3586","2","5","7","53","51","119","25","489","416","C1846435"
"5728","2","3","5","80","81","339","156","568","605","C1846435"
"6628","2","3","2","22","33","323","66","101","136","C1846435"
"1832","2","5","7","34","52","225","142","220","298","C1846435"
"1141","2","5","8","27","70","99","162","216","290","C1846435"
"1513","2","5","7","53","51","342","454","573","492","C1846435"
"1788","2","3","12","19","31","1","426","55","78","C1846435"
"208","2","5","7","53","14","20","34","540","68","C1846435"
"27130","2","3","12","48","45","143","38","236","69","C1846435"
"8626","2","3","3","19","221","321","428","541","667","C1846435"
"3586","2","5","7","53","51","119","25","489","416","C1846435"
"6392","2","3","2","48","170","50","119","444","556","C1846435"
"3988","2","3","5","98","174","277","379","476","42","C1846438"
"6662","2","3","3","19","221","321","428","541","667","C1846438"
"4987","2","5","4","68","96","326","427","548","672","C1846438"
"2812","2","5","7","53","51","342","454","573","492","C1846438"
"4089","2","3","12","19","219","339","259","423","605","C1846439"
"1118","2","3","7","34","52","216","395","549","674","C1846439"
"3909","2","5","7","53","51","342","454","573","492","C1846439"
"1410","2","3","12","63","45","23","38","54","187","C1846439"
"1312","2","3","2","87","79","105","426","129","25","C1846439"
"4920","2","5","7","53","14","20","259","560","373","C1846439"
"843","2","3","12","41","219","339","156","568","697","C1846439"
"6662","2","3","3","19","221","321","428","541","667","C1846439"
"5277","2","3","2","61","77","142","176","235","317","C1846439"
"25782","2","5","7","60","54","24","30","46","72","C1846439"
"1063","2","3","12","76","153","40","38","54","75","C1846439"
"9533","2","3","2","19","31","1","426","55","78","C1846439"
"6424","2","5","7","53","51","342","454","573","492","C1846439"
"5771","2","5","7","53","14","296","25","40","186","C1846439"
"1294","2","5","7","53","51","342","454","573","492","C1846439"
"3845","2","5","7","60","54","24","30","46","72","C1846439"
"301","2","5","4","68","96","326","427","548","672","C1846442"
"50964","2","5","3","68","221","197","259","423","422","C1846442"
"2122","2","3","12","19","31","1","426","55","78","C1846442"
"3767","2","5","8","63","36","166","106","110","158","C1846449"
"9499","2","5","7","53","51","23","103","464","187","C1846449"
"25836","2","3","12","76","153","40","38","54","75","C1846449"
"5318","2","1","6","11","142","225","142","220","298","C1846449"
"4846","2","3","5","41","219","75","243","44","64","C1846449"
"8314","2","3","12","41","31","1","426","55","78","C1846449"
"3651","2","3","3","19","221","321","428","541","667","C1846449"
"1300","2","5","7","53","51","342","454","573","492","C1846449"
"9382","2","5","7","60","153","40","38","66","203","C1846449"
"2733","2","3","2","22","33","323","66","101","664","C1846449"
"4163","2","3","2","110","167","266","367","500","577","C1846464"
"4204","2","3","12","19","31","1","426","55","78","C1846464"
"2316","2","5","7","53","51","342","454","573","702","C1846464"
"54977","2","3","2","110","85","118","155","287","116","C1846474"
"29110","2","3","12","41","219","339","156","568","697","C1846474"
"8557","2","5","8","63","45","23","103","464","187","C1846474"
"22999","2","5","7","60","36","71","341","223","219","C1846474"
"1828","2","5","7","34","52","216","142","220","298","C1846546"
"5368","2","5","4","68","96","326","427","548","672","C1846546"
"51626","2","3","12","76","153","40","38","54","75","C1846546"
"8626","2","3","3","19","221","321","428","541","667","C1846546"
"189","2","3","5","43","161","305","409","208","482","C1846546"
"4593","2","5","7","53","14","20","454","573","492","C1846546"
"2903","2","5","7","53","14","20","25","223","219","C1846550"
"3040","2","5","5","53","51","342","40","78","178","C1846550"
"3084","2","5","7","53","14","20","25","40","186","C1846550"
"182","2","5","7","53","51","143","428","236","667","C1846550"
"10300","2","3","12","76","153","40","38","54","75","C1846566"
"55636","2","3","3","19","221","321","428","423","389","C1846566"
"5605","2","5","7","53","14","20","34","540","68","C1846566"
"1357","2","3","5","80","81","166","397","418","568","C1846566"
"3560","2","5","7","53","14","20","25","40","186","C1846566"
"5191","2","3","5","43","161","305","409","208","482","C1846566"
"6299","2","3","12","19","221","321","428","541","667","C1846620"
"7077","2","5","7","34","52","216","395","549","674","C1846620"
"8398","2","3","5","116","183","40","38","352","455","C1846707"
"1281","2","5","7","53","51","342","454","573","492","C1846707"
"55131","2","3","2","110","85","237","433","547","671","C1846707"
"4790","2","3","7","34","52","216","166","129","697","C1846707"
"2187","2","3","12","19","31","261","116","1","86","C1846707"
"6314","2","3","12","19","31","1","426","568","78","C1846707"
"51360","2","3","3","26","35","276","91","433","203","C1846707"
"6575","2","3","8","45","94","199","240","415","666","C1846707"
"2243","2","5","7","53","51","342","454","573","492","C1846707"
"5781","2","5","7","53","14","20","25","40","186","C1846790"
"847","2","3","7","34","52","216","395","549","674","C1846790"
"4327","2","5","7","53","51","342","454","573","492","C1846790"
"10008","2","5","8","63","36","166","341","223","158","C1846797"
"1277","2","5","7","53","51","342","454","573","492","C1846797"
"1029","2","3","12","19","31","1","116","1","664","C1846797"
"16","2","3","2","110","85","237","433","547","154","C1846797"
"2706","2","3","12","76","153","40","38","54","75","C1846797"
"3339","2","5","7","53","51","342","454","573","492","C1846797"
"8220","2","3","2","22","33","323","66","101","136","C1846797"
"7957","2","3","5","42","81","296","399","201","274","C1846797"
"6391","2","3","2","48","170","50","119","444","556","C1846797"
"3891","2","1","6","11","142","225","142","220","298","C1846798"
"7227","2","3","12","19","31","276","91","433","118","C1846798"
"23261","2","5","7","27","36","150","341","223","628","C1846803"
"4488","2","3","3","19","221","321","428","541","667","C1846803"
"112755","2","5","7","60","36","71","341","223","203","C1846803"
"3949","2","5","7","60","14","184","341","544","669","C1846803"
"1565","2","3","5","91","214","226","326","413","530","C1846803"
"2215","2","5","7","34","52","216","395","549","674","C1846803"
"2260","2","5","7","53","14","20","25","40","186","C1846803"
"4292","2","3","12","19","31","261","116","1","86","C1846803"
"4976","2","3","2","48","170","50","119","444","556","C1846803"
"8694","2","5","7","34","52","216","395","549","674","C1846821"
"22858","2","3","7","53","14","20","34","540","68","C1846821"
"673","2","5","7","53","14","20","34","540","68","C1846821"
"5189","2","3","5","43","161","305","409","208","482","C1846821"
"22999","2","5","7","60","36","71","341","223","219","C1846821"
"9255","2","3","2","110","85","237","433","547","154","C1846821"
"6647","2","3","2","95","2","342","378","173","702","C1846821"
"8214","2","3","6","11","142","225","142","220","298","C1846821"
"4729","2","3","2","48","170","50","119","444","556","C1846821"
"26580","2","5","8","27","70","99","162","216","290","C1846821"
"22931","2","5","7","34","54","24","30","46","72","C1846821"
"3949","2","5","7","60","14","184","341","544","669","C1846821"
"2138","2","3","12","19","31","1","426","55","78","C1846821"
"8200","2","5","7","53","51","342","259","423","389","C1846821"
"2192","2","5","7","53","51","342","454","573","492","C1846821"
"11005","2","1","6","11","142","225","142","220","298","C1846821"
"191","2","3","5","80","81","105","426","129","690","C1846821"
"10549","2","5","7","34","52","216","395","549","674","C1846821"
"1041","2","1","6","11","142","225","142","220","298","C1846821"
"3588","2","5","7","53","51","119","25","40","186","C1846821"
"1285","2","5","7","53","51","342","454","573","492","C1846821"
"2998","2","3","2","28","22","48","232","82","114","C1846821"
"5468","2","3","3","19","151","276","91","433","118","C1846821"
"4791","2","3","12","41","219","339","156","568","697","C1846821"
"9871","2","3","7","60","153","40","38","54","203","C1846821"
"5290","2","3","7","53","14","20","25","40","186","C1846821"
"1142","2","5","8","27","70","99","162","216","290","C1846821"
"1026","2","3","12","19","31","1","116","489","416","C1846853"
"3784","2","5","8","63","36","166","106","110","158","C1846853"
"7292","2","5","12","41","219","339","156","568","697","C1846865"
"3651","2","3","3","19","221","321","428","541","667","C1846865"
"6736","2","3","12","19","31","276","91","433","667","C1846865"
"6872","2","3","12","19","31","261","116","159","211","C1846868"
"8864","2","3","3","19","151","276","91","433","118","C1846868"
"1906","2","5","4","68","96","326","427","548","672","C1846868"
"5250","2","3","2","48","170","50","119","444","593","C1846868"
"2261","2","5","7","53","14","20","25","40","186","C1846868"
"883","2","3","5","80","81","189","182","509","290","C1846868"
"3458","2","5","7","53","184","119","156","287","116","C1846911"
"2074","2","3","12","19","31","1","426","55","78","C1846911"
"359","2","3","5","80","81","166","397","374","486","C1846950"
"1499","2","3","12","19","221","197","259","560","422","C1846950"
"5551","2","5","7","53","51","119","395","549","674","C1846950"
"4535","2","3","2","48","170","50","119","444","556","C1846950"
"4915","2","5","7","53","14","20","25","40","186","C1846950"
"4693","2","5","7","53","51","342","454","573","492","C1846950"
"10733","2","3","12","76","153","40","38","54","75","C1846950"
"4625","2","3","8","63","45","23","103","464","187","C1846950"
"10981","2","5","7","60","54","24","30","46","72","C1846950"
"3060","2","5","4","68","96","326","427","548","672","C1846950"
"23064","2","3","6","11","31","261","142","220","664","C1846950"
"5621","2","5","8","27","36","342","454","573","628","C1846950"
"526","2","3","5","29","88","132","172","199","308","C1847117"
"10516","2","5","7","53","51","342","454","573","492","C1847117"
"729920","2","3","2","48","170","110","329","251","533","C1847117"
"1490","2","5","7","53","51","342","454","573","492","C1847117"
"203286","2","5","7","50","30","193","306","148","624","C1847319"
"9401","2","3","12","76","31","261","116","1","86","C1847319"
"23426","2","5","7","42","36","71","177","223","219","C1847319"
"54757","2","5","7","53","51","342","454","573","492","C1847383"
"4141","2","3","2","110","85","237","433","547","154","C1847383"
"25942","2","3","12","19","31","1","426","55","78","C1847383"
"210","2","3","7","34","52","216","395","549","674","C1847425"
"3694","2","5","7","53","51","342","454","573","492","C1847425"
"4041","2","5","3","68","221","197","259","560","422","C1847425"
"8517","2","3","12","41","219","339","156","568","697","C1847514"
"5443","2","5","4","68","96","326","427","548","672","C1847514"
"91942","2","3","2","48","170","50","119","444","556","C1847514"
"8481","2","3","12","76","153","40","38","54","75","C1847514"
"1890","2","3","5","80","81","296","62","94","150","C1847514"
"11019","2","3","2","67","92","293","55","75","311","C1847514"
"999","2","5","7","53","51","342","444","560","373","C1847514"
"11232","2","3","3","19","151","276","91","433","118","C1847514"
"5925","2","3","12","19","31","1","426","55","78","C1847514"
"5892","2","3","12","19","31","261","116","1","86","C1847514"
"54714","2","5","8","63","36","166","106","110","158","C1847514"
"2719","2","5","7","53","51","342","454","573","492","C1847514"
"3784","2","5","8","63","36","166","106","110","158","C1847514"
"1917","2","3","12","41","219","339","347","572","658","C1847514"
"54714","2","5","8","63","36","166","106","110","158","C1847514"
"3053","2","5","7","53","51","342","454","573","492","C1847514"
"16","2","3","2","110","85","237","433","547","154","C1847514"
"7048","2","5","7","53","51","342","259","423","389","C1847514"
"9469","2","3","2","103","189","303","29","475","467","C1847514"
"1201","2","3","2","48","170","50","304","167","593","C1847514"
"4000","2","3","12","26","105","178","226","297","156","C1847514"
"7468","2","3","12","19","31","1","426","55","78","C1847514"
"5428","2","3","2","48","170","50","119","167","593","C1847514"
"3972","2","5","4","68","96","326","427","548","672","C1847514"
"8450","2","3","12","41","116","268","434","468","213","C1847515"
"2263","2","5","7","53","14","20","25","40","186","C1847515"
"6885","2","3","12","41","219","339","156","568","697","C1847515"
"2990","2","3","7","34","52","216","395","549","674","C1847515"
"7139","2","5","8","63","45","23","103","464","187","C1847515"
"10000","2","5","7","53","14","20","34","540","68","C1847572"
"23322","2","3","12","76","153","40","38","54","75","C1847572"
"919","2","5","7","53","14","119","25","40","186","C1847610"
"4893","2","5","7","34","52","24","30","46","72","C1847610"
"23414","2","3","12","19","31","118","155","287","116","C1847730"
"55636","2","3","3","19","221","321","428","423","389","C1847730"
"7290","2","3","12","19","31","1","426","55","78","C1847759"
"50939","2","3","12","76","153","40","38","472","435","C1847759"
"2542","2","3","5","80","81","296","399","500","577","C1847759"
"3663","2","3","12","53","184","119","156","287","116","C1847759"
"338","2","5","7","53","51","342","454","573","492","C1847759"
"25782","2","5","7","60","54","24","30","46","72","C1847759"
"54209","2","5","7","53","51","119","395","549","674","C1847759"
"6311","2","3","2","22","33","323","66","362","468","C1847759"
"2625","2","3","12","19","31","339","155","287","116","C1847759"
"6496","2","3","3","19","221","321","428","541","667","C1847762"
"80149","2","3","12","41","219","339","156","568","697","C1847762"
"65057","2","3","12","19","31","1","426","55","78","C1847762"
"2175","2","3","12","19","31","261","116","1","86","C1847762"
"5297","2","3","2","11","54","225","181","441","555","C1847762"
"3569","2","5","7","53","51","342","454","573","416","C1847766"
"2316","2","5","7","53","51","342","454","573","702","C1847766"
"175","2","3","7","34","52","216","395","549","674","C1847766"
"7174","2","3","12","41","116","268","434","468","213","C1847766"
"4221","2","3","12","19","31","342","454","573","492","C1847766"
"84676","2","3","12","41","116","268","434","468","213","C1847766"
"788","2","3","2","45","151","199","240","415","666","C1847827"
"4255","2","3","12","19","31","261","116","1","86","C1847827"
"5932","2","3","12","19","31","261","116","1","86","C1847868"
"100","2","3","5","33","21","47","56","80","199","C1847868"
"3663","2","3","12","53","184","119","156","287","116","C1847868"
"4318","2","5","7","34","52","216","395","573","492","C1847868"
"5832","2","3","2","101","62","189","182","509","252","C1847868"
"10585","2","5","2","27","206","324","430","215","290","C1847868"
"2542","2","3","5","80","81","296","399","500","577","C1847868"
"842","2","3","12","41","219","339","156","568","697","C1847868"
"8945","2","3","12","41","116","268","434","468","213","C1847868"
"238","2","5","7","53","14","20","25","40","186","C1847906"
"8076","2","5","7","53","51","342","454","573","492","C1847906"
"9382","2","5","7","60","153","40","38","66","203","C1847906"
"50846","2","3","3","68","221","197","259","560","422","C1847906"
"23600","2","3","5","80","81","305","409","208","482","C1847906"
"6872","2","3","12","19","31","261","116","159","211","C1847906"
"5238","2","3","2","80","141","221","111","385","501","C1847906"
"845","2","5","8","63","45","23","34","464","187","C1847906"
"5660","2","5","7","34","52","326","427","548","702","C1847906"
"9896","2","3","5","80","81","296","399","201","274","C1847906"
"811","2","3","2","41","116","342","423","536","342","C1847906"
"7015","2","3","12","19","31","1","426","55","78","C1847906"
"23169","2","3","2","78","205","112","430","429","544","C1847906"
"51259","2","3","2","76","153","40","38","54","75","C1847906"
"875","2","3","5","80","137","44","21","451","316","C1847906"
"3257","2","5","7","60","54","24","30","46","72","C1847906"
"5290","2","3","7","53","14","20","25","40","186","C1847906"
"5663","2","5","7","34","52","216","395","549","667","C1847906"
"8091","2","3","12","110","109","22","262","129","638","C1847906"
"5922","2","5","7","60","54","24","30","46","72","C1847967"
"538","2","3","8","63","45","23","103","464","187","C1847967"
"1584","2","3","5","79","159","256","276","353","456","C1847967"
"5447","2","3","5","91","214","271","372","471","586","C1847967"
"9420","2","3","5","79","159","256","215","282","366","C1847967"
"5243","2","3","12","41","116","268","423","536","445","C1847967"
"1280","2","5","7","53","51","342","454","573","492","C1848030"
"3586","2","5","7","53","51","119","25","489","416","C1848030"
"5913","2","5","7","27","36","71","341","223","219","C1848030"
"51741","2","3","2","22","33","323","66","101","127","C1848030"
"3814","2","5","4","68","96","326","427","548","672","C1848103"
"2073","2","3","12","19","31","261","116","1","86","C1848103"
"54101","2","3","2","48","170","50","347","167","593","C1848103"
"5829","2","5","7","53","14","20","25","40","701","C1848103"
"974","2","5","7","53","51","119","395","549","674","C1848103"
"3663","2","3","12","53","184","119","156","287","116","C1848103"
"7010","2","5","7","53","14","20","25","40","186","C1848109"
"6662","2","3","3","19","221","321","428","541","667","C1848109"
"9990","2","5","8","45","94","199","240","415","666","C1848109"
"3479","2","5","7","53","51","342","454","573","492","C1848109"
"2184","2","3","5","76","153","138","236","332","407","C1848178"
"2627","2","3","12","19","31","118","155","287","116","C1848178"
"1537","2","3","2","48","170","50","304","167","593","C1848178"
"11322","2","5","7","34","52","216","395","549","674","C1848178"
"5191","2","3","5","43","161","305","409","208","482","C1848178"
"9742","2","3","12","76","153","40","38","54","75","C1848178"
"1278","2","5","7","53","51","342","454","573","492","C1848178"
"1760","2","5","8","63","14","20","34","540","68","C1848178"
"26119","2","5","7","60","14","184","341","544","669","C1848178"
"5728","2","3","5","80","81","339","156","568","605","C1848178"
"10978","2","3","2","22","33","323","66","101","136","C1848178"
"4864","2","3","5","48","152","184","341","544","669","C1848178"
"2201","2","5","7","53","51","342","454","573","492","C1848178"
"27019","2","3","12","76","153","40","38","54","75","C1848192"
"6774","2","3","12","53","14","276","25","489","416","C1848192"
"613","2","5","7","60","54","24","30","46","72","C1848201"
"2006","2","5","7","53","51","342","454","573","492","C1848201"
"3122","2","5","7","53","184","119","156","287","116","C1848201"
"5982","2","3","12","19","31","261","116","1","86","C1848336"
"10008","2","5","8","63","36","166","341","223","158","C1848336"
"2571","2","3","2","67","142","71","152","197","219","C1848395"
"6334","2","5","8","63","36","166","341","223","158","C1848395"
"2317","2","5","7","63","45","23","103","287","664","C1848395"
"6663","2","3","3","19","221","321","428","541","667","C1848395"
"429","2","3","3","19","221","321","428","541","667","C1848395"
"2261","2","5","7","53","14","20","25","40","186","C1848395"
"4920","2","5","7","53","14","20","259","560","373","C1848395"
"6606","2","3","2","22","33","323","66","101","136","C1848395"
"3592","2","5","7","53","51","119","25","489","416","C1848395"
"2261","2","5","7","53","14","20","25","40","186","C1848395"
"25942","2","3","12","19","31","1","426","55","78","C1848395"
"2108","2","3","2","48","170","50","119","444","556","C1848431"
"1277","2","5","7","53","51","342","454","573","492","C1848431"
"3984","2","5","7","53","14","20","34","540","68","C1848431"
"83987","2","3","12","41","116","268","434","468","213","C1848446"
"673","2","5","7","53","14","20","34","540","68","C1848446"
"55650","2","3","2","61","77","142","176","235","557","C1848446"
"5444","2","3","5","80","147","236","328","411","229","C1848453"
"26580","2","5","8","27","70","99","162","216","290","C1848453"
"392255","2","5","7","53","51","342","259","423","389","C1848474"
"2969","2","3","12","19","31","276","91","433","118","C1848474"
"7337","2","3","12","41","116","268","434","468","213","C1848474"
"2006","2","5","7","53","51","342","454","573","492","C1848474"
"3767","2","5","8","63","36","166","106","110","158","C1848474"
"3832","2","3","12","76","153","40","38","54","75","C1848486"
"55612","2","5","7","60","36","71","177","560","701","C1848486"
"3190","2","3","2","22","33","323","66","101","136","C1848486"
"25885","2","3","12","19","31","1","426","55","78","C1848486"
"9632","2","3","7","60","153","40","38","54","203","C1848486"
"5192","2","3","5","43","161","305","409","208","482","C1848488"
"5108","2","3","12","76","153","40","38","54","75","C1848488"
"3339","2","5","7","53","51","342","454","573","492","C1848514"
"1586","2","3","5","79","98","256","335","425","540","C1848514"
"2255","2","5","7","53","14","20","25","40","186","C1848514"
"4621","2","5","8","63","45","23","103","464","187","C1848514"
"1785","2","5","7","60","14","184","341","544","669","C1848519"
"8302","2","5","7","53","51","119","395","549","674","C1848519"
"22943","2","5","3","68","221","197","259","560","422","C1848519"
"10483","2","3","7","60","54","24","30","46","72","C1848529"
"5076","2","3","3","19","221","321","428","541","667","C1848529"
"5194","2","3","5","43","161","305","409","208","482","C1848529"
"6571","2","3","8","60","36","71","341","223","624","C1848529"
"3717","2","5","7","53","14","20","25","40","186","C1848529"
"26191","2","5","7","53","14","20","25","40","186","C1848529"
"356","2","5","7","53","219","339","25","489","697","C1848529"
"10269","2","3","2","48","182","50","119","444","556","C1848530"
"2200","2","5","7","53","51","342","454","573","492","C1848530"
"9987","2","3","2","22","33","323","66","101","136","C1848530"
"1808","2","3","7","76","153","157","79","64","436","C1848530"
"9056","2","3","8","45","94","199","240","415","666","C1848530"
"8504","2","3","5","47","144","185","238","310","392","C1848530"
"558","2","5","7","53","14","20","25","40","186","C1848530"
"4041","2","5","3","68","221","197","259","560","422","C1848530"
"7399","2","5","7","53","51","342","454","573","492","C1848530"
"4513","2","3","2","48","170","110","141","359","532","C1848530"
"355","2","3","7","41","219","339","156","568","697","C1848530"
"8214","2","3","6","11","142","225","142","220","298","C1848530"
"5476","2","3","7","34","52","216","395","152","310","C1848530"
"3717","2","5","7","53","14","20","25","40","186","C1848533"
"5428","2","3","2","48","170","50","119","167","593","C1848533"
"7051","2","1","6","11","142","225","142","220","298","C1848533"
"2773","2","5","4","68","96","326","427","548","672","C1848534"
"50964","2","5","3","68","221","197","259","423","422","C1848534"
"5972","2","5","5","34","52","216","397","418","568","C1848538"
"489","2","5","8","63","45","23","103","464","187","C1848538"
"3240","2","5","7","34","52","216","395","549","674","C1848541"
"7454","2","5","7","60","14","20","25","40","215","C1848541"
"4952","2","3","5","60","54","184","30","544","669","C1848555"
"54361","2","5","3","68","221","197","259","560","422","C1848555"
"1387","2","3","12","19","31","276","91","433","118","C1848555"
"9394","2","3","2","74","58","112","148","193","263","C1848555"
"546","2","3","12","19","31","261","426","1","86","C1848556"
"10000","2","5","7","53","14","20","34","540","68","C1848556"
"4763","2","5","7","60","54","24","30","46","214","C1848556"
"1545","2","3","5","91","175","271","372","443","558","C1848579"
"7490","2","3","3","19","221","321","428","541","667","C1848579"
"7840","2","3","12","76","153","40","38","54","75","C1848580"
"4089","2","3","12","19","219","339","259","423","605","C1848580"
"5624","2","5","7","53","51","342","454","573","492","C1848580"
"55636","2","3","3","19","221","321","428","423","389","C1848580"
"4771","2","5","7","60","36","71","177","64","215","C1848599"
"1401","2","5","7","53","51","119","395","573","492","C1848599"
"23594","2","3","12","76","153","261","116","1","86","C1848606"
"4337","2","3","2","80","91","75","204","267","352","C1848606"
"51816","2","5","7","34","52","216","395","549","674","C1848606"
"1387","2","3","12","19","31","276","91","433","118","C1848606"
"2517","2","3","7","34","52","216","395","549","674","C1848606"
"7066","2","5","7","53","51","119","25","573","416","C1848606"
"6507","2","3","2","45","94","199","240","415","666","C1848606"
"4524","2","3","2","15","166","104","369","117","583","C1848654"
"3990","2","3","5","26","35","178","9","414","220","C1848654"
"2719","2","5","7","53","51","342","454","573","492","C1848654"
"7486","2","3","12","19","31","261","116","1","86","C1848654"
"1717","2","3","2","19","151","276","48","69","204","C1848654"
"8803","2","3","8","67","92","293","55","75","311","C1848654"
"2253","2","5","7","53","14","20","25","40","186","C1848654"
"50964","2","5","3","68","221","197","259","423","422","C1848654"
"5781","2","5","7","53","14","20","25","40","186","C1848654"
"5506","2","3","12","76","137","76","136","82","658","C1848654"
"4000","2","3","12","26","105","178","226","297","156","C1848654"
"2239","2","3","2","74","51","342","454","573","492","C1848654"
"63976","2","3","12","19","31","1","426","55","78","C1848657"
"6786","2","5","8","63","45","23","103","464","187","C1848657"
"445","2","3","2","84","97","167","210","278","360","C1848670"
"776","2","5","8","63","36","166","341","390","158","C1848670"
"7456","2","5","7","60","14","20","25","40","215","C1848670"
"1836","2","3","2","35","41","94","260","330","375","C1848678"
"23426","2","5","7","42","36","71","177","223","219","C1848678"
"2263","2","5","7","53","14","20","25","40","186","C1848702"
"1756","2","5","8","63","45","23","103","464","187","C1848702"
"6251","2","3","7","80","45","23","103","188","701","C1848702"
"56301","2","3","8","45","94","199","240","415","666","C1848760"
"6657","2","3","12","19","221","321","428","541","667","C1848760"
"4621","2","5","8","63","45","23","103","464","187","C1848765"
"5096","2","3","2","48","40","130","166","127","173","C1848765"
"2316","2","5","7","53","51","342","454","573","702","C1848765"
"10878","2","5","7","53","51","119","395","549","674","C1848765"
"8622","2","3","4","68","96","326","427","548","672","C1848765"
"51684","2","3","12","41","116","268","38","54","75","C1848765"
"2006","2","5","7","53","51","342","454","573","492","C1848765"
"546","2","3","12","19","31","261","426","1","86","C1848765"
"2706","2","3","12","76","153","40","38","54","75","C1848765"
"8878","2","3","12","41","219","339","156","568","697","C1848765"
"7332","2","3","12","41","116","268","434","468","213","C1848765"
"10815","2","5","7","60","36","71","341","223","666","C1848765"
"3930","2","3","2","22","33","323","66","3","464","C1848765"
"2697","2","3","7","76","153","40","38","54","75","C1848765"
"1828","2","5","7","34","52","216","142","220","298","C1848765"
"6165","2","3","2","110","85","237","433","547","671","C1848765"
"123041","2","5","8","45","94","199","240","415","666","C1848765"
"5339","2","5","7","53","51","342","454","573","492","C1848765"
"5205","2","3","8","63","45","23","103","464","619","C1848765"
"3988","2","3","5","98","174","277","379","476","42","C1848765"
"57167","2","3","12","19","31","1","426","55","78","C1848765"
"631","2","3","12","27","45","23","103","540","664","C1848765"
"54463","2","3","2","48","57","110","141","359","462","C1848765"
"27031","2","3","6","11","142","225","38","331","506","C1848765"
"673","2","5","7","53","14","20","34","540","68","C1848765"
"5311","2","5","8","63","45","166","306","390","158","C1848765"
"9321","2","3","12","76","153","40","38","54","203","C1848765"
"4214","2","3","12","41","219","339","34","540","117","C1848765"
"2316","2","5","7","53","51","342","454","573","702","C1848765"
"8803","2","3","8","67","92","293","55","75","311","C1848765"
"4286","2","3","12","19","31","261","116","1","664","C1848765"
"6336","2","5","8","63","36","166","341","390","158","C1848769"
"3930","2","3","2","22","33","323","66","3","464","C1848769"
"6548","2","3","2","45","94","199","240","415","326","C1848771"
"3248","2","3","2","69","83","133","167","224","301","C1848771"
"659","2","5","7","53","14","20","259","423","389","C1848771"
"3265","2","5","7","60","54","24","30","46","72","C1848773"
"1543","2","3","5","91","151","276","91","433","118","C1848773"
"55624","2","3","2","78","123","194","255","215","412","C1848773"
"10907","2","3","2","22","33","323","66","101","136","C1848805"
"9049","2","3","3","41","151","276","378","271","356","C1848805"
"22995","2","3","12","76","153","40","38","54","75","C1848805"
"1278","2","5","7","53","51","342","454","573","492","C1848805"
"2707","2","3","12","76","153","40","38","54","75","C1848805"
"54101","2","3","2","48","170","50","347","167","593","C1848805"
"4005","2","3","12","19","31","1","426","55","78","C1848862"
"51057","2","3","12","76","153","40","38","54","75","C1848862"
"10733","2","3","12","76","153","40","38","54","75","C1848862"
"1203","2","3","2","41","170","342","423","536","342","C1848869"
"3759","2","5","8","63","36","166","106","110","158","C1848869"
"1594","2","3","5","92","163","96","363","460","487","C1848918"
"5428","2","3","2","48","170","50","119","167","593","C1848918"
"6335","2","5","8","63","36","166","341","390","158","C1848918"
"7314","2","3","12","41","219","261","409","208","482","C1848918"
"5830","2","3","5","43","161","305","409","208","482","C1848918"
"3845","2","5","7","60","54","24","30","46","72","C1848918"
"1374","2","3","2","19","151","276","91","433","118","C1848918"
"55651","2","3","2","110","85","237","433","547","671","C1848918"
"55636","2","3","3","19","221","321","428","423","389","C1848920"
"8626","2","3","3","19","221","321","428","541","667","C1848920"
"54822","2","5","8","63","45","193","306","390","158","C1848947"
"4548","2","3","2","15","85","105","139","186","245","C1848947"
"10907","2","3","2","22","33","323","66","101","136","C1848947"
"54101","2","3","2","48","170","50","347","167","593","C1848954"
"6310","2","3","12","22","142","225","366","362","468","C1848954"
"1890","2","3","5","80","81","296","62","94","150","C1848957"
"4541","2","3","2","48","170","50","119","444","24","C1848957"
"28514","2","5","7","53","51","143","428","236","667","C1848958"
"5376","2","5","7","53","51","342","454","573","492","C1848958"
"4089","2","3","12","19","219","339","259","423","605","C1848977"
"7043","2","5","7","53","51","342","454","573","492","C1848977"
"367","2","3","12","19","31","276","91","433","118","C1848977"
"2261","2","5","7","53","14","20","25","40","186","C1848977"
"5429","2","3","12","19","31","261","116","1","86","C1848977"
"5195","2","3","5","43","161","305","409","208","482","C1848977"
"1778","2","3","7","76","153","40","38","54","75","C1848977"
"7809","2","5","8","63","45","23","34","464","187","C1848980"
"8139","2","3","12","41","116","268","434","468","213","C1848980"
"2138","2","3","12","19","31","1","426","55","78","C1848980"
"2316","2","5","7","53","51","342","454","573","702","C1848980"
"545","2","3","12","19","31","261","116","1","86","C1849016"
"3853","2","1","6","11","142","225","142","220","298","C1849016"
"7306","2","5","5","23","18","138","250","332","407","C1849016"
"5422","2","3","12","19","31","261","116","1","86","C1849016"
"10479","2","5","7","27","36","150","341","223","628","C1849020"
"6576","2","3","2","45","94","199","240","569","666","C1849020"
"9426","2","3","12","19","31","1","426","55","78","C1849020"
"4763","2","5","7","60","54","24","30","46","214","C1849020"
"5982","2","3","12","19","31","261","116","1","86","C1849020"
"6785","2","3","5","67","7","5","239","311","393","C1849020"
"26191","2","5","7","53","14","20","25","40","186","C1849020"
"5160","2","3","2","67","92","293","55","75","311","C1849020"
"3643","2","5","7","53","14","20","25","40","186","C1849020"
"7037","2","5","7","60","14","184","341","544","669","C1849020"
"6531","2","5","8","45","94","199","240","415","666","C1849020"
"2248","2","5","7","53","14","20","25","40","186","C1849020"
"3861","2","1","6","11","142","225","142","220","298","C1849020"
"6949","2","3","2","110","85","237","164","390","311","C1849020"
"8842","2","5","5","53","82","147","184","179","328","C1849020"
"5897","2","3","12","41","116","268","141","568","605","C1849020"
"7140","2","5","8","63","45","23","103","464","187","C1849020"
"83716","2","5","7","34","52","216","395","549","674","C1849020"
"7274","2","3","5","43","161","99","162","216","290","C1849020"
"51085","2","3","2","48","57","110","141","359","462","C1849020"
"1499","2","3","12","19","221","197","259","560","422","C1849020"
"3000","2","5","4","68","96","326","427","548","672","C1849025"
"23096","2","5","7","60","54","24","30","46","72","C1849025"
"5172","2","5","8","45","94","199","240","415","666","C1849025"
"672","2","3","12","19","31","261","116","1","86","C1849025"
"5309","2","3","3","19","221","321","428","541","667","C1849025"
"1644","2","3","2","88","79","239","333","258","345","C1849034"
"10699","2","5","7","68","51","119","395","549","674","C1849034"
"2950","2","5","7","34","52","216","395","549","674","C1849039"
"6231","2","3","2","110","85","237","433","547","671","C1849039"
"1832","2","5","7","34","52","225","142","220","298","C1849039"
"4000","2","3","12","26","105","178","226","297","156","C1849039"
"5825","2","3","5","47","144","185","238","310","392","C1849039"
"6337","2","5","8","63","45","23","34","464","187","C1849039"
"4860","2","3","7","34","52","216","395","549","150","C1849039"
"9927","2","3","12","19","31","118","155","287","116","C1849039"
"595","2","3","12","19","31","1","426","489","416","C1849039"
"6390","2","3","2","48","170","50","119","444","556","C1849039"
"189","2","3","5","43","161","305","409","208","482","C1849039"
"987","2","3","6","48","94","279","347","330","304","C1849039"
"2138","2","3","12","19","31","1","426","55","78","C1849039"
"2557","2","5","8","27","70","99","162","216","290","C1849039"
"2643","2","3","5","87","91","75","204","267","352","C1849039"
"301","2","5","4","68","96","326","427","548","672","C1849039"
"1535","2","5","7","34","52","216","395","549","674","C1849039"
"1277","2","5","7","53","51","342","454","573","492","C1849039"
"1848","2","3","5","42","81","296","399","201","274","C1849039"
"4313","2","5","7","53","51","342","454","573","492","C1849039"
"6689","2","3","12","19","31","276","91","433","118","C1849039"
"5159","2","5","7","53","14","20","25","40","186","C1849039"
"3202","2","3","3","19","221","321","428","541","667","C1849073"
"3977","2","5","7","53","51","119","25","40","416","C1849073"
"1536","2","5","7","34","52","216","395","549","674","C1849073"
"79648","2","3","12","19","31","1","426","55","78","C1849073"
"2737","2","3","12","19","116","321","428","54","667","C1849073"
"5648","2","5","7","53","51","119","395","549","674","C1849073"
"9786","2","3","12","76","153","40","38","54","75","C1849073"
"7051","2","1","6","11","142","225","142","220","298","C1849073"
"10892","2","5","7","53","219","119","156","568","697","C1849073"
"51750","2","3","12","19","31","261","116","1","86","C1849073"
"2200","2","5","7","53","51","342","454","573","492","C1849073"
"4214","2","3","12","41","219","339","34","540","117","C1849073"
"2182","2","3","2","67","92","265","284","147","235","C1849073"
"9990","2","5","8","45","94","199","240","415","666","C1849073"
"3284","2","3","2","69","98","169","299","183","243","C1849073"
"2697","2","3","7","76","153","40","38","54","75","C1849073"
"7045","2","5","12","19","51","1","426","55","78","C1849073"
"54101","2","3","2","48","170","50","347","167","593","C1849073"
"5145","2","3","4","68","45","272","259","518","621","C1849073"
"55572","2","3","2","48","170","50","119","444","556","C1849073"
"7280","2","3","12","76","153","40","38","54","75","C1849073"
"4088","2","3","12","19","219","339","259","423","605","C1849073"
"5982","2","3","12","19","31","261","116","1","86","C1849073"
"8792","2","3","12","41","219","339","156","568","697","C1849073"
"1908","2","5","4","68","96","326","427","548","672","C1849073"
"5745","2","5","4","68","96","326","427","548","672","C1849075"
"1536","2","5","7","34","52","216","395","549","674","C1849075"
"5308","2","3","3","19","221","321","428","541","667","C1849075"
"582","2","3","12","76","153","76","38","54","75","C1849075"
"5160","2","3","2","67","92","293","55","75","311","C1849075"
"383","2","3","7","34","52","216","395","549","674","C1849075"
"6647","2","3","2","95","2","342","378","173","702","C1849075"
"1836","2","3","2","35","41","94","260","330","375","C1849075"
"595","2","3","12","19","31","1","426","489","416","C1849075"
"1727","2","3","7","34","52","216","395","549","197","C1849075"
"115352","2","5","7","34","52","20","25","40","186","C1849075"
"6311","2","3","2","22","33","323","66","362","468","C1849075"
"8242","2","3","12","19","31","1","426","55","78","C1849097"
"8924","2","3","12","41","116","268","434","468","213","C1849097"
"9531","2","3","12","41","219","339","347","271","356","C1849097"
"3949","2","5","7","60","14","184","341","544","669","C1849134"
"1437","2","5","7","53","14","20","25","40","186","C1849134"
"29887","2","3","7","60","18","110","141","198","270","C1849134"
"2239","2","3","2","74","51","342","454","573","492","C1849134"
"2321","2","5","7","53","14","20","25","40","186","C1849134"
"3977","2","5","7","53","51","119","25","40","416","C1849134"
"6342","2","3","5","80","161","305","409","208","482","C1849134"
"4247","2","3","2","68","67","320","98","180","279","C1849134"
"3284","2","3","2","69","98","169","299","183","243","C1849134"
"26160","2","3","12","76","153","40","38","54","75","C1849134"
"23483","2","3","2","28","191","306","143","452","258","C1849134"
"4318","2","5","7","34","52","216","395","573","492","C1849134"
"6583","2","3","2","85","36","107","139","186","654","C1849134"
"28952","2","3","12","41","116","268","434","468","213","C1849148"
"9244","2","5","7","53","51","119","25","40","416","C1849148"
"5443","2","5","4","68","96","326","427","548","672","C1849148"
"2879","2","3","5","80","81","166","378","173","229","C1849148"
"5728","2","3","5","80","81","339","156","568","605","C1849148"
"1282","2","5","7","53","51","342","454","573","492","C1849148"
"25836","2","3","12","76","153","40","38","54","75","C1849148"
"1584","2","3","5","79","159","256","276","353","456","C1849148"
"10381","2","3","12","76","153","40","38","54","75","C1849156"
"183","2","5","4","68","96","326","427","548","672","C1849156"
"4210","2","3","12","41","219","339","156","568","697","C1849156"
"9731","2","3","12","76","153","40","38","54","75","C1849156"
"4193","2","3","12","19","31","1","116","89","605","C1849156"
"29851","2","5","7","53","14","20","25","40","186","C1849156"
"3265","2","5","7","60","54","24","30","46","72","C1849172"
"6866","2","5","4","68","96","326","427","548","672","C1849172"
"23178","2","5","7","53","14","20","34","540","68","C1849172"
"54888","2","3","2","110","85","152","129","252","154","C1849172"
"3239","2","3","3","19","221","321","428","541","667","C1849172"
"27229","2","3","12","76","153","40","38","54","75","C1849172"
"177","2","5","7","53","51","339","156","568","697","C1849172"
"8517","2","3","12","41","219","339","156","568","697","C1849172"
"2778","2","5","4","68","96","326","427","548","672","C1849172"
"3955","2","5","8","89","124","143","428","236","667","C1849173"
"1308","2","5","7","53","51","119","454","573","492","C1849173"
"6945","2","3","12","19","31","110","141","488","102","C1849173"
"2911","2","5","4","68","96","326","427","548","672","C1849173"
"207","2","3","7","53","14","20","34","489","416","C1849173"
"9935","2","3","12","19","31","1","426","55","78","C1849173"
"2775","2","5","4","68","36","150","341","223","628","C1849221"
"1475","2","1","6","11","142","225","142","220","298","C1849221"
"8772","2","3","12","41","219","339","156","568","697","C1849221"
"2776","2","5","4","68","96","326","427","548","672","C1849221"
"29123","2","3","12","19","151","276","91","433","118","C1849221"
"1293","2","5","7","53","51","342","454","573","492","C1849221"
"2638","2","5","8","63","45","23","103","464","187","C1849221"
"5015","2","3","3","19","221","321","428","541","667","C1849227"
"11285","2","3","2","74","205","191","396","408","620","C1849227"
"54880","2","3","12","19","31","1","426","55","78","C1849227"
"6606","2","3","2","22","33","323","66","101","136","C1849227"
"6774","2","3","12","53","14","276","25","489","416","C1849227"
"2182","2","3","2","67","92","265","284","147","235","C1849227"
"54386","2","3","12","19","31","261","116","1","78","C1849227"
"2897","2","5","8","63","36","166","106","110","158","C1849227"
"6489","2","3","2","89","124","204","272","347","451","C1849227"
"1861","2","5","7","60","14","184","341","544","669","C1849265"
"7124","2","3","12","41","219","339","156","568","697","C1849265"
"1280","2","5","7","53","51","342","454","573","492","C1849265"
"6674","2","3","12","48","57","50","38","54","462","C1849265"
"3758","2","5","8","63","36","166","106","110","158","C1849265"
"345","2","5","7","53","51","342","454","573","492","C1849265"
"3845","2","5","7","60","54","24","30","46","72","C1849265"
"7852","2","5","4","68","96","326","427","548","672","C1849265"
"3565","2","5","7","53","51","119","25","489","416","C1849265"
"652","2","5","7","53","51","342","454","573","492","C1849265"
"1356","2","3","7","53","51","342","454","573","492","C1849265"
"4514","2","3","2","48","57","110","141","359","5","C1849265"
"3954","2","3","2","48","170","67","119","444","593","C1849265"
"6611","2","3","2","58","55","25","46","329","198","C1849265"
"9487","2","3","5","80","81","142","176","235","317","C1849265"
"54567","2","5","7","53","51","143","428","236","667","C1849265"
"6640","2","5","7","42","36","71","177","223","219","C1849292"
"54880","2","3","12","19","31","1","426","55","78","C1849292"
"6391","2","3","2","48","170","50","119","444","556","C1849293"
"2259","2","5","8","63","36","166","341","223","158","C1849293"
"51114","2","5","5","68","96","326","162","216","290","C1849295"
"91647","2","3","2","48","170","50","119","220","298","C1849295"
"6519","2","3","5","45","94","199","240","415","666","C1849295"
"1303","2","5","7","53","51","342","454","573","492","C1849295"
"54806","2","5","7","76","153","40","38","54","75","C1849295"
"6049","2","3","12","41","116","268","434","468","213","C1849295"
"9731","2","3","12","76","153","40","38","54","75","C1849295"
"4893","2","5","7","34","52","24","30","46","72","C1849295"
"22931","2","5","7","34","54","24","30","46","72","C1849295"
"4791","2","3","12","41","219","339","156","568","697","C1849295"
"1297","2","5","7","53","51","342","454","573","492","C1849295"
"7139","2","5","8","63","45","23","103","464","187","C1849300"
"4692","2","5","7","53","51","119","402","489","416","C1849300"
"6443","2","5","8","63","45","23","103","464","187","C1849300"
"1785","2","5","7","60","14","184","341","544","669","C1849300"
"4669","2","3","5","80","81","166","454","453","492","C1849300"
"5189","2","3","5","43","161","305","409","208","482","C1849300"
"1290","2","5","7","53","51","342","454","573","492","C1849300"
"1062","2","3","12","76","153","40","38","54","75","C1849300"
"23363","2","3","12","41","116","268","434","468","213","C1849300"
"3691","2","5","7","53","51","342","454","573","492","C1849300"
"54463","2","3","2","48","57","110","141","359","462","C1849300"
"4878","2","3","12","19","31","1","426","55","78","C1849300"
"6299","2","3","12","19","221","321","428","541","667","C1849305"
"4513","2","3","2","48","170","110","141","359","532","C1849305"
"5727","2","3","12","68","221","197","259","560","422","C1849311"
"355","2","3","7","41","219","339","156","568","697","C1849311"
"120227","2","3","5","91","214","101","126","460","224","C1849311"
"3481","2","5","7","53","51","342","454","573","492","C1849311"
"4598","2","3","2","19","151","276","198","259","427","C1849311"
"60","2","3","12","60","45","184","155","287","78","C1849311"
"10262","2","3","2","22","33","323","66","101","136","C1849311"
"1490","2","5","7","53","51","342","454","573","492","C1849311"
"5015","2","3","3","19","221","321","428","541","667","C1849311"
"207","2","3","7","53","14","20","34","489","416","C1849311"
"567","2","5","7","34","52","119","395","549","674","C1849311"
"8626","2","3","3","19","221","321","428","541","667","C1849314"
"1958","2","3","12","19","31","276","91","433","116","C1849314"
"7287","2","5","7","11","142","71","341","560","219","C1849314"
"11200","2","3","12","19","31","261","116","1","86","C1849314"
"4763","2","5","7","60","54","24","30","46","214","C1849314"
"5896","2","3","12","41","116","268","434","568","605","C1849314"
"25814","2","3","2","48","170","110","119","444","462","C1849314"
"4041","2","5","3","68","221","197","259","560","422","C1849314"
"1280","2","5","7","53","51","342","454","573","492","C1849314"
"6239","2","3","12","19","119","330","214","454","144","C1849314"
"9321","2","3","12","76","153","40","38","54","203","C1849314"
"3458","2","5","7","53","184","119","156","287","116","C1849314"
"4261","2","3","12","53","184","119","156","287","116","C1849314"
"6121","2","3","2","69","83","101","126","170","224","C1849314"
"5450","2","3","12","19","221","261","116","159","211","C1849314"
"2010","2","3","12","26","105","296","226","488","156","C1849327"
"5000","2","3","12","76","31","261","116","1","86","C1849327"
"7015","2","3","12","19","31","1","426","55","78","C1849338"
"3098","2","3","2","90","167","266","367","500","577","C1849338"
"6696","2","5","7","53","51","342","454","573","492","C1849340"
"1716","2","3","2","27","36","150","221","138","188","C1849340"
"2316","2","5","7","53","51","342","454","573","702","C1849340"
"25953","2","3","2","67","92","293","137","75","664","C1849340"
"9723","2","5","7","53","51","342","79","560","373","C1849340"
"10082","2","3","2","74","51","342","454","573","492","C1849340"
"538","2","3","8","63","45","23","103","464","187","C1849340"
"1717","2","3","2","19","151","276","48","69","204","C1849340"
"7068","2","3","3","19","151","276","91","433","118","C1849340"
"3075","2","5","7","53","51","119","395","549","674","C1849340"
"6870","2","5","4","68","96","326","427","548","672","C1849340"
"7374","2","3","12","19","31","261","116","1","86","C1849340"
"2316","2","5","7","53","51","342","454","573","702","C1849340"
"5781","2","5","7","53","14","20","25","40","186","C1849340"
"9723","2","5","7","53","51","342","79","560","373","C1849340"
"9361","2","3","2","48","170","50","119","444","556","C1849340"
"4297","2","3","12","19","31","1","426","55","78","C1849340"
"4166","2","3","2","89","60","99","7","211","217","C1849341"
"5449","2","3","3","19","221","321","428","541","667","C1849341"
"6006","2","3","2","69","83","101","126","487","116","C1849341"
"1535","2","5","7","34","52","216","395","549","674","C1849341"
"10117","2","5","7","53","51","342","454","573","492","C1849341"
"6197","2","3","12","19","14","20","34","540","68","C1849341"
"55636","2","3","3","19","221","321","428","423","389","C1849343"
"1610","2","3","5","80","81","305","409","208","482","C1849343"
"8076","2","5","7","53","51","342","454","573","492","C1849343"
"6949","2","3","2","110","85","237","164","390","311","C1849364"
"4921","2","5","7","53","14","20","25","573","186","C1849364"
"4041","2","5","3","68","221","197","259","560","422","C1849364"
"1188","2","5","8","63","45","23","34","464","187","C1849364"
"10841","2","3","2","76","153","40","38","54","48","C1849364"
"1380","2","5","7","53","51","119","395","549","674","C1849364"
"23639","2","3","12","41","219","261","136","271","356","C1849364"
"7403","2","3","12","19","31","1","426","55","78","C1849364"
"5605","2","5","7","53","14","20","34","540","68","C1849364"
"3032","2","3","2","48","57","38","347","12","145","C1849392"
"5889","2","3","12","19","31","261","116","1","86","C1849392"
"54704","2","3","2","67","92","293","55","75","311","C1849392"
"5376","2","5","7","53","51","342","454","573","492","C1849392"
"9126","2","3","12","76","153","40","38","54","75","C1849412"
"4351","2","3","2","90","167","266","367","500","577","C1849412"
"9966","2","5","12","41","219","339","156","568","697","C1849412"
"8622","2","3","4","68","96","326","427","548","672","C1849437"
"27031","2","3","6","11","142","225","38","331","506","C1849437"
"2706","2","3","12","76","153","40","38","54","75","C1849478"
"9681","2","3","2","48","179","289","133","179","476","C1849478"
"55654","2","3","2","22","33","323","66","198","270","C1849478"
"2593","2","3","2","19","31","1","426","55","78","C1849478"
"11253","2","3","2","41","116","268","423","536","445","C1849488"
"5982","2","3","12","19","31","261","116","1","86","C1849488"
"2009","2","3","12","76","153","40","38","54","75","C1849488"
"51660","2","3","2","62","37","154","196","257","344","C1849488"
"4072","2","5","7","53","51","119","454","573","492","C1849488"
"4854","2","5","7","53","51","143","428","236","667","C1849488"
"26229","2","3","2","74","205","191","396","408","257","C1849488"
"2812","2","5","7","53","51","342","454","573","492","C1849488"
"50964","2","5","3","68","221","197","259","423","422","C1849488"
"7421","2","3","3","19","151","276","91","433","118","C1849489"
"9723","2","5","7","53","51","342","79","560","373","C1849489"
"291","2","3","2","48","170","50","304","167","593","C1849489"
"4593","2","5","7","53","14","20","454","573","492","C1849489"
"841","2","3","12","41","219","339","156","568","697","C1849489"
"2956","2","3","12","19","31","261","116","1","86","C1849489"
"1184","2","5","8","63","45","23","34","464","187","C1849489"
"5243","2","3","12","41","116","268","423","536","445","C1849489"
"4524","2","3","2","15","166","104","369","117","583","C1849489"
"3166","2","3","3","19","221","321","428","541","667","C1849510"
"11127","2","3","12","76","153","40","38","54","75","C1849510"
"4924","2","5","7","53","51","342","454","573","492","C1849537"
"2138","2","3","12","19","31","1","426","55","78","C1849537"
"1349","2","3","2","48","170","110","141","359","462","C1849537"
"51091","2","3","2","110","85","237","433","547","671","C1849538"
"111","2","5","4","68","96","326","427","548","672","C1849538"
"7305","2","5","7","34","52","216","395","549","674","C1849538"
"2263","2","5","7","53","14","20","25","40","186","C1849538"
"673","2","5","7","53","14","20","34","540","68","C1849538"
"547","2","3","7","76","153","40","38","54","75","C1849538"
"10060","2","3","8","41","45","23","423","464","445","C1849538"
"7957","2","3","5","42","81","296","399","201","274","C1849538"
"9401","2","3","12","76","31","261","116","1","86","C1849538"
"4000","2","3","12","26","105","178","226","297","156","C1849538"
"5155","2","5","7","53","51","342","454","573","186","C1849540"
"3514","2","5","7","53","51","119","395","549","674","C1849540"
"367","2","3","12","19","31","276","91","433","118","C1849540"
"1278","2","5","7","53","51","342","454","573","492","C1849540"
"55325","2","5","7","34","181","23","119","544","187","C1849540"
"11340","2","3","2","110","85","237","433","547","671","C1849540"
"2332","2","3","2","22","33","71","373","466","609","C1849540"
"2778","2","5","4","68","96","326","427","548","672","C1849540"
"6916","2","3","5","91","175","119","167","224","301","C1849547"
"1409","2","3","12","76","153","40","38","54","75","C1849547"
"695","2","5","7","53","14","20","25","40","186","C1849547"
"3930","2","3","2","22","33","323","66","3","464","C1849547"
"3248","2","3","2","69","83","133","167","224","301","C1849618"
"7994","2","3","12","19","31","1","426","55","78","C1849618"
"25836","2","3","12","76","153","40","38","54","75","C1849618"
"55605","2","3","12","76","153","40","38","54","75","C1849667"
"275","2","3","5","106","104","214","70","377","488","C1849667"
"5194","2","3","5","43","161","305","409","208","482","C1849677"
"10166","2","3","2","84","97","167","210","278","360","C1849677"
"7056","2","5","7","53","51","119","454","573","492","C1849677"
"3295","2","3","5","43","161","305","409","208","482","C1849677"
"1285","2","5","7","53","51","342","454","573","492","C1849677"
"836","2","3","12","41","219","339","402","489","697","C1849683"
"650","2","5","7","53","51","342","259","423","389","C1849683"
"1959","2","3","3","19","151","276","91","433","118","C1849749"
"5727","2","3","12","68","221","197","259","560","422","C1849749"
"25913","2","3","12","19","31","261","116","1","78","C1849749"
"338","2","5","7","53","51","342","454","573","492","C1849765"
"779","2","5","8","63","36","166","341","390","158","C1849765"
"94","2","5","7","53","51","342","259","423","389","C1849766"
"6295","2","3","4","68","45","272","427","518","621","C1849766"
"3284","2","3","2","69","98","169","299","183","243","C1849923"
"2301","2","5","6","11","142","225","142","220","673","C1849923"
"9562","2","3","5","80","81","296","248","317","405","C1849923"
"5339","2","5","7","53","51","342","454","573","492","C1849923"
"25794","2","5","6","11","142","225","142","220","673","C1849923"
"7157","2","3","12","19","31","261","402","489","551","C1849923"
"4621","2","5","8","63","45","23","103","464","187","C1849923"
"23405","2","3","2","22","33","323","66","146","194","C1849923"
"5339","2","5","7","53","51","342","454","573","492","C1849923"
"3265","2","5","7","60","54","24","30","46","72","C1849923"
"6888","2","3","2","90","167","266","367","500","577","C1849923"
"695","2","5","7","53","14","20","25","40","186","C1849923"
"3105","2","5","7","53","51","119","156","287","116","C1849923"
"3576","2","5","4","68","96","326","427","548","672","C1849930"
"190","2","3","3","19","151","276","91","433","118","C1849930"
"2317","2","5","7","63","45","23","103","287","664","C1849937"
"10087","2","3","7","50","47","39","100","321","255","C1849937"
"5605","2","5","7","53","14","20","34","540","68","C1849937"
"4968","2","3","12","19","31","261","116","1","86","C1849937"
"7314","2","3","12","41","219","261","409","208","482","C1849937"
"5144","2","3","4","68","96","326","427","548","672","C1849937"
"4193","2","3","12","19","31","1","116","89","605","C1849937"
"348","2","5","7","53","51","342","454","573","492","C1849937"
"6204","2","3","2","110","85","237","433","547","671","C1849937"
"2990","2","3","7","34","52","216","395","549","674","C1849937"
"5832","2","3","2","101","62","189","182","509","252","C1849937"
"5307","2","3","3","19","221","321","428","541","667","C1849937"
"1896","2","5","12","41","219","339","156","568","697","C1849937"
"1286","2","5","7","53","51","342","454","573","492","C1849937"
"2178","2","3","12","19","31","261","116","1","86","C1849937"
"3663","2","3","12","53","184","119","156","287","116","C1849937"
"9517","2","3","2","50","47","39","100","321","638","C1849937"
"6635","2","3","2","22","33","323","66","101","136","C1849937"
"4886","2","5","4","68","96","326","427","548","672","C1849937"
"26154","2","3","5","47","144","185","238","310","392","C1849937"
"7422","2","5","7","53","51","342","454","573","702","C1849937"
"3119","2","5","7","53","153","119","156","287","116","C1849937"
"9150","2","3","12","19","31","261","116","159","211","C1849950"
"8626","2","3","3","19","221","321","428","541","667","C1849950"
"5167","2","3","5","32","93","163","207","303","126","C1849950"
"100","2","3","5","33","21","47","56","80","199","C1849953"
"4684","2","5","7","53","51","335","444","560","373","C1849953"
"6010","2","5","4","68","96","326","427","548","672","C1849955"
"1280","2","5","7","53","51","342","454","573","492","C1849955"
"4688","2","5","7","60","14","20","25","40","215","C1849955"
"8626","2","3","3","19","221","321","428","541","667","C1849955"
"5307","2","3","3","19","221","321","428","541","667","C1849955"
"2896","2","5","7","34","52","216","395","549","674","C1849955"
"9842","2","3","5","76","155","76","291","152","420","C1849993"
"4000","2","3","12","26","105","178","226","297","156","C1849993"
"644","2","3","2","42","49","93","192","253","338","C1850013"
"4358","2","3","5","43","161","305","409","208","482","C1850013"
"2122","2","3","12","19","31","1","426","55","78","C1850041"
"7355","2","3","2","78","206","324","430","429","544","C1850041"
"4952","2","3","5","60","54","184","30","544","669","C1850055"
"22954","2","3","12","41","116","268","434","468","213","C1850055"
"2296","2","3","3","19","221","321","428","541","667","C1850069"
"701","2","3","12","76","153","40","38","54","75","C1850069"
"5745","2","5","4","68","96","326","427","548","672","C1850072"
"26191","2","5","7","53","14","20","25","40","186","C1850072"
"51259","2","3","2","76","153","40","38","54","75","C1850072"
"50615","2","5","7","53","51","119","25","40","186","C1850072"
"5290","2","3","7","53","14","20","25","40","186","C1850072"
"2121","2","3","12","41","116","268","434","568","605","C1850072"
"2073","2","3","12","19","31","261","116","1","86","C1850072"
"1001","2","5","7","53","51","335","444","560","373","C1850072"
"1591","2","3","5","92","163","262","136","460","566","C1850072"
"4000","2","3","12","26","105","178","226","297","156","C1850072"
"6092","2","5","7","53","51","335","444","560","373","C1850072"
"326","2","3","12","19","31","261","377","370","269","C1850072"
"5728","2","3","5","80","81","339","156","568","605","C1850072"
"7042","2","5","7","53","51","342","454","573","492","C1850072"
"673","2","5","7","53","14","20","34","540","68","C1850072"
"3280","2","3","12","19","31","143","428","236","667","C1850072"
"5073","2","3","2","110","85","323","433","146","194","C1850072"
"30008","2","5","7","53","51","342","454","573","492","C1850072"
"6663","2","3","3","19","221","321","428","541","667","C1850072"
"3156","2","3","2","19","151","276","91","433","118","C1850087"
"54209","2","5","7","53","51","119","395","549","674","C1850087"
"8481","2","3","12","76","153","40","38","54","75","C1850087"
"4352","2","5","7","53","14","20","25","40","186","C1850087"
"1280","2","5","7","53","51","342","454","573","492","C1850096"
"26353","2","3","12","76","45","160","347","271","356","C1850096"
"2517","2","3","7","34","52","216","395","549","674","C1850100"
"10019","2","5","7","53","14","20","25","40","116","C1850100"
"7137","2","5","8","63","45","23","103","464","187","C1850109"
"2253","2","5","7","53","14","20","25","40","186","C1850109"
"3440","2","3","12","19","184","118","155","287","116","C1850127"
"4137","2","3","7","27","36","150","341","223","628","C1850127"
"5073","2","3","2","110","85","323","433","146","194","C1850135"
"1536","2","5","7","34","52","216","395","549","674","C1850135"
"3106","2","5","7","34","52","119","395","549","674","C1850135"
"51057","2","3","12","76","153","40","38","54","75","C1850135"
"9095","2","5","7","53","51","335","444","560","373","C1850135"
"50939","2","3","12","76","153","40","38","472","435","C1850135"
"54585","2","3","12","76","153","76","38","54","75","C1850135"
"7248","2","3","2","48","57","110","141","359","462","C1850135"
"5244","2","3","3","41","151","276","91","433","118","C1850135"
"26005","2","3","12","76","153","40","38","54","75","C1850135"
"64240","2","3","5","47","144","185","238","310","392","C1850135"
"10225","2","5","7","53","51","119","395","549","674","C1850135"
"25836","2","3","12","76","153","40","38","54","75","C1850135"
"6392","2","3","2","48","170","50","119","444","556","C1850135"
"7051","2","1","6","11","142","225","142","220","298","C1850135"
"115019","2","5","8","35","41","199","40","415","666","C1850135"
"2700","2","3","6","76","153","40","38","54","75","C1850135"
"50964","2","5","3","68","221","197","259","423","422","C1850135"
"10211","2","5","7","48","45","110","103","223","219","C1850135"
"6557","2","5","8","45","94","199","240","415","666","C1850155"
"9469","2","3","2","103","189","303","29","475","467","C1850155"
"54941","2","3","12","41","116","268","434","468","213","C1850160"
"2796","2","5","4","68","96","326","427","548","672","C1850160"
"51715","2","5","7","60","54","24","30","46","72","C1850161"
"857","2","5","7","53","45","23","57","83","422","C1850161"
"5095","2","3","2","48","40","130","166","127","173","C1850161"
"5450","2","3","12","19","221","261","116","159","211","C1850161"
"54209","2","5","7","53","51","119","395","549","674","C1850161"
"1280","2","5","7","53","51","342","454","573","492","C1850171"
"8878","2","3","12","41","219","339","156","568","697","C1850171"
"1285","2","5","7","53","51","342","454","573","492","C1850171"
"4982","2","5","12","41","219","339","156","568","697","C1850171"
"4157","2","5","4","68","96","326","427","548","672","C1850171"
"2627","2","3","12","19","31","118","155","287","116","C1850171"
"27031","2","3","6","11","142","225","38","331","506","C1850171"
"10265","2","3","3","19","221","321","428","541","667","C1850171"
"6391","2","3","2","48","170","50","119","444","556","C1850171"
"25814","2","3","2","48","170","110","119","444","462","C1850178"
"3508","2","3","12","19","31","261","116","1","86","C1850178"
"10491","2","5","7","53","51","342","454","573","492","C1850178"
"2990","2","3","7","34","52","216","395","549","674","C1850191"
"2316","2","5","7","53","51","342","454","573","702","C1850191"
"8822","2","5","7","53","14","20","25","40","186","C1850191"
"7471","2","5","3","68","221","197","259","560","422","C1850191"
"8214","2","3","6","11","142","225","142","220","298","C1850196"
"5340","2","5","7","53","51","342","454","573","492","C1850196"
"1298","2","5","7","53","51","342","454","573","492","C1850196"
"6901","2","3","2","48","170","50","304","167","593","C1850256"
"6331","2","5","8","63","36","166","341","223","158","C1850256"
"2074","2","3","12","19","31","1","426","55","78","C1850256"
"23384","2","3","12","63","45","184","103","572","658","C1850256"
"3764","2","5","8","63","36","166","106","110","158","C1850256"
"4692","2","5","7","53","51","119","402","489","416","C1850256"
"10117","2","5","7","53","51","342","454","573","492","C1850256"
"3159","2","3","12","19","31","276","91","433","664","C1850259"
"2121","2","3","12","41","116","268","434","568","605","C1850259"
"5743","2","3","5","53","175","119","167","489","416","C1850259"
"2071","2","3","12","19","31","261","116","159","211","C1850259"
"51103","2","3","2","48","170","50","119","444","556","C1850259"
"5095","2","3","2","48","40","130","166","127","173","C1850259"
"8085","2","3","12","19","31","1","426","55","78","C1850259"
"10020","2","3","2","89","124","204","42","452","258","C1850259"
"5130","2","3","2","85","143","286","51","488","102","C1850259"
"7072","2","3","2","22","33","323","66","101","136","C1850293"
"3094","2","3","2","48","170","266","367","500","78","C1850293"
"2178","2","3","12","19","31","261","116","1","86","C1850293"
"5159","2","5","7","53","14","20","25","40","186","C1850293"
"50940","2","3","4","68","96","326","427","548","672","C1850293"
"6772","2","3","12","53","184","119","156","287","116","C1850309"
"5428","2","3","2","48","170","50","119","167","593","C1850309"
"8766","2","5","7","60","54","24","30","46","72","C1850309"
"410","2","3","7","34","52","216","395","549","674","C1850309"
"1277","2","5","7","53","51","342","454","573","492","C1850309"
"3105","2","5","7","53","51","119","156","287","116","C1850309"
"4921","2","5","7","53","14","20","25","573","186","C1850309"
"1297","2","5","7","53","51","342","454","573","492","C1850309"
"6622","2","3","7","27","36","150","341","223","628","C1850309"
"54567","2","5","7","53","51","143","428","236","667","C1850309"
"1717","2","3","2","19","151","276","48","69","204","C1850309"
"9051","2","5","7","60","14","20","25","40","215","C1850309"
"5144","2","3","4","68","96","326","427","548","672","C1850309"
"7026","2","3","3","19","151","276","91","433","118","C1850309"
"10459","2","3","12","76","31","261","116","1","86","C1850309"
"26278","2","3","12","41","116","268","347","271","356","C1850309"
"51741","2","3","2","22","33","323","66","101","127","C1850309"
"2736","2","3","12","41","116","321","428","54","667","C1850309"
"177","2","5","7","53","51","339","156","568","697","C1850309"
"10225","2","5","7","53","51","119","395","549","674","C1850309"
"55703","2","3","2","22","33","261","116","159","211","C1850325"
"5308","2","3","3","19","221","321","428","541","667","C1850325"
"6496","2","3","3","19","221","321","428","541","667","C1850325"
"2542","2","3","5","80","81","296","399","500","577","C1850327"
"4000","2","3","12","26","105","178","226","297","156","C1850327"
"7248","2","3","2","48","57","110","141","359","462","C1850327"
"10804","2","3","12","76","153","40","38","54","75","C1850327"
"5696","2","3","12","41","116","268","156","568","116","C1850336"
"163","2","5","7","60","14","184","341","544","669","C1850336"
"7136","2","5","8","63","45","23","103","464","187","C1850343"
"4540","2","3","2","48","170","50","119","444","556","C1850343"
"3265","2","5","7","60","54","24","30","46","72","C1850343"
"51715","2","5","7","60","54","24","30","46","72","C1850343"
"8878","2","3","12","41","219","339","156","568","697","C1850383"
"6576","2","3","2","45","94","199","240","569","666","C1850383"
"5155","2","5","7","53","51","342","454","573","186","C1850415"
"26608","2","3","2","22","170","50","119","463","153","C1850415"
"1890","2","3","5","80","81","296","62","94","150","C1850415"
"1836","2","3","2","35","41","94","260","330","375","C1850415"
"10280","2","3","2","110","85","52","57","86","119","C1850415"
"5447","2","3","5","91","214","271","372","471","586","C1850415"
"5194","2","3","5","43","161","305","409","208","482","C1850438"
"7169","2","5","8","63","45","23","103","464","187","C1850438"
"80774","2","3","2","41","45","184","103","572","701","C1850447"
"51119","2","3","2","110","85","237","433","547","671","C1850447"
"2182","2","3","2","67","92","265","284","147","235","C1850456"
"22","2","3","2","48","170","279","423","274","154","C1850456"
"23314","2","3","3","19","221","321","428","541","667","C1850456"
"11141","2","5","7","53","36","335","444","223","373","C1850456"
"24","2","3","12","41","116","268","423","536","445","C1850456"
"51750","2","3","12","19","31","261","116","1","86","C1850456"
"29954","2","5","2","27","206","324","430","215","290","C1850456"
"9401","2","3","12","76","31","261","116","1","86","C1850456"
"5308","2","3","3","19","221","321","428","541","667","C1850456"
"1586","2","3","5","79","98","256","335","425","540","C1850456"
"1188","2","5","8","63","45","23","34","464","187","C1850456"
"4653","2","5","7","34","51","342","454","573","492","C1850456"
"6531","2","5","8","45","94","199","240","415","666","C1850456"
"5663","2","5","7","34","52","216","395","549","667","C1850456"
"4920","2","5","7","53","14","20","259","560","373","C1850456"
"5406","2","3","5","80","81","166","454","76","106","C1850456"
"6234","2","3","2","110","85","237","433","547","671","C1850456"
"1493","2","5","7","53","51","119","25","40","186","C1850456"
"7167","2","3","2","90","167","266","367","500","577","C1850456"
"5122","2","5","4","27","36","184","141","359","411","C1850456"
"7518","2","3","12","19","31","261","116","1","86","C1850456"
"6197","2","3","12","19","14","20","34","540","68","C1850456"
"7020","2","3","12","19","31","276","91","433","664","C1850456"
"10060","2","3","8","41","45","23","423","464","445","C1850456"
"2961","2","3","12","19","31","261","116","159","211","C1850456"
"3614","2","3","7","34","52","216","395","549","674","C1850456"
"2746","2","3","2","110","62","189","182","509","356","C1850456"
"8260","2","3","12","41","85","266","76","287","78","C1850456"
"7084","2","3","2","72","109","115","62","268","353","C1850456"
"2176","2","3","12","19","31","261","116","1","86","C1850456"
"55149","2","3","2","110","221","321","428","167","593","C1850456"
"5913","2","5","7","27","36","71","341","223","219","C1850456"
"4990","2","3","3","19","221","321","428","541","667","C1850496"
"9949","2","3","2","22","33","225","142","220","298","C1850496"
"3423","2","3","5","74","3","342","374","294","590","C1850496"
"6444","2","5","8","63","45","23","103","464","187","C1850496"
"7421","2","3","3","19","151","276","91","433","118","C1850496"
"64241","2","3","5","47","144","185","238","310","392","C1850496"
"658","2","5","7","53","51","342","259","423","389","C1850496"
"3728","2","5","7","34","52","225","142","220","298","C1850496"
"4508","2","3","2","48","170","50","119","444","556","C1850496"
"6709","2","5","7","34","52","216","395","572","158","C1850496"
"2074","2","3","12","19","31","1","426","55","78","C1850496"
"4854","2","5","7","53","51","143","428","236","667","C1850496"
"2731","2","3","2","106","104","214","234","67","53","C1850496"
"7298","2","3","12","76","153","40","38","54","75","C1850496"
"3643","2","5","7","53","14","20","25","40","186","C1850496"
"1832","2","5","7","34","52","225","142","220","298","C1850496"
"54567","2","5","7","53","51","143","428","236","667","C1850496"
"811","2","3","2","41","116","342","423","536","342","C1850496"
"8481","2","3","12","76","153","40","38","54","75","C1850496"
"5961","2","5","7","27","51","326","126","414","702","C1850496"
"6529","2","5","8","45","94","199","240","415","666","C1850496"
"6295","2","3","4","68","45","272","427","518","621","C1850496"
"9129","2","3","2","22","33","323","66","101","136","C1850496"
"1896","2","5","12","41","219","339","156","568","697","C1850496"
"1021","2","3","12","19","31","1","426","55","78","C1850496"
"6916","2","3","5","91","175","119","167","224","301","C1850534"
"9132","2","5","8","63","36","166","106","110","158","C1850534"
"8481","2","3","12","76","153","40","38","54","75","C1850535"
"6569","2","3","8","45","94","199","240","415","666","C1850535"
"26047","2","5","7","27","36","335","341","223","373","C1850535"
"4308","2","5","8","63","45","193","306","390","158","C1850535"
"8878","2","3","12","41","219","339","156","568","697","C1850535"
"8493","2","3","12","19","31","293","116","201","664","C1850544"
"6648","2","3","2","95","151","160","378","173","229","C1850544"
"2224","2","3","3","19","151","276","91","433","118","C1850544"
"3239","2","3","3","19","221","321","428","541","667","C1850558"
"7681","2","3","12","41","116","268","434","468","213","C1850558"
"2483","2","3","2","22","33","323","66","101","136","C1850558"
"6389","2","3","2","48","170","50","119","444","556","C1850573"
"22845","2","3","2","48","68","125","161","214","288","C1850573"
"7020","2","3","12","19","31","276","91","433","664","C1850573"
"59341","2","5","8","63","45","193","306","390","158","C1850573"
"3857","2","1","6","11","142","225","142","220","298","C1850573"
"2821","2","5","7","34","52","216","395","549","577","C1850573"
"1399","2","5","7","53","14","20","25","40","186","C1850573"
"583","2","3","12","76","153","40","38","54","75","C1850573"
"706","2","3","5","48","170","273","119","100","589","C1850573"
"10195","2","3","2","48","69","99","162","216","290","C1850573"
"4920","2","5","7","53","14","20","259","560","373","C1850573"
"773","2","5","8","27","36","166","341","223","628","C1850573"
"4000","2","3","12","26","105","178","226","297","156","C1850573"
"836","2","3","12","41","219","339","402","489","697","C1850573"
"242","2","3","5","11","142","223","142","220","298","C1850601"
"8322","2","5","3","68","221","184","259","544","669","C1850601"
"1737","2","3","2","67","92","293","55","75","311","C1850601"
"3859","2","1","6","11","142","225","142","220","298","C1850601"
"2035","2","5","7","60","36","71","341","223","219","C1850601"
"7345","2","3","12","41","116","268","341","223","628","C1850601"
"10262","2","3","2","22","33","323","66","101","136","C1850601"
"9896","2","3","5","80","81","296","399","201","274","C1850630"
"2218","2","5","2","53","123","194","255","560","373","C1850630"
"4057","2","5","7","34","52","216","395","549","674","C1850658"
"2260","2","5","7","53","14","20","25","40","186","C1850658"
"51085","2","3","2","48","57","110","141","359","462","C1850663"
"801","2","5","8","63","45","23","103","464","187","C1850663"
"7124","2","3","12","41","219","339","156","568","697","C1850674"
"23169","2","3","2","78","205","112","430","429","544","C1850674"
"538","2","3","8","63","45","23","103","464","187","C1850776"
"4512","2","3","2","48","170","110","141","359","8","C1850776"
"4853","2","3","12","19","124","143","428","236","667","C1850776"
"2099","2","3","12","19","151","276","91","433","118","C1850776"
"9569","2","3","12","19","31","276","91","433","118","C1850776"
"10585","2","5","2","27","206","324","430","215","290","C1850776"
"1490","2","5","7","53","51","342","454","573","492","C1850776"
"4193","2","3","12","19","31","1","116","89","605","C1850776"
"26227","2","3","2","41","137","44","208","81","108","C1850776"
"7314","2","3","12","41","219","261","409","208","482","C1850776"
"6103","2","3","12","76","153","40","38","54","75","C1850776"
"8085","2","3","12","19","31","1","426","55","78","C1850776"
"1586","2","3","5","79","98","256","335","425","540","C1850776"
"2068","2","3","12","19","31","261","116","159","211","C1850776"
"4204","2","3","12","19","31","1","426","55","78","C1850776"
"54919","2","3","2","41","96","279","304","370","257","C1850776"
"2263","2","5","7","53","14","20","25","40","186","C1850776"
"412","2","3","5","105","155","250","291","152","420","C1850776"
"2556","2","5","8","27","70","99","162","216","290","C1850776"
"7476","2","5","3","68","221","197","259","560","422","C1850776"
"72","2","5","8","63","45","23","103","464","187","C1850776"
"3914","2","5","7","53","51","342","454","573","492","C1850776"
"7401","2","5","7","60","83","101","126","170","224","C1850776"
"673","2","5","7","53","14","20","34","540","68","C1850776"
"5032","2","5","4","68","96","326","427","548","672","C1850776"
"3299","2","3","12","42","81","296","399","201","274","C1850776"
"10216","2","3","2","48","170","50","304","167","593","C1850776"
"54820","2","3","12","76","153","40","38","54","75","C1850792"
"1962","2","3","5","43","161","305","409","208","482","C1850792"
"1311","2","5","7","53","51","342","454","573","492","C1850794"
"4893","2","5","7","34","52","24","30","46","72","C1850794"
"2720","2","3","7","34","52","216","395","21","599","C1850794"
"5077","2","3","3","19","221","321","428","541","667","C1850794"
"10269","2","3","2","48","182","50","119","444","556","C1850794"
"9533","2","3","2","19","31","1","426","55","78","C1850794"
"2010","2","3","12","26","105","296","226","488","156","C1850794"
"5444","2","3","5","80","147","236","328","411","229","C1850794"
"1356","2","3","7","53","51","342","454","573","492","C1850794"
"5354","2","5","7","27","36","150","341","223","628","C1850794"
"26277","2","3","12","19","31","1","426","1","78","C1850794"
"2239","2","3","2","74","51","342","454","573","492","C1850794"
"29123","2","3","12","19","151","276","91","433","118","C1850830"
"55109","2","5","7","42","81","184","118","543","214","C1850830"
"2033","2","3","12","19","31","1","91","433","118","C1850830"
"4351","2","3","2","90","167","266","367","500","577","C1850830"
"5781","2","5","7","53","14","20","25","40","186","C1850830"
"4125","2","3","7","34","52","216","395","549","674","C1850830"
"27235","2","3","2","48","170","50","304","167","593","C1850830"
"1440","2","5","7","53","51","119","25","489","416","C1850830"
"51741","2","3","2","22","33","323","66","101","127","C1850848"
"25836","2","3","12","76","153","40","38","54","75","C1850848"
"1535","2","5","7","34","52","216","395","549","674","C1850848"
"2354","2","3","12","19","31","1","426","55","78","C1850848"
"5325","2","3","12","19","31","198","261","146","118","C1850848"
"7994","2","3","12","19","31","1","426","55","78","C1850848"
"429","2","3","3","19","221","321","428","541","667","C1850853"
"6229","2","3","2","110","85","237","433","547","671","C1850853"
"2395","2","3","2","48","170","50","304","167","593","C1850853"
"26119","2","5","7","60","14","184","341","544","669","C1850854"
"411","2","3","7","34","52","216","395","549","674","C1850854"
"6197","2","3","12","19","14","20","34","540","68","C1850854"
"10019","2","5","7","53","14","20","25","40","116","C1850855"
"2697","2","3","7","76","153","40","38","54","75","C1850855"
"5728","2","3","5","80","81","339","156","568","605","C1850855"
"5897","2","3","12","41","116","268","141","568","605","C1850900"
"9152","2","5","8","45","94","199","240","415","666","C1850900"
"8867","2","3","5","60","14","184","341","544","669","C1850900"
"538","2","3","8","63","45","23","103","464","187","C1850900"
"1001","2","5","7","53","51","335","444","560","373","C1851059"
"8822","2","5","7","53","14","20","25","40","186","C1851059"
"4538","2","3","2","48","170","50","119","444","556","C1851059"
"2074","2","3","12","19","31","1","426","55","78","C1851059"
"4604","2","5","8","63","45","23","103","464","187","C1851100"
"9419","2","5","7","60","36","71","341","223","219","C1851100"
"875","2","3","5","80","137","44","21","451","316","C1851102"
"51626","2","3","12","76","153","40","38","54","75","C1851102"
"860","2","3","12","19","31","276","91","433","118","C1851102"
"2335","2","5","7","53","51","342","454","573","492","C1851102"
"84152","2","3","12","76","45","23","402","518","621","C1851107"
"27063","2","3","3","19","151","276","91","433","118","C1851107"
"5771","2","5","7","53","14","296","25","40","186","C1851108"
"9394","2","3","2","74","58","112","148","193","263","C1851108"
"5172","2","5","8","45","94","199","240","415","666","C1851119"
"5961","2","5","7","27","51","326","126","414","702","C1851119"
"4204","2","3","12","19","31","1","426","55","78","C1851119"
"3845","2","5","7","60","54","24","30","46","72","C1851303"
"8243","2","3","12","76","31","40","38","54","75","C1851303"
"3394","2","5","7","53","184","119","156","287","116","C1851313"
"6567","2","5","8","35","41","77","40","57","80","C1851313"
"478","2","3","8","63","45","23","366","464","187","C1851313"
"25836","2","3","12","76","153","40","38","54","75","C1851400"
"2033","2","3","12","19","31","1","91","433","118","C1851400"
"1586","2","3","5","79","98","256","335","425","540","C1851402"
"374","2","5","7","60","153","40","202","66","203","C1851402"
"5831","2","3","2","101","62","189","182","566","409","C1851402"
"6925","2","3","12","19","31","225","142","220","298","C1851402"
"7253","2","5","4","68","96","326","427","548","672","C1851402"
"4843","2","3","5","43","161","305","409","489","416","C1851406"
"34","2","3","2","19","151","276","91","433","118","C1851406"
"3689","2","5","7","34","52","216","395","549","674","C1851414"
"2188","2","3","12","19","31","261","116","1","86","C1851414"
"2516","2","3","3","19","151","276","91","433","118","C1851415"
"5230","2","3","12","72","167","266","367","500","577","C1851415"
"5982","2","3","12","19","31","261","116","1","86","C1851418"
"4038","2","5","7","53","51","342","454","573","492","C1851418"
"6689","2","3","12","19","31","276","91","433","118","C1851419"
"50511","2","3","12","19","31","1","426","55","78","C1851419"
"7099","2","5","7","41","219","339","156","568","697","C1851542"
"7157","2","3","12","19","31","261","402","489","551","C1851542"
"50964","2","5","3","68","221","197","259","423","422","C1851542"
"3575","2","5","7","53","51","184","341","544","669","C1851542"
"3954","2","3","2","48","170","67","119","444","593","C1851585"
"5696","2","3","12","41","116","268","156","568","116","C1851585"
"2566","2","5","8","27","70","99","162","216","290","C1851705"
"2911","2","5","4","68","96","326","427","548","672","C1851705"
"9378","2","5","7","27","36","71","341","223","219","C1851705"
"7469","2","3","12","19","31","261","116","159","211","C1851712"
"5894","2","5","7","60","54","23","34","464","187","C1851712"
"7045","2","5","12","19","51","1","426","55","78","C1851712"
"2778","2","5","4","68","96","326","427","548","672","C1851712"
"3853","2","1","6","11","142","225","142","220","298","C1851714"
"2073","2","3","12","19","31","261","116","1","86","C1851714"
"1545","2","3","5","91","175","271","372","443","558","C1851714"
"3293","2","3","2","69","83","169","94","133","70","C1851714"
"3973","2","5","4","68","96","326","427","548","672","C1851714"
"7248","2","3","2","48","57","110","141","359","462","C1851720"
"6299","2","3","12","19","221","321","428","541","667","C1851720"
"54806","2","5","7","76","153","40","38","54","75","C1851720"
"8642","2","5","7","53","51","335","444","560","373","C1851722"
"1475","2","1","6","11","142","225","142","220","298","C1851722"
"54567","2","5","7","53","51","143","428","236","667","C1851722"
"3293","2","3","2","69","83","169","94","133","70","C1851731"
"2316","2","5","7","53","51","342","454","573","702","C1851731"
"5339","2","5","7","53","51","342","454","573","492","C1851731"
"5335","2","3","7","53","14","20","25","40","186","C1851731"
"8924","2","3","12","41","116","268","434","468","213","C1851731"
"2147","2","5","7","68","51","342","454","573","492","C1851731"
"7546","2","5","3","19","221","321","79","560","373","C1851731"
"4534","2","3","5","80","81","296","399","362","468","C1851731"
"3239","2","3","3","19","221","321","428","541","667","C1851731"
"10060","2","3","8","41","45","23","423","464","445","C1851731"
"7476","2","5","3","68","221","197","259","560","422","C1851731"
"1294","2","5","7","53","51","342","454","573","492","C1851731"
"4536","2","3","2","48","170","50","119","444","556","C1851731"
"3265","2","5","7","60","54","24","30","46","72","C1851731"
"2673","2","3","2","110","94","178","226","297","380","C1851731"
"8260","2","3","12","41","85","266","76","287","78","C1851731"
"4548","2","3","2","15","85","105","139","186","245","C1851733"
"4723","2","3","2","48","170","50","119","444","556","C1851733"
"7353","2","3","12","41","219","339","156","568","605","C1851733"
"3587","2","5","7","53","51","119","395","549","674","C1851789"
"9742","2","3","12","76","153","40","38","54","75","C1851789"
"6584","2","3","8","45","94","199","240","415","666","C1851789"
"1687","2","3","2","22","36","295","398","552","628","C1851789"
"3636","2","3","5","80","14","20","25","40","186","C1851789"
"6323","2","5","8","63","36","166","341","390","158","C1851789"
"763","2","3","5","35","41","77","40","526","647","C1851789"
"2068","2","3","12","19","31","261","116","159","211","C1851789"
"30008","2","5","7","53","51","342","454","573","492","C1851792"
"4157","2","5","4","68","96","326","427","548","672","C1851792"
"6440","2","5","5","68","96","185","238","310","272","C1851792"
"4582","2","5","7","53","206","324","430","429","544","C1851792"
"10491","2","5","7","53","51","342","454","573","492","C1851792"
"6647","2","3","2","95","2","342","378","173","702","C1851792"
"3630","2","5","7","53","14","20","25","40","186","C1851792"
"5340","2","5","7","53","51","342","454","573","492","C1851792"
"54808","2","3","12","76","153","40","38","54","75","C1851792"
"8302","2","5","7","53","51","119","395","549","674","C1851792"
"5346","2","3","3","19","151","276","91","433","118","C1851792"
"10479","2","5","7","27","36","150","341","223","628","C1851797"
"7010","2","5","7","53","14","20","25","40","186","C1851797"
"23495","2","3","12","41","219","339","156","568","697","C1851828"
"4338","2","3","2","110","85","75","204","267","352","C1851828"
"4221","2","3","12","19","31","342","454","573","492","C1851828"
"54187","2","3","5","80","81","296","272","452","148","C1851828"
"7468","2","3","12","19","31","1","426","55","78","C1851833"
"2239","2","3","2","74","51","342","454","573","492","C1851833"
"10020","2","3","2","89","124","204","42","452","258","C1851833"
"2896","2","5","7","34","52","216","395","549","674","C1851835"
"4088","2","3","12","19","219","339","259","423","605","C1851835"
"7855","2","5","3","68","221","197","259","560","422","C1851835"
"3675","2","5","7","53","51","342","454","573","492","C1851868"
"2566","2","5","8","27","70","99","162","216","290","C1851868"
"633","2","5","7","53","51","342","454","573","492","C1851868"
"867","2","5","7","53","14","184","25","40","669","C1851868"
"3315","2","3","12","41","181","160","362","402","215","C1851868"
"26191","2","5","7","53","14","20","25","40","186","C1851868"
"23522","2","3","12","19","31","1","426","55","78","C1851868"
"3107","2","5","7","34","52","119","395","549","674","C1851868"
"10370","2","3","12","19","31","276","91","433","118","C1851868"
"7353","2","3","12","41","219","339","156","568","605","C1851868"
"348","2","5","7","53","51","342","454","573","492","C1851868"
"2562","2","5","8","27","70","99","162","216","290","C1851868"
"5080","2","3","3","19","221","321","428","541","667","C1851868"
"8626","2","3","3","19","221","321","428","541","667","C1851868"
"29123","2","3","12","19","151","276","91","433","118","C1851868"
"54714","2","5","8","63","36","166","106","110","158","C1851868"
"9211","2","5","7","27","36","150","341","223","628","C1851868"
"207","2","3","7","53","14","20","34","489","416","C1851868"
"1020","2","3","12","19","14","118","34","540","68","C1851868"
"8481","2","3","12","76","153","40","38","54","75","C1851868"
"3115","2","5","7","53","184","119","156","287","116","C1851868"
"25886","2","3","12","76","153","76","136","472","435","C1851868"
"2033","2","3","12","19","31","1","91","433","118","C1851868"
"10008","2","5","8","63","36","166","341","223","158","C1851868"
"8626","2","3","3","19","221","321","428","541","667","C1851868"
"1571","2","3","5","91","214","271","372","471","26","C1851936"
"7351","2","3","2","20","29","98","123","166","221","C1851936"
"3691","2","5","7","53","51","342","454","573","492","C1851959"
"7200","2","5","4","68","96","326","427","548","672","C1851959"
"8086","2","3","12","22","33","323","66","101","664","C1851959"
"25836","2","3","12","76","153","40","38","54","75","C1851970"
"27077","2","3","12","76","153","40","38","54","75","C1851970"
"196","2","3","3","19","151","276","91","433","118","C1851971"
"9031","2","3","12","19","31","1","426","55","78","C1851971"
"2263","2","5","7","53","14","20","25","40","186","C1851971"
"4893","2","5","7","34","52","24","30","46","72","C1851971"
"6531","2","5","8","45","94","199","240","415","666","C1851971"
"2737","2","3","12","19","116","321","428","54","667","C1851971"
"2109","2","3","2","48","170","50","119","444","556","C1851971"
"3575","2","5","7","53","51","184","341","544","669","C1851971"
"5080","2","3","3","19","221","321","428","541","667","C1851971"
"6016","2","5","7","60","54","24","30","46","72","C1851971"
"26160","2","3","12","76","153","40","38","54","75","C1851971"
"2261","2","5","7","53","14","20","25","40","186","C1851971"
"55135","2","3","12","76","137","76","136","472","435","C1851971"
"2313","2","3","12","19","31","276","91","433","118","C1851971"
"3861","2","1","6","11","142","225","142","220","298","C1851971"
"4292","2","3","12","19","31","261","116","1","86","C1851971"
"4784","2","3","2","22","33","261","116","159","211","C1851971"
"26040","2","3","12","19","31","1","116","297","78","C1851971"
"5894","2","5","7","60","54","23","34","464","187","C1851972"
"1890","2","3","5","80","81","296","62","94","150","C1851972"
"1031","2","3","12","19","31","1","426","55","78","C1851972"
"54809","2","5","7","50","30","193","306","148","624","C1851972"
"2068","2","3","12","19","31","261","116","159","211","C1851972"
"3557","2","3","12","41","219","339","156","568","697","C1851996"
"1410","2","3","12","63","45","23","38","54","187","C1851996"
"64135","2","3","12","41","219","339","156","568","605","C1851996"
"10743","2","3","3","19","151","276","91","433","118","C1852093"
"5015","2","3","3","19","221","321","428","541","667","C1852093"
"1896","2","5","12","41","219","339","156","568","697","C1852150"
"8216","2","3","12","41","119","330","214","454","144","C1852150"
"2821","2","5","7","34","52","216","395","549","577","C1852150"
"8626","2","3","3","19","221","321","428","541","667","C1852150"
"7169","2","5","8","63","45","23","103","464","187","C1852197"
"6616","2","5","7","34","52","216","341","223","628","C1852197"
"22827","2","3","2","22","33","323","66","101","136","C1852301"
"5727","2","3","12","68","221","197","259","560","422","C1852301"
"4353","2","3","7","34","52","216","395","549","674","C1852301"
"3977","2","5","7","53","51","119","25","40","416","C1852301"
"9126","2","3","12","76","153","40","38","54","75","C1852372"
"2556","2","5","8","27","70","99","162","216","290","C1852372"
"25886","2","3","12","76","153","76","136","472","435","C1852372"
"1312","2","3","2","87","79","105","426","129","25","C1852438"
"2719","2","5","7","53","51","342","454","573","492","C1852438"
"4247","2","3","2","68","67","320","98","180","279","C1852464"
"3239","2","3","3","19","221","321","428","541","667","C1852464"
"1583","2","3","5","79","152","273","375","100","589","C1852464"
"84100","2","5","7","60","54","24","30","46","72","C1852464"
"26005","2","3","12","76","153","40","38","54","75","C1852464"
"8626","2","3","3","19","221","321","428","541","667","C1852464"
"2175","2","3","12","19","31","261","116","1","86","C1852504"
"773","2","5","8","27","36","166","341","223","628","C1852504"
"55651","2","3","2","110","85","237","433","547","671","C1852504"
"43","2","3","5","85","143","286","51","488","389","C1852504"
"283989","2","3","12","22","33","323","66","101","664","C1852504"
"7291","2","3","12","19","151","276","91","489","416","C1852504"
"2551","2","3","3","19","151","276","91","433","118","C1852504"
"5728","2","3","5","80","81","339","156","568","605","C1852504"
"6218","2","3","2","110","85","237","433","547","671","C1852534"
"2260","2","5","7","53","14","20","25","40","186","C1852534"
"2632","2","3","2","28","22","48","232","82","114","C1852534"
"8260","2","3","12","41","85","266","76","287","78","C1852534"
"5327","2","5","7","53","51","342","454","573","492","C1852534"
"4125","2","3","7","34","52","216","395","549","674","C1852534"
"5771","2","5","7","53","14","296","25","40","186","C1852534"
"7424","2","5","7","53","51","342","454","573","702","C1852767"
"2559","2","5","8","27","70","99","162","216","290","C1852767"
"4534","2","3","5","80","81","296","399","362","468","C1852767"
"6949","2","3","2","110","85","237","164","390","311","C1852767"
"94","2","5","7","53","51","342","259","423","389","C1852767"
"57379","2","3","5","22","137","261","104","146","194","C1853118"
"5290","2","3","7","53","14","20","25","40","186","C1853118"
"4952","2","3","5","60","54","184","30","544","669","C1853118"
"270","2","3","5","33","21","47","84","261","246","C1853118"
"147183","2","1","6","11","142","225","142","220","298","C1853118"
"4089","2","3","12","19","219","339","259","423","605","C1853118"
"10019","2","5","7","53","14","20","25","40","116","C1853141"
"3073","2","3","5","105","155","250","291","152","420","C1853141"
"257","2","3","3","19","221","321","428","541","667","C1853141"
"54840","2","3","12","19","31","261","116","1","86","C1853141"
"9241","2","5","7","53","51","342","259","423","389","C1853141"
"3091","2","3","12","41","116","276","91","433","605","C1853141"
"4214","2","3","12","41","219","339","34","540","117","C1853141"
"857","2","5","7","53","45","23","57","83","422","C1853141"
"8557","2","5","8","63","45","23","103","464","187","C1853141"
"24","2","3","12","41","116","268","423","536","445","C1853141"
"7852","2","5","4","68","96","326","427","548","672","C1853141"
"7314","2","3","12","41","219","261","409","208","482","C1853141"
"7305","2","5","7","34","52","216","395","549","674","C1853141"
"6197","2","3","12","19","14","20","34","540","68","C1853147"
"3930","2","3","2","22","33","323","66","3","464","C1853147"
"7461","2","3","7","60","153","40","38","93","75","C1853171"
"8813","2","3","2","48","116","142","136","280","363","C1853171"
"50964","2","5","3","68","221","197","259","423","422","C1853171"
"8835","2","3","12","41","116","268","434","468","213","C1853171"
"650","2","5","7","53","51","342","259","423","389","C1853171"
"1352","2","3","2","48","170","50","119","444","556","C1853193"
"2706","2","3","12","76","153","40","38","54","75","C1853193"
"6736","2","3","12","19","31","276","91","433","667","C1853193"
"2693","2","5","4","68","96","326","427","548","672","C1853193"
"26585","2","5","7","53","51","342","259","423","389","C1853193"
"7174","2","3","12","41","116","268","434","468","213","C1853193"
"7140","2","5","8","63","45","23","103","464","187","C1853193"
"1723","2","3","2","48","170","50","119","444","556","C1853193"
"7046","2","3","12","41","219","339","259","423","605","C1853193"
"6101","2","5","7","60","116","268","434","468","215","C1853193"
"4882","2","3","4","68","96","326","427","548","672","C1853193"
"8260","2","3","12","41","85","266","76","287","78","C1853193"
"948","2","5","7","34","52","216","91","433","702","C1853193"
"6657","2","3","12","19","221","321","428","541","667","C1853193"
"81887","2","3","2","110","85","237","433","547","671","C1853193"
"26154","2","3","5","47","144","185","238","310","392","C1853193"
"5130","2","3","2","85","143","286","51","488","102","C1853193"
"7403","2","3","12","19","31","1","426","55","78","C1853193"
"189","2","3","5","43","161","305","409","208","482","C1853193"
"4647","2","5","7","60","83","101","126","170","224","C1853193"
"6016","2","5","7","60","54","24","30","46","72","C1853193"
"5213","2","3","2","90","167","266","367","500","577","C1853223"
"3921","2","3","2","110","85","237","433","547","671","C1853223"
"2592","2","3","2","68","117","196","257","326","419","C1853230"
"6870","2","5","4","68","96","326","427","548","672","C1853230"
"5468","2","3","3","19","151","276","91","433","118","C1853230"
"6785","2","3","5","67","7","5","239","311","393","C1853230"
"7469","2","3","12","19","31","261","116","159","211","C1853230"
"80199","2","3","12","76","153","40","38","54","75","C1853235"
"54463","2","3","2","48","57","110","141","359","462","C1853235"
"10585","2","5","2","27","206","324","430","215","290","C1853235"
"1788","2","3","12","19","31","1","426","55","78","C1853235"
"4514","2","3","2","48","57","110","141","359","5","C1853235"
"844","2","5","8","63","45","23","34","464","187","C1853235"
"241","2","5","5","34","52","216","395","549","229","C1853235"
"4175","2","3","12","76","31","261","116","1","86","C1853235"
"1301","2","5","7","53","51","342","454","573","492","C1853235"
"1380","2","5","7","53","51","119","395","549","674","C1853235"
"2542","2","3","5","80","81","296","399","500","577","C1853235"
"5238","2","3","2","80","141","221","111","385","501","C1853235"
"4703","2","5","7","60","45","23","103","464","187","C1853235"
"2984","2","3","4","68","96","326","427","548","672","C1853235"
"10262","2","3","2","22","33","323","66","101","136","C1853288"
"2147","2","5","7","68","51","342","454","573","492","C1853288"
"54209","2","5","7","53","51","119","395","549","674","C1853288"
"2395","2","3","2","48","170","50","304","167","593","C1853288"
"358","2","3","5","80","81","166","397","374","486","C1853377"
"2131","2","3","2","74","58","112","148","181","416","C1853377"
"5979","2","5","7","53","14","20","25","40","186","C1853383"
"4594","2","3","7","48","92","261","116","186","245","C1853383"
"4214","2","3","12","41","219","339","34","540","117","C1853383"
"4548","2","3","2","15","85","105","139","186","245","C1853383"
"3845","2","5","7","60","54","24","30","46","72","C1853383"
"8803","2","3","8","67","92","293","55","75","311","C1853383"
"5896","2","3","12","41","116","268","434","568","605","C1853383"
"1760","2","5","8","63","14","20","34","540","68","C1853383"
"19","2","3","3","19","151","276","91","433","118","C1853383"
"6663","2","3","3","19","221","321","428","541","667","C1853383"
"3091","2","3","12","41","116","276","91","433","605","C1853383"
"4627","2","5","7","63","45","184","103","572","658","C1853383"
"2009","2","3","12","76","153","40","38","54","75","C1853383"
"4920","2","5","7","53","14","20","259","560","373","C1853383"
"1840","2","3","12","41","124","143","428","236","667","C1853383"
"617","2","3","2","48","170","50","304","167","593","C1853383"
"1675","2","5","7","34","52","216","395","549","674","C1853383"
"2592","2","3","2","68","117","196","257","326","419","C1853383"
"1716","2","3","2","27","36","150","221","138","188","C1853383"
"1311","2","5","7","53","51","342","454","573","492","C1853396"
"7015","2","3","12","19","31","1","426","55","78","C1853396"
"4221","2","3","12","19","31","342","454","573","492","C1853406"
"6833","2","5","8","45","36","166","240","415","666","C1853406"
"6916","2","3","5","91","175","119","167","224","301","C1853482"
"5167","2","3","5","32","93","163","207","303","126","C1853482"
"6786","2","5","8","63","45","23","103","464","187","C1853486"
"10516","2","5","7","53","51","342","454","573","492","C1853486"
"2200","2","5","7","53","51","342","454","573","492","C1853486"
"10297","2","3","12","27","36","150","444","223","628","C1853486"
"4913","2","3","12","19","31","261","116","1","86","C1853486"
"5313","2","3","2","90","167","321","428","541","115","C1853486"
"1244","2","3","12","41","116","268","423","536","445","C1853638"
"3162","2","3","5","53","51","119","402","489","416","C1853638"
"7837","2","3","5","80","51","342","454","573","492","C1853638"
"22","2","3","2","48","170","279","423","274","154","C1853638"
"55033","2","3","2","110","105","178","226","297","380","C1853702"
"4036","2","5","7","60","14","184","341","544","669","C1853702"
"3209","2","3","3","19","221","321","428","541","667","C1853729"
"1106","2","3","12","19","31","1","426","55","78","C1853729"
"5728","2","3","5","80","81","339","156","568","605","C1853729"
"2584","2","3","2","72","117","196","257","326","46","C1853737"
"4281","2","5","7","53","184","119","156","287","116","C1853737"
"10290","2","5","7","53","14","20","34","540","68","C1853737"
"4036","2","5","7","60","14","184","341","544","669","C1853737"
"10664","2","3","12","19","31","1","426","55","78","C1853737"
"4613","2","3","12","19","31","1","426","55","78","C1853737"
"4088","2","3","12","19","219","339","259","423","605","C1853737"
"1041","2","1","6","11","142","225","142","220","298","C1853737"
"6571","2","3","8","60","36","71","341","223","624","C1853737"
"429","2","3","3","19","221","321","428","541","667","C1853737"
"2566","2","5","8","27","70","99","162","216","290","C1853737"
"5191","2","3","5","43","161","305","409","208","482","C1853737"
"1387","2","3","12","19","31","276","91","433","118","C1853737"
"6401","2","5","7","53","51","119","454","573","492","C1853737"
"554","2","5","4","68","96","326","427","548","672","C1853737"
"54205","2","3","2","48","170","50","119","444","556","C1853737"
"28976","2","3","2","48","170","50","247","322","446","C1853737"
"2760","2","3","7","34","52","216","395","549","674","C1853737"
"5352","2","5","7","53","51","342","454","573","492","C1853737"
"2239","2","3","2","74","51","342","454","573","492","C1853737"
"2641","2","5","4","68","96","326","427","548","672","C1853737"
"26128","2","3","12","76","153","40","38","54","154","C1853761"
"4292","2","3","12","19","31","261","116","1","86","C1853761"
"2200","2","5","7","53","51","342","454","573","492","C1853766"
"30008","2","5","7","53","51","342","454","573","492","C1853766"
"545","2","3","12","19","31","261","116","1","86","C1853767"
"1499","2","3","12","19","221","197","259","560","422","C1853767"
"2109","2","3","2","48","170","50","119","444","556","C1853767"
"11041","2","3","2","27","36","150","341","223","628","C1853767"
"11128","2","3","2","22","33","261","116","159","211","C1853926"
"7056","2","5","7","53","51","119","454","573","492","C1853926"
"3043","2","5","7","34","52","216","395","549","116","C1853932"
"2720","2","3","7","34","52","216","395","21","599","C1853932"
"5125","2","5","6","11","51","225","142","220","298","C1853932"
"579","2","3","3","19","221","321","428","541","667","C1853932"
"10083","2","5","7","42","36","71","177","223","219","C1853932"
"8030","2","3","12","76","137","76","136","472","435","C1853932"
"2255","2","5","7","53","14","20","25","40","186","C1853932"
"5340","2","5","7","53","51","342","454","573","492","C1853932"
"5190","2","3","5","43","161","305","409","208","482","C1853932"
"2077","2","3","12","76","153","40","38","54","75","C1853932"
"10913","2","3","12","41","219","339","156","568","697","C1853932"
"5979","2","5","7","53","14","20","25","40","186","C1853932"
"1814","2","5","4","68","96","326","427","548","672","C1853932"
"2736","2","3","12","41","116","321","428","54","667","C1853932"
"7428","2","3","12","41","116","268","434","468","213","C1853932"
"3043","2","5","7","34","52","216","395","549","116","C1853950"
"1736","2","3","2","110","85","237","433","547","671","C1853950"
"2290","2","3","3","19","221","321","428","541","667","C1853952"
"2247","2","5","7","53","14","20","25","40","186","C1853952"
"9215","2","5","2","27","36","150","430","215","628","C1853952"
"10157","2","3","5","71","102","175","222","290","371","C1854111"
"2707","2","3","12","76","153","40","38","54","75","C1854111"
"54982","2","3","2","48","170","50","399","167","593","C1854111"
"2033","2","3","12","19","31","1","91","433","118","C1854111"
"8822","2","5","7","53","14","20","25","40","186","C1854273"
"5272","2","5","7","68","51","342","454","573","492","C1854273"
"1586","2","3","5","79","98","256","335","425","540","C1854310"
"5728","2","3","5","80","81","339","156","568","605","C1854310"
"7428","2","3","12","41","116","268","434","468","213","C1854310"
"1290","2","5","7","53","51","342","454","573","492","C1854310"
"7846","2","3","12","76","153","40","38","54","75","C1854310"
"5745","2","5","4","68","96","326","427","548","672","C1854310"
"6949","2","3","2","110","85","237","164","390","311","C1854310"
"51057","2","3","12","76","153","40","38","54","75","C1854337"
"2244","2","5","7","53","51","342","454","573","492","C1854337"
"2812","2","5","7","53","51","342","454","573","492","C1854337"
"3106","2","5","7","34","52","119","395","549","674","C1854339"
"1736","2","3","2","110","85","237","433","547","671","C1854339"
"2322","2","5","7","53","14","20","25","40","186","C1854339"
"3766","2","5","8","63","36","166","106","110","158","C1854387"
"4771","2","5","7","60","36","71","177","64","215","C1854387"
"9394","2","3","2","74","58","112","148","193","263","C1854387"
"6524","2","5","8","45","94","199","240","415","666","C1854387"
"7841","2","3","2","41","116","178","423","536","445","C1854387"
"1387","2","3","12","19","31","276","91","433","118","C1854387"
"1487","2","3","12","19","31","1","426","55","340","C1854387"
"860","2","3","12","19","31","276","91","433","118","C1854387"
"6899","2","5","7","53","184","335","259","560","373","C1854387"
"4838","2","5","3","53","221","321","259","423","389","C1854387"
"6323","2","5","8","63","36","166","341","390","158","C1854416"
"5243","2","3","12","41","116","268","423","536","445","C1854416"
"2239","2","3","2","74","51","342","454","573","492","C1854417"
"6392","2","3","2","48","170","50","119","444","556","C1854417"
"4148","2","5","7","53","51","342","454","573","492","C1854418"
"7253","2","5","4","68","96","326","427","548","672","C1854418"
"2099","2","3","12","19","151","276","91","433","118","C1854418"
"7432","2","5","4","68","96","326","427","548","672","C1854418"
"9820","2","3","12","41","116","268","434","468","213","C1854418"
"3350","2","5","4","68","96","326","427","548","672","C1854418"
"9939","2","3","2","22","33","323","66","101","136","C1854418"
"6778","2","5","7","53","51","119","25","489","416","C1854418"
"2146","2","3","12","19","31","1","426","55","78","C1854418"
"7469","2","3","12","19","31","261","116","159","211","C1854418"
"716","2","5","7","53","51","119","395","549","674","C1854418"
"3567","2","5","7","53","14","20","25","40","186","C1854418"
"2138","2","3","12","19","31","1","426","55","78","C1854418"
"2741","2","5","8","27","70","99","162","216","290","C1854418"
"1161","2","3","12","41","116","268","434","468","213","C1854418"
"26504","2","3","5","42","81","296","399","201","274","C1854418"
"2022","2","5","7","53","51","342","259","423","389","C1854418"
"51715","2","5","7","60","54","24","30","46","72","C1854418"
"3757","2","5","8","63","36","166","106","110","158","C1854418"
"5617","2","5","12","19","31","1","426","55","78","C1854418"
"1302","2","5","7","53","51","342","454","573","492","C1854418"
"6390","2","3","2","48","170","50","119","444","556","C1854418"
"60","2","3","12","60","45","184","155","287","78","C1854418"
"1909","2","5","4","68","96","326","427","548","672","C1854418"
"3861","2","1","6","11","142","225","142","220","298","C1854418"
"142","2","3","12","19","31","261","116","1","86","C1854418"
"2316","2","5","7","53","51","342","454","573","702","C1854418"
"10804","2","3","12","76","153","40","38","54","75","C1854418"
"7248","2","3","2","48","57","110","141","359","462","C1854454"
"53630","2","3","5","91","51","342","454","573","492","C1854454"
"6519","2","3","5","45","94","199","240","415","666","C1854454"
"3767","2","5","8","63","36","166","106","110","158","C1854465"
"9241","2","5","7","53","51","342","259","423","389","C1854465"
"3736","2","5","8","63","36","166","106","110","158","C1854465"
"4791","2","3","12","41","219","339","156","568","697","C1854489"
"8312","2","3","12","41","219","339","156","568","605","C1854489"
"9343","2","3","2","22","33","323","66","101","136","C1854489"
"7681","2","3","12","41","116","268","434","468","213","C1854489"
"5290","2","3","7","53","14","20","25","40","186","C1854495"
"3814","2","5","4","68","96","326","427","548","672","C1854495"
"5626","2","3","3","19","221","321","428","541","667","C1854495"
"3425","2","3","5","80","81","166","454","573","492","C1854495"
"3075","2","5","7","53","51","119","395","549","674","C1854510"
"6905","2","3","12","76","153","40","38","54","75","C1854510"
"4983","2","5","7","60","54","24","30","46","72","C1854510"
"7248","2","3","2","48","57","110","141","359","462","C1854510"
"1364","2","5","6","42","36","71","177","64","219","C1854510"
"2624","2","3","12","19","31","1","155","287","116","C1854510"
"8643","2","5","3","68","221","197","259","560","422","C1854510"
"10397","2","3","2","110","81","148","402","51","383","C1854570"
"4860","2","3","7","34","52","216","395","549","150","C1854570"
"1737","2","3","2","67","92","293","55","75","311","C1854570"
"2052","2","3","5","91","130","114","290","367","475","C1854610"
"23746","2","3","12","41","83","101","126","271","356","C1854610"
"1281","2","5","7","53","51","342","454","573","492","C1854614"
"3077","2","5","7","53","51","119","395","549","674","C1854614"
"54476","2","3","12","41","219","339","156","568","697","C1854630"
"1947","2","5","7","53","51","20","25","560","373","C1854630"
"6591","2","3","12","19","31","1","426","55","78","C1854657"
"4015","2","5","7","53","51","342","454","573","492","C1854657"
"1161","2","3","12","41","116","268","434","468","213","C1854678"
"9562","2","3","5","80","81","296","248","317","405","C1854678"
"2353","2","3","12","19","31","1","91","489","416","C1854678"
"2253","2","5","7","53","14","20","25","40","186","C1854678"
"3717","2","5","7","53","14","20","25","40","186","C1854678"
"3105","2","5","7","53","51","119","156","287","116","C1854689"
"3426","2","5","7","53","51","119","395","549","674","C1854689"
"11141","2","5","7","53","36","335","444","223","373","C1854699"
"6229","2","3","2","110","85","237","433","547","671","C1854699"
"26277","2","3","12","19","31","1","426","1","78","C1854704"
"5077","2","3","3","19","221","321","428","541","667","C1854704"
"22858","2","3","7","53","14","20","34","540","68","C1854704"
"5745","2","5","4","68","96","326","427","548","672","C1854718"
"7317","2","3","12","41","116","268","434","468","213","C1854718"
"6598","2","3","12","19","31","1","426","55","78","C1854718"
"7827","2","5","7","53","170","335","25","560","373","C1854718"
"23534","2","3","2","22","33","323","66","101","136","C1854718"
"8929","2","3","3","19","221","321","428","541","667","C1854718"
"2990","2","3","7","34","52","216","395","549","674","C1854774"
"1855","2","5","12","76","153","197","259","560","422","C1854774"
"3043","2","5","7","34","52","216","395","549","116","C1854774"
"2566","2","5","8","27","70","99","162","216","290","C1854780"
"2263","2","5","7","53","14","20","25","40","186","C1854780"
"4669","2","3","5","80","81","166","454","453","492","C1854783"
"1286","2","5","7","53","51","342","454","573","492","C1854783"
"54808","2","3","12","76","153","40","38","54","75","C1854785"
"1440","2","5","7","53","51","119","25","489","416","C1854785"
"4594","2","3","7","48","92","261","116","186","245","C1854786"
"8398","2","3","5","116","183","40","38","352","455","C1854786"
"4615","2","3","12","41","219","339","156","568","697","C1854787"
"2798","2","5","4","68","96","326","427","548","672","C1854787"
"1280","2","5","7","53","51","342","454","573","492","C1854788"
"4041","2","5","3","68","221","197","259","560","422","C1854788"
"4318","2","5","7","34","52","216","395","573","492","C1854827"
"23347","2","3","12","41","116","268","434","468","213","C1854827"
"4582","2","5","7","53","206","324","430","429","544","C1854827"
"5009","2","3","2","48","97","50","304","167","593","C1854827"
"6913","2","3","3","19","221","321","428","541","667","C1854827"
"6926","2","5","7","53","51","335","259","560","373","C1854834"
"6794","2","3","12","53","14","20","34","540","68","C1854834"
"3586","2","5","7","53","51","119","25","489","416","C1854838"
"7140","2","5","8","63","45","23","103","464","187","C1854838"
"1588","2","3","5","79","159","256","350","27","44","C1854838"
"5728","2","3","5","80","81","339","156","568","605","C1854838"
"2000","2","5","12","19","51","119","91","433","118","C1854838"
"5096","2","3","2","48","40","130","166","127","173","C1854838"
"3052","2","3","2","48","170","50","119","444","556","C1854838"
"29893","2","3","12","19","31","1","426","55","78","C1854838"
"2668","2","5","7","53","14","20","25","40","186","C1854838"
"55704","2","3","12","76","153","40","38","54","75","C1854838"
"846","2","5","4","68","96","326","427","548","672","C1854838"
"871","2","5","7","53","51","342","454","573","492","C1854838"
"55315","2","3","5","80","81","296","62","94","150","C1854838"
"2643","2","3","5","87","91","75","204","267","352","C1854838"
"1512","2","5","7","34","52","216","395","549","674","C1854838"
"2263","2","5","7","53","14","20","25","40","186","C1854838"
"6204","2","3","2","110","85","237","433","547","671","C1854838"
"3757","2","5","8","63","36","166","106","110","158","C1854838"
"3549","2","5","3","53","51","197","259","560","422","C1854838"
"2556","2","5","8","27","70","99","162","216","290","C1854885"
"8600","2","5","7","41","219","339","156","568","697","C1854885"
"2554","2","5","8","27","70","99","162","216","290","C1854885"
"5184","2","3","5","80","81","166","52","105","349","C1854885"
"4436","2","3","12","19","31","261","116","1","86","C1854885"
"5443","2","5","4","68","96","326","427","548","672","C1854885"
"6863","2","5","4","68","96","326","427","548","672","C1854910"
"4286","2","3","12","19","31","261","116","1","664","C1854910"
"10585","2","5","2","27","206","324","430","215","290","C1854910"
"8398","2","3","5","116","183","40","38","352","455","C1854910"
"8260","2","3","12","41","85","266","76","287","78","C1854910"
"3764","2","5","8","63","36","166","106","110","158","C1854912"
"9227","2","3","2","69","51","101","126","170","224","C1854912"
"5172","2","5","8","45","94","199","240","415","666","C1854912"
"3981","2","3","12","19","31","261","116","1","86","C1854912"
"2239","2","3","2","74","51","342","454","573","492","C1854912"
"3091","2","3","12","41","116","276","91","433","605","C1854912"
"3047","2","3","12","19","31","118","155","287","116","C1854912"
"675","2","3","12","19","31","261","116","1","86","C1854912"
"8820","2","3","3","19","221","321","428","541","667","C1854912"
"10847","2","3","12","19","31","1","426","55","78","C1854912"
"10907","2","3","2","22","33","323","66","101","136","C1854912"
"54808","2","3","12","76","153","40","38","54","75","C1854912"
"1586","2","3","5","79","98","256","335","425","540","C1854912"
"330","2","3","12","41","219","339","156","568","697","C1854912"
"27445","2","5","7","60","36","71","341","223","624","C1854912"
"7480","2","5","3","68","221","197","259","560","422","C1854912"
"1244","2","3","12","41","116","268","423","536","445","C1854912"
"1376","2","3","2","19","151","276","91","433","118","C1854912"
"2314","2","3","12","63","45","184","103","572","658","C1854912"
"2299","2","3","3","19","221","321","428","541","667","C1854912"
"6622","2","3","7","27","36","150","341","223","628","C1854912"
"9056","2","3","8","45","94","199","240","415","666","C1854912"
"257","2","3","3","19","221","321","428","541","667","C1854928"
"3040","2","5","5","53","51","342","40","78","178","C1854928"
"55612","2","5","7","60","36","71","177","560","701","C1854928"
"6239","2","3","12","19","119","330","214","454","144","C1854928"
"435","2","3","8","84","97","167","210","278","360","C1854928"
"2538","2","3","5","90","216","333","438","561","689","C1854928"
"2260","2","5","7","53","14","20","25","40","186","C1854928"
"216","2","3","2","75","120","101","102","31","249","C1854928"
"5048","2","3","12","76","153","40","38","54","75","C1854928"
"5696","2","3","12","41","116","268","156","568","116","C1854928"
"2697","2","3","7","76","153","40","38","54","75","C1854928"
"2071","2","3","12","19","31","261","116","159","211","C1854928"
"24","2","3","12","41","116","268","423","536","445","C1854928"
"51129","2","3","3","19","151","276","91","433","118","C1854928"
"4361","2","3","12","19","31","261","116","1","86","C1854928"
"8200","2","5","7","53","51","342","259","423","389","C1854928"
"54209","2","5","7","53","51","119","395","549","674","C1855008"
"50940","2","3","4","68","96","326","427","548","672","C1855008"
"3977","2","5","7","53","51","119","25","40","416","C1855008"
"3717","2","5","7","53","14","20","25","40","186","C1855008"
"4000","2","3","12","26","105","178","226","297","156","C1855010"
"4519","2","3","2","48","170","50","119","508","312","C1855010"
"2918","2","5","4","68","96","326","427","548","672","C1855020"
"27031","2","3","6","11","142","225","38","331","506","C1855020"
"27077","2","3","12","76","153","40","38","54","75","C1855020"
"23394","2","3","12","19","31","335","444","236","373","C1855020"
"5194","2","3","5","43","161","305","409","208","482","C1855020"
"2159","2","5","7","68","51","119","454","549","674","C1855020"
"336","2","5","7","53","51","342","454","573","492","C1855020"
"2068","2","3","12","19","31","261","116","159","211","C1855020"
"650","2","5","7","53","51","342","259","423","389","C1855020"
"54808","2","3","12","76","153","40","38","54","75","C1855020"
"6736","2","3","12","19","31","276","91","433","667","C1855020"
"3172","2","3","3","19","151","276","91","433","118","C1855020"
"26191","2","5","7","53","14","20","25","40","186","C1855020"
"10265","2","3","3","19","221","321","428","541","667","C1855020"
"10555","2","3","7","34","52","216","395","549","622","C1855038"
"2588","2","3","7","34","52","216","395","549","674","C1855038"
"16","2","3","2","110","85","237","433","547","154","C1855038"
"990","2","3","12","76","31","261","116","1","86","C1855038"
"4921","2","5","7","53","14","20","25","573","186","C1855038"
"2248","2","5","7","53","14","20","25","40","186","C1855038"
"1643","2","3","12","41","116","268","434","468","213","C1855038"
"4982","2","5","12","41","219","339","156","568","697","C1855038"
"1482","2","3","3","19","221","321","428","541","667","C1855038"
"23405","2","3","2","22","33","323","66","146","194","C1855038"
"2639","2","3","2","71","148","34","160","115","164","C1855038"
"2562","2","5","8","27","70","99","162","216","290","C1855038"
"5568","2","3","12","53","14","20","34","540","68","C1855038"
"6005","2","3","2","16","197","45","155","78","695","C1855038"
"1909","2","5","4","68","96","326","427","548","672","C1855052"
"4893","2","5","7","34","52","24","30","46","72","C1855052"
"429","2","3","3","19","221","321","428","541","667","C1855052"
"7486","2","3","12","19","31","261","116","1","86","C1855052"
"8085","2","3","12","19","31","1","426","55","78","C1855052"
"411","2","3","7","34","52","216","395","549","674","C1855052"
"4148","2","5","7","53","51","342","454","573","492","C1855052"
"6121","2","3","2","69","83","101","126","170","224","C1855067"
"7015","2","3","12","19","31","1","426","55","78","C1855067"
"324","2","3","12","41","219","197","70","255","422","C1855067"
"3759","2","5","8","63","36","166","106","110","158","C1855067"
"9973","2","3","5","80","81","110","378","173","229","C1855067"
"1277","2","5","7","53","51","342","454","573","492","C1855067"
"7476","2","5","3","68","221","197","259","560","422","C1855067"
"9361","2","3","2","48","170","50","119","444","556","C1855067"
"1146","2","5","8","27","70","99","162","216","290","C1855081"
"1778","2","3","7","76","153","40","38","54","75","C1855081"
"257","2","3","3","19","221","321","428","541","667","C1855081"
"9496","2","5","6","11","142","225","142","220","673","C1855081"
"6303","2","3","2","67","118","160","261","188","423","C1855081"
"9401","2","3","12","76","31","261","116","1","86","C1855081"
"26040","2","3","12","19","31","1","116","297","78","C1855081"
"2516","2","3","3","19","151","276","91","433","118","C1855081"
"7461","2","3","7","60","153","40","38","93","75","C1855081"
"1145","2","5","8","27","70","99","162","216","290","C1855081"
"3553","2","5","7","53","51","119","25","489","416","C1855081"
"1071","2","5","7","53","51","342","454","573","492","C1855081"
"3077","2","5","7","53","51","119","395","549","674","C1855081"
"5447","2","3","5","91","214","271","372","471","586","C1855081"
"2158","2","5","7","68","51","119","395","549","674","C1855081"
"3764","2","5","8","63","36","166","106","110","158","C1855081"
"3043","2","5","7","34","52","216","395","549","116","C1855106"
"1499","2","3","12","19","221","197","259","560","422","C1855106"
"7474","2","5","3","68","221","184","259","544","669","C1855106"
"4990","2","3","3","19","221","321","428","541","667","C1855106"
"50943","2","3","12","19","31","1","426","129","131","C1855106"
"6863","2","5","4","68","96","326","427","548","672","C1855106"
"1410","2","3","12","63","45","23","38","54","187","C1855106"
"55704","2","3","12","76","153","40","38","54","75","C1855106"
"1794","2","5","7","34","52","216","395","549","674","C1855106"
"2566","2","5","8","27","70","99","162","216","290","C1855106"
"4322","2","5","7","53","51","342","454","573","492","C1855106"
"5731","2","5","4","68","96","326","427","548","672","C1855106"
"200728","2","5","7","45","94","199","240","415","666","C1855106"
"9631","2","3","12","22","33","323","66","101","664","C1855106"
"1836","2","3","2","35","41","94","260","330","375","C1855106"
"9639","2","5","7","60","54","24","30","46","72","C1855106"
"6799","2","3","2","37","105","92","113","154","201","C1855106"
"2131","2","3","2","74","58","112","148","181","416","C1855106"
"4882","2","3","4","68","96","326","427","548","672","C1855106"
"207","2","3","7","53","14","20","34","489","416","C1855106"
"2554","2","5","8","27","70","99","162","216","290","C1855106"
"83706","2","5","7","53","51","342","454","573","702","C1855119"
"3651","2","3","3","19","221","321","428","541","667","C1855119"
"1175","2","5","7","60","14","184","341","544","669","C1855119"
"3239","2","3","3","19","221","321","428","541","667","C1855119"
"7468","2","3","12","19","31","1","426","55","78","C1855119"
"3643","2","5","7","53","14","20","25","40","186","C1855119"
"5327","2","5","7","53","51","342","454","573","492","C1855119"
"26229","2","3","2","74","205","191","396","408","257","C1855119"
"7066","2","5","7","53","51","119","25","573","416","C1855119"
"10020","2","3","2","89","124","204","42","452","258","C1855171"
"1001","2","5","7","53","51","335","444","560","373","C1855171"
"54808","2","3","12","76","153","40","38","54","75","C1855177"
"5727","2","3","12","68","221","197","259","560","422","C1855177"
"2706","2","3","12","76","153","40","38","54","75","C1855179"
"6812","2","5","7","27","36","150","341","223","628","C1855179"
"22995","2","3","12","76","153","40","38","54","75","C1855179"
"6678","2","5","7","53","51","342","454","573","492","C1855179"
"6016","2","5","7","60","54","24","30","46","72","C1855179"
"10743","2","3","3","19","151","276","91","433","118","C1855179"
"8626","2","3","3","19","221","321","428","541","667","C1855185"
"11322","2","5","7","34","52","216","395","549","674","C1855185"
"5979","2","5","7","53","14","20","25","40","186","C1855185"
"3848","2","5","7","34","52","225","142","220","298","C1855185"
"10743","2","3","3","19","151","276","91","433","118","C1855204"
"4000","2","3","12","26","105","178","226","297","156","C1855204"
"3728","2","5","7","34","52","225","142","220","298","C1855204"
"4990","2","3","3","19","221","321","428","541","667","C1855204"
"51360","2","3","3","26","35","276","91","433","203","C1855204"
"59","2","5","8","63","45","23","103","464","187","C1855204"
"5376","2","5","7","53","51","342","454","573","492","C1855204"
"4851","2","3","12","19","221","143","428","236","667","C1855204"
"10484","2","3","7","60","153","40","38","54","203","C1855204"
"1200","2","3","5","80","81","178","226","297","380","C1855204"
"9562","2","3","5","80","81","296","248","317","405","C1855204"
"4780","2","3","12","19","31","276","91","433","118","C1855204"
"5828","2","3","5","43","161","305","409","208","482","C1855204"
"4148","2","5","7","53","51","342","454","573","492","C1855204"
"9241","2","5","7","53","51","342","259","423","389","C1855204"
"4117","2","5","7","53","14","20","34","540","68","C1855204"
"84197","2","5","2","53","14","20","25","215","186","C1855204"
"3981","2","3","12","19","31","261","116","1","86","C1855233"
"3861","2","1","6","11","142","225","142","220","298","C1855233"
"4286","2","3","12","19","31","261","116","1","664","C1855233"
"2316","2","5","7","53","51","342","454","573","702","C1855239"
"29899","2","5","4","68","96","326","427","548","672","C1855239"
"5894","2","5","7","60","54","23","34","464","187","C1855239"
"8803","2","3","8","67","92","293","55","75","311","C1855310"
"10262","2","3","2","22","33","323","66","101","136","C1855310"
"5663","2","5","7","34","52","216","395","549","667","C1855311"
"2733","2","3","2","22","33","323","66","101","664","C1855311"
"4625","2","3","8","63","45","23","103","464","187","C1855311"
"54567","2","5","7","53","51","143","428","236","667","C1855311"
"10318","2","3","12","41","219","339","156","568","697","C1855330"
"857","2","5","7","53","45","23","57","83","422","C1855330"
"4535","2","3","2","48","170","50","119","444","556","C1855330"
"55670","2","3","5","43","161","305","409","208","482","C1855331"
"242","2","3","5","11","142","223","142","220","298","C1855331"
"3918","2","5","7","53","51","342","454","573","492","C1855331"
"1280","2","5","7","53","51","342","454","573","492","C1855331"
"2643","2","3","5","87","91","75","204","267","352","C1855331"
"4952","2","3","5","60","54","184","30","544","669","C1855331"
"10020","2","3","2","89","124","204","42","452","258","C1855333"
"3251","2","3","4","68","96","326","427","341","150","C1855333"
"5190","2","3","5","43","161","305","409","208","482","C1855333"
"540","2","5","8","63","45","23","103","464","187","C1855333"
"50964","2","5","3","68","221","197","259","423","422","C1855333"
"9361","2","3","2","48","170","50","119","444","556","C1855333"
"2582","2","3","2","78","206","324","430","429","544","C1855333"
"26258","2","5","7","60","18","184","341","544","669","C1855333"
"9841","2","3","6","11","142","225","142","220","298","C1855333"
"5130","2","3","2","85","143","286","51","488","102","C1855333"
"4143","2","3","5","80","81","105","426","129","2","C1855333"
"54","2","3","5","80","81","178","195","256","342","C1855333"
"7431","2","3","12","41","45","23","103","489","416","C1855333"
"7273","2","5","7","53","51","342","103","464","702","C1855335"
"1001","2","5","7","53","51","335","444","560","373","C1855335"
"3728","2","5","7","34","52","225","142","220","298","C1855335"
"10491","2","5","7","53","51","342","454","573","492","C1855340"
"10978","2","3","2","22","33","323","66","101","136","C1855340"
"6833","2","5","8","45","36","166","240","415","666","C1855340"
"2068","2","3","12","19","31","261","116","159","211","C1855340"
"1524","2","5","4","68","96","326","427","548","672","C1855340"
"25782","2","5","7","60","54","24","30","46","72","C1855340"
"54880","2","3","12","19","31","1","426","55","78","C1855340"
"5993","2","3","12","19","31","1","426","55","78","C1855340"
"1785","2","5","7","60","14","184","341","544","669","C1855340"
"4854","2","5","7","53","51","143","428","236","667","C1855340"
"5745","2","5","4","68","96","326","427","548","672","C1855340"
"1311","2","5","7","53","51","342","454","573","492","C1855340"
"6647","2","3","2","95","2","342","378","173","702","C1855340"
"1410","2","3","12","63","45","23","38","54","187","C1855340"
"3172","2","3","3","19","151","276","91","433","118","C1855340"
"4921","2","5","7","53","14","20","25","573","186","C1855340"
"2629","2","3","5","80","81","250","291","152","420","C1855340"
"4879","2","5","4","68","96","326","427","548","672","C1855340"
"1499","2","3","12","19","221","197","259","560","422","C1855340"
"10102","2","3","2","48","182","67","76","463","153","C1855340"
"351","2","5","4","68","96","326","188","145","193","C1855340"
"3000","2","5","4","68","96","326","427","548","672","C1855340"
"6571","2","3","8","60","36","71","341","223","624","C1855340"
"6390","2","3","2","48","170","50","119","444","556","C1855340"
"355","2","3","7","41","219","339","156","568","697","C1855340"
"7431","2","3","12","41","45","23","103","489","416","C1855340"
"2184","2","3","5","76","153","138","236","332","407","C1855340"
"2218","2","5","2","53","123","194","255","560","373","C1855340"
"2239","2","3","2","74","51","342","454","573","492","C1855340"
"5313","2","3","2","90","167","321","428","541","115","C1855340"
"79728","2","3","12","19","31","261","116","1","86","C1855340"
"4540","2","3","2","48","170","50","119","444","556","C1855350"
"9179","2","5","7","60","18","184","341","544","669","C1855350"
"1836","2","3","2","35","41","94","260","330","375","C1855391"
"7305","2","5","7","34","52","216","395","549","674","C1855391"
"5908","2","5","7","34","52","216","30","46","72","C1855418"
"4908","2","5","7","53","51","342","259","423","389","C1855418"
"5624","2","5","7","53","51","342","454","573","492","C1855418"
"3757","2","5","8","63","36","166","106","110","158","C1855456"
"847","2","3","7","34","52","216","395","549","674","C1855456"
"25782","2","5","7","60","54","24","30","46","72","C1855456"
"4621","2","5","8","63","45","23","103","464","187","C1855456"
"5728","2","3","5","80","81","339","156","568","605","C1855465"
"2990","2","3","7","34","52","216","395","549","674","C1855465"
"5826","2","3","7","48","161","105","139","186","245","C1855483"
"2316","2","5","7","53","51","342","454","573","702","C1855483"
"7461","2","3","7","60","153","40","38","93","75","C1855496"
"7167","2","3","2","90","167","266","367","500","577","C1855496"
"1938","2","3","7","34","52","216","395","549","671","C1855513"
"2492","2","5","4","68","96","326","427","548","672","C1855513"
"847","2","3","7","34","52","216","395","549","674","C1855514"
"5894","2","5","7","60","54","23","34","464","187","C1855514"
"551","2","5","4","68","96","326","427","548","672","C1855514"
"6845","2","5","7","60","14","184","341","544","669","C1855514"
"6389","2","3","2","48","170","50","119","444","556","C1855520"
"2688","2","5","7","53","51","119","25","40","186","C1855520"
"2638","2","5","8","63","45","23","103","464","187","C1855520"
"8600","2","5","7","41","219","339","156","568","697","C1855520"
"22926","2","3","12","19","31","276","91","433","118","C1855520"
"3549","2","5","3","53","51","197","259","560","422","C1855520"
"5605","2","5","7","53","14","20","34","540","68","C1855520"
"2642","2","5","4","68","96","326","427","548","672","C1855520"
"22995","2","3","12","76","153","40","38","54","75","C1855538"
"5830","2","3","5","43","161","305","409","208","482","C1855538"
"1585","2","3","5","79","159","256","351","100","589","C1855538"
"1834","2","5","7","53","51","342","454","573","492","C1855538"
"540","2","5","8","63","45","23","103","464","187","C1855538"
"5332","2","3","4","68","96","326","427","548","672","C1855538"
"4054","2","5","7","53","51","342","454","573","492","C1855538"
"3239","2","3","3","19","221","321","428","541","667","C1855538"
"9364","2","5","7","60","54","24","30","46","72","C1855538"
"9429","2","3","5","25","44","165","71","10","16","C1855538"
"2316","2","5","7","53","51","342","454","573","702","C1855544"
"1029","2","3","12","19","31","1","116","1","664","C1855544"
"488","2","5","8","63","45","23","103","464","187","C1855578"
"2261","2","5","7","53","14","20","25","40","186","C1855578"
"8241","2","3","2","22","33","323","66","101","136","C1855578"
"2138","2","3","12","19","31","1","426","55","78","C1855578"
"2717","2","3","7","34","52","216","395","549","674","C1855578"
"4283","2","5","4","68","96","326","427","548","672","C1855578"
"2260","2","5","7","53","14","20","25","40","186","C1855578"
"29954","2","5","2","27","206","324","430","215","290","C1855579"
"3691","2","5","7","53","51","342","454","573","492","C1855579"
"4552","2","3","7","48","81","105","139","186","245","C1855579"
"4882","2","3","4","68","96","326","427","548","672","C1855580"
"2056","2","5","7","53","51","119","25","40","186","C1855580"
"4256","2","5","7","53","51","342","454","573","492","C1855580"
"5663","2","5","7","34","52","216","395","549","667","C1855580"
"2969","2","3","12","19","31","276","91","433","118","C1855580"
"9499","2","5","7","53","51","23","103","464","187","C1855608"
"1848","2","3","5","42","81","296","399","201","274","C1855608"
"1947","2","5","7","53","51","20","25","560","373","C1855650"
"2074","2","3","12","19","31","1","426","55","78","C1855650"
"1806","2","3","2","49","23","186","149","195","61","C1855650"
"2624","2","3","12","19","31","1","155","287","116","C1855650"
"6916","2","3","5","91","175","119","167","224","301","C1855650"
"1889","2","5","4","68","96","326","427","548","672","C1855650"
"2719","2","5","7","53","51","342","454","573","492","C1855665"
"7421","2","3","3","19","151","276","91","433","118","C1855665"
"2131","2","3","2","74","58","112","148","181","416","C1855665"
"25978","2","3","2","48","57","110","141","359","462","C1855665"
"3845","2","5","7","60","54","24","30","46","72","C1855665"
"149233","2","5","7","53","51","119","25","489","416","C1855665"
"11343","2","3","5","98","213","334","57","83","658","C1855665"
"1301","2","5","7","53","51","342","454","573","492","C1855665"
"10913","2","3","12","41","219","339","156","568","697","C1855665"
"6736","2","3","12","19","31","276","91","433","667","C1855665"
"100","2","3","5","33","21","47","56","80","199","C1855665"
"627","2","5","7","53","51","335","444","423","373","C1855665"
"2260","2","5","7","53","14","20","25","40","186","C1855665"
"22796","2","5","7","60","153","40","38","66","203","C1855665"
"2673","2","3","2","110","94","178","226","297","380","C1855665"
"930","2","5","7","53","14","119","25","40","186","C1855665"
"4502","2","5","7","53","184","119","156","287","116","C1855665"
"920","2","5","7","53","14","184","341","544","669","C1855669"
"7175","2","3","12","22","33","323","66","101","664","C1855669"
"10585","2","5","2","27","206","324","430","215","290","C1855669"
"1281","2","5","7","53","51","342","454","573","492","C1855669"
"5589","2","5","7","53","51","342","454","573","492","C1855669"
"4868","2","5","7","53","51","335","25","560","373","C1855669"
"5568","2","3","12","53","14","20","34","540","68","C1855669"
"4988","2","5","4","68","96","326","427","548","672","C1855669"
"859","2","5","8","63","45","23","103","464","187","C1855670"
"3576","2","5","4","68","96","326","427","548","672","C1855670"
"6885","2","3","12","41","219","339","156","568","697","C1855670"
"4508","2","3","2","48","170","50","119","444","556","C1855670"
"1690","2","5","7","27","51","342","454","573","492","C1855670"
"1026","2","3","12","19","31","1","116","489","416","C1855670"
"658","2","5","7","53","51","342","259","423","389","C1855672"
"274","2","5","7","60","14","184","341","544","669","C1855672"
"579","2","3","3","19","221","321","428","541","667","C1855675"
"5828","2","3","5","43","161","305","409","208","482","C1855675"
"5373","2","3","2","90","167","123","158","207","278","C1855675"
"3145","2","3","5","80","81","166","132","175","473","C1855675"
"695","2","5","7","53","14","20","25","40","186","C1855675"
"2697","2","3","7","76","153","40","38","54","75","C1855675"
"57122","2","3","12","76","153","40","38","54","664","C1855675"
"4729","2","3","2","48","170","50","119","444","556","C1855676"
"2294","2","3","3","19","221","321","428","541","667","C1855676"
"10743","2","3","3","19","151","276","91","433","118","C1855676"
"942","2","5","7","53","51","119","25","40","186","C1855676"
"10225","2","5","7","53","51","119","395","549","674","C1855676"
"10585","2","5","2","27","206","324","430","215","290","C1855676"
"51062","2","5","7","27","36","150","402","489","373","C1855676"
"8642","2","5","7","53","51","335","444","560","373","C1855676"
"4267","2","5","7","53","51","119","454","549","492","C1855676"
"672","2","3","12","19","31","261","116","1","86","C1855676"
"1281","2","5","7","53","51","342","454","573","492","C1855676"
"2629","2","3","5","80","81","250","291","152","420","C1855676"
"2243","2","5","7","53","51","342","454","573","492","C1855681"
"1440","2","5","7","53","51","119","25","489","416","C1855681"
"2074","2","3","12","19","31","1","426","55","78","C1855681"
"1134","2","5","8","27","70","99","162","216","290","C1855681"
"11155","2","5","7","63","45","23","103","464","187","C1855681"
"1146","2","5","8","27","70","99","162","216","290","C1855685"
"3717","2","5","7","53","14","20","25","40","186","C1855685"
"846","2","5","4","68","96","326","427","548","672","C1855685"
"25978","2","3","2","48","57","110","141","359","462","C1855685"
"2022","2","5","7","53","51","342","259","423","389","C1855685"
"57084","2","3","5","10","180","176","224","292","159","C1855685"
"2200","2","5","7","53","51","342","454","573","492","C1855685"
"2074","2","3","12","19","31","1","426","55","78","C1855685"
"3507","2","5","7","53","51","119","395","549","674","C1855685"
"2736","2","3","12","41","116","321","428","54","667","C1855685"
"3748","2","5","8","63","36","166","106","110","158","C1855685"
"2629","2","3","5","80","81","250","291","152","420","C1855685"
"6524","2","5","8","45","94","199","240","415","666","C1855685"
"3778","2","5","8","63","36","166","106","110","158","C1855685"
"3265","2","5","7","60","54","24","30","46","72","C1855685"
"2316","2","5","7","53","51","342","454","573","702","C1855698"
"1073","2","3","8","63","45","184","103","572","658","C1855698"
"9419","2","5","7","60","36","71","341","223","219","C1855698"
"9031","2","3","12","19","31","1","426","55","78","C1855698"
"1896","2","5","12","41","219","339","156","568","697","C1855698"
"8200","2","5","7","53","51","342","259","423","389","C1855710"
"1639","2","3","12","76","153","40","38","54","75","C1855710"
"3663","2","3","12","53","184","119","156","287","116","C1855710"
"3239","2","3","3","19","221","321","428","541","667","C1855710"
"8842","2","5","5","53","82","147","184","179","328","C1855710"
"9333","2","1","6","11","142","225","142","220","298","C1855710"
"4929","2","3","3","19","151","276","91","433","118","C1855710"
"6794","2","3","12","53","14","20","34","540","68","C1855710"
"2332","2","3","2","22","33","71","373","466","609","C1855710"
"7053","2","3","6","11","142","225","142","220","298","C1855710"
"10134","2","3","2","41","219","339","156","536","342","C1855710"
"5122","2","5","4","27","36","184","141","359","411","C1855710"
"1201","2","3","2","48","170","50","304","167","593","C1855710"
"4983","2","5","7","60","54","24","30","46","72","C1855710"
"4088","2","3","12","19","219","339","259","423","605","C1855710"
"2006","2","5","7","53","51","342","454","573","492","C1855710"
"4920","2","5","7","53","14","20","259","560","373","C1855710"
"5314","2","3","12","76","153","40","38","54","75","C1855710"
"2147","2","5","7","68","51","342","454","573","492","C1855710"
"7248","2","3","2","48","57","110","141","359","462","C1855710"
"9968","2","4","3","24","119","330","214","454","144","C1855722"
"6514","2","5","7","90","216","337","448","565","562","C1855722"
"4254","2","5","7","53","14","20","25","40","186","C1855752"
"5095","2","3","2","48","40","130","166","127","173","C1855752"
"2623","2","3","12","19","31","1","155","287","116","C1855755"
"51364","2","3","6","11","142","225","142","220","298","C1855755"
"4929","2","3","3","19","151","276","91","433","118","C1855773"
"7490","2","3","3","19","221","321","428","541","667","C1855773"
"5626","2","3","3","19","221","321","428","541","667","C1855773"
"1811","2","5","8","35","41","199","40","415","666","C1855773"
"8517","2","3","12","41","219","339","156","568","697","C1855773"
"6016","2","5","7","60","54","24","30","46","72","C1855773"
"3575","2","5","7","53","51","184","341","544","669","C1855773"
"10585","2","5","2","27","206","324","430","215","290","C1855773"
"7373","2","5","7","53","51","342","454","573","492","C1855773"
"5328","2","5","7","34","52","216","395","549","674","C1855773"
"5314","2","3","12","76","153","40","38","54","75","C1855773"
"6628","2","3","2","22","33","323","66","101","136","C1855773"
"26005","2","3","12","76","153","40","38","54","75","C1855773"
"2068","2","3","12","19","31","261","116","159","211","C1855773"
"5308","2","3","3","19","221","321","428","541","667","C1855773"
"51626","2","3","12","76","153","40","38","54","75","C1855773"
"26235","2","3","12","41","116","268","434","468","213","C1855773"
"8600","2","5","7","41","219","339","156","568","697","C1855781"
"4893","2","5","7","34","52","24","30","46","72","C1855781"
"8856","2","3","3","19","151","276","91","433","118","C1855781"
"3569","2","5","7","53","51","342","454","573","416","C1855781"
"668","2","3","12","19","221","321","428","541","664","C1855781"
"468","2","3","12","19","85","276","91","433","118","C1855789"
"1537","2","3","2","48","170","50","304","167","593","C1855789"
"2516","2","3","3","19","151","276","91","433","118","C1855789"
"411","2","3","7","34","52","216","395","549","674","C1855792"
"8139","2","3","12","41","116","268","434","468","213","C1855792"
"6223","2","3","2","110","85","237","433","547","671","C1855792"
"55507","2","5","5","68","96","326","427","447","586","C1855794"
"10806","2","3","12","76","153","40","38","54","75","C1855794"
"4148","2","5","7","53","51","342","454","573","492","C1855841"
"9891","2","3","12","53","14","20","34","540","68","C1855841"
"7291","2","3","12","19","151","276","91","489","416","C1855841"
"3845","2","5","7","60","54","24","30","46","72","C1855841"
"2588","2","3","7","34","52","216","395","549","674","C1855843"
"3617","2","5","7","86","221","321","454","311","518","C1855843"
"10682","2","5","4","68","96","326","48","69","204","C1855843"
"3507","2","5","7","53","51","119","395","549","674","C1855852"
"3655","2","5","7","53","51","342","454","573","492","C1855852"
"6916","2","3","5","91","175","119","167","224","301","C1855852"
"116","2","5","4","68","96","326","427","548","672","C1855852"
"2263","2","5","7","53","14","20","25","40","186","C1855852"
"23630","2","5","8","63","36","166","106","110","158","C1855852"
"9096","2","5","7","53","51","335","259","560","373","C1855852"
"6578","2","3","5","35","41","77","40","57","80","C1855852"
"6655","2","5","7","60","54","24","30","46","72","C1855852"
"9241","2","5","7","53","51","342","259","423","389","C1855853"
"8626","2","3","3","19","221","321","428","541","667","C1855853"
"7401","2","5","7","60","83","101","126","170","224","C1855853"
"6197","2","3","12","19","14","20","34","540","68","C1855853"
"9197","2","3","2","67","92","293","55","75","311","C1855853"
"788","2","3","2","45","151","199","240","415","666","C1855853"
"6608","2","3","3","68","221","321","428","560","667","C1855853"
"1584","2","3","5","79","159","256","276","353","456","C1855853"
"6041","2","3","12","53","184","119","156","287","116","C1855895"
"4538","2","3","2","48","170","50","119","444","556","C1855895"
"4313","2","5","7","53","51","342","454","573","492","C1855895"
"6575","2","3","8","45","94","199","240","415","666","C1855895"
"3845","2","5","7","60","54","24","30","46","72","C1855900"
"23064","2","3","6","11","31","261","142","220","664","C1855900"
"1471","2","5","7","34","52","216","395","549","492","C1855995"
"9401","2","3","12","76","31","261","116","1","86","C1855995"
"4255","2","3","12","19","31","261","116","1","86","C1856006"
"825","2","5","7","53","51","342","454","573","492","C1856006"
"5290","2","3","7","53","14","20","25","40","186","C1856019"
"4292","2","3","12","19","31","261","116","1","86","C1856019"
"6469","2","5","3","53","221","197","259","560","422","C1856019"
"4854","2","5","7","53","51","143","428","236","667","C1856019"
"8322","2","5","3","68","221","184","259","544","669","C1856019"
"23384","2","3","12","63","45","184","103","572","658","C1856023"
"7227","2","3","12","19","31","276","91","433","118","C1856023"
"368","2","3","12","41","116","268","423","536","445","C1856023"
"1836","2","3","2","35","41","94","260","330","375","C1856023"
"29954","2","5","2","27","206","324","430","215","290","C1856023"
"3728","2","5","7","34","52","225","142","220","298","C1856023"
"2317","2","5","7","63","45","23","103","287","664","C1856023"
"6708","2","5","7","60","14","20","25","40","186","C1856087"
"2778","2","5","4","68","96","326","427","548","672","C1856087"
"5657","2","5","7","34","52","216","395","549","674","C1856087"
"2316","2","5","7","53","51","342","454","573","702","C1856087"
"5745","2","5","4","68","96","326","427","548","672","C1856087"
"5573","2","3","12","19","184","118","155","287","116","C1856087"
"5728","2","3","5","80","81","339","156","568","605","C1856087"
"6390","2","3","2","48","170","50","119","444","556","C1856087"
"4763","2","5","7","60","54","24","30","46","214","C1856087"
"6331","2","5","8","63","36","166","341","223","158","C1856115"
"5167","2","3","5","32","93","163","207","303","126","C1856115"
"5994","2","3","12","19","31","276","91","491","118","C1856115"
"5889","2","3","12","19","31","261","116","1","86","C1856117"
"10060","2","3","8","41","45","23","423","464","445","C1856117"
"7473","2","5","3","68","221","197","259","560","422","C1856117"
"5728","2","3","5","80","81","339","156","568","605","C1856118"
"7287","2","5","7","11","142","71","341","560","219","C1856118"
"2719","2","5","7","53","51","342","454","573","492","C1856118"
"2263","2","5","7","53","14","20","25","40","186","C1856119"
"23479","2","3","2","48","170","50","119","100","556","C1856119"
"2623","2","3","12","19","31","1","155","287","116","C1856119"
"22868","2","3","2","48","182","67","76","463","153","C1856119"
"7337","2","3","12","41","116","268","434","468","213","C1856121"
"7140","2","5","8","63","45","23","103","464","187","C1856121"
"7274","2","3","5","43","161","99","162","216","290","C1856121"
"6341","2","3","2","48","170","50","119","444","556","C1856121"
"4286","2","3","12","19","31","261","116","1","664","C1856136"
"190","2","3","3","19","151","276","91","433","118","C1856136"
"51360","2","3","3","26","35","276","91","433","203","C1856136"
"5696","2","3","12","41","116","268","156","568","116","C1856136"
"2778","2","5","4","68","96","326","427","548","672","C1856136"
"673","2","5","7","53","14","20","34","540","68","C1856136"
"2146","2","3","12","19","31","1","426","55","78","C1856164"
"1559","2","3","5","91","214","226","11","348","172","C1856164"
"23347","2","3","12","41","116","268","434","468","213","C1856186"
"54808","2","3","12","76","153","40","38","54","75","C1856186"
"6007","2","3","2","69","83","101","126","487","116","C1856202"
"7157","2","3","12","19","31","261","402","489","551","C1856202"
"1387","2","3","12","19","31","276","91","433","118","C1856266"
"10397","2","3","2","110","81","148","402","51","383","C1856266"
"2255","2","5","7","53","14","20","25","40","186","C1856266"
"55636","2","3","3","19","221","321","428","423","389","C1856266"
"5156","2","5","7","53","14","20","25","40","186","C1856266"
"9241","2","5","7","53","51","342","259","423","389","C1856266"
"2641","2","5","4","68","96","326","427","548","672","C1856266"
"2767","2","5","4","68","96","326","427","548","672","C1856266"
"3861","2","1","6","11","142","225","142","220","298","C1856266"
"4053","2","5","7","53","51","342","454","573","492","C1856266"
"2811","2","5","7","53","51","1","454","573","78","C1856266"
"10682","2","5","4","68","96","326","48","69","204","C1856266"
"6948","2","5","7","48","51","105","139","186","245","C1856266"
"6905","2","3","12","76","153","40","38","54","75","C1856266"
"3845","2","5","7","60","54","24","30","46","72","C1856285"
"1758","2","5","7","53","51","342","454","573","492","C1856285"
"10483","2","3","7","60","54","24","30","46","72","C1856285"
"7169","2","5","8","63","45","23","103","464","187","C1856361"
"5757","2","3","12","19","31","1","116","370","142","C1856361"
"6499","2","3","2","110","85","237","433","547","671","C1856408"
"54903","2","3","12","76","153","40","38","54","75","C1856408"
"7915","2","3","5","87","39","74","191","250","285","C1856408"
"1280","2","5","7","53","51","342","454","573","492","C1856409"
"7415","2","3","7","34","52","216","395","536","445","C1856409"
"2657","2","5","7","53","51","342","259","423","389","C1856409"
"1958","2","3","12","19","31","276","91","433","116","C1856409"
"790","2","3","12","41","219","339","347","206","627","C1856432"
"4609","2","3","12","19","31","1","160","107","416","C1856432"
"2629","2","3","5","80","81","250","291","152","420","C1856432"
"7436","2","5","7","53","51","342","341","544","669","C1856432"
"3730","2","5","7","53","14","20","25","40","186","C1856438"
"81693","2","5","7","48","51","105","139","186","245","C1856438"
"26277","2","3","12","19","31","1","426","1","78","C1856438"
"256297","2","3","3","19","221","321","428","541","667","C1856438"
"3868","2","1","6","11","142","225","142","220","298","C1856438"
"5256","2","3","7","34","45","23","103","464","187","C1856438"
"4088","2","3","12","19","219","339","259","423","605","C1856438"
"3845","2","5","7","60","54","24","30","46","72","C1856438"
"8243","2","3","12","76","31","40","38","54","75","C1856438"
"2261","2","5","7","53","14","20","25","40","186","C1856438"
"7227","2","3","12","19","31","276","91","433","118","C1856438"
"330","2","3","12","41","219","339","156","568","697","C1856439"
"5428","2","3","2","48","170","50","119","167","593","C1856439"
"6531","2","5","8","45","94","199","240","415","666","C1856439"
"3694","2","5","7","53","51","342","454","573","492","C1856439"
"4763","2","5","7","60","54","24","30","46","214","C1856507"
"9031","2","3","12","19","31","1","426","55","78","C1856507"
"53834","2","5","7","53","51","342","454","573","492","C1856507"
"9101","2","3","12","41","219","339","156","568","605","C1856507"
"8929","2","3","3","19","221","321","428","541","667","C1856542"
"3766","2","5","8","63","36","166","106","110","158","C1856542"
"4318","2","5","7","34","52","216","395","573","492","C1856542"
"5095","2","3","2","48","40","130","166","127","173","C1856559"
"51085","2","3","2","48","57","110","141","359","462","C1856559"
"60495","2","5","5","74","51","342","454","573","492","C1856560"
"7170","2","5","8","63","45","23","103","464","187","C1856560"
"3119","2","5","7","53","153","119","156","287","116","C1856560"
"2147","2","5","7","68","51","342","454","573","492","C1856560"
"4689","2","5","7","60","14","20","25","40","215","C1856560"
"7169","2","5","8","63","45","23","103","464","187","C1856565"
"3690","2","5","7","53","51","342","454","573","492","C1856565"
"7157","2","3","12","19","31","261","402","489","551","C1856599"
"9031","2","3","12","19","31","1","426","55","78","C1856599"
"3000","2","5","4","68","96","326","427","548","672","C1856599"
"1588","2","3","5","79","159","256","350","27","44","C1856599"
"1736","2","3","2","110","85","237","433","547","671","C1856599"
"10020","2","3","2","89","124","204","42","452","258","C1856599"
"843","2","3","12","41","219","339","156","568","697","C1856599"
"4488","2","3","3","19","221","321","428","541","667","C1856599"
"8626","2","3","3","19","221","321","428","541","667","C1856599"
"695","2","5","7","53","14","20","25","40","186","C1856639"
"8799","2","3","5","43","161","305","409","208","482","C1856639"
"7124","2","3","12","41","219","339","156","568","697","C1856639"
"5332","2","3","4","68","96","326","427","548","672","C1856639"
"9939","2","3","2","22","33","323","66","101","136","C1856639"
"54790","2","3","12","19","31","1","426","55","78","C1856646"
"617","2","3","2","48","170","50","304","167","593","C1856646"
"7476","2","5","3","68","221","197","259","560","422","C1856659"
"8642","2","5","7","53","51","335","444","560","373","C1856659"
"3425","2","3","5","80","81","166","454","573","492","C1856659"
"9215","2","5","2","27","36","150","430","215","628","C1856659"
"1031","2","3","12","19","31","1","426","55","78","C1856659"
"9719","2","5","7","53","51","342","454","573","492","C1856659"
"5428","2","3","2","48","170","50","119","167","593","C1856659"
"5743","2","3","5","53","175","119","167","489","416","C1856660"
"5617","2","5","12","19","31","1","426","55","78","C1856660"
"1188","2","5","8","63","45","23","34","464","187","C1856660"
"55215","2","3","12","76","31","261","116","1","86","C1856660"
"6648","2","3","2","95","151","160","378","173","229","C1856660"
"50615","2","5","7","53","51","119","25","40","186","C1856660"
"5573","2","3","12","19","184","118","155","287","116","C1856660"
"2629","2","3","5","80","81","250","291","152","420","C1856660"
"51134","2","3","12","76","153","40","38","54","75","C1856660"
"5818","2","5","7","53","51","335","444","560","373","C1856660"
"11136","2","3","5","80","94","199","240","415","666","C1856660"
"498","2","3","2","48","170","50","304","167","593","C1856661"
"9723","2","5","7","53","51","342","79","560","373","C1856661"
"4000","2","3","12","26","105","178","226","297","156","C1856661"
"6326","2","5","8","63","36","166","341","390","158","C1856661"
"185","2","5","4","68","96","326","427","548","672","C1856661"
"641","2","3","12","19","31","261","116","1","86","C1856661"
"4297","2","3","12","19","31","1","426","55","78","C1856661"
"6448","2","3","5","74","160","294","376","453","567","C1856661"
"11020","2","5","7","60","54","24","30","46","72","C1856661"
"51196","2","3","7","60","54","24","30","46","72","C1856661"
"6910","2","3","12","19","51","335","444","560","373","C1856661"
"6868","2","5","7","53","51","342","454","236","492","C1856661"
"1758","2","5","7","53","51","342","454","573","492","C1856661"
"8625","2","3","12","19","31","276","91","236","118","C1856661"
"9573","2","5","7","53","51","342","259","423","389","C1856661"
"8200","2","5","7","53","51","342","259","423","389","C1856661"
"5932","2","3","12","19","31","261","116","1","86","C1856661"
"9217","2","3","2","50","47","39","100","321","255","C1856661"
"5468","2","3","3","19","151","276","91","433","118","C1856661"
"5160","2","3","2","67","92","293","55","75","311","C1856661"
"9632","2","3","7","60","153","40","38","54","203","C1856661"
"10269","2","3","2","48","182","50","119","444","556","C1856661"
"1644","2","3","2","88","79","239","333","258","345","C1856661"
"4914","2","3","2","22","18","266","202","252","252","C1856661"
"478","2","3","8","63","45","23","366","464","187","C1856661"
"6334","2","5","8","63","36","166","341","223","158","C1856661"
"4920","2","5","7","53","14","20","259","560","373","C1856661"
"538","2","3","8","63","45","23","103","464","187","C1856661"
"207","2","3","7","53","14","20","34","489","416","C1856661"
"1312","2","3","2","87","79","105","426","129","25","C1856661"
"4534","2","3","5","80","81","296","399","362","468","C1856661"
"8022","2","3","3","110","85","321","428","541","667","C1856661"
"10733","2","3","12","76","153","40","38","54","75","C1856661"
"7840","2","3","12","76","153","40","38","54","75","C1856694"
"196","2","3","3","19","151","276","91","433","118","C1856694"
"4514","2","3","2","48","57","110","141","359","5","C1856694"
"2218","2","5","2","53","123","194","255","560","373","C1856694"
"54361","2","5","3","68","221","197","259","560","422","C1856694"
"2188","2","3","12","19","31","261","116","1","86","C1856694"
"10262","2","3","2","22","33","323","66","101","136","C1856694"
"7518","2","3","12","19","31","261","116","1","86","C1856694"
"4000","2","3","12","26","105","178","226","297","156","C1856694"
"1728","2","3","2","41","116","268","434","568","605","C1856694"
"25836","2","3","12","76","153","40","38","54","75","C1856714"
"1723","2","3","2","48","170","50","119","444","556","C1856714"
"10008","2","5","8","63","36","166","341","223","158","C1856714"
"5601","2","3","12","19","14","20","34","540","68","C1856714"
"6495","2","3","3","19","221","321","428","541","667","C1856732"
"1188","2","5","8","63","45","23","34","464","187","C1856732"
"5949","2","3","2","69","83","101","126","170","224","C1856732"
"2260","2","5","7","53","14","20","25","40","186","C1856732"
"1643","2","3","12","41","116","268","434","468","213","C1856732"
"9632","2","3","7","60","153","40","38","54","203","C1856738"
"1352","2","3","2","48","170","50","119","444","556","C1856738"
"9839","2","3","3","19","221","321","428","541","667","C1856749"
"2108","2","3","2","48","170","50","119","444","556","C1856749"
"2706","2","3","12","76","153","40","38","54","75","C1856749"
"5518","2","3","12","76","153","40","38","54","435","C1856749"
"867","2","5","7","53","14","184","25","40","669","C1856749"
"658","2","5","7","53","51","342","259","423","389","C1856749"
"54756","2","5","7","41","219","238","118","543","214","C1856749"
"8438","2","3","12","76","153","261","116","1","86","C1856749"
"6804","2","5","7","60","36","71","341","223","219","C1856749"
"51371","2","3","12","41","116","268","434","568","605","C1856749"
"5073","2","3","2","110","85","323","433","146","194","C1856749"
"4166","2","3","2","89","60","99","7","211","217","C1856765"
"4723","2","3","2","48","170","50","119","444","556","C1856765"
"6341","2","3","2","48","170","50","119","444","556","C1856765"
"55764","2","3","12","76","153","40","38","54","75","C1856780"
"2584","2","3","2","72","117","196","257","326","46","C1856780"
"7547","2","3","3","19","221","321","428","541","667","C1856780"
"2261","2","5","7","53","14","20","25","40","186","C1856786"
"4854","2","5","7","53","51","143","428","236","667","C1856786"
"7169","2","5","8","63","45","23","103","464","187","C1856786"
"2161","2","5","7","68","51","119","395","549","674","C1856786"
"6521","2","5","8","35","41","199","40","415","666","C1856786"
"1832","2","5","7","34","52","225","142","220","298","C1856786"
"112476","2","3","2","48","170","50","119","444","556","C1856786"
"5447","2","3","5","91","214","271","372","471","586","C1856786"
"51057","2","3","12","76","153","40","38","54","75","C1856786"
"26580","2","5","8","27","70","99","162","216","290","C1856786"
"3248","2","3","2","69","83","133","167","224","301","C1856786"
"23432","2","3","12","41","116","268","38","54","75","C1856872"
"6597","2","3","12","19","31","1","426","55","78","C1856872"
"5077","2","3","3","19","221","321","428","541","667","C1856872"
"6559","2","5","8","45","94","199","240","415","666","C1856872"
"4784","2","3","2","22","33","261","116","159","211","C1856872"
"55157","2","3","2","110","85","67","76","252","154","C1856872"
"51422","2","3","2","48","57","110","141","359","462","C1856872"
"7169","2","5","8","63","45","23","103","464","187","C1856872"
"50717","2","3","12","41","116","268","434","468","213","C1856872"
"111","2","5","4","68","96","326","427","548","672","C1856872"
"54345","2","5","3","19","221","321","428","541","667","C1856872"
"1147","2","3","12","41","219","339","156","568","697","C1856872"
"6329","2","5","8","63","36","166","341","390","158","C1856872"
"7421","2","3","3","19","151","276","91","433","118","C1856872"
"55636","2","3","3","19","221","321","428","423","389","C1856872"
"8813","2","3","2","48","116","142","136","280","363","C1856872"
"1289","2","5","7","53","51","342","454","573","492","C1856872"
"857","2","5","7","53","45","23","57","83","422","C1856872"
"857","2","5","7","53","45","23","57","83","422","C1856872"
"2138","2","3","12","19","31","1","426","55","78","C1856872"
"1786","2","3","12","19","31","1","426","55","78","C1856872"
"5538","2","3","2","115","18","340","269","342","444","C1856883"
"2879","2","3","5","80","81","166","378","173","229","C1856883"
"4514","2","3","2","48","57","110","141","359","5","C1856889"
"1373","2","3","8","84","97","167","210","271","536","C1856889"
"4784","2","3","2","22","33","261","116","159","211","C1856889"
"9993","2","5","7","53","51","342","454","573","492","C1856904"
"3689","2","5","7","34","52","216","395","549","674","C1856904"
"23384","2","3","12","63","45","184","103","572","658","C1856904"
"9652","2","3","2","110","85","237","433","547","671","C1856904"
"3516","2","3","12","19","31","143","428","236","667","C1856904"
"23236","2","3","4","68","96","326","427","548","672","C1856904"
"2876","2","3","5","80","81","110","378","173","229","C1856912"
"5447","2","3","5","91","214","271","372","471","586","C1856912"
"10516","2","5","7","53","51","342","454","573","492","C1856912"
"3552","2","3","12","53","51","119","156","489","416","C1856912"
"2720","2","3","7","34","52","216","395","21","599","C1856912"
"6635","2","3","2","22","33","323","66","101","136","C1856912"
"2178","2","3","12","19","31","261","116","1","86","C1856920"
"4148","2","5","7","53","51","342","454","573","492","C1856920"
"9368","2","5","7","42","36","71","177","223","219","C1856922"
"1230","2","5","4","68","96","326","427","548","672","C1856922"
"6005","2","3","2","16","197","45","155","78","695","C1856922"
"6845","2","5","7","60","14","184","341","544","669","C1856934"
"5167","2","3","5","32","93","163","207","303","126","C1856934"
"5339","2","5","7","53","51","342","454","573","492","C1856953"
"2176","2","3","12","19","31","261","116","1","86","C1856953"
"6204","2","3","2","110","85","237","433","547","671","C1856953"
"6497","2","5","3","19","221","342","259","423","389","C1856953"
"1031","2","3","12","19","31","1","426","55","78","C1856953"
"3123","2","5","7","53","51","119","156","287","116","C1856954"
"55612","2","5","7","60","36","71","177","560","701","C1856954"
"3458","2","5","7","53","184","119","156","287","116","C1856954"
"19","2","3","3","19","151","276","91","433","118","C1856954"
"50838","2","5","4","68","96","326","427","548","672","C1856954"
"8867","2","3","5","60","14","184","341","544","669","C1856954"
"90865","2","3","12","41","219","339","156","568","605","C1856954"
"4998","2","3","12","76","31","261","116","1","86","C1856963"
"58","2","5","8","63","45","23","103","464","187","C1856963"
"7020","2","3","12","19","31","276","91","433","664","C1856963"
"1051","2","3","12","19","31","276","91","433","118","C1856963"
"2110","2","3","2","48","170","50","119","444","556","C1856963"
"1581","2","3","5","19","151","276","91","433","118","C1856963"
"6774","2","3","12","53","14","276","25","489","416","C1856963"
"10397","2","3","2","110","81","148","402","51","383","C1856963"
"1548","2","3","5","91","214","226","326","447","586","C1856963"
"5913","2","5","7","27","36","71","341","223","219","C1856963"
"2316","2","5","7","53","51","342","454","573","702","C1856963"
"5194","2","3","5","43","161","305","409","208","482","C1856963"
"4536","2","3","2","48","170","50","119","444","556","C1856963"
"8379","2","3","12","76","153","40","38","54","75","C1856963"
"7468","2","3","12","19","31","1","426","55","78","C1856963"
"596","2","3","12","19","219","339","402","489","416","C1856963"
"5264","2","3","5","43","161","305","409","208","482","C1857002"
"3060","2","5","4","68","96","326","427","548","672","C1857002"
"2071","2","3","12","19","31","261","116","159","211","C1857002"
"1277","2","5","7","53","51","342","454","573","492","C1857002"
"7249","2","3","7","60","57","110","141","359","462","C1857002"
"3339","2","5","7","53","51","342","454","573","492","C1857055"
"3845","2","5","7","60","54","24","30","46","72","C1857055"
"23169","2","3","2","78","205","112","430","429","544","C1857074"
"7299","2","3","5","23","18","138","250","332","407","C1857074"
"4221","2","3","12","19","31","342","454","573","492","C1857074"
"25923","2","3","2","48","184","50","119","444","116","C1857074"
"4023","2","3","5","24","51","342","91","20","27","C1857078"
"8626","2","3","3","19","221","321","428","541","667","C1857078"
"5604","2","5","7","53","14","20","34","540","68","C1857078"
"6663","2","3","3","19","221","321","428","541","667","C1857079"
"5194","2","3","5","43","161","305","409","208","482","C1857079"
"23133","2","3","12","19","31","1","426","55","78","C1857079"
"6736","2","3","12","19","31","276","91","433","667","C1857079"
"10297","2","3","12","27","36","150","444","223","628","C1857079"
"4041","2","5","3","68","221","197","259","560","422","C1857079"
"4893","2","5","7","34","52","24","30","46","72","C1857079"
"3764","2","5","8","63","36","166","106","110","158","C1857079"
"1778","2","3","7","76","153","40","38","54","75","C1857079"
"6392","2","3","2","48","170","50","119","444","556","C1857079"
"23384","2","3","12","63","45","184","103","572","658","C1857079"
"1109","2","3","2","46","51","227","168","225","490","C1857079"
"3549","2","5","3","53","51","197","259","560","422","C1857079"
"2812","2","5","7","53","51","342","454","573","492","C1857079"
"3576","2","5","4","68","96","326","427","548","672","C1857079"
"1387","2","3","12","19","31","276","91","433","118","C1857079"
"805","2","5","8","53","45","20","34","464","187","C1857079"
"5015","2","3","3","19","221","321","428","541","667","C1857079"
"919","2","5","7","53","14","119","25","40","186","C1857079"
"2879","2","3","5","80","81","166","378","173","229","C1857079"
"6208","2","3","2","110","85","237","433","547","671","C1857079"
"6690","2","5","7","68","51","119","395","549","674","C1857079"
"9533","2","3","2","19","31","1","426","55","78","C1857079"
"84197","2","5","2","53","14","20","25","215","186","C1857101"
"3759","2","5","8","63","36","166","106","110","158","C1857101"
"5631","2","3","2","72","119","109","266","336","452","C1857126"
"1947","2","5","7","53","51","20","25","560","373","C1857126"
"9049","2","3","3","41","151","276","378","271","356","C1857126"
"8626","2","3","3","19","221","321","428","541","667","C1857126"
"6391","2","3","2","48","170","50","119","444","556","C1857126"
"3561","2","5","7","53","14","20","25","40","186","C1857171"
"4851","2","3","12","19","221","143","428","236","667","C1857171"
"5979","2","5","7","53","14","20","25","40","186","C1857171"
"10194","2","5","7","53","221","321","259","423","389","C1857171"
"51128","2","5","7","60","153","24","38","46","72","C1857175"
"1535","2","5","7","34","52","216","395","549","674","C1857175"
"10743","2","3","3","19","151","276","91","433","118","C1857175"
"2956","2","3","12","19","31","261","116","1","86","C1857175"
"50814","2","3","2","69","221","73","360","86","119","C1857175"
"7468","2","3","12","19","31","1","426","55","78","C1857180"
"8050","2","3","2","67","92","293","55","75","311","C1857180"
"7552","2","4","3","24","119","330","214","454","144","C1857180"
"7401","2","5","7","60","83","101","126","170","224","C1857180"
"6144","2","3","2","110","85","237","433","547","671","C1857186"
"10877","2","5","7","53","51","119","395","549","674","C1857186"
"3868","2","1","6","11","142","225","142","220","298","C1857186"
"3909","2","5","7","53","51","342","454","573","492","C1857190"
"3845","2","5","7","60","54","24","30","46","72","C1857190"
"51601","2","3","2","67","92","293","55","75","311","C1857190"
"1408","2","3","3","19","151","276","91","433","118","C1857202"
"6663","2","3","3","19","221","321","428","541","667","C1857202"
"3835","2","3","12","76","153","40","38","54","75","C1857202"
"7518","2","3","12","19","31","261","116","1","86","C1857202"
"5830","2","3","5","43","161","305","409","208","482","C1857202"
"5828","2","3","5","43","161","305","409","208","482","C1857202"
"1646","2","3","2","46","136","227","168","225","490","C1857202"
"4091","2","3","12","53","219","342","259","423","389","C1857202"
"5781","2","5","7","53","14","20","25","40","186","C1857202"
"6390","2","3","2","48","170","50","119","444","556","C1857202"
"6925","2","3","12","19","31","225","142","220","298","C1857206"
"7314","2","3","12","41","219","261","409","208","482","C1857206"
"9496","2","5","6","11","142","225","142","220","673","C1857206"
"8216","2","3","12","41","119","330","214","454","144","C1857206"
"2314","2","3","12","63","45","184","103","572","658","C1857206"
"23426","2","5","7","42","36","71","177","223","219","C1857206"
"5745","2","5","4","68","96","326","427","548","672","C1857206"
"4000","2","3","12","26","105","178","226","297","156","C1857206"
"10059","2","3","2","48","170","50","304","167","304","C1857206"
"1535","2","5","7","34","52","216","395","549","674","C1857206"
"6154","2","3","2","110","85","237","433","547","671","C1857206"
"5932","2","3","12","19","31","261","116","1","86","C1857206"
"4352","2","5","7","53","14","20","25","40","186","C1857252"
"5213","2","3","2","90","167","266","367","500","577","C1857252"
"5251","2","3","5","80","81","296","474","593","722","C1857269"
"10397","2","3","2","110","81","148","402","51","383","C1857269"
"4535","2","3","2","48","170","50","119","444","556","C1857269"
"95681","2","3","12","76","153","40","38","54","75","C1857276"
"1280","2","5","7","53","51","342","454","573","492","C1857276"
"779","2","5","8","63","36","166","341","390","158","C1857278"
"3265","2","5","7","60","54","24","30","46","72","C1857278"
"8200","2","5","7","53","51","342","259","423","389","C1857278"
"5828","2","3","5","43","161","305","409","208","482","C1857278"
"5428","2","3","2","48","170","50","119","167","593","C1857278"
"7227","2","3","12","19","31","276","91","433","118","C1857278"
"10518","2","3","2","22","170","50","119","444","556","C1857278"
"5781","2","5","7","53","14","20","25","40","186","C1857278"
"4514","2","3","2","48","57","110","141","359","5","C1857278"
"5745","2","5","4","68","96","326","427","548","672","C1857287"
"4744","2","3","6","27","36","150","399","223","628","C1857287"
"673","2","5","7","53","14","20","34","540","68","C1857287"
"55670","2","3","5","43","161","305","409","208","482","C1857287"
"6605","2","3","12","19","31","1","426","55","78","C1857287"
"22891","2","3","12","76","153","40","341","54","75","C1857287"
"1288","2","5","7","53","51","342","454","573","492","C1857287"
"4000","2","3","12","26","105","178","226","297","156","C1857287"
"6609","2","3","5","105","155","250","291","152","420","C1857287"
"7439","2","5","8","63","45","23","34","464","187","C1857287"
"6785","2","3","5","67","7","5","239","311","393","C1857316"
"54795","2","5","8","63","45","193","306","390","158","C1857316"
"3918","2","5","7","53","51","342","454","573","492","C1857353"
"6559","2","5","8","45","94","199","240","415","666","C1857353"
"55670","2","3","5","43","161","305","409","208","482","C1857353"
"4099","2","5","7","27","51","150","444","223","628","C1857353"
"5069","2","5","7","53","51","342","454","573","492","C1857353"
"23247","2","3","12","76","153","71","34","540","68","C1857353"
"51083","2","5","4","68","96","326","427","548","672","C1857353"
"5604","2","5","7","53","14","20","34","540","68","C1857353"
"5332","2","3","4","68","96","326","427","548","672","C1857355"
"1890","2","3","5","80","81","296","62","94","150","C1857355"
"4053","2","5","7","53","51","342","454","573","492","C1857451"
"2099","2","3","12","19","151","276","91","433","118","C1857451"
"6813","2","5","7","53","51","342","454","573","702","C1857451"
"115650","2","3","12","41","219","339","156","568","697","C1857453"
"6833","2","5","8","45","36","166","240","415","666","C1857453"
"23169","2","3","2","78","205","112","430","429","544","C1857453"
"6772","2","3","12","53","184","119","156","287","116","C1857453"
"3028","2","3","2","67","92","152","32","252","154","C1857453"
"4668","2","3","5","21","111","188","242","313","396","C1857453"
"5696","2","3","12","41","116","268","156","568","116","C1857453"
"5728","2","3","5","80","81","339","156","568","605","C1857456"
"23522","2","3","12","19","31","1","426","55","78","C1857456"
"7042","2","5","7","53","51","342","454","573","492","C1857456"
"10084","2","3","2","22","33","323","66","101","136","C1857456"
"5428","2","3","2","48","170","50","119","167","593","C1857456"
"4001","2","3","12","76","31","40","38","54","75","C1857479"
"8139","2","3","12","41","116","268","434","468","213","C1857479"
"9469","2","3","2","103","189","303","29","475","467","C1857479"
"2969","2","3","12","19","31","276","91","433","118","C1857479"
"2643","2","3","5","87","91","75","204","267","352","C1857479"
"6496","2","3","3","19","221","321","428","541","667","C1857479"
"3691","2","5","7","53","51","342","454","573","492","C1857479"
"10631","2","5","7","53","51","342","454","573","492","C1857482"
"538","2","3","8","63","45","23","103","464","187","C1857482"
"54209","2","5","7","53","51","119","395","549","674","C1857482"
"4810","2","3","2","76","57","110","444","560","373","C1857482"
"613","2","5","7","60","54","24","30","46","72","C1857482"
"55670","2","3","5","43","161","305","409","208","482","C1857483"
"3304","2","5","7","34","52","216","395","271","356","C1857483"
"5077","2","3","3","19","221","321","428","541","667","C1857484"
"3814","2","5","4","68","96","326","427","548","672","C1857484"
"2773","2","5","4","68","96","326","427","548","672","C1857484"
"7124","2","3","12","41","219","339","156","568","697","C1857484"
"5971","2","3","12","41","219","339","156","568","621","C1857485"
"2263","2","5","7","53","14","20","25","40","186","C1857485"
"51360","2","3","3","26","35","276","91","433","203","C1857485"
"4038","2","5","7","53","51","342","454","573","492","C1857485"
"3784","2","5","8","63","36","166","106","110","158","C1857485"
"4519","2","3","2","48","170","50","119","508","312","C1857500"
"10243","2","3","2","27","91","71","204","267","352","C1857500"
"7048","2","5","7","53","51","342","259","423","389","C1857500"
"6229","2","3","2","110","85","237","433","547","671","C1857501"
"9968","2","4","3","24","119","330","214","454","144","C1857501"
"6548","2","3","2","45","94","199","240","415","326","C1857527"
"10","2","3","12","91","214","261","116","1","86","C1857527"
"2707","2","3","12","76","153","40","38","54","75","C1857527"
"3753","2","5","8","63","36","166","341","223","158","C1857527"
"10166","2","3","2","84","97","167","210","278","360","C1857527"
"182","2","5","7","53","51","143","428","236","667","C1857527"
"55240","2","3","5","29","88","132","402","489","551","C1857527"
"5737","2","5","4","68","96","326","427","548","672","C1857539"
"421","2","5","7","42","51","335","444","560","373","C1857539"
"2697","2","3","7","76","153","40","38","54","75","C1857539"
"5932","2","3","12","19","31","261","116","1","86","C1857539"
"8200","2","5","7","53","51","342","259","423","389","C1857539"
"8626","2","3","3","19","221","321","428","541","667","C1857539"
"4929","2","3","3","19","151","276","91","433","118","C1857539"
"6926","2","5","7","53","51","335","259","560","373","C1857539"
"7486","2","3","12","19","31","261","116","1","86","C1857586"
"9871","2","3","7","60","153","40","38","54","203","C1857586"
"4791","2","3","12","41","219","339","156","568","697","C1857586"
"2109","2","3","2","48","170","50","119","444","556","C1857586"
"5189","2","3","5","43","161","305","409","208","482","C1857586"
"207","2","3","7","53","14","20","34","489","416","C1857586"
"2492","2","5","4","68","96","326","427","548","672","C1857618"
"4693","2","5","7","53","51","342","454","573","492","C1857618"
"7317","2","3","12","41","116","268","434","468","213","C1857618"
"2720","2","3","7","34","52","216","395","21","599","C1857627"
"8820","2","3","3","19","221","321","428","541","667","C1857627"
"1001","2","5","7","53","51","335","444","560","373","C1857627"
"51604","2","3","2","61","77","142","176","235","317","C1857627"
"4137","2","3","7","27","36","150","341","223","628","C1857632"
"1281","2","5","7","53","51","342","454","573","492","C1857632"
"79659","2","3","12","76","153","40","38","54","75","C1857632"
"2273","2","5","8","63","45","23","103","464","187","C1857632"
"1280","2","5","7","53","51","342","454","573","492","C1857632"
"1376","2","3","2","19","151","276","91","433","118","C1857632"
"23334","2","3","5","48","179","289","133","179","476","C1857632"
"5004","2","5","7","34","52","216","395","549","674","C1857638"
"1303","2","5","7","53","51","342","454","573","492","C1857638"
"871","2","5","7","53","51","342","454","573","492","C1857641"
"701","2","3","12","76","153","40","38","54","75","C1857641"
"1723","2","3","2","48","170","50","119","444","556","C1857641"
"3643","2","5","7","53","14","20","25","40","186","C1857641"
"5191","2","3","5","43","161","305","409","208","482","C1857641"
"10133","2","3","12","76","153","40","38","54","75","C1857641"
"25923","2","3","2","48","184","50","119","444","116","C1857641"
"6239","2","3","12","19","119","330","214","454","144","C1857641"
"9782","2","3","2","22","33","323","66","101","136","C1857641"
"54714","2","5","8","63","36","166","106","110","158","C1857641"
"51098","2","3","12","76","153","40","38","54","75","C1857641"
"9409","2","3","5","43","161","305","409","208","482","C1857641"
"9993","2","5","7","53","51","342","454","573","492","C1857641"
"4692","2","5","7","53","51","119","402","489","416","C1857641"
"27232","2","3","2","19","31","105","106","14","7","C1857641"
"8516","2","5","7","53","51","342","454","573","492","C1857641"
"126133","2","3","2","41","119","266","136","341","182","C1857644"
"6638","2","3","2","22","33","323","66","101","136","C1857644"
"23564","2","3","2","63","45","225","243","177","236","C1857644"
"5317","2","5","7","34","52","216","142","220","298","C1857644"
"5351","2","5","7","53","51","342","454","573","492","C1857644"
"8085","2","3","12","19","31","1","426","55","78","C1857644"
"6885","2","3","12","41","219","339","156","568","697","C1857644"
"2812","2","5","7","53","51","342","454","573","492","C1857644"
"26580","2","5","8","27","70","99","162","216","290","C1857645"
"1186","2","5","8","63","45","23","34","464","187","C1857645"
"1717","2","3","2","19","151","276","48","69","204","C1857645"
"3053","2","5","7","53","51","342","454","573","492","C1857651"
"6197","2","3","12","19","14","20","34","540","68","C1857651"
"182","2","5","7","53","51","143","428","236","667","C1857651"
"51199","2","3","12","76","153","40","38","54","75","C1857656"
"6885","2","3","12","41","219","339","156","568","697","C1857656"
"2737","2","3","12","19","116","321","428","54","667","C1857656"
"3549","2","5","3","53","51","197","259","560","422","C1857656"
"2074","2","3","12","19","31","1","426","55","78","C1857656"
"50615","2","5","7","53","51","119","25","40","186","C1857656"
"182","2","5","7","53","51","143","428","236","667","C1857656"
"2260","2","5","7","53","14","20","25","40","186","C1857656"
"1075","2","5","7","34","52","216","395","549","674","C1857656"
"54187","2","3","5","80","81","296","272","452","148","C1857656"
"156","2","5","4","68","96","326","427","548","672","C1857656"
"64421","2","3","12","19","31","261","116","1","86","C1857656"
"6597","2","3","12","19","31","1","426","55","78","C1857656"
"5728","2","3","5","80","81","339","156","568","605","C1857656"
"43","2","3","5","85","143","286","51","488","389","C1857656"
"1504","2","5","7","53","51","342","454","186","245","C1857656"
"4625","2","3","8","63","45","23","103","464","187","C1857656"
"673","2","5","7","53","14","20","34","540","68","C1857656"
"8647","2","3","5","46","158","252","352","449","563","C1857657"
"51626","2","3","12","76","153","40","38","54","75","C1857657"
"5096","2","3","2","48","40","130","166","127","173","C1857657"
"5781","2","5","7","53","14","20","25","40","186","C1857657"
"2263","2","5","7","53","14","20","25","40","186","C1857657"
"4137","2","3","7","27","36","150","341","223","628","C1857657"
"2911","2","5","4","68","96","326","427","548","672","C1857657"
"10280","2","3","2","110","85","52","57","86","119","C1857657"
"7353","2","3","12","41","219","339","156","568","605","C1857657"
"1187","2","5","8","63","45","23","34","464","187","C1857657"
"5195","2","3","5","43","161","305","409","208","482","C1857657"
"710","2","5","7","53","51","342","454","573","702","C1857657"
"5923","2","5","7","53","14","20","25","40","186","C1857657"
"3758","2","5","8","63","36","166","106","110","158","C1857662"
"6662","2","3","3","19","221","321","428","541","667","C1857662"
"51124","2","5","4","68","96","326","427","548","672","C1857662"
"5080","2","3","3","19","221","321","428","541","667","C1857662"
"3859","2","1","6","11","142","225","142","220","298","C1857665"
"582","2","3","12","76","153","76","38","54","75","C1857665"
"546","2","3","12","19","31","261","426","1","86","C1857665"
"9820","2","3","12","41","116","268","434","468","213","C1857665"
"1906","2","5","4","68","96","326","427","548","672","C1857665"
"8626","2","3","3","19","221","321","428","541","667","C1857665"
"1644","2","3","2","88","79","239","333","258","345","C1857690"
"3565","2","5","7","53","51","119","25","489","416","C1857690"
"4089","2","3","12","19","219","339","259","423","605","C1857693"
"1815","2","5","4","68","96","326","427","548","672","C1857693"
"1030","2","3","12","19","31","1","426","55","78","C1857693"
"51684","2","3","12","41","116","268","38","54","75","C1857697"
"26503","2","3","2","89","124","204","272","347","442","C1857697"
"9056","2","3","8","45","94","199","240","415","666","C1857697"
"9049","2","3","3","41","151","276","378","271","356","C1857697"
"7353","2","3","12","41","219","339","156","568","605","C1857699"
"57560","2","3","12","76","153","40","38","54","75","C1857699"
"6442","2","5","8","63","45","23","103","464","187","C1857707"
"55650","2","3","2","61","77","142","176","235","557","C1857707"
"7546","2","5","3","19","221","321","79","560","373","C1857707"
"5310","2","5","7","53","51","335","444","560","373","C1857710"
"4914","2","3","2","22","18","266","202","252","252","C1857710"
"1299","2","5","7","53","51","342","454","573","492","C1857710"
"1286","2","5","7","53","51","342","454","573","492","C1857710"
"54714","2","5","8","63","36","166","106","110","158","C1857710"
"5354","2","5","7","27","36","150","341","223","628","C1857710"
"8659","2","3","2","67","103","177","225","295","378","C1857710"
"7248","2","3","2","48","57","110","141","359","462","C1857710"
"5648","2","5","7","53","51","119","395","549","674","C1857710"
"29893","2","3","12","19","31","1","426","55","78","C1857790"
"4000","2","3","12","26","105","178","226","297","156","C1857790"
"4920","2","5","7","53","14","20","259","560","373","C1857790"
"5741","2","5","4","68","96","326","427","548","672","C1857790"
"3229","2","3","3","19","221","321","428","541","667","C1857949"
"9394","2","3","2","74","58","112","148","193","263","C1857949"
"2033","2","3","12","19","31","1","91","433","118","C1857949"
"4312","2","5","7","53","51","342","454","573","492","C1857949"
"6926","2","5","7","53","51","335","259","560","373","C1857949"
"9409","2","3","5","43","161","305","409","208","482","C1857949"
"4763","2","5","7","60","54","24","30","46","214","C1857949"
"23414","2","3","12","19","31","118","155","287","116","C1857949"
"860","2","3","12","19","31","276","91","433","118","C1857949"
"8822","2","5","7","53","14","20","25","40","186","C1857949"
"1855","2","5","12","76","153","197","259","560","422","C1857949"
"6786","2","5","8","63","45","23","103","464","187","C1857949"
"2239","2","3","2","74","51","342","454","573","492","C1857949"
"6469","2","5","3","53","221","197","259","560","422","C1857949"
"1947","2","5","7","53","51","20","25","560","373","C1857949"
"153090","2","5","7","60","54","24","30","46","72","C1857953"
"25923","2","3","2","48","184","50","119","444","116","C1857953"
"2030","2","3","5","80","81","296","62","94","150","C1857953"
"10269","2","3","2","48","182","50","119","444","556","C1857953"
"7099","2","5","7","41","219","339","156","568","697","C1857953"
"10840","2","3","5","15","166","104","369","213","287","C1858025"
"3239","2","3","3","19","221","321","428","541","667","C1858025"
"9180","2","5","7","53","51","119","25","549","416","C1858025"
"54903","2","3","12","76","153","40","38","54","75","C1858025"
"23545","2","3","5","29","88","132","85","222","346","C1858025"
"8289","2","3","12","19","31","1","426","55","78","C1858025"
"54862","2","3","12","76","153","40","38","54","75","C1858025"
"1583","2","3","5","79","152","273","375","100","589","C1858025"
"4015","2","5","7","53","51","342","454","573","492","C1858025"
"5728","2","3","5","80","81","339","156","568","605","C1858025"
"249","2","3","5","27","51","335","444","560","373","C1858025"
"3426","2","5","7","53","51","119","395","549","674","C1858025"
"10815","2","5","7","60","36","71","341","223","666","C1858025"
"53904","2","5","7","53","14","20","34","540","68","C1858033"
"10195","2","3","2","48","69","99","162","216","290","C1858033"
"4867","2","5","7","76","153","40","38","54","75","C1858033"
"6343","2","5","4","68","96","326","427","548","672","C1858033"
"2200","2","5","7","53","51","342","454","573","492","C1858036"
"2113","2","3","12","19","31","276","91","433","118","C1858036"
"3481","2","5","7","53","51","342","454","573","492","C1858036"
"36","2","3","2","48","170","50","119","444","556","C1858036"
"7290","2","3","12","19","31","1","426","55","78","C1858036"
"29108","2","5","7","34","52","216","395","549","674","C1858036"
"1544","2","3","5","91","214","271","372","471","586","C1858036"
"1954","2","5","7","53","51","342","454","573","492","C1858036"
"4000","2","3","12","26","105","178","226","297","156","C1858036"
"2068","2","3","12","19","31","261","116","159","211","C1858091"
"5594","2","5","7","34","14","20","34","540","274","C1858091"
"1311","2","5","7","53","51","342","454","573","492","C1858091"
"9897","2","3","12","76","18","75","38","1","212","C1858091"
"6792","2","5","7","53","14","20","34","540","68","C1858091"
"5745","2","5","4","68","96","326","427","548","672","C1858091"
"22891","2","3","12","76","153","40","341","54","75","C1858091"
"860","2","3","12","19","31","276","91","433","118","C1858091"
"7390","2","3","5","80","81","166","132","175","473","C1858091"
"2737","2","3","12","19","116","321","428","54","667","C1858116"
"4359","2","5","7","53","51","342","454","573","492","C1858116"
"5771","2","5","7","53","14","296","25","40","186","C1858116"
"4535","2","3","2","48","170","50","119","444","556","C1858127"
"5167","2","3","5","32","93","163","207","303","126","C1858127"
"6674","2","3","12","48","57","50","38","54","462","C1858127"
"11020","2","5","7","60","54","24","30","46","72","C1858127"
"6390","2","3","2","48","170","50","119","444","556","C1858127"
"272","2","3","7","34","52","216","395","549","674","C1858127"
"4843","2","3","5","43","161","305","409","489","416","C1858127"
"2200","2","5","7","53","51","342","454","573","492","C1858127"
"4221","2","3","12","19","31","342","454","573","492","C1858127"
"8643","2","5","3","68","221","197","259","560","422","C1858127"
"7555","2","3","2","110","85","237","433","547","671","C1858127"
"215","2","3","5","47","144","185","238","310","392","C1858127"
"6336","2","5","8","63","36","166","341","390","158","C1858266"
"51741","2","3","2","22","33","323","66","101","127","C1858266"
"1387","2","3","12","19","31","276","91","433","118","C1858266"
"6663","2","3","3","19","221","321","428","541","667","C1858266"
"4914","2","3","2","22","18","266","202","252","252","C1858285"
"54840","2","3","12","19","31","261","116","1","86","C1858285"
"6334","2","5","8","63","36","166","341","223","158","C1858285"
"9997","2","3","2","48","170","50","119","444","556","C1858285"
"54205","2","3","2","48","170","50","119","444","556","C1858285"
"175","2","3","7","34","52","216","395","549","674","C1858285"
"2317","2","5","7","63","45","23","103","287","664","C1858285"
"10019","2","5","7","53","14","20","25","40","116","C1858285"
"673","2","5","7","53","14","20","34","540","68","C1858285"
"4538","2","3","2","48","170","50","119","444","556","C1858285"
"85413","2","3","8","45","94","199","240","415","666","C1858285"
"4998","2","3","12","76","31","261","116","1","86","C1858285"
"51124","2","5","4","68","96","326","427","548","672","C1858285"
"4771","2","5","7","60","36","71","177","64","215","C1858285"
"1545","2","3","5","91","175","271","372","443","558","C1858285"
"6689","2","3","12","19","31","276","91","433","118","C1858285"
"7248","2","3","2","48","57","110","141","359","462","C1858285"
"9968","2","4","3","24","119","330","214","454","144","C1858285"
"23414","2","3","12","19","31","118","155","287","116","C1858285"
"1415","2","3","6","63","45","160","362","177","673","C1858285"
"55636","2","3","3","19","221","321","428","423","389","C1858312"
"3280","2","3","12","19","31","143","428","236","667","C1858312"
"25782","2","5","7","60","54","24","30","46","72","C1858395"
"147183","2","1","6","11","142","225","142","220","298","C1858395"
"22854","2","5","5","27","51","335","444","560","373","C1858395"
"2972","2","3","2","19","33","261","116","159","211","C1858395"
"8626","2","3","3","19","221","321","428","541","667","C1858395"
"1394","2","5","4","68","96","326","427","548","672","C1858395"
"8898","2","3","5","80","81","296","399","362","468","C1858395"
"26154","2","3","5","47","144","185","238","310","392","C1858395"
"7050","2","3","12","19","31","321","428","541","667","C1858395"
"5818","2","5","7","53","51","335","444","560","373","C1858395"
"2317","2","5","7","63","45","23","103","287","664","C1858427"
"9860","2","5","7","53","219","184","156","568","697","C1858427"
"8842","2","5","5","53","82","147","184","179","328","C1858452"
"1593","2","3","5","79","152","273","157","333","277","C1858452"
"8643","2","5","3","68","221","197","259","560","422","C1858452"
"6497","2","5","3","19","221","342","259","423","389","C1858452"
"54941","2","3","12","41","116","268","434","468","213","C1858452"
"5443","2","5","4","68","96","326","427","548","672","C1858452"
"22845","2","3","2","48","68","125","161","214","288","C1858452"
"79974","2","5","5","68","96","326","427","447","586","C1858452"
"3848","2","5","7","34","52","225","142","220","298","C1858452"
"22954","2","3","12","41","116","268","434","468","213","C1858452"
"7531","2","3","2","48","170","110","329","251","533","C1858452"
"55315","2","3","5","80","81","296","62","94","150","C1858452"
"387","2","5","7","60","54","24","30","46","72","C1858452"
"9627","2","3","12","19","31","1","426","55","78","C1858452"
"5396","2","3","3","19","221","321","428","541","667","C1858452"
"590","2","3","5","85","143","286","51","488","604","C1858452"
"778","2","5","8","63","36","166","341","223","158","C1858452"
"26608","2","3","2","22","170","50","119","463","153","C1858516"
"6121","2","3","2","69","83","101","126","170","224","C1858516"
"8553","2","3","12","19","151","276","91","433","118","C1858539"
"94","2","5","7","53","51","342","259","423","389","C1858539"
"8924","2","3","12","41","116","268","434","468","213","C1858539"
"2317","2","5","7","63","45","23","103","287","664","C1858539"
"4867","2","5","7","76","153","40","38","54","75","C1858539"
"55145","2","3","2","22","33","225","142","220","140","C1858539"
"284086","2","5","7","53","14","20","34","540","68","C1858539"
"1528","2","3","5","91","214","271","372","471","586","C1858539"
"1184","2","5","8","63","45","23","34","464","187","C1858539"
"3758","2","5","8","63","36","166","106","110","158","C1858545"
"146059","2","3","12","19","31","261","116","1","86","C1858545"
"6103","2","3","12","76","153","40","38","54","75","C1858558"
"1301","2","5","7","53","51","342","454","573","492","C1858558"
"1302","2","5","7","53","51","342","454","573","492","C1858558"
"3972","2","5","4","68","96","326","427","548","672","C1858558"
"3284","2","3","2","69","98","169","299","183","243","C1858565"
"3636","2","3","5","80","14","20","25","40","186","C1858565"
"2811","2","5","7","53","51","1","454","573","78","C1858565"
"2263","2","5","7","53","14","20","25","40","186","C1858565"
"3091","2","3","12","41","116","276","91","433","605","C1858565"
"132","2","3","2","110","85","237","433","80","394","C1858565"
"1908","2","5","4","68","96","326","427","548","672","C1858565"
"1889","2","5","4","68","96","326","427","548","672","C1858569"
"816","2","5","7","53","14","20","34","540","68","C1858569"
"4683","2","3","12","19","31","261","116","1","86","C1858569"
"1356","2","3","7","53","51","342","454","573","492","C1858569"
"23169","2","3","2","78","205","112","430","429","544","C1858573"
"7389","2","3","2","17","24","51","132","210","123","C1858573"
"2719","2","5","7","53","51","342","454","573","492","C1858573"
"10555","2","3","7","34","52","216","395","549","622","C1858573"
"1281","2","5","7","53","51","342","454","573","492","C1858573"
"3265","2","5","7","60","54","24","30","46","72","C1858573"
"10907","2","3","2","22","33","323","66","101","136","C1858573"
"7353","2","3","12","41","219","339","156","568","605","C1858573"
"2055","2","3","2","27","36","150","402","223","628","C1858573"
"8787","2","5","4","68","96","326","427","548","672","C1858573"
"1235","2","5","4","68","96","326","427","548","672","C1858573"
"26249","2","3","12","41","116","268","434","468","213","C1858573"
"51119","2","3","2","110","85","237","433","547","671","C1858573"
"6492","2","3","3","19","151","276","91","433","118","C1858573"
"1493","2","5","7","53","51","119","25","40","186","C1858573"
"55636","2","3","3","19","221","321","428","423","389","C1858573"
"5149","2","3","5","68","38","16","477","596","725","C1858573"
"6663","2","3","3","19","221","321","428","541","667","C1858573"
"4000","2","3","12","26","105","178","226","297","156","C1858573"
"8216","2","3","12","41","119","330","214","454","144","C1858573"
"6442","2","5","8","63","45","23","103","464","187","C1858573"
"27077","2","3","12","76","153","40","38","54","75","C1858573"
"7474","2","5","3","68","221","184","259","544","669","C1858573"
"25830","2","3","2","27","36","150","341","223","628","C1858573"
"4137","2","3","7","27","36","150","341","223","628","C1858573"
"4851","2","3","12","19","221","143","428","236","667","C1858573"
"847","2","3","7","34","52","216","395","549","674","C1858573"
"7428","2","3","12","41","116","268","434","468","213","C1858573"
"5696","2","3","12","41","116","268","156","568","116","C1858573"
"1513","2","5","7","53","51","342","454","573","492","C1858573"
"23171","2","3","5","116","183","295","398","552","622","C1858573"
"3481","2","5","7","53","51","342","454","573","492","C1858574"
"23562","2","5","6","42","36","71","177","64","219","C1858574"
"2301","2","5","6","11","142","225","142","220","673","C1858574"
"841","2","3","12","41","219","339","156","568","697","C1858574"
"189","2","3","5","43","161","305","409","208","482","C1858574"
"6584","2","3","8","45","94","199","240","415","666","C1858574"
"11093","2","5","7","53","51","342","454","573","492","C1858574"
"60","2","3","12","60","45","184","155","287","78","C1858574"
"1301","2","5","7","53","51","342","454","573","492","C1858574"
"7291","2","3","12","19","151","276","91","489","416","C1858574"
"25939","2","3","12","53","184","119","156","287","116","C1858574"
"6596","2","3","12","19","31","261","116","1","86","C1858574"
"6555","2","5","8","45","94","199","240","415","666","C1858574"
"627","2","5","7","53","51","335","444","423","373","C1858574"
"54209","2","5","7","53","51","119","395","549","674","C1858574"
"6608","2","3","3","68","221","321","428","560","667","C1858574"
"6911","2","5","6","19","142","335","259","560","373","C1858574"
"2717","2","3","7","34","52","216","395","549","674","C1858574"
"7421","2","3","3","19","151","276","91","433","118","C1858574"
"26012","2","3","12","19","31","261","116","159","211","C1858574"
"5158","2","3","4","68","45","272","259","518","621","C1858574"
"10758","2","3","12","41","219","339","156","568","697","C1858574"
"51586","2","4","3","24","119","330","214","454","144","C1858574"
"2161","2","5","7","68","51","119","395","549","674","C1858574"
"3593","2","5","7","53","51","119","25","489","416","C1858574"
"348","2","5","7","53","51","342","454","573","492","C1858574"
"5824","2","3","5","47","144","185","238","310","392","C1858574"
"1482","2","3","3","19","221","321","428","541","667","C1858574"
"9150","2","3","12","19","31","261","116","159","211","C1858656"
"7369","2","5","7","53","51","119","395","549","674","C1858656"
"1278","2","5","7","53","51","342","454","573","492","C1858656"
"268","2","5","7","53","51","342","259","423","389","C1858656"
"5290","2","3","7","53","14","20","25","40","186","C1858672"
"4204","2","3","12","19","31","1","426","55","78","C1858672"
"59","2","5","8","63","45","23","103","464","187","C1858672"
"7421","2","3","3","19","151","276","91","433","118","C1858672"
"860","2","3","12","19","31","276","91","433","118","C1858672"
"3835","2","3","12","76","153","40","38","54","75","C1858672"
"9723","2","5","7","53","51","342","79","560","373","C1858672"
"1340","2","3","2","48","170","50","141","359","462","C1858673"
"212","2","3","2","67","92","293","55","487","116","C1858673"
"1301","2","5","7","53","51","342","454","573","492","C1858677"
"4128","2","3","5","80","81","119","402","489","416","C1858677"
"1282","2","5","7","53","51","342","454","573","492","C1858679"
"6442","2","5","8","63","45","23","103","464","187","C1858679"
"6440","2","5","5","68","96","185","238","310","272","C1858679"
"4313","2","5","7","53","51","342","454","573","492","C1858679"
"4723","2","3","2","48","170","50","119","444","556","C1858729"
"22999","2","5","7","60","36","71","341","223","219","C1858729"
"116443","2","5","8","63","36","166","106","223","219","C1858729"
"23169","2","3","2","78","205","112","430","429","544","C1858729"
"23479","2","3","2","48","170","50","119","100","556","C1858729"
"3145","2","3","5","80","81","166","132","175","473","C1858729"
"5053","2","3","5","80","81","166","236","308","390","C1858729"
"6390","2","3","2","48","170","50","119","444","556","C1858729"
"5450","2","3","12","19","221","261","116","159","211","C1858729"
"22995","2","3","12","76","153","40","38","54","75","C1858729"
"7422","2","5","7","53","51","342","454","573","702","C1858729"
"9657","2","3","12","76","153","40","38","54","75","C1858729"
"6786","2","5","8","63","45","23","103","464","187","C1858729"
"354","2","5","7","53","51","342","454","573","492","C1858729"
"613","2","5","7","60","54","24","30","46","72","C1858729"
"5449","2","3","3","19","221","321","428","541","667","C1858729"
"2733","2","3","2","22","33","323","66","101","664","C1858729"
"2629","2","3","5","80","81","250","291","152","420","C1858729"
"2261","2","5","7","53","14","20","25","40","186","C1858729"
"429","2","3","3","19","221","321","428","541","667","C1858729"
"9640","2","3","12","19","31","261","116","159","211","C1858729"
"2316","2","5","7","53","51","342","454","573","702","C1858729"
"6499","2","3","2","110","85","237","433","547","671","C1858732"
"9896","2","3","5","80","81","296","399","201","274","C1858732"
"8622","2","3","4","68","96","326","427","548","672","C1858732"
"7259","2","3","12","19","31","1","426","55","78","C1858732"
"1080","2","3","12","41","219","339","156","544","669","C1858854"
"6314","2","3","12","19","31","1","426","568","78","C1858854"
"4524","2","3","2","15","166","104","369","117","583","C1858969"
"9150","2","3","12","19","31","261","116","159","211","C1858969"
"6399","2","5","7","60","54","24","30","46","72","C1858969"
"5828","2","3","5","43","161","305","409","208","482","C1858969"
"25913","2","3","12","19","31","261","116","1","78","C1858970"
"6888","2","3","2","90","167","266","367","500","577","C1858970"
"5468","2","3","3","19","151","276","91","433","118","C1858970"
"1299","2","5","7","53","51","342","454","573","492","C1858970"
"23229","2","5","7","60","54","24","30","46","72","C1858970"
"9131","2","3","12","41","219","339","347","271","356","C1858970"
"207","2","3","7","53","14","20","34","489","416","C1858971"
"4952","2","3","5","60","54","184","30","544","669","C1858971"
"6309","2","3","5","19","151","76","48","69","204","C1858971"
"50964","2","5","3","68","221","197","259","423","422","C1858973"
"6648","2","3","2","95","151","160","378","173","229","C1858973"
"5308","2","3","3","19","221","321","428","541","667","C1858973"
"53","2","3","5","80","81","166","62","66","225","C1858974"
"7133","2","5","7","34","52","216","395","549","697","C1858974"
"4983","2","5","7","60","54","24","30","46","72","C1858974"
"26580","2","5","8","27","70","99","162","216","290","C1858977"
"9076","2","5","6","42","36","71","177","64","219","C1858977"
"5091","2","3","2","35","40","130","166","57","435","C1858977"
"5468","2","3","3","19","151","276","91","433","118","C1858977"
"9820","2","3","12","41","116","268","434","468","213","C1858980"
"3814","2","5","4","68","96","326","427","548","672","C1858980"
"7019","2","3","3","19","151","276","91","433","118","C1858980"
"1438","2","5","7","53","14","20","25","40","186","C1858980"
"51360","2","3","3","26","35","276","91","433","203","C1858981"
"2812","2","5","7","53","51","342","454","573","492","C1858981"
"2263","2","5","7","53","14","20","25","40","186","C1858981"
"4335","2","3","12","19","31","1","426","55","78","C1858991"
"3930","2","3","2","22","33","323","66","3","464","C1858991"
"2178","2","3","12","19","31","261","116","1","86","C1858991"
"335","2","5","7","53","51","342","454","573","492","C1858991"
"6868","2","5","7","53","51","342","454","236","492","C1858991"
"6674","2","3","12","48","57","50","38","54","462","C1858991"
"51715","2","5","7","60","54","24","30","46","72","C1858995"
"6929","2","3","12","19","31","1","426","55","78","C1858995"
"51057","2","3","12","76","153","40","38","54","75","C1858995"
"1576","2","3","5","91","214","226","326","413","574","C1858995"
"7994","2","3","12","19","31","1","426","55","78","C1858995"
"5885","2","3","12","76","153","40","38","54","75","C1859014"
"3664","2","5","7","53","184","119","156","287","116","C1859014"
"3643","2","5","7","53","14","20","25","40","186","C1859014"
"2244","2","5","7","53","51","342","454","573","492","C1859014"
"1297","2","5","7","53","51","342","454","573","492","C1859014"
"7084","2","3","2","72","109","115","62","268","353","C1859014"
"5429","2","3","12","19","31","261","116","1","86","C1859014"
"3207","2","3","3","19","221","321","428","541","667","C1859014"
"5792","2","5","7","53","51","335","444","560","373","C1859014"
"9187","2","5","8","45","94","199","240","415","666","C1859047"
"445","2","3","2","84","97","167","210","278","360","C1859047"
"2706","2","3","12","76","153","40","38","54","75","C1859047"
"2260","2","5","7","53","14","20","25","40","186","C1859077"
"3248","2","3","2","69","83","133","167","224","301","C1859077"
"28234","2","5","8","35","41","77","40","57","80","C1859111"
"54949","2","3","2","48","170","50","119","444","556","C1859111"
"9076","2","5","6","42","36","71","177","64","219","C1859111"
"2296","2","3","3","19","221","321","428","541","667","C1859115"
"25886","2","3","12","76","153","76","136","472","435","C1859115"
"1536","2","5","7","34","52","216","395","549","674","C1859115"
"208","2","5","7","53","14","20","34","540","68","C1859116"
"6608","2","3","3","68","221","321","428","560","667","C1859116"
"2697","2","3","7","76","153","40","38","54","75","C1859117"
"2668","2","5","7","53","14","20","25","40","186","C1859117"
"6299","2","3","12","19","221","321","428","541","667","C1859117"
"3119","2","5","7","53","153","119","156","287","116","C1859117"
"9213","2","5","7","68","96","184","219","380","666","C1859117"
"5194","2","3","5","43","161","305","409","208","482","C1859117"
"3048","2","3","12","19","31","118","155","287","116","C1859117"
"64327","2","5","4","68","96","326","427","548","672","C1859117"
"3759","2","5","8","63","36","166","106","110","158","C1859117"
"4322","2","5","7","53","51","342","454","573","492","C1859117"
"22930","2","5","7","60","54","24","30","46","72","C1859117"
"11128","2","3","2","22","33","261","116","159","211","C1859117"
"54541","2","3","2","48","57","110","141","359","462","C1859117"
"9409","2","3","5","43","161","305","409","208","482","C1859117"
"6886","2","3","12","19","31","1","426","55","78","C1859117"
"2261","2","5","7","53","14","20","25","40","186","C1859117"
"3418","2","3","2","67","151","276","33","48","155","C1859117"
"1312","2","3","2","87","79","105","426","129","25","C1859117"
"4810","2","3","2","76","57","110","444","560","373","C1859117"
"2593","2","3","2","19","31","1","426","55","78","C1859117"
"51422","2","3","2","48","57","110","141","359","462","C1859117"
"7508","2","3","12","19","31","261","116","1","664","C1859117"
"10733","2","3","12","76","153","40","38","54","75","C1859117"
"2273","2","5","8","63","45","23","103","464","187","C1859117"
"7431","2","3","12","41","45","23","103","489","416","C1859117"
"2741","2","5","8","27","70","99","162","216","290","C1859117"
"1832","2","5","7","34","52","225","142","220","298","C1859117"
"4613","2","3","12","19","31","1","426","55","78","C1859117"
"778","2","5","8","63","36","166","341","223","158","C1859117"
"27185","2","3","12","76","153","40","38","54","75","C1859126"
"3624","2","5","7","53","51","342","259","423","389","C1859126"
"9049","2","3","3","41","151","276","378","271","356","C1859126"
"116442","2","5","7","60","54","24","30","46","72","C1859126"
"6628","2","3","2","22","33","323","66","101","136","C1859126"
"23746","2","3","12","41","83","101","126","271","356","C1859126"
"55703","2","3","2","22","33","261","116","159","211","C1859126"
"3508","2","3","12","19","31","261","116","1","86","C1859126"
"4763","2","5","7","60","54","24","30","46","214","C1859126"
"6347","2","5","7","53","51","119","427","489","416","C1859126"
"8891","2","3","2","110","85","237","433","547","671","C1859126"
"90411","2","3","7","60","153","40","202","66","203","C1859126"
"5251","2","3","5","80","81","296","474","593","722","C1859126"
"6948","2","5","7","48","51","105","139","186","245","C1859126"
"4166","2","3","2","89","60","99","7","211","217","C1859126"
"2263","2","5","7","53","14","20","25","40","186","C1859126"
"10083","2","5","7","42","36","71","177","223","219","C1859126"
"1028","2","3","12","19","31","1","116","1","86","C1859126"
"9244","2","5","7","53","51","119","25","40","416","C1859126"
"1041","2","1","6","11","142","225","142","220","298","C1859126"
"90","2","5","7","53","51","342","259","423","389","C1859126"
"551","2","5","4","68","96","326","427","548","672","C1859126"
"627","2","5","7","53","51","335","444","423","373","C1859126"
"4790","2","3","7","34","52","216","166","129","697","C1859126"
"7555","2","3","2","110","85","237","433","547","671","C1859126"
"8626","2","3","3","19","221","321","428","541","667","C1859126"
"4054","2","5","7","53","51","342","454","573","492","C1859126"
"3845","2","5","7","60","54","24","30","46","72","C1859126"
"7508","2","3","12","19","31","261","116","1","664","C1859158"
"1991","2","5","7","34","52","216","395","549","674","C1859158"
"1557","2","3","5","91","214","271","372","479","12","C1859162"
"8820","2","3","3","19","221","321","428","541","667","C1859162"
"4306","2","3","3","19","151","276","91","433","118","C1859178"
"3872","2","1","6","11","142","225","142","220","298","C1859178"
"25953","2","3","2","67","92","293","137","75","664","C1859178"
"25942","2","3","12","19","31","1","426","55","78","C1859235"
"1026","2","3","12","19","31","1","116","489","416","C1859235"
"2253","2","5","7","53","14","20","25","40","186","C1859235"
"811","2","3","2","41","116","342","423","536","342","C1859236"
"326","2","3","12","19","31","261","377","370","269","C1859236"
"2006","2","5","7","53","51","342","454","573","492","C1859236"
"6329","2","5","8","63","36","166","341","390","158","C1859236"
"5915","2","3","3","19","151","276","91","433","118","C1859236"
"94","2","5","7","53","51","342","259","423","389","C1859236"
"9652","2","3","2","110","85","237","433","547","671","C1859236"
"1643","2","3","12","41","116","268","434","468","213","C1859236"
"3988","2","3","5","98","174","277","379","476","42","C1859236"
"1280","2","5","7","53","51","342","454","573","492","C1859236"
"3756","2","5","8","63","36","166","106","110","158","C1859236"
"23742","2","5","5","68","96","326","427","447","586","C1859236"
"1287","2","5","2","53","51","342","454","573","492","C1859236"
"3172","2","3","3","19","151","276","91","433","118","C1859236"
"2263","2","5","7","53","14","20","25","40","186","C1859236"
"3547","2","5","7","53","51","119","395","549","674","C1859236"
"1406","2","3","3","19","221","321","428","541","667","C1859236"
"9855","2","5","7","60","54","24","30","46","72","C1859241"
"2737","2","3","12","19","116","321","428","54","667","C1859241"
"1161","2","3","12","41","116","268","434","468","213","C1859241"
"50814","2","3","2","69","221","73","360","86","119","C1859241"
"4170","2","3","12","41","219","339","402","489","416","C1859273"
"9786","2","3","12","76","153","40","38","54","75","C1859273"
"6927","2","3","3","19","221","321","428","541","667","C1859273"
"1290","2","5","7","53","51","342","454","573","492","C1859305"
"5781","2","5","7","53","14","20","25","40","186","C1859305"
"6885","2","3","12","41","219","339","156","568","697","C1859309"
"8643","2","5","3","68","221","197","259","560","422","C1859309"
"6945","2","3","12","19","31","110","141","488","102","C1859312"
"952","2","3","5","73","110","155","384","263","348","C1859312"
"55112","2","3","12","76","153","40","38","54","75","C1859312"
"3588","2","5","7","53","51","119","25","40","186","C1859312"
"6491","2","3","12","76","153","40","38","54","75","C1859317"
"2263","2","5","7","53","14","20","25","40","186","C1859317"
"5743","2","3","5","53","175","119","167","489","416","C1859317"
"5327","2","5","7","53","51","342","454","573","492","C1859335"
"10262","2","3","2","22","33","323","66","101","136","C1859335"
"658","2","5","7","53","51","342","259","423","389","C1859347"
"3832","2","3","12","76","153","40","38","54","75","C1859347"
"7994","2","3","12","19","31","1","426","55","78","C1859347"
"23334","2","3","5","48","179","289","133","179","476","C1859353"
"4541","2","3","2","48","170","50","119","444","24","C1859353"
"6772","2","3","12","53","184","119","156","287","116","C1859391"
"5743","2","3","5","53","175","119","167","489","416","C1859391"
"7353","2","3","12","41","219","339","156","568","605","C1859392"
"1301","2","5","7","53","51","342","454","573","492","C1859392"
"4087","2","3","12","19","219","339","259","423","605","C1859392"
"5605","2","5","7","53","14","20","34","540","68","C1859392"
"5830","2","3","5","43","161","305","409","208","482","C1859392"
"4322","2","5","7","53","51","342","454","573","492","C1859399"
"8642","2","5","7","53","51","335","444","560","373","C1859399"
"1019","2","3","12","19","31","1","116","1","86","C1859399"
"2078","2","3","12","19","31","276","91","148","624","C1859399"
"19","2","3","3","19","151","276","91","433","118","C1859399"
"1917","2","3","12","41","219","339","347","572","658","C1859399"
"547","2","3","7","76","153","40","38","54","75","C1859399"
"1584","2","3","5","79","159","256","276","353","456","C1859399"
"5244","2","3","3","41","151","276","91","433","118","C1859399"
"6240","2","3","5","80","109","182","235","307","506","C1859399"
"6712","2","5","7","60","153","40","341","223","203","C1859399"
"85480","2","3","12","53","14","20","25","40","186","C1859399"
"59","2","5","8","63","45","23","103","464","187","C1859399"
"7415","2","3","7","34","52","216","395","536","445","C1859424"
"4312","2","5","7","53","51","342","454","573","492","C1859424"
"23218","2","5","7","34","52","216","395","549","674","C1859424"
"4200","2","3","2","67","92","293","55","75","311","C1859424"
"4654","2","3","12","19","31","276","91","433","118","C1859424"
"4726","2","3","2","48","170","50","119","444","556","C1859424"
"5241","2","3","3","19","151","276","91","433","118","C1859424"
"3047","2","3","12","19","31","118","155","287","116","C1859424"
"51082","2","3","2","19","31","1","426","55","78","C1859424"
"3035","2","3","2","110","85","237","433","547","154","C1859424"
"23483","2","3","2","28","191","306","143","452","258","C1859424"
"11277","2","3","12","19","31","261","116","1","86","C1859424"
"5885","2","3","12","76","153","40","38","54","75","C1859424"
"5156","2","5","7","53","14","20","25","40","186","C1859424"
"64072","2","5","7","53","51","335","444","560","373","C1859424"
"4287","2","3","12","41","116","268","434","468","215","C1859424"
"5116","2","3","12","76","153","40","38","54","75","C1859424"
"311","2","3","2","48","142","40","202","359","462","C1859424"
"10269","2","3","2","48","182","50","119","444","556","C1859424"
"1806","2","3","2","49","23","186","149","195","61","C1859424"
"2261","2","5","7","53","14","20","25","40","186","C1859424"
"658","2","5","7","53","51","342","259","423","389","C1859424"
"9896","2","3","5","80","81","296","399","201","274","C1859424"
"472","2","3","12","19","31","261","116","1","86","C1859424"
"10686","2","5","6","42","36","71","177","64","219","C1859424"
"538","2","3","8","63","45","23","103","464","187","C1859424"
"5020","2","5","4","68","96","326","427","548","672","C1859424"
"4921","2","5","7","53","14","20","25","573","186","C1859442"
"2146","2","3","12","19","31","1","426","55","78","C1859442"
"3329","2","3","2","48","170","50","304","167","593","C1859443"
"9841","2","3","6","11","142","225","142","220","298","C1859443"
"3764","2","5","8","63","36","166","106","110","158","C1859447"
"2521","2","3","2","22","33","323","66","101","136","C1859447"
"90","2","5","7","53","51","342","259","423","389","C1859447"
"1674","2","5","8","63","45","23","103","464","187","C1859447"
"5573","2","3","12","19","184","118","155","287","116","C1859447"
"4281","2","5","7","53","184","119","156","287","116","C1859447"
"5189","2","3","5","43","161","305","409","208","482","C1859447"
"6640","2","5","7","42","36","71","177","223","219","C1859447"
"10484","2","3","7","60","153","40","38","54","203","C1859447"
"64919","2","3","12","19","31","1","426","55","78","C1859447"
"1717","2","3","2","19","151","276","48","69","204","C1859447"
"2146","2","3","12","19","31","1","426","55","78","C1859455"
"4000","2","3","12","26","105","178","226","297","156","C1859455"
"6513","2","5","7","90","216","337","448","565","562","C1859455"
"7737","2","3","12","22","33","268","434","468","213","C1859461"
"7227","2","3","12","19","31","276","91","433","118","C1859461"
"1490","2","5","7","53","51","342","454","573","492","C1859461"
"3425","2","3","5","80","81","166","454","573","492","C1859461"
"10397","2","3","2","110","81","148","402","51","383","C1859461"
"7846","2","3","12","76","153","40","38","54","75","C1859461"
"3549","2","5","3","53","51","197","259","560","422","C1859461"
"55612","2","5","7","60","36","71","177","560","701","C1859461"
"26229","2","3","2","74","205","191","396","408","257","C1859461"
"26123","2","3","2","76","153","40","38","54","75","C1859461"
"4351","2","3","2","90","167","266","367","500","577","C1859461"
"2248","2","5","7","53","14","20","25","40","186","C1859461"
"1816","2","5","4","68","96","326","427","548","672","C1859461"
"5781","2","5","7","53","14","20","25","40","186","C1859461"
"3730","2","5","7","53","14","20","25","40","186","C1859461"
"779","2","5","8","63","36","166","341","390","158","C1859461"
"7545","2","5","3","34","52","216","142","220","298","C1859461"
"2483","2","3","2","22","33","323","66","101","136","C1859461"
"7290","2","3","12","19","31","1","426","55","78","C1859461"
"4624","2","5","8","63","45","23","103","464","187","C1859461"
"6440","2","5","5","68","96","185","238","310","272","C1859480"
"10020","2","3","2","89","124","204","42","452","258","C1859480"
"5034","2","5","7","53","51","342","454","573","492","C1859480"
"3690","2","5","7","53","51","342","454","573","492","C1859480"
"25939","2","3","12","53","184","119","156","287","116","C1859480"
"6121","2","3","2","69","83","101","126","170","224","C1859480"
"4539","2","3","2","53","184","86","107","560","195","C1859480"
"4998","2","3","12","76","31","261","116","1","86","C1859480"
"10269","2","3","2","48","182","50","119","444","556","C1859480"
"3784","2","5","8","63","36","166","106","110","158","C1859480"
"2556","2","5","8","27","70","99","162","216","290","C1859480"
"8291","2","5","8","63","45","23","103","464","187","C1859480"
"5605","2","5","7","53","14","20","34","540","68","C1859480"
"1535","2","5","7","34","52","216","395","549","674","C1859480"
"2629","2","3","5","80","81","250","291","152","420","C1859480"
"5406","2","3","5","80","81","166","454","76","106","C1859481"
"1387","2","3","12","19","31","276","91","433","118","C1859481"
"1487","2","3","12","19","31","1","426","55","340","C1859481"
"6311","2","3","2","22","33","323","66","362","468","C1859516"
"1152","2","3","2","72","115","66","72","507","152","C1859516"
"5605","2","5","7","53","14","20","34","540","68","C1859520"
"10060","2","3","8","41","45","23","423","464","445","C1859520"
"51684","2","3","12","41","116","268","38","54","75","C1859520"
"6891","2","3","12","41","116","119","156","568","116","C1859520"
"2260","2","5","7","53","14","20","25","40","186","C1859520"
"338","2","5","7","53","51","342","454","573","492","C1859520"
"1593","2","3","5","79","152","273","157","333","277","C1859523"
"2263","2","5","7","53","14","20","25","40","186","C1859523"
"2645","2","3","2","90","167","266","367","101","664","C1859523"
"1834","2","5","7","53","51","342","454","573","492","C1859523"
"6712","2","5","7","60","153","40","341","223","203","C1859523"
"190","2","3","3","19","151","276","91","433","118","C1859523"
"779","2","5","8","63","36","166","341","390","158","C1859541"
"2033","2","3","12","19","31","1","91","433","118","C1859541"
"51057","2","3","12","76","153","40","38","54","75","C1859541"
"2290","2","3","3","19","221","321","428","541","667","C1859541"
"2146","2","3","12","19","31","1","426","55","78","C1859541"
"5621","2","5","8","27","36","342","454","573","628","C1859541"
"175","2","3","7","34","52","216","395","549","674","C1859541"
"1497","2","5","2","63","182","50","103","297","628","C1859541"
"5351","2","5","7","53","51","342","454","573","492","C1859541"
"7291","2","3","12","19","151","276","91","489","416","C1859541"
"8517","2","3","12","41","219","339","156","568","697","C1859541"
"8985","2","5","7","53","51","342","454","573","492","C1859541"
"2778","2","5","4","68","96","326","427","548","672","C1859541"
"3861","2","1","6","11","142","225","142","220","298","C1859541"
"6237","2","5","7","60","54","24","30","46","72","C1859541"
"5080","2","3","3","19","221","321","428","541","667","C1859541"
"54982","2","3","2","48","170","50","399","167","593","C1859598"
"4878","2","3","12","19","31","1","426","55","78","C1859598"
"6424","2","5","7","53","51","342","454","573","492","C1859606"
"6654","2","5","7","60","54","24","30","46","72","C1859606"
"8626","2","3","3","19","221","321","428","541","667","C1859606"
"182","2","5","7","53","51","143","428","236","667","C1859606"
"5146","2","3","5","86","72","258","318","403","518","C1859606"
"1145","2","5","8","27","70","99","162","216","290","C1859606"
"5932","2","3","12","19","31","261","116","1","86","C1859606"
"9049","2","3","3","41","151","276","378","271","356","C1859648"
"55703","2","3","2","22","33","261","116","159","211","C1859648"
"3752","2","5","8","63","36","166","106","110","158","C1859680"
"5830","2","3","5","43","161","305","409","208","482","C1859680"
"23384","2","3","12","63","45","184","103","572","658","C1859680"
"1146","2","5","8","27","70","99","162","216","290","C1859680"
"7048","2","5","7","53","51","342","259","423","389","C1859680"
"27316","2","3","2","22","33","323","66","101","136","C1859680"
"2706","2","3","12","76","153","40","38","54","75","C1859680"
"26154","2","3","5","47","144","185","238","310","392","C1859682"
"5831","2","3","2","101","62","189","182","566","409","C1859682"
"9343","2","3","2","22","33","323","66","101","136","C1859682"
"2892","2","5","8","63","36","166","106","110","158","C1859682"
"6683","2","3","12","76","153","40","38","54","75","C1859682"
"4703","2","5","7","60","45","23","103","464","187","C1859682"
"5449","2","3","3","19","221","321","428","541","667","C1859697"
"51062","2","5","7","27","36","150","402","489","373","C1859697"
"84433","2","3","12","41","219","339","156","568","697","C1859698"
"5745","2","5","4","68","96","326","427","548","672","C1859698"
"4487","2","3","3","19","221","321","428","541","667","C1859698"
"29760","2","5","7","53","14","20","25","40","186","C1859698"
"10908","2","3","2","97","173","275","377","473","592","C1859698"
"7048","2","5","7","53","51","342","259","423","389","C1859717"
"29089","2","3","12","41","116","268","434","468","213","C1859717"
"717","2","5","7","53","51","119","395","549","674","C1859717"
"5663","2","5","7","34","52","216","395","549","667","C1859717"
"2175","2","3","12","19","31","261","116","1","86","C1859717"
"5897","2","3","12","41","116","268","141","568","605","C1859717"
"356","2","5","7","53","219","339","25","489","697","C1859717"
"5373","2","3","2","90","167","123","158","207","278","C1859717"
"5144","2","3","4","68","96","326","427","548","672","C1859717"
"3759","2","5","8","63","36","166","106","110","158","C1859717"
"2798","2","5","4","68","96","326","427","548","672","C1859717"
"25978","2","3","2","48","57","110","141","359","462","C1859722"
"860","2","3","12","19","31","276","91","433","118","C1859722"
"4221","2","3","12","19","31","342","454","573","492","C1859727"
"5979","2","5","7","53","14","20","25","40","186","C1859727"
"5624","2","5","7","53","51","342","454","573","492","C1859735"
"55135","2","3","12","76","137","76","136","472","435","C1859735"
"4256","2","5","7","53","51","342","454","573","492","C1859735"
"5243","2","3","12","41","116","268","423","536","445","C1859736"
"22954","2","3","12","41","116","268","434","468","213","C1859736"
"617","2","3","2","48","170","50","304","167","593","C1859768"
"4921","2","5","7","53","14","20","25","573","186","C1859768"
"7439","2","5","8","63","45","23","34","464","187","C1859775"
"5296","2","5","7","53","14","20","25","40","186","C1859775"
"4803","2","5","7","60","54","24","30","46","72","C1859775"
"5096","2","3","2","48","40","130","166","127","173","C1859775"
"1499","2","3","12","19","221","197","259","560","422","C1859775"
"4540","2","3","2","48","170","50","119","444","556","C1859775"
"3569","2","5","7","53","51","342","454","573","416","C1859775"
"267012","2","3","5","80","81","305","409","208","482","C1859775"
"5727","2","3","12","68","221","197","259","560","422","C1859775"
"7201","2","5","4","68","96","326","427","548","672","C1859775"
"3265","2","5","7","60","54","24","30","46","72","C1859775"
"5333","2","3","5","18","16","40","417","103","58","C1859775"
"3176","2","3","2","19","31","1","426","55","78","C1859775"
"427","2","3","7","34","52","216","395","549","420","C1859828"
"4790","2","3","7","34","52","216","166","129","697","C1859828"
"1583","2","3","5","79","152","273","375","100","589","C1859846"
"50937","2","5","7","53","51","335","444","560","373","C1859846"
"1760","2","5","8","63","14","20","34","540","68","C1859846"
"7473","2","5","3","68","221","197","259","560","422","C1859860"
"1027","2","3","12","19","31","1","116","1","86","C1859860"
"23111","2","3","12","41","219","339","156","568","697","C1859860"
"6910","2","3","12","19","51","335","444","560","373","C1859860"
"3952","2","5","3","53","151","276","91","433","118","C1859896"
"2475","2","3","2","48","57","110","141","359","462","C1859896"
"5096","2","3","2","48","40","130","166","127","173","C1859896"
"7468","2","3","12","19","31","1","426","55","78","C1859896"
"2581","2","3","5","80","81","250","291","152","420","C1859896"
"7401","2","5","7","60","83","101","126","170","224","C1859896"
"54880","2","3","12","19","31","1","426","55","78","C1859896"
"675","2","3","12","19","31","261","116","1","86","C1859896"
"5617","2","5","12","19","31","1","426","55","78","C1859896"
"8243","2","3","12","76","31","40","38","54","75","C1859896"
"55670","2","3","5","43","161","305","409","208","482","C1859896"
"1184","2","5","8","63","45","23","34","464","187","C1859896"
"2108","2","3","2","48","170","50","119","444","556","C1859896"
"5621","2","5","8","27","36","342","454","573","628","C1859896"
"8314","2","3","12","41","31","1","426","55","78","C1859896"
"51750","2","3","12","19","31","261","116","1","86","C1859896"
"4653","2","5","7","34","51","342","454","573","492","C1859896"
"1146","2","5","8","27","70","99","162","216","290","C1859896"
"80324","2","3","2","110","85","152","129","252","154","C1859923"
"540","2","5","8","63","45","23","103","464","187","C1859923"
"4000","2","3","12","26","105","178","226","297","156","C1859923"
"5352","2","5","7","53","51","342","454","573","492","C1859966"
"2239","2","3","2","74","51","342","454","573","492","C1859966"
"10058","2","3","5","44","50","209","68","11","141","C1859966"
"8291","2","5","8","63","45","23","103","464","187","C1859974"
"319101","2","1","6","11","142","225","142","220","298","C1859974"
"6532","2","5","8","45","94","199","240","415","666","C1859974"
"582","2","3","12","76","153","76","38","54","75","C1859974"
"348","2","5","7","53","51","342","454","573","492","C1859974"
"6929","2","3","12","19","31","1","426","55","78","C1859979"
"10060","2","3","8","41","45","23","423","464","445","C1859979"
"28514","2","5","7","53","51","143","428","236","667","C1859980"
"1356","2","3","7","53","51","342","454","573","492","C1859980"
"2243","2","5","7","53","51","342","454","573","492","C1859980"
"6925","2","3","12","19","31","225","142","220","298","C1859980"
"1141","2","5","8","27","70","99","162","216","290","C1859980"
"5429","2","3","12","19","31","261","116","1","86","C1859980"
"2697","2","3","7","76","153","40","38","54","75","C1859980"
"50846","2","3","3","68","221","197","259","560","422","C1859980"
"1615","2","3","2","110","85","237","433","547","154","C1859980"
"7275","2","5","7","53","14","20","25","40","186","C1860050"
"10749","2","3","7","76","153","40","38","54","75","C1860050"
"1174","2","5","7","60","153","184","341","544","669","C1860050"
"5159","2","5","7","53","14","20","25","40","186","C1860050"
"1356","2","3","7","53","51","342","454","573","492","C1860050"
"54790","2","3","12","19","31","1","426","55","78","C1860050"
"26047","2","5","7","27","36","335","341","223","373","C1860050"
"10243","2","3","2","27","91","71","204","267","352","C1860069"
"55145","2","3","2","22","33","225","142","220","140","C1860069"
"54806","2","5","7","76","153","40","38","54","75","C1860069"
"3309","2","3","12","41","219","342","347","271","702","C1860069"
"5922","2","5","7","60","54","24","30","46","72","C1860099"
"4000","2","3","12","26","105","178","226","297","156","C1860099"
"23426","2","5","7","42","36","71","177","223","219","C1860099"
"1401","2","5","7","53","51","119","395","573","492","C1860105"
"491","2","3","8","63","45","23","103","464","187","C1860105"
"55612","2","5","7","60","36","71","177","560","701","C1860105"
"5873","2","5","7","34","54","24","30","46","72","C1860105"
"5993","2","3","12","19","31","1","426","55","78","C1860107"
"5447","2","3","5","91","214","271","372","471","586","C1860107"
"1278","2","5","7","53","51","342","454","573","492","C1860107"
"7248","2","3","2","48","57","110","141","359","462","C1860121"
"779","2","5","8","63","36","166","341","390","158","C1860121"
"673","2","5","7","53","14","20","34","540","68","C1860121"
"4436","2","3","12","19","31","261","116","1","86","C1860121"
"4582","2","5","7","53","206","324","430","429","544","C1860121"
"2773","2","5","4","68","96","326","427","548","672","C1860121"
"3954","2","3","2","48","170","67","119","444","593","C1860121"
"4016","2","5","7","53","51","342","454","573","492","C1860121"
"26154","2","3","5","47","144","185","238","310","392","C1860121"
"2395","2","3","2","48","170","50","304","167","593","C1860121"
"2624","2","3","12","19","31","1","155","287","116","C1860121"
"1959","2","3","3","19","151","276","91","433","118","C1860121"
"6647","2","3","2","95","2","342","378","173","702","C1860121"
"2077","2","3","12","76","153","40","38","54","75","C1860121"
"3845","2","5","7","60","54","24","30","46","72","C1860121"
"3949","2","5","7","60","14","184","341","544","669","C1860121"
"2239","2","3","2","74","51","342","454","573","492","C1860121"
"1302","2","5","7","53","51","342","454","573","492","C1860121"
"6165","2","3","2","110","85","237","433","547","671","C1860121"
"4209","2","3","3","19","151","276","91","433","118","C1860121"
"8462","2","3","6","22","142","225","366","362","468","C1860121"
"23417","2","3","2","43","161","305","409","208","482","C1860121"
"1380","2","5","7","53","51","119","395","549","674","C1860121"
"9790","2","3","2","110","85","237","433","547","671","C1860121"
"2348","2","3","7","60","153","40","38","54","203","C1860121"
"5744","2","5","4","68","96","326","427","548","672","C1860121"
"4683","2","3","12","19","31","261","116","1","86","C1860121"
"5468","2","3","3","19","151","276","91","433","118","C1860121"
"162417","2","3","2","67","97","167","210","171","240","C1860127"
"8050","2","3","2","67","92","293","55","75","311","C1860127"
"5894","2","5","7","60","54","23","34","464","187","C1860127"
"8546","2","5","7","60","18","184","341","544","669","C1860127"
"779","2","5","8","63","36","166","341","390","158","C1860127"
"132789","2","3","5","80","81","266","367","500","577","C1860127"
"2697","2","3","7","76","153","40","38","54","75","C1860127"
"3000","2","5","4","68","96","326","427","548","672","C1860127"
"374291","2","3","2","48","170","50","119","444","556","C1860127"
"7248","2","3","2","48","57","110","141","359","462","C1860127"
"2317","2","5","7","63","45","23","103","287","664","C1860127"
"23545","2","3","5","29","88","132","85","222","346","C1860127"
"23426","2","5","7","42","36","71","177","223","219","C1860127"
"5192","2","3","5","43","161","305","409","208","482","C1860127"
"2263","2","5","7","53","14","20","25","40","186","C1860128"
"4129","2","3","5","63","63","120","197","203","350","C1860128"
"55636","2","3","3","19","221","321","428","423","389","C1860130"
"9244","2","5","7","53","51","119","25","40","416","C1860130"
"429","2","3","3","19","221","321","428","541","667","C1860164"
"5468","2","3","3","19","151","276","91","433","118","C1860164"
"1440","2","5","7","53","51","119","25","489","416","C1860164"
"4720","2","3","2","48","170","50","119","444","556","C1860176"
"4214","2","3","12","41","219","339","34","540","117","C1860176"
"56623","2","3","5","80","81","296","118","543","214","C1860182"
"7148","2","5","7","53","51","342","454","573","492","C1860182"
"6135","2","3","2","110","85","237","433","547","671","C1860182"
"567","2","5","7","34","52","119","395","549","674","C1860202"
"1294","2","5","7","53","51","342","454","573","492","C1860202"
"50964","2","5","3","68","221","197","259","423","422","C1860236"
"6391","2","3","2","48","170","50","119","444","556","C1860236"
"1758","2","5","7","53","51","342","454","573","492","C1860236"
"10558","2","3","2","50","47","39","100","321","209","C1860236"
"196","2","3","3","19","151","276","91","433","118","C1860236"
"11277","2","3","12","19","31","261","116","1","86","C1860236"
"5450","2","3","12","19","221","261","116","159","211","C1860236"
"7051","2","1","6","11","142","225","142","220","298","C1860236"
"7157","2","3","12","19","31","261","402","489","551","C1860236"
"9213","2","5","7","68","96","184","219","380","666","C1860236"
"3845","2","5","7","60","54","24","30","46","72","C1860236"
"10102","2","3","2","48","182","67","76","463","153","C1860236"
"7248","2","3","2","48","57","110","141","359","462","C1860236"
"3172","2","3","3","19","151","276","91","433","118","C1860236"
"6899","2","5","7","53","184","335","259","560","373","C1860236"
"3977","2","5","7","53","51","119","25","40","416","C1860236"
"8626","2","3","3","19","221","321","428","541","667","C1860236"
"5251","2","3","5","80","81","296","474","593","722","C1860236"
"1437","2","5","7","53","14","20","25","40","186","C1860236"
"4141","2","3","2","110","85","237","433","547","154","C1860236"
"2799","2","3","7","34","52","216","395","549","33","C1860236"
"5172","2","5","8","45","94","199","240","415","666","C1860236"
"2263","2","5","7","53","14","20","25","40","186","C1860236"
"7443","2","3","12","19","31","261","34","540","68","C1860236"
"4000","2","3","12","26","105","178","226","297","156","C1860236"
"3592","2","5","7","53","51","119","25","489","416","C1860236"
"2260","2","5","7","53","14","20","25","40","186","C1860236"
"1203","2","3","2","41","170","342","423","536","342","C1860236"
"9049","2","3","3","41","151","276","378","271","356","C1860236"
"55690","2","3","2","48","57","110","141","359","462","C1860236"
"10752","2","5","7","53","51","335","444","560","373","C1860236"
"5582","2","5","7","53","14","20","34","540","68","C1860236"
"2324","2","5","7","53","14","20","25","40","186","C1860236"
"23363","2","3","12","41","116","268","434","468","213","C1860243"
"1462","2","5","7","53","51","342","454","573","492","C1860243"
"7337","2","3","12","41","116","268","434","468","213","C1860243"
"10456","2","3","2","41","170","150","304","167","593","C1860243"
"1294","2","5","7","53","51","342","454","573","492","C1860243"
"118856","2","5","7","53","51","342","454","573","492","C1860244"
"84876","2","5","8","63","45","23","103","464","187","C1860244"
"4893","2","5","7","34","52","24","30","46","72","C1860244"
"6658","2","3","12","19","221","321","428","541","667","C1860244"
"1836","2","3","2","35","41","94","260","330","375","C1860244"
"29110","2","3","12","41","219","339","156","568","697","C1860244"
"6885","2","3","12","41","219","339","156","568","697","C1860245"
"142","2","3","12","19","31","261","116","1","86","C1860245"
"4627","2","5","7","63","45","184","103","572","658","C1860245"
"4709","2","3","2","48","170","50","119","444","556","C1860245"
"1594","2","3","5","92","163","96","363","460","487","C1860245"
"5245","2","3","12","19","31","1","119","444","593","C1860247"
"635","2","3","8","45","94","199","240","415","666","C1860247"
"10491","2","5","7","53","51","342","454","573","492","C1860247"
"2703","2","3","12","76","153","40","38","54","75","C1860247"
"811","2","3","2","41","116","342","423","536","342","C1860247"
"1161","2","3","12","41","116","268","434","468","213","C1860247"
"763","2","3","5","35","41","77","40","526","647","C1860247"
"10082","2","3","2","74","51","342","454","573","492","C1860253"
"9509","2","5","7","53","51","342","454","573","492","C1860253"
"148789","2","3","2","78","123","126","135","215","289","C1860253"
"51119","2","3","2","110","85","237","433","547","671","C1860253"
"4233","2","5","7","53","14","20","25","40","186","C1860253"
"4846","2","3","5","41","219","75","243","44","64","C1860253"
"4626","2","5","8","63","45","23","103","464","187","C1860253"
"83546","2","3","12","41","116","268","434","468","213","C1860335"
"5290","2","3","7","53","14","20","25","40","186","C1860335"
"3299","2","3","12","42","81","296","399","201","274","C1860335"
"1123","2","5","7","60","54","24","30","46","72","C1860335"
"2335","2","5","7","53","51","342","454","573","492","C1860335"
"1814","2","5","4","68","96","326","427","548","672","C1860344"
"50485","2","3","12","19","31","261","116","1","86","C1860344"
"4287","2","3","12","41","116","268","434","468","215","C1860344"
"54361","2","5","3","68","221","197","259","560","422","C1860344"
"5274","2","5","7","68","51","342","454","573","492","C1860394"
"5784","2","5","7","42","81","296","399","201","274","C1860394"
"2332","2","3","2","22","33","71","373","466","609","C1860394"
"7415","2","3","7","34","52","216","395","536","445","C1860394"
"4654","2","3","12","19","31","276","91","433","118","C1860450"
"5396","2","3","3","19","221","321","428","541","667","C1860450"
"7137","2","5","8","63","45","23","103","464","187","C1860450"
"4882","2","3","4","68","96","326","427","548","672","C1860450"
"27249","2","3","2","48","182","50","119","186","245","C1860450"
"2260","2","5","7","53","14","20","25","40","186","C1860450"
"4125","2","3","7","34","52","216","395","549","674","C1860450"
"2623","2","3","12","19","31","1","155","287","116","C1860450"
"257019","2","5","7","60","36","71","378","64","436","C1860475"
"9241","2","5","7","53","51","342","259","423","389","C1860475"
"3207","2","3","3","19","221","321","428","541","667","C1860475"
"1184","2","5","8","63","45","23","34","464","187","C1860475"
"7319","2","3","12","41","116","268","434","468","213","C1860475"
"3123","2","5","7","53","51","119","156","287","116","C1860475"
"6792","2","5","7","53","14","20","34","540","68","C1860475"
"1807","2","3","5","80","23","186","79","560","273","C1860475"
"6338","2","5","8","63","45","23","34","464","187","C1860475"
"55670","2","3","5","43","161","305","409","208","482","C1860475"
"2879","2","3","5","80","81","166","378","173","229","C1860475"
"3284","2","3","2","69","98","169","299","183","243","C1860475"
"2879","2","3","5","80","81","166","378","173","229","C1860475"
"1130","2","5","7","60","54","326","141","359","462","C1860475"
"50846","2","3","3","68","221","197","259","560","422","C1860475"
"5468","2","3","3","19","151","276","91","433","118","C1860488"
"271","2","3","5","33","6","241","233","304","386","C1860488"
"4148","2","5","7","53","51","342","454","573","492","C1860488"
"4538","2","3","2","48","170","50","119","444","556","C1860493"
"1281","2","5","7","53","51","342","454","573","492","C1860493"
"5784","2","5","7","42","81","296","399","201","274","C1860493"
"5447","2","3","5","91","214","271","372","471","586","C1860493"
"203286","2","5","7","50","30","193","306","148","624","C1860493"
"1909","2","5","4","68","96","326","427","548","672","C1860493"
"7466","2","5","7","53","51","342","454","573","492","C1860493"
"2255","2","5","7","53","14","20","25","40","186","C1860493"
"5627","2","5","7","53","51","342","454","573","702","C1860493"
"1959","2","3","3","19","151","276","91","433","118","C1860493"
"1956","2","5","7","53","14","184","45","544","669","C1860493"
"7299","2","3","5","23","18","138","250","332","407","C1860493"
"10262","2","3","2","22","33","323","66","101","136","C1860493"
"50964","2","5","3","68","221","197","259","423","422","C1860493"
"8302","2","5","7","53","51","119","395","549","674","C1860493"
"4715","2","3","2","48","170","50","119","444","556","C1860493"
"1717","2","3","2","19","151","276","48","69","204","C1860493"
"1535","2","5","7","34","52","216","395","549","674","C1860493"
"54551","2","3","12","41","219","197","156","568","422","C1860493"
"540","2","5","8","63","45","23","103","464","187","C1860607"
"4010","2","3","3","19","221","321","428","541","667","C1860607"
"7227","2","3","12","19","31","276","91","433","118","C1860608"
"10020","2","3","2","89","124","204","42","452","258","C1860608"
"4864","2","3","5","48","152","184","341","544","669","C1860608"
"57468","2","5","7","27","36","150","341","223","628","C1860608"
"6899","2","5","7","53","184","335","259","560","373","C1860614"
"8626","2","3","3","19","221","321","428","541","667","C1860614"
"8517","2","3","12","41","219","339","156","568","697","C1860614"
"5053","2","3","5","80","81","166","236","308","390","C1860614"
"3769","2","5","8","63","36","166","106","110","158","C1860614"
"4598","2","3","2","19","151","276","198","259","427","C1860614"
"761","2","3","5","35","41","77","40","486","602","C1860614"
"5970","2","3","12","19","31","276","91","433","118","C1860614"
"10815","2","5","7","60","36","71","341","223","666","C1860614"
"26146","2","3","12","76","153","40","38","54","75","C1860614"
"6299","2","3","12","19","221","321","428","541","667","C1860614"
"2260","2","5","7","53","14","20","25","40","186","C1860614"
"10195","2","3","2","48","69","99","162","216","290","C1860614"
"356","2","5","7","53","219","339","25","489","697","C1860614"
"567","2","5","7","34","52","119","395","549","674","C1860614"
"2719","2","5","7","53","51","342","454","573","492","C1860614"
"7840","2","3","12","76","153","40","38","54","75","C1860614"
"54463","2","3","2","48","57","110","141","359","462","C1860614"
"6261","2","5","8","63","45","23","34","464","187","C1860614"
"7051","2","1","6","11","142","225","142","220","298","C1860614"
"4867","2","5","7","76","153","40","38","54","75","C1860614"
"6657","2","3","12","19","221","321","428","541","667","C1860614"
"7422","2","5","7","53","51","342","454","573","702","C1860614"
"6654","2","5","7","60","54","24","30","46","72","C1860614"
"3973","2","5","4","68","96","326","427","548","672","C1860707"
"1583","2","3","5","79","152","273","375","100","589","C1860707"
"3373","2","3","5","80","51","342","454","573","492","C1860710"
"7136","2","5","8","63","45","23","103","464","187","C1860710"
"7782","2","5","4","68","96","326","141","359","586","C1860711"
"3991","2","3","5","80","81","166","57","83","658","C1860711"
"10716","2","5","7","53","51","335","444","560","373","C1860711"
"51684","2","3","12","41","116","268","38","54","75","C1860789"
"5860","2","3","2","69","91","75","204","267","352","C1860789"
"8481","2","3","12","76","153","40","38","54","75","C1860789"
"6235","2","3","2","110","85","237","433","547","671","C1860789"
"410","2","3","7","34","52","216","395","549","674","C1860789"
"716","2","5","7","53","51","119","395","549","674","C1860789"
"3290","2","3","2","69","83","101","94","133","239","C1860789"
"6392","2","3","2","48","170","50","119","444","556","C1860789"
"3257","2","5","7","60","54","24","30","46","72","C1860796"
"6331","2","5","8","63","36","166","341","223","158","C1860796"
"51741","2","3","2","22","33","323","66","101","127","C1860796"
"2956","2","3","12","19","31","261","116","1","86","C1860796"
"5781","2","5","7","53","14","20","25","40","186","C1860796"
"4359","2","5","7","53","51","342","454","573","492","C1860816"
"6559","2","5","8","45","94","199","240","415","666","C1860816"
"274","2","5","7","60","14","184","341","544","669","C1860816"
"29760","2","5","7","53","14","20","25","40","186","C1860816"
"5617","2","5","12","19","31","1","426","55","78","C1860816"
"3553","2","5","7","53","51","119","25","489","416","C1860816"
"2720","2","3","7","34","52","216","395","21","599","C1860816"
"7681","2","3","12","41","116","268","434","468","213","C1860816"
"10293","2","3","12","41","116","268","434","468","213","C1860816"
"7172","2","3","5","80","81","105","426","129","586","C1860816"
"5663","2","5","7","34","52","216","395","549","667","C1860816"
"1298","2","5","7","53","51","342","454","573","492","C1860816"
"5243","2","3","12","41","116","268","423","536","445","C1860816"
"2697","2","3","7","76","153","40","38","54","75","C1860816"
"2177","2","3","2","110","90","261","431","545","443","C1860816"
"7401","2","5","7","60","83","101","126","170","224","C1860816"
"8878","2","3","12","41","219","339","156","568","697","C1860816"
"2099","2","3","12","19","151","276","91","433","118","C1860816"
"2182","2","3","2","67","92","265","284","147","235","C1860816"
"25886","2","3","12","76","153","76","136","472","435","C1860825"
"5160","2","3","2","67","92","293","55","75","311","C1860825"
"5159","2","5","7","53","14","20","25","40","186","C1860828"
"158","2","3","4","96","177","61","373","341","142","C1860828"
"2312","2","1","6","11","142","225","142","220","298","C1860834"
"27249","2","3","2","48","182","50","119","186","245","C1860834"
"1305","2","5","7","53","51","342","454","573","492","C1860834"
"5506","2","3","12","76","137","76","136","82","658","C1860834"
"1352","2","3","2","48","170","50","119","444","556","C1860834"
"6495","2","3","3","19","221","321","428","541","667","C1860834"
"9451","2","3","2","110","51","335","226","297","380","C1860834"
"51715","2","5","7","60","54","24","30","46","72","C1860834"
"6323","2","5","8","63","36","166","341","390","158","C1860834"
"8518","2","3","12","19","31","1","426","55","78","C1860834"
"3783","2","5","8","63","36","166","106","110","158","C1860834"
"10908","2","3","2","97","173","275","377","473","592","C1860834"
"1280","2","5","7","53","51","342","454","573","492","C1861063"
"7054","2","3","5","80","81","166","34","258","345","C1861063"
"4281","2","5","7","53","184","119","156","287","116","C1861063"
"6495","2","3","3","19","221","321","428","541","667","C1861063"
"23111","2","3","12","41","219","339","156","568","697","C1861063"
"10134","2","3","2","41","219","339","156","536","342","C1861063"
"3082","2","5","7","53","51","342","25","40","186","C1861063"
"2299","2","3","3","19","221","321","428","541","667","C1861063"
"5728","2","3","5","80","81","339","156","568","605","C1861063"
"3643","2","5","7","53","14","20","25","40","186","C1861063"
"3507","2","5","7","53","51","119","395","549","674","C1861063"
"79924","2","5","4","68","96","326","427","548","672","C1861063"
"11093","2","5","7","53","51","342","454","573","492","C1861098"
"6913","2","3","3","19","221","321","428","541","667","C1861098"
"5781","2","5","7","53","14","20","25","40","186","C1861141"
"7084","2","3","2","72","109","115","62","268","353","C1861141"
"4508","2","3","2","48","170","50","119","444","556","C1861172"
"10743","2","3","3","19","151","276","91","433","118","C1861172"
"1610","2","3","5","80","81","305","409","208","482","C1861172"
"10002","2","3","3","19","151","276","91","433","118","C1861172"
"2316","2","5","7","53","51","342","454","573","702","C1861172"
"673","2","5","7","53","14","20","34","540","68","C1861172"
"240","2","3","7","34","52","216","395","489","416","C1861172"
"114327","2","3","12","11","142","225","142","220","298","C1861172"
"2184","2","3","5","76","153","138","236","332","407","C1861195"
"2617","2","3","2","110","85","237","433","252","154","C1861195"
"275","2","3","5","106","104","214","70","377","488","C1861195"
"367","2","3","12","19","31","276","91","433","118","C1861195"
"55209","2","3","12","11","142","225","142","220","298","C1861218"
"1565","2","3","5","91","214","226","326","413","530","C1861218"
"10060","2","3","8","41","45","23","423","464","445","C1861218"
"4609","2","3","12","19","31","1","160","107","416","C1861218"
"3043","2","5","7","34","52","216","395","549","116","C1861218"
"2717","2","3","7","34","52","216","395","549","674","C1861218"
"6774","2","3","12","53","14","276","25","489","416","C1861218"
"54345","2","5","3","19","221","321","428","541","667","C1861218"
"4851","2","3","12","19","221","143","428","236","667","C1861218"
"6303","2","3","2","67","118","160","261","188","423","C1861218"
"3766","2","5","8","63","36","166","106","110","158","C1861218"
"4541","2","3","2","48","170","50","119","444","24","C1861218"
"5443","2","5","4","68","96","326","427","548","672","C1861226"
"2521","2","3","2","22","33","323","66","101","136","C1861226"
"4952","2","3","5","60","54","184","30","544","669","C1861248"
"1947","2","5","7","53","51","20","25","560","373","C1861248"
"9533","2","3","2","19","31","1","426","55","78","C1861326"
"22845","2","3","2","48","68","125","161","214","288","C1861326"
"27089","2","3","2","48","170","50","119","444","542","C1861326"
"10060","2","3","8","41","45","23","423","464","445","C1861326"
"5529","2","3","12","76","153","40","38","54","75","C1861328"
"6635","2","3","2","22","33","323","66","101","136","C1861328"
"5644","2","5","7","68","51","119","395","549","674","C1861329"
"4507","2","3","5","80","81","296","399","572","702","C1861329"
"2778","2","5","4","68","96","326","427","548","672","C1861329"
"3636","2","3","5","80","14","20","25","40","186","C1861329"
"29925","2","3","2","68","66","123","158","207","278","C1861329"
"5130","2","3","2","85","143","286","51","488","102","C1861329"
"5624","2","5","7","53","51","342","454","573","492","C1861329"
"3856","2","1","6","11","142","225","142","220","298","C1861329"
"4094","2","3","12","19","31","276","91","433","118","C1861329"
"11152","2","3","2","48","57","110","141","359","462","C1861329"
"7471","2","5","3","68","221","197","259","560","422","C1861329"
"51684","2","3","12","41","116","268","38","54","75","C1861329"
"23592","2","3","12","26","105","342","259","423","389","C1861331"
"5563","2","3","2","48","57","110","141","359","462","C1861331"
"5192","2","3","5","43","161","305","409","208","482","C1861336"
"5551","2","5","7","53","51","119","395","549","674","C1861336"
"1130","2","5","7","60","54","326","141","359","462","C1861336"
"2263","2","5","7","53","14","20","25","40","186","C1861349"
"4703","2","5","7","60","45","23","103","464","187","C1861349"
"5631","2","3","2","72","119","109","266","336","452","C1861349"
"27019","2","3","12","76","153","40","38","54","75","C1861349"
"1406","2","3","3","19","221","321","428","541","667","C1861355"
"401","2","3","3","19","221","321","428","541","667","C1861355"
"22995","2","3","12","76","153","40","38","54","75","C1861360"
"4952","2","3","5","60","54","184","30","544","669","C1861360"
"4312","2","5","7","53","51","342","454","573","492","C1861373"
"3304","2","5","7","34","52","216","395","271","356","C1861373"
"2778","2","5","4","68","96","326","427","548","672","C1861376"
"50964","2","5","3","68","221","197","259","423","422","C1861376"
"4547","2","5","7","53","51","342","454","573","492","C1861385"
"29851","2","5","7","53","14","20","25","40","186","C1861385"
"2395","2","3","2","48","170","50","304","167","593","C1861388"
"6736","2","3","12","19","31","276","91","433","667","C1861388"
"2263","2","5","7","53","14","20","25","40","186","C1861388"
"3848","2","5","7","34","52","225","142","220","298","C1861388"
"3039","2","3","5","35","41","118","155","287","116","C1861388"
"5774","2","5","7","60","81","296","399","201","274","C1861443"
"3586","2","5","7","53","51","119","25","489","416","C1861443"
"8871","2","3","5","80","14","184","341","544","669","C1861519"
"538","2","3","8","63","45","23","103","464","187","C1861519"
"213","2","5","7","53","51","342","454","573","492","C1861519"
"7385","2","3","2","48","170","50","119","514","85","C1861528"
"6786","2","5","8","63","45","23","103","464","187","C1861528"
"367","2","3","12","19","31","276","91","433","118","C1861528"
"4000","2","3","12","26","105","178","226","297","156","C1861537"
"6869","2","5","4","68","96","326","427","548","672","C1861537"
"845","2","5","8","63","45","23","34","464","187","C1861544"
"9064","2","5","7","53","14","20","34","540","68","C1861544"
"6712","2","5","7","60","153","40","341","223","203","C1861556"
"4000","2","3","12","26","105","178","226","297","156","C1861556"
"583","2","3","12","76","153","40","38","54","75","C1861675"
"668","2","3","12","19","221","321","428","541","664","C1861675"
"1760","2","5","8","63","14","20","34","540","68","C1861736"
"55651","2","3","2","110","85","237","433","547","671","C1861736"
"8050","2","3","2","67","92","293","55","75","311","C1861821"
"23522","2","3","12","19","31","1","426","55","78","C1861821"
"974","2","5","7","53","51","119","395","549","674","C1861829"
"7169","2","5","8","63","45","23","103","464","187","C1861829"
"4322","2","5","7","53","51","342","454","573","492","C1861829"
"4792","2","3","12","41","219","339","156","568","605","C1861829"
"23495","2","3","12","41","219","339","156","568","697","C1861829"
"23522","2","3","12","19","31","1","426","55","78","C1861829"
"488","2","5","8","63","45","23","103","464","187","C1861829"
"6899","2","5","7","53","184","335","259","560","373","C1861829"
"3850","2","1","6","11","142","225","142","220","298","C1861866"
"2632","2","3","2","28","22","48","232","82","114","C1861866"
"5896","2","3","12","41","116","268","434","568","605","C1861866"
"3290","2","3","2","69","83","101","94","133","239","C1861866"
"27286","2","5","7","53","51","342","444","560","492","C1861866"
"4288","2","3","12","76","153","40","38","54","75","C1861866"
"9215","2","5","2","27","36","150","430","215","628","C1861866"
"4843","2","3","5","43","161","305","409","489","416","C1861866"
"2200","2","5","7","53","51","342","454","573","492","C1861866"
"6774","2","3","12","53","14","276","25","489","416","C1861866"
"54757","2","5","7","53","51","342","454","573","492","C1861866"
"1130","2","5","7","60","54","326","141","359","462","C1861866"
"50964","2","5","3","68","221","197","259","423","422","C1861866"
"8898","2","3","5","80","81","296","399","362","468","C1861866"
"6334","2","5","8","63","36","166","341","223","158","C1861866"
"1813","2","5","4","68","96","326","427","548","672","C1861866"
"3077","2","5","7","53","51","119","395","549","674","C1861866"
"3643","2","5","7","53","14","20","25","40","186","C1861866"
"4868","2","5","7","53","51","335","25","560","373","C1861866"
"7840","2","3","12","76","153","40","38","54","75","C1861866"
"2006","2","5","7","53","51","342","454","573","492","C1861866"
"6885","2","3","12","41","219","339","156","568","697","C1861866"
"4043","2","5","7","60","51","342","454","544","669","C1861866"
"7249","2","3","7","60","57","110","141","359","462","C1861901"
"3852","2","1","6","11","142","225","142","220","298","C1861901"
"3630","2","5","7","53","14","20","25","40","186","C1861901"
"7345","2","3","12","41","116","268","341","223","628","C1861901"
"10082","2","3","2","74","51","342","454","573","492","C1861901"
"3984","2","5","7","53","14","20","34","540","68","C1861901"
"695","2","5","7","53","14","20","25","40","186","C1861901"
"55505","2","3","2","110","85","237","433","547","671","C1861901"
"2720","2","3","7","34","52","216","395","21","599","C1861901"
"3507","2","5","7","53","51","119","395","549","674","C1861975"
"4536","2","3","2","48","170","50","119","444","556","C1861975"
"1641","2","5","7","60","221","321","428","560","373","C1861975"
"2767","2","5","4","68","96","326","427","548","672","C1861975"
"627","2","5","7","53","51","335","444","423","373","C1861975"
"26012","2","3","12","19","31","261","116","159","211","C1861975"
"2944","2","3","5","91","175","271","372","471","586","C1861975"
"5428","2","3","2","48","170","50","119","167","593","C1861975"
"5645","2","5","7","34","52","216","395","549","674","C1861975"
"2243","2","5","7","53","51","342","454","573","492","C1861975"
"23765","2","3","12","41","219","238","252","489","416","C1861975"
"9627","2","3","12","19","31","1","426","55","78","C1861975"
"3060","2","5","4","68","96","326","427","548","672","C1861975"
"54345","2","5","3","19","221","321","428","541","667","C1861975"
"5422","2","3","12","19","31","261","116","1","86","C1861975"
"22900","2","3","12","41","219","339","156","568","697","C1861975"
"9793","2","3","12","76","153","40","38","54","75","C1861975"
"1404","2","5","7","53","51","342","454","573","492","C1862050"
"3759","2","5","8","63","36","166","106","110","158","C1862050"
"7048","2","5","7","53","51","342","259","423","389","C1862050"
"55131","2","3","2","110","85","237","433","547","671","C1862050"
"56922","2","3","2","35","40","152","114","155","202","C1862050"
"8328","2","3","12","19","31","1","426","55","78","C1862052"
"8139","2","3","12","41","116","268","434","468","213","C1862052"
"3176","2","3","2","19","31","1","426","55","78","C1862096"
"3077","2","5","7","53","51","119","395","549","674","C1862096"
"2592","2","3","2","68","117","196","257","326","419","C1862102"
"6578","2","3","5","35","41","77","40","57","80","C1862102"
"1291","2","5","7","53","51","342","454","573","492","C1862102"
"10892","2","5","7","53","219","119","156","568","697","C1862102"
"1528","2","3","5","91","214","271","372","471","586","C1862103"
"5443","2","5","4","68","96","326","427","548","672","C1862103"
"594","2","3","2","67","92","293","55","75","311","C1862112"
"7518","2","3","12","19","31","261","116","1","86","C1862112"
"6223","2","3","2","110","85","237","433","547","671","C1862132"
"3845","2","5","7","60","54","24","30","46","72","C1862132"
"4352","2","5","7","53","14","20","25","40","186","C1862132"
"8878","2","3","12","41","219","339","156","568","697","C1862132"
"50846","2","3","3","68","221","197","259","560","422","C1862132"
"4783","2","3","3","19","151","276","91","433","118","C1862132"
"8838","2","5","7","53","51","342","259","423","389","C1862132"
"8625","2","3","12","19","31","276","91","236","118","C1862132"
"27185","2","3","12","76","153","40","38","54","75","C1862132"
"10262","2","3","2","22","33","323","66","101","136","C1862132"
"23636","2","3","12","22","33","323","66","101","664","C1862132"
"6597","2","3","12","19","31","1","426","55","78","C1862132"
"2260","2","5","7","53","14","20","25","40","186","C1862132"
"5578","2","5","7","53","14","20","34","540","621","C1862132"
"1956","2","5","7","53","14","184","45","544","669","C1862132"
"4668","2","3","5","21","111","188","242","313","396","C1862132"
"207","2","3","7","53","14","20","34","489","416","C1862132"
"4000","2","3","12","26","105","178","226","297","156","C1862132"
"2056","2","5","7","53","51","119","25","40","186","C1862132"
"190","2","3","3","19","151","276","91","433","118","C1862132"
"2176","2","3","12","19","31","261","116","1","86","C1862132"
"51601","2","3","2","67","92","293","55","75","311","C1862132"
"2353","2","3","12","19","31","1","91","489","416","C1862132"
"3043","2","5","7","34","52","216","395","549","116","C1862132"
"5605","2","5","7","53","14","20","34","540","68","C1862142"
"6607","2","3","2","22","33","323","66","101","664","C1862142"
"1917","2","3","12","41","219","339","347","572","658","C1862142"
"59344","2","5","5","68","184","223","155","447","586","C1862142"
"9031","2","3","12","19","31","1","426","55","78","C1862142"
"23592","2","3","12","26","105","342","259","423","389","C1862142"
"10528","2","3","2","110","85","237","433","547","671","C1862144"
"324","2","3","12","41","219","197","70","255","422","C1862144"
"84818","2","5","5","41","219","238","252","489","416","C1862144"
"2255","2","5","7","53","14","20","25","40","186","C1862144"
"54949","2","3","2","48","170","50","119","444","556","C1862147"
"2900","2","5","8","63","36","166","106","110","158","C1862147"
"4004","2","3","12","19","31","1","426","55","78","C1862147"
"4287","2","3","12","41","116","268","434","468","215","C1862151"
"9420","2","3","5","79","159","256","215","282","366","C1862151"
"9254","2","5","8","63","36","166","341","223","158","C1862151"
"4591","2","3","12","41","116","268","434","468","213","C1862152"
"50943","2","3","12","19","31","1","426","129","131","C1862152"
"6103","2","3","12","76","153","40","38","54","75","C1862152"
"5830","2","3","5","43","161","305","409","208","482","C1862152"
"1581","2","3","5","19","151","276","91","433","118","C1862152"
"4803","2","5","7","60","54","24","30","46","72","C1862178"
"8675","2","5","7","60","54","24","98","66","203","C1862178"
"5979","2","5","7","53","14","20","25","40","186","C1862265"
"2890","2","5","8","63","36","166","106","110","158","C1862265"
"2720","2","3","7","34","52","216","395","21","599","C1862265"
"3766","2","5","8","63","36","166","106","110","158","C1862265"
"5053","2","3","5","80","81","166","236","308","390","C1862265"
"440854","2","5","7","53","51","342","454","573","492","C1862265"
"4256","2","5","7","53","51","342","454","573","492","C1862265"
"6550","2","3","2","45","94","199","240","415","163","C1862265"
"2260","2","5","7","53","14","20","25","40","186","C1862265"
"5832","2","3","2","101","62","189","182","509","252","C1862265"
"23230","2","5","7","11","142","71","341","560","219","C1862265"
"6135","2","3","2","110","85","237","433","547","671","C1862265"
"7043","2","5","7","53","51","342","454","573","492","C1862265"
"5604","2","5","7","53","14","20","34","540","68","C1862265"
"10312","2","3","7","34","52","216","395","549","674","C1862265"
"5728","2","3","5","80","81","339","156","568","605","C1862304"
"5096","2","3","2","48","40","130","166","127","173","C1862304"
"6334","2","5","8","63","36","166","341","223","158","C1862304"
"6662","2","3","3","19","221","321","428","541","667","C1862313"
"25861","2","5","7","42","36","71","177","223","219","C1862313"
"2677","2","5","7","53","51","342","454","573","492","C1862313"
"3691","2","5","7","53","51","342","454","573","492","C1862313"
"5116","2","3","12","76","153","40","38","54","75","C1862313"
"6390","2","3","2","48","170","50","119","444","556","C1862314"
"333929","2","3","6","11","142","225","142","220","298","C1862314"
"335","2","5","7","53","51","342","454","573","492","C1862314"
"1371","2","3","5","17","24","261","116","164","6","C1862314"
"229","2","3","2","90","167","266","367","500","577","C1862314"
"4221","2","3","12","19","31","342","454","573","492","C1862314"
"80781","2","5","7","53","51","342","454","573","492","C1862314"
"1134","2","5","8","27","70","99","162","216","290","C1862314"
"3032","2","3","2","48","57","38","347","12","145","C1862314"
"778","2","5","8","63","36","166","341","223","158","C1862314"
"6519","2","3","5","45","94","199","240","415","666","C1862314"
"1277","2","5","7","53","51","342","454","573","492","C1862314"
"3371","2","5","7","53","51","342","454","573","492","C1862314"
"10479","2","5","7","27","36","150","341","223","628","C1862314"
"1028","2","3","12","19","31","1","116","1","86","C1862314"
"3691","2","5","7","53","51","342","454","573","492","C1862314"
"5657","2","5","7","34","52","216","395","549","674","C1862314"
"4803","2","5","7","60","54","24","30","46","72","C1862314"
"5745","2","5","4","68","96","326","427","548","672","C1862314"
"3691","2","5","7","53","51","342","454","573","492","C1862314"
"2261","2","5","7","53","14","20","25","40","186","C1862314"
"2778","2","5","4","68","96","326","427","548","672","C1862314"
"3561","2","5","7","53","14","20","25","40","186","C1862314"
"3664","2","5","7","53","184","119","156","287","116","C1862376"
"4982","2","5","12","41","219","339","156","568","697","C1862376"
"2138","2","3","12","19","31","1","426","55","78","C1862474"
"10806","2","3","12","76","153","40","38","54","75","C1862474"
"10329","2","3","2","63","123","194","423","536","544","C1862474"
"3691","2","5","7","53","51","342","454","573","492","C1862474"
"4000","2","3","12","26","105","178","226","297","156","C1862474"
"2187","2","3","12","19","31","261","116","1","86","C1862474"
"5265","2","5","7","34","52","216","395","573","702","C1862479"
"23545","2","3","5","29","88","132","85","222","346","C1862479"
"9241","2","5","7","53","51","342","259","423","389","C1862479"
"6916","2","3","5","91","175","119","167","224","301","C1862479"
"6785","2","3","5","67","7","5","239","311","393","C1862479"
"801","2","5","8","63","45","23","103","464","187","C1862481"
"2313","2","3","12","19","31","276","91","433","118","C1862481"
"5816","2","5","5","63","36","166","332","175","158","C1862689"
"3845","2","5","7","60","54","24","30","46","72","C1862689"
"2294","2","3","3","19","221","321","428","541","667","C1862697"
"51057","2","3","12","76","153","40","38","54","75","C1862697"
"6648","2","3","2","95","151","160","378","173","229","C1862697"
"51715","2","5","7","60","54","24","30","46","72","C1862697"
"5573","2","3","12","19","184","118","155","287","116","C1862761"
"25974","2","3","7","48","51","105","139","186","245","C1862761"
"4720","2","3","2","48","170","50","119","444","556","C1862761"
"150094","2","3","3","53","14","20","34","540","68","C1862761"
"23384","2","3","12","63","45","184","103","572","658","C1862761"
"4593","2","5","7","53","14","20","454","573","492","C1862761"
"161742","2","5","7","41","116","24","30","568","214","C1862761"
"1828","2","5","7","34","52","216","142","220","298","C1862761"
"2187","2","3","12","19","31","261","116","1","86","C1862761"
"8091","2","3","12","110","109","22","262","129","638","C1862761"
"4361","2","3","12","19","31","261","116","1","86","C1862761"
"2717","2","3","7","34","52","216","395","549","674","C1862761"
"55651","2","3","2","110","85","237","433","547","671","C1862761"
"2916","2","5","4","68","96","326","427","548","672","C1862761"
"6197","2","3","12","19","14","20","34","540","68","C1862761"
"5160","2","3","2","67","92","293","55","75","311","C1862761"
"10806","2","3","12","76","153","40","38","54","75","C1862761"
"55145","2","3","2","22","33","225","142","220","140","C1862761"
"617","2","3","2","48","170","50","304","167","593","C1862761"
"4621","2","5","8","63","45","23","103","464","187","C1862761"
"9896","2","3","5","80","81","296","399","201","274","C1862761"
"55636","2","3","3","19","221","321","428","423","389","C1862761"
"654","2","5","7","53","51","342","259","423","389","C1862761"
"5897","2","3","12","41","116","268","141","568","605","C1862761"
"5573","2","3","12","19","184","118","155","287","116","C1862761"
"1639","2","3","12","76","153","40","38","54","75","C1862761"
"8893","2","3","2","110","85","237","433","547","671","C1862761"
"2033","2","3","12","19","31","1","91","433","118","C1862839"
"3251","2","3","4","68","96","326","427","341","150","C1862839"
"9440","2","4","3","24","119","330","214","454","144","C1862855"
"6718","2","3","2","46","136","227","168","225","490","C1862855"
"51684","2","3","12","41","116","268","38","54","75","C1862855"
"9968","2","4","3","24","119","330","214","454","144","C1862855"
"796","2","5","4","68","96","326","427","548","672","C1862855"
"27235","2","3","2","48","170","50","304","167","593","C1862855"
"55729","2","3","12","19","31","1","426","55","78","C1862855"
"10484","2","3","7","60","153","40","38","54","203","C1862862"
"6648","2","3","2","95","151","160","378","173","229","C1862862"
"7201","2","5","4","68","96","326","427","548","672","C1862862"
"8313","2","3","12","41","219","339","156","568","605","C1862862"
"7124","2","3","12","41","219","339","156","568","697","C1862862"
"2068","2","3","12","19","31","261","116","159","211","C1862863"
"3767","2","5","8","63","36","166","106","110","158","C1862863"
"7547","2","3","3","19","221","321","428","541","667","C1862863"
"2588","2","3","7","34","52","216","395","549","674","C1862863"
"7299","2","3","5","23","18","138","250","332","407","C1862863"
"1280","2","5","7","53","51","342","454","573","492","C1862863"
"1804","2","5","7","27","36","150","341","223","628","C1862863"
"10280","2","3","2","110","85","52","57","86","119","C1862863"
"27086","2","3","12","19","221","321","428","541","667","C1862863"
"8675","2","5","7","60","54","24","98","66","203","C1862863"
"1352","2","3","2","48","170","50","119","444","556","C1862863"
"6647","2","3","2","95","2","342","378","173","702","C1862863"
"2120","2","3","12","19","31","193","306","148","624","C1862863"
"1736","2","3","2","110","85","237","433","547","671","C1862863"
"695","2","5","7","53","14","20","25","40","186","C1862863"
"4720","2","3","2","48","170","50","119","444","556","C1862863"
"4221","2","3","12","19","31","342","454","573","492","C1862863"
"1282","2","5","7","53","51","342","454","573","492","C1862863"
"7052","2","3","7","34","109","342","454","573","383","C1862863"
"4541","2","3","2","48","170","50","119","444","24","C1862863"
"55505","2","3","2","110","85","237","433","547","671","C1862863"
"2335","2","5","7","53","51","342","454","573","492","C1862863"
"4920","2","5","7","53","14","20","259","560","373","C1862863"
"2022","2","5","7","53","51","342","259","423","389","C1862863"
"4893","2","5","7","34","52","24","30","46","72","C1862863"
"10743","2","3","3","19","151","276","91","433","118","C1862863"
"4436","2","3","12","19","31","261","116","1","86","C1862863"
"7737","2","3","12","22","33","268","434","468","213","C1862863"
"10262","2","3","2","22","33","323","66","101","136","C1862863"
"4920","2","5","7","53","14","20","259","560","373","C1862863"
"1409","2","3","12","76","153","40","38","54","75","C1862863"
"4537","2","3","2","48","170","50","119","444","556","C1862863"
"23431","2","5","7","60","18","184","341","544","669","C1862932"
"8514","2","5","7","34","52","216","395","549","674","C1862932"
"3240","2","5","7","34","52","216","395","549","674","C1862932"
"3026","2","5","7","68","51","119","395","549","674","C1862968"
"207","2","3","7","53","14","20","34","489","416","C1862968"
"2780","2","5","4","68","96","326","427","548","672","C1862968"
"5830","2","3","5","43","161","305","409","208","482","C1862968"
"6392","2","3","2","48","170","50","119","444","556","C1862968"
"6567","2","5","8","35","41","77","40","57","80","C1862968"
"6622","2","3","7","27","36","150","341","223","628","C1863008"
"6606","2","3","2","22","33","323","66","101","136","C1863008"
"55504","2","3","12","41","219","339","156","568","697","C1863008"
"2006","2","5","7","53","51","342","454","573","492","C1863051"
"5159","2","5","7","53","14","20","25","40","186","C1863051"
"11231","2","3","2","110","105","178","226","297","380","C1863051"
"675","2","3","12","19","31","261","116","1","86","C1863051"
"2316","2","5","7","53","51","342","454","573","702","C1863051"
"51124","2","5","4","68","96","326","427","548","672","C1863062"
"8985","2","5","7","53","51","342","454","573","492","C1863062"
"3458","2","5","7","53","184","119","156","287","116","C1863184"
"7421","2","3","3","19","151","276","91","433","118","C1863184"
"6103","2","3","12","76","153","40","38","54","75","C1863198"
"50939","2","3","12","76","153","40","38","472","435","C1863198"
"4537","2","3","2","48","170","50","119","444","556","C1863200"
"249","2","3","5","27","51","335","444","560","373","C1863200"
"55315","2","3","5","80","81","296","62","94","150","C1863200"
"54332","2","3","2","60","170","40","98","66","203","C1863351"
"4952","2","3","5","60","54","184","30","544","669","C1863351"
"5428","2","3","2","48","170","50","119","167","593","C1863351"
"478","2","3","8","63","45","23","366","464","187","C1863351"
"4092","2","3","12","41","219","339","259","423","605","C1863351"
"7421","2","3","3","19","151","276","91","433","118","C1863353"
"5310","2","5","7","53","51","335","444","560","373","C1863353"
"11005","2","1","6","11","142","225","142","220","298","C1863353"
"1586","2","3","5","79","98","256","335","425","540","C1863353"
"1586","2","3","5","79","98","256","335","425","540","C1863353"
"207","2","3","7","53","14","20","34","489","416","C1863353"
"7015","2","3","12","19","31","1","426","55","78","C1863353"
"4613","2","3","12","19","31","1","426","55","78","C1863360"
"1027","2","3","12","19","31","1","116","1","86","C1863360"
"51684","2","3","12","41","116","268","38","54","75","C1863360"
"4001","2","3","12","76","31","40","38","54","75","C1863360"
"1278","2","5","7","53","51","342","454","573","492","C1863360"
"2322","2","5","7","53","14","20","25","40","186","C1863360"
"3284","2","3","2","69","98","169","299","183","243","C1863360"
"3309","2","3","12","41","219","342","347","271","702","C1863360"
"7390","2","3","5","80","81","166","132","175","473","C1863363"
"10683","2","5","7","53","51","143","428","560","667","C1863363"
"23742","2","5","5","68","96","326","427","447","586","C1863382"
"26227","2","3","2","41","137","44","208","81","108","C1863382"
"5830","2","3","5","43","161","305","409","208","482","C1863402"
"23600","2","3","5","80","81","305","409","208","482","C1863402"
"7461","2","3","7","60","153","40","38","93","75","C1863402"
"29760","2","5","7","53","14","20","25","40","186","C1863406"
"5605","2","5","7","53","14","20","34","540","68","C1863406"
"7469","2","3","12","19","31","261","116","159","211","C1863411"
"1186","2","5","8","63","45","23","34","464","187","C1863411"
"1544","2","3","5","91","214","271","372","471","586","C1863715"
"23394","2","3","12","19","31","335","444","236","373","C1863715"
"633","2","5","7","53","51","342","454","573","492","C1863715"
"4862","2","3","3","19","151","276","91","433","118","C1863715"
"7401","2","5","7","60","83","101","126","170","224","C1863739"
"1280","2","5","7","53","51","342","454","573","492","C1863739"
"3265","2","5","7","60","54","24","30","46","72","C1863749"
"54903","2","3","12","76","153","40","38","54","75","C1863749"
"9187","2","5","8","45","94","199","240","415","666","C1863749"
"1786","2","3","12","19","31","1","426","55","78","C1863749"
"2261","2","5","7","53","14","20","25","40","186","C1863749"
"6662","2","3","3","19","221","321","428","541","667","C1863749"
"11277","2","3","12","19","31","261","116","1","86","C1863752"
"3728","2","5","7","34","52","225","142","220","298","C1863752"
"3850","2","1","6","11","142","225","142","220","298","C1863752"
"29887","2","3","7","60","18","110","141","198","270","C1863872"
"24","2","3","12","41","116","268","423","536","445","C1863872"
"2074","2","3","12","19","31","1","426","55","78","C1863924"
"9759","2","3","12","19","31","276","91","433","118","C1863924"
"229","2","3","2","90","167","266","367","500","577","C1863924"
"2273","2","5","8","63","45","23","103","464","187","C1863924"
"2263","2","5","7","53","14","20","25","40","186","C1864105"
"54187","2","3","5","80","81","296","272","452","148","C1864105"
"4222","2","3","3","19","221","321","428","541","667","C1864114"
"1387","2","3","12","19","31","276","91","433","118","C1864114"
"5743","2","3","5","53","175","119","167","489","416","C1864114"
"2200","2","5","7","53","51","342","454","573","492","C1864205"
"3586","2","5","7","53","51","119","25","489","416","C1864205"
"4222","2","3","3","19","221","321","428","541","667","C1864205"
"55325","2","5","7","34","181","23","119","544","187","C1864205"
"3988","2","3","5","98","174","277","379","476","42","C1864205"
"2778","2","5","4","68","96","326","427","548","672","C1864205"
"2731","2","3","2","106","104","214","234","67","53","C1864205"
"23767","2","5","7","53","14","20","25","40","186","C1864205"
"26012","2","3","12","19","31","261","116","159","211","C1864205"
"4621","2","5","8","63","45","23","103","464","187","C1864238"
"4921","2","5","7","53","14","20","25","573","186","C1864238"
"5290","2","3","7","53","14","20","25","40","186","C1864365"
"3074","2","3","7","34","52","216","395","549","607","C1864365"
"8985","2","5","7","53","51","342","454","573","492","C1864375"
"3930","2","3","2","22","33","323","66","3","464","C1864375"
"7337","2","3","12","41","116","268","434","468","213","C1864375"
"1855","2","5","12","76","153","197","259","560","422","C1864375"
"283234","2","3","3","42","81","296","177","362","468","C1864375"
"6622","2","3","7","27","36","150","341","223","628","C1864498"
"6899","2","5","7","53","184","335","259","560","373","C1864498"
"5972","2","5","5","34","52","216","397","418","568","C1864498"
"10102","2","3","2","48","182","67","76","463","153","C1864570"
"6334","2","5","8","63","36","166","341","223","158","C1864570"
"6309","2","3","5","19","151","76","48","69","204","C1864580"
"10238","2","3","12","41","116","268","434","468","213","C1864580"
"4312","2","5","7","53","51","342","454","573","492","C1864580"
"2702","2","3","12","76","153","40","38","54","75","C1864580"
"5594","2","5","7","34","14","20","34","540","274","C1864580"
"2006","2","5","7","53","51","342","454","573","492","C1864580"
"5193","2","3","5","43","161","305","409","208","482","C1864580"
"3586","2","5","7","53","51","119","25","489","416","C1864580"
"55650","2","3","2","61","77","142","176","235","557","C1864584"
"1758","2","5","7","53","51","342","454","573","492","C1864584"
"2629","2","3","5","80","81","250","291","152","420","C1864584"
"26580","2","5","8","27","70","99","162","216","290","C1864690"
"10083","2","5","7","42","36","71","177","223","219","C1864690"
"7019","2","3","3","19","151","276","91","433","118","C1864690"
"2273","2","5","8","63","45","23","103","464","187","C1864715"
"2006","2","5","7","53","51","342","454","573","492","C1864715"
"6736","2","3","12","19","31","276","91","433","667","C1864715"
"58","2","5","8","63","45","23","103","464","187","C1864795"
"1277","2","5","7","53","51","342","454","573","492","C1864795"
"64094","2","5","7","68","51","119","395","549","674","C1864795"
"2261","2","5","7","53","14","20","25","40","186","C1864795"
"5728","2","3","5","80","81","339","156","568","605","C1864796"
"9420","2","3","5","79","159","256","215","282","366","C1864796"
"4593","2","5","7","53","14","20","454","573","492","C1864796"
"51004","2","3","5","48","74","135","171","227","63","C1864796"
"55651","2","3","2","110","85","237","433","547","671","C1864796"
"6908","2","3","12","19","31","1","116","159","211","C1864825"
"5158","2","3","4","68","45","272","259","518","621","C1864825"
"1312","2","3","2","87","79","105","426","129","25","C1864826"
"5917","2","3","2","110","85","237","433","547","154","C1864826"
"2778","2","5","4","68","96","326","427","548","672","C1864853"
"3035","2","3","2","110","85","237","433","547","154","C1864853"
"348","2","5","7","53","51","342","454","573","492","C1864853"
"3630","2","5","7","53","14","20","25","40","186","C1864853"
"4137","2","3","7","27","36","150","341","223","628","C1864873"
"348","2","5","7","53","51","342","454","573","492","C1864873"
"596","2","3","12","19","219","339","402","489","416","C1864887"
"25978","2","3","2","48","57","110","141","359","462","C1864887"
"10036","2","3","12","19","31","261","116","1","86","C1864903"
"2255","2","5","7","53","14","20","25","40","186","C1864903"
"2944","2","3","5","91","175","271","372","471","586","C1864903"
"2483","2","3","2","22","33","323","66","101","136","C1864903"
"51738","2","5","4","68","96","326","427","548","672","C1864903"
"8600","2","5","7","41","219","339","156","568","697","C1864903"
"1294","2","5","7","53","51","342","454","573","492","C1864903"
"1286","2","5","7","53","51","342","454","573","492","C1864903"
"23636","2","3","12","22","33","323","66","101","664","C1864903"
"6654","2","5","7","60","54","24","30","46","72","C1864903"
"5277","2","3","2","61","77","142","176","235","317","C1864903"
"3815","2","5","7","53","14","20","25","40","186","C1864903"
"3295","2","3","5","43","161","305","409","208","482","C1864903"
"1493","2","5","7","53","51","119","25","40","186","C1864903"
"94","2","5","7","53","51","342","259","423","389","C1864903"
"5159","2","5","7","53","14","20","25","40","186","C1864903"
"8924","2","3","12","41","116","268","434","468","213","C1864954"
"9723","2","5","7","53","51","342","79","560","373","C1864954"
"161742","2","5","7","41","116","24","30","568","214","C1864954"
"1906","2","5","4","68","96","326","427","548","672","C1864954"
"215","2","3","5","47","144","185","238","310","392","C1864954"
"3845","2","5","7","60","54","24","30","46","72","C1864954"
"3861","2","1","6","11","142","225","142","220","298","C1864954"
"359","2","3","5","80","81","166","397","374","486","C1865020"
"84282","2","3","12","41","219","339","156","568","697","C1865020"
"9215","2","5","2","27","36","150","430","215","628","C1865020"
"4137","2","3","7","27","36","150","341","223","628","C1865020"
"8546","2","5","7","60","18","184","341","544","669","C1865027"
"356","2","5","7","53","219","339","25","489","697","C1865027"
"4137","2","3","7","27","36","150","341","223","628","C1865027"
"410","2","3","7","34","52","216","395","549","674","C1865027"
"1376","2","3","2","19","151","276","91","433","118","C1865027"
"4968","2","3","12","19","31","261","116","1","86","C1865027"
"4982","2","5","12","41","219","339","156","568","697","C1865027"
"6323","2","5","8","63","36","166","341","390","158","C1865027"
"6663","2","3","3","19","221","321","428","541","667","C1865027"
"6648","2","3","2","95","151","160","378","173","229","C1865027"
"4668","2","3","5","21","111","188","242","313","396","C1865027"
"760","2","3","5","35","41","77","40","78","178","C1865027"
"7287","2","5","7","11","142","71","341","560","219","C1865027"
"9627","2","3","12","19","31","1","426","55","78","C1865027"
"176","2","5","7","53","51","342","454","573","492","C1865027"
"3110","2","3","3","19","221","321","428","541","667","C1865027"
"4952","2","3","5","60","54","184","30","544","669","C1865027"
"51752","2","3","2","41","153","119","156","536","116","C1865027"
"4990","2","3","3","19","221","321","428","541","667","C1865027"
"3691","2","5","7","53","51","342","454","573","492","C1865030"
"79663","2","3","12","11","36","150","362","448","304","C1865030"
"5376","2","5","7","53","51","342","454","573","492","C1865030"
"2253","2","5","7","53","14","20","25","40","186","C1865030"
"9420","2","3","5","79","159","256","215","282","366","C1865030"
"150684","2","3","12","41","116","268","434","468","213","C1865030"
"26277","2","3","12","19","31","1","426","1","78","C1865030"
"5727","2","3","12","68","221","197","259","560","422","C1865037"
"4914","2","3","2","22","18","266","202","252","252","C1865037"
"9990","2","5","8","45","94","199","240","415","666","C1865037"
"1717","2","3","2","19","151","276","48","69","204","C1865037"
"8239","2","3","12","41","219","339","156","568","605","C1865037"
"2261","2","5","7","53","14","20","25","40","186","C1865037"
"29110","2","3","12","41","219","339","156","568","697","C1865037"
"4893","2","5","7","34","52","24","30","46","72","C1865037"
"2641","2","5","4","68","96","326","427","548","672","C1865037"
"779","2","5","8","63","36","166","341","390","158","C1865037"
"2483","2","3","2","22","33","323","66","101","136","C1865037"
"6658","2","3","12","19","221","321","428","541","667","C1865037"
"919","2","5","7","53","14","119","25","40","186","C1865037"
"2657","2","5","7","53","51","342","259","423","389","C1865037"
"11231","2","3","2","110","105","178","226","297","380","C1865037"
"1593","2","3","5","79","152","273","157","333","277","C1865037"
"6329","2","5","8","63","36","166","341","390","158","C1865037"
"23133","2","3","12","19","31","1","426","55","78","C1865037"
"29954","2","5","2","27","206","324","430","215","290","C1865037"
"2121","2","3","12","41","116","268","434","568","605","C1865037"
"6005","2","3","2","16","197","45","155","78","695","C1865037"
"27229","2","3","12","76","153","40","38","54","75","C1865037"
"6326","2","5","8","63","36","166","341","390","158","C1865037"
"5009","2","3","2","48","97","50","304","167","593","C1865037"
"275","2","3","5","106","104","214","70","377","488","C1865038"
"6311","2","3","2","22","33","323","66","362","468","C1865038"
"658","2","5","7","53","51","342","259","423","389","C1865038"
"2632","2","3","2","28","22","48","232","82","114","C1865038"
"2099","2","3","12","19","151","276","91","433","118","C1865038"
"633","2","5","7","53","51","342","454","573","492","C1865039"
"8050","2","3","2","67","92","293","55","75","311","C1865039"
"1289","2","5","7","53","51","342","454","573","492","C1865039"
"3988","2","3","5","98","174","277","379","476","42","C1865060"
"54463","2","3","2","48","57","110","141","359","462","C1865060"
"3251","2","3","4","68","96","326","427","341","150","C1865060"
"4854","2","5","7","53","51","143","428","236","667","C1865060"
"6218","2","3","2","110","85","237","433","547","671","C1865060"
"4072","2","5","7","53","51","119","454","573","492","C1865060"
"8398","2","3","5","116","183","40","38","352","455","C1865060"
"6331","2","5","8","63","36","166","341","223","158","C1865060"
"641","2","3","12","19","31","261","116","1","86","C1865060"
"5116","2","3","12","76","153","40","38","54","75","C1865060"
"8626","2","3","3","19","221","321","428","541","667","C1865060"
"8292","2","5","5","27","51","342","454","573","492","C1865060"
"11200","2","3","12","19","31","261","116","1","86","C1865143"
"2122","2","3","12","19","31","1","426","55","78","C1865143"
"7051","2","1","6","11","142","225","142","220","298","C1865186"
"1186","2","5","8","63","45","23","34","464","187","C1865186"
"1280","2","5","7","53","51","342","454","573","492","C1865186"
"1432","2","3","7","34","52","216","34","540","68","C1865186"
"26191","2","5","7","53","14","20","25","40","186","C1865186"
"4983","2","5","7","60","54","24","30","46","72","C1865186"
"8200","2","5","7","53","51","342","259","423","389","C1865186"
"26608","2","3","2","22","170","50","119","463","153","C1865186"
"9380","2","3","2","67","128","208","289","366","472","C1865186"
"51527","2","3","7","60","58","112","148","362","263","C1865186"
"6392","2","3","2","48","170","50","119","444","556","C1865200"
"2294","2","3","3","19","221","321","428","541","667","C1865200"
"2301","2","5","6","11","142","225","142","220","673","C1865200"
"3939","2","3","2","62","37","28","52","105","349","C1865200"
"4286","2","3","12","19","31","261","116","1","664","C1865200"
"27086","2","3","12","19","221","321","428","541","667","C1865200"
"5520","2","3","2","110","85","237","433","547","671","C1865200"
"55112","2","3","12","76","153","40","38","54","75","C1865200"
"1593","2","3","5","79","152","273","157","333","277","C1865200"
"2673","2","3","2","110","94","178","226","297","380","C1865200"
"4204","2","3","12","19","31","1","426","55","78","C1865244"
"3070","2","3","12","76","31","1","426","55","78","C1865244"
"1188","2","5","8","63","45","23","34","464","187","C1865244"
"6496","2","3","3","19","221","321","428","541","667","C1865244"
"4541","2","3","2","48","170","50","119","444","24","C1865244"
"25970","2","5","7","53","14","20","25","40","116","C1865244"
"7290","2","3","12","19","31","1","426","55","78","C1865244"
"26047","2","5","7","27","36","335","341","223","373","C1865244"
"55670","2","3","5","43","161","305","409","208","482","C1865244"
"2313","2","3","12","19","31","276","91","433","118","C1865244"
"3587","2","5","7","53","51","119","395","549","674","C1865244"
"2261","2","5","7","53","14","20","25","40","186","C1865244"
"6813","2","5","7","53","51","342","454","573","702","C1865244"
"6529","2","5","8","45","94","199","240","415","666","C1865270"
"4000","2","3","12","26","105","178","226","297","156","C1865270"
"2776","2","5","4","68","96","326","427","548","672","C1865270"
"7517","2","3","12","19","31","261","116","1","86","C1865279"
"51057","2","3","12","76","153","40","38","54","75","C1865279"
"22856","2","3","2","78","189","303","251","320","403","C1865279"
"8200","2","5","7","53","51","342","259","423","389","C1865279"
"6718","2","3","2","46","136","227","168","225","490","C1865279"
"1291","2","5","7","53","51","342","454","573","492","C1865279"
"5147","2","3","5","60","54","24","30","46","72","C1865279"
"3908","2","5","7","53","51","342","454","573","492","C1865279"
"57822","2","3","12","19","31","1","426","55","78","C1865292"
"217","2","3","5","75","120","200","75","230","309","C1865292"
"185","2","5","4","68","96","326","427","548","672","C1865292"
"10133","2","3","12","76","153","40","38","54","75","C1865292"
"5251","2","3","5","80","81","296","474","593","722","C1865292"
"1301","2","5","7","53","51","342","454","573","492","C1865292"
"5147","2","3","5","60","54","24","30","46","72","C1865295"
"3425","2","3","5","80","81","166","454","573","492","C1865295"
"1401","2","5","7","53","51","119","395","573","492","C1865295"
"51259","2","3","2","76","153","40","38","54","75","C1865302"
"8546","2","5","7","60","18","184","341","544","669","C1865302"
"23090","2","3","12","19","151","276","91","433","118","C1865304"
"6628","2","3","2","22","33","323","66","101","136","C1865304"
"5589","2","5","7","53","51","342","454","573","492","C1865304"
"472","2","3","12","19","31","261","116","1","86","C1865304"
"5251","2","3","5","80","81","296","474","593","722","C1865305"
"10273","2","3","12","41","116","268","434","468","213","C1865305"
"2912","2","5","4","68","96","326","427","548","672","C1865305"
"5308","2","3","3","19","221","321","428","541","667","C1865305"
"5158","2","3","4","68","45","272","259","518","621","C1865313"
"6566","2","3","2","67","37","316","422","535","660","C1865313"
"56623","2","3","5","80","81","296","118","543","214","C1865313"
"4126","2","3","7","34","52","216","395","549","674","C1865332"
"54820","2","3","12","76","153","40","38","54","75","C1865332"
"4791","2","3","12","41","219","339","156","568","697","C1865343"
"6910","2","3","12","19","51","335","444","560","373","C1865343"
"1896","2","5","12","41","219","339","156","568","697","C1865353"
"3848","2","5","7","34","52","225","142","220","298","C1865353"
"4322","2","5","7","53","51","342","454","573","492","C1865353"
"355","2","3","7","41","219","339","156","568","697","C1865353"
"2261","2","5","7","53","14","20","25","40","186","C1865353"
"2617","2","3","2","110","85","237","433","252","154","C1865353"
"3108","2","5","7","53","51","119","395","549","674","C1865377"
"64324","2","3","12","19","31","1","426","55","78","C1865377"
"3358","2","5","4","68","96","326","427","548","672","C1865384"
"4313","2","5","7","53","51","342","454","573","492","C1865384"
"1317","2","3","7","25","44","165","101","274","358","C1865412"
"2263","2","5","7","53","14","20","25","40","186","C1865412"
"5277","2","3","2","61","77","142","176","235","317","C1865412"
"5828","2","3","5","43","161","305","409","208","482","C1865412"
"2653","2","3","2","67","104","214","234","306","388","C1865412"
"5162","2","3","2","67","92","293","55","75","311","C1865412"
"4094","2","3","12","19","31","276","91","433","118","C1865417"
"10059","2","3","2","48","170","50","304","167","304","C1865417"
"26235","2","3","12","41","116","268","434","468","213","C1865571"
"4538","2","3","2","48","170","50","119","444","556","C1865571"
"6469","2","5","3","53","221","197","259","560","422","C1865571"
"2796","2","5","4","68","96","326","427","548","672","C1865572"
"10320","2","5","7","19","119","143","214","236","389","C1865572"
"9569","2","3","12","19","31","276","91","433","118","C1865572"
"5340","2","5","7","53","51","342","454","573","492","C1865572"
"3077","2","5","7","53","51","119","395","549","674","C1865572"
"4645","2","3","4","67","92","293","55","75","311","C1865572"
"9076","2","5","6","42","36","71","177","64","219","C1865572"
"9394","2","3","2","74","58","112","148","193","263","C1865572"
"2260","2","5","7","53","14","20","25","40","186","C1865572"
"1859","2","3","7","53","14","20","34","540","68","C1865572"
"4072","2","5","7","53","51","119","454","573","492","C1865572"
"2706","2","3","12","76","153","40","38","54","75","C1865572"
"2705","2","3","12","76","153","40","38","54","75","C1865572"
"50717","2","3","12","41","116","268","434","468","213","C1865572"
"3889","2","1","6","11","142","225","142","220","298","C1865572"
"4882","2","3","4","68","96","326","427","548","672","C1865572"
"7461","2","3","7","60","153","40","38","93","75","C1865572"
"2956","2","3","12","19","31","261","116","1","86","C1865598"
"3074","2","3","7","34","52","216","395","549","607","C1865598"
"2023","2","3","5","80","81","266","367","500","577","C1865614"
"4157","2","5","4","68","96","326","427","548","672","C1865614"
"6310","2","3","12","22","142","225","366","362","468","C1865702"
"2736","2","3","12","41","116","321","428","54","667","C1865702"
"8626","2","3","3","19","221","321","428","541","667","C1865702"
"9342","2","5","7","34","52","216","395","549","674","C1865841"
"7171","2","5","8","63","45","23","103","464","187","C1865841"
"259232","2","5","8","63","45","23","34","464","187","C1865841"
"9517","2","3","2","50","47","39","100","321","638","C1865841"
"3868","2","1","6","11","142","225","142","220","298","C1865841"
"4653","2","5","7","34","51","342","454","573","492","C1865841"
"189","2","3","5","43","161","305","409","208","482","C1865841"
"9049","2","3","3","41","151","276","378","271","356","C1865841"
"51371","2","3","12","41","116","268","434","568","605","C1865841"
"2261","2","5","7","53","14","20","25","40","186","C1865841"
"3481","2","5","7","53","51","342","454","573","492","C1865841"
"6620","2","5","7","27","36","150","341","223","628","C1865841"
"7157","2","3","12","19","31","261","402","489","551","C1865841"
"1031","2","3","12","19","31","1","426","55","78","C1865847"
"2263","2","5","7","53","14","20","25","40","186","C1865847"
"3239","2","3","3","19","221","321","428","541","667","C1865847"
"6885","2","3","12","41","219","339","156","568","697","C1865847"
"5663","2","5","7","34","52","216","395","549","667","C1865847"
"265","2","5","7","53","51","342","454","573","492","C1865847"
"9607","2","5","4","68","96","326","427","548","672","C1865847"
"2896","2","5","7","34","52","216","395","549","674","C1865847"
"4208","2","3","12","19","151","276","91","433","118","C1865847"
"7248","2","3","2","48","57","110","141","359","462","C1865847"
"10312","2","3","7","34","52","216","395","549","674","C1865866"
"2512","2","3","7","34","52","216","395","544","358","C1865866"
"9343","2","3","2","22","33","323","66","101","136","C1865866"
"51752","2","3","2","41","153","119","156","536","116","C1865866"
"2074","2","3","12","19","31","1","426","55","78","C1865866"
"5896","2","3","12","41","116","268","434","568","605","C1865866"
"3909","2","5","7","53","51","342","454","573","492","C1865866"
"5424","2","3","12","19","31","261","116","1","86","C1865866"
"3205","2","3","3","19","221","321","428","541","667","C1865866"
"5880","2","5","7","60","54","24","30","46","72","C1865866"
"284654","2","3","3","68","221","197","259","499","422","C1865866"
"2733","2","3","2","22","33","323","66","101","664","C1865866"
"779","2","5","8","63","36","166","341","390","158","C1865871"
"19","2","3","3","19","151","276","91","433","118","C1865871"
"7450","2","5","7","53","51","342","454","573","492","C1865871"
"23545","2","3","5","29","88","132","85","222","346","C1865872"
"5296","2","5","7","53","14","20","25","40","186","C1865872"
"3043","2","5","7","34","52","216","395","549","116","C1865872"
"9049","2","3","3","41","151","276","378","271","356","C1865872"
"23400","2","5","8","63","45","23","103","464","187","C1865872"
"6390","2","3","2","48","170","50","119","444","556","C1865877"
"1026","2","3","12","19","31","1","116","489","416","C1865877"
"7415","2","3","7","34","52","216","395","536","445","C1865877"
"6235","2","3","2","110","85","237","433","547","671","C1865877"
"249","2","3","5","27","51","335","444","560","373","C1865903"
"7010","2","5","7","53","14","20","25","40","186","C1865903"
"3845","2","5","7","60","54","24","30","46","72","C1865903"
"2706","2","3","12","76","153","40","38","54","75","C1865916"
"5420","2","5","7","34","52","342","454","64","492","C1865916"
"10743","2","3","3","19","151","276","91","433","118","C1865916"
"1387","2","3","12","19","31","276","91","433","118","C1865916"
"6342","2","3","5","80","161","305","409","208","482","C1865916"
"2072","2","3","12","19","31","261","116","1","86","C1865916"
"1294","2","5","7","53","51","342","454","573","492","C1865916"
"2247","2","5","7","53","14","20","25","40","186","C1865916"
"2697","2","3","7","76","153","40","38","54","75","C1865916"
"3559","2","5","7","53","14","20","25","40","186","C1865918"
"10060","2","3","8","41","45","23","423","464","445","C1865918"
"4436","2","3","12","19","31","261","116","1","86","C1865926"
"4535","2","3","2","48","170","50","119","444","556","C1865926"
"5034","2","5","7","53","51","342","454","573","492","C1865951"
"3930","2","3","2","22","33","323","66","3","464","C1865951"
"6239","2","3","12","19","119","330","214","454","144","C1865992"
"10459","2","3","12","76","31","261","116","1","86","C1865992"
"8216","2","3","12","41","119","330","214","454","144","C1865992"
"8214","2","3","6","11","142","225","142","220","298","C1865992"
"5034","2","5","7","53","51","342","454","573","492","C1865992"
"10280","2","3","2","110","85","52","57","86","119","C1865992"
"27249","2","3","2","48","182","50","119","186","245","C1865992"
"7473","2","5","3","68","221","197","259","560","422","C1865992"
"5264","2","3","5","43","161","305","409","208","482","C1865992"
"1123","2","5","7","60","54","24","30","46","72","C1865992"
"9719","2","5","7","53","51","342","454","573","492","C1865992"
"6772","2","3","12","53","184","119","156","287","116","C1865992"
"5627","2","5","7","53","51","342","454","573","702","C1865992"
"10060","2","3","8","41","45","23","423","464","445","C1865992"
"1836","2","3","2","35","41","94","260","330","375","C1865992"
"51067","2","3","2","110","85","67","76","252","154","C1865992"
"183","2","5","4","68","96","326","427","548","672","C1866010"
"1340","2","3","2","48","170","50","141","359","462","C1866010"
"23426","2","5","7","42","36","71","177","223","219","C1866010"
"207","2","3","7","53","14","20","34","489","416","C1866010"
"1203","2","3","2","41","170","342","423","536","342","C1866010"
"2263","2","5","7","53","14","20","25","40","186","C1866012"
"3123","2","5","7","53","51","119","156","287","116","C1866012"
"4254","2","5","7","53","14","20","25","40","186","C1866013"
"1137","2","5","8","27","70","99","162","216","290","C1866013"
"2068","2","3","12","19","31","261","116","159","211","C1866021"
"3954","2","3","2","48","170","67","119","444","593","C1866021"
"5465","2","3","3","19","151","276","91","433","118","C1866021"
"9723","2","5","7","53","51","342","79","560","373","C1866021"
"5551","2","5","7","53","51","119","395","549","674","C1866021"
"286","2","5","7","60","153","40","38","54","203","C1866021"
"1357","2","3","5","80","81","166","397","418","568","C1866021"
"1134","2","5","8","27","70","99","162","216","290","C1866032"
"57190","2","5","7","11","142","71","341","560","219","C1866032"
"183","2","5","4","68","96","326","427","548","672","C1866032"
"8815","2","3","12","22","33","323","66","444","664","C1866129"
"23529","2","5","7","53","51","119","25","40","416","C1866129"
"1073","2","3","8","63","45","184","103","572","658","C1866129"
"1130","2","5","7","60","54","326","141","359","462","C1866129"
"7305","2","5","7","34","52","216","395","549","674","C1866141"
"9343","2","3","2","22","33","323","66","101","136","C1866141"
"25885","2","3","12","19","31","1","426","55","78","C1866141"
"1836","2","3","2","35","41","94","260","330","375","C1866141"
"1414","2","5","6","11","45","160","362","177","673","C1866141"
"9215","2","5","2","27","36","150","430","215","628","C1866141"
"7490","2","3","3","19","221","321","428","541","667","C1866141"
"6899","2","5","7","53","184","335","259","560","373","C1866141"
"847","2","3","7","34","52","216","395","549","674","C1866141"
"27185","2","3","12","76","153","40","38","54","75","C1866141"
"4942","2","3","2","67","94","199","182","509","666","C1866141"
"4125","2","3","7","34","52","216","395","549","674","C1866141"
"760","2","3","5","35","41","77","40","78","178","C1866141"
"1244","2","3","12","41","116","268","423","536","445","C1866141"
"6331","2","5","8","63","36","166","341","223","158","C1866141"
"3694","2","5","7","53","51","342","454","573","492","C1866141"
"5591","2","3","12","19","31","261","116","1","86","C1866141"
"6687","2","3","2","48","170","50","119","444","593","C1866141"
"6335","2","5","8","63","36","166","341","390","158","C1866141"
"54714","2","5","8","63","36","166","106","110","158","C1866141"
"10060","2","3","8","41","45","23","423","464","445","C1866141"
"779","2","5","8","63","36","166","341","390","158","C1866141"
"1373","2","3","8","84","97","167","210","271","536","C1866141"
"5781","2","5","7","53","14","20","25","40","186","C1866141"
"2120","2","3","12","19","31","193","306","148","624","C1866141"
"8260","2","3","12","41","85","266","76","287","78","C1866141"
"26580","2","5","8","27","70","99","162","216","290","C1866141"
"2629","2","3","5","80","81","250","291","152","420","C1866180"
"3586","2","5","7","53","51","119","25","489","416","C1866180"
"3977","2","5","7","53","51","119","25","40","416","C1866190"
"80169","2","3","12","19","31","261","116","1","86","C1866190"
"950","2","5","7","60","14","184","341","544","669","C1866190"
"2335","2","5","7","53","51","342","454","573","492","C1866190"
"8813","2","3","2","48","116","142","136","280","363","C1866190"
"51371","2","3","12","41","116","268","434","568","605","C1866190"
"6575","2","3","8","45","94","199","240","415","666","C1866190"
"6390","2","3","2","48","170","50","119","444","556","C1866190"
"1352","2","3","2","48","170","50","119","444","556","C1866190"
"5663","2","5","7","34","52","216","395","549","667","C1866190"
"6514","2","5","7","90","216","337","448","565","562","C1866190"
"6443","2","5","8","63","45","23","103","464","187","C1866190"
"5648","2","5","7","53","51","119","395","549","674","C1866190"
"7337","2","3","12","41","116","268","434","468","213","C1866190"
"1272","2","5","7","53","51","335","444","236","373","C1866190"
"9817","2","3","12","41","116","268","434","468","213","C1866190"
"2110","2","3","2","48","170","50","119","444","556","C1866190"
"6885","2","3","12","41","219","339","156","568","697","C1866190"
"5828","2","3","5","43","161","305","409","208","482","C1866190"
"3106","2","5","7","34","52","119","395","549","674","C1866190"
"8928","2","3","12","19","221","321","259","423","389","C1866190"
"11253","2","3","2","41","116","268","423","536","445","C1866190"
"1373","2","3","8","84","97","167","210","271","536","C1866190"
"4536","2","3","2","48","170","50","119","444","556","C1866227"
"4157","2","5","4","68","96","326","427","548","672","C1866227"
"54463","2","3","2","48","57","110","141","359","462","C1866227"
"51626","2","3","12","76","153","40","38","54","75","C1866227"
"7516","2","3","12","19","31","261","116","1","86","C1866227"
"547","2","3","7","76","153","40","38","54","75","C1866227"
"23384","2","3","12","63","45","184","103","572","658","C1866241"
"1636","2","3","5","80","81","166","397","418","568","C1866241"
"317","2","5","7","34","52","216","395","549","674","C1866241"
"2316","2","5","7","53","51","342","454","573","702","C1866241"
"3123","2","5","7","53","51","119","156","287","116","C1866241"
"860","2","3","12","19","31","276","91","433","118","C1866241"
"650","2","5","7","53","51","342","259","423","389","C1866241"
"3861","2","1","6","11","142","225","142","220","298","C1866241"
"7157","2","3","12","19","31","261","402","489","551","C1866241"
"9897","2","3","12","76","18","75","38","1","212","C1866241"
"8600","2","5","7","41","219","339","156","568","697","C1866241"
"23590","2","3","2","48","170","50","119","444","556","C1866241"
"6138","2","3","2","110","85","237","433","547","671","C1866241"
"55605","2","3","12","76","153","40","38","54","75","C1866241"
"6154","2","3","2","110","85","237","433","547","671","C1866241"
"1289","2","5","7","53","51","342","454","573","492","C1866241"
"2969","2","3","12","19","31","276","91","433","118","C1866241"
"3630","2","5","7","53","14","20","25","40","186","C1866241"
"6323","2","5","8","63","36","166","341","390","158","C1866241"
"5889","2","3","12","19","31","261","116","1","86","C1866282"
"1804","2","5","7","27","36","150","341","223","628","C1866282"
"9451","2","3","2","110","51","335","226","297","380","C1866282"
"5744","2","5","4","68","96","326","427","548","672","C1866282"
"3977","2","5","7","53","51","119","25","40","416","C1866282"
"847","2","3","7","34","52","216","395","549","674","C1866282"
"10269","2","3","2","48","182","50","119","444","556","C1866284"
"4593","2","5","7","53","14","20","454","573","492","C1866284"
"3439","2","3","12","19","184","118","155","287","116","C1866284"
"8200","2","5","7","53","51","342","259","423","389","C1866284"
"4337","2","3","2","80","91","75","204","267","352","C1866284"
"5076","2","3","3","19","221","321","428","541","667","C1866294"
"5130","2","3","2","85","143","286","51","488","102","C1866294"
"5173","2","5","4","68","96","326","427","548","672","C1866339"
"9533","2","3","2","19","31","1","426","55","78","C1866339"
"54790","2","3","12","19","31","1","426","55","78","C1866339"
"54463","2","3","2","48","57","110","141","359","462","C1866487"
"10195","2","3","2","48","69","99","162","216","290","C1866487"
"3909","2","5","7","53","51","342","454","573","492","C1866487"
"2040","2","5","7","34","52","216","395","549","674","C1866487"
"3476","2","3","12","76","137","76","136","472","435","C1866487"
"5354","2","5","7","27","36","150","341","223","628","C1866495"
"57492","2","3","12","19","31","1","426","55","78","C1866495"
"25915","2","3","2","48","170","50","119","444","556","C1866495"
"2168","2","3","3","19","151","276","91","433","118","C1866496"
"1584","2","3","5","79","159","256","276","353","456","C1866496"
"2710","2","3","2","72","43","179","88","125","382","C1866498"
"91574","2","3","2","110","85","237","433","547","671","C1866498"
"7469","2","3","12","19","31","261","116","159","211","C1866500"
"3930","2","3","2","22","33","323","66","3","464","C1866500"
"55997","2","5","3","53","221","321","259","423","389","C1866504"
"1287","2","5","2","53","51","342","454","573","492","C1866504"
"1636","2","3","5","80","81","166","397","418","568","C1866504"
"10585","2","5","2","27","206","324","430","215","290","C1866555"
"940","2","5","7","53","14","20","25","40","186","C1866555"
"10686","2","5","6","42","36","71","177","64","219","C1866558"
"716","2","5","7","53","51","119","395","549","674","C1866558"
"22827","2","3","2","22","33","323","66","101","136","C1866558"
"5654","2","5","7","53","51","342","454","573","492","C1866558"
"3054","2","3","12","19","31","1","426","55","78","C1866689"
"162514","2","5","8","63","45","193","306","390","158","C1866689"
"2260","2","5","7","53","14","20","25","40","186","C1866689"
"2074","2","3","12","19","31","1","426","55","78","C1866689"
"1836","2","3","2","35","41","94","260","330","375","C1866710"
"3315","2","3","12","41","181","160","362","402","215","C1866710"
"1593","2","3","5","79","152","273","157","333","277","C1866710"
"7504","2","5","4","68","96","326","427","548","672","C1866730"
"4312","2","5","7","53","51","342","454","573","492","C1866730"
"2773","2","5","4","68","96","326","427","548","672","C1866730"
"3640","2","5","4","68","96","326","427","548","672","C1866730"
"3679","2","5","7","53","51","342","454","573","492","C1866730"
"7166","2","3","5","80","81","166","307","258","345","C1866730"
"8942","2","3","5","52","212","183","307","391","507","C1866730"
"26227","2","3","2","41","137","44","208","81","108","C1866730"
"5144","2","3","4","68","96","326","427","548","672","C1866730"
"2261","2","5","7","53","14","20","25","40","186","C1866730"
"3239","2","3","3","19","221","321","428","541","667","C1866730"
"37","2","3","2","110","105","178","226","297","380","C1866730"
"207","2","3","7","53","14","20","34","489","416","C1866730"
"8200","2","5","7","53","51","342","259","423","389","C1866730"
"3033","2","3","2","67","80","145","179","239","618","C1866730"
"54187","2","3","5","80","81","296","272","452","148","C1866730"
"729","2","5","7","53","51","119","395","549","219","C1866730"
"374569","2","3","5","80","81","189","182","509","409","C1866730"
"324","2","3","12","41","219","197","70","255","422","C1866730"
"6092","2","5","7","53","51","335","444","560","373","C1866730"
"7298","2","3","12","76","153","40","38","54","75","C1866730"
"3172","2","3","3","19","151","276","91","433","118","C1866730"
"10491","2","5","7","53","51","342","454","573","492","C1866730"
"6559","2","5","8","45","94","199","240","415","666","C1866730"
"2719","2","5","7","53","51","342","454","573","492","C1866730"
"3764","2","5","8","63","36","166","106","110","158","C1866751"
"1487","2","3","12","19","31","1","426","55","340","C1866751"
"23522","2","3","12","19","31","1","426","55","78","C1866751"
"3786","2","5","8","63","36","166","106","110","158","C1866751"
"84662","2","3","12","19","31","330","214","454","144","C1866753"
"54551","2","3","12","41","219","197","156","568","422","C1866753"
"9401","2","3","12","76","31","261","116","1","86","C1866753"
"2263","2","5","7","53","14","20","25","40","186","C1866753"
"8200","2","5","7","53","51","342","259","423","389","C1866753"
"7498","2","3","5","80","157","187","159","209","282","C1866753"
"28956","2","5","7","34","52","216","395","359","462","C1866772"
"2263","2","5","7","53","14","20","25","40","186","C1866772"
"3592","2","5","7","53","51","119","25","489","416","C1866772"
"860","2","3","12","19","31","276","91","433","118","C1866772"
"650","2","5","7","53","51","342","259","423","389","C1866863"
"3690","2","5","7","53","51","342","454","573","492","C1866863"
"6347","2","5","7","53","51","119","427","489","416","C1866863"
"10752","2","5","7","53","51","335","444","560","373","C1866863"
"2313","2","3","12","19","31","276","91","433","118","C1866863"
"8893","2","3","2","110","85","237","433","547","671","C1866863"
"7084","2","3","2","72","109","115","62","268","353","C1866863"
"4089","2","3","12","19","219","339","259","423","605","C1866863"
"25824","2","3","2","48","57","110","141","359","229","C1866959"
"29954","2","5","2","27","206","324","430","215","290","C1866959"
"10512","2","5","3","53","51","342","79","560","373","C1866959"
"2200","2","5","7","53","51","342","454","573","492","C1867006"
"4851","2","3","12","19","221","143","428","236","667","C1867006"
"6598","2","3","12","19","31","1","426","55","78","C1867060"
"2776","2","5","4","68","96","326","427","548","672","C1867060"
"5617","2","5","12","19","31","1","426","55","78","C1867060"
"7428","2","3","12","41","116","268","434","468","213","C1867060"
"1187","2","5","8","63","45","23","34","464","187","C1867103"
"4745","2","5","7","53","51","342","454","573","492","C1867103"
"4893","2","5","7","34","52","24","30","46","72","C1867103"
"4692","2","5","7","53","51","119","402","489","416","C1867103"
"2261","2","5","7","53","14","20","25","40","186","C1867103"
"1543","2","3","5","91","151","276","91","433","118","C1867103"
"429","2","3","3","19","221","321","428","541","667","C1867103"
"3643","2","5","7","53","14","20","25","40","186","C1867103"
"9487","2","3","5","80","81","142","176","235","317","C1867103"
"190","2","3","3","19","151","276","91","433","118","C1867103"
"4860","2","3","7","34","52","216","395","549","150","C1867103"
"23639","2","3","12","41","219","261","136","271","356","C1867103"
"6663","2","3","3","19","221","321","428","541","667","C1867103"
"4318","2","5","7","34","52","216","395","573","492","C1867103"
"6913","2","3","3","19","221","321","428","541","667","C1867103"
"411","2","3","7","34","52","216","395","549","674","C1867103"
"7169","2","5","8","63","45","23","103","464","187","C1867103"
"1161","2","3","12","41","116","268","434","468","213","C1867103"
"9445","2","3","12","19","31","1","426","55","78","C1867103"
"2719","2","5","7","53","51","342","454","573","492","C1867114"
"3557","2","3","12","41","219","339","156","568","697","C1867114"
"8139","2","3","12","41","116","268","434","468","213","C1867114"
"9622","2","5","7","68","51","119","395","549","674","C1867131"
"6390","2","3","2","48","170","50","119","444","556","C1867131"
"604","2","3","12","19","151","276","91","489","416","C1867131"
"6792","2","5","7","53","14","20","34","540","68","C1867131"
"2200","2","5","7","53","51","342","454","573","492","C1867131"
"6658","2","3","12","19","221","321","428","541","667","C1867131"
"7132","2","3","12","41","219","339","156","568","697","C1867131"
"3239","2","3","3","19","221","321","428","541","667","C1867131"
"4540","2","3","2","48","170","50","119","444","556","C1867131"
"4843","2","3","5","43","161","305","409","489","416","C1867131"
"3714","2","5","7","53","51","143","454","236","373","C1867131"
"57728","2","3","12","76","153","40","38","54","75","C1867131"
"1594","2","3","5","92","163","96","363","460","487","C1867131"
"217","2","3","5","75","120","200","75","230","309","C1867131"
"29123","2","3","12","19","151","276","91","433","118","C1867131"
"1161","2","3","12","41","116","268","434","468","213","C1867131"
"3766","2","5","8","63","36","166","106","110","158","C1867131"
"23247","2","3","12","76","153","71","34","540","68","C1867131"
"1352","2","3","2","48","170","50","119","444","556","C1867131"
"6103","2","3","12","76","153","40","38","54","75","C1867131"
"3854","2","1","6","11","142","225","142","220","298","C1867131"
"3198","2","3","3","19","221","321","428","541","667","C1867131"
"4292","2","3","12","19","31","261","116","1","86","C1867131"
"4000","2","3","12","26","105","178","226","297","156","C1867131"
"25836","2","3","12","76","153","40","38","54","75","C1867131"
"2068","2","3","12","19","31","261","116","159","211","C1867131"
"2263","2","5","7","53","14","20","25","40","186","C1867131"
"7432","2","5","4","68","96","326","427","548","672","C1867131"
"8842","2","5","5","53","82","147","184","179","328","C1867131"
"6391","2","3","2","48","170","50","119","444","556","C1867132"
"6926","2","5","7","53","51","335","259","560","373","C1867132"
"1161","2","3","12","41","116","268","434","468","213","C1867138"
"2272","2","3","12","19","170","266","367","500","577","C1867138"
"54888","2","3","2","110","85","152","129","252","154","C1867423"
"4715","2","3","2","48","170","50","119","444","556","C1867423"
"3614","2","3","7","34","52","216","395","549","674","C1867423"
"55630","2","3","5","27","81","99","162","216","290","C1867439"
"2260","2","5","7","53","14","20","25","40","186","C1867439"
"959","2","5","7","53","51","119","395","549","674","C1867448"
"2516","2","3","3","19","151","276","91","433","118","C1867448"
"3815","2","5","7","53","14","20","25","40","186","C1867448"
"6709","2","5","7","34","52","216","395","572","158","C1867448"
"5077","2","3","3","19","221","321","428","541","667","C1867487"
"2657","2","5","7","53","51","342","259","423","389","C1867487"
"4088","2","3","12","19","219","339","259","423","605","C1867616"
"28952","2","3","12","41","116","268","434","468","213","C1867616"
"1565","2","3","5","91","214","226","326","413","530","C1867616"
"215","2","3","5","47","144","185","238","310","392","C1867638"
"1290","2","5","7","53","51","342","454","573","492","C1867638"
"383","2","3","7","34","52","216","395","549","674","C1867743"
"2033","2","3","12","19","31","1","91","433","118","C1867743"
"7042","2","5","7","53","51","342","454","573","492","C1867743"
"23529","2","5","7","53","51","119","25","40","416","C1867743"
"1286","2","5","7","53","51","342","454","573","492","C1867743"
"5832","2","3","2","101","62","189","182","509","252","C1867743"
"6905","2","3","12","76","153","40","38","54","75","C1867863"
"204","2","3","4","72","109","182","235","307","506","C1867863"
"5913","2","5","7","27","36","71","341","223","219","C1867863"
"5077","2","3","3","19","221","321","428","541","667","C1867863"
"2263","2","5","7","53","14","20","25","40","186","C1867863"
"1355","2","3","2","48","170","50","119","444","556","C1867863"
"2626","2","3","12","19","31","118","155","287","116","C1867863"
"1203","2","3","2","41","170","342","423","536","342","C1867864"
"9950","2","5","7","60","54","40","98","66","203","C1867864"
"2317","2","5","7","63","45","23","103","287","664","C1867864"
"2261","2","5","7","53","14","20","25","40","186","C1867864"
"10484","2","3","7","60","153","40","38","54","203","C1867955"
"6654","2","5","7","60","54","24","30","46","72","C1867955"
"7124","2","3","12","41","219","339","156","568","697","C1867955"
"5376","2","5","7","53","51","342","454","573","492","C1867955"
"5447","2","3","5","91","214","271","372","471","586","C1867955"
"7390","2","3","5","80","81","166","132","175","473","C1867955"
"5396","2","3","3","19","221","321","428","541","667","C1867955"
"1302","2","5","7","53","51","342","454","573","492","C1867955"
"4535","2","3","2","48","170","50","119","444","556","C1867955"
"3757","2","5","8","63","36","166","106","110","158","C1867955"
"26762","2","5","7","53","51","119","395","549","674","C1867955"
"1789","2","3","12","19","31","1","426","55","78","C1867955"
"1277","2","5","7","53","51","342","454","573","492","C1867955"
"9627","2","3","12","19","31","1","426","55","78","C1867955"
"5727","2","3","12","68","221","197","259","560","422","C1867955"
"2956","2","3","12","19","31","261","116","1","86","C1867955"
"51320","2","3","12","41","116","268","434","468","213","C1867955"
"2260","2","5","7","53","14","20","25","40","186","C1867955"
"23765","2","3","12","41","219","238","252","489","416","C1867955"
"79944","2","3","2","48","170","50","119","220","298","C1867955"
"27245","2","3","6","22","142","225","366","362","468","C1867955"
"1436","2","5","7","53","14","20","25","40","186","C1867955"
"4286","2","3","12","19","31","261","116","1","664","C1867955"
"5158","2","3","4","68","45","272","259","518","621","C1867955"
"8803","2","3","8","67","92","293","55","75","311","C1867955"
"5800","2","5","7","53","81","296","399","201","274","C1867955"
"3035","2","3","2","110","85","237","433","547","154","C1867955"
"26119","2","5","7","60","14","184","341","544","669","C1867971"
"6913","2","3","3","19","221","321","428","541","667","C1867971"
"2296","2","3","3","19","221","321","428","541","667","C1867981"
"4851","2","3","12","19","221","143","428","236","667","C1867981"
"773","2","5","8","27","36","166","341","223","628","C1867983"
"1277","2","5","7","53","51","342","454","573","492","C1867983"
"5076","2","3","3","19","221","321","428","541","667","C1868071"
"6531","2","5","8","45","94","199","240","415","666","C1868071"
"215","2","3","5","47","144","185","238","310","392","C1868071"
"10683","2","5","7","53","51","143","428","560","667","C1868085"
"6885","2","3","12","41","219","339","156","568","697","C1868085"
"54768","2","3","12","41","92","197","57","198","517","C1868085"
"1302","2","5","7","53","51","342","454","573","492","C1868085"
"7299","2","3","5","23","18","138","250","332","407","C1868085"
"3284","2","3","2","69","98","169","299","183","243","C1868085"
"10344","2","5","4","68","96","326","427","548","672","C1868085"
"6635","2","3","2","22","33","323","66","101","136","C1868085"
"5657","2","5","7","34","52","216","395","549","674","C1868085"
"9987","2","3","2","22","33","323","66","101","136","C1868085"
"7474","2","5","3","68","221","184","259","544","669","C1868085"
"5447","2","3","5","91","214","271","372","471","586","C1868114"
"3172","2","3","3","19","151","276","91","433","118","C1868114"
"83394","2","5","7","68","89","273","399","92","129","C1868394"
"6770","2","5","7","27","36","273","341","100","589","C1868394"
"6571","2","3","8","60","36","71","341","223","624","C1868394"
"3680","2","5","7","53","51","342","454","573","492","C1868528"
"779","2","5","8","63","36","166","341","390","158","C1868528"
"2138","2","3","12","19","31","1","426","55","78","C1868528"
"7177","2","3","5","80","51","119","454","549","674","C1868528"
"3845","2","5","7","60","54","24","30","46","72","C1868528"
"9049","2","3","3","41","151","276","378","271","356","C1868556"
"2255","2","5","7","53","14","20","25","40","186","C1868556"
"1902","2","5","4","68","96","326","427","548","672","C1868556"
"10847","2","3","12","19","31","1","426","55","78","C1868569"
"54567","2","5","7","53","51","143","428","236","667","C1868569"
"6389","2","3","2","48","170","50","119","444","556","C1868577"
"7547","2","3","3","19","221","321","428","541","667","C1868577"
"50484","2","3","5","80","109","182","235","307","506","C1868577"
"3918","2","5","7","53","51","342","454","573","492","C1868577"
"1293","2","5","7","53","51","342","454","573","492","C1868577"
"10804","2","3","12","76","153","40","38","54","75","C1868577"
"54880","2","3","12","19","31","1","426","55","78","C1868577"
"2912","2","5","4","68","96","326","427","548","672","C1868577"
"2556","2","5","8","27","70","99","162","216","290","C1868577"
"3853","2","1","6","11","142","225","142","220","298","C1868577"
"5728","2","3","5","80","81","339","156","568","605","C1868577"
"8292","2","5","5","27","51","342","454","573","492","C1868577"
"959","2","5","7","53","51","119","395","549","674","C1868578"
"249","2","3","5","27","51","335","444","560","373","C1868578"
"1855","2","5","12","76","153","197","259","560","422","C1868578"
"23218","2","5","7","34","52","216","395","549","674","C1868578"
"22868","2","3","2","48","182","67","76","463","153","C1868578"
"5295","2","5","7","53","14","20","25","40","186","C1868578"
"7248","2","3","2","48","57","110","141","359","462","C1868578"
"1142","2","5","8","27","70","99","162","216","290","C1868578"
"7253","2","5","4","68","96","326","427","548","672","C1868598"
"1947","2","5","7","53","51","20","25","560","373","C1868598"
"7020","2","3","12","19","31","276","91","433","664","C1868598"
"2671","2","3","2","48","170","50","304","167","593","C1868623"
"7461","2","3","7","60","153","40","38","93","75","C1868623"
"5745","2","5","4","68","96","326","427","548","672","C1868623"
"355","2","3","7","41","219","339","156","568","697","C1868672"
"4803","2","5","7","60","54","24","30","46","72","C1868672"
"1954","2","5","7","53","51","342","454","573","492","C1868672"
"3786","2","5","8","63","36","166","106","110","158","C1868672"
"8289","2","3","12","19","31","1","426","55","78","C1868684"
"5428","2","3","2","48","170","50","119","167","593","C1868684"
"257","2","3","3","19","221","321","428","541","667","C1868684"
"1184","2","5","8","63","45","23","34","464","187","C1868684"
"9361","2","3","2","48","170","50","119","444","556","C1868684"
"79153","2","3","2","97","173","275","377","473","592","C1868684"
"3918","2","5","7","53","51","342","454","573","492","C1868684"
"51085","2","3","2","48","57","110","141","359","462","C1868720"
"6834","2","3","2","48","170","50","119","444","556","C1868720"
"196","2","3","3","19","151","276","91","433","118","C1868720"
"2542","2","3","5","80","81","296","399","500","577","C1869117"
"7372","2","3","2","68","119","109","266","182","182","C1869117"
"1636","2","3","5","80","81","166","397","418","568","C1869118"
"9499","2","5","7","53","51","23","103","464","187","C1869118"
"2038","2","5","7","11","142","225","142","220","116","C1869118"
"2741","2","5","8","27","70","99","162","216","290","C1869118"
"4715","2","3","2","48","170","50","119","444","556","C1869122"
"85416","2","3","3","19","221","321","428","541","667","C1869122"
"148738","2","5","7","53","51","342","444","560","373","C1873509"
"7555","2","3","2","110","85","237","433","547","671","C1873509"
"650","2","5","7","53","51","342","259","423","389","C1873509"
"1723","2","3","2","48","170","50","119","444","556","C1873509"
"3047","2","3","12","19","31","118","155","287","116","C1873509"
"6392","2","3","2","48","170","50","119","444","556","C1873509"
"229","2","3","2","90","167","266","367","500","577","C1876165"
"2260","2","5","7","53","14","20","25","40","186","C1876165"
"25836","2","3","12","76","153","40","38","54","75","C1876165"
"2301","2","5","6","11","142","225","142","220","673","C1876165"
"7084","2","3","2","72","109","115","62","268","353","C1876165"
"2720","2","3","7","34","52","216","395","21","599","C1876165"
"2313","2","3","12","19","31","276","91","433","118","C1876165"
"274","2","5","7","60","14","184","341","544","669","C1876165"
"6567","2","5","8","35","41","77","40","57","80","C1876165"
"3952","2","5","3","53","151","276","91","433","118","C1876165"
"2903","2","5","7","53","14","20","25","223","219","C1876165"
"26154","2","3","5","47","144","185","238","310","392","C1876185"
"4254","2","5","7","53","14","20","25","40","186","C1876185"
"5428","2","3","2","48","170","50","119","167","593","C1876187"
"8518","2","3","12","19","31","1","426","55","78","C1876187"
"5781","2","5","7","53","14","20","25","40","186","C1876187"
"55624","2","3","2","78","123","194","255","215","412","C1876203"
"4000","2","3","12","26","105","178","226","297","156","C1876203"
"10535","2","3","12","76","153","40","38","54","75","C1876203"
"191","2","3","5","80","81","105","426","129","690","C1876203"
"4137","2","3","7","27","36","150","341","223","628","C1879286"
"5193","2","3","5","43","161","305","409","208","482","C1879286"
"6331","2","5","8","63","36","166","341","223","158","C1879286"
"3717","2","5","7","53","14","20","25","40","186","C1879286"
"2697","2","3","7","76","153","40","38","54","75","C1879312"
"498","2","3","2","48","170","50","304","167","593","C1879312"
"11280","2","5","8","63","36","166","341","390","158","C1879312"
"5191","2","3","5","43","161","305","409","208","482","C1879312"
"1106","2","3","12","19","31","1","426","55","78","C1879312"
"11160","2","3","12","41","116","268","423","536","445","C1879312"
"5922","2","5","7","60","54","24","30","46","72","C1879312"
"5627","2","5","7","53","51","342","454","573","702","C1879312"
"1281","2","5","7","53","51","342","454","573","492","C1879312"
"51086","2","3","2","68","45","232","321","406","520","C1879312"
"2706","2","3","12","76","153","40","38","54","75","C1879312"
"2639","2","3","2","71","148","34","160","115","164","C1879312"
"7137","2","5","8","63","45","23","103","464","187","C1879312"
"9031","2","3","12","19","31","1","426","55","78","C1879312"
"9215","2","5","2","27","36","150","430","215","628","C1879312"
"9321","2","3","12","76","153","40","38","54","203","C1879321"
"8893","2","3","2","110","85","237","433","547","671","C1879321"
"90","2","5","7","53","51","342","259","423","389","C1879321"
"3209","2","3","3","19","221","321","428","541","667","C1879362"
"54820","2","3","12","76","153","40","38","54","75","C1879362"
"9509","2","5","7","53","51","342","454","573","492","C1879362"
"26277","2","3","12","19","31","1","426","1","78","C1879526"
"1605","2","5","7","53","51","342","454","573","492","C1879526"
"55636","2","3","3","19","221","321","428","423","389","C1879526"
"10049","2","3","12","22","219","339","347","271","356","C1879677"
"51091","2","3","2","110","85","237","433","547","671","C1879677"
"6925","2","3","12","19","31","225","142","220","298","C1955869"
"1947","2","5","7","53","51","20","25","560","373","C1955869"
"50485","2","3","12","19","31","261","116","1","86","C1955869"
"6473","2","3","3","19","221","321","428","541","667","C1955869"
"9839","2","3","3","19","221","321","428","541","667","C1955869"
"2778","2","5","4","68","96","326","427","548","672","C1955869"
"23426","2","5","7","42","36","71","177","223","219","C1955869"
"54658","2","3","2","78","205","207","67","355","138","C1955869"
"9255","2","3","2","110","85","237","433","547","154","C1955869"
"9440","2","4","3","24","119","330","214","454","144","C1955869"
"1482","2","3","3","19","221","321","428","541","667","C1955869"
"4322","2","5","7","53","51","342","454","573","492","C1955869"
"779","2","5","8","63","36","166","341","390","158","C1955870"
"4803","2","5","7","60","54","24","30","46","72","C1955870"
"7048","2","5","7","53","51","342","259","423","389","C1955870"
"3730","2","5","7","53","14","20","25","40","186","C1955870"
"54903","2","3","12","76","153","40","38","54","75","C1955934"
"1302","2","5","7","53","51","342","454","573","492","C1955934"
"5605","2","5","7","53","14","20","34","540","68","C1955934"
"8302","2","5","7","53","51","119","395","549","674","C1955934"
"1356","2","3","7","53","51","342","454","573","492","C1955934"
"6492","2","3","3","19","151","276","91","433","118","C1955934"
"8820","2","3","3","19","221","321","428","541","667","C1956097"
"7403","2","3","12","19","31","1","426","55","78","C1956097"
"5192","2","3","5","43","161","305","409","208","482","C1956097"
"3145","2","3","5","80","81","166","132","175","473","C1956097"
"51702","2","3","12","19","31","1","426","55","78","C1956147"
"6567","2","5","8","35","41","77","40","57","80","C1956147"
"2072","2","3","12","19","31","261","116","1","86","C1959620"
"5728","2","3","5","80","81","339","156","568","605","C1959620"
"3627","2","5","4","68","96","326","427","548","672","C1960469"
"8085","2","3","12","19","31","1","426","55","78","C1960469"
"1836","2","3","2","35","41","94","260","330","375","C1960469"
"23400","2","5","8","63","45","23","103","464","187","C1960469"
"5191","2","3","5","43","161","305","409","208","482","C1960469"
"3043","2","5","7","34","52","216","395","549","116","C1960469"
"26227","2","3","2","41","137","44","208","81","108","C1960469"
"3908","2","5","7","53","51","342","454","573","492","C1960469"
"3549","2","5","3","53","51","197","259","560","422","C1960469"
"6392","2","3","2","48","170","50","119","444","556","C1960469"
"23630","2","5","8","63","36","166","106","110","158","C1960469"
"10262","2","3","2","22","33","323","66","101","136","C1960469"
"5184","2","3","5","80","81","166","52","105","349","C1960469"
"9056","2","3","8","45","94","199","240","415","666","C1960469"
"2176","2","3","12","19","31","261","116","1","86","C1960546"
"79001","2","5","2","48","52","342","240","569","666","C1960546"
"10758","2","3","12","41","219","339","156","568","697","C1961099"
"2629","2","3","5","80","81","250","291","152","420","C1961099"
"2588","2","3","7","34","52","216","395","549","674","C1961099"
"3709","2","5","8","63","45","23","306","390","158","C1961099"
"5184","2","3","5","80","81","166","52","105","349","C1961099"
"5828","2","3","5","43","161","305","409","208","482","C1961099"
"1571","2","3","5","91","214","271","372","471","26","C1961099"
"5189","2","3","5","43","161","305","409","208","482","C1961099"
"2146","2","3","12","19","31","1","426","55","78","C1961099"
"6683","2","3","12","76","153","40","38","54","75","C1961099"
"2778","2","5","4","68","96","326","427","548","672","C1961099"
"5728","2","3","5","80","81","339","156","568","605","C1961099"
"7124","2","3","12","41","219","339","156","568","697","C1961099"
"4990","2","3","3","19","221","321","428","541","667","C1961099"
"4000","2","3","12","26","105","178","226","297","156","C1961099"
"2290","2","3","3","19","221","321","428","541","667","C1961099"
"1524","2","5","4","68","96","326","427","548","672","C1961835"
"5994","2","3","12","19","31","276","91","491","118","C1961835"
"5627","2","5","7","53","51","342","454","573","702","C1963946"
"331","2","3","12","41","219","339","156","568","697","C1963946"
"2778","2","5","4","68","96","326","427","548","672","C1963946"
"3690","2","5","7","53","51","342","454","573","492","C1963946"
"54658","2","3","2","78","205","207","67","355","138","C1963946"
"26503","2","3","2","89","124","204","272","347","442","C1968564"
"4758","2","3","7","34","52","216","395","549","517","C1968564"
"348932","2","3","8","45","94","199","240","415","666","C1968564"
"351","2","5","4","68","96","326","188","145","193","C1968564"
"4842","2","3","5","63","45","71","177","464","219","C1968564"
"2266","2","5","7","53","51","342","454","573","492","C1968564"
"10516","2","5","7","53","51","342","454","573","492","C1968564"
"6578","2","3","5","35","41","77","40","57","80","C1968565"
"26608","2","3","2","22","170","50","119","463","153","C1968565"
"7138","2","5","8","63","45","23","103","464","187","C1968565"
"1736","2","3","2","110","85","237","433","547","671","C1968565"
"64778","2","5","7","53","51","335","444","560","373","C1968574"
"9211","2","5","7","27","36","150","341","223","628","C1968574"
"5818","2","5","7","53","51","335","444","560","373","C1968574"
"1736","2","3","2","110","85","237","433","547","671","C1968592"
"9723","2","5","7","53","51","342","79","560","373","C1968592"
"7461","2","3","7","60","153","40","38","93","75","C1968593"
"23204","2","3","2","48","57","110","141","359","462","C1968593"
"2099","2","3","12","19","151","276","91","433","118","C1968602"
"9215","2","5","2","27","36","150","430","215","628","C1968602"
"6891","2","3","12","41","116","119","156","568","116","C1968602"
"6440","2","5","5","68","96","185","238","310","272","C1968611"
"396","2","5","7","60","54","24","30","46","72","C1968611"
"2542","2","3","5","80","81","296","399","500","577","C1968618"
"11277","2","3","12","19","31","261","116","1","86","C1968618"
"6736","2","3","12","19","31","276","91","433","667","C1968619"
"8892","2","3","2","110","85","237","433","547","671","C1968619"
"26278","2","3","12","41","116","268","347","271","356","C1968619"
"351","2","5","4","68","96","326","188","145","193","C1968706"
"54209","2","5","7","53","51","119","395","549","674","C1968706"
"6916","2","3","5","91","175","119","167","224","301","C1968729"
"4613","2","3","12","19","31","1","426","55","78","C1968729"
"781","2","5","8","63","36","166","341","223","158","C1968729"
"111","2","5","4","68","96","326","427","548","672","C1968790"
"3972","2","5","4","68","96","326","427","548","672","C1968790"
"3490","2","5","7","53","51","342","454","573","492","C1968790"
"9031","2","3","12","19","31","1","426","55","78","C1968790"
"9217","2","3","2","50","47","39","100","321","255","C1968790"
"2332","2","3","2","22","33","71","373","466","609","C1968790"
"3123","2","5","7","53","51","119","156","287","116","C1968790"
"6329","2","5","8","63","36","166","341","390","158","C1968851"
"275","2","3","5","106","104","214","70","377","488","C1968851"
"1906","2","5","4","68","96","326","427","548","672","C1968851"
"712","2","5","7","53","51","119","395","549","674","C1968851"
"3383","2","5","7","53","51","119","454","287","116","C1968852"
"5290","2","3","7","53","14","20","25","40","186","C1968852"
"8626","2","3","3","19","221","321","428","541","667","C1968852"
"6390","2","3","2","48","170","50","119","444","556","C1968852"
"7284","2","3","2","48","182","67","76","463","153","C1968855"
"7737","2","3","12","22","33","268","434","468","213","C1968855"
"617","2","3","2","48","170","50","304","167","593","C1968958"
"1896","2","5","12","41","219","339","156","568","697","C1968958"
"6905","2","3","12","76","153","40","38","54","75","C1968959"
"2317","2","5","7","63","45","23","103","287","664","C1968959"
"4914","2","3","2","22","18","266","202","252","252","C1968999"
"4088","2","3","12","19","219","339","259","423","605","C1968999"
"26277","2","3","12","19","31","1","426","1","78","C1968999"
"4692","2","5","7","53","51","119","402","489","416","C1968999"
"627","2","5","7","53","51","335","444","423","373","C1968999"
"50940","2","3","4","68","96","326","427","548","672","C1968999"
"5621","2","5","8","27","36","342","454","573","628","C1968999"
"29954","2","5","2","27","206","324","430","215","290","C1968999"
"1617","2","3","2","22","33","323","66","101","468","C1969073"
"8291","2","5","8","63","45","23","103","464","187","C1969073"
"2263","2","5","7","53","14","20","25","40","186","C1969073"
"1639","2","3","12","76","153","40","38","54","75","C1969073"
"10483","2","3","7","60","54","24","30","46","72","C1969073"
"23363","2","3","12","41","116","268","434","468","213","C1969144"
"5663","2","5","7","34","52","216","395","549","667","C1969144"
"1586","2","3","5","79","98","256","335","425","540","C1969144"
"79955","2","5","7","42","36","71","177","223","219","C1969144"
"659","2","5","7","53","14","20","259","423","389","C1969176"
"718","2","5","7","34","51","119","395","549","674","C1969176"
"23400","2","5","8","63","45","23","103","464","187","C1969176"
"3208","2","5","7","27","36","150","341","223","628","C1969222"
"8195","2","3","12","76","153","76","38","54","75","C1969222"
"6519","2","3","5","45","94","199","240","415","666","C1969236"
"7461","2","3","7","60","153","40","38","93","75","C1969236"
"29958","2","3","5","19","31","1","325","410","527","C1969236"
"6261","2","5","8","63","45","23","34","464","187","C1969363"
"2157","2","5","7","53","51","342","454","573","702","C1969363"
"5295","2","5","7","53","14","20","25","40","186","C1969363"
"3458","2","5","7","53","184","119","156","287","116","C1969363"
"4920","2","5","7","53","14","20","259","560","373","C1969372"
"7468","2","3","12","19","31","1","426","55","78","C1969372"
"10269","2","3","2","48","182","50","119","444","556","C1969372"
"23363","2","3","12","41","116","268","434","468","213","C1969372"
"2625","2","3","12","19","31","339","155","287","116","C1969372"
"445","2","3","2","84","97","167","210","278","360","C1969372"
"1911","2","3","12","19","31","1","426","55","78","C1969372"
"7051","2","1","6","11","142","225","142","220","298","C1969372"
"8518","2","3","12","19","31","1","426","55","78","C1969372"
"1186","2","5","8","63","45","23","34","464","187","C1969372"
"2200","2","5","7","53","51","342","454","573","492","C1969372"
"2645","2","3","2","90","167","266","367","101","664","C1969443"
"9401","2","3","12","76","31","261","116","1","86","C1969443"
"2182","2","3","2","67","92","265","284","147","235","C1969655"
"7157","2","3","12","19","31","261","402","489","551","C1969655"
"6329","2","5","8","63","36","166","341","390","158","C1969680"
"54345","2","5","3","19","221","321","428","541","667","C1969680"
"1747","2","3","3","19","221","321","428","541","667","C1969738"
"6913","2","3","3","19","221","321","428","541","667","C1969738"
"5130","2","3","2","85","143","286","51","488","102","C1969875"
"353500","2","5","7","53","51","342","259","423","389","C1969875"
"5648","2","5","7","53","51","119","395","549","674","C1969875"
"657","2","5","7","53","221","342","259","423","389","C1969875"
"7403","2","3","12","19","31","1","426","55","78","C1969875"
"10345","2","5","8","63","45","23","34","464","187","C1969879"
"54332","2","3","2","60","170","40","98","66","203","C1969879"
"10558","2","3","2","50","47","39","100","321","209","C1969879"
"2626","2","3","12","19","31","118","155","287","116","C1969879"
"8202","2","3","12","19","151","276","91","433","118","C1969879"
"5277","2","3","2","61","77","142","176","235","317","C1969879"
"3094","2","3","2","48","170","266","367","500","78","C1969913"
"8915","2","3","12","41","219","339","156","568","697","C1969913"
"6326","2","5","8","63","36","166","341","390","158","C1969913"
"7053","2","3","6","11","142","225","142","220","298","C1969913"
"5080","2","3","3","19","221","321","428","541","667","C1969913"
"5091","2","3","2","35","40","130","166","57","435","C1969913"
"3845","2","5","7","60","54","24","30","46","72","C1969913"
"7020","2","3","12","19","31","276","91","433","664","C1969913"
"54551","2","3","12","41","219","197","156","568","422","C1969913"
"5728","2","3","5","80","81","339","156","568","605","C1969913"
"1292","2","5","7","53","51","342","454","573","492","C1969913"
"275","2","3","5","106","104","214","70","377","488","C1969913"
"6323","2","5","8","63","36","166","341","390","158","C1969913"
"50","2","3","5","80","81","50","304","167","593","C1969913"
"6622","2","3","7","27","36","150","341","223","628","C1970095"
"3855","2","1","6","11","142","225","142","220","298","C1970095"
"3549","2","5","3","53","51","197","259","560","422","C1970112"
"23426","2","5","7","42","36","71","177","223","219","C1970112"
"1139","2","5","8","27","70","99","162","216","290","C1970167"
"2697","2","3","7","76","153","40","38","54","75","C1970167"
"5617","2","5","12","19","31","1","426","55","78","C1970167"
"5119","2","3","2","48","57","110","141","359","462","C1970168"
"2253","2","5","7","53","14","20","25","40","186","C1970168"
"7136","2","5","8","63","45","23","103","464","187","C1970168"
"3815","2","5","7","53","14","20","25","40","186","C1970187"
"2736","2","3","12","41","116","321","428","54","667","C1970187"
"2289","2","3","12","76","219","339","347","271","356","C1970257"
"6392","2","3","2","48","170","50","119","444","556","C1970257"
"3240","2","5","7","34","52","216","395","549","674","C1970257"
"221496","2","3","5","27","105","99","226","216","156","C1970257"
"1027","2","3","12","19","31","1","116","1","86","C1970263"
"6440","2","5","5","68","96","185","238","310","272","C1970263"
"2706","2","3","12","76","153","40","38","54","75","C1970263"
"238","2","5","7","53","14","20","25","40","186","C1970263"
"3714","2","5","7","53","51","143","454","236","373","C1970308"
"5080","2","3","3","19","221","321","428","541","667","C1970308"
"477","2","3","8","63","45","23","103","464","187","C1970308"
"8260","2","3","12","41","85","266","76","287","78","C1970308"
"7439","2","5","8","63","45","23","34","464","187","C1970308"
"11285","2","3","2","74","205","191","396","408","620","C1970308"
"11277","2","3","12","19","31","261","116","1","86","C1970431"
"207","2","3","7","53","14","20","34","489","416","C1970431"
"673","2","5","7","53","14","20","34","540","68","C1970431"
"488","2","5","8","63","45","23","103","464","187","C1970497"
"100","2","3","5","33","21","47","56","80","199","C1970497"
"919","2","5","7","53","14","119","25","40","186","C1970497"
"8822","2","5","7","53","14","20","25","40","186","C1970497"
"6662","2","3","3","19","221","321","428","541","667","C1970497"
"1756","2","5","8","63","45","23","103","464","187","C1970705"
"857","2","5","7","53","45","23","57","83","422","C1970705"
"5250","2","3","2","48","170","50","119","444","593","C1970705"
"50846","2","3","3","68","221","197","259","560","422","C1970705"
"4318","2","5","7","34","52","216","395","573","492","C1970705"
"5506","2","3","12","76","137","76","136","82","658","C1970705"
"26610","2","3","12","19","31","1","426","55","78","C1970705"
"54567","2","5","7","53","51","143","428","236","667","C1970705"
"860","2","3","12","19","31","276","91","433","118","C1970705"
"5192","2","3","5","43","161","305","409","208","482","C1970705"
"259232","2","5","8","63","45","23","34","464","187","C1970705"
"10847","2","3","12","19","31","1","426","55","78","C1970705"
"3908","2","5","7","53","51","342","454","573","492","C1970705"
"8481","2","3","12","76","153","40","38","54","75","C1970705"
"1585","2","3","5","79","159","256","351","100","589","C1970705"
"7389","2","3","2","17","24","51","132","210","123","C1970705"
"8626","2","3","3","19","221","321","428","541","667","C1970705"
"28982","2","3","5","25","44","165","101","274","358","C1970705"
"10320","2","5","7","19","119","143","214","236","389","C1970705"
"1717","2","3","2","19","151","276","48","69","204","C1970705"
"2597","2","3","2","90","167","266","367","500","577","C1970705"
"1019","2","3","12","19","31","1","116","1","86","C1970705"
"658","2","5","7","53","51","342","259","423","389","C1970705"
"10806","2","3","12","76","153","40","38","54","75","C1970705"
"26580","2","5","8","27","70","99","162","216","290","C1970705"
"27019","2","3","12","76","153","40","38","54","75","C1970777"
"2566","2","5","8","27","70","99","162","216","290","C1970777"
"6750","2","5","4","68","96","326","427","548","672","C1970816"
"2990","2","3","7","34","52","216","395","549","674","C1970816"
"8600","2","5","7","41","219","339","156","568","697","C1970883"
"2175","2","3","12","19","31","261","116","1","86","C1970883"
"53834","2","5","7","53","51","342","454","573","492","C1970883"
"5190","2","3","5","43","161","305","409","208","482","C1970883"
"6647","2","3","2","95","2","342","378","173","702","C1970883"
"8629","2","3","12","19","221","1","428","541","667","C1970883"
"26154","2","3","5","47","144","185","238","310","392","C1970883"
"1836","2","3","2","35","41","94","260","330","375","C2048011"
"5644","2","5","7","68","51","119","395","549","674","C2048011"
"7128","2","3","12","41","219","339","156","568","697","C2048011"
"2294","2","3","3","19","221","321","428","541","667","C2048011"
"7381","2","3","2","48","170","50","119","58","81","C2048011"
"4524","2","3","2","15","166","104","369","117","583","C2048011"
"1896","2","5","12","41","219","339","156","568","697","C2048011"
"1280","2","5","7","53","51","342","454","573","492","C2048011"
"687","2","3","3","19","221","321","428","541","667","C2048011"
"1161","2","3","12","41","116","268","434","468","213","C2063326"
"5744","2","5","4","68","96","326","427","548","672","C2063326"
"7040","2","5","7","53","51","342","454","573","492","C2063326"
"27316","2","3","2","22","33","323","66","101","136","C2063326"
"7297","2","5","7","53","184","119","25","40","186","C2063326"
"2175","2","3","12","19","31","261","116","1","86","C2063326"
"860","2","3","12","19","31","276","91","433","118","C2063326"
"3299","2","3","12","42","81","296","399","201","274","C2063866"
"4535","2","3","2","48","170","50","119","444","556","C2063866"
"331","2","3","12","41","219","339","156","568","697","C2063866"
"23729","2","3","2","90","167","148","36","51","383","C2063866"
"5076","2","3","3","19","221","321","428","541","667","C2063866"
"3845","2","5","7","60","54","24","30","46","72","C2063866"
"9051","2","5","7","60","14","20","25","40","215","C2112129"
"7124","2","3","12","41","219","339","156","568","697","C2112129"
"2815","2","5","7","53","51","342","454","573","492","C2112129"
"4689","2","5","7","60","14","20","25","40","215","C2112129"
"8625","2","3","12","19","31","276","91","236","118","C2112129"
"23594","2","3","12","76","153","261","116","1","86","C2112129"
"1294","2","5","7","53","51","342","454","573","492","C2112129"
"3480","2","5","7","53","14","20","25","40","186","C2112129"
"7043","2","5","7","53","51","342","454","573","492","C2112129"
"1487","2","3","12","19","31","1","426","55","340","C2112129"
"5339","2","5","7","53","51","342","454","573","492","C2112129"
"2175","2","3","12","19","31","261","116","1","86","C2112129"
"51761","2","5","8","63","45","23","103","464","187","C2112942"
"4880","2","3","4","19","96","326","427","548","672","C2112942"
"920","2","5","7","53","14","184","341","544","669","C2112942"
"58","2","5","8","63","45","23","103","464","187","C2128203"
"3655","2","5","7","53","51","342","454","573","492","C2128203"
"9049","2","3","3","41","151","276","378","271","356","C2169794"
"860","2","3","12","19","31","276","91","433","118","C2169794"
"50964","2","5","3","68","221","197","259","423","422","C2169794"
"1144","2","5","8","27","70","99","162","216","290","C2169795"
"650","2","5","7","53","51","342","259","423","389","C2169795"
"4893","2","5","7","34","52","24","30","46","72","C2176208"
"2950","2","5","7","34","52","216","395","549","674","C2176208"
"5727","2","3","12","68","221","197","259","560","422","C2216370"
"26053","2","3","12","19","31","1","426","55","78","C2216370"
"6775","2","5","7","53","14","119","25","40","186","C2216370"
"1543","2","3","5","91","151","276","91","433","118","C2216370"
"1134","2","5","8","27","70","99","162","216","290","C2216370"
"1356","2","3","7","53","51","342","454","573","492","C2216370"
"1258","2","5","4","68","45","272","106","518","621","C2216370"
"5696","2","3","12","41","116","268","156","568","116","C2219717"
"4921","2","5","7","53","14","20","25","573","186","C2219717"
"4607","2","5","7","53","51","23","103","464","187","C2219717"
"2517","2","3","7","34","52","216","395","549","674","C2219717"
"3712","2","3","2","48","170","50","119","444","556","C2219717"
"2153","2","5","7","53","51","342","454","573","492","C2219717"
"10491","2","5","7","53","51","342","454","573","492","C2219717"
"6899","2","5","7","53","184","335","259","560","373","C2219717"
"9563","2","3","5","13","10","212","294","373","485","C2219717"
"2261","2","5","7","53","14","20","25","40","186","C2219717"
"4921","2","5","7","53","14","20","25","573","186","C2219717"
"9247","2","5","7","53","221","197","259","423","389","C2219717"
"999","2","5","7","53","51","342","444","560","373","C2219717"
"2010","2","3","12","26","105","296","226","488","156","C2229182"
"3800","2","5","7","27","36","150","341","223","628","C2229182"
"2261","2","5","7","53","14","20","25","40","186","C2229182"
"4297","2","3","12","19","31","1","426","55","78","C2229182"
"10008","2","5","8","63","36","166","341","223","158","C2229182"
"2261","2","5","7","53","14","20","25","40","186","C2229182"
"3736","2","5","8","63","36","166","106","110","158","C2229182"
"2260","2","5","7","53","14","20","25","40","186","C2229182"
"2138","2","3","12","19","31","1","426","55","78","C2229182"
"9791","2","3","8","45","94","199","240","415","666","C2229182"
"3887","2","1","6","11","142","225","142","220","298","C2229182"
"3891","2","1","6","11","142","225","142","220","298","C2229182"
"7555","2","3","2","110","85","237","433","547","671","C2229182"
"3043","2","5","7","34","52","216","395","549","116","C2229182"
"22858","2","3","7","53","14","20","34","540","68","C2235909"
"4726","2","3","2","48","170","50","119","444","556","C2235909"
"2218","2","5","2","53","123","194","255","560","373","C2235909"
"1103","2","3","2","67","92","293","55","75","311","C2235909"
"1030","2","3","12","19","31","1","426","55","78","C2237142"
"2626","2","3","12","19","31","118","155","287","116","C2237142"
"1441","2","5","7","53","51","119","25","40","186","C2237142"
"1908","2","5","4","68","96","326","427","548","672","C2237142"
"54463","2","3","2","48","57","110","141","359","462","C2237142"
"242","2","3","5","11","142","223","142","220","298","C2237142"
"1410","2","3","12","63","45","23","38","54","187","C2242472"
"100","2","3","5","33","21","47","56","80","199","C2242472"
"8085","2","3","12","19","31","1","426","55","78","C2242472"
"9897","2","3","12","76","18","75","38","1","212","C2242472"
"51021","2","3","2","48","182","67","76","463","153","C2242472"
"6341","2","3","2","48","170","50","119","444","556","C2242472"
"10661","2","3","12","19","31","1","426","55","78","C2242472"
"23209","2","5","8","63","45","23","103","464","187","C2242472"
"4552","2","3","7","48","81","105","139","186","245","C2242472"
"2178","2","3","12","19","31","261","116","1","86","C2242472"
"2554","2","5","8","27","70","99","162","216","290","C2242472"
"2146","2","3","12","19","31","1","426","55","78","C2242472"
"9719","2","5","7","53","51","342","454","573","492","C2242472"
"54880","2","3","12","19","31","1","426","55","78","C2242472"
"22856","2","3","2","78","189","303","251","320","403","C2242472"
"51360","2","3","3","26","35","276","91","433","203","C2242472"
"6299","2","3","12","19","221","321","428","541","667","C2242472"
"9640","2","3","12","19","31","261","116","159","211","C2242577"
"25970","2","5","7","53","14","20","25","40","116","C2242577"
"5130","2","3","2","85","143","286","51","488","102","C2265792"
"3703","2","3","2","78","26","54","283","118","124","C2265792"
"6496","2","3","3","19","221","321","428","541","667","C2265792"
"1181","2","5","8","63","45","23","34","464","187","C2265792"
"2778","2","5","4","68","96","326","427","548","672","C2265792"
"5468","2","3","3","19","151","276","91","433","118","C2265792"
"5728","2","3","5","80","81","339","156","568","605","C2265792"
"5605","2","5","7","53","14","20","34","540","68","C2265792"
"4976","2","3","2","48","170","50","119","444","556","C2265792"
"1586","2","3","5","79","98","256","335","425","540","C2265792"
"1559","2","3","5","91","214","226","11","348","172","C2265792"
"1584","2","3","5","79","159","256","276","353","456","C2265792"
"7010","2","5","7","53","14","20","25","40","186","C2265792"
"5743","2","3","5","53","175","119","167","489","416","C2265792"
"2201","2","5","7","53","51","342","454","573","492","C2265792"
"135","2","5","4","68","96","326","427","548","672","C2265792"
"10804","2","3","12","76","153","40","38","54","75","C2266639"
"1188","2","5","8","63","45","23","34","464","187","C2266639"
"51324","2","3","2","48","142","225","142","220","298","C2266639"
"2068","2","3","12","19","31","261","116","159","211","C2266639"
"8425","2","5","7","53","51","342","454","573","492","C2266639"
"9620","2","5","7","53","51","335","444","560","373","C2266639"
"2660","2","5","7","53","51","342","259","423","389","C2266639"
"23411","2","3","12","19","31","1","91","433","118","C2266639"
"5993","2","3","12","19","31","1","426","55","78","C2266639"
"4097","2","3","12","19","31","118","155","287","116","C2266639"
"6567","2","5","8","35","41","77","40","57","80","C2266639"
"23064","2","3","6","11","31","261","142","220","664","C2266639"
"6473","2","3","3","19","221","321","428","541","667","C2266639"
"8481","2","3","12","76","153","40","38","54","75","C2266639"
"443","2","3","5","80","81","189","182","509","409","C2266639"
"348","2","5","7","53","51","342","454","573","492","C2266639"
"4261","2","3","12","53","184","119","156","287","116","C2266639"
"11200","2","3","12","19","31","261","116","1","86","C2266639"
"4668","2","3","5","21","111","188","242","313","396","C2266639"
"55157","2","3","2","110","85","67","76","252","154","C2266639"
"9274","2","3","12","19","31","1","426","55","78","C2266639"
"7704","2","3","12","41","116","268","434","468","213","C2266639"
"7276","2","5","7","34","52","216","395","549","674","C2266639"
"1728","2","3","2","41","116","268","434","568","605","C2266639"
"2255","2","5","7","53","14","20","25","40","186","C2266639"
"9897","2","3","12","76","18","75","38","1","212","C2266639"
"4893","2","5","7","34","52","24","30","46","72","C2266639"
"1282","2","5","7","53","51","342","454","573","492","C2266639"
"593","2","3","2","67","92","293","55","75","311","C2266639"
"2177","2","3","2","110","90","261","431","545","443","C2266639"
"27315","2","5","6","34","52","225","142","220","298","C2266639"
"6866","2","5","4","68","96","326","427","548","672","C2315541"
"8322","2","5","3","68","221","184","259","544","669","C2315541"
"4625","2","3","8","63","45","23","103","464","187","C2316212"
"5443","2","5","4","68","96","326","427","548","672","C2316212"
"2720","2","3","7","34","52","216","395","21","599","C2316810"
"175","2","3","7","34","52","216","395","549","674","C2316810"
"4791","2","3","12","41","219","339","156","568","697","C2316810"
"55651","2","3","2","110","85","237","433","547","671","C2316810"
"3861","2","1","6","11","142","225","142","220","298","C2316810"
"2780","2","5","4","68","96","326","427","548","672","C2316810"
"114781","2","3","12","41","116","268","434","468","213","C2316810"
"4719","2","3","2","48","170","50","119","444","556","C2316810"
"7042","2","5","7","53","51","342","454","573","492","C2316810"
"3931","2","3","5","116","183","295","454","243","327","C2316810"
"9839","2","3","3","19","221","321","428","541","667","C2316810"
"7132","2","3","12","41","219","339","156","568","697","C2316810"
"3954","2","3","2","48","170","67","119","444","593","C2316810"
"10797","2","3","5","15","166","104","369","117","583","C2316810"
"4153","2","5","7","53","51","119","395","549","674","C2316810"
"887","2","5","4","68","96","326","427","548","672","C2316810"
"79068","2","3","2","72","81","42","52","105","349","C2316810"
"6785","2","3","5","67","7","5","239","311","393","C2316810"
"1071","2","5","7","53","51","342","454","573","492","C2316810"
"11152","2","3","2","48","57","110","141","359","462","C2316810"
"7227","2","3","12","19","31","276","91","433","118","C2316810"
"6197","2","3","12","19","14","20","34","540","68","C2316810"
"1281","2","5","7","53","51","342","454","573","492","C2316810"
"8659","2","3","2","67","103","177","225","295","378","C2316810"
"5190","2","3","5","43","161","305","409","208","482","C2316810"
"5308","2","3","3","19","221","321","428","541","667","C2316810"
"64072","2","5","7","53","51","335","444","560","373","C2316810"
"2492","2","5","4","68","96","326","427","548","672","C2316810"
"6337","2","5","8","63","45","23","34","464","187","C2316810"
"23767","2","5","7","53","14","20","25","40","186","C2316810"
"2950","2","5","7","34","52","216","395","549","674","C2316810"
"2239","2","3","2","74","51","342","454","573","492","C2350233"
"26580","2","5","8","27","70","99","162","216","290","C2350233"
"5015","2","3","3","19","221","321","428","541","667","C2362324"
"4854","2","5","7","53","51","143","428","236","667","C2362324"
"4893","2","5","7","34","52","24","30","46","72","C2362324"
"6648","2","3","2","95","151","160","378","173","229","C2362324"
"54968","2","3","2","48","170","50","119","444","556","C2362914"
"2153","2","5","7","53","51","342","454","573","492","C2362914"
"51360","2","3","3","26","35","276","91","433","203","C2362914"
"2022","2","5","7","53","51","342","259","423","389","C2362914"
"5277","2","3","2","61","77","142","176","235","317","C2362914"
"7403","2","3","12","19","31","1","426","55","78","C2362914"
"6299","2","3","12","19","221","321","428","541","667","C2363129"
"177","2","5","7","53","51","339","156","568","697","C2363129"
"55863","2","3","2","48","170","50","119","444","556","C2363129"
"2978","2","3","5","80","81","272","223","518","621","C2363903"
"6310","2","3","12","22","142","225","366","362","468","C2363903"
"3569","2","5","7","53","51","342","454","573","416","C2364082"
"54903","2","3","12","76","153","40","38","54","75","C2364082"
"6519","2","3","5","45","94","199","240","415","666","C2364082"
"4723","2","3","2","48","170","50","119","444","556","C2364082"
"4137","2","3","7","27","36","150","341","223","628","C2364082"
"3845","2","5","7","60","54","24","30","46","72","C2364082"
"774","2","5","8","63","36","166","341","390","158","C2364082"
"8973","2","5","8","27","70","99","162","216","290","C2364082"
"5290","2","3","7","53","14","20","25","40","186","C2364082"
"28","2","3","2","78","19","41","50","72","101","C2364082"
"4306","2","3","3","19","151","276","91","433","118","C2364082"
"10269","2","3","2","48","182","50","119","444","556","C2364082"
"440","2","3","2","101","62","189","182","509","154","C2364082"
"10381","2","3","12","76","153","40","38","54","75","C2364082"
"27249","2","3","2","48","182","50","119","186","245","C2364082"
"3458","2","5","7","53","184","119","156","287","116","C2364082"
"3949","2","5","7","60","14","184","341","544","669","C2364082"
"5832","2","3","2","101","62","189","182","509","252","C2364082"
"5125","2","5","6","11","51","225","142","220","298","C2364082"
"3553","2","5","7","53","51","119","25","489","416","C2364082"
"26146","2","3","12","76","153","40","38","54","75","C2364082"
"567","2","5","7","34","52","119","395","549","674","C2584774"
"5889","2","3","12","19","31","261","116","1","86","C2584774"
"2290","2","3","3","19","221","321","428","541","667","C2584774"
"4853","2","3","12","19","124","143","428","236","667","C2607914"
"2313","2","3","12","19","31","276","91","433","118","C2607914"
"27031","2","3","6","11","142","225","38","331","506","C2607914"
"1278","2","5","7","53","51","342","454","573","492","C2607914"
"4001","2","3","12","76","31","40","38","54","75","C2607914"
"23545","2","3","5","29","88","132","85","222","346","C2609071"
"29954","2","5","2","27","206","324","430","215","290","C2609071"
"1512","2","5","7","34","52","216","395","549","674","C2613439"
"9487","2","3","5","80","81","142","176","235","317","C2613439"
"1080","2","3","12","41","219","339","156","544","669","C2613439"
"5566","2","3","12","76","14","20","34","540","75","C2613439"
"5906","2","5","7","34","52","216","30","46","72","C2613439"
"5444","2","3","5","80","147","236","328","411","229","C2673431"
"2121","2","3","12","41","116","268","434","568","605","C2673431"
"4982","2","5","12","41","219","339","156","568","697","C2673431"
"23594","2","3","12","76","153","261","116","1","86","C2673431"
"10861","2","3","2","35","142","225","142","220","673","C2673431"
"3889","2","1","6","11","142","225","142","220","298","C2673431"
"6888","2","3","2","90","167","266","367","500","577","C2673431"
"5745","2","5","4","68","96","326","427","548","672","C2673431"
"9440","2","4","3","24","119","330","214","454","144","C2673443"
"5443","2","5","4","68","96","326","427","548","672","C2673443"
"7015","2","3","12","19","31","1","426","55","78","C2673443"
"5428","2","3","2","48","170","50","119","167","593","C2673462"
"8546","2","5","7","60","18","184","341","544","669","C2673462"
"9897","2","3","12","76","18","75","38","1","212","C2673462"
"25923","2","3","2","48","184","50","119","444","116","C2673462"
"7468","2","3","12","19","31","1","426","55","78","C2673482"
"4668","2","3","5","21","111","188","242","313","396","C2673482"
"4921","2","5","7","53","14","20","25","573","186","C2673536"
"1103","2","3","2","67","92","293","55","75","311","C2673536"
"421","2","5","7","42","51","335","444","560","373","C2673597"
"23746","2","3","12","41","83","101","126","271","356","C2673597"
"3636","2","3","5","80","14","20","25","40","186","C2673597"
"7042","2","5","7","53","51","342","454","573","492","C2673597"
"6529","2","5","8","45","94","199","240","415","666","C2673597"
"8838","2","5","7","53","51","342","259","423","389","C2673597"
"6786","2","5","8","63","45","23","103","464","187","C2673653"
"3767","2","5","8","63","36","166","106","110","158","C2673653"
"51317","2","3","12","19","31","1","426","55","78","C2673670"
"5566","2","3","12","76","14","20","34","540","75","C2673670"
"6495","2","3","3","19","221","321","428","541","667","C2673670"
"7253","2","5","4","68","96","326","427","548","672","C2673670"
"29887","2","3","7","60","18","110","141","198","270","C2673670"
"7314","2","3","12","41","219","261","409","208","482","C2673670"
"7066","2","5","7","53","51","119","25","573","416","C2673700"
"5956","2","5","4","68","96","326","427","548","672","C2673700"
"2316","2","5","7","53","51","342","454","573","702","C2673700"
"8643","2","5","3","68","221","197","259","560","422","C2673759"
"6144","2","3","2","110","85","237","433","547","671","C2673759"
"50506","2","3","2","36","48","89","110","400","341","C2673759"
"1292","2","5","7","53","51","342","454","573","492","C2673820"
"7415","2","3","7","34","52","216","395","536","445","C2673820"
"3759","2","5","8","63","36","166","106","110","158","C2673914"
"2033","2","3","12","19","31","1","91","433","118","C2673914"
"3081","2","3","2","91","51","3","267","308","429","C2673929"
"1029","2","3","12","19","31","1","116","1","664","C2673929"
"25836","2","3","12","76","153","40","38","54","75","C2673946"
"4000","2","3","12","26","105","178","226","297","156","C2673946"
"6916","2","3","5","91","175","119","167","224","301","C2673946"
"3762","2","5","8","63","36","166","106","110","158","C2673946"
"5339","2","5","7","53","51","342","454","573","492","C2673946"
"1161","2","3","12","41","116","268","434","468","213","C2673946"
"2625","2","3","12","19","31","339","155","287","116","C2673946"
"2052","2","3","5","91","130","114","290","367","475","C2673946"
"1380","2","5","7","53","51","119","395","549","674","C2673946"
"1301","2","5","7","53","51","342","454","573","492","C2674432"
"668","2","3","12","19","221","321","428","541","664","C2674432"
"3630","2","5","7","53","14","20","25","40","186","C2674432"
"5551","2","5","7","53","51","119","395","549","674","C2674432"
"3426","2","5","7","53","51","119","395","549","674","C2674432"
"7473","2","5","3","68","221","197","259","560","422","C2674432"
"7555","2","3","2","110","85","237","433","547","671","C2674432"
"5468","2","3","3","19","151","276","91","433","118","C2674432"
"25836","2","3","12","76","153","40","38","54","75","C2674432"
"7166","2","3","5","80","81","166","307","258","345","C2674432"
"1272","2","5","7","53","51","335","444","236","373","C2674432"
"5824","2","3","5","47","144","185","238","310","392","C2674432"
"4982","2","5","12","41","219","339","156","568","697","C2674432"
"5728","2","3","5","80","81","339","156","568","605","C2674432"
"3207","2","3","3","19","221","321","428","541","667","C2674432"
"10166","2","3","2","84","97","167","210","278","360","C2674432"
"54806","2","5","7","76","153","40","38","54","75","C2674432"
"1031","2","3","12","19","31","1","426","55","78","C2674432"
"1277","2","5","7","53","51","342","454","573","492","C2674432"
"2554","2","5","8","27","70","99","162","216","290","C2674432"
"3547","2","5","7","53","51","119","395","549","674","C2674432"
"4998","2","3","12","76","31","261","116","1","86","C2674432"
"26040","2","3","12","19","31","1","116","297","78","C2674432"
"6303","2","3","2","67","118","160","261","188","423","C2674432"
"1952","2","5","7","53","51","335","444","560","373","C2674432"
"10020","2","3","2","89","124","204","42","452","258","C2674432"
"2263","2","5","7","53","14","20","25","40","186","C2674432"
"54332","2","3","2","60","170","40","98","66","203","C2674432"
"8291","2","5","8","63","45","23","103","464","187","C2674432"
"6648","2","3","2","95","151","160","378","173","229","C2674432"
"5144","2","3","4","68","96","326","427","548","672","C2674432"
"213","2","5","7","53","51","342","454","573","492","C2674574"
"11005","2","1","6","11","142","225","142","220","298","C2674574"
"3482","2","5","7","34","52","216","395","544","669","C2674574"
"7291","2","3","12","19","151","276","91","489","416","C2674574"
"7399","2","5","7","53","51","342","454","573","492","C2674574"
"5824","2","3","5","47","144","185","238","310","392","C2674574"
"23426","2","5","7","42","36","71","177","223","219","C2674574"
"6399","2","5","7","60","54","24","30","46","72","C2674574"
"545","2","3","12","19","31","261","116","1","86","C2674574"
"27445","2","5","7","60","36","71","341","223","624","C2674574"
"4125","2","3","7","34","52","216","395","549","674","C2674574"
"1282","2","5","7","53","51","342","454","573","492","C2674574"
"9456","2","5","7","60","36","71","341","223","219","C2674574"
"3814","2","5","4","68","96","326","427","548","672","C2674723"
"4853","2","3","12","19","124","143","428","236","667","C2674723"
"9935","2","3","12","19","31","1","426","55","78","C2674737"
"1548","2","3","5","91","214","226","326","447","586","C2674737"
"2697","2","3","7","76","153","40","38","54","75","C2674737"
"545","2","3","12","19","31","261","116","1","86","C2674738"
"2132","2","3","2","74","58","112","148","193","263","C2674738"
"8202","2","3","12","19","151","276","91","433","118","C2674738"
"6138","2","3","2","110","85","237","433","547","671","C2674738"
"2653","2","3","2","67","104","214","234","306","388","C2675111"
"7476","2","5","3","68","221","197","259","560","422","C2675111"
"10743","2","3","3","19","151","276","91","433","118","C2675111"
"23345","2","3","12","19","31","1","426","55","78","C2675111"
"973","2","5","7","53","14","20","25","40","186","C2675111"
"7428","2","3","12","41","116","268","434","468","213","C2675111"
"6532","2","5","8","45","94","199","240","415","666","C2675111"
"23503","2","3","6","11","142","225","142","220","298","C2675111"
"1028","2","3","12","19","31","1","116","1","86","C2675111"
"427","2","3","7","34","52","216","395","549","420","C2675111"
"5604","2","5","7","53","14","20","34","540","68","C2675111"
"8050","2","3","2","67","92","293","55","75","311","C2675111"
"6606","2","3","2","22","33","323","66","101","136","C2675111"
"796","2","5","4","68","96","326","427","548","672","C2675334"
"5727","2","3","12","68","221","197","259","560","422","C2675334"
"5447","2","3","5","91","214","271","372","471","586","C2675334"
"26277","2","3","12","19","31","1","426","1","78","C2675334"
"5889","2","3","12","19","31","261","116","1","86","C2675334"
"9150","2","3","12","19","31","261","116","159","211","C2675334"
"2730","2","3","2","83","171","97","381","478","597","C2675334"
"7299","2","3","5","23","18","138","250","332","407","C2675334"
"94","2","5","7","53","51","342","259","423","389","C2675520"
"4069","2","5","7","34","52","216","395","549","674","C2675520"
"9343","2","3","2","22","33","323","66","101","136","C2675520"
"4597","2","3","3","72","151","276","91","433","118","C2675520"
"5979","2","5","7","53","14","20","25","40","186","C2675520"
"22861","2","3","12","41","219","339","156","568","697","C2675520"
"6535","2","5","8","45","94","199","240","415","666","C2675520"
"9569","2","3","12","19","31","276","91","433","118","C2675540"
"2074","2","3","12","19","31","1","426","55","78","C2675540"
"5159","2","5","7","53","14","20","25","40","186","C2675540"
"348","2","5","7","53","51","342","454","573","492","C2675624"
"472","2","3","12","19","31","261","116","1","86","C2675624"
"7168","2","5","8","63","45","23","103","464","187","C2675627"
"6794","2","3","12","53","14","20","34","540","68","C2675627"
"2263","2","5","7","53","14","20","25","40","186","C2675750"
"2263","2","5","7","53","14","20","25","40","186","C2675750"
"3295","2","3","5","43","161","305","409","208","482","C2675920"
"7124","2","3","12","41","219","339","156","568","697","C2675920"
"60","2","3","12","60","45","184","155","287","78","C2675920"
"3299","2","3","12","42","81","296","399","201","274","C2675920"
"1594","2","3","5","92","163","96","363","460","487","C2676026"
"1431","2","3","2","48","92","50","304","167","593","C2676026"
"4792","2","3","12","41","219","339","156","568","605","C2676026"
"2920","2","5","4","68","96","326","427","548","672","C2676026"
"3431","2","3","12","53","184","119","156","287","116","C2676026"
"26160","2","3","12","76","153","40","38","54","75","C2676026"
"29925","2","3","2","68","66","123","158","207","278","C2676198"
"10084","2","3","2","22","33","323","66","101","136","C2676198"
"1134","2","5","8","27","70","99","162","216","290","C2676198"
"7098","2","5","7","41","219","339","156","568","697","C2676243"
"2202","2","5","7","53","51","342","454","573","492","C2676243"
"3889","2","1","6","11","142","225","142","220","298","C2676243"
"8878","2","3","12","41","219","339","156","568","697","C2676500"
"2705","2","3","12","76","153","40","38","54","75","C2676500"
"338","2","5","7","53","51","342","454","573","492","C2676676"
"10020","2","3","2","89","124","204","42","452","258","C2676676"
"1290","2","5","7","53","51","342","454","573","492","C2676676"
"80169","2","3","12","19","31","261","116","1","86","C2676676"
"540","2","5","8","63","45","23","103","464","187","C2676676"
"2208","2","5","7","53","51","119","25","489","416","C2676676"
"596","2","3","12","19","219","339","402","489","416","C2676676"
"6657","2","3","12","19","221","321","428","541","667","C2676676"
"5864","2","5","7","60","54","24","30","46","72","C2676676"
"64324","2","3","12","19","31","1","426","55","78","C2676676"
"5340","2","5","7","53","51","342","454","573","492","C2676676"
"5194","2","3","5","43","161","305","409","208","482","C2676676"
"54903","2","3","12","76","153","40","38","54","75","C2676832"
"51816","2","5","7","34","52","216","395","549","674","C2676832"
"2645","2","3","2","90","167","266","367","101","664","C2676973"
"9401","2","3","12","76","31","261","116","1","86","C2676973"
"54361","2","5","3","68","221","197","259","560","422","C2676973"
"1280","2","5","7","53","51","342","454","573","492","C2676973"
"2006","2","5","7","53","51","342","454","573","492","C2676973"
"2161","2","5","7","68","51","119","395","549","674","C2676974"
"26608","2","3","2","22","170","50","119","463","153","C2676974"
"10466","2","5","7","60","153","40","38","66","203","C2676974"
"5580","2","5","7","34","52","216","395","287","116","C2676974"
"3500","2","5","7","53","51","119","395","549","674","C2676974"
"860","2","3","12","19","31","276","91","433","118","C2676974"
"1293","2","5","7","53","51","342","454","573","492","C2677002"
"1311","2","5","7","53","51","342","454","573","492","C2677002"
"987","2","3","6","48","94","279","347","330","304","C2677180"
"5189","2","3","5","43","161","305","409","208","482","C2677180"
"79147","2","3","2","27","36","150","430","215","628","C2677328"
"6736","2","3","12","19","31","276","91","433","667","C2677328"
"1906","2","5","4","68","96","326","427","548","672","C2677328"
"7033","2","3","12","19","31","1","426","55","78","C2677328"
"6833","2","5","8","45","36","166","240","415","666","C2677328"
"1442","2","5","7","53","14","20","25","40","186","C2677328"
"10558","2","3","2","50","47","39","100","321","209","C2677328"
"22868","2","3","2","48","182","67","76","463","153","C2677328"
"1154","2","3","12","41","116","268","434","468","213","C2677328"
"1184","2","5","8","63","45","23","34","464","187","C2677328"
"7879","2","5","7","34","54","24","30","46","72","C2677328"
"23095","2","3","7","76","153","40","38","54","75","C2677349"
"6347","2","5","7","53","51","119","427","489","416","C2677349"
"2261","2","5","7","53","14","20","25","40","186","C2677362"
"84570","2","5","7","53","51","342","454","573","492","C2677362"
"4351","2","3","2","90","167","266","367","500","577","C2677362"
"9241","2","5","7","53","51","342","259","423","389","C2677378"
"1583","2","3","5","79","152","273","375","100","589","C2677378"
"3549","2","5","3","53","51","197","259","560","422","C2677378"
"958","2","5","7","53","51","119","156","568","697","C2677378"
"196","2","3","3","19","151","276","91","433","118","C2677378"
"5428","2","3","2","48","170","50","119","167","593","C2677378"
"1026","2","3","12","19","31","1","116","489","416","C2677378"
"1727","2","3","7","34","52","216","395","549","197","C2677378"
"5663","2","5","7","34","52","216","395","549","667","C2677378"
"8869","2","3","2","89","124","204","272","347","451","C2677378"
"3728","2","5","7","34","52","225","142","220","298","C2677378"
"6017","2","3","2","69","83","101","126","170","224","C2677378"
"2245","2","5","7","60","54","24","30","46","72","C2677378"
"5982","2","3","12","19","31","261","116","1","86","C2677378"
"54829","2","5","7","53","51","342","454","573","492","C2677378"
"3630","2","5","7","53","14","20","25","40","186","C2677378"
"5293","2","3","7","53","14","20","25","40","186","C2677485"
"1954","2","5","7","53","51","342","454","573","492","C2677485"
"5745","2","5","4","68","96","326","427","548","672","C2677637"
"9631","2","3","12","22","33","323","66","101","664","C2677637"
"54551","2","3","12","41","219","197","156","568","422","C2677650"
"72","2","5","8","63","45","23","103","464","187","C2677650"
"4337","2","3","2","80","91","75","204","267","352","C2677869"
"2077","2","3","12","76","153","40","38","54","75","C2677869"
"54487","2","3","2","22","33","323","66","101","136","C2677869"
"11041","2","3","2","27","36","150","341","223","628","C2677869"
"26012","2","3","12","19","31","261","116","159","211","C2677869"
"81839","2","3","2","41","36","71","259","64","422","C2677869"
"23495","2","3","12","41","219","339","156","568","697","C2677869"
"4338","2","3","2","110","85","75","204","267","352","C2677869"
"9210","2","5","7","53","51","342","454","573","492","C2677869"
"22954","2","3","12","41","116","268","434","468","213","C2677869"
"4867","2","5","7","76","153","40","38","54","75","C2677869"
"4000","2","3","12","26","105","178","226","297","156","C2677869"
"5624","2","5","7","53","51","342","454","573","492","C2677869"
"3736","2","5","8","63","36","166","106","110","158","C2677869"
"3845","2","5","7","60","54","24","30","46","72","C2677869"
"8318","2","3","12","76","31","261","116","1","86","C2677869"
"2110","2","3","2","48","170","50","119","444","556","C2677869"
"3592","2","5","7","53","51","119","25","489","416","C2677869"
"6311","2","3","2","22","33","323","66","362","468","C2677869"
"2773","2","5","4","68","96","326","427","548","672","C2677869"
"4864","2","3","5","48","152","184","341","544","669","C2677869"
"5173","2","5","4","68","96","326","427","548","672","C2677869"
"54716","2","5","8","45","94","199","240","415","666","C2677869"
"2317","2","5","7","63","45","23","103","287","664","C2677869"
"229","2","3","2","90","167","266","367","500","577","C2677869"
"6663","2","3","3","19","221","321","428","541","667","C2677869"
"2627","2","3","12","19","31","118","155","287","116","C2677869"
"10049","2","3","12","22","219","339","347","271","356","C2677869"
"1144","2","5","8","27","70","99","162","216","290","C2677869"
"10002","2","3","3","19","151","276","91","433","118","C2677869"
"4948","2","5","8","63","45","23","250","464","187","C2678065"
"6654","2","5","7","60","54","24","30","46","72","C2678065"
"8546","2","5","7","60","18","184","341","544","669","C2678065"
"3552","2","3","12","53","51","119","156","489","416","C2678065"
"2767","2","5","4","68","96","326","427","548","672","C2678065"
"7050","2","3","12","19","31","321","428","541","667","C2678065"
"282808","2","5","7","60","54","24","30","46","72","C2678098"
"3578","2","5","7","53","70","99","25","543","290","C2678098"
"22943","2","5","3","68","221","197","259","560","422","C2678248"
"3954","2","3","2","48","170","67","119","444","593","C2678248"
"156","2","5","4","68","96","326","427","548","672","C2678303"
"335","2","5","7","53","51","342","454","573","492","C2678303"
"4221","2","3","12","19","31","342","454","573","492","C2678303"
"2629","2","3","5","80","81","250","291","152","420","C2678303"
"10020","2","3","2","89","124","204","42","452","258","C2678303"
"3119","2","5","7","53","153","119","156","287","116","C2678397"
"6497","2","5","3","19","221","342","259","423","389","C2678397"
"7504","2","5","4","68","96","326","427","548","672","C2678480"
"9993","2","5","7","53","51","342","454","573","492","C2678480"
"5310","2","5","7","53","51","335","444","560","373","C2678480"
"9968","2","4","3","24","119","330","214","454","144","C2697932"
"473","2","3","12","19","31","1","426","55","78","C2697932"
"54209","2","5","7","53","51","119","395","549","674","C2697932"
"5832","2","3","2","101","62","189","182","509","252","C2697932"
"5922","2","5","7","60","54","24","30","46","72","C2700265"
"4204","2","3","12","19","31","1","426","55","78","C2700265"
"1723","2","3","2","48","170","50","119","444","556","C2700265"
"1294","2","5","7","53","51","342","454","573","492","C2700265"
"5354","2","5","7","27","36","150","341","223","628","C2700553"
"4000","2","3","12","26","105","178","226","297","156","C2700553"
"1308","2","5","7","53","51","119","454","573","492","C2700553"
"440275","2","3","2","110","85","237","433","547","671","C2700553"
"10262","2","3","2","22","33","323","66","101","136","C2700553"
"1991","2","5","7","34","52","216","395","549","674","C2700553"
"3930","2","3","2","22","33","323","66","3","464","C2700553"
"6628","2","3","2","22","33","323","66","101","136","C2700553"
"5290","2","3","7","53","14","20","25","40","186","C2712334"
"2121","2","3","12","41","116","268","434","568","605","C2712334"
"2261","2","5","7","53","14","20","25","40","186","C2712334"
"3954","2","3","2","48","170","67","119","444","593","C2712334"
"51057","2","3","12","76","153","40","38","54","75","C2712334"
"7227","2","3","12","19","31","276","91","433","118","C2712334"
"55650","2","3","2","61","77","142","176","235","557","C2712334"
"9820","2","3","12","41","116","268","434","468","213","C2712334"
"2688","2","5","7","53","51","119","25","40","186","C2712907"
"54209","2","5","7","53","51","119","395","549","674","C2712907"
"9401","2","3","12","76","31","261","116","1","86","C2712907"
"23322","2","3","12","76","153","40","38","54","75","C2717905"
"1387","2","3","12","19","31","276","91","433","118","C2717905"
"1410","2","3","12","63","45","23","38","54","187","C2717961"
"2821","2","5","7","34","52","216","395","549","577","C2717961"
"471","2","3","5","80","81","61","373","341","142","C2718128"
"2138","2","3","12","19","31","1","426","55","78","C2718128"
"1716","2","3","2","27","36","150","221","138","188","C2718128"
"3586","2","5","7","53","51","119","25","489","416","C2718128"
"355","2","3","7","41","219","339","156","568","697","C2718128"
"9896","2","3","5","80","81","296","399","201","274","C2718128"
"7133","2","5","7","34","52","216","395","549","697","C2718128"
"5828","2","3","5","43","161","305","409","208","482","C2745997"
"90121","2","3","2","48","57","110","141","359","462","C2745997"
"5551","2","5","7","53","51","119","395","549","674","C2745997"
"269","2","5","7","53","14","20","259","423","389","C2745997"
"9049","2","3","3","41","151","276","378","271","356","C2745997"
"80776","2","3","12","76","153","40","38","54","75","C2745997"
"5017","2","3","12","19","31","1","66","101","78","C2745997"
"54714","2","5","8","63","36","166","106","110","158","C2745997"
"2645","2","3","2","90","167","266","367","101","664","C2746066"
"30008","2","5","7","53","51","342","454","573","492","C2746066"
"8085","2","3","12","19","31","1","426","55","78","C2746066"
"7140","2","5","8","63","45","23","103","464","187","C2746066"
"974","2","5","7","53","51","119","395","549","674","C2748518"
"4089","2","3","12","19","219","339","259","423","605","C2748518"
"1717","2","3","2","19","151","276","48","69","204","C2748531"
"7291","2","3","12","19","151","276","91","489","416","C2748531"
"2316","2","5","7","53","51","342","454","573","702","C2748571"
"9415","2","3","5","26","46","88","108","150","125","C2748571"
"4867","2","5","7","76","153","40","38","54","75","C2748610"
"3458","2","5","7","53","184","119","156","287","116","C2748610"
"3730","2","5","7","53","14","20","25","40","186","C2748652"
"1736","2","3","2","110","85","237","433","547","671","C2748652"
"6774","2","3","12","53","14","276","25","489","416","C2748652"
"2778","2","5","4","68","96","326","427","548","672","C2748652"
"23476","2","3","12","19","31","1","426","159","211","C2748652"
"5444","2","3","5","80","147","236","328","411","229","C2748652"
"5972","2","5","5","34","52","216","397","418","568","C2748652"
"701","2","3","12","76","153","40","38","54","75","C2748895"
"388","2","5","7","60","54","24","30","46","72","C2748895"
"4854","2","5","7","53","51","143","428","236","667","C2748910"
"6663","2","3","3","19","221","321","428","541","667","C2748910"
"427","2","3","7","34","52","216","395","549","420","C2748910"
"54714","2","5","8","63","36","166","106","110","158","C2748910"
"4141","2","3","2","110","85","237","433","547","154","C2749369"
"2521","2","3","2","22","33","323","66","101","136","C2749369"
"26504","2","3","5","42","81","296","399","201","274","C2749369"
"9321","2","3","12","76","153","40","38","54","203","C2749463"
"4838","2","5","3","53","221","321","259","423","389","C2749463"
"4758","2","3","7","34","52","216","395","549","517","C2749463"
"3081","2","3","2","91","51","3","267","308","429","C2749463"
"7124","2","3","12","41","219","339","156","568","697","C2749463"
"3166","2","3","3","19","221","321","428","541","667","C2749463"
"7066","2","5","7","53","51","119","25","573","416","C2749463"
"79571","2","5","7","60","54","24","98","66","203","C2749463"
"5979","2","5","7","53","14","20","25","40","186","C2749463"
"2177","2","3","2","110","90","261","431","545","443","C2749463"
"7274","2","3","5","43","161","99","162","216","290","C2749463"
"2074","2","3","12","19","31","1","426","55","78","C2749463"
"2239","2","3","2","74","51","342","454","573","492","C2749463"
"1499","2","3","12","19","221","197","259","560","422","C2749463"
"25782","2","5","7","60","54","24","30","46","72","C2749463"
"6514","2","5","7","90","216","337","448","565","562","C2749463"
"4088","2","3","12","19","219","339","259","423","605","C2749463"
"25978","2","3","2","48","57","110","141","359","462","C2749463"
"5187","2","3","3","19","151","276","91","433","118","C2749463"
"3265","2","5","7","60","54","24","30","46","72","C2749463"
"4689","2","5","7","60","14","20","25","40","215","C2749463"
"25915","2","3","2","48","170","50","119","444","556","C2749463"
"3636","2","3","5","80","14","20","25","40","186","C2749463"
"1305","2","5","7","53","51","342","454","573","492","C2749463"
"8802","2","3","8","67","92","293","55","75","311","C2749463"
"2736","2","3","12","41","116","321","428","54","667","C2749463"
"7436","2","5","7","53","51","342","341","544","669","C2749463"
"2260","2","5","7","53","14","20","25","40","186","C2749463"
"183","2","5","4","68","96","326","427","548","672","C2749463"
"5824","2","3","5","47","144","185","238","310","392","C2749582"
"5376","2","5","7","53","51","342","454","573","492","C2749582"
"4948","2","5","8","63","45","23","250","464","187","C2749582"
"2255","2","5","7","53","14","20","25","40","186","C2749582"
"2255","2","5","7","53","14","20","25","40","186","C2749604"
"7138","2","5","8","63","45","23","103","464","187","C2749604"
"8891","2","3","2","110","85","237","433","547","671","C2749604"
"2492","2","5","4","68","96","326","427","548","672","C2749604"
"545","2","3","12","19","31","261","116","1","86","C2749604"
"7545","2","5","3","34","52","216","142","220","298","C2749625"
"2778","2","5","4","68","96","326","427","548","672","C2749625"
"5979","2","5","7","53","14","20","25","40","186","C2749625"
"9451","2","3","2","110","51","335","226","297","380","C2749675"
"3115","2","5","7","53","184","119","156","287","116","C2749675"
"23729","2","3","2","90","167","148","36","51","383","C2749675"
"24","2","3","12","41","116","268","423","536","445","C2749675"
"5993","2","3","12","19","31","1","426","55","78","C2749675"
"4784","2","3","2","22","33","261","116","159","211","C2749675"
"2158","2","5","7","68","51","119","395","549","674","C2749675"
"1294","2","5","7","53","51","342","454","573","492","C2749675"
"5048","2","3","12","76","153","40","38","54","75","C2749675"
"7466","2","5","7","53","51","342","454","573","492","C2749675"
"4436","2","3","12","19","31","261","116","1","86","C2749675"
"29926","2","3","2","68","66","123","158","207","278","C2749675"
"8890","2","3","2","110","85","237","433","547","671","C2749675"
"3981","2","3","12","19","31","261","116","1","86","C2749675"
"54880","2","3","12","19","31","1","426","55","78","C2749675"
"5264","2","3","5","43","161","305","409","208","482","C2749675"
"412","2","3","5","105","155","250","291","152","420","C2749675"
"1293","2","5","7","53","51","342","454","573","492","C2749675"
"22930","2","5","7","60","54","24","30","46","72","C2749675"
"633","2","5","7","53","51","342","454","573","492","C2749688"
"23405","2","3","2","22","33","323","66","146","194","C2749688"
"6648","2","3","2","95","151","160","378","173","229","C2749688"
"9786","2","3","12","76","153","40","38","54","75","C2749757"
"8504","2","3","5","47","144","185","238","310","392","C2749757"
"6557","2","5","8","45","94","199","240","415","666","C2749861"
"811","2","3","2","41","116","342","423","536","342","C2749861"
"7169","2","5","8","63","45","23","103","464","187","C2749861"
"3930","2","3","2","22","33","323","66","3","464","C2750088"
"26276","2","3","7","60","81","184","341","66","203","C2750088"
"7157","2","3","12","19","31","261","402","489","551","C2750088"
"4254","2","5","7","53","14","20","25","40","186","C2750180"
"1290","2","5","7","53","51","342","454","573","492","C2750180"
"4129","2","3","5","63","63","120","197","203","350","C2750180"
"25814","2","3","2","48","170","110","119","444","462","C2750180"
"9409","2","3","5","43","161","305","409","208","482","C2750180"
"22954","2","3","12","41","116","268","434","468","213","C2750325"
"2138","2","3","12","19","31","1","426","55","78","C2750325"
"860","2","3","12","19","31","276","91","433","118","C2750604"
"51098","2","3","12","76","153","40","38","54","75","C2750604"
"2200","2","5","7","53","51","342","454","573","492","C2750604"
"23483","2","3","2","28","191","306","143","452","258","C2750654"
"860","2","3","12","19","31","276","91","433","118","C2750654"
"6208","2","3","2","110","85","237","433","547","671","C2750787"
"1188","2","5","8","63","45","23","34","464","187","C2750787"
"5079","2","3","3","19","221","321","428","541","667","C2750915"
"1026","2","3","12","19","31","1","116","489","416","C2750915"
"3106","2","5","7","34","52","119","395","549","674","C2750915"
"9469","2","3","2","103","189","303","29","475","467","C2751260"
"11128","2","3","2","22","33","261","116","159","211","C2751260"
"6834","2","3","2","48","170","50","119","444","556","C2751260"
"8842","2","5","5","53","82","147","184","179","328","C2751260"
"6356","2","5","7","53","51","326","427","489","416","C2751582"
"8573","2","5","7","53","36","71","341","223","219","C2751582"
"22953","2","5","8","63","45","23","306","390","158","C2751582"
"7169","2","5","8","63","45","23","103","464","187","C2751582"
"3984","2","5","7","53","14","20","34","540","68","C2751582"
"805","2","5","8","53","45","20","34","464","187","C2751582"
"775","2","5","8","63","36","166","341","223","158","C2751582"
"65250","2","3","12","76","153","40","38","54","75","C2751582"
"55280","2","3","2","22","33","323","66","101","136","C2751582"
"2218","2","5","2","53","123","194","255","560","373","C2751582"
"9939","2","3","2","22","33","323","66","101","136","C2751582"
"5048","2","3","12","76","153","40","38","54","75","C2751582"
"10766","2","3","12","19","31","1","426","55","78","C2751582"
"2033","2","3","12","19","31","1","91","433","118","C2751582"
"1280","2","5","7","53","51","342","454","573","492","C2751582"
"3758","2","5","8","63","36","166","106","110","158","C2751608"
"5194","2","3","5","43","161","305","409","208","482","C2751608"
"229","2","3","2","90","167","266","367","500","577","C2751608"
"7681","2","3","12","41","116","268","434","468","213","C2751608"
"5824","2","3","5","47","144","185","238","310","392","C2751608"
"5075","2","3","3","19","221","321","428","541","667","C2751608"
"4221","2","3","12","19","31","342","454","573","492","C2751824"
"3105","2","5","7","53","51","119","156","287","116","C2751824"
"7157","2","3","12","19","31","261","402","489","551","C2751824"
"6927","2","3","3","19","221","321","428","541","667","C2751898"
"5873","2","5","7","34","54","24","30","46","72","C2751898"
"10804","2","3","12","76","153","40","38","54","75","C2751938"
"3123","2","5","7","53","51","119","156","287","116","C2751938"
"6911","2","5","6","19","142","335","259","560","373","C2751938"
"1760","2","5","8","63","14","20","34","540","68","C2830004"
"23171","2","3","5","116","183","295","398","552","622","C2830004"
"948","2","5","7","34","52","216","91","433","702","C2830004"
"6197","2","3","12","19","14","20","34","540","68","C2830004"
"132","2","3","2","110","85","237","433","80","394","C2830004"
"257","2","3","3","19","221","321","428","541","667","C2830004"
"7471","2","5","3","68","221","197","259","560","422","C2830004"
"1280","2","5","7","53","51","342","454","573","492","C2830004"
"23363","2","3","12","41","116","268","434","468","213","C2830004"
"6890","2","3","12","41","184","119","156","568","116","C2830004"
"4193","2","3","12","19","31","1","116","89","605","C2830004"
"1146","2","5","8","27","70","99","162","216","290","C2830004"
"2253","2","5","7","53","14","20","25","40","186","C2830004"
"7099","2","5","7","41","219","339","156","568","697","C2830004"
"4306","2","3","3","19","151","276","91","433","118","C2830004"
"55612","2","5","7","60","36","71","177","560","701","C2919945"
"8322","2","5","3","68","221","184","259","544","669","C2919945"
"7319","2","3","12","41","116","268","434","468","213","C2919945"
"54840","2","3","12","19","31","261","116","1","86","C2930812"
"287","2","5","7","76","153","40","38","54","203","C2930812"
"1583","2","3","5","79","152","273","375","100","589","C2930812"
"1311","2","5","7","53","51","342","454","573","492","C2930812"
"8799","2","3","5","43","161","305","409","208","482","C2930812"
"7099","2","5","7","41","219","339","156","568","697","C2930812"
"9364","2","5","7","60","54","24","30","46","72","C2930812"
"3852","2","1","6","11","142","225","142","220","298","C2930812"
"1301","2","5","7","53","51","342","454","573","492","C2930812"
"348","2","5","7","53","51","342","454","573","492","C2930812"
"2318","2","5","7","53","45","23","103","464","187","C2930812"
"1131","2","5","4","68","96","326","427","548","672","C2930812"
"5073","2","3","2","110","85","323","433","146","194","C2930812"
"3440","2","3","12","19","184","118","155","287","116","C2930812"
"5167","2","3","5","32","93","163","207","303","126","C2930812"
"11235","2","3","2","76","137","76","136","472","435","C2930812"
"7518","2","3","12","19","31","261","116","1","86","C2930812"
"4539","2","3","2","53","184","86","107","560","195","C2930812"
"4914","2","3","2","22","18","266","202","252","252","C2930812"
"6566","2","3","2","67","37","316","422","535","660","C2930812"
"7020","2","3","12","19","31","276","91","433","664","C2930812"
"26012","2","3","12","19","31","261","116","159","211","C2930812"
"10102","2","3","2","48","182","67","76","463","153","C2930812"
"7010","2","5","7","53","14","20","25","40","186","C2930812"
"30008","2","5","7","53","51","342","454","573","492","C2930821"
"3868","2","1","6","11","142","225","142","220","298","C2930821"
"2626","2","3","12","19","31","118","155","287","116","C2930821"
"1188","2","5","8","63","45","23","34","464","187","C2930821"
"6890","2","3","12","41","184","119","156","568","116","C2930821"
"617","2","3","2","48","170","50","304","167","593","C2930821"
"54567","2","5","7","53","51","143","428","236","667","C2930865"
"5447","2","3","5","91","214","271","372","471","586","C2930865"
"5915","2","3","3","19","151","276","91","433","118","C2930865"
"3991","2","3","5","80","81","166","57","83","658","C2930865"
"4893","2","5","7","34","52","24","30","46","72","C2930865"
"5624","2","5","7","53","51","342","454","573","492","C2930865"
"80184","2","5","7","34","52","216","38","54","75","C2930865"
"7136","2","5","8","63","45","23","103","464","187","C2930865"
"1969","2","5","7","53","14","20","25","560","186","C2930930"
"1203","2","3","2","41","170","342","423","536","342","C2930930"
"140","2","5","4","68","96","326","427","548","672","C2931035"
"5573","2","3","12","19","184","118","155","287","116","C2931035"
"1594","2","3","5","92","163","96","363","460","487","C2931038"
"207","2","3","7","53","14","20","34","489","416","C2931038"
"7248","2","3","2","48","57","110","141","359","462","C2931038"
"4255","2","3","12","19","31","261","116","1","86","C2931038"
"3558","2","5","7","53","14","20","25","40","186","C2931038"
"8924","2","3","12","41","116","268","434","468","213","C2931038"
"29072","2","3","12","19","31","1","426","55","78","C2931038"
"22900","2","3","12","41","219","339","156","568","697","C2931038"
"4159","2","5","4","68","96","326","427","548","672","C2931059"
"4524","2","3","2","15","166","104","369","117","583","C2931059"
"2260","2","5","7","53","14","20","25","40","186","C2931082"
"6389","2","3","2","48","170","50","119","444","556","C2931082"
"8805","2","3","3","19","151","276","91","433","118","C2931092"
"5913","2","5","7","27","36","71","341","223","219","C2931092"
"551","2","5","4","68","96","326","427","548","672","C2931092"
"5428","2","3","2","48","170","50","119","167","593","C2931092"
"5551","2","5","7","53","51","119","395","549","674","C2931092"
"5781","2","5","7","53","14","20","25","40","186","C2931092"
"2773","2","5","4","68","96","326","427","548","672","C2931092"
"54903","2","3","12","76","153","40","38","54","75","C2931104"
"4633","2","5","8","63","45","23","103","464","187","C2931104"
"2235","2","3","2","17","24","51","132","175","473","C2931107"
"116","2","5","4","68","96","326","427","548","672","C2931107"
"1080","2","3","12","41","219","339","156","544","669","C2931107"
"3352","2","5","4","68","96","326","427","548","672","C2931107"
"4088","2","3","12","19","219","339","259","423","605","C2931122"
"4247","2","3","2","68","67","320","98","180","279","C2931122"
"7040","2","5","7","53","51","342","454","573","492","C2931122"
"26227","2","3","2","41","137","44","208","81","108","C2931132"
"9487","2","3","5","80","81","142","176","235","317","C2931132"
"3783","2","5","8","63","36","166","106","110","158","C2931189"
"6696","2","5","7","53","51","342","454","573","492","C2931189"
"760","2","3","5","35","41","77","40","78","178","C2931189"
"3423","2","3","5","74","3","342","374","294","590","C2931189"
"9049","2","3","3","41","151","276","378","271","356","C2931189"
"3930","2","3","2","22","33","323","66","3","464","C2931189"
"5354","2","5","7","27","36","150","341","223","628","C2931189"
"5604","2","5","7","53","14","20","34","540","68","C2931196"
"3418","2","3","2","67","151","276","33","48","155","C2931196"
"5194","2","3","5","43","161","305","409","208","482","C2931208"
"23495","2","3","12","41","219","339","156","568","697","C2931208"
"2299","2","3","3","19","221","321","428","541","667","C2931253"
"5351","2","5","7","53","51","342","454","573","492","C2931253"
"5297","2","3","2","11","54","225","181","441","555","C2931254"
"9126","2","3","12","76","153","40","38","54","75","C2931254"
"3861","2","1","6","11","142","225","142","220","298","C2931268"
"9820","2","3","12","41","116","268","434","468","213","C2931268"
"4988","2","5","4","68","96","326","427","548","672","C2931277"
"10370","2","3","12","19","31","276","91","433","118","C2931277"
"2263","2","5","7","53","14","20","25","40","186","C2931277"
"866","2","5","7","68","51","342","454","573","492","C2931277"
"3953","2","5","7","53","14","20","25","40","186","C2931322"
"1537","2","3","2","48","170","50","304","167","593","C2931322"
"5551","2","5","7","53","51","119","395","549","674","C2931322"
"1440","2","5","7","53","51","119","25","489","416","C2931322"
"5251","2","3","5","80","81","296","474","593","722","C2931322"
"1294","2","5","7","53","51","342","454","573","492","C2931322"
"55135","2","3","12","76","137","76","136","472","435","C2931322"
"10908","2","3","2","97","173","275","377","473","592","C2931322"
"1832","2","5","7","34","52","225","142","220","298","C2931322"
"8600","2","5","7","41","219","339","156","568","697","C2931337"
"79823","2","3","4","68","45","272","347","518","621","C2931337"
"54487","2","3","2","22","33","323","66","101","136","C2931337"
"51314","2","3","2","76","153","178","378","54","229","C2931367"
"1300","2","5","7","53","51","342","454","573","492","C2931367"
"4193","2","3","12","19","31","1","116","89","605","C2931367"
"23093","2","3","12","76","153","40","38","54","75","C2931367"
"51057","2","3","12","76","153","40","38","54","75","C2931367"
"54332","2","3","2","60","170","40","98","66","203","C2931367"
"2271","2","3","5","80","81","166","170","226","305","C2931367"
"2558","2","5","8","27","70","99","162","216","290","C2931384"
"1832","2","5","7","34","52","225","142","220","298","C2931384"
"10013","2","3","12","19","31","143","91","236","311","C2931416"
"5327","2","5","7","53","51","342","454","573","492","C2931416"
"9401","2","3","12","76","31","261","116","1","86","C2931418"
"1581","2","3","5","19","151","276","91","433","118","C2931418"
"23594","2","3","12","76","153","261","116","1","86","C2931418"
"10293","2","3","12","41","116","268","434","468","213","C2931418"
"158326","2","5","7","53","51","342","454","573","492","C2931434"
"3483","2","5","7","53","51","342","454","573","492","C2931434"
"7480","2","5","3","68","221","197","259","560","422","C2931456"
"3931","2","3","5","116","183","295","454","243","327","C2931456"
"1134","2","5","8","27","70","99","162","216","290","C2931456"
"2263","2","5","7","53","14","20","25","40","186","C2931456"
"2705","2","3","12","76","153","40","38","54","75","C2931456"
"5428","2","3","2","48","170","50","119","167","593","C2931456"
"2263","2","5","7","53","14","20","25","40","186","C2931456"
"6223","2","3","2","110","85","237","433","547","671","C2931456"
"3105","2","5","7","53","51","119","156","287","116","C2931456"
"26229","2","3","2","74","205","191","396","408","257","C2931456"
"1302","2","5","7","53","51","342","454","573","492","C2931456"
"338","2","5","7","53","51","342","454","573","492","C2931456"
"6341","2","3","2","48","170","50","119","444","556","C2931456"
"9289","2","5","4","68","96","326","427","548","672","C2931459"
"3853","2","1","6","11","142","225","142","220","298","C2931459"
"3851","2","3","12","76","153","40","38","54","75","C2931482"
"55005","2","3","2","68","96","326","427","429","544","C2931482"
"6399","2","5","7","60","54","24","30","46","72","C2931574"
"1144","2","5","8","27","70","99","162","216","290","C2931574"
"6204","2","3","2","110","85","237","433","547","671","C2931673"
"3040","2","5","5","53","51","342","40","78","178","C2931673"
"3728","2","5","7","34","52","225","142","220","298","C2931673"
"4683","2","3","12","19","31","261","116","1","86","C2931673"
"51604","2","3","2","61","77","142","176","235","317","C2931673"
"2812","2","5","7","53","51","342","454","573","492","C2931673"
"5728","2","3","5","80","81","339","156","568","605","C2931673"
"10165","2","3","2","48","170","50","304","167","593","C2931673"
"60468","2","3","12","19","31","276","91","433","118","C2931673"
"1280","2","5","7","53","51","342","454","573","492","C2931673"
"5077","2","3","3","19","221","321","428","541","667","C2931713"
"7456","2","5","7","60","14","20","25","40","215","C2931713"
"4000","2","3","12","26","105","178","226","297","156","C2931735"
"94","2","5","7","53","51","342","259","423","389","C2931735"
"9968","2","4","3","24","119","330","214","454","144","C2931735"
"55275","2","5","7","60","54","24","98","66","203","C2931753"
"7020","2","3","12","19","31","276","91","433","664","C2931753"
"2263","2","5","7","53","14","20","25","40","186","C2931758"
"860","2","3","12","19","31","276","91","433","118","C2931758"
"2328","2","3","5","91","214","226","326","413","530","C2931781"
"7421","2","3","3","19","151","276","91","433","118","C2931781"
"4720","2","3","2","48","170","50","119","444","556","C2931788"
"55835","2","3","12","76","153","40","38","54","75","C2931788"
"9469","2","3","2","103","189","303","29","475","467","C2931788"
"190","2","3","3","19","151","276","91","433","118","C2931788"
"3717","2","5","7","53","14","20","25","40","186","C2931788"
"57393","2","3","8","45","94","199","240","415","666","C2931788"
"875","2","3","5","80","137","44","21","451","316","C2931788"
"7140","2","5","8","63","45","23","103","464","187","C2931788"
"50640","2","3","5","116","183","295","398","243","327","C2931788"
"5450","2","3","12","19","221","261","116","159","211","C2931803"
"9896","2","3","5","80","81","296","399","201","274","C2931803"
"6635","2","3","2","22","33","323","66","101","136","C2931803"
"6569","2","3","8","45","94","199","240","415","666","C2931817"
"3630","2","5","7","53","14","20","25","40","186","C2931817"
"7054","2","3","5","80","81","166","34","258","345","C2931817"
"659","2","5","7","53","14","20","259","423","389","C2931817"
"5538","2","3","2","115","18","340","269","342","444","C2931822"
"8626","2","3","3","19","221","321","428","541","667","C2931822"
"9518","2","5","7","53","51","342","259","423","389","C2931822"
"2833","2","5","4","68","96","326","427","548","672","C2931822"
"51360","2","3","3","26","35","276","91","433","203","C2931822"
"29078","2","3","2","48","170","50","119","444","556","C2931822"
"5897","2","3","12","41","116","268","141","568","605","C2931822"
"4214","2","3","12","41","219","339","34","540","117","C2931822"
"142","2","3","12","19","31","261","116","1","86","C2931822"
"1855","2","5","12","76","153","197","259","560","422","C2931822"
"1075","2","5","7","34","52","216","395","549","674","C2931822"
"249","2","3","5","27","51","335","444","560","373","C2931822"
"10002","2","3","3","19","151","276","91","433","118","C2931822"
"9968","2","4","3","24","119","330","214","454","144","C2931822"
"10743","2","3","3","19","151","276","91","433","118","C2931822"
"1297","2","5","7","53","51","342","454","573","492","C2931822"
"4539","2","3","2","53","184","86","107","560","195","C2931822"
"3757","2","5","8","63","36","166","106","110","158","C2931845"
"8557","2","5","8","63","45","23","103","464","187","C2931845"
"4204","2","3","12","19","31","1","426","55","78","C2931852"
"204219","2","3","2","50","47","39","100","321","255","C2931852"
"94","2","5","7","53","51","342","259","423","389","C2931860"
"2554","2","5","8","27","70","99","162","216","290","C2931860"
"1909","2","5","4","68","96","326","427","548","672","C2931875"
"7849","2","3","3","19","221","321","428","541","667","C2931875"
"1586","2","3","5","79","98","256","335","425","540","C2931875"
"3123","2","5","7","53","51","119","156","287","116","C2931875"
"4864","2","3","5","48","152","184","341","544","669","C2931875"
"701","2","3","12","76","153","40","38","54","75","C2931875"
"4068","2","5","7","53","51","119","25","549","674","C2931875"
"5080","2","3","3","19","221","321","428","541","667","C2931884"
"1544","2","3","5","91","214","271","372","471","586","C2931884"
"207","2","3","7","53","14","20","34","489","416","C2931884"
"25978","2","3","2","48","57","110","141","359","462","C2931888"
"1280","2","5","7","53","51","342","454","573","492","C2931888"
"176","2","5","7","53","51","342","454","573","492","C2932714"
"2556","2","5","8","27","70","99","162","216","290","C2932714"
"1643","2","3","12","41","116","268","434","468","213","C2932714"
"190","2","3","3","19","151","276","91","433","118","C2932714"
"1031","2","3","12","19","31","1","426","55","78","C2932714"
"10269","2","3","2","48","182","50","119","444","556","C2932715"
"54499","2","3","2","48","170","50","119","444","593","C2932715"
"2651","2","3","2","78","184","202","124","337","434","C2936346"
"23746","2","3","12","41","83","101","126","271","356","C2936346"
"5743","2","3","5","53","175","119","167","489","416","C2936346"
"5728","2","3","5","80","81","339","156","568","605","C2936346"
"3149","2","3","2","48","57","110","378","370","664","C2936346"
"3845","2","5","7","60","54","24","30","46","72","C2936346"
"10682","2","5","4","68","96","326","48","69","204","C2936346"
"2261","2","5","7","53","14","20","25","40","186","C2936346"
"9949","2","3","2","22","33","225","142","220","298","C2936346"
"56983","2","3","2","78","124","143","428","236","241","C2936346"
"6469","2","5","3","53","221","197","259","560","422","C2936349"
"5468","2","3","3","19","151","276","91","433","118","C2936349"
"4000","2","3","12","26","105","178","226","297","156","C2936350"
"3569","2","5","7","53","51","342","454","573","416","C2936350"
"7403","2","3","12","19","31","1","426","55","78","C2936350"
"720","2","5","7","53","51","342","454","573","492","C2936380"
"545","2","3","12","19","31","261","116","1","86","C2936380"
"2717","2","3","7","34","52","216","395","549","674","C2936380"
"5800","2","5","7","53","81","296","399","201","274","C2936380"
"2702","2","3","12","76","153","40","38","54","75","C2936380"
"7078","2","5","7","53","51","342","454","573","702","C2936419"
"7157","2","3","12","19","31","261","402","489","551","C2936419"
"4038","2","5","7","53","51","342","454","573","492","C2936419"
"7518","2","3","12","19","31","261","116","1","86","C2936476"
"190","2","3","3","19","151","276","91","433","118","C2936476"
"3814","2","5","4","68","96","326","427","548","672","C2936694"
"4000","2","3","12","26","105","178","226","297","156","C2936694"
"26353","2","3","12","76","45","160","347","271","356","C2936694"
"29110","2","3","12","41","219","339","156","568","697","C2936694"
"4512","2","3","2","48","170","110","141","359","8","C2936694"
"5340","2","5","7","53","51","342","454","573","492","C2936694"
"7994","2","3","12","19","31","1","426","55","78","C2936694"
"9184","2","3","12","76","153","40","38","54","75","C2936694"
"5908","2","5","7","34","52","216","30","46","72","C2936786"
"1233","2","5","4","68","96","326","427","548","672","C2936786"
"3953","2","5","7","53","14","20","25","40","186","C2936786"
"5346","2","3","3","19","151","276","91","433","118","C2936786"
"9241","2","5","7","53","51","342","259","423","389","C2936786"
"114548","2","3","12","41","219","339","156","568","697","C2936791"
"4089","2","3","12","19","219","339","259","423","605","C2936791"
"4846","2","3","5","41","219","75","243","44","64","C2936862"
"5824","2","3","5","47","144","185","238","310","392","C2936862"
"26227","2","3","2","41","137","44","208","81","108","C2936862"
"695","2","5","7","53","14","20","25","40","186","C2936907"
"11160","2","3","12","41","116","268","423","536","445","C2936907"
"3945","2","3","2","62","137","76","136","212","286","C2936907"
"207","2","3","7","53","14","20","34","489","416","C2936907"
"846","2","5","4","68","96","326","427","548","672","C2936907"
"6567","2","5","8","35","41","77","40","57","80","C2936907"
"3981","2","3","12","19","31","261","116","1","86","C2936907"
"6495","2","3","3","19","221","321","428","541","667","C2936907"
"208","2","5","7","53","14","20","34","540","68","C2936907"
"6557","2","5","8","45","94","199","240","415","666","C2936907"
"3077","2","5","7","53","51","119","395","549","674","C2936907"
"1583","2","3","5","79","152","273","375","100","589","C2936907"
"55131","2","3","2","110","85","237","433","547","671","C2936907"
"4854","2","5","7","53","51","143","428","236","667","C2936907"
"3918","2","5","7","53","51","342","454","573","492","C2936907"
"7170","2","5","8","63","45","23","103","464","187","C2936907"
"55612","2","5","7","60","36","71","177","560","701","C2936907"
"4221","2","3","12","19","31","342","454","573","492","C2936907"
"215","2","3","5","47","144","185","238","310","392","C2936907"
"6326","2","5","8","63","36","166","341","390","158","C2936907"
"3717","2","5","7","53","14","20","25","40","186","C2936907"
"5567","2","3","12","53","14","20","34","540","68","C2936907"
"7498","2","3","5","80","157","187","159","209","282","C2936907"
"55636","2","3","3","19","221","321","428","423","389","C2936907"
"1290","2","5","7","53","51","342","454","573","492","C2936913"
"26580","2","5","8","27","70","99","162","216","290","C2936913"
"7249","2","3","7","60","57","110","141","359","462","C2937220"
"3459","2","5","7","53","184","119","156","287","116","C2937220"
"94160","2","3","12","41","116","268","423","536","445","C2937220"
"22934","2","3","2","90","167","148","36","51","383","C2937228"
"1356","2","3","7","53","51","342","454","573","492","C2937228"
"8929","2","3","3","19","221","321","428","541","667","C2937228"
"51259","2","3","2","76","153","40","38","54","75","C2937228"
"3717","2","5","7","53","14","20","25","40","186","C2937228"
"2067","2","3","12","19","31","261","116","1","86","C2937365"
"23093","2","3","12","76","153","40","38","54","75","C2937365"
"949","2","5","5","45","94","199","240","415","666","C2937365"
"51119","2","3","2","110","85","237","433","547","671","C2937365"
"4512","2","3","2","48","170","110","141","359","8","C2937365"
"6016","2","5","7","60","54","24","30","46","72","C2937365"
"7080","2","3","3","19","221","321","428","541","667","C2937365"
"3575","2","5","7","53","51","184","341","544","669","C2937365"
"10804","2","3","12","76","153","40","38","54","75","C2937365"
"9401","2","3","12","76","31","261","116","1","86","C2937365"
"204","2","3","4","72","109","182","235","307","506","C2937365"
"55505","2","3","2","110","85","237","433","547","671","C2937365"
"5167","2","3","5","32","93","163","207","303","126","C2937365"
"1761","2","3","3","19","221","321","428","541","667","C2937365"
"7454","2","5","7","60","14","20","25","40","215","C2937365"
"546","2","3","12","19","31","261","426","1","86","C2937421"
"28958","2","3","2","48","170","50","119","444","556","C2937421"
"657","2","5","7","53","221","342","259","423","389","C2937421"
"3845","2","5","7","60","54","24","30","46","72","C2937421"
"23086","2","3","12","19","45","197","70","107","270","C2939175"
"4255","2","3","12","19","31","261","116","1","86","C2939175"
"3105","2","5","7","53","51","119","156","287","116","C2939186"
"2799","2","3","7","34","52","216","395","549","33","C2939186"
"1106","2","3","12","19","31","1","426","55","78","C2939186"
"55699","2","3","2","110","85","67","76","252","154","C2940786"
"2492","2","5","4","68","96","326","427","548","672","C2940786"
"54344","2","3","2","61","77","142","176","280","363","C2940786"
"5251","2","3","5","80","81","296","474","593","722","C2981140"
"54361","2","5","3","68","221","197","259","560","422","C2981140"
"8302","2","5","7","53","51","119","395","549","674","C2985290"
"3965","2","5","7","53","51","342","454","573","492","C2985290"
"3630","2","5","7","53","14","20","25","40","186","C2985290"
"2064","2","5","7","53","14","20","25","40","186","C2985290"
"977","2","5","7","53","51","342","454","573","492","C2985290"
"9095","2","5","7","53","51","335","444","560","373","C2985290"
"5424","2","3","12","19","31","261","116","1","86","C2985290"
"10269","2","3","2","48","182","50","119","444","556","C2985290"
"5727","2","3","12","68","221","197","259","560","422","C2985290"
"8626","2","3","3","19","221","321","428","541","667","C2985290"
"5573","2","3","12","19","184","118","155","287","116","C2985290"
"4512","2","3","2","48","170","110","141","359","8","C2985290"
"4000","2","3","12","26","105","178","226","297","156","C2985290"
"3690","2","5","7","53","51","342","454","573","492","C3149083"
"7036","2","3","5","29","88","132","85","222","346","C3149083"
"2706","2","3","12","76","153","40","38","54","75","C3149462"
"6863","2","5","4","68","96","326","427","548","672","C3149462"
"3945","2","3","2","62","137","76","136","212","286","C3149750"
"1645","2","3","2","46","51","227","168","225","490","C3149750"
"6039","2","5","7","34","52","216","395","549","674","C3150077"
"2778","2","5","4","68","96","326","427","548","672","C3150077"
"26275","2","3","2","67","92","67","76","155","153","C3150077"
"4901","2","5","3","19","151","276","91","433","673","C3150077"
"1956","2","5","7","53","14","184","45","544","669","C3150077"
"8481","2","3","12","76","153","40","38","54","75","C3150077"
"2353","2","3","12","19","31","1","91","489","416","C3150077"
"135","2","5","4","68","96","326","427","548","672","C3150077"
"54453","2","5","7","60","54","24","30","46","72","C3150077"
"7048","2","5","7","53","51","342","259","423","389","C3150077"
"1312","2","3","2","87","79","105","426","129","25","C3150077"
"846","2","5","4","68","96","326","427","548","672","C3150077"
"54968","2","3","2","48","170","50","119","444","556","C3150077"
"26278","2","3","12","41","116","268","347","271","356","C3150086"
"1277","2","5","7","53","51","342","454","573","492","C3150086"
"226","2","5","7","34","52","216","395","549","702","C3150086"
"4976","2","3","2","48","170","50","119","444","556","C3150267"
"7473","2","5","3","68","221","197","259","560","422","C3150267"
"1643","2","3","12","41","116","268","434","468","213","C3150267"
"6473","2","3","3","19","221","321","428","541","667","C3150267"
"4591","2","3","12","41","116","268","434","468","213","C3150267"
"9409","2","3","5","43","161","305","409","208","482","C3150267"
"4907","2","3","5","80","81","296","62","94","150","C3150267"
"5830","2","3","5","43","161","305","409","208","482","C3150267"
"4854","2","5","7","53","51","143","428","236","667","C3150281"
"326","2","3","12","19","31","261","377","370","269","C3150281"
"668","2","3","12","19","221","321","428","541","664","C3150281"
"5906","2","5","7","34","52","216","30","46","72","C3150281"
"7124","2","3","12","41","219","339","156","568","697","C3150281"
"4638","2","5","7","53","45","23","103","464","187","C3150281"
"6608","2","3","3","68","221","321","428","560","667","C3150281"
"987","2","3","6","48","94","279","347","330","304","C3150281"
"6197","2","3","12","19","14","20","34","540","68","C3150281"
"10280","2","3","2","110","85","52","57","86","119","C3150281"
"3507","2","5","7","53","51","119","395","549","674","C3150281"
"1717","2","3","2","19","151","276","48","69","204","C3150281"
"7170","2","5","8","63","45","23","103","464","187","C3150281"
"22934","2","3","2","90","167","148","36","51","383","C3150281"
"8504","2","3","5","47","144","185","238","310","392","C3150281"
"26137","2","5","7","63","45","184","103","572","658","C3150281"
"2629","2","3","5","80","81","250","291","152","420","C3150358"
"3663","2","3","12","53","184","119","156","287","116","C3150358"
"50846","2","3","3","68","221","197","259","560","422","C3150415"
"8287","2","3","12","41","219","339","156","568","605","C3150415"
"26128","2","3","12","76","153","40","38","54","154","C3150415"
"4879","2","5","4","68","96","326","427","548","672","C3150415"
"2623","2","3","12","19","31","1","155","287","116","C3150415"
"1785","2","5","7","60","14","184","341","544","669","C3150415"
"2316","2","5","7","53","51","342","454","573","702","C3150415"
"5972","2","5","5","34","52","216","397","418","568","C3150416"
"4041","2","5","3","68","221","197","259","560","422","C3150416"
"6239","2","3","12","19","119","330","214","454","144","C3150416"
"22948","2","3","12","76","137","76","136","472","435","C3150416"
"79571","2","5","7","60","54","24","98","66","203","C3150416"
"1298","2","5","7","53","51","342","454","573","492","C3150416"
"26278","2","3","12","41","116","268","347","271","356","C3150416"
"3091","2","3","12","41","116","276","91","433","605","C3150607"
"7469","2","3","12","19","31","261","116","159","211","C3150607"
"1906","2","5","4","68","96","326","427","548","672","C3150613"
"6314","2","3","12","19","31","1","426","568","78","C3150613"
"3845","2","5","7","60","54","24","30","46","72","C3150613"
"5696","2","3","12","41","116","268","156","568","116","C3150613"
"2138","2","3","12","19","31","1","426","55","78","C3150613"
"81848","2","5","7","53","14","20","25","40","186","C3150620"
"207","2","3","7","53","14","20","34","489","416","C3150620"
"5173","2","5","4","68","96","326","427","548","672","C3150659"
"658","2","5","7","53","51","342","259","423","389","C3150659"
"4645","2","3","4","67","92","293","55","75","311","C3150659"
"2261","2","5","7","53","14","20","25","40","186","C3150659"
"2737","2","3","12","19","116","321","428","54","667","C3150659"
"4893","2","5","7","34","52","24","30","46","72","C3150659"
"2896","2","5","7","34","52","216","395","549","674","C3150659"
"7042","2","5","7","53","51","342","454","573","492","C3150659"
"5190","2","3","5","43","161","305","409","208","482","C3150792"
"2263","2","5","7","53","14","20","25","40","186","C3150792"
"3859","2","1","6","11","142","225","142","220","298","C3150902"
"5979","2","5","7","53","14","20","25","40","186","C3150902"
"5295","2","5","7","53","14","20","25","40","186","C3150914"
"5443","2","5","4","68","96","326","427","548","672","C3150914"
"5251","2","3","5","80","81","296","474","593","722","C3150914"
"5743","2","3","5","53","175","119","167","489","416","C3150968"
"1294","2","5","7","53","51","342","454","573","492","C3150968"
"4153","2","5","7","53","51","119","395","549","674","C3151082"
"2177","2","3","2","110","90","261","431","545","443","C3151082"
"1487","2","3","12","19","31","1","426","55","340","C3151111"
"3977","2","5","7","53","51","119","25","40","416","C3151111"
"158","2","3","4","96","177","61","373","341","142","C3151380"
"2006","2","5","7","53","51","342","454","573","492","C3151380"
"26012","2","3","12","19","31","261","116","159","211","C3151513"
"4312","2","5","7","53","51","342","454","573","492","C3151513"
"6507","2","3","2","45","94","199","240","415","666","C3151513"
"4287","2","3","12","41","116","268","434","468","215","C3151513"
"1280","2","5","7","53","51","342","454","573","492","C3151513"
"4254","2","5","7","53","14","20","25","40","186","C3151520"
"5447","2","3","5","91","214","271","372","471","586","C3151520"
"3749","2","5","8","63","36","166","106","110","158","C3151520"
"7148","2","5","7","53","51","342","454","573","492","C3151520"
"7248","2","3","2","48","57","110","141","359","462","C3151520"
"5293","2","3","7","53","14","20","25","40","186","C3151520"
"2798","2","5","4","68","96","326","427","548","672","C3151520"
"7015","2","3","12","19","31","1","426","55","78","C3151520"
"7466","2","5","7","53","51","342","454","573","492","C3151520"
"50617","2","3","5","29","88","100","125","168","223","C3151520"
"6253","2","5","4","27","36","326","402","489","187","C3151520"
"2218","2","5","2","53","123","194","255","560","373","C3151523"
"54902","2","3","2","48","182","50","119","444","556","C3151523"
"6337","2","5","8","63","45","23","34","464","187","C3151523"
"4952","2","3","5","60","54","184","30","544","669","C3151525"
"3105","2","5","7","53","51","119","156","287","116","C3151525"
"4683","2","3","12","19","31","261","116","1","86","C3151525"
"2263","2","5","7","53","14","20","25","40","186","C3151617"
"1292","2","5","7","53","51","342","454","573","492","C3151617"
"4308","2","5","8","63","45","193","306","390","158","C3151897"
"10516","2","5","7","53","51","342","454","573","492","C3151897"
"2121","2","3","12","41","116","268","434","568","605","C3151897"
"8924","2","3","12","41","116","268","434","468","213","C3152055"
"7421","2","3","3","19","151","276","91","433","118","C3152055"
"2022","2","5","7","53","51","342","259","423","389","C3152144"
"65062","2","3","2","48","170","50","119","444","556","C3152144"
"3845","2","5","7","60","54","24","30","46","72","C3152144"
"1134","2","5","8","27","70","99","162","216","290","C3152144"
"4099","2","5","7","27","51","150","444","223","628","C3152144"
"5444","2","3","5","80","147","236","328","411","229","C3152144"
"23169","2","3","2","78","205","112","430","429","544","C3152144"
"796","2","5","4","68","96","326","427","548","672","C3152144"
"3039","2","3","5","35","41","118","155","287","116","C3152182"
"1030","2","3","12","19","31","1","426","55","78","C3152182"
"4535","2","3","2","48","170","50","119","444","556","C3152182"
"9663","2","3","5","80","81","296","51","488","102","C3152182"
"1954","2","5","7","53","51","342","454","573","492","C3152231"
"2617","2","3","2","110","85","237","433","252","154","C3152231"
"4942","2","3","2","67","94","199","182","509","666","C3160718"
"54463","2","3","2","48","57","110","141","359","462","C3160718"
"5828","2","3","5","43","161","305","409","208","482","C3160718"
"4513","2","3","2","48","170","110","141","359","532","C3160718"
"1584","2","3","5","79","159","256","276","353","456","C3160718"
"2969","2","3","12","19","31","276","91","433","118","C3160718"
"8805","2","3","3","19","151","276","91","433","118","C3160718"
"7374","2","3","12","19","31","261","116","1","86","C3160718"
"9897","2","3","12","76","18","75","38","1","212","C3160718"
"3759","2","5","8","63","36","166","106","110","158","C3160718"
"26610","2","3","12","19","31","1","426","55","78","C3160718"
"5075","2","3","3","19","221","321","428","541","667","C3160814"
"9469","2","3","2","103","189","303","29","475","467","C3160814"
"4352","2","5","7","53","14","20","25","40","186","C3160814"
"54765","2","3","12","48","182","50","119","444","556","C3160814"
"26353","2","3","12","76","45","160","347","271","356","C3160814"
"1301","2","5","7","53","51","342","454","573","492","C3160814"
"5130","2","3","2","85","143","286","51","488","102","C3161174"
"6389","2","3","2","48","170","50","119","444","556","C3161174"
"540","2","5","8","63","45","23","103","464","187","C3161174"
"8085","2","3","12","19","31","1","426","55","78","C3161330"
"5897","2","3","12","41","116","268","141","568","605","C3161330"
"5727","2","3","12","68","221","197","259","560","422","C3161330"
"4157","2","5","4","68","96","326","427","548","672","C3161330"
"1186","2","5","8","63","45","23","34","464","187","C3161330"
"25782","2","5","7","60","54","24","30","46","72","C3161330"
"1235","2","5","4","68","96","326","427","548","672","C3161330"
"28982","2","3","5","25","44","165","101","274","358","C3161330"
"1848","2","3","5","42","81","296","399","201","274","C3161330"
"2261","2","5","7","53","14","20","25","40","186","C3161330"
"7428","2","3","12","41","116","268","434","468","213","C3161330"
"207","2","3","7","53","14","20","34","489","416","C3161330"
"84282","2","3","12","41","219","339","156","568","697","C3161330"
"54716","2","5","8","45","94","199","240","415","666","C3161330"
"1041","2","1","6","11","142","225","142","220","298","C3161330"
"6926","2","5","7","53","51","335","259","560","373","C3161330"
"1723","2","3","2","48","170","50","119","444","556","C3161330"
"3815","2","5","7","53","14","20","25","40","186","C3161330"
"6331","2","5","8","63","36","166","341","223","158","C3161330"
"4524","2","3","2","15","166","104","369","117","583","C3161330"
"29899","2","5","4","68","96","326","427","548","672","C3161330"
"9469","2","3","2","103","189","303","29","475","467","C3161330"
"4929","2","3","3","19","151","276","91","433","118","C3161330"
"9451","2","3","2","110","51","335","226","297","380","C3161330"
"30061","2","3","5","25","44","165","101","274","358","C3161330"
"2563","2","5","8","27","70","99","162","216","290","C3161330"
"1716","2","3","2","27","36","150","221","138","188","C3161330"
"4952","2","3","5","60","54","184","30","544","669","C3161330"
"10020","2","3","2","89","124","204","42","452","258","C3161330"
"1629","2","3","2","67","92","293","55","75","311","C3161330"
"5743","2","3","5","53","175","119","167","489","416","C3161330"
"6261","2","5","8","63","45","23","34","464","187","C3163798"
"11200","2","3","12","19","31","261","116","1","86","C3163798"
"27031","2","3","6","11","142","225","38","331","506","C3163798"
"10743","2","3","3","19","151","276","91","433","118","C3163798"
"57560","2","3","12","76","153","40","38","54","75","C3163798"
"23476","2","3","12","19","31","1","426","159","211","C3163798"
"4000","2","3","12","26","105","178","226","297","156","C3163798"
"5116","2","3","12","76","153","40","38","54","75","C3163798"
"4353","2","3","7","34","52","216","395","549","674","C3163798"
"3588","2","5","7","53","51","119","25","40","186","C3163798"
"4359","2","5","7","53","51","342","454","573","492","C3163798"
"7099","2","5","7","41","219","339","156","568","697","C3163798"
"894","2","3","12","19","31","1","34","540","68","C3163801"
"11277","2","3","12","19","31","261","116","1","86","C3163801"
"23426","2","5","7","42","36","71","177","223","219","C3163801"
"1612","2","3","12","53","14","20","34","540","68","C3163801"
"1376","2","3","2","19","151","276","91","433","118","C3163801"
"695","2","5","7","53","14","20","25","40","186","C3163801"
"1436","2","5","7","53","14","20","25","40","186","C3163801"
"6622","2","3","7","27","36","150","341","223","628","C3163801"
"1281","2","5","7","53","51","342","454","573","492","C3163801"
"7471","2","5","3","68","221","197","259","560","422","C3164374"
"1788","2","3","12","19","31","1","426","55","78","C3164374"
"3835","2","3","12","76","153","40","38","54","75","C3164374"
"1308","2","5","7","53","51","119","454","573","492","C3164374"
"2068","2","3","12","19","31","261","116","159","211","C3164374"
"7020","2","3","12","19","31","276","91","433","664","C3164374"
"3845","2","5","7","60","54","24","30","46","72","C3164374"
"4843","2","3","5","43","161","305","409","489","416","C3164374"
"7547","2","3","3","19","221","321","428","541","667","C3164374"
"51259","2","3","2","76","153","40","38","54","75","C3164374"
"1080","2","3","12","41","219","339","156","544","669","C3164374"
"1807","2","3","5","80","23","186","79","560","273","C3164374"
"7476","2","5","3","68","221","197","259","560","422","C3164374"
"1031","2","3","12","19","31","1","426","55","78","C3164374"
"7555","2","3","2","110","85","237","433","547","671","C3164374"
"27089","2","3","2","48","170","50","119","444","542","C3164374"
"7227","2","3","12","19","31","276","91","433","118","C3164374"
"26229","2","3","2","74","205","191","396","408","257","C3164374"
"2706","2","3","12","76","153","40","38","54","75","C3164374"
"478","2","3","8","63","45","23","366","464","187","C3164374"
"3981","2","3","12","19","31","261","116","1","86","C3164374"
"1719","2","3","2","76","153","40","116","54","75","C3164374"
"7415","2","3","7","34","52","216","395","536","445","C3164374"
"8659","2","3","2","67","103","177","225","295","378","C3164445"
"28982","2","3","5","25","44","165","101","274","358","C3164445"
"23411","2","3","12","19","31","1","91","433","118","C3164445"
"2239","2","3","2","74","51","342","454","573","492","C3164445"
"2334","2","5","7","53","14","20","25","40","186","C3164445"
"1145","2","5","8","27","70","99","162","216","290","C3164445"
"238","2","5","7","53","14","20","25","40","186","C3164445"
"64121","2","3","2","48","57","110","141","359","462","C3164445"
"7299","2","3","5","23","18","138","250","332","407","C3164445"
"5594","2","5","7","34","14","20","34","540","274","C3178803"
"5781","2","5","7","53","14","20","25","40","186","C3178803"
"54209","2","5","7","53","51","119","395","549","674","C3178805"
"2033","2","3","12","19","31","1","91","433","118","C3178805"
"2626","2","3","12","19","31","118","155","287","116","C3178805"
"4000","2","3","12","26","105","178","226","297","156","C3178805"
"183","2","5","4","68","96","326","427","548","672","C3179508"
"5903","2","3","12","22","33","323","66","101","664","C3179508"
"6519","2","3","5","45","94","199","240","415","666","C3179508"
"5339","2","5","7","53","51","342","454","573","492","C3179508"
"3339","2","5","7","53","51","342","454","573","492","C3179508"
"25","2","3","12","19","14","20","25","287","116","C3179508"
"1954","2","5","7","53","51","342","454","573","492","C3179508"
"3455","2","5","12","53","184","119","156","287","116","C3179508"
"1291","2","5","7","53","51","342","454","573","492","C3179508"
"29123","2","3","12","19","151","276","91","433","118","C3203358"
"10736","2","3","3","19","221","321","428","541","667","C3203358"
"3123","2","5","7","53","51","119","156","287","116","C3203358"
"472","2","3","12","19","31","261","116","1","86","C3203358"
"5193","2","3","5","43","161","305","409","208","482","C3203358"
"1807","2","3","5","80","23","186","79","560","273","C3203358"
"9742","2","3","12","76","153","40","38","54","75","C3203358"
"54880","2","3","12","19","31","1","426","55","78","C3203358"
"1828","2","5","7","34","52","216","142","220","298","C3203358"
"9499","2","5","7","53","51","23","103","464","187","C3266101"
"1621","2","3","5","53","51","239","333","422","537","C3266101"
"55130","2","3","12","76","153","76","38","54","75","C3266101"
"776","2","5","8","63","36","166","341","390","158","C3266101"
"6718","2","3","2","46","136","227","168","225","490","C3266101"
"10585","2","5","2","27","206","324","430","215","290","C3266101"
"1836","2","3","2","35","41","94","260","330","375","C3266101"
"7841","2","3","2","41","116","178","423","536","445","C3266101"
"1349","2","3","2","48","170","110","141","359","462","C3266101"
"3239","2","3","3","19","221","321","428","541","667","C3275417"
"9652","2","3","2","110","85","237","433","547","671","C3275417"
"10166","2","3","2","84","97","167","210","278","360","C3275417"
"8085","2","3","12","19","31","1","426","55","78","C3275417"
"7291","2","3","12","19","151","276","91","489","416","C3275417"
"10585","2","5","2","27","206","324","430","215","290","C3275417"
"6772","2","3","12","53","184","119","156","287","116","C3275417"
"5290","2","3","7","53","14","20","25","40","186","C3275417"
"5290","2","3","7","53","14","20","25","40","186","C3275417"
"1029","2","3","12","19","31","1","116","1","664","C3275417"
"1880","2","5","4","68","96","326","427","548","672","C3275417"
"1193","2","5","8","63","45","23","34","464","187","C3275417"
"5828","2","3","5","43","161","305","409","208","482","C3275417"
"23321","2","5","7","53","184","119","156","287","116","C3275417"
"51750","2","3","12","19","31","261","116","1","86","C3275417"
"1909","2","5","4","68","96","326","427","548","672","C3275417"
"10165","2","3","2","48","170","50","304","167","593","C3275417"
"6309","2","3","5","19","151","76","48","69","204","C3275417"
"19","2","3","3","19","151","276","91","433","118","C3275417"
"55699","2","3","2","110","85","67","76","252","154","C3275417"
"1161","2","3","12","41","116","268","434","468","213","C3275452"
"7849","2","3","3","19","221","321","428","541","667","C3275452"
"6620","2","5","7","27","36","150","341","223","628","C3275452"
"3145","2","3","5","80","81","166","132","175","473","C3275452"
"673","2","5","7","53","14","20","34","540","68","C3275754"
"3569","2","5","7","53","51","342","454","573","416","C3275754"
"51360","2","3","3","26","35","276","91","433","203","C3275754"
"80254","2","3","12","76","153","40","38","54","75","C3275899"
"5144","2","3","4","68","96","326","427","548","672","C3275899"
"7099","2","5","7","41","219","339","156","568","697","C3275899"
"3852","2","1","6","11","142","225","142","220","298","C3275963"
"5604","2","5","7","53","14","20","34","540","68","C3275963"
"10320","2","5","7","19","119","143","214","236","389","C3275998"
"5307","2","3","3","19","221","321","428","541","667","C3275998"
"50814","2","3","2","69","221","73","360","86","119","C3275998"
"54903","2","3","12","76","153","40","38","54","75","C3276036"
"7170","2","5","8","63","45","23","103","464","187","C3276036"
"2353","2","3","12","19","31","1","91","489","416","C3276036"
"343637","2","3","3","68","221","197","259","499","422","C3276036"
"4210","2","3","12","41","219","339","156","568","697","C3276036"
"10060","2","3","8","41","45","23","423","464","445","C3276036"
"2896","2","5","7","34","52","216","395","549","674","C3276036"
"8092","2","3","3","19","221","321","428","541","667","C3276276"
"4286","2","3","12","19","31","261","116","1","664","C3276276"
"3239","2","3","3","19","221","321","428","541","667","C3276441"
"1759","2","5","7","60","14","184","341","544","669","C3276441"
"2296","2","3","3","19","221","321","428","541","667","C3276441"
"54903","2","3","12","76","153","40","38","54","75","C3276441"
"51715","2","5","7","60","54","24","30","46","72","C3276441"
"9573","2","5","7","53","51","342","259","423","389","C3276539"
"79602","2","3","2","48","57","110","141","359","462","C3276539"
"3588","2","5","7","53","51","119","25","40","186","C3276623"
"648","2","3","12","19","31","1","426","55","78","C3276623"
"5195","2","3","5","43","161","305","409","208","482","C3276623"
"3769","2","5","8","63","36","166","106","110","158","C3276815"
"3181","2","3","2","22","33","323","66","101","136","C3276815"
"51128","2","5","7","60","153","24","38","46","72","C3276815"
"23746","2","3","12","41","83","101","126","271","356","C3276821"
"10269","2","3","2","48","182","50","119","444","556","C3276821"
"546","2","3","12","19","31","261","426","1","86","C3277019"
"7021","2","3","12","19","31","261","91","433","664","C3277019"
"3064","2","3","12","48","170","50","444","91","439","C3277019"
"5932","2","3","12","19","31","261","116","1","86","C3277019"
"6949","2","3","2","110","85","237","164","390","311","C3277019"
"55130","2","3","12","76","153","76","38","54","75","C3277226"
"7227","2","3","12","19","31","276","91","433","118","C3277226"
"7461","2","3","7","60","153","40","38","93","75","C3277226"
"4535","2","3","2","48","170","50","119","444","556","C3277226"
"51601","2","3","2","67","92","293","55","75","311","C3277226"
"6663","2","3","3","19","221","321","428","541","667","C3277226"
"5396","2","3","3","19","221","321","428","541","667","C3277226"
"9791","2","3","8","45","94","199","240","415","666","C3277226"
"6664","2","3","3","19","221","321","428","541","667","C3277226"
"10585","2","5","2","27","206","324","430","215","290","C3277226"
"4534","2","3","5","80","81","296","399","362","468","C3277226"
"5994","2","3","12","19","31","276","91","491","118","C3277376"
"2260","2","5","7","53","14","20","25","40","186","C3277376"
"9289","2","5","4","68","96","326","427","548","672","C3277376"
"1131","2","5","4","68","96","326","427","548","672","C3277376"
"23479","2","3","2","48","170","50","119","100","556","C3277376"
"51750","2","3","12","19","31","261","116","1","86","C3277418"
"22943","2","5","3","68","221","197","259","560","422","C3277418"
"7066","2","5","7","53","51","119","25","573","416","C3277418"
"4893","2","5","7","34","52","24","30","46","72","C3277418"
"672","2","3","12","19","31","261","116","1","86","C3277418"
"805","2","5","8","53","45","20","34","464","187","C3277418"
"10585","2","5","2","27","206","324","430","215","290","C3277418"
"54765","2","3","12","48","182","50","119","444","556","C3277418"
"2245","2","5","7","60","54","24","30","46","72","C3277418"
"9215","2","5","2","27","36","150","430","215","628","C3277418"
"1311","2","5","7","53","51","342","454","573","492","C3277671"
"54902","2","3","2","48","182","50","119","444","556","C3277671"
"1959","2","3","3","19","151","276","91","433","118","C3277671"
"25836","2","3","12","76","153","40","38","54","75","C3277687"
"2556","2","5","8","27","70","99","162","216","290","C3277687"
"8867","2","3","5","60","14","184","341","544","669","C3277753"
"545","2","3","12","19","31","261","116","1","86","C3277753"
"5075","2","3","3","19","221","321","428","541","667","C3278004"
"4629","2","5","8","63","45","23","103","464","187","C3278004"
"3954","2","3","2","48","170","67","119","444","593","C3278004"
"1387","2","3","12","19","31","276","91","433","118","C3278004"
"673","2","5","7","53","14","20","34","540","68","C3278024"
"1292","2","5","7","53","51","342","454","573","492","C3278024"
"5781","2","5","7","53","14","20","25","40","186","C3278024"
"3265","2","5","7","60","54","24","30","46","72","C3278307"
"10758","2","3","12","41","219","339","156","568","697","C3278307"
"3758","2","5","8","63","36","166","106","110","158","C3278307"
"2263","2","5","7","53","14","20","25","40","186","C3278322"
"1832","2","5","7","34","52","225","142","220","298","C3278322"
"8086","2","3","12","22","33","323","66","101","664","C3278322"
"1678","2","3","2","48","170","50","304","167","593","C3278322"
"4001","2","3","12","76","31","40","38","54","75","C3278322"
"547","2","3","7","76","153","40","38","54","75","C3278322"
"7157","2","3","12","19","31","261","402","489","551","C3278322"
"2071","2","3","12","19","31","261","116","159","211","C3278322"
"3195","2","3","3","19","221","321","428","541","667","C3278401"
"2626","2","3","12","19","31","118","155","287","116","C3278401"
"773","2","5","8","27","36","166","341","223","628","C3278401"
"4626","2","5","8","63","45","23","103","464","187","C3278401"
"6569","2","3","8","45","94","199","240","415","666","C3278401"
"4286","2","3","12","19","31","261","116","1","664","C3278401"
"7490","2","3","3","19","221","321","428","541","667","C3278401"
"5449","2","3","3","19","221","321","428","541","667","C3278401"
"207","2","3","7","53","14","20","34","489","416","C3278401"
"4359","2","5","7","53","51","342","454","573","492","C3278401"
"4524","2","3","2","15","166","104","369","117","583","C3278401"
"1280","2","5","7","53","51","342","454","573","492","C3278401"
"26608","2","3","2","22","170","50","119","463","153","C3278429"
"9031","2","3","12","19","31","1","426","55","78","C3278429"
"860","2","3","12","19","31","276","91","433","118","C3278481"
"5740","2","3","5","91","175","279","167","224","301","C3278481"
"4524","2","3","2","15","166","104","369","117","583","C3278509"
"26191","2","5","7","53","14","20","25","40","186","C3278509"
"5159","2","5","7","53","14","20","25","40","186","C3278509"
"182","2","5","7","53","51","143","428","236","667","C3278509"
"3549","2","5","3","53","51","197","259","560","422","C3278509"
"1805","2","5","7","53","51","342","454","573","492","C3278509"
"10157","2","3","5","71","102","175","222","290","371","C3278509"
"3594","2","5","7","53","51","119","25","560","373","C3278509"
"1588","2","3","5","79","159","256","350","27","44","C3278509"
"5468","2","3","3","19","151","276","91","433","118","C3278509"
"9632","2","3","7","60","153","40","38","54","203","C3278509"
"23639","2","3","12","41","219","261","136","271","356","C3278509"
"669","2","3","5","90","167","266","441","106","616","C3278509"
"351","2","5","4","68","96","326","188","145","193","C3278509"
"4261","2","3","12","53","184","119","156","287","116","C3278509"
"25978","2","3","2","48","57","110","141","359","462","C3278509"
"11311","2","3","12","19","31","118","155","287","116","C3278509"
"2263","2","5","7","53","14","20","25","40","186","C3278509"
"6495","2","3","3","19","221","321","428","541","667","C3278509"
"3123","2","5","7","53","51","119","156","287","116","C3278509"
"25974","2","3","7","48","51","105","139","186","245","C3278509"
"7040","2","5","7","53","51","342","454","573","492","C3278509"
"2200","2","5","7","53","51","342","454","573","492","C3278509"
"23129","2","5","7","53","51","342","79","560","373","C3278509"
"3822","2","5","7","53","51","119","395","549","674","C3278509"
"6198","2","3","7","53","14","20","34","540","68","C3278636"
"5443","2","5","4","68","96","326","427","548","672","C3278636"
"2736","2","3","12","41","116","321","428","54","667","C3278636"
"3339","2","5","7","53","51","342","454","573","492","C3278636"
"930","2","5","7","53","14","119","25","40","186","C3278636"
"8820","2","3","3","19","221","321","428","541","667","C3278636"
"6736","2","3","12","19","31","276","91","433","667","C3278811"
"80746","2","3","12","22","33","323","66","101","664","C3278811"
"841","2","3","12","41","219","339","156","568","697","C3278811"
"2244","2","5","7","53","51","342","454","573","492","C3278811"
"2263","2","5","7","53","14","20","25","40","186","C3278811"
"5982","2","3","12","19","31","261","116","1","86","C3278811"
"23426","2","5","7","42","36","71","177","223","219","C3278811"
"2260","2","5","7","53","14","20","25","40","186","C3278811"
"438","2","3","2","69","31","1","38","87","54","C3278811"
"9420","2","3","5","79","159","256","215","282","366","C3278811"
"5506","2","3","12","76","137","76","136","82","658","C3278811"
"9723","2","5","7","53","51","342","79","560","373","C3278811"
"6390","2","3","2","48","170","50","119","444","556","C3278811"
"10019","2","5","7","53","14","20","25","40","116","C3278811"
"1513","2","5","7","53","51","342","454","573","492","C3278811"
"8924","2","3","12","41","116","268","434","468","213","C3278811"
"23165","2","3","12","22","33","323","66","101","664","C3278865"
"5897","2","3","12","41","116","268","141","568","605","C3278865"
"9896","2","3","5","80","81","296","399","201","274","C3278975"
"3730","2","5","7","53","14","20","25","40","186","C3278975"
"5290","2","3","7","53","14","20","25","40","186","C3278975"
"10269","2","3","2","48","182","50","119","444","556","C3278975"
"2782","2","5","4","68","96","326","427","548","672","C3278975"
"5422","2","3","12","19","31","261","116","1","86","C3278975"
"540","2","5","8","63","45","23","103","464","187","C3278975"
"5328","2","5","7","34","52","216","395","549","674","C3278975"
"10815","2","5","7","60","36","71","341","223","666","C3278975"
"778","2","5","8","63","36","166","341","223","158","C3278975"
"2260","2","5","7","53","14","20","25","40","186","C3278975"
"6662","2","3","3","19","221","321","428","541","667","C3278975"
"9469","2","3","2","103","189","303","29","475","467","C3278975"
"4359","2","5","7","53","51","342","454","573","492","C3278975"
"987","2","3","6","48","94","279","347","330","304","C3278975"
"6834","2","3","2","48","170","50","119","444","556","C3278975"
"5831","2","3","2","101","62","189","182","566","409","C3278981"
"1301","2","5","7","53","51","342","454","573","492","C3278981"
"148022","2","3","12","41","219","339","156","568","697","C3278981"
"25978","2","3","2","48","57","110","141","359","462","C3278981"
"4893","2","5","7","34","52","24","30","46","72","C3278981"
"1311","2","5","7","53","51","342","454","573","492","C3278981"
"348","2","5","7","53","51","342","454","573","492","C3278981"
"6229","2","3","2","110","85","237","433","547","671","C3278981"
"429","2","3","3","19","221","321","428","541","667","C3278981"
"4843","2","3","5","43","161","305","409","489","416","C3278981"
"10939","2","3","2","48","170","50","119","444","593","C3278981"
"9341","2","5","7","60","14","184","341","544","669","C3278981"
"5916","2","3","3","19","151","276","91","433","118","C3278981"
"686","2","3","5","80","81","166","166","127","173","C3279149"
"3679","2","5","7","53","51","342","454","573","492","C3279149"
"3990","2","3","5","26","35","178","9","414","220","C3279149"
"1291","2","5","7","53","51","342","454","573","492","C3279149"
"5155","2","5","7","53","51","342","454","573","186","C3279149"
"1465","2","5","8","63","45","23","103","464","187","C3279149"
"11277","2","3","12","19","31","261","116","1","86","C3279149"
"2316","2","5","7","53","51","342","454","573","702","C3279149"
"4436","2","3","12","19","31","261","116","1","86","C3279149"
"1278","2","5","7","53","51","342","454","573","492","C3279149"
"25782","2","5","7","60","54","24","30","46","72","C3279149"
"57096","2","3","12","76","153","40","38","54","75","C3279149"
"6660","2","3","3","19","221","321","428","541","667","C3279149"
"7473","2","5","3","68","221","197","259","560","422","C3279149"
"1509","2","5","7","34","52","216","395","549","568","C3279149"
"10370","2","3","12","19","31","276","91","433","118","C3279149"
"2006","2","5","7","53","51","342","454","573","492","C3279149"
"2109","2","3","2","48","170","50","119","444","556","C3279149"
"3868","2","1","6","11","142","225","142","220","298","C3279149"
"2778","2","5","4","68","96","326","427","548","672","C3279149"
"257","2","3","3","19","221","321","428","541","667","C3279149"
"9049","2","3","3","41","151","276","378","271","356","C3279149"
"1134","2","5","8","27","70","99","162","216","290","C3279149"
"2263","2","5","7","53","14","20","25","40","186","C3279149"
"3784","2","5","8","63","36","166","106","110","158","C3279191"
"5771","2","5","7","53","14","296","25","40","186","C3279191"
"1636","2","3","5","80","81","166","397","418","568","C3279191"
"5048","2","3","12","76","153","40","38","54","75","C3279191"
"960","2","5","7","34","52","216","454","573","492","C3279191"
"4914","2","3","2","22","18","266","202","252","252","C3279336"
"4534","2","3","5","80","81","296","399","362","468","C3279336"
"6635","2","3","2","22","33","323","66","101","136","C3279336"
"545","2","3","12","19","31","261","116","1","86","C3279397"
"590","2","3","5","85","143","286","51","488","604","C3279397"
"3248","2","3","2","69","83","133","167","224","301","C3279397"
"5906","2","5","7","34","52","216","30","46","72","C3279397"
"4000","2","3","12","26","105","178","226","297","156","C3279397"
"168667","2","5","7","53","51","342","259","423","389","C3279397"
"6566","2","3","2","67","37","316","422","535","660","C3279397"
"2065","2","5","7","53","14","20","25","40","186","C3279397"
"3480","2","5","7","53","14","20","25","40","186","C3279397"
"4621","2","5","8","63","45","23","103","464","187","C3279397"
"100","2","3","5","33","21","47","56","80","199","C3279397"
"2263","2","5","7","53","14","20","25","40","186","C3279397"
"10516","2","5","7","53","51","342","454","573","492","C3279397"
"8200","2","5","7","53","51","342","259","423","389","C3279571"
"2736","2","3","12","41","116","321","428","54","667","C3279571"
"5621","2","5","8","27","36","342","454","573","628","C3279571"
"9895","2","3","2","48","57","110","141","359","462","C3279571"
"7015","2","3","12","19","31","1","426","55","78","C3279571"
"4763","2","5","7","60","54","24","30","46","214","C3279571"
"3984","2","5","7","53","14","20","34","540","68","C3279575"
"5972","2","5","5","34","52","216","397","418","568","C3279575"
"54808","2","3","12","76","153","40","38","54","75","C3279575"
"26580","2","5","8","27","70","99","162","216","290","C3279575"
"11277","2","3","12","19","31","261","116","1","86","C3279575"
"4860","2","3","7","34","52","216","395","549","150","C3279575"
"3052","2","3","2","48","170","50","119","444","556","C3279575"
"2774","2","2","1","9","15","21","28","42","62","C3279601"
"26119","2","5","7","60","14","184","341","544","669","C3279601"
"6392","2","3","2","48","170","50","119","444","556","C3279601"
"6620","2","5","7","27","36","150","341","223","628","C3279601"
"4137","2","3","7","27","36","150","341","223","628","C3279601"
"10484","2","3","7","60","153","40","38","54","203","C3279601"
"4352","2","5","7","53","14","20","25","40","186","C3279601"
"24","2","3","12","41","116","268","423","536","445","C3279674"
"2896","2","5","7","34","52","216","395","549","674","C3279674"
"383","2","3","7","34","52","216","395","549","674","C3279725"
"54332","2","3","2","60","170","40","98","66","203","C3279725"
"6731","2","3","2","110","85","237","433","547","671","C3279824"
"5290","2","3","7","53","14","20","25","40","186","C3279824"
"4893","2","5","7","34","52","24","30","46","72","C3280131"
"5663","2","5","7","34","52","216","395","549","667","C3280131"
"4359","2","5","7","53","51","342","454","573","492","C3280303"
"1717","2","3","2","19","151","276","48","69","204","C3280303"
"5314","2","3","12","76","153","40","38","54","75","C3280303"
"3417","2","3","7","34","52","216","395","549","319","C3280303"
"9150","2","3","12","19","31","261","116","159","211","C3280303"
"2705","2","3","12","76","153","40","38","54","75","C3280742"
"4722","2","3","2","48","170","50","119","444","556","C3280742"
"5745","2","5","4","68","96","326","427","548","672","C3280770"
"7021","2","3","12","19","31","261","91","433","664","C3280770"
"22856","2","3","2","78","189","303","251","320","403","C3280770"
"5605","2","5","7","53","14","20","34","540","68","C3280770"
"1289","2","5","7","53","51","342","454","573","492","C3280770"
"1080","2","3","12","41","219","339","156","544","669","C3280770"
"7227","2","3","12","19","31","276","91","433","118","C3280770"
"3930","2","3","2","22","33","323","66","3","464","C3280770"
"7474","2","5","3","68","221","184","259","544","669","C3280770"
"8200","2","5","7","53","51","342","259","423","389","C3280770"
"3032","2","3","2","48","57","38","347","12","145","C3280770"
"3039","2","3","5","35","41","118","155","287","116","C3280770"
"5192","2","3","5","43","161","305","409","208","482","C3281059"
"4552","2","3","7","48","81","105","139","186","245","C3281059"
"55699","2","3","2","110","85","67","76","252","154","C3281059"
"421","2","5","7","42","51","335","444","560","373","C3281125"
"1001","2","5","7","53","51","335","444","560","373","C3281125"
"3309","2","3","12","41","219","342","347","271","702","C3281125"
"2259","2","5","8","63","36","166","341","223","158","C3281138"
"5626","2","3","3","19","221","321","428","541","667","C3281138"
"5906","2","5","7","34","52","216","30","46","72","C3463992"
"91252","2","5","4","68","96","326","427","548","672","C3463992"
"3280","2","3","12","19","31","143","428","236","667","C3463992"
"3593","2","5","7","53","51","119","25","489","416","C3489393"
"8822","2","5","7","53","14","20","25","40","186","C3489393"
"2175","2","3","12","19","31","261","116","1","86","C3489393"
"2263","2","5","7","53","14","20","25","40","186","C3489393"
"7169","2","5","8","63","45","23","103","464","187","C3489393"
"8643","2","5","3","68","221","197","259","560","422","C3489393"
"5447","2","3","5","91","214","271","372","471","586","C3489393"
"5145","2","3","4","68","45","272","259","518","621","C3489726"
"5624","2","5","7","53","51","342","454","573","492","C3489726"
"10516","2","5","7","53","51","342","454","573","492","C3489726"
"4337","2","3","2","80","91","75","204","267","352","C3489733"
"10948","2","3","5","54","152","273","119","100","589","C3489733"
"9451","2","3","2","110","51","335","226","297","380","C3489733"
"8086","2","3","12","22","33","323","66","101","664","C3489733"
"54756","2","5","7","41","219","238","118","543","214","C3489733"
"6833","2","5","8","45","36","166","240","415","666","C3489733"
"4921","2","5","7","53","14","20","25","573","186","C3489733"
"8195","2","3","12","76","153","76","38","54","75","C3489733"
"9517","2","3","2","50","47","39","100","321","638","C3489733"
"23363","2","3","12","41","116","268","434","468","213","C3489733"
"1778","2","3","7","76","153","40","38","54","75","C3489733"
"3558","2","5","7","53","14","20","25","40","186","C3489733"
"4854","2","5","7","53","51","143","428","236","667","C3489733"
"7345","2","3","12","41","116","268","341","223","628","C3489733"
"2332","2","3","2","22","33","71","373","466","609","C3489733"
"6885","2","3","12","41","219","339","156","568","697","C3489733"
"11128","2","3","2","22","33","261","116","159","211","C3489733"
"2239","2","3","2","74","51","342","454","573","492","C3489733"
"10661","2","3","12","19","31","1","426","55","78","C3489733"
"2879","2","3","5","80","81","166","378","173","229","C3489733"
"7518","2","3","12","19","31","261","116","1","86","C3489733"
"2623","2","3","12","19","31","1","155","287","116","C3489733"
"3557","2","3","12","41","219","339","156","568","697","C3489733"
"6866","2","5","4","68","96","326","427","548","672","C3489733"
"6303","2","3","2","67","118","160","261","188","423","C3489733"
"2332","2","3","2","22","33","71","373","466","609","C3489789"
"207","2","3","7","53","14","20","34","489","416","C3489789"
"3930","2","3","2","22","33","323","66","3","464","C3494187"
"867","2","5","7","53","14","184","25","40","669","C3494187"
"4920","2","5","7","53","14","20","259","560","373","C3494187"
"2516","2","3","3","19","151","276","91","433","118","C3494426"
"2077","2","3","12","76","153","40","38","54","75","C3494426"
"2314","2","3","12","63","45","184","103","572","658","C3494426"
"51422","2","3","2","48","57","110","141","359","462","C3495498"
"5979","2","5","7","53","14","20","25","40","186","C3495498"
"3383","2","5","7","53","51","119","454","287","116","C3495498"
"1312","2","3","2","87","79","105","426","129","25","C3495498"
"5573","2","3","12","19","184","118","155","287","116","C3495498"
"25778","2","3","2","41","51","138","79","160","385","C3495498"
"8942","2","3","5","52","212","183","307","391","507","C3495498"
"6662","2","3","3","19","221","321","428","541","667","C3495676"
"9401","2","3","12","76","31","261","116","1","86","C3495676"
"4669","2","3","5","80","81","166","454","453","492","C3495676"
"3280","2","3","12","19","31","143","428","236","667","C3495676"
"2539","2","3","2","48","57","110","141","359","383","C3495676"
"1535","2","5","7","34","52","216","395","549","674","C3495676"
"3039","2","3","5","35","41","118","155","287","116","C3495676"
"23317","2","5","7","34","52","216","395","549","674","C3495676"
"1026","2","3","12","19","31","1","116","489","416","C3495801"
"5888","2","3","12","19","31","261","116","1","86","C3495801"
"9049","2","3","3","41","151","276","378","271","356","C3495801"
"6655","2","5","7","60","54","24","30","46","72","C3495801"
"27445","2","5","7","60","36","71","341","223","624","C3495801"
"5176","2","5","7","53","51","342","454","573","492","C3496069"
"51750","2","3","12","19","31","261","116","1","86","C3496069"
"4512","2","3","2","48","170","110","141","359","8","C3496069"
"1811","2","5","8","35","41","199","40","415","666","C3496069"
"1674","2","5","8","63","45","23","103","464","187","C3496069"
"23630","2","5","8","63","36","166","106","110","158","C3496069"
"3576","2","5","4","68","96","326","427","548","672","C3496069"
"3930","2","3","2","22","33","323","66","3","464","C3496069"
"6789","2","3","7","53","14","20","34","540","68","C3496069"
"579","2","3","3","19","221","321","428","541","667","C3496069"
"7057","2","5","7","53","51","342","454","573","492","C3496069"
"579","2","3","3","19","221","321","428","541","667","C3501843"
"23594","2","3","12","76","153","261","116","1","86","C3501843"
"4015","2","5","7","53","51","342","454","573","492","C3501843"
"3990","2","3","5","26","35","178","9","414","220","C3501843"
"26191","2","5","7","53","14","20","25","40","186","C3501843"
"4004","2","3","12","19","31","1","426","55","78","C3501843"
"7840","2","3","12","76","153","40","38","54","75","C3501843"
"10743","2","3","3","19","151","276","91","433","118","C3501843"
"27077","2","3","12","76","153","40","38","54","75","C3501843"
"6926","2","5","7","53","51","335","259","560","373","C3501843"
"4920","2","5","7","53","14","20","259","560","373","C3502105"
"10008","2","5","8","63","36","166","341","223","158","C3502105"
"2263","2","5","7","53","14","20","25","40","186","C3536714"
"6777","2","5","7","53","14","20","25","40","186","C3536714"
"440","2","3","2","101","62","189","182","509","154","C3536714"
"2517","2","3","7","34","52","216","395","549","674","C3536714"
"5346","2","3","3","19","151","276","91","433","118","C3536714"
"427","2","3","7","34","52","216","395","549","420","C3536714"
"6535","2","5","8","45","94","199","240","415","666","C3536714"
"4221","2","3","12","19","31","342","454","573","492","C3536714"
"5080","2","3","3","19","221","321","428","541","667","C3536714"
"8905","2","5","7","60","153","184","341","544","669","C3536714"
"546","2","3","12","19","31","261","426","1","86","C3536714"
"6571","2","3","8","60","36","71","341","223","624","C3536714"
"54808","2","3","12","76","153","40","38","54","75","C3536714"
"9394","2","3","2","74","58","112","148","193","263","C3536714"
"5979","2","5","7","53","14","20","25","40","186","C3536714"
"23461","2","3","5","47","144","185","238","310","392","C3536714"
"51651","2","3","12","41","219","339","156","568","605","C3536714"
"8799","2","3","5","43","161","305","409","208","482","C3536714"
"5396","2","3","3","19","221","321","428","541","667","C3536714"
"3845","2","5","7","60","54","24","30","46","72","C3536714"
"930","2","5","7","53","14","119","25","40","186","C3536714"
"54487","2","3","2","22","33","323","66","101","136","C3536714"
"11005","2","1","6","11","142","225","142","220","298","C3536714"
"6660","2","3","3","19","221","321","428","541","667","C3536714"
"5450","2","3","12","19","221","261","116","159","211","C3536734"
"6347","2","5","7","53","51","119","427","489","416","C3536734"
"2006","2","5","7","53","51","342","454","573","492","C3536734"
"71","2","5","7","60","14","184","103","544","669","C3536734"
"7353","2","3","12","41","219","339","156","568","605","C3536734"
"4893","2","5","7","34","52","24","30","46","72","C3536734"
"1759","2","5","7","60","14","184","341","544","669","C3536734"
"1954","2","5","7","53","51","342","454","573","492","C3536734"
"51360","2","3","3","26","35","276","91","433","203","C3536734"
"567","2","5","7","34","52","119","395","549","674","C3536741"
"435","2","3","8","84","97","167","210","278","360","C3536741"
"2121","2","3","12","41","116","268","434","568","605","C3536741"
"26519","2","3","2","48","170","50","304","167","593","C3536741"
"551","2","5","4","68","96","326","427","548","672","C3536741"
"3339","2","5","7","53","51","342","454","573","492","C3536741"
"7018","2","5","7","53","51","342","454","573","669","C3536741"
"5566","2","3","12","76","14","20","34","540","75","C3536741"
"825","2","5","7","53","51","342","454","573","492","C3536741"
"170691","2","5","7","53","51","342","454","573","492","C3536741"
"3981","2","3","12","19","31","261","116","1","86","C3536741"
"6262","2","5","8","63","45","23","34","464","187","C3536741"
"701","2","3","12","76","153","40","38","54","75","C3536741"
"3691","2","5","7","53","51","342","454","573","492","C3536741"
"7421","2","3","3","19","151","276","91","433","118","C3536741"
"4913","2","3","12","19","31","261","116","1","86","C3536741"
"137814","2","5","7","53","184","335","259","560","373","C3536741"
"1947","2","5","7","53","51","20","25","560","373","C3536983"
"9562","2","3","5","80","81","296","248","317","405","C3536983"
"658","2","5","7","53","51","342","259","423","389","C3538946"
"2627","2","3","12","19","31","118","155","287","116","C3538946"
"2737","2","3","12","19","116","321","428","54","667","C3544092"
"5428","2","3","2","48","170","50","119","167","593","C3544092"
"7422","2","5","7","53","51","342","454","573","702","C3544092"
"51259","2","3","2","76","153","40","38","54","75","C3544092"
"6239","2","3","12","19","119","330","214","454","144","C3544092"
"1761","2","3","3","19","221","321","428","541","667","C3544092"
"4141","2","3","2","110","85","237","433","547","154","C3544092"
"3954","2","3","2","48","170","67","119","444","593","C3544092"
"5075","2","3","3","19","221","321","428","541","667","C3544092"
"3752","2","5","8","63","36","166","106","110","158","C3544092"
"8481","2","3","12","76","153","40","38","54","75","C3544092"
"4607","2","5","7","53","51","23","103","464","187","C3544092"
"11277","2","3","12","19","31","261","116","1","86","C3544092"
"3033","2","3","2","67","80","145","179","239","618","C3544092"
"9915","2","3","3","27","151","276","91","433","118","C3544321"
"9451","2","3","2","110","51","335","226","297","380","C3544321"
"540","2","5","8","63","45","23","103","464","187","C3544321"
"3425","2","3","5","80","81","166","454","573","492","C3549698"
"54880","2","3","12","19","31","1","426","55","78","C3549698"
"29954","2","5","2","27","206","324","430","215","290","C3549698"
"190","2","3","3","19","151","276","91","433","118","C3549698"
"23064","2","3","6","11","31","261","142","220","664","C3549698"
"133","2","5","4","68","96","326","427","548","672","C3549698"
"7547","2","3","3","19","221","321","428","541","667","C3549698"
"8823","2","5","7","53","14","20","25","40","186","C3549698"
"3725","2","3","12","19","31","261","116","336","152","C3549698"
"324","2","3","12","41","219","197","70","255","422","C3549698"
"1487","2","3","12","19","31","1","426","55","340","C3549698"
"5605","2","5","7","53","14","20","34","540","68","C3549698"
"6469","2","5","3","53","221","197","259","560","422","C3549698"
"3207","2","3","3","19","221","321","428","541","667","C3549698"
"1896","2","5","12","41","219","339","156","568","697","C3549698"
"950","2","5","7","60","14","184","341","544","669","C3549698"
"538","2","3","8","63","45","23","103","464","187","C3549698"
"3569","2","5","7","53","51","342","454","573","416","C3549698"
"6628","2","3","2","22","33","323","66","101","136","C3549698"
"2245","2","5","7","60","54","24","30","46","72","C3549698"
"9101","2","3","12","41","219","339","156","568","605","C3549698"
"5599","2","3","12","19","31","1","34","540","68","C3549698"
"4297","2","3","12","19","31","1","426","55","78","C3549703"
"5781","2","5","7","53","14","20","25","40","186","C3549703"
"4683","2","3","12","19","31","261","116","1","86","C3549703"
"368","2","3","12","41","116","268","423","536","445","C3549703"
"3458","2","5","7","53","184","119","156","287","116","C3549703"
"2296","2","3","3","19","221","321","428","541","667","C3549703"
"5940","2","3","2","22","33","323","66","101","136","C3549703"
"6628","2","3","2","22","33","323","66","101","136","C3549779"
"9451","2","3","2","110","51","335","226","297","380","C3549779"
"7227","2","3","12","19","31","276","91","433","118","C3549779"
"4137","2","3","7","27","36","150","341","223","628","C3549779"
"5428","2","3","2","48","170","50","119","167","593","C3550150"
"2969","2","3","12","19","31","276","91","433","118","C3550150"
"860","2","3","12","19","31","276","91","433","118","C3550204"
"2719","2","5","7","53","51","342","454","573","492","C3550204"
"6899","2","5","7","53","184","335","259","560","373","C3550234"
"7040","2","5","7","53","51","342","454","573","492","C3550234"
"10083","2","5","7","42","36","71","177","223","219","C3550234"
"15","2","3","2","11","142","225","142","87","673","C3550234"
"4088","2","3","12","19","219","339","259","423","605","C3550234"
"4784","2","3","2","22","33","261","116","159","211","C3550658"
"860","2","3","12","19","31","276","91","433","118","C3550658"
"4704","2","3","2","48","170","50","119","444","556","C3550658"
"1294","2","5","7","53","51","342","454","573","492","C3550658"
"27031","2","3","6","11","142","225","38","331","506","C3550658"
"1513","2","5","7","53","51","342","454","573","492","C3550658"
"1583","2","3","5","79","152","273","375","100","589","C3550658"
"7038","2","5","7","60","18","184","98","66","203","C3550658"
"6663","2","3","3","19","221","321","428","541","667","C3550658"
"7468","2","3","12","19","31","1","426","55","78","C3550658"
"2623","2","3","12","19","31","1","155","287","116","C3550658"
"6575","2","3","8","45","94","199","240","415","666","C3550658"
"6899","2","5","7","53","184","335","259","560","373","C3550658"
"635","2","3","8","45","94","199","240","415","666","C3550658"
"1277","2","5","7","53","51","342","454","573","492","C3550658"
"26277","2","3","12","19","31","1","426","1","78","C3550658"
"8878","2","3","12","41","219","339","156","568","697","C3550658"
"7290","2","3","12","19","31","1","426","55","78","C3550658"
"3516","2","3","12","19","31","143","428","236","667","C3550658"
"2066","2","5","7","53","14","20","25","40","186","C3550658"
"100","2","3","5","33","21","47","56","80","199","C3550658"
"51025","2","3","2","48","170","50","304","167","593","C3550658"
"2737","2","3","12","19","116","321","428","54","667","C3550658"
"4538","2","3","2","48","170","50","119","444","556","C3550658"
"10585","2","5","2","27","206","324","430","215","290","C3550658"
"3479","2","5","7","53","51","342","454","573","492","C3550658"
"6016","2","5","7","60","54","24","30","46","72","C3550658"
"3077","2","5","7","53","51","119","395","549","674","C3550658"
"4853","2","3","12","19","124","143","428","236","667","C3550658"
"6885","2","3","12","41","219","339","156","568","697","C3550658"
"7337","2","3","12","41","116","268","434","468","213","C3550658"
"1848","2","3","5","42","81","296","399","201","274","C3550658"
"7390","2","3","5","80","81","166","132","175","473","C3551052"
"1969","2","5","7","53","14","20","25","560","186","C3551052"
"50939","2","3","12","76","153","40","38","472","435","C3551052"
"8200","2","5","7","53","51","342","259","423","389","C3551052"
"10516","2","5","7","53","51","342","454","573","492","C3551052"
"846","2","5","4","68","96","326","427","548","672","C3551052"
"8452","2","3","12","41","116","268","434","468","213","C3551052"
"5824","2","3","5","47","144","185","238","310","392","C3551052"
"6324","2","5","7","63","36","166","341","223","158","C3551052"
"4625","2","3","8","63","45","23","103","464","187","C3551052"
"4233","2","5","7","53","14","20","25","40","186","C3551173"
"54941","2","3","12","41","116","268","434","468","213","C3551173"
"6011","2","5","7","53","14","20","34","540","68","C3551426"
"5167","2","3","5","32","93","163","207","303","126","C3551426"
"6311","2","3","2","22","33","323","66","362","468","C3551426"
"9627","2","3","12","19","31","1","426","55","78","C3551426"
"6499","2","3","2","110","85","237","433","547","671","C3551426"
"1585","2","3","5","79","159","256","351","100","589","C3551426"
"6338","2","5","8","63","45","23","34","464","187","C3551426"
"1812","2","5","4","68","96","326","427","548","672","C3551426"
"8878","2","3","12","41","219","339","156","568","697","C3551426"
"8626","2","3","3","19","221","321","428","541","667","C3551426"
"2261","2","5","7","53","14","20","25","40","186","C3551426"
"25793","2","3","12","41","116","268","434","468","213","C3551426"
"3630","2","5","7","53","14","20","25","40","186","C3551426"
"7140","2","5","8","63","45","23","103","464","187","C3551426"
"6134","2","3","2","110","85","237","433","547","671","C3551426"
"4952","2","3","5","60","54","184","30","544","669","C3551426"
"3861","2","1","6","11","142","225","142","220","298","C3551426"
"7546","2","5","3","19","221","321","79","560","373","C3551426"
"5144","2","3","4","68","96","326","427","548","672","C3551430"
"949","2","5","5","45","94","199","240","415","666","C3551430"
"3146","2","5","7","34","52","216","395","549","674","C3551430"
"1588","2","3","5","79","159","256","350","27","44","C3551430"
"54567","2","5","7","53","51","143","428","236","667","C3551430"
"4990","2","3","3","19","221","321","428","541","667","C3551430"
"7737","2","3","12","22","33","268","434","468","213","C3551430"
"4790","2","3","7","34","52","216","166","129","697","C3551430"
"3766","2","5","8","63","36","166","106","110","158","C3551430"
"1728","2","3","2","41","116","268","434","568","605","C3551430"
"9927","2","3","12","19","31","118","155","287","116","C3551430"
"23426","2","5","7","42","36","71","177","223","219","C3551430"
"55997","2","5","3","53","221","321","259","423","389","C3551430"
"6622","2","3","7","27","36","150","341","223","628","C3551430"
"6548","2","3","2","45","94","199","240","415","326","C3551430"
"1499","2","3","12","19","221","197","259","560","422","C3551430"
"3082","2","5","7","53","51","342","25","40","186","C3551430"
"9896","2","3","5","80","81","296","399","201","274","C3551430"
"2969","2","3","12","19","31","276","91","433","118","C3551430"
"846","2","5","4","68","96","326","427","548","672","C3551430"
"2690","2","5","7","53","14","20","25","40","186","C3551430"
"8813","2","3","2","48","116","142","136","280","363","C3551430"
"1421","2","3","6","63","45","160","362","177","673","C3551430"
"6336","2","5","8","63","36","166","341","390","158","C3551430"
"699","2","3","12","76","153","40","38","54","75","C3551430"
"10225","2","5","7","53","51","119","395","549","674","C3551430"
"845","2","5","8","63","45","23","34","464","187","C3551430"
"2065","2","5","7","53","14","20","25","40","186","C3551430"
"26227","2","3","2","41","137","44","208","81","108","C3551430"
"3239","2","3","3","19","221","321","428","541","667","C3551430"
"6351","2","5","4","68","96","326","427","548","672","C3551430"
"3064","2","3","12","48","170","50","444","91","439","C3551431"
"2978","2","3","5","80","81","272","223","518","621","C3551431"
"55650","2","3","2","61","77","142","176","235","557","C3551431"
"546","2","3","12","19","31","261","426","1","86","C3551431"
"23308","2","5","7","53","51","119","25","549","674","C3551431"
"9049","2","3","3","41","151","276","378","271","356","C3551431"
"54453","2","5","7","60","54","24","30","46","72","C3551431"
"5428","2","3","2","48","170","50","119","167","593","C3551535"
"3290","2","3","2","69","83","101","94","133","239","C3551535"
"1584","2","3","5","79","159","256","276","353","456","C3551535"
"4000","2","3","12","26","105","178","226","297","156","C3551535"
"7454","2","5","7","60","14","20","25","40","215","C3551535"
"25914","2","3","12","41","116","339","409","359","187","C3551535"
"6567","2","5","8","35","41","77","40","57","80","C3551535"
"2273","2","5","8","63","45","23","103","464","187","C3551535"
"100","2","3","5","33","21","47","56","80","199","C3551535"
"5194","2","3","5","43","161","305","409","208","482","C3551535"
"6662","2","3","3","19","221","321","428","541","667","C3551535"
"261734","2","3","12","76","153","40","38","54","75","C3551535"
"3481","2","5","7","53","51","342","454","573","492","C3551535"
"9966","2","5","12","41","219","339","156","568","697","C3551535"
"1961","2","3","12","19","31","1","426","55","340","C3551535"
"1896","2","5","12","41","219","339","156","568","697","C3551535"
"11231","2","3","2","110","105","178","226","297","380","C3551535"
"5922","2","5","7","60","54","24","30","46","72","C3551535"
"51684","2","3","12","41","116","268","38","54","75","C3551535"
"4668","2","3","5","21","111","188","242","313","396","C3551535"
"2263","2","5","7","53","14","20","25","40","186","C3551535"
"1075","2","5","7","34","52","216","395","549","674","C3551535"
"6390","2","3","2","48","170","50","119","444","556","C3551535"
"64072","2","5","7","53","51","335","444","560","373","C3551535"
"673","2","5","7","53","14","20","34","540","68","C3551535"
"6663","2","3","3","19","221","321","428","541","667","C3551535"
"7015","2","3","12","19","31","1","426","55","78","C3551535"
"6531","2","5","8","45","94","199","240","415","666","C3551535"
"5327","2","5","7","53","51","342","454","573","492","C3551535"
"3481","2","5","7","53","51","342","454","573","492","C3551535"
"3543","2","5","7","53","51","119","395","549","674","C3551535"
"2556","2","5","8","27","70","99","162","216","290","C3551535"
"796","2","5","4","68","96","326","427","548","672","C3551954"
"5032","2","5","4","68","96","326","427","548","672","C3551954"
"4137","2","3","7","27","36","150","341","223","628","C3551954"
"22897","2","3","12","76","153","40","38","54","75","C3551954"
"8504","2","3","5","47","144","185","238","310","392","C3551954"
"6897","2","3","2","110","85","237","433","252","154","C3551954"
"1536","2","5","7","34","52","216","395","549","674","C3552099"
"2316","2","5","7","53","51","342","454","573","702","C3552099"
"8517","2","3","12","41","219","339","156","568","697","C3552099"
"9095","2","5","7","53","51","335","444","560","373","C3552099"
"221037","2","3","12","19","31","118","155","287","116","C3552099"
"1278","2","5","7","53","51","342","454","573","492","C3552099"
"9990","2","5","8","45","94","199","240","415","666","C3552526"
"4487","2","3","3","19","221","321","428","541","667","C3552526"
"6473","2","3","3","19","221","321","428","541","667","C3552526"
"22854","2","5","5","27","51","335","444","560","373","C3552713"
"6905","2","3","12","76","153","40","38","54","75","C3552713"
"547","2","3","7","76","153","40","38","54","75","C3552713"
"5190","2","3","5","43","161","305","409","208","482","C3552713"
"26154","2","3","5","47","144","185","238","310","392","C3552713"
"3043","2","5","7","34","52","216","395","549","116","C3552713"
"1103","2","3","2","67","92","293","55","75","311","C3552713"
"84059","2","5","7","53","51","335","444","560","373","C3552713"
"478","2","3","8","63","45","23","366","464","187","C3552713"
"2328","2","3","5","91","214","226","326","413","530","C3552713"
"7469","2","3","12","19","31","261","116","159","211","C3552713"
"6772","2","3","12","53","184","119","156","287","116","C3552713"
"3914","2","5","7","53","51","342","454","573","492","C3552713"
"23236","2","3","4","68","96","326","427","548","672","C3552713"
"5216","2","5","7","76","153","342","38","54","702","C3552713"
"22995","2","3","12","76","153","40","38","54","75","C3552713"
"1292","2","5","7","53","51","342","454","573","492","C3552713"
"3717","2","5","7","53","14","20","25","40","186","C3552713"
"773","2","5","8","27","36","166","341","223","628","C3552713"
"1028","2","3","12","19","31","1","116","1","86","C3552713"
"2778","2","5","4","68","96","326","427","548","672","C3552853"
"3299","2","3","12","42","81","296","399","201","274","C3552853"
"3798","2","3","7","76","153","40","38","54","75","C3552853"
"5450","2","3","12","19","221","261","116","159","211","C3552853"
"9652","2","3","2","110","85","237","433","547","671","C3552853"
"5130","2","3","2","85","143","286","51","488","102","C3552853"
"7040","2","5","7","53","51","342","454","573","492","C3552853"
"5831","2","3","2","101","62","189","182","566","409","C3552853"
"1019","2","3","12","19","31","1","116","1","86","C3552853"
"7020","2","3","12","19","31","276","91","433","664","C3552853"
"1277","2","5","7","53","51","342","454","573","492","C3552853"
"1277","2","5","7","53","51","342","454","573","492","C3552853"
"1145","2","5","8","27","70","99","162","216","290","C3552853"
"72","2","5","8","63","45","23","103","464","187","C3552853"
"3418","2","3","2","67","151","276","33","48","155","C3552853"
"3329","2","3","2","48","170","50","304","167","593","C3552853"
"23095","2","3","7","76","153","40","38","54","75","C3552853"
"5346","2","3","3","19","151","276","91","433","118","C3552853"
"7443","2","3","12","19","31","261","34","540","68","C3552853"
"3329","2","3","2","48","170","50","304","167","593","C3552853"
"2535","2","5","3","68","221","197","259","560","422","C3552853"
"7169","2","5","8","63","45","23","103","464","187","C3552853"
"51750","2","3","12","19","31","261","116","1","86","C3552853"
"10159","2","5","7","34","52","216","395","549","674","C3552853"
"9173","2","5","7","53","14","20","25","40","186","C3552853"
"9791","2","3","8","45","94","199","240","415","666","C3552853"
"4683","2","3","12","19","31","261","116","1","86","C3552853"
"3784","2","5","8","63","36","166","106","110","158","C3552853"
"4867","2","5","7","76","153","40","38","54","75","C3552853"
"4286","2","3","12","19","31","261","116","1","664","C3552853"
"4846","2","3","5","41","219","75","243","44","64","C3552853"
"26277","2","3","12","19","31","1","426","1","78","C3553016"
"2737","2","3","12","19","116","321","428","54","667","C3553016"
"7508","2","3","12","19","31","261","116","1","664","C3553368"
"4041","2","5","3","68","221","197","259","560","422","C3553368"
"1641","2","5","7","60","221","321","428","560","373","C3553368"
"3674","2","5","7","53","51","342","454","573","492","C3553368"
"718","2","5","7","34","51","119","395","549","674","C3553395"
"23118","2","3","12","41","219","339","156","568","697","C3553395"
"8671","2","5","8","45","94","199","240","415","666","C3553395"
"1062","2","3","12","76","153","40","38","54","75","C3553395"
"54903","2","3","12","76","153","40","38","54","75","C3553397"
"1653","2","3","2","22","33","323","66","101","664","C3553397"
"3458","2","5","7","53","184","119","156","287","116","C3553450"
"2324","2","5","7","53","14","20","25","40","186","C3553450"
"596","2","3","12","19","219","339","402","489","416","C3553450"
"6578","2","3","5","35","41","77","40","57","80","C3553450"
"4000","2","3","12","26","105","178","226","297","156","C3553450"
"54463","2","3","2","48","57","110","141","359","462","C3553450"
"1759","2","5","7","60","14","184","341","544","669","C3553450"
"6862","2","5","3","53","51","335","259","560","373","C3553450"
"10555","2","3","7","34","52","216","395","549","622","C3553450"
"6833","2","5","8","45","36","166","240","415","666","C3553450"
"3952","2","5","3","53","151","276","91","433","118","C3553450"
"3239","2","3","3","19","221","321","428","541","667","C3553450"
"175","2","3","7","34","52","216","395","549","674","C3553450"
"8838","2","5","7","53","51","342","259","423","389","C3553450"
"9394","2","3","2","74","58","112","148","193","263","C3553450"
"54187","2","3","5","80","81","296","272","452","148","C3553450"
"2317","2","5","7","63","45","23","103","287","664","C3553450"
"4763","2","5","7","60","54","24","30","46","214","C3553720"
"7249","2","3","7","60","57","110","141","359","462","C3553720"
"10166","2","3","2","84","97","167","210","278","360","C3553754"
"7450","2","5","7","53","51","342","454","573","492","C3553754"
"6774","2","3","12","53","14","276","25","489","416","C3553754"
"3767","2","5","8","63","36","166","106","110","158","C3553754"
"6208","2","3","2","110","85","237","433","547","671","C3554568"
"1291","2","5","7","53","51","342","454","573","492","C3554568"
"324","2","3","12","41","219","197","70","255","422","C3554568"
"1080","2","3","12","41","219","339","156","544","669","C3554568"
"4361","2","3","12","19","31","261","116","1","86","C3554568"
"2798","2","5","4","68","96","326","427","548","672","C3554568"
"545","2","3","12","19","31","261","116","1","86","C3554612"
"7469","2","3","12","19","31","261","116","159","211","C3554612"
"1716","2","3","2","27","36","150","221","138","188","C3554617"
"7227","2","3","12","19","31","276","91","433","118","C3554617"
"8139","2","3","12","41","116","268","434","468","213","C3554617"
"846","2","5","4","68","96","326","427","548","672","C3554617"
"176","2","5","7","53","51","342","454","573","492","C3554617"
"3872","2","1","6","11","142","225","142","220","298","C3554617"
"7124","2","3","12","41","219","339","156","568","697","C3554617"
"6329","2","5","8","63","36","166","341","390","158","C3554617"
"7248","2","3","2","48","57","110","141","359","462","C3554617"
"493753","2","1","6","11","142","225","188","145","193","C3554617"
"6341","2","3","2","48","170","50","119","444","556","C3554617"
"6491","2","3","12","76","153","40","38","54","75","C3554617"
"1188","2","5","8","63","45","23","34","464","187","C3554617"
"11093","2","5","7","53","51","342","454","573","492","C3554617"
"1670","2","5","9","70","100","238","332","420","536","C3554617"
"51103","2","3","2","48","170","50","119","444","556","C3554617"
"25782","2","5","7","60","54","24","30","46","72","C3554617"
"735","2","5","7","53","51","119","395","549","674","C3554617"
"7249","2","3","7","60","57","110","141","359","462","C3554617"
"51752","2","3","2","41","153","119","156","536","116","C3554617"
"57674","2","3","12","41","116","268","434","468","213","C3554617"
"2774","2","2","1","9","15","21","28","42","62","C3554617"
"2796","2","5","4","68","96","326","427","548","672","C3554724"
"5889","2","3","12","19","31","261","116","1","86","C3554724"
"973","2","5","7","53","14","20","25","40","186","C3554724"
"7416","2","3","2","48","170","339","304","167","593","C3554724"
"4308","2","5","8","63","45","193","306","390","158","C3554724"
"8287","2","3","12","41","219","339","156","568","605","C3554724"
"4644","2","5","7","60","54","184","141","359","411","C3658267"
"26040","2","3","12","19","31","1","116","297","78","C3658267"
"1717","2","3","2","19","151","276","48","69","204","C3665333"
"10134","2","3","2","41","219","339","156","536","342","C3665333"
"6528","2","5","8","45","94","199","240","415","666","C3665349"
"26040","2","3","12","19","31","1","116","297","78","C3665349"
"5624","2","5","7","53","51","342","454","573","492","C3665349"
"26580","2","5","8","27","70","99","162","216","290","C3665349"
"4760","2","3","3","19","221","321","428","541","667","C3665349"
"6103","2","3","12","76","153","40","38","54","75","C3665349"
"4842","2","3","5","63","45","71","177","464","219","C3665349"
"3952","2","5","3","53","151","276","91","433","118","C3665349"
"5080","2","3","3","19","221","321","428","541","667","C3665349"
"2815","2","5","7","53","51","342","454","573","492","C3665349"
"7048","2","5","7","53","51","342","259","423","389","C3665349"
"9364","2","5","7","60","54","24","30","46","72","C3665349"
"23322","2","3","12","76","153","40","38","54","75","C3665349"
"6750","2","5","4","68","96","326","427","548","672","C3665349"
"4762","2","3","12","19","221","276","91","433","118","C3665358"
"4282","2","5","7","34","52","216","395","549","674","C3665358"
"1908","2","5","4","68","96","326","427","548","672","C3665358"
"2260","2","5","7","53","14","20","25","40","186","C3665358"
"5444","2","3","5","80","147","236","328","411","229","C3665358"
"2239","2","3","2","74","51","342","454","573","492","C3665425"
"23230","2","5","7","11","142","71","341","560","219","C3665425"
"1417","2","5","6","11","142","225","142","177","673","C3665425"
"8842","2","5","5","53","82","147","184","179","328","C3665439"
"7827","2","5","7","53","170","335","25","560","373","C3665439"
"9896","2","3","5","80","81","296","399","201","274","C3665596"
"7472","2","5","3","68","221","197","259","560","422","C3665596"
"50945","2","3","3","48","170","335","347","560","373","C3665596"
"8139","2","3","12","41","116","268","434","468","213","C3665596"
"3339","2","5","7","53","51","342","454","573","492","C3665596"
"7403","2","3","12","19","31","1","426","55","78","C3665596"
"3339","2","5","7","53","51","342","454","573","492","C3665596"
"9244","2","5","7","53","51","119","25","40","416","C3665596"
"5159","2","5","7","53","14","20","25","40","186","C3665596"
"1147","2","3","12","41","219","339","156","568","697","C3665596"
"781","2","5","8","63","36","166","341","223","158","C3665628"
"7704","2","3","12","41","116","268","434","468","213","C3665628"
"3199","2","3","3","19","221","321","428","541","667","C3665704"
"51750","2","3","12","19","31","261","116","1","86","C3665704"
"9241","2","5","7","53","51","342","259","423","389","C3671887"
"1827","2","5","7","63","45","23","402","518","621","C3671887"
"9369","2","5","7","60","36","71","341","223","219","C3671887"
"348","2","5","7","53","51","342","454","573","492","C3671887"
"1513","2","5","7","53","51","342","454","573","492","C3671887"
"3674","2","5","7","53","51","342","454","573","492","C3671887"
"55636","2","3","3","19","221","321","428","423","389","C3696376"
"25978","2","3","2","48","57","110","141","359","462","C3696376"
"579","2","3","3","19","221","321","428","541","667","C3696376"
"4000","2","3","12","26","105","178","226","297","156","C3696376"
"103","2","3","2","110","184","119","156","287","116","C3696376"
"5604","2","5","7","53","14","20","34","540","68","C3697248"
"3172","2","3","3","19","151","276","91","433","118","C3697248"
"2730","2","3","2","83","171","97","381","478","597","C3697248"
"545","2","3","12","19","31","261","116","1","86","C3697248"
"64375","2","3","3","19","119","330","214","454","144","C3697248"
"5624","2","5","7","53","51","342","454","573","492","C3697248"
"6690","2","5","7","68","51","119","395","549","674","C3697248"
"6496","2","3","3","19","221","321","428","541","667","C3697248"
"4524","2","3","2","15","166","104","369","117","583","C3697248"
"3730","2","5","7","53","14","20","25","40","186","C3698239"
"7486","2","3","12","19","31","261","116","1","86","C3698239"
"54567","2","5","7","53","51","143","428","236","667","C3698239"
"2335","2","5","7","53","51","342","454","573","492","C3710589"
"2697","2","3","7","76","153","40","38","54","75","C3710589"
"8573","2","5","7","53","36","71","341","223","219","C3711376"
"51083","2","5","4","68","96","326","427","548","672","C3711376"
"2146","2","3","12","19","31","1","426","55","78","C3711376"
"7507","2","3","12","19","31","261","116","1","86","C3711385"
"1278","2","5","7","53","51","342","454","573","492","C3711385"
"4540","2","3","2","48","170","50","119","444","556","C3714497"
"54795","2","5","8","63","45","193","306","390","158","C3714497"
"2165","2","5","7","53","51","342","454","573","492","C3714497"
"3239","2","3","3","19","221","321","428","541","667","C3714497"
"1758","2","5","7","53","51","342","454","573","492","C3714497"
"3693","2","5","7","53","51","342","454","573","492","C3714497"
"54806","2","5","7","76","153","40","38","54","75","C3714497"
"1415","2","3","6","63","45","160","362","177","673","C3714497"
"2778","2","5","4","68","96","326","427","548","672","C3714497"
"1297","2","5","7","53","51","342","454","573","492","C3714497"
"9469","2","3","2","103","189","303","29","475","467","C3714497"
"27130","2","3","12","48","45","143","38","236","69","C3714497"
"196527","2","5","7","34","52","216","395","549","674","C3714497"
"2316","2","5","7","53","51","342","454","573","702","C3714497"
"4907","2","3","5","80","81","296","62","94","150","C3714497"
"23395","2","3","2","110","85","67","76","252","154","C3714497"
"3045","2","3","12","19","31","118","155","287","116","C3714497"
"2516","2","3","3","19","151","276","91","433","118","C3714497"
"5290","2","3","7","53","14","20","25","40","186","C3714497"
"4137","2","3","7","27","36","150","341","223","628","C3714497"
"55726","2","3","2","22","33","261","116","159","211","C3714497"
"1497","2","5","2","63","182","50","103","297","628","C3714514"
"5172","2","5","8","45","94","199","240","415","666","C3714514"
"2316","2","5","7","53","51","342","454","573","702","C3714514"
"5573","2","3","12","19","184","118","155","287","116","C3714514"
"2720","2","3","7","34","52","216","395","21","599","C3714514"
"2138","2","3","12","19","31","1","426","55","78","C3714514"
"2316","2","5","7","53","51","342","454","573","702","C3714524"
"4157","2","5","4","68","96","326","427","548","672","C3714524"
"720","2","5","7","53","51","342","454","573","492","C3714524"
"10060","2","3","8","41","45","23","423","464","445","C3714534"
"673","2","5","7","53","14","20","34","540","68","C3714534"
"51816","2","5","7","34","52","216","395","549","674","C3714534"
"37","2","3","2","110","105","178","226","297","380","C3714580"
"4436","2","3","12","19","31","261","116","1","86","C3714580"
"2697","2","3","7","76","153","40","38","54","75","C3714580"
"9401","2","3","12","76","31","261","116","1","86","C3714757"
"351","2","5","4","68","96","326","188","145","193","C3714757"
"11277","2","3","12","19","31","261","116","1","86","C3714757"
"5325","2","3","12","19","31","198","261","146","118","C3714757"
"51317","2","3","12","19","31","1","426","55","78","C3714757"
"9101","2","3","12","41","219","339","156","568","605","C3714757"
"5602","2","3","12","19","14","150","34","540","68","C3714757"
"2263","2","5","7","53","14","20","25","40","186","C3714757"
"54968","2","3","2","48","170","50","119","444","556","C3714757"
"8050","2","3","2","67","92","293","55","75","311","C3714757"
"4088","2","3","12","19","219","339","259","423","605","C3714757"
"5889","2","3","12","19","31","261","116","1","86","C3714796"
"10479","2","5","7","27","36","150","341","223","628","C3714796"
"3914","2","5","7","53","51","342","454","573","492","C3714796"
"50484","2","3","5","80","109","182","235","307","506","C3714796"
"8434","2","5","5","27","51","335","444","560","373","C3714796"
"7840","2","3","12","76","153","40","38","54","75","C3714796"
"8546","2","5","7","60","18","184","341","544","669","C3714796"
"7048","2","5","7","53","51","342","259","423","389","C3714796"
"9896","2","3","5","80","81","296","399","201","274","C3714796"
"2672","2","3","3","19","221","321","259","423","389","C3714796"
"546","2","3","12","19","31","261","426","1","86","C3714796"
"3663","2","3","12","53","184","119","156","287","116","C3714796"
"6336","2","5","8","63","36","166","341","390","158","C3714796"
"7415","2","3","7","34","52","216","395","536","445","C3714796"
"2317","2","5","7","63","45","23","103","287","664","C3714796"
"1278","2","5","7","53","51","342","454","573","492","C3714796"
"94","2","5","7","53","51","342","259","423","389","C3714796"
"3145","2","3","5","80","81","166","132","175","473","C3714796"
"10758","2","3","12","41","219","339","156","568","697","C3714796"
"1482","2","3","3","19","221","321","428","541","667","C3714796"
"5327","2","5","7","53","51","342","454","573","492","C3714796"
"1301","2","5","7","53","51","342","454","573","492","C3714796"
"4041","2","5","3","68","221","197","259","560","422","C3714796"
"1548","2","3","5","91","214","226","326","447","586","C3714796"
"998","2","5","7","60","54","24","30","46","72","C3714796"
"2332","2","3","2","22","33","71","373","466","609","C3714796"
"695","2","5","7","53","14","20","25","40","186","C3714796"
"207","2","3","7","53","14","20","34","489","416","C3714796"
"3423","2","3","5","74","3","342","374","294","590","C3714796"
"2332","2","3","2","22","33","71","373","466","609","C3714796"
"3172","2","3","3","19","151","276","91","433","118","C3714796"
"2048","2","5","7","53","14","20","25","560","373","C3714873"
"1288","2","5","7","53","51","342","454","573","492","C3714873"
"59","2","5","8","63","45","23","103","464","187","C3714873"
"6935","2","3","3","19","221","321","428","541","667","C3714976"
"4038","2","5","7","53","51","342","454","573","492","C3714976"
"2239","2","3","2","74","51","342","454","573","492","C3715128"
"1027","2","3","12","19","31","1","116","1","86","C3715128"
"10161","2","5","4","68","96","326","427","548","672","C3804991"
"3070","2","3","12","76","31","1","426","55","78","C3804991"
"9968","2","4","3","24","119","330","214","454","144","C3805083"
"2253","2","5","7","53","14","20","25","40","186","C3805083"
"7042","2","5","7","53","51","342","454","573","492","C3805420"
"4524","2","3","2","15","166","104","369","117","583","C3805420"
"1280","2","5","7","53","51","342","454","573","492","C3805420"
"2109","2","3","2","48","170","50","119","444","556","C3805420"
"2189","2","3","12","19","31","261","116","1","86","C3805715"
"4548","2","3","2","15","85","105","139","186","245","C3805715"
"4524","2","3","2","15","166","104","369","117","583","C3805715"
"2248","2","5","7","53","14","20","25","40","186","C3805715"
"8626","2","3","3","19","221","321","428","541","667","C3805715"
"340024","2","3","8","45","94","199","240","415","666","C3805839"
"1291","2","5","7","53","51","342","454","573","492","C3805839"
"25953","2","3","2","67","92","293","137","75","664","C3805839"
"5605","2","5","7","53","14","20","34","540","68","C3805839"
"1301","2","5","7","53","51","342","454","573","492","C3805839"
"9518","2","5","7","53","51","342","259","423","389","C3805839"
"9241","2","5","7","53","51","342","259","423","389","C3805839"
"6638","2","3","2","22","33","323","66","101","136","C3805839"
"3481","2","5","7","53","51","342","454","573","492","C3805877"
"153572","2","3","3","19","221","321","428","541","667","C3805877"
"23767","2","5","7","53","14","20","25","40","186","C3805887"
"23384","2","3","12","63","45","184","103","572","658","C3805887"
"3984","2","5","7","53","14","20","34","540","68","C3805887"
"9790","2","3","2","110","85","237","433","547","671","C3805887"
"324","2","3","12","41","219","197","70","255","422","C3805887"
"7547","2","3","3","19","221","321","428","541","667","C3805887"
"2202","2","5","7","53","51","342","454","573","492","C3805919"
"4010","2","3","3","19","221","321","428","541","667","C3805919"
"1029","2","3","12","19","31","1","116","1","664","C3805919"
"5826","2","3","7","48","161","105","139","186","245","C3805919"
"1490","2","5","7","53","51","342","454","573","492","C3806178"
"1281","2","5","7","53","51","342","454","573","492","C3806178"
"2896","2","5","7","34","52","216","395","549","674","C3806178"
"1193","2","5","8","63","45","23","34","464","187","C3806178"
"1908","2","5","4","68","96","326","427","548","672","C3806179"
"5073","2","3","2","110","85","323","433","146","194","C3806179"
"23503","2","3","6","11","142","225","142","220","298","C3806179"
"10659","2","3","2","22","33","323","66","101","136","C3806216"
"2538","2","3","5","90","216","333","438","561","689","C3806216"
"4867","2","5","7","76","153","40","38","54","75","C3806218"
"3248","2","3","2","69","83","133","167","224","301","C3806218"
"3664","2","5","7","53","184","119","156","287","116","C3806218"
"5314","2","3","12","76","153","40","38","54","75","C3806218"
"4261","2","3","12","53","184","119","156","287","116","C3806218"
"6391","2","3","2","48","170","50","119","444","556","C3806218"
"9940","2","3","5","68","221","321","428","447","586","C3806218"
"55636","2","3","3","19","221","321","428","423","389","C3806221"
"1548","2","3","5","91","214","226","326","447","586","C3806221"
"415","2","3","5","105","155","250","291","152","420","C3806221"
"9213","2","5","7","68","96","184","219","380","666","C3806221"
"8260","2","3","12","41","85","266","76","287","78","C3806280"
"117579","2","5","4","68","96","326","427","548","672","C3806280"
"26608","2","3","2","22","170","50","119","463","153","C3806301"
"4338","2","3","2","110","85","75","204","267","352","C3806301"
"7471","2","5","3","68","221","197","259","560","422","C3806301"
"1103","2","3","2","67","92","293","55","75","311","C3806301"
"5551","2","5","7","53","51","119","395","549","674","C3806301"
"3039","2","3","5","35","41","118","155","287","116","C3806301"
"9839","2","3","3","19","221","321","428","541","667","C3806301"
"7124","2","3","12","41","219","339","156","568","697","C3806301"
"6925","2","3","12","19","31","225","142","220","298","C3806301"
"2623","2","3","12","19","31","1","155","287","116","C3806301"
"5277","2","3","2","61","77","142","176","235","317","C3806301"
"79443","2","3","2","48","57","110","141","359","462","C3806301"
"3239","2","3","3","19","221","321","428","541","667","C3806301"
"4790","2","3","7","34","52","216","166","129","697","C3806306"
"2138","2","3","12","19","31","1","426","55","78","C3806306"
"6899","2","5","7","53","184","335","259","560","373","C3806330"
"27077","2","3","12","76","153","40","38","54","75","C3806330"
"1490","2","5","7","53","51","342","454","573","492","C3806330"
"5189","2","3","5","43","161","305","409","208","482","C3806330"
"2908","2","3","12","19","151","276","91","433","118","C3806347"
"1718","2","3","2","54","90","84","48","69","204","C3806347"
"4867","2","5","7","76","153","40","38","54","75","C3806347"
"4436","2","3","12","19","31","261","116","1","86","C3806347"
"4948","2","5","8","63","45","23","250","464","187","C3806347"
"4921","2","5","7","53","14","20","25","573","186","C3806347"
"5015","2","3","3","19","221","321","428","541","667","C3806402"
"6532","2","5","8","45","94","199","240","415","666","C3806402"
"4089","2","3","12","19","219","339","259","423","605","C3806442"
"3784","2","5","8","63","36","166","106","110","158","C3806442"
"8878","2","3","12","41","219","339","156","568","697","C3806447"
"7157","2","3","12","19","31","261","402","489","551","C3806447"
"2316","2","5","7","53","51","342","454","573","702","C3806462"
"55572","2","3","2","48","170","50","119","444","556","C3806462"
"6323","2","5","8","63","36","166","341","390","158","C3806462"
"4353","2","3","7","34","52","216","395","549","674","C3806510"
"55651","2","3","2","110","85","237","433","547","671","C3806510"
"54902","2","3","2","48","182","50","119","444","556","C3806510"
"10617","2","3","12","48","57","110","141","359","462","C3806510"
"189","2","3","5","43","161","305","409","208","482","C3806510"
"1053","2","3","12","19","31","276","91","433","118","C3806554"
"1513","2","5","7","53","51","342","454","573","492","C3806554"
"1392","2","5","4","68","96","326","427","548","672","C3806554"
"5551","2","5","7","53","51","119","395","549","674","C3806554"
"6391","2","3","2","48","170","50","119","444","556","C3806554"
"8260","2","3","12","41","85","266","76","287","78","C3806554"
"1134","2","5","8","27","70","99","162","216","290","C3806554"
"1487","2","3","12","19","31","1","426","55","340","C3806554"
"9031","2","3","12","19","31","1","426","55","78","C3806554"
"50484","2","3","5","80","109","182","235","307","506","C3806554"
"4514","2","3","2","48","57","110","141","359","5","C3806554"
"4916","2","5","7","53","14","20","25","447","186","C3806554"
"871","2","5","7","53","51","342","454","573","492","C3806554"
"2255","2","5","7","53","14","20","25","40","186","C3806634"
"9896","2","3","5","80","81","296","399","201","274","C3806634"
"54806","2","5","7","76","153","40","38","54","75","C3806644"
"2624","2","3","12","19","31","1","155","287","116","C3806644"
"1277","2","5","7","53","51","342","454","573","492","C3806644"
"23545","2","3","5","29","88","132","85","222","346","C3806644"
"2261","2","5","7","53","14","20","25","40","186","C3806644"
"10060","2","3","8","41","45","23","423","464","445","C3806644"
"3569","2","5","7","53","51","342","454","573","416","C3806644"
"54345","2","5","3","19","221","321","428","541","667","C3806644"
"2697","2","3","7","76","153","40","38","54","75","C3806917"
"4000","2","3","12","26","105","178","226","297","156","C3806917"
"6929","2","3","12","19","31","1","426","55","78","C3806917"
"27130","2","3","12","48","45","143","38","236","69","C3807131"
"6899","2","5","7","53","184","335","259","560","373","C3807131"
"7439","2","5","8","63","45","23","34","464","187","C3807306"
"1674","2","5","8","63","45","23","103","464","187","C3807306"
"5921","2","5","7","60","14","24","25","40","215","C3807327"
"355","2","3","7","41","219","339","156","568","697","C3807327"
"6638","2","3","2","22","33","323","66","101","136","C3807327"
"5205","2","3","8","63","45","23","103","464","619","C3807980"
"4920","2","5","7","53","14","20","259","560","373","C3807980"
"6495","2","3","3","19","221","321","428","541","667","C3808022"
"4914","2","3","2","22","18","266","202","252","252","C3808022"
"11107","2","3","12","19","31","1","426","55","78","C3808022"
"8831","2","5","7","60","54","24","30","46","72","C3808022"
"22909","2","3","12","19","31","261","116","1","86","C3808022"
"367","2","3","12","19","31","276","91","433","118","C3808022"
"2178","2","3","12","19","31","261","116","1","86","C3808022"
"8820","2","3","3","19","221","321","428","541","667","C3808022"
"146227","2","3","12","34","52","216","347","61","83","C3808022"
"8822","2","5","7","53","14","20","25","40","186","C3808039"
"3854","2","1","6","11","142","225","142","220","298","C3808039"
"2495","2","3","7","34","52","216","395","274","358","C3808039"
"4297","2","3","12","19","31","1","426","55","78","C3808039"
"3557","2","3","12","41","219","339","156","568","697","C3808039"
"7421","2","3","3","19","151","276","91","433","118","C3808039"
"116461","2","3","12","22","33","323","66","101","664","C3808039"
"4952","2","3","5","60","54","184","30","544","669","C3808046"
"7050","2","3","12","19","31","321","428","541","667","C3808046"
"7048","2","5","7","53","51","342","259","423","389","C3808046"
"4593","2","5","7","53","14","20","454","573","492","C3808249"
"4210","2","3","12","41","219","339","156","568","697","C3808249"
"51128","2","5","7","60","153","24","38","46","72","C3808249"
"23522","2","3","12","19","31","1","426","55","78","C3808249"
"51094","2","3","2","48","57","110","141","359","462","C3808249"
"1290","2","5","7","53","51","342","454","573","492","C3808249"
"5073","2","3","2","110","85","323","433","146","194","C3808249"
"6329","2","5","8","63","36","166","341","390","158","C3808249"
"9627","2","3","12","19","31","1","426","55","78","C3808249"
"9049","2","3","3","41","151","276","378","271","356","C3808249"
"3362","2","5","4","68","96","326","427","548","672","C3808249"
"9915","2","3","3","27","151","276","91","433","118","C3808249"
"1302","2","5","7","53","51","342","454","573","492","C3808270"
"2263","2","5","7","53","14","20","25","40","186","C3808270"
"10265","2","3","3","19","221","321","428","541","667","C3808270"
"7015","2","3","12","19","31","1","426","55","78","C3808300"
"55135","2","3","12","76","137","76","136","472","435","C3808300"
"1717","2","3","2","19","151","276","48","69","204","C3808377"
"3030","2","3","2","48","57","339","44","65","31","C3808377"
"6326","2","5","8","63","36","166","341","390","158","C3808377"
"4000","2","3","12","26","105","178","226","297","156","C3808377"
"6905","2","3","12","76","153","40","38","54","75","C3808377"
"54902","2","3","2","48","182","50","119","444","556","C3808377"
"6866","2","5","4","68","96","326","427","548","672","C3808377"
"3614","2","3","7","34","52","216","395","549","674","C3808377"
"1311","2","5","7","53","51","342","454","573","492","C3808377"
"26119","2","5","7","60","14","184","341","544","669","C3808377"
"7476","2","5","3","68","221","197","259","560","422","C3808377"
"7431","2","3","12","41","45","23","103","489","416","C3808377"
"25782","2","5","7","60","54","24","30","46","72","C3808377"
"4313","2","5","7","53","51","342","454","573","492","C3808377"
"4893","2","5","7","34","52","24","30","46","72","C3808377"
"324","2","3","12","41","219","197","70","255","422","C3808403"
"1756","2","5","8","63","45","23","103","464","187","C3808403"
"7076","2","5","7","53","51","342","454","573","492","C3809221"
"3858","2","1","6","11","142","225","142","220","298","C3809221"
"27125","2","3","12","19","31","261","116","159","211","C3809221"
"5373","2","3","2","90","167","123","158","207","278","C3809221"
"59341","2","5","8","63","45","193","306","390","158","C3809221"
"8514","2","5","7","34","52","216","395","549","674","C3809221"
"5195","2","3","5","43","161","305","409","208","482","C3809221"
"4669","2","3","5","80","81","166","454","453","492","C3809715"
"2619","2","5","3","53","221","197","259","560","422","C3809715"
"2006","2","5","7","53","51","342","454","573","492","C3809715"
"23247","2","3","12","76","153","71","34","540","68","C3809719"
"5447","2","3","5","91","214","271","372","471","586","C3809719"
"3758","2","5","8","63","36","166","106","110","158","C3809811"
"3854","2","1","6","11","142","225","142","220","298","C3809811"
"886","2","5","4","68","96","326","427","548","672","C3809811"
"4715","2","3","2","48","170","50","119","444","556","C3809811"
"6521","2","5","8","35","41","199","40","415","666","C3809811"
"3763","2","5","8","63","36","166","106","110","158","C3809811"
"2018","2","3","3","19","221","321","428","541","667","C3809811"
"1786","2","3","12","19","31","1","426","55","78","C3809811"
"5290","2","3","7","53","14","20","25","40","186","C3809811"
"3106","2","5","7","34","52","119","395","549","674","C3809811"
"25942","2","3","12","19","31","1","426","55","78","C3810018"
"8626","2","3","3","19","221","321","428","541","667","C3810018"
"6338","2","5","8","63","45","23","34","464","187","C3810018"
"7494","2","3","2","110","105","178","226","297","380","C3810214"
"594","2","3","2","67","92","293","55","75","311","C3810214"
"7401","2","5","7","60","83","101","126","170","224","C3810214"
"1535","2","5","7","34","52","216","395","549","674","C3810471"
"5290","2","3","7","53","14","20","25","40","186","C3810471"
"6010","2","5","4","68","96","326","427","548","672","C3810487"
"4893","2","5","7","34","52","24","30","46","72","C3810487"
"7222","2","5","8","63","45","193","306","390","158","C3814530"
"3363","2","5","4","68","96","326","427","548","672","C3814530"
"51025","2","3","2","48","170","50","304","167","593","C3814530"
"7136","2","5","8","63","45","23","103","464","187","C3814530"
"55505","2","3","2","110","85","237","433","547","671","C3814530"
"1910","2","5","4","68","96","326","427","548","672","C3838883"
"23426","2","5","7","42","36","71","177","223","219","C3838883"
"25978","2","3","2","48","57","110","141","359","462","C3839460"
"6341","2","3","2","48","170","50","119","444","556","C3839460"
"721","2","5","7","53","51","342","454","573","492","C3839460"
"3872","2","1","6","11","142","225","142","220","298","C3839460"
"1001","2","5","7","53","51","335","444","560","373","C3839460"
"351","2","5","4","68","96","326","188","145","193","C3839460"
"1181","2","5","8","63","45","23","34","464","187","C3839460"
"843","2","3","12","41","219","339","156","568","697","C3839460"
"9652","2","3","2","110","85","237","433","547","671","C3839460"
"6326","2","5","8","63","36","166","341","390","158","C3839460"
"1718","2","3","2","54","90","84","48","69","204","C3839460"
"8092","2","3","3","19","221","321","428","541","667","C3839460"
"5728","2","3","5","80","81","339","156","568","605","C3839753"
"5495","2","3","12","41","219","339","347","287","664","C3839753"
"1666","2","3","2","69","83","58","64","98","134","C3839753"
"7133","2","5","7","34","52","216","395","549","697","C3839753"
"1294","2","5","7","53","51","342","454","573","492","C3839753"
"1277","2","5","7","53","51","342","454","573","492","C3839753"
"2736","2","3","12","41","116","321","428","54","667","C3839753"
"5265","2","5","7","34","52","216","395","573","702","C3839753"
"5657","2","5","7","34","52","216","395","549","674","C3839753"
"6567","2","5","8","35","41","77","40","57","80","C3839753"
"7273","2","5","7","53","51","342","103","464","702","C3839753"
"18","2","3","8","67","94","199","182","509","666","C3840083"
"23556","2","3","2","61","77","142","176","235","317","C3840083"
"54888","2","3","2","110","85","152","129","252","154","C3840083"
"6628","2","3","2","22","33","323","66","101","136","C3840083"
"2652","2","5","4","68","96","326","427","548","672","C3840083"
"2187","2","3","12","19","31","261","116","1","86","C3840083"
"2253","2","5","7","53","14","20","25","40","186","C3840083"
"2736","2","3","12","41","116","321","428","54","667","C3840083"
"51715","2","5","7","60","54","24","30","46","72","C3840083"
"7086","2","3","2","90","167","266","367","500","577","C3840083"
"2321","2","5","7","53","14","20","25","40","186","C3840083"
"51119","2","3","2","110","85","237","433","547","671","C3854181"
"8575","2","3","2","22","33","323","66","101","194","C3854181"
"1555","2","3","5","91","214","271","372","480","598","C3854181"
"5743","2","3","5","53","175","119","167","489","416","C3854388"
"1436","2","5","7","53","14","20","25","40","186","C3854388"
"3655","2","5","7","53","51","342","454","573","492","C3854388"
"5932","2","3","12","19","31","261","116","1","86","C3854388"
"4952","2","3","5","60","54","184","30","544","669","C3854388"
"5373","2","3","2","90","167","123","158","207","278","C3854388"
"55729","2","3","12","19","31","1","426","55","78","C3854388"
"940","2","5","7","53","14","20","25","40","186","C3854388"
"51733","2","3","5","80","23","257","357","455","508","C3854388"
"4010","2","3","3","19","221","321","428","541","667","C3854388"
"8517","2","3","12","41","219","339","156","568","697","C3854388"
"4321","2","5","7","53","51","342","454","573","492","C3854388"
"1146","2","5","8","27","70","99","162","216","290","C3854388"
"59","2","5","8","63","45","23","103","464","187","C3854388"
"2244","2","5","7","53","51","342","454","573","492","C3854603"
"5896","2","3","12","41","116","268","434","568","605","C3854603"
"3265","2","5","7","60","54","24","30","46","72","C3854603"
"2896","2","5","7","34","52","216","395","549","674","C3854603"
"59341","2","5","8","63","45","193","306","390","158","C3854603"
"54106","2","5","7","53","219","20","156","40","697","C3854603"
"3030","2","3","2","48","57","339","44","65","31","C3887485"
"4512","2","3","2","48","170","110","141","359","8","C3887485"
"3766","2","5","8","63","36","166","106","110","158","C3887485"
"51259","2","3","2","76","153","40","38","54","75","C3887489"
"2978","2","3","5","80","81","272","223","518","621","C3887489"
"3178","2","3","2","22","33","323","66","101","136","C3887489"
"1373","2","3","8","84","97","167","210","271","536","C3887496"
"6335","2","5","8","63","36","166","341","390","158","C3887496"
"6340","2","5","8","63","45","23","34","464","187","C3887496"
"4534","2","3","5","80","81","296","399","362","468","C3887496"
"1387","2","3","12","19","31","276","91","433","118","C3887496"
"1280","2","5","7","53","51","342","454","573","492","C3887496"
"4626","2","5","8","63","45","23","103","464","187","C3887499"
"171023","2","3","12","41","116","268","426","55","78","C3887499"
"213","2","5","7","53","51","342","454","573","492","C3887499"
"1855","2","5","12","76","153","197","259","560","422","C3887499"
"3767","2","5","8","63","36","166","106","110","158","C3887499"
"1736","2","3","2","110","85","237","433","547","671","C3887499"
"1639","2","3","12","76","153","40","38","54","75","C3887499"
"356","2","5","7","53","219","339","25","489","697","C3887499"
"7124","2","3","12","41","219","339","156","568","697","C3887499"
"7130","2","5","7","34","52","216","395","549","674","C3887499"
"1747","2","3","3","19","221","321","428","541","667","C3887499"
"3785","2","5","8","63","36","166","106","110","158","C3887499"
"6885","2","3","12","41","219","339","156","568","697","C3887499"
"8443","2","3","5","43","161","305","409","208","482","C3887499"
"3752","2","5","8","63","36","166","106","110","158","C3887499"
"3458","2","5","7","53","184","119","156","287","116","C3887499"
"4000","2","3","12","26","105","178","226","297","156","C3887499"
"7169","2","5","8","63","45","23","103","464","187","C3887499"
"8822","2","5","7","53","14","20","25","40","186","C3887499"
"3762","2","5","8","63","36","166","106","110","158","C3887499"
"5979","2","5","7","53","14","20","25","40","186","C3887499"
"7015","2","3","12","19","31","1","426","55","78","C3887499"
"8139","2","3","12","41","116","268","434","468","213","C3887499"
"4247","2","3","2","68","67","320","98","180","279","C3887499"
"10516","2","5","7","53","51","342","454","573","492","C3887499"
"22909","2","3","12","19","31","261","116","1","86","C3887499"
"6678","2","5","7","53","51","342","454","573","492","C3887499"
"55120","2","3","12","19","31","261","116","1","86","C3887499"
"3767","2","5","8","63","36","166","106","110","158","C3887499"
"7020","2","3","12","19","31","276","91","433","664","C3887499"
"8291","2","5","8","63","45","23","103","464","187","C3887524"
"545","2","3","12","19","31","261","116","1","86","C3887524"
"2296","2","3","3","19","221","321","428","541","667","C3887524"
"1535","2","5","7","34","52","216","395","549","674","C3887524"
"6997","2","5","3","53","221","321","259","423","389","C3887524"
"4647","2","5","7","60","83","101","126","170","224","C3887524"
"6638","2","3","2","22","33","323","66","101","136","C3887524"
"2263","2","5","7","53","14","20","25","40","186","C3887524"
"5605","2","5","7","53","14","20","34","540","68","C3887524"
"4089","2","3","12","19","219","339","259","423","605","C3887524"
"5648","2","5","7","53","51","119","395","549","674","C3887524"
"4621","2","5","8","63","45","23","103","464","187","C3887524"
"4221","2","3","12","19","31","342","454","573","492","C3887525"
"3784","2","5","8","63","36","166","106","110","158","C3887525"
"6635","2","3","2","22","33","323","66","101","136","C3887527"
"9569","2","3","12","19","31","276","91","433","118","C3887527"
"5728","2","3","5","80","81","339","156","568","605","C3887527"
"7468","2","3","12","19","31","1","426","55","78","C3887527"
"875","2","3","5","80","137","44","21","451","316","C3887527"
"6297","2","3","12","41","116","266","402","489","416","C3887611"
"3930","2","3","2","22","33","323","66","3","464","C3887611"
"3972","2","5","4","68","96","326","427","548","672","C3887611"
"2629","2","3","5","80","81","250","291","152","420","C3887611"
"8815","2","3","12","22","33","323","66","444","664","C3887611"
"9056","2","3","8","45","94","199","240","415","666","C3887611"
"3952","2","5","3","53","151","276","91","433","118","C3887611"
"3730","2","5","7","53","14","20","25","40","186","C3887611"
"6495","2","3","3","19","221","321","428","541","667","C3887611"
"51750","2","3","12","19","31","261","116","1","86","C3887611"
"3758","2","5","8","63","36","166","106","110","158","C3887611"
"5213","2","3","2","90","167","266","367","500","577","C3887611"
"2690","2","5","7","53","14","20","25","40","186","C3887611"
"4629","2","5","8","63","45","23","103","464","187","C3887611"
"1497","2","5","2","63","182","50","103","297","628","C3887612"
"5592","2","5","4","53","14","20","34","540","68","C3887612"
"6866","2","5","4","68","96","326","427","548","672","C3887612"
"6597","2","3","12","19","31","1","426","55","78","C3887640"
"9217","2","3","2","50","47","39","100","321","255","C3887640"
"54499","2","3","2","48","170","50","119","444","593","C3887640"
"338","2","5","7","53","51","342","454","573","492","C3887640"
"3814","2","5","4","68","96","326","427","548","672","C3887645"
"7389","2","3","2","17","24","51","132","210","123","C3887645"
"50964","2","5","3","68","221","197","259","423","422","C3887645"
"1910","2","5","4","68","96","326","427","548","672","C3887667"
"2771","2","5","4","68","96","326","427","548","672","C3887667"
"6638","2","3","2","22","33","323","66","101","136","C3887709"
"6448","2","3","5","74","160","294","376","453","567","C3887709"
"8675","2","5","7","60","54","24","98","66","203","C3887709"
"5604","2","5","7","53","14","20","34","540","68","C3887709"
"10157","2","3","5","71","102","175","222","290","371","C3887709"
"5727","2","3","12","68","221","197","259","560","422","C3887709"
"8878","2","3","12","41","219","339","156","568","697","C3887709"
"1280","2","5","7","53","51","342","454","573","492","C3887709"
"54","2","3","5","80","81","178","195","256","342","C3887709"
"28982","2","3","5","25","44","165","101","274","358","C3887709"
"23411","2","3","12","19","31","1","91","433","118","C3887709"
"2071","2","3","12","19","31","261","116","159","211","C3887709"
"7076","2","5","7","53","51","342","454","573","492","C3887875"
"8200","2","5","7","53","51","342","259","423","389","C3887875"
"4615","2","3","12","41","219","339","156","568","697","C3887875"
"7039","2","3","12","19","31","1","426","55","203","C3887875"
"3039","2","3","5","35","41","118","155","287","116","C3887875"
"8518","2","3","12","19","31","1","426","55","78","C3887875"
"11232","2","3","3","19","151","276","91","433","118","C3887875"
"8139","2","3","12","41","116","268","434","468","213","C3887875"
"546","2","3","12","19","31","261","426","1","86","C3887875"
"55703","2","3","2","22","33","261","116","159","211","C3887875"
"1836","2","3","2","35","41","94","260","330","375","C3887875"
"5395","2","3","12","19","31","261","116","1","86","C3887875"
"5889","2","3","12","19","31","261","116","1","86","C3887875"
"2263","2","5","7","53","14","20","25","40","186","C3887875"
"6514","2","5","7","90","216","337","448","565","562","C3887875"
"1281","2","5","7","53","51","342","454","573","492","C3887875"
"2743","2","5","8","27","70","99","162","216","290","C3887875"
"92667","2","3","2","48","170","50","119","167","593","C3887875"
"27031","2","3","6","11","142","225","38","331","506","C3887875"
"6605","2","3","12","19","31","1","426","55","78","C3887892"
"4591","2","3","12","41","116","268","434","468","213","C3887892"
"1497","2","5","2","63","182","50","103","297","628","C3887898"
"5290","2","3","7","53","14","20","25","40","186","C3887898"
"2177","2","3","2","110","90","261","431","545","443","C3887898"
"2737","2","3","12","19","116","321","428","54","667","C3887898"
"1387","2","3","12","19","31","276","91","433","118","C3887949"
"9469","2","3","2","103","189","303","29","475","467","C3887949"
"1947","2","5","7","53","51","20","25","560","373","C3888018"
"22891","2","3","12","76","153","40","341","54","75","C3888018"
"710","2","5","7","53","51","342","454","573","702","C3888018"
"54101","2","3","2","48","170","50","347","167","593","C3891448"
"2972","2","3","2","19","33","261","116","159","211","C3891448"
"26034","2","5","7","60","54","24","30","46","72","C3891448"
"6786","2","5","8","63","45","23","103","464","187","C3891448"
"1352","2","3","2","48","170","50","119","444","556","C3891448"
"5167","2","3","5","32","93","163","207","303","126","C3891828"
"6648","2","3","2","95","151","160","378","173","229","C3891828"
"4968","2","3","12","19","31","261","116","1","86","C4011556"
"1440","2","5","7","53","51","119","25","489","416","C4011556"
"2697","2","3","7","76","153","40","38","54","75","C4011556"
"3594","2","5","7","53","51","119","25","560","373","C4011556"
"930","2","5","7","53","14","119","25","40","186","C4011556"
"4352","2","5","7","53","14","20","25","40","186","C4011556"
"1947","2","5","7","53","51","20","25","560","373","C4011556"
"338","2","5","7","53","51","342","454","573","492","C4011556"
"1261","2","5","8","63","36","166","106","110","158","C4011556"
"6521","2","5","8","35","41","199","40","415","666","C4011556"
"6399","2","5","7","60","54","24","30","46","72","C4011556"
"6868","2","5","7","53","51","342","454","236","492","C4011556"
"9896","2","3","5","80","81","296","399","201","274","C4011788"
"2068","2","3","12","19","31","261","116","159","211","C4011788"
"1947","2","5","7","53","51","20","25","560","373","C4011788"
"6567","2","5","8","35","41","77","40","57","80","C4011788"
"51199","2","3","12","76","153","40","38","54","75","C4011788"
"9037","2","5","7","53","51","342","454","560","492","C4011788"
"2643","2","3","5","87","91","75","204","267","352","C4011788"
"25836","2","3","12","76","153","40","38","54","75","C4011788"
"114609","2","3","12","41","219","339","156","568","697","C4011926"
"2263","2","5","7","53","14","20","25","40","186","C4011926"
"7096","2","5","9","70","100","238","156","568","536","C4012359"
"5940","2","3","2","22","33","323","66","101","136","C4012359"
"6261","2","5","8","63","45","23","34","464","187","C4012359"
"185","2","5","4","68","96","326","427","548","672","C4012359"
"6495","2","3","3","19","221","321","428","541","667","C4012359"
"6949","2","3","2","110","85","237","164","390","311","C4012359"
"760","2","3","5","35","41","77","40","78","178","C4012359"
"410","2","3","7","34","52","216","395","549","674","C4012359"
"7067","2","3","3","19","151","276","91","433","118","C4012968"
"5191","2","3","5","43","161","305","409","208","482","C4012968"
"6334","2","5","8","63","36","166","341","223","158","C4012968"
"919","2","5","7","53","14","119","25","40","186","C4012968"
"2812","2","5","7","53","51","342","454","573","492","C4012968"
"2263","2","5","7","53","14","20","25","40","186","C4012968"
"2542","2","3","5","80","81","296","399","500","577","C4012968"
"5328","2","5","7","34","52","216","395","549","674","C4012968"
"5745","2","5","4","68","96","326","427","548","672","C4012968"
"1312","2","3","2","87","79","105","426","129","25","C4012968"
"1281","2","5","7","53","51","342","454","573","492","C4012968"
"51259","2","3","2","76","153","40","38","54","75","C4012968"
"9978","2","3","12","41","116","268","434","468","213","C4012968"
"51151","2","3","5","23","18","138","250","332","407","C4012968"
"9640","2","3","12","19","31","261","116","159","211","C4013429"
"1896","2","5","12","41","219","339","156","568","697","C4013429"
"9401","2","3","12","76","31","261","116","1","86","C4014605"
"7461","2","3","7","60","153","40","38","93","75","C4014605"
"2969","2","3","12","19","31","276","91","433","118","C4014733"
"8869","2","3","2","89","124","204","272","347","451","C4014733"
"2074","2","3","12","19","31","1","426","55","78","C4014733"
"3248","2","3","2","69","83","133","167","224","301","C4014733"
"55131","2","3","2","110","85","237","433","547","671","C4015465"
"4041","2","5","3","68","221","197","259","560","422","C4015465"
"9786","2","3","12","76","153","40","38","54","75","C4018860"
"5993","2","3","12","19","31","1","426","55","78","C4018860"
"3265","2","5","7","60","54","24","30","46","72","C4018860"
"6514","2","5","7","90","216","337","448","565","562","C4018860"
"2629","2","3","5","80","81","250","291","152","420","C4018860"
"5894","2","5","7","60","54","23","34","464","187","C4018860"
"1131","2","5","4","68","96","326","427","548","672","C4018860"
"7133","2","5","7","34","52","216","395","549","697","C4018860"
"1786","2","3","12","19","31","1","426","55","78","C4018871"
"5336","2","3","7","53","14","20","25","40","215","C4018871"
"3265","2","5","7","60","54","24","30","46","72","C4018871"
"1785","2","5","7","60","14","184","341","544","669","C4018871"
"54790","2","3","12","19","31","1","426","55","78","C4019436"
"2316","2","5","7","53","51","342","454","573","702","C4019436"
"2200","2","5","7","53","51","342","454","573","492","C4019436"
"1419","2","3","6","63","45","160","362","177","673","C4019436"
"8546","2","5","7","60","18","184","341","544","669","C4020690"
"2741","2","5","8","27","70","99","162","216","290","C4020690"
"5648","2","5","7","53","51","119","395","549","674","C4020690"
"3239","2","3","3","19","221","321","428","541","667","C4020690"
"686","2","3","5","80","81","166","166","127","173","C4020691"
"4784","2","3","2","22","33","261","116","159","211","C4020691"
"1991","2","5","7","34","52","216","395","549","674","C4020691"
"3814","2","5","4","68","96","326","427","548","672","C4020695"
"212","2","3","2","67","92","293","55","487","116","C4020695"
"355","2","3","7","41","219","339","156","568","697","C4020697"
"215","2","3","5","47","144","185","238","310","392","C4020697"
"1184","2","5","8","63","45","23","34","464","187","C4020700"
"51626","2","3","12","76","153","40","38","54","75","C4020700"
"55240","2","3","5","29","88","132","402","489","551","C4020707"
"1294","2","5","7","53","51","342","454","573","492","C4020707"
"5566","2","3","12","76","14","20","34","540","75","C4020713"
"3559","2","5","7","53","14","20","25","40","186","C4020713"
"26235","2","3","12","41","116","268","434","468","213","C4020713"
"22926","2","3","12","19","31","276","91","433","118","C4020718"
"5595","2","3","7","53","14","20","34","540","68","C4020718"
"6690","2","5","7","68","51","119","395","549","674","C4020730"
"5961","2","5","7","27","51","326","126","414","702","C4020730"
"1161","2","3","12","41","116","268","434","468","213","C4020730"
"3440","2","3","12","19","184","118","155","287","116","C4020730"
"2078","2","3","12","19","31","276","91","148","624","C4020730"
"5631","2","3","2","72","119","109","266","336","452","C4020730"
"5071","2","3","12","41","116","268","434","468","213","C4020730"
"4010","2","3","3","19","221","321","428","541","667","C4020730"
"673","2","5","7","53","14","20","34","540","68","C4020730"
"2969","2","3","12","19","31","276","91","433","118","C4020730"
"4728","2","3","2","48","170","50","119","444","556","C4020730"
"2187","2","3","12","19","31","261","116","1","86","C4020730"
"55005","2","3","2","68","96","326","427","429","544","C4020730"
"2253","2","5","7","53","14","20","25","40","186","C4020731"
"3592","2","5","7","53","51","119","25","489","416","C4020731"
"2539","2","3","2","48","57","110","141","359","383","C4020731"
"54806","2","5","7","76","153","40","38","54","75","C4020731"
"54","2","3","5","80","81","178","195","256","342","C4020732"
"1776","2","5","7","105","219","261","402","129","215","C4020732"
"8642","2","5","7","53","51","335","444","560","373","C4020732"
"1041","2","1","6","11","142","225","142","220","298","C4020734"
"51057","2","3","12","76","153","40","38","54","75","C4020734"
"147495","2","5","3","34","221","197","259","560","422","C4020734"
"595","2","3","12","19","31","1","426","489","416","C4020734"
"3181","2","3","2","22","33","323","66","101","136","C4020734"
"22854","2","5","5","27","51","335","444","560","373","C4020734"
"210","2","3","7","34","52","216","395","549","674","C4020734"
"3291","2","3","2","69","83","101","94","133","318","C4020734"
"1674","2","5","8","63","45","23","103","464","187","C4020734"
"5925","2","3","12","19","31","1","426","55","78","C4020734"
"3425","2","3","5","80","81","166","454","573","492","C4020734"
"6496","2","3","3","19","221","321","428","541","667","C4020734"
"5896","2","3","12","41","116","268","434","568","605","C4020734"
"1583","2","3","5","79","152","273","375","100","589","C4020734"
"6557","2","5","8","45","94","199","240","415","666","C4020738"
"5443","2","5","4","68","96","326","427","548","672","C4020738"
"7124","2","3","12","41","219","339","156","568","697","C4020739"
"3785","2","5","8","63","36","166","106","110","158","C4020739"
"3852","2","1","6","11","142","225","142","220","298","C4020743"
"9533","2","3","2","19","31","1","426","55","78","C4020743"
"5194","2","3","5","43","161","305","409","208","482","C4020744"
"5308","2","3","3","19","221","321","428","541","667","C4020744"
"1861","2","5","7","60","14","184","341","544","669","C4020747"
"3081","2","3","2","91","51","3","267","308","429","C4020747"
"55800","2","5","8","27","36","150","341","223","628","C4020747"
"2245","2","5","7","60","54","24","30","46","72","C4020747"
"2879","2","3","5","80","81","166","378","173","229","C4020747"
"7170","2","5","8","63","45","23","103","464","187","C4020747"
"8742","2","3","12","41","219","339","156","568","697","C4020747"
"790","2","3","12","41","219","339","347","206","627","C4020747"
"6662","2","3","3","19","221","321","428","541","667","C4020747"
"51057","2","3","12","76","153","40","38","54","75","C4020747"
"3730","2","5","7","53","14","20","25","40","186","C4020747"
"51091","2","3","2","110","85","237","433","547","671","C4020747"
"3119","2","5","7","53","153","119","156","287","116","C4020747"
"79932","2","5","7","53","51","335","444","549","373","C4020747"
"5457","2","3","3","19","221","321","428","541","667","C4020747"
"23451","2","3","2","22","33","323","66","101","136","C4020747"
"25970","2","5","7","53","14","20","25","40","116","C4020749"
"537","2","3","5","29","88","132","85","222","346","C4020749"
"5932","2","3","12","19","31","261","116","1","86","C4020759"
"3162","2","3","5","53","51","119","402","489","416","C4020759"
"5167","2","3","5","32","93","163","207","303","126","C4020759"
"567","2","5","7","34","52","119","395","549","674","C4020759"
"6910","2","3","12","19","51","335","444","560","373","C4020759"
"23411","2","3","12","19","31","1","91","433","118","C4020759"
"2737","2","3","12","19","116","321","428","54","667","C4020765"
"3991","2","3","5","80","81","166","57","83","658","C4020765"
"2702","2","3","12","76","153","40","38","54","75","C4020765"
"6391","2","3","2","48","170","50","119","444","556","C4020768"
"2316","2","5","7","53","51","342","454","573","702","C4020768"
"9719","2","5","7","53","51","342","454","573","492","C4020768"
"5290","2","3","7","53","14","20","25","40","186","C4020770"
"4000","2","3","12","26","105","178","226","297","156","C4020770"
"5913","2","5","7","27","36","71","341","223","219","C4020772"
"5781","2","5","7","53","14","20","25","40","186","C4020772"
"5158","2","3","4","68","45","272","259","518","621","C4020772"
"2517","2","3","7","34","52","216","395","549","674","C4020772"
"22930","2","5","7","60","54","24","30","46","72","C4020773"
"788","2","3","2","45","151","199","240","415","666","C4020773"
"9241","2","5","7","53","51","342","259","423","389","C4020778"
"773","2","5","8","27","36","166","341","223","628","C4020778"
"4089","2","3","12","19","219","339","259","423","605","C4020778"
"7547","2","3","3","19","221","321","428","541","667","C4020779"
"2908","2","3","12","19","151","276","91","433","118","C4020779"
"2776","2","5","4","68","96","326","427","548","672","C4020779"
"55636","2","3","3","19","221","321","428","423","389","C4020787"
"4041","2","5","3","68","221","197","259","560","422","C4020787"
"6154","2","3","2","110","85","237","433","547","671","C4020787"
"6323","2","5","8","63","36","166","341","390","158","C4020787"
"7078","2","5","7","53","51","342","454","573","702","C4020790"
"5994","2","3","12","19","31","276","91","491","118","C4020790"
"8243","2","3","12","76","31","40","38","54","75","C4020790"
"4693","2","5","7","53","51","342","454","573","492","C4020791"
"22926","2","3","12","19","31","276","91","433","118","C4020791"
"7508","2","3","12","19","31","261","116","1","664","C4020801"
"7051","2","1","6","11","142","225","142","220","298","C4020801"
"51741","2","3","2","22","33","323","66","101","127","C4020801"
"5873","2","5","7","34","54","24","30","46","72","C4020805"
"8813","2","3","2","48","116","142","136","280","363","C4020805"
"5189","2","3","5","43","161","305","409","208","482","C4020805"
"27164","2","3","3","19","221","321","428","541","667","C4020805"
"6576","2","3","2","45","94","199","240","569","666","C4020805"
"2737","2","3","12","19","116","321","428","54","667","C4020806"
"55212","2","3","12","76","153","76","38","54","75","C4020806"
"6709","2","5","7","34","52","216","395","572","158","C4020810"
"6786","2","5","8","63","45","23","103","464","187","C4020810"
"10087","2","3","7","50","47","39","100","321","255","C4020810"
"2780","2","5","4","68","96","326","427","548","672","C4020810"
"5745","2","5","4","68","96","326","427","548","672","C4020810"
"11155","2","5","7","63","45","23","103","464","187","C4020810"
"1280","2","5","7","53","51","342","454","573","492","C4020811"
"598","2","3","12","41","219","339","402","489","416","C4020811"
"4318","2","5","7","34","52","216","395","573","492","C4020811"
"8517","2","3","12","41","219","339","156","568","697","C4020813"
"7051","2","1","6","11","142","225","142","220","298","C4020813"
"6770","2","5","7","27","36","273","341","100","589","C4020813"
"5116","2","3","12","76","153","40","38","54","75","C4020813"
"2146","2","3","12","19","31","1","426","55","78","C4020813"
"6303","2","3","2","67","118","160","261","188","423","C4020813"
"4724","2","3","2","48","170","50","119","444","556","C4020813"
"30008","2","5","7","53","51","342","454","573","492","C4020813"
"5831","2","3","2","101","62","189","182","566","409","C4020813"
"6712","2","5","7","60","153","40","341","223","203","C4020813"
"9662","2","3","12","76","153","40","38","54","75","C4020813"
"3440","2","3","12","19","184","118","155","287","116","C4020813"
"190","2","3","3","19","151","276","91","433","118","C4020813"
"7403","2","3","12","19","31","1","426","55","78","C4020813"
"7290","2","3","12","19","31","1","426","55","78","C4020813"
"2260","2","5","7","53","14","20","25","40","186","C4020813"
"23742","2","5","5","68","96","326","427","447","586","C4020813"
"5894","2","5","7","60","54","23","34","464","187","C4020813"
"4929","2","3","3","19","151","276","91","433","118","C4020813"
"55703","2","3","2","22","33","261","116","159","211","C4020813"
"332","2","3","12","76","153","40","38","54","75","C4020813"
"2153","2","5","7","53","51","342","454","573","492","C4020821"
"4882","2","3","4","68","96","326","427","548","672","C4020821"
"478","2","3","8","63","45","23","366","464","187","C4020821"
"6283","2","5","7","34","52","216","395","549","674","C4020821"
"5994","2","3","12","19","31","276","91","491","118","C4020821"
"5251","2","3","5","80","81","296","474","593","722","C4020824"
"81622","2","3","2","48","219","50","156","444","697","C4020824"
"9081","2","5","5","68","184","118","155","447","586","C4020824"
"7045","2","5","12","19","51","1","426","55","78","C4020824"
"3339","2","5","7","53","51","342","454","573","492","C4020825"
"5961","2","5","7","27","51","326","126","414","702","C4020825"
"10134","2","3","2","41","219","339","156","536","342","C4020830"
"9469","2","3","2","103","189","303","29","475","467","C4020830"
"10491","2","5","7","53","51","342","454","573","492","C4020830"
"54209","2","5","7","53","51","119","395","549","674","C4020830"
"1723","2","3","2","48","170","50","119","444","556","C4020830"
"790","2","3","12","41","219","339","347","206","627","C4020830"
"1758","2","5","7","53","51","342","454","573","492","C4020838"
"4952","2","3","5","60","54","184","30","544","669","C4020838"
"6689","2","3","12","19","31","276","91","433","118","C4020838"
"1536","2","5","7","34","52","216","395","549","674","C4020838"
"6390","2","3","2","48","170","50","119","444","556","C4020838"
"4843","2","3","5","43","161","305","409","489","416","C4020838"
"4089","2","3","12","19","219","339","259","423","605","C4020838"
"5339","2","5","7","53","51","342","454","573","492","C4020838"
"27130","2","3","12","48","45","143","38","236","69","C4020838"
"3295","2","3","5","43","161","305","409","208","482","C4020838"
"2760","2","3","7","34","52","216","395","549","674","C4020838"
"7547","2","3","3","19","221","321","428","541","667","C4020838"
"488","2","5","8","63","45","23","103","464","187","C4020838"
"1027","2","3","12","19","31","1","116","1","86","C4020839"
"6125","2","3","2","110","85","237","433","547","671","C4020839"
"5019","2","3","2","67","92","293","55","75","311","C4020839"
"8216","2","3","12","41","119","330","214","454","144","C4020839"
"4803","2","5","7","60","54","24","30","46","72","C4020839"
"4591","2","3","12","41","116","268","434","468","213","C4020839"
"6261","2","5","8","63","45","23","34","464","187","C4020839"
"3440","2","3","12","19","184","118","155","287","116","C4020839"
"4513","2","3","2","48","170","110","141","359","532","C4020839"
"1290","2","5","7","53","51","342","454","573","492","C4020839"
"3691","2","5","7","53","51","342","454","573","492","C4020839"
"23426","2","5","7","42","36","71","177","223","219","C4020839"
"7137","2","5","8","63","45","23","103","464","187","C4020839"
"1280","2","5","7","53","51","342","454","573","492","C4020839"
"1186","2","5","8","63","45","23","34","464","187","C4020839"
"3078","2","5","7","53","51","119","395","549","674","C4020839"
"1280","2","5","7","53","51","342","454","573","492","C4020840"
"10225","2","5","7","53","51","119","395","549","674","C4020840"
"4582","2","5","7","53","206","324","430","429","544","C4020840"
"4668","2","3","5","21","111","188","242","313","396","C4020840"
"9871","2","3","7","60","153","40","38","54","203","C4020840"
"7468","2","3","12","19","31","1","426","55","78","C4020840"
"1291","2","5","7","53","51","342","454","573","492","C4020840"
"27019","2","3","12","76","153","40","38","54","75","C4020840"
"5295","2","5","7","53","14","20","25","40","186","C4020840"
"8813","2","3","2","48","116","142","136","280","363","C4020840"
"9131","2","3","12","41","219","339","347","271","356","C4020840"
"6812","2","5","7","27","36","150","341","223","628","C4020840"
"546","2","3","12","19","31","261","426","1","86","C4020840"
"1848","2","3","5","42","81","296","399","201","274","C4020840"
"2263","2","5","7","53","14","20","25","40","186","C4020840"
"91147","2","3","12","76","153","40","38","54","75","C4020840"
"5728","2","3","5","80","81","339","156","568","605","C4020841"
"4763","2","5","7","60","54","24","30","46","214","C4020841"
"836","2","3","12","41","219","339","402","489","697","C4020841"
"9829","2","5","7","60","14","184","341","544","669","C4020841"
"4921","2","5","7","53","14","20","25","573","186","C4020844"
"3758","2","5","8","63","36","166","106","110","158","C4020844"
"2161","2","5","7","68","51","119","395","549","674","C4020844"
"4851","2","3","12","19","221","143","428","236","667","C4020844"
"51128","2","5","7","60","153","24","38","46","72","C4020844"
"5024","2","5","8","63","45","23","306","390","158","C4020844"
"6497","2","5","3","19","221","342","259","423","389","C4020844"
"4255","2","3","12","19","31","261","116","1","86","C4020844"
"4915","2","5","7","53","14","20","25","40","186","C4020844"
"6324","2","5","7","63","36","166","341","223","158","C4020844"
"2778","2","5","4","68","96","326","427","548","672","C4020844"
"29922","2","3","2","72","109","182","235","307","506","C4020844"
"6218","2","3","2","110","85","237","433","547","671","C4020844"
"355","2","3","7","41","219","339","156","568","697","C4020844"
"26160","2","3","12","76","153","40","38","54","75","C4020844"
"3557","2","3","12","41","219","339","156","568","697","C4020844"
"6094","2","3","2","27","83","326","126","414","702","C4020844"
"421","2","5","7","42","51","335","444","560","373","C4020848"
"4990","2","3","3","19","221","321","428","541","667","C4020848"
"2206","2","3","12","41","14","20","25","40","186","C4020848"
"51750","2","3","12","19","31","261","116","1","86","C4020848"
"2146","2","3","12","19","31","1","426","55","78","C4020848"
"629","2","5","7","53","51","119","395","549","674","C4020848"
"2120","2","3","12","19","31","193","306","148","624","C4020850"
"22856","2","3","2","78","189","303","251","320","403","C4020850"
"1717","2","3","2","19","151","276","48","69","204","C4020851"
"9759","2","3","12","19","31","276","91","433","118","C4020851"
"5532","2","3","4","63","45","23","402","518","621","C4020851"
"2700","2","3","6","76","153","40","38","54","75","C4020851"
"51684","2","3","12","41","116","268","38","54","75","C4020851"
"3952","2","5","3","53","151","276","91","433","118","C4020851"
"1589","2","3","5","79","186","215","297","379","491","C4020851"
"57122","2","3","12","76","153","40","38","54","664","C4020851"
"977","2","5","7","53","51","342","454","573","492","C4020851"
"4982","2","5","12","41","219","339","156","568","697","C4020851"
"84142","2","3","12","19","31","261","116","1","86","C4020851"
"6648","2","3","2","95","151","160","378","173","229","C4020851"
"6595","2","3","12","19","31","1","426","55","78","C4020851"
"1278","2","5","7","53","51","342","454","573","492","C4020851"
"5077","2","3","3","19","221","321","428","541","667","C4020851"
"3636","2","3","5","80","14","20","25","40","186","C4020851"
"5521","2","3","12","76","137","76","136","472","435","C4020851"
"26191","2","5","7","53","14","20","25","40","186","C4020851"
"5831","2","3","2","101","62","189","182","566","409","C4020853"
"5961","2","5","7","27","51","326","126","414","702","C4020853"
"7480","2","5","3","68","221","197","259","560","422","C4020856"
"4247","2","3","2","68","67","320","98","180","279","C4020856"
"9966","2","5","12","41","219","339","156","568","697","C4020856"
"8425","2","5","7","53","51","342","454","573","492","C4020856"
"3909","2","5","7","53","51","342","454","573","492","C4020856"
"7461","2","3","7","60","153","40","38","93","75","C4020856"
"57010","2","5","8","63","45","23","103","464","187","C4020856"
"23247","2","3","12","76","153","71","34","540","68","C4020856"
"23426","2","5","7","42","36","71","177","223","219","C4020856"
"1778","2","3","7","76","153","40","38","54","75","C4020856"
"6326","2","5","8","63","36","166","341","390","158","C4020856"
"26191","2","5","7","53","14","20","25","40","186","C4020856"
"5428","2","3","2","48","170","50","119","167","593","C4020856"
"5728","2","3","5","80","81","339","156","568","605","C4020856"
"10413","2","3","12","19","36","143","177","236","321","C4020856"
"8243","2","3","12","76","31","40","38","54","75","C4020856"
"3284","2","3","2","69","98","169","299","183","243","C4020856"
"7290","2","3","12","19","31","1","426","55","78","C4020856"
"2879","2","3","5","80","81","166","378","173","229","C4020856"
"675","2","3","12","19","31","261","116","1","86","C4020856"
"6833","2","5","8","45","36","166","240","415","666","C4020857"
"1184","2","5","8","63","45","23","34","464","187","C4020857"
"8867","2","3","5","60","14","184","341","544","669","C4020857"
"55624","2","3","2","78","123","194","255","215","412","C4020857"
"9353","2","5","7","53","51","342","444","560","373","C4020857"
"3662","2","5","7","53","184","119","156","287","116","C4020857"
"8557","2","5","8","63","45","23","103","464","187","C4020857"
"7249","2","3","7","60","57","110","141","359","462","C4020858"
"7148","2","5","7","53","51","342","454","573","492","C4020858"
"326","2","3","12","19","31","261","377","370","269","C4020858"
"9632","2","3","7","60","153","40","38","54","203","C4020858"
"3767","2","5","8","63","36","166","106","110","158","C4020858"
"3872","2","1","6","11","142","225","142","220","298","C4020858"
"6571","2","3","8","60","36","71","341","223","624","C4020858"
"3305","2","3","12","41","219","339","347","271","356","C4020858"
"4893","2","5","7","34","52","24","30","46","72","C4020858"
"10293","2","3","12","41","116","268","434","468","213","C4020858"
"84466","2","5","7","60","175","184","341","544","669","C4020858"
"1910","2","5","4","68","96","326","427","548","672","C4020858"
"2969","2","3","12","19","31","276","91","433","118","C4020858"
"5994","2","3","12","19","31","276","91","491","118","C4020858"
"10128","2","3","2","48","170","50","119","444","556","C4020858"
"1186","2","5","8","63","45","23","34","464","187","C4020858"
"114609","2","3","12","41","219","339","156","568","697","C4020858"
"5189","2","3","5","43","161","305","409","208","482","C4020858"
"23516","2","3","5","27","81","99","162","216","290","C4020858"
"6559","2","5","8","45","94","199","240","415","666","C4020858"
"2214","2","5","7","53","51","119","395","549","674","C4020858"
"4846","2","3","5","41","219","75","243","44","64","C4020858"
"7084","2","3","2","72","109","115","62","268","353","C4020858"
"5932","2","3","12","19","31","261","116","1","86","C4020858"
"10269","2","3","2","48","182","50","119","444","556","C4020858"
"58508","2","3","12","19","31","1","426","55","78","C4020858"
"3251","2","3","4","68","96","326","427","341","150","C4020858"
"6495","2","3","3","19","221","321","428","541","667","C4020858"
"1281","2","5","7","53","51","342","454","573","492","C4020859"
"1807","2","3","5","80","23","186","79","560","273","C4020859"
"3663","2","3","12","53","184","119","156","287","116","C4020859"
"4719","2","3","2","48","170","50","119","444","556","C4020859"
"1277","2","5","7","53","51","342","454","573","492","C4020859"
"9076","2","5","6","42","36","71","177","64","219","C4020859"
"7305","2","5","7","34","52","216","395","549","674","C4020859"
"3284","2","3","2","69","98","169","299","183","243","C4020859"
"2200","2","5","7","53","51","342","454","573","492","C4020859"
"9255","2","3","2","110","85","237","433","547","154","C4020859"
"5295","2","5","7","53","14","20","25","40","186","C4020859"
"186","2","5","4","68","96","326","427","548","672","C4020861"
"72","2","5","8","63","45","23","103","464","187","C4020861"
"207","2","3","7","53","14","20","34","489","416","C4020861"
"7469","2","3","12","19","31","261","116","159","211","C4020861"
"6569","2","3","8","45","94","199","240","415","666","C4020861"
"6655","2","5","7","60","54","24","30","46","72","C4020861"
"7253","2","5","4","68","96","326","427","548","672","C4020861"
"3339","2","5","7","53","51","342","454","573","492","C4020861"
"4853","2","3","12","19","124","143","428","236","667","C4020861"
"4790","2","3","7","34","52","216","166","129","697","C4020861"
"3766","2","5","8","63","36","166","106","110","158","C4020861"
"2184","2","3","5","76","153","138","236","332","407","C4020861"
"9939","2","3","2","22","33","323","66","101","136","C4020861"
"2131","2","3","2","74","58","112","148","181","416","C4020861"
"5339","2","5","7","53","51","342","454","573","492","C4020861"
"2110","2","3","2","48","170","50","119","444","556","C4020861"
"7249","2","3","7","60","57","110","141","359","462","C4020861"
"9860","2","5","7","53","219","184","156","568","697","C4020861"
"213","2","5","7","53","51","342","454","573","492","C4020861"
"9775","2","3","2","22","33","323","66","101","136","C4020861"
"6938","2","3","12","19","31","1","426","55","78","C4020861"
"5970","2","3","12","19","31","276","91","433","118","C4020863"
"29123","2","3","12","19","151","276","91","433","118","C4020863"
"51360","2","3","3","26","35","276","91","433","203","C4020864"
"6235","2","3","2","110","85","237","433","547","671","C4020864"
"673","2","5","7","53","14","20","34","540","68","C4020864"
"51741","2","3","2","22","33","323","66","101","127","C4020864"
"55005","2","3","2","68","96","326","427","429","544","C4020864"
"7248","2","3","2","48","57","110","141","359","462","C4020864"
"6341","2","3","2","48","170","50","119","444","556","C4020864"
"8820","2","3","3","19","221","321","428","541","667","C4020864"
"9409","2","3","5","43","161","305","409","208","482","C4020864"
"3636","2","3","5","80","14","20","25","40","186","C4020864"
"5521","2","3","12","76","137","76","136","472","435","C4020865"
"5314","2","3","12","76","153","40","38","54","75","C4020865"
"3239","2","3","3","19","221","321","428","541","667","C4020865"
"3845","2","5","7","60","54","24","30","46","72","C4020865"
"2720","2","3","7","34","52","216","395","21","599","C4020865"
"1815","2","5","4","68","96","326","427","548","672","C4020865"
"7248","2","3","2","48","57","110","141","359","462","C4020865"
"25978","2","3","2","48","57","110","141","359","462","C4020865"
"5728","2","3","5","80","81","339","156","568","605","C4020865"
"1387","2","3","12","19","31","276","91","433","118","C4020865"
"596","2","3","12","19","219","339","402","489","416","C4020865"
"10599","2","3","8","35","41","77","40","57","80","C4020865"
"525","2","3","5","29","88","110","141","537","50","C4020866"
"10397","2","3","2","110","81","148","402","51","383","C4020866"
"3953","2","5","7","53","14","20","25","40","186","C4020866"
"3931","2","3","5","116","183","295","454","243","327","C4020866"
"7040","2","5","7","53","51","342","454","573","492","C4020867"
"6648","2","3","2","95","151","160","378","173","229","C4020867"
"10082","2","3","2","74","51","342","454","573","492","C4020867"
"613","2","5","7","60","54","24","30","46","72","C4020867"
"3265","2","5","7","60","54","24","30","46","72","C4020867"
"1235","2","5","4","68","96","326","427","548","672","C4020867"
"801","2","5","8","63","45","23","103","464","187","C4020867"
"5159","2","5","7","53","14","20","25","40","186","C4020867"
"538","2","3","8","63","45","23","103","464","187","C4020867"
"3383","2","5","7","53","51","119","454","287","116","C4020867"
"9968","2","4","3","24","119","330","214","454","144","C4020867"
"182","2","5","7","53","51","143","428","236","667","C4020867"
"10342","2","3","7","60","219","40","202","66","203","C4020867"
"7476","2","5","3","68","221","197","259","560","422","C4020867"
"11311","2","3","12","19","31","118","155","287","116","C4020867"
"10479","2","5","7","27","36","150","341","223","628","C4020867"
"864","2","3","12","19","31","276","91","236","605","C4020867"
"1644","2","3","2","88","79","239","333","258","345","C4020868"
"7508","2","3","12","19","31","261","116","1","664","C4020868"
"2263","2","5","7","53","14","20","25","40","186","C4020868"
"675","2","3","12","19","31","261","116","1","86","C4020868"
"6390","2","3","2","48","170","50","119","444","556","C4020868"
"4609","2","3","12","19","31","1","160","107","416","C4020868"
"25782","2","5","7","60","54","24","30","46","72","C4020868"
"2720","2","3","7","34","52","216","395","21","599","C4020868"
"567","2","5","7","34","52","119","395","549","674","C4020868"
"5290","2","3","7","53","14","20","25","40","186","C4020868"
"5621","2","5","8","27","36","342","454","573","628","C4020868"
"3931","2","3","5","116","183","295","454","243","327","C4020868"
"4352","2","5","7","53","14","20","25","40","186","C4020868"
"6899","2","5","7","53","184","335","259","560","373","C4020868"
"1778","2","3","7","76","153","40","38","54","75","C4020868"
"2187","2","3","12","19","31","261","116","1","86","C4020868"
"5781","2","5","7","53","14","20","25","40","186","C4020868"
"51085","2","3","2","48","57","110","141","359","462","C4020868"
"8878","2","3","12","41","219","339","156","568","697","C4020868"
"23592","2","3","12","26","105","342","259","423","389","C4020868"
"2626","2","3","12","19","31","118","155","287","116","C4020868"
"1401","2","5","7","53","51","119","395","573","492","C4020868"
"1030","2","3","12","19","31","1","426","55","78","C4020868"
"3239","2","3","3","19","221","321","428","541","667","C4020868"
"6647","2","3","2","95","2","342","378","173","702","C4020868"
"478","2","3","8","63","45","23","366","464","187","C4020869"
"3440","2","3","12","19","184","118","155","287","116","C4020869"
"6663","2","3","3","19","221","321","428","541","667","C4020869"
"2677","2","5","7","53","51","342","454","573","492","C4020869"
"3872","2","1","6","11","142","225","142","220","298","C4020869"
"23554","2","5","3","68","221","197","259","518","492","C4020869"
"3479","2","5","7","53","51","342","454","573","492","C4020869"
"3930","2","3","2","22","33","323","66","3","464","C4020869"
"10019","2","5","7","53","14","20","25","40","116","C4020869"
"2109","2","3","2","48","170","50","119","444","556","C4020869"
"6647","2","3","2","95","2","342","378","173","702","C4020869"
"4286","2","3","12","19","31","261","116","1","664","C4020869"
"9031","2","3","12","19","31","1","426","55","78","C4020869"
"5727","2","3","12","68","221","197","259","560","422","C4020869"
"5896","2","3","12","41","116","268","434","568","605","C4020872"
"1387","2","3","12","19","31","276","91","433","118","C4020872"
"11277","2","3","12","19","31","261","116","1","86","C4020872"
"4709","2","3","2","48","170","50","119","444","556","C4020872"
"6833","2","5","8","45","36","166","240","415","666","C4020872"
"3973","2","5","4","68","96","326","427","548","672","C4020872"
"51684","2","3","12","41","116","268","38","54","75","C4020872"
"114902","2","5","7","41","219","339","156","568","697","C4020878"
"1415","2","3","6","63","45","160","362","177","673","C4020878"
"3048","2","3","12","19","31","118","155","287","116","C4020878"
"2010","2","3","12","26","105","296","226","488","156","C4020878"
"7469","2","3","12","19","31","261","116","159","211","C4020878"
"128674","2","5","4","68","96","326","427","548","672","C4020878"
"8626","2","3","3","19","221","321","428","541","667","C4020878"
"7840","2","3","12","76","153","40","38","54","75","C4020878"
"54209","2","5","7","53","51","119","395","549","674","C4020878"
"1609","2","3","2","63","30","193","306","390","158","C4020878"
"9469","2","3","2","103","189","303","29","475","467","C4020878"
"207","2","3","7","53","14","20","34","489","416","C4020878"
"440","2","3","2","101","62","189","182","509","154","C4020878"
"51259","2","3","2","76","153","40","38","54","75","C4020878"
"2261","2","5","7","53","14","20","25","40","186","C4020878"
"54938","2","3","2","110","85","67","76","252","154","C4020878"
"63910","2","5","7","60","36","184","177","64","215","C4020878"
"3930","2","3","2","22","33","323","66","3","464","C4020878"
"3814","2","5","4","68","96","326","427","548","672","C4020878"
"1298","2","5","7","53","51","342","454","573","492","C4020878"
"95681","2","3","12","76","153","40","38","54","75","C4020879"
"83990","2","3","12","19","31","261","116","1","86","C4020879"
"847","2","3","7","34","52","216","395","549","674","C4020879"
"5160","2","3","2","67","92","293","55","75","311","C4020879"
"3501","2","5","7","53","51","119","395","549","674","C4020880"
"2657","2","5","7","53","51","342","259","423","389","C4020880"
"338","2","5","7","53","51","342","454","573","492","C4020880"
"4072","2","5","7","53","51","119","454","573","492","C4020880"
"23321","2","5","7","53","184","119","156","287","116","C4020882"
"2317","2","5","7","63","45","23","103","287","664","C4020882"
"5830","2","3","5","43","161","305","409","208","482","C4020882"
"1589","2","3","5","79","186","215","297","379","491","C4020882"
"7051","2","1","6","11","142","225","142","220","298","C4020883"
"9150","2","3","12","19","31","261","116","159","211","C4020883"
"84991","2","3","2","22","33","323","66","101","136","C4020883"
"2316","2","5","7","53","51","342","454","573","702","C4020883"
"2261","2","5","7","53","14","20","25","40","186","C4020883"
"3718","2","5","7","53","14","20","25","40","186","C4020886"
"4647","2","5","7","60","83","101","126","170","224","C4020886"
"23411","2","3","12","19","31","1","91","433","118","C4020886"
"4000","2","3","12","26","105","178","226","297","156","C4020886"
"2719","2","5","7","53","51","342","454","573","492","C4020886"
"3098","2","3","2","90","167","266","367","500","577","C4020886"
"50485","2","3","12","19","31","261","116","1","86","C4020886"
"1075","2","5","7","34","52","216","395","549","674","C4020886"
"328","2","3","12","19","31","261","116","1","86","C4020886"
"1741","2","5","7","60","36","71","341","223","219","C4020886"
"968","2","5","7","34","52","216","395","549","674","C4020886"
"9076","2","5","6","42","36","71","177","64","219","C4020886"
"1141","2","5","8","27","70","99","162","216","290","C4020886"
"5195","2","3","5","43","161","305","409","208","482","C4020886"
"23384","2","3","12","63","45","184","103","572","658","C4020886"
"2516","2","3","3","19","151","276","91","433","118","C4020886"
"5192","2","3","5","43","161","305","409","208","482","C4020886"
"860","2","3","12","19","31","276","91","433","118","C4020886"
"175","2","3","7","34","52","216","395","549","674","C4020886"
"8242","2","3","12","19","31","1","426","55","78","C4020886"
"8260","2","3","12","41","85","266","76","287","78","C4020886"
"3759","2","5","8","63","36","166","106","110","158","C4020886"
"594","2","3","2","67","92","293","55","75","311","C4020886"
"64132","2","3","2","74","205","191","98","66","203","C4020886"
"5551","2","5","7","53","51","119","395","549","674","C4020886"
"5205","2","3","8","63","45","23","103","464","619","C4020888"
"3028","2","3","2","67","92","152","32","252","154","C4020888"
"5339","2","5","7","53","51","342","454","573","492","C4020888"
"2736","2","3","12","41","116","321","428","54","667","C4020888"
"10140","2","3","12","19","31","198","261","146","118","C4020888"
"3756","2","5","8","63","36","166","106","110","158","C4020888"
"9871","2","3","7","60","153","40","38","54","203","C4020888"
"11315","2","3","2","48","170","50","399","201","229","C4020888"
"668","2","3","12","19","221","321","428","541","664","C4020888"
"10555","2","3","7","34","52","216","395","549","622","C4020888"
"1493","2","5","7","53","51","119","25","40","186","C4020888"
"4647","2","5","7","60","83","101","126","170","224","C4020888"
"6716","2","3","2","69","98","169","299","50","494","C4020889"
"5332","2","3","4","68","96","326","427","548","672","C4020889"
"5340","2","5","7","53","51","342","454","573","492","C4020889"
"5805","2","3","2","43","91","75","204","267","352","C4020889"
"2520","2","5","4","68","96","326","427","548","672","C4020889"
"1487","2","3","12","19","31","1","426","55","340","C4020889"
"1717","2","3","2","19","151","276","48","69","204","C4020890"
"6925","2","3","12","19","31","225","142","220","298","C4020890"
"2736","2","3","12","41","116","321","428","54","667","C4020890"
"1027","2","3","12","19","31","1","116","1","86","C4020890"
"5314","2","3","12","76","153","40","38","54","75","C4020891"
"9152","2","5","8","45","94","199","240","415","666","C4020891"
"5913","2","5","7","27","36","71","341","223","219","C4020891"
"2639","2","3","2","71","148","34","160","115","164","C4020891"
"10733","2","3","12","76","153","40","38","54","75","C4020891"
"7015","2","3","12","19","31","1","426","55","78","C4020891"
"5244","2","3","3","41","151","276","91","433","118","C4020891"
"51305","2","5","8","63","36","166","106","110","158","C4020891"
"10019","2","5","7","53","14","20","25","40","116","C4020891"
"2632","2","3","2","28","22","48","232","82","114","C4020891"
"596","2","3","12","19","219","339","402","489","416","C4020891"
"4256","2","5","7","53","51","342","454","573","492","C4020891"
"5832","2","3","2","101","62","189","182","509","252","C4020891"
"7297","2","5","7","53","184","119","25","40","186","C4020891"
"367","2","3","12","19","31","276","91","433","118","C4020891"
"7456","2","5","7","60","14","20","25","40","215","C4020892"
"4893","2","5","7","34","52","24","30","46","72","C4020892"
"2879","2","3","5","80","81","166","378","173","229","C4020892"
"183","2","5","4","68","96","326","427","548","672","C4020892"
"2214","2","5","7","53","51","119","395","549","674","C4020892"
"23247","2","3","12","76","153","71","34","540","68","C4020892"
"846","2","5","4","68","96","326","427","548","672","C4020892"
"2074","2","3","12","19","31","1","426","55","78","C4020892"
"4878","2","3","12","19","31","1","426","55","78","C4020892"
"6103","2","3","12","76","153","40","38","54","75","C4020892"
"54888","2","3","2","110","85","152","129","252","154","C4020892"
"4068","2","5","7","53","51","119","25","549","674","C4020892"
"54903","2","3","12","76","153","40","38","54","75","C4020892"
"6716","2","3","2","69","98","169","299","50","494","C4020892"
"6392","2","3","2","48","170","50","119","444","556","C4020892"
"3077","2","5","7","53","51","119","395","549","674","C4020892"
"10084","2","3","2","22","33","323","66","101","136","C4020892"
"8518","2","3","12","19","31","1","426","55","78","C4020894"
"4204","2","3","12","19","31","1","426","55","78","C4020894"
"1666","2","3","2","69","83","58","64","98","134","C4020894"
"7403","2","3","12","19","31","1","426","55","78","C4020894"
"1436","2","5","7","53","14","20","25","40","186","C4020894"
"207","2","3","7","53","14","20","34","489","416","C4020894"
"54332","2","3","2","60","170","40","98","66","203","C4020894"
"5932","2","3","12","19","31","261","116","1","86","C4020894"
"2512","2","3","7","34","52","216","395","544","358","C4020894"
"4854","2","5","7","53","51","143","428","236","667","C4020895"
"6913","2","3","3","19","221","321","428","541","667","C4020895"
"7476","2","5","3","68","221","197","259","560","422","C4020895"
"478","2","3","8","63","45","23","366","464","187","C4020895"
"338","2","5","7","53","51","342","454","573","492","C4020895"
"3643","2","5","7","53","14","20","25","40","186","C4020895"
"5376","2","5","7","53","51","342","454","573","492","C4020897"
"5077","2","3","3","19","221","321","428","541","667","C4020897"
"4914","2","3","2","22","18","266","202","252","252","C4020897"
"2812","2","5","7","53","51","342","454","573","492","C4020897"
"7040","2","5","7","53","51","342","454","573","492","C4020897"
"1019","2","3","12","19","31","1","116","1","86","C4020897"
"5771","2","5","7","53","14","296","25","40","186","C4020897"
"9469","2","3","2","103","189","303","29","475","467","C4020897"
"3909","2","5","7","53","51","342","454","573","492","C4020897"
"2033","2","3","12","19","31","1","91","433","118","C4020897"
"58","2","5","8","63","45","23","103","464","187","C4020897"
"1145","2","5","8","27","70","99","162","216","290","C4020897"
"8647","2","3","5","46","158","252","352","449","563","C4020897"
"207","2","3","7","53","14","20","34","489","416","C4020897"
"7516","2","3","12","19","31","261","116","1","86","C4020897"
"1401","2","5","7","53","51","119","395","573","492","C4020898"
"9241","2","5","7","53","51","342","259","423","389","C4020898"
"10878","2","5","7","53","51","119","395","549","674","C4020898"
"22909","2","3","12","19","31","261","116","1","86","C4020898"
"7015","2","3","12","19","31","1","426","55","78","C4020898"
"63901","2","3","12","34","52","216","402","489","551","C4020898"
"4254","2","5","7","53","14","20","25","40","186","C4020898"
"2218","2","5","2","53","123","194","255","560","373","C4020898"
"7140","2","5","8","63","45","23","103","464","187","C4020898"
"1440","2","5","7","53","51","119","25","489","416","C4020898"
"2131","2","3","2","74","58","112","148","181","416","C4020898"
"7490","2","3","3","19","221","321","428","541","667","C4020898"
"10585","2","5","2","27","206","324","430","215","290","C4020898"
"7468","2","3","12","19","31","1","426","55","78","C4020898"
"2033","2","3","12","19","31","1","91","433","118","C4020908"
"1019","2","3","12","19","31","1","116","1","86","C4020908"
"54903","2","3","12","76","153","40","38","54","75","C4020908"
"10804","2","3","12","76","153","40","38","54","75","C4020908"
"367","2","3","12","19","31","276","91","433","118","C4020908"
"126","2","3","2","75","120","200","263","251","425","C4020922"
"6888","2","3","2","90","167","266","367","500","577","C4020922"
"2261","2","5","7","53","14","20","25","40","186","C4020948"
"2483","2","3","2","22","33","323","66","101","136","C4020948"
"1758","2","5","7","53","51","342","454","573","492","C4020952"
"208","2","5","7","53","14","20","34","540","68","C4020952"
"6010","2","5","4","68","96","326","427","548","672","C4020952"
"26227","2","3","2","41","137","44","208","81","108","C4020952"
"478","2","3","8","63","45","23","366","464","187","C4020952"
"1356","2","3","7","53","51","342","454","573","492","C4020952"
"10585","2","5","2","27","206","324","430","215","290","C4020957"
"7249","2","3","7","60","57","110","141","359","462","C4020957"
"5824","2","3","5","47","144","185","238","310","392","C4020957"
"1308","2","5","7","53","51","119","454","573","492","C4020957"
"4148","2","5","7","53","51","342","454","573","492","C4020957"
"7124","2","3","12","41","219","339","156","568","697","C4020957"
"1387","2","3","12","19","31","276","91","433","118","C4020958"
"335","2","5","7","53","51","342","454","573","492","C4020958"
"5980","2","3","12","19","31","261","116","1","86","C4020958"
"1027","2","3","12","19","31","1","116","1","86","C4020958"
"641","2","3","12","19","31","261","116","1","86","C4020958"
"8398","2","3","5","116","183","40","38","352","455","C4020958"
"51626","2","3","12","76","153","40","38","54","75","C4020958"
"7022","2","3","12","19","31","261","91","433","664","C4020958"
"26277","2","3","12","19","31","1","426","1","78","C4020958"
"2253","2","5","7","53","14","20","25","40","186","C4020958"
"3043","2","5","7","34","52","216","395","549","116","C4020958"
"10935","2","3","5","80","81","110","378","173","229","C4020959"
"3759","2","5","8","63","36","166","106","110","158","C4020959"
"23169","2","3","2","78","205","112","430","429","544","C4020960"
"3146","2","5","7","34","52","216","395","549","674","C4020960"
"54209","2","5","7","53","51","119","395","549","674","C4020960"
"242","2","3","5","11","142","223","142","220","298","C4020960"
"8626","2","3","3","19","221","321","428","541","667","C4020960"
"1184","2","5","8","63","45","23","34","464","187","C4020961"
"7040","2","5","7","53","51","342","454","573","492","C4020961"
"673","2","5","7","53","14","20","34","540","68","C4020961"
"5296","2","5","7","53","14","20","25","40","186","C4020962"
"3897","2","5","7","53","51","335","444","560","373","C4020962"
"2879","2","3","5","80","81","166","378","173","229","C4020962"
"10262","2","3","2","22","33","323","66","101","136","C4020962"
"857","2","5","7","53","45","23","57","83","422","C4020962"
"22948","2","3","12","76","137","76","136","472","435","C4020962"
"2006","2","5","7","53","51","342","454","573","492","C4020962"
"4914","2","3","2","22","18","266","202","252","252","C4020962"
"6444","2","5","8","63","45","23","103","464","187","C4020962"
"4867","2","5","7","76","153","40","38","54","75","C4020962"
"3887","2","1","6","11","142","225","142","220","298","C4020962"
"3417","2","3","7","34","52","216","395","549","319","C4020962"
"2639","2","3","2","71","148","34","160","115","164","C4020962"
"2022","2","5","7","53","51","342","259","423","389","C4020962"
"1813","2","5","4","68","96","326","427","548","672","C4020962"
"10194","2","5","7","53","221","321","259","423","389","C4020962"
"6662","2","3","3","19","221","321","428","541","667","C4020962"
"2261","2","5","7","53","14","20","25","40","186","C4020962"
"1232","2","5","4","68","96","326","427","548","672","C4020963"
"50846","2","3","3","68","221","197","259","560","422","C4020963"
"5144","2","3","4","68","96","326","427","548","672","C4020966"
"3060","2","5","4","68","96","326","427","548","672","C4020966"
"2316","2","5","7","53","51","342","454","573","702","C4020966"
"8085","2","3","12","19","31","1","426","55","78","C4020966"
"5189","2","3","5","43","161","305","409","208","482","C4020966"
"5395","2","3","12","19","31","261","116","1","86","C4020968"
"7259","2","3","12","19","31","1","426","55","78","C4020968"
"9031","2","3","12","19","31","1","426","55","78","C4020968"
"7428","2","3","12","41","116","268","434","468","213","C4020969"
"2033","2","3","12","19","31","1","91","433","118","C4020969"
"8291","2","5","8","63","45","23","103","464","187","C4020969"
"7227","2","3","12","19","31","276","91","433","118","C4020969"
"9896","2","3","5","80","81","296","399","201","274","C4020969"
"6531","2","5","8","45","94","199","240","415","666","C4020969"
"5894","2","5","7","60","54","23","34","464","187","C4020969"
"4256","2","5","7","53","51","342","454","573","492","C4020969"
"9575","2","3","3","19","151","276","91","433","118","C4020969"
"5604","2","5","7","53","14","20","34","540","68","C4020969"
"4214","2","3","12","41","219","339","34","540","117","C4021020"
"3040","2","5","5","53","51","342","40","78","178","C4021020"
"2055","2","3","2","27","36","150","402","223","628","C4021020"
"8820","2","3","3","19","221","321","428","541","667","C4021020"
"3952","2","5","3","53","151","276","91","433","118","C4021020"
"50846","2","3","3","68","221","197","259","560","422","C4021020"
"1636","2","3","5","80","81","166","397","418","568","C4021028"
"79823","2","3","4","68","45","272","347","518","621","C4021028"
"1134","2","5","8","27","70","99","162","216","290","C4021029"
"6905","2","3","12","76","153","40","38","54","75","C4021029"
"51684","2","3","12","41","116","268","38","54","75","C4021038"
"445","2","3","2","84","97","167","210","278","360","C4021038"
"6845","2","5","7","60","14","184","341","544","669","C4021038"
"1301","2","5","7","53","51","342","454","573","492","C4021038"
"2239","2","3","2","74","51","342","454","573","492","C4021082"
"8200","2","5","7","53","51","342","259","423","389","C4021082"
"3763","2","5","8","63","36","166","106","110","158","C4021082"
"6911","2","5","6","19","142","335","259","560","373","C4021084"
"10516","2","5","7","53","51","342","454","573","492","C4021084"
"9897","2","3","12","76","18","75","38","1","212","C4021084"
"4010","2","3","3","19","221","321","428","541","667","C4021095"
"3845","2","5","7","60","54","24","30","46","72","C4021095"
"7468","2","3","12","19","31","1","426","55","78","C4021095"
"2720","2","3","7","34","52","216","395","21","599","C4021097"
"4683","2","3","12","19","31","261","116","1","86","C4021097"
"1302","2","5","7","53","51","342","454","573","492","C4021100"
"6833","2","5","8","45","36","166","240","415","666","C4021100"
"6341","2","3","2","48","170","50","119","444","556","C4021100"
"5125","2","5","6","11","51","225","142","220","298","C4021100"
"55636","2","3","3","19","221","321","428","423","389","C4021107"
"4261","2","3","12","53","184","119","156","287","116","C4021107"
"2796","2","5","4","68","96","326","427","548","672","C4021107"
"1893","2","5","7","53","51","342","454","573","702","C4021107"
"1729","2","5","7","34","52","216","395","549","674","C4021107"
"8842","2","5","5","53","82","147","184","179","328","C4021107"
"23322","2","3","12","76","153","40","38","54","75","C4021107"
"26040","2","3","12","19","31","1","116","297","78","C4021107"
"2694","2","5","7","48","51","105","139","186","245","C4021107"
"5193","2","3","5","43","161","305","409","208","482","C4021107"
"84665","2","5","7","53","51","119","103","464","674","C4021107"
"5468","2","3","3","19","151","276","91","433","118","C4021107"
"5339","2","5","7","53","51","342","454","573","492","C4021107"
"10516","2","5","7","53","51","342","454","573","492","C4021107"
"5395","2","3","12","19","31","261","116","1","86","C4021107"
"5313","2","3","2","90","167","321","428","541","115","C4021107"
"5906","2","5","7","34","52","216","30","46","72","C4021107"
"2158","2","5","7","68","51","119","395","549","674","C4021107"
"9496","2","5","6","11","142","225","142","220","673","C4021107"
"2064","2","5","7","53","14","20","25","40","186","C4021107"
"2200","2","5","7","53","51","342","454","573","492","C4021107"
"10262","2","3","2","22","33","323","66","101","136","C4021107"
"3549","2","5","3","53","51","197","259","560","422","C4021109"
"8518","2","3","12","19","31","1","426","55","78","C4021109"
"8076","2","5","7","53","51","342","454","573","492","C4021109"
"2512","2","3","7","34","52","216","395","544","358","C4021124"
"3717","2","5","7","53","14","20","25","40","186","C4021124"
"2018","2","3","3","19","221","321","428","541","667","C4021124"
"7259","2","3","12","19","31","1","426","55","78","C4021124"
"2812","2","5","7","53","51","342","454","573","492","C4021124"
"4000","2","3","12","26","105","178","226","297","156","C4021152"
"356","2","5","7","53","219","339","25","489","697","C4021152"
"5130","2","3","2","85","143","286","51","488","102","C4021152"
"8220","2","3","2","22","33","323","66","101","136","C4021152"
"60529","2","3","3","19","221","321","428","541","667","C4021154"
"4036","2","5","7","60","14","184","341","544","669","C4021154"
"6165","2","3","2","110","85","237","433","547","671","C4021161"
"7169","2","5","8","63","45","23","103","464","187","C4021161"
"5447","2","3","5","91","214","271","372","471","586","C4021164"
"54","2","3","5","80","81","178","195","256","342","C4021164"
"2720","2","3","7","34","52","216","395","21","599","C4021164"
"6532","2","5","8","45","94","199","240","415","666","C4021167"
"3690","2","5","7","53","51","342","454","573","492","C4021167"
"4038","2","5","7","53","51","342","454","573","492","C4021168"
"5428","2","3","2","48","170","50","119","167","593","C4021168"
"2937","2","3","2","83","171","97","381","478","597","C4021175"
"546","2","3","12","19","31","261","426","1","86","C4021175"
"10269","2","3","2","48","182","50","119","444","556","C4021175"
"7473","2","5","3","68","221","197","259","560","422","C4021241"
"2632","2","3","2","28","22","48","232","82","114","C4021241"
"1299","2","5","7","53","51","342","454","573","492","C4021241"
"6310","2","3","12","22","142","225","366","362","468","C4021242"
"10395","2","5","7","60","54","24","30","46","72","C4021242"
"2200","2","5","7","53","51","342","454","573","492","C4021242"
"9569","2","3","12","19","31","276","91","433","118","C4021242"
"773","2","5","8","27","36","166","341","223","628","C4021242"
"959","2","5","7","53","51","119","395","549","674","C4021242"
"4920","2","5","7","53","14","20","259","560","373","C4021242"
"2131","2","3","2","74","58","112","148","181","416","C4021242"
"2516","2","3","3","19","151","276","91","433","118","C4021242"
"4882","2","3","4","68","96","326","427","548","672","C4021242"
"55112","2","3","12","76","153","40","38","54","75","C4021242"
"6908","2","3","12","19","31","1","116","159","211","C4021242"
"6049","2","3","12","41","116","268","434","468","213","C4021242"
"5313","2","3","2","90","167","321","428","541","115","C4021242"
"710","2","5","7","53","51","342","454","573","702","C4021242"
"5621","2","5","8","27","36","342","454","573","628","C4021242"
"51103","2","3","2","48","170","50","119","444","556","C4021242"
"6716","2","3","2","69","98","169","299","50","494","C4021242"
"2132","2","3","2","74","58","112","148","193","263","C4021242"
"2629","2","3","5","80","81","250","291","152","420","C4021242"
"1280","2","5","7","53","51","342","454","573","492","C4021242"
"3508","2","3","12","19","31","261","116","1","86","C4021242"
"7443","2","3","12","19","31","261","34","540","68","C4021243"
"2737","2","3","12","19","116","321","428","54","667","C4021243"
"25978","2","3","2","48","57","110","141","359","462","C4021244"
"331","2","3","12","41","219","339","156","568","697","C4021244"
"2261","2","5","7","53","14","20","25","40","186","C4021249"
"2010","2","3","12","26","105","296","226","488","156","C4021249"
"10269","2","3","2","48","182","50","119","444","556","C4021249"
"7490","2","3","3","19","221","321","428","541","667","C4021249"
"4514","2","3","2","48","57","110","141","359","5","C4021249"
"8600","2","5","7","41","219","339","156","568","697","C4021249"
"92482","2","3","12","76","153","76","38","54","75","C4021250"
"1280","2","5","7","53","51","342","454","573","492","C4021250"
"4512","2","3","2","48","170","110","141","359","8","C4021254"
"58","2","5","8","63","45","23","103","464","187","C4021254"
"713","2","5","7","53","51","119","395","549","674","C4021254"
"7840","2","3","12","76","153","40","38","54","75","C4021254"
"2628","2","3","8","45","94","199","240","415","666","C4021254"
"9939","2","3","2","22","33","323","66","101","136","C4021254"
"10280","2","3","2","110","85","52","57","86","119","C4021254"
"1535","2","5","7","34","52","216","395","549","674","C4021254"
"25814","2","3","2","48","170","110","119","444","462","C4021254"
"2159","2","5","7","68","51","119","454","549","674","C4021254"
"3229","2","3","3","19","221","321","428","541","667","C4021254"
"546","2","3","12","19","31","261","426","1","86","C4021260"
"3977","2","5","7","53","51","119","25","40","416","C4021260"
"4625","2","3","8","63","45","23","103","464","187","C4021262"
"257","2","3","3","19","221","321","428","541","667","C4021262"
"3081","2","3","2","91","51","3","267","308","429","C4021262"
"6392","2","3","2","48","170","50","119","444","556","C4021326"
"25915","2","3","2","48","170","50","119","444","556","C4021326"
"355","2","3","7","41","219","339","156","568","697","C4021335"
"5573","2","3","12","19","184","118","155","287","116","C4021335"
"55624","2","3","2","78","123","194","255","215","412","C4021343"
"4286","2","3","12","19","31","261","116","1","664","C4021343"
"3423","2","3","5","74","3","342","374","294","590","C4021343"
"4313","2","5","7","53","51","342","454","573","492","C4021343"
"8625","2","3","12","19","31","276","91","236","118","C4021343"
"94233","2","5","4","68","96","326","427","548","672","C4021343"
"7273","2","5","7","53","51","342","103","464","702","C4021343"
"5134","2","3","12","19","219","276","91","271","356","C4021343"
"25793","2","3","12","41","116","268","434","468","213","C4021360"
"1123","2","5","7","60","54","24","30","46","72","C4021360"
"215","2","3","5","47","144","185","238","310","392","C4021365"
"2628","2","3","8","45","94","199","240","415","666","C4021365"
"151","2","5","4","68","96","326","427","548","672","C4021371"
"55315","2","3","5","80","81","296","62","94","150","C4021371"
"579","2","3","3","19","221","321","428","541","667","C4021371"
"9533","2","3","2","19","31","1","426","55","78","C4021371"
"2187","2","3","12","19","31","261","116","1","86","C4021371"
"5116","2","3","12","76","153","40","38","54","75","C4021371"
"6338","2","5","8","63","45","23","34","464","187","C4021377"
"444","2","5","8","63","45","23","34","464","187","C4021377"
"2033","2","3","12","19","31","1","91","433","118","C4021377"
"5048","2","3","12","76","153","40","38","54","75","C4021385"
"7132","2","3","12","41","219","339","156","568","697","C4021385"
"55109","2","5","7","42","81","184","118","543","214","C4021385"
"5468","2","3","3","19","151","276","91","433","118","C4021386"
"2492","2","5","4","68","96","326","427","548","672","C4021386"
"11277","2","3","12","19","31","261","116","1","86","C4021386"
"5146","2","3","5","86","72","258","318","403","518","C4021386"
"1356","2","3","7","53","51","342","454","573","492","C4021386"
"4214","2","3","12","41","219","339","34","540","117","C4021386"
"29078","2","3","2","48","170","50","119","444","556","C4021390"
"5155","2","5","7","53","51","342","454","573","186","C4021390"
"4853","2","3","12","19","124","143","428","236","667","C4021390"
"1896","2","5","12","41","219","339","156","568","697","C4021390"
"2703","2","3","12","76","153","40","38","54","75","C4021390"
"6696","2","5","7","53","51","342","454","573","492","C4021391"
"6342","2","3","5","80","161","305","409","208","482","C4021391"
"1311","2","5","7","53","51","342","454","573","492","C4021395"
"51626","2","3","12","76","153","40","38","54","75","C4021395"
"5925","2","3","12","19","31","1","426","55","78","C4021395"
"4509","2","3","2","48","170","50","119","444","556","C4021395"
"3954","2","3","2","48","170","67","119","444","593","C4021395"
"284","2","5","7","53","14","20","25","40","186","C4021395"
"5318","2","1","6","11","142","225","142","220","298","C4021395"
"4882","2","3","4","68","96","326","427","548","672","C4021395"
"8836","2","3","7","34","52","216","395","549","674","C4021395"
"4513","2","3","2","48","170","110","141","359","532","C4021395"
"4286","2","3","12","19","31","261","116","1","664","C4021398"
"9056","2","3","8","45","94","199","240","415","666","C4021398"
"5982","2","3","12","19","31","261","116","1","86","C4021398"
"5908","2","5","7","34","52","216","30","46","72","C4021418"
"50945","2","3","3","48","170","335","347","560","373","C4021418"
"590","2","3","5","85","143","286","51","488","604","C4021418"
"55699","2","3","2","110","85","67","76","252","154","C4021427"
"4170","2","3","12","41","219","339","402","489","416","C4021427"
"5468","2","3","3","19","151","276","91","433","118","C4021435"
"5307","2","3","3","19","221","321","428","541","667","C4021435"
"7057","2","5","7","53","51","342","454","573","492","C4021465"
"8200","2","5","7","53","51","342","259","423","389","C4021465"
"7473","2","5","3","68","221","197","259","560","422","C4021515"
"10847","2","3","12","19","31","1","426","55","78","C4021515"
"207","2","3","7","53","14","20","34","489","416","C4021524"
"2261","2","5","7","53","14","20","25","40","186","C4021524"
"1282","2","5","7","53","51","342","454","573","492","C4021524"
"3889","2","1","6","11","142","225","142","220","298","C4021525"
"79728","2","3","12","19","31","261","116","1","86","C4021525"
"3141","2","3","2","68","40","130","166","127","173","C4021525"
"190","2","3","3","19","151","276","91","433","118","C4021527"
"10144","2","5","7","60","54","24","30","46","72","C4021527"
"4353","2","3","7","34","52","216","395","549","674","C4021527"
"611","2","5","4","68","96","326","427","548","672","C4021527"
"8518","2","3","12","19","31","1","426","55","78","C4021527"
"23426","2","5","7","42","36","71","177","223","219","C4021527"
"4593","2","5","7","53","14","20","454","573","492","C4021528"
"9517","2","3","2","50","47","39","100","321","638","C4021528"
"27315","2","5","6","34","52","225","142","220","298","C4021533"
"1294","2","5","7","53","51","342","454","573","492","C4021533"
"9031","2","3","12","19","31","1","426","55","78","C4021533"
"6660","2","3","3","19","221","321","428","541","667","C4021533"
"1967","2","3","2","110","85","237","433","547","671","C4021533"
"3930","2","3","2","22","33","323","66","3","464","C4021541"
"6658","2","3","12","19","221","321","428","541","667","C4021541"
"7531","2","3","2","48","170","110","329","251","533","C4021541"
"3417","2","3","7","34","52","216","395","549","319","C4021541"
"6913","2","3","3","19","221","321","428","541","667","C4021545"
"2074","2","3","12","19","31","1","426","55","78","C4021545"
"367","2","3","12","19","31","276","91","433","118","C4021545"
"673","2","5","7","53","14","20","34","540","68","C4021546"
"57531","2","3","12","41","116","268","434","468","213","C4021546"
"2263","2","5","7","53","14","20","25","40","186","C4021546"
"673","2","5","7","53","14","20","34","540","68","C4021546"
"959","2","5","7","53","51","119","395","549","674","C4021546"
"3553","2","5","7","53","51","119","25","489","416","C4021546"
"356","2","5","7","53","219","339","25","489","697","C4021546"
"57545","2","3","12","76","153","40","38","54","75","C4021546"
"778","2","5","8","63","36","166","341","223","158","C4021546"
"7490","2","3","3","19","221","321","428","541","667","C4021546"
"1311","2","5","7","53","51","342","454","573","492","C4021546"
"348","2","5","7","53","51","342","454","573","492","C4021546"
"7253","2","5","4","68","96","326","427","548","672","C4021546"
"1670","2","5","9","70","100","238","332","420","536","C4021546"
"2629","2","3","5","80","81","250","291","152","420","C4021546"
"2812","2","5","7","53","51","342","454","573","492","C4021546"
"1829","2","1","6","11","142","225","142","220","298","C4021546"
"5468","2","3","3","19","151","276","91","433","118","C4021546"
"23152","2","3","6","22","142","225","366","362","468","C4021546"
"10577","2","5","7","34","52","216","395","549","674","C4021546"
"2706","2","3","12","76","153","40","38","54","75","C4021550"
"6247","2","5","7","53","51","342","454","573","492","C4021550"
"23095","2","3","7","76","153","40","38","54","75","C4021550"
"10484","2","3","7","60","153","40","38","54","203","C4021550"
"2903","2","5","7","53","14","20","25","223","219","C4021550"
"7468","2","3","12","19","31","1","426","55","78","C4021550"
"7136","2","5","8","63","45","23","103","464","187","C4021550"
"5443","2","5","4","68","96","326","427","548","672","C4021550"
"8195","2","3","12","76","153","76","38","54","75","C4021550"
"23095","2","3","7","76","153","40","38","54","75","C4021550"
"5551","2","5","7","53","51","119","395","549","674","C4021550"
"10804","2","3","12","76","153","40","38","54","75","C4021550"
"4322","2","5","7","53","51","342","454","573","492","C4021550"
"9569","2","3","12","19","31","276","91","433","118","C4021550"
"5592","2","5","4","53","14","20","34","540","68","C4021550"
"54714","2","5","8","63","36","166","106","110","158","C4021551"
"1559","2","3","5","91","214","226","11","348","172","C4021551"
"8910","2","5","8","63","45","23","103","464","187","C4021551"
"6448","2","3","5","74","160","294","376","453","567","C4021551"
"147912","2","3","6","22","142","225","366","362","468","C4021551"
"9241","2","5","7","53","51","342","259","423","389","C4021551"
"1813","2","5","4","68","96","326","427","548","672","C4021551"
"2178","2","3","12","19","31","261","116","1","86","C4021551"
"9742","2","3","12","76","153","40","38","54","75","C4021551"
"8425","2","5","7","53","51","342","454","573","492","C4021551"
"3630","2","5","7","53","14","20","25","40","186","C4021551"
"1031","2","3","12","19","31","1","426","55","78","C4021551"
"11041","2","3","2","27","36","150","341","223","628","C4021551"
"3592","2","5","7","53","51","119","25","489","416","C4021551"
"2572","2","3","2","67","57","190","152","197","93","C4021551"
"2033","2","3","12","19","31","1","91","433","118","C4021551"
"10345","2","5","8","63","45","23","34","464","187","C4021551"
"2200","2","5","7","53","51","342","454","573","492","C4021551"
"3737","2","5","8","63","36","166","106","110","158","C4021551"
"355","2","3","7","41","219","339","156","568","697","C4021551"
"23600","2","3","5","80","81","305","409","208","482","C4021551"
"5660","2","5","7","34","52","326","427","548","702","C4021551"
"23064","2","3","6","11","31","261","142","220","664","C4021553"
"7253","2","5","4","68","96","326","427","548","672","C4021553"
"427","2","3","7","34","52","216","395","549","420","C4021553"
"776","2","5","8","63","36","166","341","390","158","C4021553"
"2263","2","5","7","53","14","20","25","40","186","C4021553"
"9101","2","3","12","41","219","339","156","568","605","C4021553"
"1292","2","5","7","53","51","342","454","573","492","C4021553"
"4210","2","3","12","41","219","339","156","568","697","C4021559"
"7840","2","3","12","76","153","40","38","54","75","C4021559"
"2132","2","3","2","74","58","112","148","193","263","C4021560"
"51807","2","3","12","76","153","40","38","54","75","C4021560"
"617","2","3","2","48","170","50","304","167","593","C4021560"
"3098","2","3","2","90","167","266","367","500","577","C4021564"
"2074","2","3","12","19","31","1","426","55","78","C4021564"
"7048","2","5","7","53","51","342","259","423","389","C4021564"
"4010","2","3","3","19","221","321","428","541","667","C4021565"
"50616","2","5","7","53","51","119","25","40","186","C4021565"
"6716","2","3","2","69","98","169","299","50","494","C4021565"
"4000","2","3","12","26","105","178","226","297","156","C4021568"
"6390","2","3","2","48","170","50","119","444","556","C4021568"
"3315","2","3","12","41","181","160","362","402","215","C4021569"
"427","2","3","7","34","52","216","395","549","420","C4021569"
"8086","2","3","12","22","33","323","66","101","664","C4021569"
"3456","2","3","12","19","31","118","155","287","116","C4021569"
"7040","2","5","7","53","51","342","454","573","492","C4021569"
"1161","2","3","12","41","116","268","434","468","213","C4021569"
"5447","2","3","5","91","214","271","372","471","586","C4021569"
"5327","2","5","7","53","51","342","454","573","492","C4021569"
"114757","2","3","8","63","45","118","155","287","116","C4021569"
"3594","2","5","7","53","51","119","25","560","373","C4021570"
"6606","2","3","2","22","33","323","66","101","136","C4021570"
"650","2","5","7","53","51","342","259","423","389","C4021570"
"26123","2","3","2","76","153","40","38","54","75","C4021570"
"2121","2","3","12","41","116","268","434","568","605","C4021570"
"9731","2","3","12","76","153","40","38","54","75","C4021570"
"22868","2","3","2","48","182","67","76","463","153","C4021578"
"1201","2","3","2","48","170","50","304","167","593","C4021578"
"3329","2","3","2","48","170","50","304","167","593","C4021581"
"51604","2","3","2","61","77","142","176","235","317","C4021581"
"2022","2","5","7","53","51","342","259","423","389","C4021584"
"1081","2","5","4","68","96","326","427","548","672","C4021584"
"2896","2","5","7","34","52","216","395","549","674","C4021584"
"11284","2","3","12","19","31","261","116","1","86","C4021584"
"30008","2","5","7","53","51","342","454","573","492","C4021584"
"5830","2","3","5","43","161","305","409","208","482","C4021584"
"2969","2","3","12","19","31","276","91","433","118","C4021584"
"5396","2","3","3","19","221","321","428","541","667","C4021584"
"5621","2","5","8","27","36","342","454","573","628","C4021585"
"7258","2","3","12","19","36","1","426","55","78","C4021585"
"4221","2","3","12","19","31","342","454","573","492","C4021592"
"2688","2","5","7","53","51","119","25","40","186","C4021592"
"6323","2","5","8","63","36","166","341","390","158","C4021592"
"147372","2","5","3","19","221","342","428","541","667","C4021592"
"3073","2","3","5","105","155","250","291","152","420","C4021592"
"3122","2","5","7","53","184","119","156","287","116","C4021606"
"8842","2","5","5","53","82","147","184","179","328","C4021606"
"2629","2","3","5","80","81","250","291","152","420","C4021606"
"1277","2","5","7","53","51","342","454","573","492","C4021606"
"50484","2","3","5","80","109","182","235","307","506","C4021607"
"3265","2","5","7","60","54","24","30","46","72","C4021607"
"2296","2","3","3","19","221","321","428","541","667","C4021626"
"10913","2","3","12","41","219","339","156","568","697","C4021626"
"5873","2","5","7","34","54","24","30","46","72","C4021626"
"1513","2","5","7","53","51","342","454","573","492","C4021626"
"5728","2","3","5","80","81","339","156","568","605","C4021626"
"6392","2","3","2","48","170","50","119","444","556","C4021626"
"7124","2","3","12","41","219","339","156","568","697","C4021627"
"7046","2","3","12","41","219","339","259","423","605","C4021627"
"3880","2","1","6","11","142","225","142","220","298","C4021627"
"5325","2","3","12","19","31","198","261","146","118","C4021629"
"10847","2","3","12","19","31","1","426","55","78","C4021629"
"54443","2","5","7","76","153","184","38","572","75","C4021630"
"8139","2","3","12","41","116","268","434","468","213","C4021630"
"351","2","5","4","68","96","326","188","145","193","C4021630"
"2332","2","3","2","22","33","71","373","466","609","C4021630"
"59","2","5","8","63","45","23","103","464","187","C4021630"
"1837","2","5","8","63","45","23","103","464","187","C4021631"
"80184","2","5","7","34","52","216","38","54","75","C4021631"
"5116","2","3","12","76","153","40","38","54","75","C4021632"
"4068","2","5","7","53","51","119","25","549","674","C4021632"
"3431","2","3","12","53","184","119","156","287","116","C4021633"
"673","2","5","7","53","14","20","34","540","68","C4021633"
"2243","2","5","7","53","51","342","454","573","492","C4021633"
"5885","2","3","12","76","153","40","38","54","75","C4021634"
"5340","2","5","7","53","51","342","454","573","492","C4021634"
"9420","2","3","5","79","159","256","215","282","366","C4021634"
"6392","2","3","2","48","170","50","119","444","556","C4021634"
"3845","2","5","7","60","54","24","30","46","72","C4021636"
"4864","2","3","5","48","152","184","341","544","669","C4021636"
"6134","2","3","2","110","85","237","433","547","671","C4021637"
"145282","2","3","6","11","142","225","79","220","298","C4021637"
"5447","2","3","5","91","214","271","372","471","586","C4021638"
"5130","2","3","2","85","143","286","51","488","102","C4021638"
"7390","2","3","5","80","81","166","132","175","473","C4021638"
"1736","2","3","2","110","85","237","433","547","671","C4021642"
"2099","2","3","12","19","151","276","91","433","118","C4021642"
"80746","2","3","12","22","33","323","66","101","664","C4021642"
"9968","2","4","3","24","119","330","214","454","144","C4021643"
"9394","2","3","2","74","58","112","148","193","263","C4021643"
"282617","2","5","7","53","51","119","25","40","186","C4021643"
"3425","2","3","5","80","81","166","454","573","492","C4021646"
"4524","2","3","2","15","166","104","369","117","583","C4021646"
"9131","2","3","12","41","219","339","347","271","356","C4021649"
"10165","2","3","2","48","170","50","304","167","593","C4021649"
"9469","2","3","2","103","189","303","29","475","467","C4021651"
"4893","2","5","7","34","52","24","30","46","72","C4021651"
"596","2","3","12","19","219","339","402","489","416","C4021654"
"9791","2","3","8","45","94","199","240","415","666","C4021654"
"1015","2","5","7","53","51","335","444","560","373","C4021654"
"6683","2","3","12","76","153","40","38","54","75","C4021654"
"5518","2","3","12","76","153","40","38","54","435","C4021656"
"8086","2","3","12","22","33","323","66","101","664","C4021656"
"10019","2","5","7","53","14","20","25","40","116","C4021656"
"4624","2","5","8","63","45","23","103","464","187","C4021656"
"8425","2","5","7","53","51","342","454","573","492","C4021656"
"7518","2","3","12","19","31","261","116","1","86","C4021656"
"10479","2","5","7","27","36","150","341","223","628","C4021657"
"5626","2","3","3","19","221","321","428","541","667","C4021657"
"6392","2","3","2","48","170","50","119","444","556","C4021657"
"10019","2","5","7","53","14","20","25","40","116","C4021657"
"11200","2","3","12","19","31","261","116","1","86","C4021657"
"23435","2","3","2","22","33","323","66","101","136","C4021664"
"51259","2","3","2","76","153","40","38","54","75","C4021664"
"55630","2","3","5","27","81","99","162","216","290","C4021664"
"55670","2","3","5","43","161","305","409","208","482","C4021664"
"1890","2","3","5","80","81","296","62","94","150","C4021664"
"217","2","3","5","75","120","200","75","230","309","C4021664"
"6310","2","3","12","22","142","225","366","362","468","C4021664"
"8924","2","3","12","41","116","268","434","468","213","C4021664"
"6187","2","3","2","110","85","237","433","547","671","C4021664"
"60506","2","5","7","53","51","342","444","560","373","C4021664"
"1813","2","5","4","68","96","326","427","548","672","C4021695"
"1535","2","5","7","34","52","216","395","549","674","C4021695"
"2890","2","5","8","63","36","166","106","110","158","C4021723"
"7039","2","3","12","19","31","1","426","55","203","C4021723"
"54658","2","3","2","78","205","207","67","355","138","C4021723"
"5506","2","3","12","76","137","76","136","82","658","C4021724"
"10342","2","3","7","60","219","40","202","66","203","C4021724"
"9150","2","3","12","19","31","261","116","159","211","C4021724"
"54463","2","3","2","48","57","110","141","359","462","C4021724"
"4689","2","5","7","60","14","20","25","40","215","C4021724"
"4204","2","3","12","19","31","1","426","55","78","C4021724"
"915","2","5","7","53","51","119","341","544","669","C4021724"
"51119","2","3","2","110","85","237","433","547","671","C4021724"
"5122","2","5","4","27","36","184","141","359","411","C4021724"
"11284","2","3","12","19","31","261","116","1","86","C4021724"
"8328","2","3","12","19","31","1","426","55","78","C4021726"
"3239","2","3","3","19","221","321","428","541","667","C4021726"
"8292","2","5","5","27","51","342","454","573","492","C4021726"
"4976","2","3","2","48","170","50","119","444","556","C4021726"
"4792","2","3","12","41","219","339","156","568","605","C4021726"
"2294","2","3","3","19","221","321","428","541","667","C4021726"
"27241","2","3","12","76","153","76","38","54","75","C4021726"
"3664","2","5","7","53","184","119","156","287","116","C4021726"
"6223","2","3","2","110","85","237","433","547","671","C4021726"
"5327","2","5","7","53","51","342","454","573","492","C4021726"
"4724","2","3","2","48","170","50","119","444","556","C4021726"
"6908","2","3","12","19","31","1","116","159","211","C4021726"
"4729","2","3","2","48","170","50","119","444","556","C4021726"
"54585","2","3","12","76","153","76","38","54","75","C4021726"
"5443","2","5","4","68","96","326","427","548","672","C4021726"
"2066","2","5","7","53","14","20","25","40","186","C4021726"
"3123","2","5","7","53","51","119","156","287","116","C4021726"
"6016","2","5","7","60","54","24","30","46","72","C4021726"
"286","2","5","7","60","153","40","38","54","203","C4021726"
"54808","2","3","12","76","153","40","38","54","75","C4021726"
"4072","2","5","7","53","51","119","454","573","492","C4021726"
"5727","2","3","12","68","221","197","259","560","422","C4021726"
"6309","2","3","5","19","151","76","48","69","204","C4021727"
"8795","2","5","7","41","219","339","156","568","697","C4021727"
"7468","2","3","12","19","31","1","426","55","78","C4021727"
"55023","2","3","12","41","116","268","434","468","213","C4021727"
"1373","2","3","8","84","97","167","210","271","536","C4021727"
"545","2","3","12","19","31","261","116","1","86","C4021727"
"585","2","3","12","76","153","40","38","54","75","C4021727"
"7421","2","3","3","19","151","276","91","433","118","C4021727"
"1959","2","3","3","19","151","276","91","433","118","C4021727"
"8200","2","5","7","53","51","342","259","423","389","C4021727"
"26191","2","5","7","53","14","20","25","40","186","C4021727"
"3106","2","5","7","34","52","119","395","549","674","C4021727"
"345","2","5","7","53","51","342","454","573","492","C4021727"
"2643","2","3","5","87","91","75","204","267","352","C4021727"
"6197","2","3","12","19","14","20","34","540","68","C4021727"
"2697","2","3","7","76","153","40","38","54","75","C4021727"
"9968","2","4","3","24","119","330","214","454","144","C4021728"
"2006","2","5","7","53","51","342","454","573","492","C4021728"
"1848","2","3","5","42","81","296","399","201","274","C4021728"
"396","2","5","7","60","54","24","30","46","72","C4021728"
"8243","2","3","12","76","31","40","38","54","75","C4021729"
"4519","2","3","2","48","170","50","119","508","312","C4021729"
"3476","2","3","12","76","137","76","136","472","435","C4021730"
"6319","2","3","5","19","151","340","45","22","698","C4021730"
"6309","2","3","5","19","151","76","48","69","204","C4021730"
"6295","2","3","4","68","45","272","427","518","621","C4021730"
"4000","2","3","12","26","105","178","226","297","156","C4021730"
"4668","2","3","5","21","111","188","242","313","396","C4021730"
"10262","2","3","2","22","33","323","66","101","136","C4021733"
"9742","2","3","12","76","153","40","38","54","75","C4021733"
"55005","2","3","2","68","96","326","427","429","544","C4021733"
"3208","2","5","7","27","36","150","341","223","628","C4021734"
"10804","2","3","12","76","153","40","38","54","75","C4021734"
"9227","2","3","2","69","51","101","126","170","224","C4021734"
"1028","2","3","12","19","31","1","116","1","86","C4021734"
"27086","2","3","12","19","221","321","428","541","667","C4021734"
"10269","2","3","2","48","182","50","119","444","556","C4021734"
"4914","2","3","2","22","18","266","202","252","252","C4021734"
"3766","2","5","8","63","36","166","106","110","158","C4021734"
"2990","2","3","7","34","52","216","395","549","674","C4021734"
"860","2","3","12","19","31","276","91","433","118","C4021735"
"1636","2","3","5","80","81","166","397","418","568","C4021735"
"2623","2","3","12","19","31","1","155","287","116","C4021735"
"885","2","5","4","68","96","326","427","548","672","C4021735"
"23426","2","5","7","42","36","71","177","223","219","C4021735"
"10058","2","3","5","44","50","209","68","11","141","C4021735"
"10342","2","3","7","60","219","40","202","66","203","C4021735"
"5077","2","3","3","19","221","321","428","541","667","C4021735"
"5264","2","3","5","43","161","305","409","208","482","C4021735"
"1440","2","5","7","53","51","119","25","489","416","C4021735"
"7048","2","5","7","53","51","342","259","423","389","C4021735"
"6755","2","5","4","68","96","326","427","548","672","C4021735"
"2033","2","3","12","19","31","1","91","433","118","C4021735"
"5325","2","3","12","19","31","198","261","146","118","C4021735"
"204","2","3","4","72","109","182","235","307","506","C4021735"
"5618","2","5","7","53","51","119","25","40","186","C4021735"
"4513","2","3","2","48","170","110","141","359","532","C4021736"
"5860","2","3","2","69","91","75","204","267","352","C4021736"
"4552","2","3","7","48","81","105","139","186","245","C4021736"
"2969","2","3","12","19","31","276","91","433","118","C4021736"
"3586","2","5","7","53","51","119","25","489","416","C4021737"
"1487","2","3","12","19","31","1","426","55","340","C4021737"
"2812","2","5","7","53","51","342","454","573","492","C4021737"
"8243","2","3","12","76","31","40","38","54","75","C4021737"
"54539","2","3","2","48","170","50","119","444","556","C4021737"
"28956","2","5","7","34","52","216","395","359","462","C4021739"
"4137","2","3","7","27","36","150","341","223","628","C4021739"
"6774","2","3","12","53","14","276","25","489","416","C4021740"
"5824","2","3","5","47","144","185","238","310","392","C4021740"
"60558","2","3","2","48","182","67","76","157","208","C4021740"
"4000","2","3","12","26","105","178","226","297","156","C4021740"
"4359","2","5","7","53","51","342","454","573","492","C4021740"
"2260","2","5","7","53","14","20","25","40","186","C4021740"
"3549","2","5","3","53","51","197","259","560","422","C4021740"
"658","2","5","7","53","51","342","259","423","389","C4021740"
"2260","2","5","7","53","14","20","25","40","186","C4021741"
"6218","2","3","2","110","85","237","433","547","671","C4021741"
"673","2","5","7","53","14","20","34","540","68","C4021741"
"5224","2","3","5","90","167","266","367","500","577","C4021741"
"6927","2","3","3","19","221","321","428","541","667","C4021741"
"7169","2","5","8","63","45","23","103","464","187","C4021741"
"9663","2","3","5","80","81","296","51","488","102","C4021741"
"3340","2","3","2","74","58","112","148","193","525","C4021741"
"51604","2","3","2","61","77","142","176","235","317","C4021741"
"116519","2","5","7","53","51","342","454","573","492","C4021741"
"7507","2","3","12","19","31","261","116","1","86","C4021741"
"3265","2","5","7","60","54","24","30","46","72","C4021741"
"6329","2","5","8","63","36","166","341","390","158","C4021741"
"8643","2","5","3","68","221","197","259","560","422","C4021741"
"5373","2","3","2","90","167","123","158","207","278","C4021741"
"9780","2","3","2","48","96","326","246","444","666","C4021741"
"23236","2","3","4","68","96","326","427","548","672","C4021741"
"367","2","3","12","19","31","276","91","433","118","C4021741"
"3240","2","5","7","34","52","216","395","549","674","C4021741"
"5624","2","5","7","53","51","342","454","573","492","C4021741"
"5297","2","3","2","11","54","225","181","441","555","C4021741"
"23742","2","5","5","68","96","326","427","447","586","C4021741"
"7849","2","3","3","19","221","321","428","541","667","C4021742"
"6812","2","5","7","27","36","150","341","223","628","C4021742"
"6299","2","3","12","19","221","321","428","541","667","C4021742"
"4038","2","5","7","53","51","342","454","573","492","C4021742"
"3030","2","3","2","48","57","339","44","65","31","C4021742"
"324","2","3","12","41","219","197","70","255","422","C4021742"
"7421","2","3","3","19","151","276","91","433","118","C4021743"
"5956","2","5","4","68","96","326","427","548","672","C4021743"
"8518","2","3","12","19","31","1","426","55","78","C4021744"
"51204","2","3","2","48","170","50","119","444","556","C4021744"
"6103","2","3","12","76","153","40","38","54","75","C4021745"
"710","2","5","7","53","51","342","454","573","702","C4021745"
"4791","2","3","12","41","219","339","156","568","697","C4021745"
"6591","2","3","12","19","31","1","426","55","78","C4021745"
"668","2","3","12","19","221","321","428","541","664","C4021745"
"3845","2","5","7","60","54","24","30","46","72","C4021745"
"444","2","5","8","63","45","23","34","464","187","C4021745"
"10269","2","3","2","48","182","50","119","444","556","C4021745"
"5897","2","3","12","41","116","268","141","568","605","C4021745"
"1280","2","5","7","53","51","342","454","573","492","C4021745"
"56603","2","3","5","91","214","101","126","460","224","C4021745"
"5913","2","5","7","27","36","71","341","223","219","C4021745"
"3748","2","5","8","63","36","166","106","110","158","C4021745"
"6556","2","3","7","34","52","216","395","549","674","C4021745"
"1644","2","3","2","88","79","239","333","258","345","C4021745"
"4853","2","3","12","19","124","143","428","236","667","C4021745"
"2099","2","3","12","19","151","276","91","433","118","C4021749"
"4868","2","5","7","53","51","335","25","560","373","C4021749"
"10555","2","3","7","34","52","216","395","549","622","C4021750"
"2074","2","3","12","19","31","1","426","55","78","C4021750"
"6392","2","3","2","48","170","50","119","444","556","C4021750"
"55172","2","5","7","27","36","150","341","223","628","C4021750"
"5979","2","5","7","53","14","20","25","40","186","C4021750"
"8601","2","5","4","68","96","326","427","548","672","C4021750"
"2623","2","3","12","19","31","1","155","287","116","C4021751"
"3209","2","3","3","19","221","321","428","541","667","C4021751"
"55505","2","3","2","110","85","237","433","547","671","C4021751"
"3670","2","3","2","110","85","237","433","547","671","C4021752"
"175","2","3","7","34","52","216","395","549","674","C4021752"
"4035","2","5","7","53","51","342","454","573","492","C4021752"
"54938","2","3","2","110","85","67","76","252","154","C4021753"
"1513","2","5","7","53","51","342","454","573","492","C4021753"
"26090","2","3","2","80","81","166","397","361","466","C4021753"
"1832","2","5","7","34","52","225","142","220","298","C4021753"
"2354","2","3","12","19","31","1","426","55","78","C4021753"
"6521","2","5","8","35","41","199","40","415","666","C4021753"
"2313","2","3","12","19","31","276","91","433","118","C4021753"
"5813","2","3","12","19","31","1","116","159","211","C4021753"
"242","2","3","5","11","142","223","142","220","298","C4021753"
"3691","2","5","7","53","51","342","454","573","492","C4021753"
"3728","2","5","7","34","52","225","142","220","298","C4021753"
"10225","2","5","7","53","51","119","395","549","674","C4021753"
"6335","2","5","8","63","36","166","341","390","158","C4021753"
"9733","2","3","2","22","33","323","66","101","136","C4021753"
"25915","2","3","2","48","170","50","119","444","556","C4021753"
"7454","2","5","7","60","14","20","25","40","215","C4021753"
"51082","2","3","2","19","31","1","426","55","78","C4021753"
"4688","2","5","7","60","14","20","25","40","215","C4021753"
"6528","2","5","8","45","94","199","240","415","666","C4021756"
"4868","2","5","7","53","51","335","25","560","373","C4021756"
"9210","2","5","7","53","51","342","454","573","492","C4021758"
"10269","2","3","2","48","182","50","119","444","556","C4021758"
"4015","2","5","7","53","51","342","454","573","492","C4021758"
"3976","2","5","7","53","51","119","25","489","416","C4021758"
"2261","2","5","7","53","14","20","25","40","186","C4021758"
"8398","2","3","5","116","183","40","38","352","455","C4021758"
"7319","2","3","12","41","116","268","434","468","213","C4021761"
"11141","2","5","7","53","36","335","444","223","373","C4021761"
"11113","2","5","7","53","14","20","34","540","68","C4021761"
"2990","2","3","7","34","52","216","395","549","674","C4021761"
"11200","2","3","12","19","31","261","116","1","86","C4021761"
"51741","2","3","2","22","33","323","66","101","127","C4021761"
"11020","2","5","7","60","54","24","30","46","72","C4021761"
"4193","2","3","12","19","31","1","116","89","605","C4021761"
"1301","2","5","7","53","51","342","454","573","492","C4021761"
"5745","2","5","4","68","96","326","427","548","672","C4021761"
"54903","2","3","12","76","153","40","38","54","75","C4021761"
"843","2","3","12","41","219","339","156","568","697","C4021762"
"54332","2","3","2","60","170","40","98","66","203","C4021762"
"9770","2","3","2","48","57","110","141","359","72","C4021762"
"213","2","5","7","53","51","342","454","573","492","C4021767"
"7249","2","3","7","60","57","110","141","359","462","C4021767"
"6926","2","5","7","53","51","335","259","560","373","C4021770"
"3458","2","5","7","53","184","119","156","287","116","C4021770"
"4854","2","5","7","53","51","143","428","236","667","C4021770"
"7051","2","1","6","11","142","225","142","220","298","C4021771"
"23400","2","5","8","63","45","23","103","464","187","C4021771"
"1749","2","3","3","19","221","321","428","541","667","C4021772"
"2657","2","5","7","53","51","342","259","423","389","C4021772"
"7042","2","5","7","53","51","342","454","573","492","C4021772"
"5213","2","3","2","90","167","266","367","500","577","C4021774"
"1144","2","5","8","27","70","99","162","216","290","C4021774"
"54968","2","3","2","48","170","50","119","444","556","C4021774"
"4352","2","5","7","53","14","20","25","40","186","C4021774"
"2100","2","3","3","19","151","276","91","433","118","C4021775"
"1136","2","5","8","27","70","99","162","216","290","C4021775"
"8803","2","3","8","67","92","293","55","75","311","C4021777"
"3240","2","5","7","34","52","216","395","549","674","C4021777"
"3425","2","3","5","80","81","166","454","573","492","C4021777"
"6834","2","3","2","48","170","50","119","444","556","C4021777"
"6885","2","3","12","41","219","339","156","568","697","C4021777"
"9469","2","3","2","103","189","303","29","475","467","C4021777"
"5020","2","5","4","68","96","326","427","548","672","C4021780"
"9968","2","4","3","24","119","330","214","454","144","C4021780"
"3784","2","5","8","63","36","166","106","110","158","C4021780"
"54840","2","3","12","19","31","261","116","1","86","C4021780"
"55112","2","3","12","76","153","40","38","54","75","C4021780"
"26608","2","3","2","22","170","50","119","463","153","C4021780"
"25886","2","3","12","76","153","76","136","472","435","C4021780"
"54714","2","5","8","63","36","166","106","110","158","C4021780"
"10479","2","5","7","27","36","150","341","223","628","C4021780"
"9968","2","4","3","24","119","330","214","454","144","C4021780"
"6125","2","3","2","110","85","237","433","547","671","C4021780"
"255239","2","5","8","67","36","71","177","75","311","C4021780"
"2736","2","3","12","41","116","321","428","54","667","C4021780"
"1678","2","3","2","48","170","50","304","167","593","C4021780"
"79971","2","5","3","68","221","197","259","560","422","C4021780"
"3339","2","5","7","53","51","342","454","573","492","C4021780"
"338","2","5","7","53","51","342","454","573","492","C4021780"
"590","2","3","5","85","143","286","51","488","604","C4021780"
"6440","2","5","5","68","96","185","238","310","272","C4021780"
"6654","2","5","7","60","54","24","30","46","72","C4021780"
"1813","2","5","4","68","96","326","427","548","672","C4021780"
"5979","2","5","7","53","14","20","25","40","186","C4021781"
"7428","2","3","12","41","116","268","434","468","213","C4021781"
"10815","2","5","7","60","36","71","341","223","666","C4021781"
"3107","2","5","7","34","52","119","395","549","674","C4021785"
"1161","2","3","12","41","116","268","434","468","213","C4021785"
"23495","2","3","12","41","219","339","156","568","697","C4021785"
"5184","2","3","5","80","81","166","52","105","349","C4021785"
"6347","2","5","7","53","51","119","427","489","416","C4021785"
"9451","2","3","2","110","51","335","226","297","380","C4021785"
"50814","2","3","2","69","221","73","360","86","119","C4021785"
"6566","2","3","2","67","37","316","422","535","660","C4021785"
"23418","2","5","7","53","36","71","177","560","373","C4021785"
"6949","2","3","2","110","85","237","164","390","311","C4021785"
"4292","2","3","12","19","31","261","116","1","86","C4021785"
"23345","2","3","12","19","31","1","426","55","78","C4021785"
"9992","2","5","8","63","36","166","341","110","158","C4021785"
"58157","2","3","8","63","45","118","155","287","116","C4021785"
"2261","2","5","7","53","14","20","25","40","186","C4021785"
"10483","2","3","7","60","54","24","30","46","72","C4021785"
"23230","2","5","7","11","142","71","341","560","219","C4021785"
"6223","2","3","2","110","85","237","433","547","671","C4021787"
"5727","2","3","12","68","221","197","259","560","422","C4021787"
"1861","2","5","7","60","14","184","341","544","669","C4021787"
"5961","2","5","7","27","51","326","126","414","702","C4021787"
"2719","2","5","7","53","51","342","454","573","492","C4021787"
"10269","2","3","2","48","182","50","119","444","556","C4021789"
"1144","2","5","8","27","70","99","162","216","290","C4021789"
"5339","2","5","7","53","51","342","454","573","492","C4021789"
"1401","2","5","7","53","51","119","395","573","492","C4021789"
"7124","2","3","12","41","219","339","156","568","697","C4021790"
"6817","2","3","2","37","105","92","113","154","201","C4021790"
"1778","2","3","7","76","153","40","38","54","75","C4021790"
"2138","2","3","12","19","31","1","426","55","78","C4021790"
"582","2","3","12","76","153","76","38","54","75","C4021790"
"51364","2","3","6","11","142","225","142","220","298","C4021790"
"10939","2","3","2","48","170","50","119","444","593","C4021790"
"1482","2","3","3","19","221","321","428","541","667","C4021790"
"51","2","3","5","43","151","276","91","433","482","C4021790"
"2332","2","3","2","22","33","71","373","466","609","C4021790"
"3981","2","3","12","19","31","261","116","1","86","C4021790"
"5116","2","3","12","76","153","40","38","54","75","C4021792"
"9569","2","3","12","19","31","276","91","433","118","C4021792"
"9095","2","5","7","53","51","335","444","560","373","C4021792"
"5624","2","5","7","53","51","342","454","573","492","C4021792"
"4000","2","3","12","26","105","178","226","297","156","C4021792"
"6899","2","5","7","53","184","335","259","560","373","C4021792"
"220296","2","5","7","53","51","119","444","549","674","C4021792"
"54386","2","3","12","19","31","261","116","1","78","C4021792"
"30061","2","3","5","25","44","165","101","274","358","C4021792"
"51715","2","5","7","60","54","24","30","46","72","C4021792"
"1280","2","5","7","53","51","342","454","573","492","C4021792"
"54982","2","3","2","48","170","50","399","167","593","C4021792"
"27125","2","3","12","19","31","261","116","159","211","C4021792"
"2006","2","5","7","53","51","342","454","573","492","C4021792"
"2719","2","5","7","53","51","342","454","573","492","C4021796"
"6655","2","5","7","60","54","24","30","46","72","C4021796"
"4704","2","3","2","48","170","50","119","444","556","C4021796"
"7157","2","3","12","19","31","261","402","489","551","C4021796"
"6231","2","3","2","110","85","237","433","547","671","C4021797"
"8547","2","5","7","53","51","342","454","573","492","C4021797"
"7128","2","3","12","41","219","339","156","568","697","C4021797"
"3549","2","5","3","53","51","197","259","560","422","C4021797"
"72","2","5","8","63","45","23","103","464","187","C4021797"
"2235","2","3","2","17","24","51","132","175","473","C4021797"
"4541","2","3","2","48","170","50","119","444","24","C4021797"
"4318","2","5","7","34","52","216","395","573","492","C4021797"
"6424","2","5","7","53","51","342","454","573","492","C4021797"
"7015","2","3","12","19","31","1","426","55","78","C4021797"
"4221","2","3","12","19","31","342","454","573","492","C4021797"
"2290","2","3","3","19","221","321","428","541","667","C4021797"
"7157","2","3","12","19","31","261","402","489","551","C4021797"
"271","2","3","5","33","6","241","233","304","386","C4021797"
"4591","2","3","12","41","116","268","434","468","213","C4021797"
"3481","2","5","7","53","51","342","454","573","492","C4021797"
"22995","2","3","12","76","153","40","38","54","75","C4021797"
"3932","2","5","7","53","14","20","25","40","186","C4021797"
"7010","2","5","7","53","14","20","25","40","186","C4021797"
"3675","2","5","7","53","51","342","454","573","492","C4021799"
"7051","2","1","6","11","142","225","142","220","298","C4021799"
"10483","2","3","7","60","54","24","30","46","72","C4021799"
"3594","2","5","7","53","51","119","25","560","373","C4021799"
"4137","2","3","7","27","36","150","341","223","628","C4021799"
"7390","2","3","5","80","81","166","132","175","473","C4021799"
"1813","2","5","4","68","96","326","427","548","672","C4021799"
"6736","2","3","12","19","31","276","91","433","667","C4021799"
"4049","2","3","12","41","219","339","156","568","697","C4021800"
"54756","2","5","7","41","219","238","118","543","214","C4021800"
"7432","2","5","4","68","96","326","427","548","672","C4021800"
"5447","2","3","5","91","214","271","372","471","586","C4021800"
"8200","2","5","7","53","51","342","259","423","389","C4021800"
"1760","2","5","8","63","14","20","34","540","68","C4021800"
"23414","2","3","12","19","31","118","155","287","116","C4021800"
"6524","2","5","8","45","94","199","240","415","666","C4021800"
"22827","2","3","2","22","33","323","66","101","136","C4021800"
"3576","2","5","4","68","96","326","427","548","672","C4021800"
"1991","2","5","7","34","52","216","395","549","674","C4021800"
"4692","2","5","7","53","51","119","402","489","416","C4021800"
"4313","2","5","7","53","51","342","454","573","492","C4021800"
"1513","2","5","7","53","51","342","454","573","492","C4021800"
"2737","2","3","12","19","116","321","428","54","667","C4021800"
"1311","2","5","7","53","51","342","454","573","492","C4021800"
"545","2","3","12","19","31","261","116","1","86","C4021800"
"2776","2","5","4","68","96","326","427","548","672","C4021800"
"6329","2","5","8","63","36","166","341","390","158","C4021800"
"3592","2","5","7","53","51","119","25","489","416","C4021800"
"5193","2","3","5","43","161","305","409","208","482","C4021800"
"1804","2","5","7","27","36","150","341","223","628","C4021800"
"538","2","3","8","63","45","23","103","464","187","C4021800"
"10228","2","5","7","60","54","24","98","66","203","C4021800"
"6885","2","3","12","41","219","339","156","568","697","C4021800"
"4750","2","5","12","76","14","20","34","540","68","C4021800"
"7490","2","3","3","19","221","321","428","541","667","C4021800"
"54820","2","3","12","76","153","40","38","54","75","C4021800"
"50511","2","3","12","19","31","1","426","55","78","C4021800"
"8600","2","5","7","41","219","339","156","568","697","C4021800"
"1848","2","3","5","42","81","296","399","201","274","C4021800"
"3240","2","5","7","34","52","216","395","549","674","C4021801"
"440","2","3","2","101","62","189","182","509","154","C4021801"
"1284","2","5","7","53","51","342","454","573","492","C4021801"
"2130","2","3","2","22","33","323","66","491","609","C4021801"
"930","2","5","7","53","14","119","25","40","186","C4021806"
"54903","2","3","12","76","153","40","38","54","75","C4021806"
"50940","2","3","4","68","96","326","427","548","672","C4021806"
"51651","2","3","12","41","219","339","156","568","605","C4021806"
"4595","2","3","12","19","31","261","116","1","86","C4021806"
"55505","2","3","2","110","85","237","433","547","671","C4021808"
"3981","2","3","12","19","31","261","116","1","86","C4021808"
"3872","2","1","6","11","142","225","142","220","298","C4021808"
"6663","2","3","3","19","221","321","428","541","667","C4021808"
"1290","2","5","7","53","51","342","454","573","492","C4021808"
"2316","2","5","7","53","51","342","454","573","702","C4021809"
"3717","2","5","7","53","14","20","25","40","186","C4021809"
"4988","2","5","4","68","96","326","427","548","672","C4021812"
"2332","2","3","2","22","33","71","373","466","609","C4021812"
"7048","2","5","7","53","51","342","259","423","389","C4021813"
"9049","2","3","3","41","151","276","378","271","356","C4021813"
"4088","2","3","12","19","219","339","259","423","605","C4021813"
"8139","2","3","12","41","116","268","434","468","213","C4021813"
"26229","2","3","2","74","205","191","396","408","257","C4021813"
"356","2","5","7","53","219","339","25","489","697","C4021813"
"1832","2","5","7","34","52","225","142","220","298","C4021813"
"26580","2","5","8","27","70","99","162","216","290","C4021813"
"1134","2","5","8","27","70","99","162","216","290","C4021813"
"579","2","3","3","19","221","321","428","541","667","C4021813"
"6347","2","5","7","53","51","119","427","489","416","C4021813"
"4010","2","3","3","19","221","321","428","541","667","C4021813"
"9742","2","3","12","76","153","40","38","54","75","C4021813"
"3763","2","5","8","63","36","166","106","110","158","C4021813"
"9496","2","5","6","11","142","225","142","220","673","C4021813"
"4939","2","5","7","53","184","119","156","287","116","C4021813"
"55670","2","3","5","43","161","305","409","208","482","C4021813"
"1280","2","5","7","53","51","342","454","573","492","C4021813"
"2780","2","5","4","68","96","326","427","548","672","C4021814"
"3575","2","5","7","53","51","184","341","544","669","C4021814"
"1280","2","5","7","53","51","342","454","573","492","C4021814"
"55072","2","3","12","41","219","339","156","568","697","C4021815"
"2261","2","5","7","53","14","20","25","40","186","C4021815"
"2317","2","5","7","63","45","23","103","287","664","C4021815"
"1292","2","5","7","53","51","342","454","573","492","C4021815"
"3730","2","5","7","53","14","20","25","40","186","C4021815"
"5190","2","3","5","43","161","305","409","208","482","C4021815"
"6662","2","3","3","19","221","321","428","541","667","C4021815"
"6340","2","5","8","63","45","23","34","464","187","C4021815"
"1497","2","5","2","63","182","50","103","297","628","C4021815"
"5308","2","3","3","19","221","321","428","541","667","C4021815"
"641","2","3","12","19","31","261","116","1","86","C4021815"
"29954","2","5","2","27","206","324","430","215","290","C4021815"
"860","2","3","12","19","31","276","91","433","118","C4021815"
"1736","2","3","2","110","85","237","433","547","671","C4021815"
"1387","2","3","12","19","31","276","91","433","118","C4021815"
"9126","2","3","12","76","153","40","38","54","75","C4021815"
"1145","2","5","8","27","70","99","162","216","290","C4021815"
"7415","2","3","7","34","52","216","395","536","445","C4021821"
"5896","2","3","12","41","116","268","434","568","605","C4021821"
"54332","2","3","2","60","170","40","98","66","203","C4021821"
"5071","2","3","12","41","116","268","434","468","213","C4021821"
"2539","2","3","2","48","57","110","141","359","383","C4021821"
"10804","2","3","12","76","153","40","38","54","75","C4021821"
"51082","2","3","2","19","31","1","426","55","78","C4021821"
"7850","2","3","12","41","219","119","156","568","697","C4021821"
"10892","2","5","7","53","219","119","156","568","697","C4021821"
"2261","2","5","7","53","14","20","25","40","186","C4021821"
"5340","2","5","7","53","51","342","454","573","492","C4021821"
"2778","2","5","4","68","96","326","427","548","672","C4021821"
"22995","2","3","12","76","153","40","38","54","75","C4021821"
"10491","2","5","7","53","51","342","454","573","492","C4021821"
"2720","2","3","7","34","52","216","395","21","599","C4021821"
"23592","2","3","12","26","105","342","259","423","389","C4021821"
"4854","2","5","7","53","51","143","428","236","667","C4021821"
"440","2","3","2","101","62","189","182","509","154","C4021821"
"554","2","5","4","68","96","326","427","548","672","C4021821"
"3845","2","5","7","60","54","24","30","46","72","C4021821"
"55630","2","3","5","27","81","99","162","216","290","C4021821"
"3119","2","5","7","53","153","119","156","287","116","C4021822"
"2218","2","5","2","53","123","194","255","560","373","C4021822"
"3561","2","5","7","53","14","20","25","40","186","C4021822"
"4436","2","3","12","19","31","261","116","1","86","C4021822"
"5155","2","5","7","53","51","342","454","573","186","C4021822"
"54585","2","3","12","76","153","76","38","54","75","C4021822"
"2720","2","3","7","34","52","216","395","21","599","C4021822"
"3764","2","5","8","63","36","166","106","110","158","C4021822"
"546","2","3","12","19","31","261","426","1","86","C4021823"
"6778","2","5","7","53","51","119","25","489","416","C4021823"
"2657","2","5","7","53","51","342","259","423","389","C4021823"
"3717","2","5","7","53","14","20","25","40","186","C4021823"
"26191","2","5","7","53","14","20","25","40","186","C4021823"
"2492","2","5","4","68","96","326","427","548","672","C4021823"
"8878","2","3","12","41","219","339","156","568","697","C4021823"
"410","2","3","7","34","52","216","395","549","674","C4021823"
"1499","2","3","12","19","221","197","259","560","422","C4021823"
"8022","2","3","3","110","85","321","428","541","667","C4021826"
"51135","2","3","12","53","219","20","156","568","697","C4021826"
"3977","2","5","7","53","51","119","25","40","416","C4021826"
"5077","2","3","3","19","221","321","428","541","667","C4021826"
"2077","2","3","12","76","153","40","38","54","75","C4021826"
"9927","2","3","12","19","31","118","155","287","116","C4021826"
"3858","2","1","6","11","142","225","142","220","298","C4021826"
"3852","2","1","6","11","142","225","142","220","298","C4021849"
"673","2","5","7","53","14","20","34","540","68","C4021849"
"3073","2","3","5","105","155","250","291","152","420","C4021849"
"5428","2","3","2","48","170","50","119","167","593","C4021849"
"1585","2","3","5","79","159","256","351","100","589","C4021849"
"10939","2","3","2","48","170","50","119","444","593","C4021849"
"4255","2","3","12","19","31","261","116","1","86","C4021849"
"6535","2","5","8","45","94","199","240","415","666","C4021882"
"116519","2","5","7","53","51","342","454","573","492","C4021882"
"8139","2","3","12","41","116","268","434","468","213","C4021883"
"5144","2","3","4","68","96","326","427","548","672","C4021883"
"5020","2","5","4","68","96","326","427","548","672","C4021899"
"4041","2","5","3","68","221","197","259","560","422","C4021899"
"55703","2","3","2","22","33","261","116","159","211","C4021910"
"554","2","5","4","68","96","326","427","548","672","C4021910"
"79026","2","5","7","42","36","71","177","223","219","C4021910"
"7048","2","5","7","53","51","342","259","423","389","C4021910"
"2260","2","5","7","53","14","20","25","40","186","C4021910"
"8912","2","5","8","63","36","166","306","390","158","C4021956"
"538","2","3","8","63","45","23","103","464","187","C4021956"
"55112","2","3","12","76","153","40","38","54","75","C4021956"
"204","2","3","4","72","109","182","235","307","506","C4021956"
"60675","2","5","4","68","96","326","427","548","672","C4021956"
"22909","2","3","12","19","31","261","116","1","86","C4021956"
"3561","2","5","7","53","14","20","25","40","186","C4021956"
"7015","2","3","12","19","31","1","426","55","78","C4021956"
"6303","2","3","2","67","118","160","261","188","423","C4021956"
"6492","2","3","3","19","151","276","91","433","118","C4021956"
"10269","2","3","2","48","182","50","119","444","556","C4021956"
"5733","2","5","4","68","96","326","427","548","672","C4021956"
"3558","2","5","7","53","14","20","25","40","186","C4021956"
"7466","2","5","7","53","51","342","454","573","492","C4021956"
"861","2","3","12","19","31","1","426","55","78","C4021956"
"22995","2","3","12","76","153","40","38","54","75","C4021956"
"3339","2","5","7","53","51","342","454","573","492","C4021956"
"7319","2","3","12","41","116","268","434","468","213","C4021956"
"6469","2","5","3","53","221","197","259","560","422","C4021956"
"25836","2","3","12","76","153","40","38","54","75","C4021956"
"8891","2","3","2","110","85","237","433","547","671","C4021956"
"629","2","5","7","53","51","119","395","549","674","C4021956"
"9928","2","3","12","76","153","40","38","54","75","C4021956"
"4695","2","3","2","48","170","50","119","444","556","C4021956"
"6915","2","5","4","68","96","326","427","548","672","C4021956"
"3123","2","5","7","53","51","119","156","287","116","C4021956"
"6324","2","5","7","63","36","166","341","223","158","C4021956"
"10105","2","3","2","48","170","50","304","167","593","C4021956"
"8260","2","3","12","41","85","266","76","287","78","C4021956"
"2710","2","3","2","72","43","179","88","125","382","C4021956"
"53834","2","5","7","53","51","342","454","573","492","C4021956"
"4900","2","5","7","27","36","150","341","223","628","C4021957"
"9469","2","3","2","103","189","303","29","475","467","C4021957"
"30813","2","3","3","19","221","321","428","541","667","C4021957"
"1387","2","3","12","19","31","276","91","433","118","C4021957"
"7399","2","5","7","53","51","342","454","573","492","C4021959"
"5159","2","5","7","53","14","20","25","40","186","C4021959"
"7046","2","3","12","41","219","339","259","423","605","C4021959"
"79001","2","5","2","48","52","342","240","569","666","C4021959"
"1493","2","5","7","53","51","119","25","40","186","C4021971"
"4536","2","3","2","48","170","50","119","444","556","C4021971"
"7098","2","5","7","41","219","339","156","568","697","C4021971"
"2350","2","5","5","27","51","335","444","560","373","C4021972"
"846","2","5","4","68","96","326","427","548","672","C4021972"
"1674","2","5","8","63","45","23","103","464","187","C4021972"
"23418","2","5","7","53","36","71","177","560","373","C4021972"
"966","2","5","7","34","52","216","395","549","674","C4021972"
"4129","2","3","5","63","63","120","197","203","350","C4021972"
"941","2","5","7","53","51","119","25","40","186","C4021972"
"2956","2","3","12","19","31","261","116","1","86","C4021972"
"100","2","3","5","33","21","47","56","80","199","C4021972"
"53834","2","5","7","53","51","342","454","573","492","C4021972"
"30813","2","3","3","19","221","321","428","541","667","C4021972"
"627","2","5","7","53","51","335","444","423","373","C4021972"
"4306","2","3","3","19","151","276","91","433","118","C4021972"
"701","2","3","12","76","153","40","38","54","75","C4021972"
"3674","2","5","7","53","51","342","454","573","492","C4021972"
"2260","2","5","7","53","14","20","25","40","186","C4021973"
"207","2","3","7","53","14","20","34","489","416","C4021973"
"4000","2","3","12","26","105","178","226","297","156","C4021975"
"2668","2","5","7","53","14","20","25","40","186","C4021975"
"6687","2","3","2","48","170","50","119","444","593","C4021975"
"7276","2","5","7","34","52","216","395","549","674","C4021975"
"4000","2","3","12","26","105","178","226","297","156","C4021975"
"7454","2","5","7","60","14","20","25","40","215","C4021975"
"3981","2","3","12","19","31","261","116","1","86","C4021975"
"5993","2","3","12","19","31","1","426","55","78","C4021975"
"2263","2","5","7","53","14","20","25","40","186","C4021975"
"1305","2","5","7","53","51","342","454","573","492","C4021975"
"7531","2","3","2","48","170","110","329","251","533","C4021976"
"1848","2","3","5","42","81","296","399","201","274","C4021976"
"2177","2","3","2","110","90","261","431","545","443","C4021976"
"4853","2","3","12","19","124","143","428","236","667","C4021976"
"54880","2","3","12","19","31","1","426","55","78","C4021976"
"55102","2","3","12","76","153","266","367","500","462","C4021976"
"25778","2","3","2","41","51","138","79","160","385","C4021976"
"51156","2","5","7","53","51","342","454","573","492","C4021976"
"9723","2","5","7","53","51","342","79","560","373","C4021976"
"4088","2","3","12","19","219","339","259","423","605","C4021976"
"715","2","5","7","53","51","119","395","549","674","C4021976"
"3725","2","3","12","19","31","261","116","336","152","C4021976"
"1285","2","5","7","53","51","342","454","573","492","C4021976"
"3930","2","3","2","22","33","323","66","3","464","C4021976"
"1475","2","1","6","11","142","225","142","220","298","C4021977"
"23166","2","5","7","53","51","342","395","549","674","C4021977"
"4137","2","3","7","27","36","150","341","223","628","C4021977"
"1663","2","3","12","76","105","178","226","297","380","C4021977"
"1690","2","5","7","27","51","342","454","573","492","C4021977"
"3569","2","5","7","53","51","342","454","573","416","C4021977"
"25861","2","5","7","42","36","71","177","223","219","C4021977"
"6331","2","5","8","63","36","166","341","223","158","C4021977"
"6334","2","5","8","63","36","166","341","223","158","C4021977"
"25942","2","3","12","19","31","1","426","55","78","C4021977"
"3028","2","3","2","67","92","152","32","252","154","C4021977"
"9569","2","3","12","19","31","276","91","433","118","C4021977"
"6712","2","5","7","60","153","40","341","223","203","C4021977"
"5966","2","3","12","41","219","339","156","568","621","C4021984"
"55062","2","3","2","48","57","110","141","359","462","C4021984"
"1585","2","3","5","79","159","256","351","100","589","C4021984"
"5594","2","5","7","34","14","20","34","540","274","C4021986"
"2475","2","3","2","48","57","110","141","359","462","C4021986"
"2033","2","3","12","19","31","1","91","433","118","C4021998"
"56916","2","3","12","76","153","40","38","54","75","C4021998"
"6911","2","5","6","19","142","335","259","560","373","C4021998"
"2719","2","5","7","53","51","342","454","573","492","C4021998"
"4538","2","3","2","48","170","50","119","444","556","C4021998"
"8600","2","5","7","41","219","339","156","568","697","C4021998"
"7555","2","3","2","110","85","237","433","547","671","C4021998"
"8481","2","3","12","76","153","40","38","54","75","C4021998"
"3930","2","3","2","22","33","323","66","3","464","C4021998"
"2554","2","5","8","27","70","99","162","216","290","C4021998"
"9782","2","3","2","22","33","323","66","101","136","C4022001"
"7124","2","3","12","41","219","339","156","568","697","C4022001"
"10049","2","3","12","22","219","339","347","271","356","C4022001"
"2253","2","5","7","53","14","20","25","40","186","C4022001"
"10907","2","3","2","22","33","323","66","101","136","C4022001"
"6495","2","3","3","19","221","321","428","541","667","C4022001"
"4514","2","3","2","48","57","110","141","359","5","C4022003"
"8626","2","3","3","19","221","321","428","541","667","C4022003"
"4609","2","3","12","19","31","1","160","107","416","C4022003"
"658","2","5","7","53","51","342","259","423","389","C4022003"
"4976","2","3","2","48","170","50","119","444","556","C4022003"
"5602","2","3","12","19","14","150","34","540","68","C4022003"
"4853","2","3","12","19","124","143","428","236","667","C4022003"
"54982","2","3","2","48","170","50","399","167","593","C4022003"
"24","2","3","12","41","116","268","423","536","445","C4022003"
"4868","2","5","7","53","51","335","25","560","373","C4022003"
"5336","2","3","7","53","14","20","25","40","215","C4022003"
"3479","2","5","7","53","51","342","454","573","492","C4022003"
"9187","2","5","8","45","94","199","240","415","666","C4022003"
"54808","2","3","12","76","153","40","38","54","75","C4022003"
"4593","2","5","7","53","14","20","454","573","492","C4022003"
"51025","2","3","2","48","170","50","304","167","593","C4022003"
"25978","2","3","2","48","57","110","141","359","462","C4022012"
"10653","2","5","7","68","51","114","162","321","475","C4022012"
"5053","2","3","5","80","81","166","236","308","390","C4022012"
"23590","2","3","2","48","170","50","119","444","556","C4022012"
"2719","2","5","7","53","51","342","454","573","492","C4022012"
"6347","2","5","7","53","51","119","427","489","416","C4022012"
"5296","2","5","7","53","14","20","25","40","186","C4022012"
"8091","2","3","12","110","109","22","262","129","638","C4022012"
"6845","2","5","7","60","14","184","341","544","669","C4022012"
"8074","2","5","7","53","14","20","25","40","186","C4022012"
"3284","2","3","2","69","98","169","299","183","243","C4022012"
"7476","2","5","3","68","221","197","259","560","422","C4022012"
"673","2","5","7","53","14","20","34","540","68","C4022012"
"4671","2","3","12","41","219","339","156","568","697","C4022012"
"8214","2","3","6","11","142","225","142","220","298","C4022012"
"25814","2","3","2","48","170","110","119","444","462","C4022012"
"50485","2","3","12","19","31","261","116","1","86","C4022012"
"4668","2","3","5","21","111","188","242","313","396","C4022012"
"8626","2","3","3","19","221","321","428","541","667","C4022012"
"1188","2","5","8","63","45","23","34","464","187","C4022012"
"7173","2","3","5","36","48","89","110","400","400","C4022012"
"6341","2","3","2","48","170","50","119","444","556","C4022012"
"9469","2","3","2","103","189","303","29","475","467","C4022012"
"2099","2","3","12","19","151","276","91","433","118","C4022012"
"9968","2","4","3","24","119","330","214","454","144","C4022015"
"8517","2","3","12","41","219","339","156","568","697","C4022015"
"23767","2","5","7","53","14","20","25","40","186","C4022020"
"1497","2","5","2","63","182","50","103","297","628","C4022020"
"2776","2","5","4","68","96","326","427","548","672","C4022020"
"29954","2","5","2","27","206","324","430","215","290","C4022020"
"2773","2","5","4","68","96","326","427","548","672","C4022020"
"2316","2","5","7","53","51","342","454","573","702","C4022020"
"1583","2","3","5","79","152","273","375","100","589","C4022020"
"6323","2","5","8","63","36","166","341","390","158","C4022020"
"6391","2","3","2","48","170","50","119","444","556","C4022020"
"1298","2","5","7","53","51","342","454","573","492","C4022020"
"4929","2","3","3","19","151","276","91","433","118","C4022020"
"3077","2","5","7","53","51","119","395","549","674","C4022020"
"3265","2","5","7","60","54","24","30","46","72","C4022020"
"207","2","3","7","53","14","20","34","489","416","C4022020"
"7043","2","5","7","53","51","342","454","573","492","C4022024"
"5932","2","3","12","19","31","261","116","1","86","C4022024"
"1280","2","5","7","53","51","342","454","573","492","C4022024"
"4990","2","3","3","19","221","321","428","541","667","C4022025"
"367","2","3","12","19","31","276","91","433","118","C4022025"
"2697","2","3","7","76","153","40","38","54","75","C4022025"
"6655","2","5","7","60","54","24","30","46","72","C4022025"
"51741","2","3","2","22","33","323","66","101","127","C4022025"
"2629","2","3","5","80","81","250","291","152","420","C4022031"
"134","2","5","4","68","96","326","427","548","672","C4022031"
"846","2","5","4","68","96","326","427","548","672","C4022031"
"7476","2","5","3","68","221","197","259","560","422","C4022031"
"847","2","3","7","34","52","216","395","549","674","C4022107"
"1106","2","3","12","19","31","1","426","55","78","C4022107"
"4338","2","3","2","110","85","75","204","267","352","C4022157"
"7273","2","5","7","53","51","342","103","464","702","C4022157"
"6736","2","3","12","19","31","276","91","433","667","C4022159"
"4747","2","5","7","27","36","150","341","223","628","C4022159"
"10479","2","5","7","27","36","150","341","223","628","C4022159"
"6121","2","3","2","69","83","101","126","170","224","C4022159"
"1280","2","5","7","53","51","342","454","573","492","C4022169"
"3172","2","3","3","19","151","276","91","433","118","C4022169"
"7454","2","5","7","60","14","20","25","40","215","C4022183"
"2317","2","5","7","63","45","23","103","287","664","C4022183"
"3915","2","5","7","53","51","342","454","573","492","C4022386"
"51079","2","3","2","48","170","50","119","444","556","C4022386"
"652","2","5","7","53","51","342","454","573","492","C4022386"
"2982","2","3","4","68","96","326","427","548","672","C4022386"
"10243","2","3","2","27","91","71","204","267","352","C4022386"
"1356","2","3","7","53","51","342","454","573","492","C4022386"
"2990","2","3","7","34","52","216","395","549","674","C4022386"
"2778","2","5","4","68","96","326","427","548","672","C4022386"
"3949","2","5","7","60","14","184","341","544","669","C4022448"
"2542","2","3","5","80","81","296","399","500","577","C4022448"
"6775","2","5","7","53","14","119","25","40","186","C4022448"
"4041","2","5","3","68","221","197","259","560","422","C4022448"
"4539","2","3","2","53","184","86","107","560","195","C4022448"
"5830","2","3","5","43","161","305","409","208","482","C4022448"
"5631","2","3","2","72","119","109","266","336","452","C4022448"
"2177","2","3","2","110","90","261","431","545","443","C4022546"
"7403","2","3","12","19","31","1","426","55","78","C4022546"
"4221","2","3","12","19","31","342","454","573","492","C4022547"
"9364","2","5","7","60","54","24","30","46","72","C4022547"
"7227","2","3","12","19","31","276","91","433","118","C4022547"
"2627","2","3","12","19","31","118","155","287","116","C4022554"
"23545","2","3","5","29","88","132","85","222","346","C4022554"
"7476","2","5","3","68","221","197","259","560","422","C4022554"
"1301","2","5","7","53","51","342","454","573","492","C4022587"
"5830","2","3","5","43","161","305","409","208","482","C4022587"
"54499","2","3","2","48","170","50","119","444","593","C4022587"
"5080","2","3","3","19","221","321","428","541","667","C4022587"
"6945","2","3","12","19","31","110","141","488","102","C4022587"
"860","2","3","12","19","31","276","91","433","118","C4022587"
"2592","2","3","2","68","117","196","257","326","419","C4022587"
"8443","2","3","5","43","161","305","409","208","482","C4022587"
"5167","2","3","5","32","93","163","207","303","126","C4022587"
"6648","2","3","2","95","151","160","378","173","229","C4022587"
"25814","2","3","2","48","170","110","119","444","462","C4022587"
"10020","2","3","2","89","124","204","42","452","258","C4022587"
"26227","2","3","2","41","137","44","208","81","108","C4022587"
"55505","2","3","2","110","85","237","433","547","671","C4022587"
"367","2","3","12","19","31","276","91","433","118","C4022587"
"81839","2","3","2","41","36","71","259","64","422","C4022587"
"26503","2","3","2","89","124","204","272","347","442","C4022587"
"729330","2","5","2","67","92","293","55","75","205","C4022587"
"5727","2","3","12","68","221","197","259","560","422","C4022587"
"8600","2","5","7","41","219","339","156","568","697","C4022587"
"9361","2","3","2","48","170","50","119","444","556","C4022587"
"3984","2","5","7","53","14","20","34","540","68","C4022587"
"2263","2","5","7","53","14","20","25","40","186","C4022587"
"59","2","5","8","63","45","23","103","464","187","C4022587"
"54567","2","5","7","53","51","143","428","236","667","C4022587"
"10342","2","3","7","60","219","40","202","66","203","C4022587"
"8200","2","5","7","53","51","342","259","423","389","C4022587"
"4893","2","5","7","34","52","24","30","46","72","C4022587"
"22909","2","3","12","19","31","261","116","1","86","C4022588"
"7809","2","5","8","63","45","23","34","464","187","C4022588"
"5745","2","5","4","68","96","326","427","548","672","C4022588"
"23746","2","3","12","41","83","101","126","271","356","C4022588"
"4998","2","3","12","76","31","261","116","1","86","C4022588"
"6445","2","5","8","63","45","23","103","464","187","C4022588"
"2218","2","5","2","53","123","194","255","560","373","C4022588"
"4878","2","3","12","19","31","1","426","55","78","C4022588"
"5781","2","5","7","53","14","20","25","40","186","C4022588"
"7249","2","3","7","60","57","110","141","359","462","C4022588"
"5830","2","3","5","43","161","305","409","208","482","C4022588"
"6662","2","3","3","19","221","321","428","541","667","C4022588"
"51715","2","5","7","60","54","24","30","46","72","C4022588"
"779","2","5","8","63","36","166","341","390","158","C4022588"
"6662","2","3","3","19","221","321","428","541","667","C4022588"
"54187","2","3","5","80","81","296","272","452","148","C4022588"
"546","2","3","12","19","31","261","426","1","86","C4022588"
"215","2","3","5","47","144","185","238","310","392","C4022588"
"4791","2","3","12","41","219","339","156","568","697","C4022588"
"2033","2","3","12","19","31","1","91","433","118","C4022588"
"51761","2","5","8","63","45","23","103","464","187","C4022588"
"4286","2","3","12","19","31","261","116","1","664","C4022588"
"4629","2","5","8","63","45","23","103","464","187","C4022588"
"130340","2","5","7","60","153","184","341","544","669","C4022588"
"22858","2","3","7","53","14","20","34","540","68","C4022588"
"2624","2","3","12","19","31","1","155","287","116","C4022588"
"7157","2","3","12","19","31","261","402","489","551","C4022588"
"875","2","3","5","80","137","44","21","451","316","C4022588"
"6017","2","3","2","69","83","101","126","170","224","C4022675"
"271","2","3","5","33","6","241","233","304","386","C4022675"
"4126","2","3","7","34","52","216","395","549","674","C4022675"
"55670","2","3","5","43","161","305","409","208","482","C4022675"
"871","2","5","7","53","51","342","454","573","492","C4022675"
"5193","2","3","5","43","161","305","409","208","482","C4022675"
"23534","2","3","2","22","33","323","66","101","136","C4022675"
"54551","2","3","12","41","219","197","156","568","422","C4022675"
"7066","2","5","7","53","51","119","25","573","416","C4022675"
"3040","2","5","5","53","51","342","40","78","178","C4022675"
"9451","2","3","2","110","51","335","226","297","380","C4022675"
"2542","2","3","5","80","81","296","399","500","577","C4022675"
"5122","2","5","4","27","36","184","141","359","411","C4022675"
"4846","2","3","5","41","219","75","243","44","64","C4022676"
"22909","2","3","12","19","31","261","116","1","86","C4022676"
"4983","2","5","7","60","54","24","30","46","72","C4022676"
"11005","2","1","6","11","142","225","142","220","298","C4022695"
"1280","2","5","7","53","51","342","454","573","492","C4022695"
"2705","2","3","12","76","153","40","38","54","75","C4022707"
"1584","2","3","5","79","159","256","276","353","456","C4022707"
"3663","2","3","12","53","184","119","156","287","116","C4022729"
"23064","2","3","6","11","31","261","142","220","664","C4022729"
"6197","2","3","12","19","14","20","34","540","68","C4022754"
"2719","2","5","7","53","51","342","454","573","492","C4022754"
"26610","2","3","12","19","31","1","426","55","78","C4022754"
"84947","2","3","2","45","81","217","128","172","110","C4022754"
"5376","2","5","7","53","51","342","454","573","492","C4022798"
"26608","2","3","2","22","170","50","119","463","153","C4022798"
"54808","2","3","12","76","153","40","38","54","75","C4022798"
"4548","2","3","2","15","85","105","139","186","245","C4022798"
"847","2","3","7","34","52","216","395","549","674","C4022798"
"1290","2","5","7","53","51","342","454","573","492","C4022798"
"6392","2","3","2","48","170","50","119","444","556","C4022798"
"3265","2","5","7","60","54","24","30","46","72","C4022798"
"7015","2","3","12","19","31","1","426","55","78","C4022798"
"3115","2","5","7","53","184","119","156","287","116","C4022810"
"7415","2","3","7","34","52","216","395","536","445","C4022810"
"1376","2","3","2","19","151","276","91","433","118","C4022846"
"5696","2","3","12","41","116","268","156","568","116","C4022846"
"50964","2","5","3","68","221","197","259","423","422","C4022848"
"3549","2","5","3","53","51","197","259","560","422","C4022848"
"857","2","5","7","53","45","23","57","83","422","C4022858"
"3295","2","3","5","43","161","305","409","208","482","C4022858"
"118856","2","5","7","53","51","342","454","573","492","C4022878"
"5428","2","3","2","48","170","50","119","167","593","C4022878"
"4017","2","3","2","53","51","342","454","573","492","C4022878"
"8644","2","3","2","46","175","227","167","224","301","C4022878"
"3098","2","3","2","90","167","266","367","500","577","C4022878"
"389549","2","3","8","19","70","99","162","216","290","C4022878"
"7486","2","3","12","19","31","261","116","1","86","C4022878"
"1103","2","3","2","67","92","293","55","75","311","C4022878"
"10907","2","3","2","22","33","323","66","101","136","C4022878"
"2896","2","5","7","34","52","216","395","549","674","C4022878"
"54332","2","3","2","60","170","40","98","66","203","C4022878"
"4846","2","3","5","41","219","75","243","44","64","C4022878"
"2120","2","3","12","19","31","193","306","148","624","C4022878"
"3026","2","5","7","68","51","119","395","549","674","C4022891"
"2538","2","3","5","90","216","333","438","561","689","C4022891"
"51185","2","3","2","22","33","323","66","101","136","C4022947"
"1191","2","5","7","53","51","342","454","573","702","C4022947"
"2702","2","3","12","76","153","40","38","54","75","C4022947"
"4514","2","3","2","48","57","110","141","359","5","C4022947"
"7476","2","5","3","68","221","197","259","560","422","C4022983"
"3440","2","3","12","19","184","118","155","287","116","C4022983"
"5149","2","3","5","68","38","16","477","596","725","C4022995"
"847","2","3","7","34","52","216","395","549","674","C4022995"
"5428","2","3","2","48","170","50","119","167","593","C4022995"
"3972","2","5","4","68","96","326","427","548","672","C4022995"
"190","2","3","3","19","151","276","91","433","118","C4022995"
"5015","2","3","3","19","221","321","428","541","667","C4022995"
"28952","2","3","12","41","116","268","434","468","213","C4022995"
"29893","2","3","12","19","31","1","426","55","78","C4022995"
"2706","2","3","12","76","153","40","38","54","75","C4022995"
"26191","2","5","7","53","14","20","25","40","186","C4022995"
"4838","2","5","3","53","221","321","259","423","389","C4022996"
"8242","2","3","12","19","31","1","426","55","78","C4022996"
"23545","2","3","5","29","88","132","85","222","346","C4022996"
"4041","2","5","3","68","221","197","259","560","422","C4022996"
"2778","2","5","4","68","96","326","427","548","672","C4022996"
"55670","2","3","5","43","161","305","409","208","482","C4022996"
"9361","2","3","2","48","170","50","119","444","556","C4022996"
"4609","2","3","12","19","31","1","160","107","416","C4022996"
"5626","2","3","3","19","221","321","428","541","667","C4022996"
"4763","2","5","7","60","54","24","30","46","214","C4022996"
"3690","2","5","7","53","51","342","454","573","492","C4022996"
"1832","2","5","7","34","52","225","142","220","298","C4023004"
"25839","2","5","7","60","153","40","38","66","203","C4023004"
"3190","2","3","2","22","33","323","66","101","136","C4023004"
"27445","2","5","7","60","36","71","341","223","624","C4023004"
"1290","2","5","7","53","51","342","454","573","492","C4023009"
"2263","2","5","7","53","14","20","25","40","186","C4023009"
"29893","2","3","12","19","31","1","426","55","78","C4023026"
"196","2","3","3","19","151","276","91","433","118","C4023026"
"4000","2","3","12","26","105","178","226","297","156","C4023027"
"593","2","3","2","67","92","293","55","75","311","C4023027"
"9215","2","5","2","27","36","150","430","215","628","C4023031"
"25836","2","3","12","76","153","40","38","54","75","C4023031"
"3030","2","3","2","48","57","339","44","65","31","C4023042"
"9247","2","5","7","53","221","197","259","423","389","C4023042"
"8988","2","3","8","63","45","160","103","464","187","C4023042"
"10516","2","5","7","53","51","342","454","573","492","C4023060"
"3593","2","5","7","53","51","119","25","489","416","C4023060"
"3481","2","5","7","53","51","342","454","573","492","C4023060"
"6899","2","5","7","53","184","335","259","560","373","C4023065"
"6335","2","5","8","63","36","166","341","390","158","C4023065"
"2658","2","5","7","53","51","342","259","423","389","C4023068"
"6197","2","3","12","19","14","20","34","540","68","C4023068"
"23322","2","3","12","76","153","40","38","54","75","C4023071"
"5160","2","3","2","67","92","293","55","75","311","C4023071"
"5194","2","3","5","43","161","305","409","208","482","C4023071"
"5428","2","3","2","48","170","50","119","167","593","C4023096"
"23493","2","3","12","19","221","143","428","236","667","C4023096"
"596","2","3","12","19","219","339","402","489","416","C4023101"
"4692","2","5","7","53","51","119","402","489","416","C4023101"
"3852","2","1","6","11","142","225","142","220","298","C4023101"
"60","2","3","12","60","45","184","155","287","78","C4023101"
"5745","2","5","4","68","96","326","427","548","672","C4023101"
"3454","2","5","7","53","184","119","156","287","116","C4023101"
"1487","2","3","12","19","31","1","426","55","340","C4023101"
"471","2","3","5","80","81","61","373","341","142","C4023101"
"3954","2","3","2","48","170","67","119","444","593","C4023101"
"4830","2","3","2","72","109","182","235","307","506","C4023101"
"286","2","5","7","60","153","40","38","54","203","C4023101"
"143689","2","3","2","22","33","323","66","101","136","C4023101"
"8642","2","5","7","53","51","335","444","560","373","C4023101"
"3766","2","5","8","63","36","166","106","110","158","C4023101"
"545","2","3","12","19","31","261","116","1","86","C4023106"
"22931","2","5","7","34","54","24","30","46","72","C4023106"
"3981","2","3","12","19","31","261","116","1","86","C4023106"
"207","2","3","7","53","14","20","34","489","416","C4023106"
"5325","2","3","12","19","31","198","261","146","118","C4023106"
"3481","2","5","7","53","51","342","454","573","492","C4023116"
"3954","2","3","2","48","170","67","119","444","593","C4023116"
"10913","2","3","12","41","219","339","156","568","697","C4023124"
"6709","2","5","7","34","52","216","395","572","158","C4023124"
"1836","2","3","2","35","41","94","260","330","375","C4023133"
"92086","2","3","5","91","59","222","302","386","337","C4023133"
"2332","2","3","2","22","33","71","373","466","609","C4023136"
"6774","2","3","12","53","14","276","25","489","416","C4023136"
"3299","2","3","12","42","81","296","399","201","274","C4023136"
"7486","2","3","12","19","31","261","116","1","86","C4023136"
"10686","2","5","6","42","36","71","177","64","219","C4023137"
"2218","2","5","2","53","123","194","255","560","373","C4023137"
"29887","2","3","7","60","18","110","141","198","270","C4023159"
"23363","2","3","12","41","116","268","434","468","213","C4023159"
"7345","2","3","12","41","116","268","341","223","628","C4023159"
"23495","2","3","12","41","219","339","156","568","697","C4023169"
"2812","2","5","7","53","51","342","454","573","492","C4023169"
"6938","2","3","12","19","31","1","426","55","78","C4023169"
"285590","2","5","7","60","14","20","25","40","215","C4023170"
"658","2","5","7","53","51","342","259","423","389","C4023170"
"5645","2","5","7","34","52","216","395","549","674","C4023170"
"207","2","3","7","53","14","20","34","489","416","C4023175"
"6892","2","3","12","41","116","119","156","568","116","C4023175"
"1629","2","3","2","67","92","293","55","75","311","C4023205"
"5961","2","5","7","27","51","326","126","414","702","C4023205"
"6948","2","5","7","48","51","105","139","186","245","C4023209"
"4613","2","3","12","19","31","1","426","55","78","C4023209"
"1278","2","5","7","53","51","342","454","573","492","C4023211"
"51594","2","3","7","76","153","40","38","54","75","C4023211"
"81848","2","5","7","53","14","20","25","40","186","C4023211"
"54487","2","3","2","22","33","323","66","101","136","C4023211"
"2194","2","3","2","41","219","64","347","2","561","C4023338"
"55572","2","3","2","48","170","50","119","444","556","C4023338"
"4306","2","3","3","19","151","276","91","433","118","C4023338"
"760","2","3","5","35","41","77","40","78","178","C4023338"
"1756","2","5","8","63","45","23","103","464","187","C4023351"
"3845","2","5","7","60","54","24","30","46","72","C4023351"
"29089","2","3","12","41","116","268","434","468","213","C4023383"
"1585","2","3","5","79","159","256","351","100","589","C4023383"
"1293","2","5","7","53","51","342","454","573","492","C4023383"
"6696","2","5","7","53","51","342","454","573","492","C4023383"
"1497","2","5","2","63","182","50","103","297","628","C4023383"
"6390","2","3","2","48","170","50","119","444","556","C4023383"
"3373","2","3","5","80","51","342","454","573","492","C4023383"
"6794","2","3","12","53","14","20","34","540","68","C4023383"
"860","2","3","12","19","31","276","91","433","118","C4023397"
"3651","2","3","3","19","221","321","428","541","667","C4023397"
"7124","2","3","12","41","219","339","156","568","697","C4023397"
"27316","2","3","2","22","33","323","66","101","136","C4023397"
"9241","2","5","7","53","51","342","259","423","389","C4023397"
"10280","2","3","2","110","85","52","57","86","119","C4023397"
"7167","2","3","2","90","167","266","367","500","577","C4023397"
"4629","2","5","8","63","45","23","103","464","187","C4023397"
"5604","2","5","7","53","14","20","34","540","68","C4023397"
"7466","2","5","7","53","51","342","454","573","492","C4023397"
"2072","2","3","12","19","31","261","116","1","86","C4023397"
"1301","2","5","7","53","51","342","454","573","492","C4023397"
"55109","2","5","7","42","81","184","118","543","214","C4023397"
"2690","2","5","7","53","14","20","25","40","186","C4023397"
"9719","2","5","7","53","51","342","454","573","492","C4023397"
"6927","2","3","3","19","221","321","428","541","667","C4023397"
"51626","2","3","12","76","153","40","38","54","75","C4023400"
"25836","2","3","12","76","153","40","38","54","75","C4023400"
"3845","2","5","7","60","54","24","30","46","72","C4023400"
"55240","2","3","5","29","88","132","402","489","551","C4023400"
"1277","2","5","7","53","51","342","454","573","492","C4023400"
"3309","2","3","12","41","219","342","347","271","702","C4023401"
"4854","2","5","7","53","51","143","428","236","667","C4023401"
"10661","2","3","12","19","31","1","426","55","78","C4023438"
"139189","2","3","2","63","30","193","306","390","158","C4023438"
"9719","2","5","7","53","51","342","454","573","492","C4023438"
"2294","2","3","3","19","221","321","428","541","667","C4023438"
"3371","2","5","7","53","51","342","454","573","492","C4023438"
"11253","2","3","2","41","116","268","423","536","445","C4023438"
"4287","2","3","12","41","116","268","434","468","215","C4023438"
"4221","2","3","12","19","31","342","454","573","492","C4023452"
"1836","2","3","2","35","41","94","260","330","375","C4023452"
"8643","2","5","3","68","221","197","259","560","422","C4023452"
"9509","2","5","7","53","51","342","454","573","492","C4023452"
"37","2","3","2","110","105","178","226","297","380","C4023452"
"2895","2","5","4","68","36","71","427","223","219","C4023452"
"9820","2","3","12","41","116","268","434","468","213","C4023452"
"10733","2","3","12","76","153","40","38","54","75","C4023452"
"652","2","5","7","53","51","342","454","573","492","C4023452"
"10479","2","5","7","27","36","150","341","223","628","C4023452"
"2273","2","5","8","63","45","23","103","464","187","C4023452"
"1896","2","5","12","41","219","339","156","568","697","C4023452"
"1278","2","5","7","53","51","342","454","573","492","C4023452"
"1146","2","5","8","27","70","99","162","216","290","C4023452"
"10568","2","3","8","45","94","199","240","415","666","C4023452"
"51816","2","5","7","34","52","216","395","549","674","C4023457"
"1161","2","3","12","41","116","268","434","468","213","C4023457"
"2778","2","5","4","68","96","326","427","548","672","C4023457"
"7167","2","3","2","90","167","266","367","500","577","C4023457"
"9759","2","3","12","19","31","276","91","433","118","C4023470"
"6913","2","3","3","19","221","321","428","541","667","C4023470"
"815","2","5","7","53","14","20","34","540","68","C4023470"
"10133","2","3","12","76","153","40","38","54","75","C4023470"
"2736","2","3","12","41","116","321","428","54","667","C4023470"
"6925","2","3","12","19","31","225","142","220","298","C4023470"
"54888","2","3","2","110","85","152","129","252","154","C4023470"
"5745","2","5","4","68","96","326","427","548","672","C4023471"
"8139","2","3","12","41","116","268","434","468","213","C4023471"
"2146","2","3","12","19","31","1","426","55","78","C4023479"
"59344","2","5","5","68","184","223","155","447","586","C4023479"
"54768","2","3","12","41","92","197","57","198","517","C4023479"
"5295","2","5","7","53","14","20","25","40","186","C4023479"
"538","2","3","8","63","45","23","103","464","187","C4023479"
"1244","2","3","12","41","116","268","423","536","445","C4023511"
"10269","2","3","2","48","182","50","119","444","556","C4023511"
"4524","2","3","2","15","166","104","369","117","583","C4023511"
"36","2","3","2","48","170","50","119","444","556","C4023511"
"238","2","5","7","53","14","20","25","40","186","C4023511"
"4851","2","3","12","19","221","143","428","236","667","C4023511"
"1407","2","3","3","19","151","276","91","433","118","C4023511"
"1589","2","3","5","79","186","215","297","379","491","C4023521"
"4352","2","5","7","53","14","20","25","40","186","C4023521"
"1027","2","3","12","19","31","1","116","1","86","C4023551"
"9896","2","3","5","80","81","296","399","201","274","C4023551"
"6331","2","5","8","63","36","166","341","223","158","C4023551"
"763","2","3","5","35","41","77","40","526","647","C4023551"
"8200","2","5","7","53","51","342","259","423","389","C4023551"
"4982","2","5","12","41","219","339","156","568","697","C4023577"
"6715","2","3","2","69","98","85","189","247","333","C4023577"
"2260","2","5","7","53","14","20","25","40","186","C4023577"
"3764","2","5","8","63","36","166","106","110","158","C4023577"
"3265","2","5","7","60","54","24","30","46","72","C4023577"
"6011","2","5","7","53","14","20","34","540","68","C4023577"
"1032","2","3","12","19","31","1","426","55","78","C4023577"
"79809","2","3","12","76","153","40","38","54","75","C4023577"
"4330","2","3","12","19","31","101","91","433","118","C4023579"
"10483","2","3","7","60","54","24","30","46","72","C4023579"
"974","2","5","7","53","51","119","395","549","674","C4023583"
"176","2","5","7","53","51","342","454","573","492","C4023583"
"10558","2","3","2","50","47","39","100","321","209","C4023616"
"54187","2","3","5","80","81","296","272","452","148","C4023616"
"26012","2","3","12","19","31","261","116","159","211","C4023616"
"356","2","5","7","53","219","339","25","489","697","C4023616"
"773","2","5","8","27","36","166","341","223","628","C4023616"
"3767","2","5","8","63","36","166","106","110","158","C4023616"
"9343","2","3","2","22","33","323","66","101","136","C4023616"
"2720","2","3","7","34","52","216","395","21","599","C4023616"
"4361","2","3","12","19","31","261","116","1","86","C4023616"
"3766","2","5","8","63","36","166","106","110","158","C4023616"
"10686","2","5","6","42","36","71","177","64","219","C4023616"
"2247","2","5","7","53","14","20","25","40","186","C4023616"
"51684","2","3","12","41","116","268","38","54","75","C4023616"
"3069","2","3","2","110","85","237","433","547","671","C4023616"
"427","2","3","7","34","52","216","395","549","420","C4023616"
"4538","2","3","2","48","170","50","119","444","556","C4023616"
"2176","2","3","12","19","31","261","116","1","86","C4023620"
"26137","2","5","7","63","45","184","103","572","658","C4023620"
"6569","2","3","8","45","94","199","240","415","666","C4023676"
"2719","2","5","7","53","51","342","454","573","492","C4023676"
"478","2","3","8","63","45","23","366","464","187","C4023676"
"5156","2","5","7","53","14","20","25","40","186","C4023676"
"2074","2","3","12","19","31","1","426","55","78","C4023676"
"9915","2","3","3","27","151","276","91","433","118","C4023676"
"10654","2","3","3","72","151","276","91","433","118","C4023684"
"4359","2","5","7","53","51","342","454","573","492","C4023684"
"4292","2","3","12","19","31","261","116","1","86","C4023684"
"9895","2","3","2","48","57","110","141","359","462","C4023698"
"51083","2","5","4","68","96","326","427","548","672","C4023698"
"5076","2","3","3","19","221","321","428","541","667","C4023698"
"1387","2","3","12","19","31","276","91","433","118","C4023698"
"2253","2","5","7","53","14","20","25","40","186","C4023701"
"1829","2","1","6","11","142","225","142","220","298","C4023701"
"2263","2","5","7","53","14","20","25","40","186","C4023703"
"55315","2","3","5","80","81","296","62","94","150","C4023703"
"9409","2","3","5","43","161","305","409","208","482","C4023722"
"30008","2","5","7","53","51","342","454","573","492","C4023722"
"65018","2","3","2","48","57","110","34","359","462","C4023722"
"2177","2","3","2","110","90","261","431","545","443","C4023722"
"3757","2","5","8","63","36","166","106","110","158","C4023722"
"257","2","3","3","19","221","321","428","541","667","C4023734"
"3857","2","1","6","11","142","225","142","220","298","C4023734"
"2218","2","5","2","53","123","194","255","560","373","C4023734"
"10309","2","3","12","19","31","261","116","1","86","C4023786"
"3425","2","3","5","80","81","166","454","573","492","C4023786"
"3569","2","5","7","53","51","342","454","573","416","C4023786"
"229","2","3","2","90","167","266","367","500","577","C4023786"
"257","2","3","3","19","221","321","428","541","667","C4023786"
"7403","2","3","12","19","31","1","426","55","78","C4023786"
"4481","2","5","7","53","51","342","454","573","492","C4023786"
"23414","2","3","12","19","31","118","155","287","116","C4023786"
"5327","2","5","7","53","51","342","454","573","492","C4023786"
"3418","2","3","2","67","151","276","33","48","155","C4023786"
"593","2","3","2","67","92","293","55","75","311","C4023786"
"4204","2","3","12","19","31","1","426","55","78","C4023786"
"2033","2","3","12","19","31","1","91","433","118","C4023786"
"6597","2","3","12","19","31","1","426","55","78","C4023786"
"4487","2","3","3","19","221","321","428","541","667","C4023786"
"6424","2","5","7","53","51","342","454","573","492","C4023796"
"8985","2","5","7","53","51","342","454","573","492","C4023796"
"1387","2","3","12","19","31","276","91","433","118","C4023796"
"54880","2","3","12","19","31","1","426","55","78","C4023796"
"1584","2","3","5","79","159","256","276","353","456","C4023801"
"2074","2","3","12","19","31","1","426","55","78","C4023801"
"4261","2","3","12","53","184","119","156","287","116","C4023801"
"1311","2","5","7","53","51","342","454","573","492","C4023801"
"5617","2","5","12","19","31","1","426","55","78","C4023801"
"6473","2","3","3","19","221","321","428","541","667","C4023812"
"27130","2","3","12","48","45","143","38","236","69","C4023812"
"1311","2","5","7","53","51","342","454","573","492","C4023812"
"6197","2","3","12","19","14","20","34","540","68","C4023814"
"5745","2","5","4","68","96","326","427","548","672","C4023814"
"3026","2","5","7","68","51","119","395","549","674","C4023814"
"4312","2","5","7","53","51","342","454","573","492","C4023909"
"26608","2","3","2","22","170","50","119","463","153","C4023909"
"7249","2","3","7","60","57","110","141","359","462","C4023909"
"55812","2","3","12","76","181","160","38","54","75","C4023909"
"6591","2","3","12","19","31","1","426","55","78","C4023909"
"26227","2","3","2","41","137","44","208","81","108","C4023909"
"51317","2","3","12","19","31","1","426","55","78","C4023909"
"2879","2","3","5","80","81","166","378","173","229","C4023909"
"158","2","3","4","96","177","61","373","341","142","C4023909"
"3673","2","5","7","53","51","342","454","573","492","C4023909"
"275","2","3","5","106","104","214","70","377","488","C4023909"
"7248","2","3","2","48","57","110","141","359","462","C4023909"
"472","2","3","12","19","31","261","116","1","86","C4023909"
"23503","2","3","6","11","142","225","142","220","298","C4023909"
"5130","2","3","2","85","143","286","51","488","102","C4023909"
"3835","2","3","12","76","153","40","38","54","75","C4023909"
"604","2","3","12","19","151","276","91","489","416","C4023909"
"6197","2","3","12","19","14","20","34","540","68","C4023911"
"594","2","3","2","67","92","293","55","75","311","C4023911"
"653361","2","5","7","60","14","20","25","40","215","C4023911"
"3094","2","3","2","48","170","266","367","500","78","C4023911"
"2778","2","5","4","68","96","326","427","548","672","C4023911"
"3339","2","5","7","53","51","342","454","573","492","C4023911"
"8050","2","3","2","67","92","293","55","75","311","C4023911"
"6532","2","5","8","45","94","199","240","415","666","C4023911"
"1759","2","5","7","60","14","184","341","544","669","C4023911"
"3845","2","5","7","60","54","24","30","46","72","C4023911"
"11231","2","3","2","110","105","178","226","297","380","C4023915"
"326","2","3","12","19","31","261","377","370","269","C4023915"
"3918","2","5","7","53","51","342","454","573","492","C4023915"
"224","2","3","5","50","47","39","202","19","233","C4023915"
"7157","2","3","12","19","31","261","402","489","551","C4023915"
"1947","2","5","7","53","51","20","25","560","373","C4023915"
"7172","2","3","5","80","81","105","426","129","586","C4023918"
"3756","2","5","8","63","36","166","106","110","158","C4023918"
"8647","2","3","5","46","158","252","352","449","563","C4023918"
"6495","2","3","3","19","221","321","428","541","667","C4023918"
"5728","2","3","5","80","81","339","156","568","605","C4023976"
"6654","2","5","7","60","54","24","30","46","72","C4023976"
"5373","2","3","2","90","167","123","158","207","278","C4023976"
"6736","2","3","12","19","31","276","91","433","667","C4023976"
"1340","2","3","2","48","170","50","141","359","462","C4023976"
"26277","2","3","12","19","31","1","426","1","78","C4023987"
"2153","2","5","7","53","51","342","454","573","492","C4023987"
"5130","2","3","2","85","143","286","51","488","102","C4024098"
"443","2","3","5","80","81","189","182","509","409","C4024098"
"3703","2","3","2","78","26","54","283","118","124","C4024159"
"25830","2","3","2","27","36","150","341","223","628","C4024159"
"6309","2","3","5","19","151","76","48","69","204","C4024159"
"1289","2","5","7","53","51","342","454","573","492","C4024159"
"1585","2","3","5","79","159","256","351","100","589","C4024159"
"2073","2","3","12","19","31","261","116","1","86","C4024166"
"152330","2","5","7","27","51","335","444","560","373","C4024166"
"2798","2","5","4","68","96","326","427","548","672","C4024166"
"55640","2","3","5","80","81","104","369","117","583","C4024167"
"2200","2","5","7","53","51","342","454","573","492","C4024167"
"3848","2","5","7","34","52","225","142","220","298","C4024167"
"23483","2","3","2","28","191","306","143","452","258","C4024167"
"51626","2","3","12","76","153","40","38","54","75","C4024167"
"9896","2","3","5","80","81","296","399","201","274","C4024171"
"3208","2","5","7","27","36","150","341","223","628","C4024171"
"7040","2","5","7","53","51","342","454","573","492","C4024171"
"2317","2","5","7","63","45","23","103","287","664","C4024171"
"6334","2","5","8","63","36","166","341","223","158","C4024171"
"54101","2","3","2","48","170","50","347","167","593","C4024171"
"5961","2","5","7","27","51","326","126","414","702","C4024174"
"8260","2","3","12","41","85","266","76","287","78","C4024174"
"3852","2","1","6","11","142","225","142","220","298","C4024188"
"410","2","3","7","34","52","216","395","549","674","C4024188"
"7290","2","3","12","19","31","1","426","55","78","C4024202"
"8626","2","3","3","19","221","321","428","541","667","C4024202"
"24","2","3","12","41","116","268","423","536","445","C4024202"
"7353","2","3","12","41","219","339","156","568","605","C4024202"
"6492","2","3","3","19","151","276","91","433","118","C4024202"
"30008","2","5","7","53","51","342","454","573","492","C4024202"
"50846","2","3","3","68","221","197","259","560","422","C4024202"
"6473","2","3","3","19","221","321","428","541","667","C4024202"
"54880","2","3","12","19","31","1","426","55","78","C4024202"
"3984","2","5","7","53","14","20","34","540","68","C4024202"
"658","2","5","7","53","51","342","259","423","389","C4024202"
"7389","2","3","2","17","24","51","132","210","123","C4024202"
"2879","2","3","5","80","81","166","378","173","229","C4024202"
"6521","2","5","8","35","41","199","40","415","666","C4024202"
"2176","2","3","12","19","31","261","116","1","86","C4024202"
"10161","2","5","4","68","96","326","427","548","672","C4024202"
"1717","2","3","2","19","151","276","48","69","204","C4024202"
"1776","2","5","7","105","219","261","402","129","215","C4024202"
"7067","2","3","3","19","151","276","91","433","118","C4024202"
"5896","2","3","12","41","116","268","434","568","605","C4024202"
"1292","2","5","7","53","51","342","454","573","492","C4024202"
"29954","2","5","2","27","206","324","430","215","290","C4024213"
"4287","2","3","12","41","116","268","434","468","215","C4024213"
"51360","2","3","3","26","35","276","91","433","203","C4024215"
"5310","2","5","7","53","51","335","444","560","373","C4024215"
"3832","2","3","12","76","153","40","38","54","75","C4024215"
"8050","2","3","2","67","92","293","55","75","311","C4024220"
"207","2","3","7","53","14","20","34","489","416","C4024220"
"4000","2","3","12","26","105","178","226","297","156","C4024220"
"23512","2","3","12","19","31","1","426","55","78","C4024221"
"6138","2","3","2","110","85","237","433","547","671","C4024221"
"55005","2","3","2","68","96","326","427","429","544","C4024221"
"4312","2","5","7","53","51","342","454","573","492","C4024222"
"7915","2","3","5","87","39","74","191","250","285","C4024222"
"2617","2","3","2","110","85","237","433","252","154","C4024224"
"4508","2","3","2","48","170","50","119","444","556","C4024224"
"6390","2","3","2","48","170","50","119","444","556","C4024235"
"3081","2","3","2","91","51","3","267","308","429","C4024235"
"11322","2","5","7","34","52","216","395","549","674","C4024283"
"1292","2","5","7","53","51","342","454","573","492","C4024283"
"2022","2","5","7","53","51","342","259","423","389","C4024283"
"7248","2","3","2","48","57","110","141","359","462","C4024318"
"23545","2","3","5","29","88","132","85","222","346","C4024318"
"221037","2","3","12","19","31","118","155","287","116","C4024318"
"538","2","3","8","63","45","23","103","464","187","C4024345"
"2778","2","5","4","68","96","326","427","548","672","C4024345"
"9841","2","3","6","11","142","225","142","220","298","C4024345"
"5251","2","3","5","80","81","296","474","593","722","C4024345"
"9370","2","5","3","41","151","276","91","433","118","C4024507"
"4625","2","3","8","63","45","23","103","464","187","C4024507"
"55135","2","3","12","76","137","76","136","472","435","C4024507"
"1028","2","3","12","19","31","1","116","1","86","C4024507"
"3630","2","5","7","53","14","20","25","40","186","C4024507"
"55130","2","3","12","76","153","76","38","54","75","C4024536"
"29078","2","3","2","48","170","50","119","444","556","C4024536"
"7080","2","3","3","19","221","321","428","541","667","C4024536"
"3630","2","5","7","53","14","20","25","40","186","C4024552"
"51010","2","3","2","110","85","237","433","547","671","C4024552"
"55130","2","3","12","76","153","76","38","54","75","C4024552"
"57562","2","3","12","76","57","160","136","106","140","C4024583"
"4000","2","3","12","26","105","178","226","297","156","C4024583"
"6390","2","3","2","48","170","50","119","444","556","C4024583"
"2074","2","3","12","19","31","1","426","55","78","C4024589"
"6235","2","3","2","110","85","237","433","547","671","C4024589"
"19","2","3","3","19","151","276","91","433","118","C4024589"
"4148","2","5","7","53","51","342","454","573","492","C4024595"
"4810","2","3","2","76","57","110","444","560","373","C4024595"
"5982","2","3","12","19","31","261","116","1","86","C4024597"
"3098","2","3","2","90","167","266","367","500","577","C4024597"
"224","2","3","5","50","47","39","202","19","233","C4024598"
"4353","2","3","7","34","52","216","395","549","674","C4024598"
"5449","2","3","3","19","221","321","428","541","667","C4024598"
"2303","2","5","3","19","221","321","428","541","667","C4024598"
"8419","2","3","12","48","170","50","119","198","224","C4024606"
"207","2","3","7","53","14","20","34","489","416","C4024606"
"355","2","3","7","41","219","339","156","568","697","C4024606"
"4771","2","5","7","60","36","71","177","64","215","C4024606"
"6557","2","5","8","45","94","199","240","415","666","C4024609"
"22995","2","3","12","76","153","40","38","54","75","C4024609"
"7043","2","5","7","53","51","342","454","573","492","C4024609"
"23322","2","3","12","76","153","40","38","54","75","C4024609"
"8481","2","3","12","76","153","40","38","54","75","C4024609"
"6794","2","3","12","53","14","20","34","540","68","C4024610"
"763","2","3","5","35","41","77","40","526","647","C4024610"
"4604","2","5","8","63","45","23","103","464","187","C4024610"
"8803","2","3","8","67","92","293","55","75","311","C4024612"
"3954","2","3","2","48","170","67","119","444","593","C4024612"
"4318","2","5","7","34","52","216","395","573","492","C4024613"
"9227","2","3","2","69","51","101","126","170","224","C4024613"
"5295","2","5","7","53","14","20","25","40","186","C4024615"
"10135","2","3","2","11","175","279","265","276","474","C4024615"
"7276","2","5","7","34","52","216","395","549","674","C4024615"
"4688","2","5","7","60","14","20","25","40","215","C4024631"
"3569","2","5","7","53","51","342","454","573","416","C4024631"
"10319","2","5","7","53","51","342","454","573","492","C4024640"
"5443","2","5","4","68","96","326","427","548","672","C4024640"
"50846","2","3","3","68","221","197","259","560","422","C4024640"
"2554","2","5","8","27","70","99","162","216","290","C4024640"
"1375","2","3","2","67","92","293","55","75","205","C4024641"
"26012","2","3","12","19","31","261","116","159","211","C4024641"
"51601","2","3","2","67","92","293","55","75","311","C4024641"
"3105","2","5","7","53","51","119","156","287","116","C4024641"
"1289","2","5","7","53","51","342","454","573","492","C4024641"
"9569","2","3","12","19","31","276","91","433","118","C4024641"
"6948","2","5","7","48","51","105","139","186","245","C4024641"
"1742","2","5","7","60","36","71","341","223","219","C4024641"
"83259","2","5","7","53","51","335","444","560","373","C4024641"
"5002","2","5","8","45","94","199","240","415","666","C4024641"
"10381","2","3","12","76","153","40","38","54","75","C4024644"
"10084","2","3","2","22","33","323","66","101","136","C4024644"
"27030","2","3","12","19","31","1","426","55","78","C4024644"
"4313","2","5","7","53","51","342","454","573","492","C4024646"
"4598","2","3","2","19","151","276","198","259","427","C4024646"
"6628","2","3","2","22","33","323","66","101","136","C4024654"
"8504","2","3","5","47","144","185","238","310","392","C4024654"
"51106","2","3","3","19","151","276","91","433","118","C4024655"
"5205","2","3","8","63","45","23","103","464","619","C4024655"
"9657","2","3","12","76","153","40","38","54","75","C4024656"
"4361","2","3","12","19","31","261","116","1","86","C4024656"
"8481","2","3","12","76","153","40","38","54","75","C4024660"
"50640","2","3","5","116","183","295","398","243","327","C4024660"
"10743","2","3","3","19","151","276","91","433","118","C4024665"
"6775","2","5","7","53","14","119","25","40","186","C4024665"
"7439","2","5","8","63","45","23","34","464","187","C4024665"
"8200","2","5","7","53","51","342","259","423","389","C4024665"
"4221","2","3","12","19","31","342","454","573","492","C4024665"
"7287","2","5","7","11","142","71","341","560","219","C4024665"
"4541","2","3","2","48","170","50","119","444","24","C4024665"
"3425","2","3","5","80","81","166","454","573","492","C4024665"
"55315","2","3","5","80","81","296","62","94","150","C4024665"
"7015","2","3","12","19","31","1","426","55","78","C4024665"
"10342","2","3","7","60","219","40","202","66","203","C4024665"
"4541","2","3","2","48","170","50","119","444","24","C4024665"
"54968","2","3","2","48","170","50","119","444","556","C4024665"
"10878","2","5","7","53","51","119","395","549","674","C4024665"
"3000","2","5","4","68","96","326","427","548","672","C4024665"
"2697","2","3","7","76","153","40","38","54","75","C4024665"
"2099","2","3","12","19","151","276","91","433","118","C4024665"
"9401","2","3","12","76","31","261","116","1","86","C4024665"
"5604","2","5","7","53","14","20","34","540","68","C4024665"
"6736","2","3","12","19","31","276","91","433","667","C4024665"
"11005","2","1","6","11","142","225","142","220","298","C4024665"
"2261","2","5","7","53","14","20","25","40","186","C4024665"
"701","2","3","12","76","153","40","38","54","75","C4024665"
"23479","2","3","2","48","170","50","119","100","556","C4024665"
"4099","2","5","7","27","51","150","444","223","628","C4024667"
"3569","2","5","7","53","51","342","454","573","416","C4024667"
"860","2","3","12","19","31","276","91","433","118","C4024678"
"3479","2","5","7","53","51","342","454","573","492","C4024678"
"2290","2","3","3","19","221","321","428","541","667","C4024679"
"51091","2","3","2","110","85","237","433","547","671","C4024679"
"7474","2","5","3","68","221","184","259","544","669","C4024682"
"5527","2","3","12","76","153","40","38","54","75","C4024682"
"5189","2","3","5","43","161","305","409","208","482","C4024682"
"2770","2","5","4","68","96","326","427","548","672","C4024682"
"8626","2","3","3","19","221","321","428","541","667","C4024682"
"29089","2","3","12","41","116","268","434","468","213","C4024689"
"5727","2","3","12","68","221","197","259","560","422","C4024689"
"359","2","3","5","80","81","166","397","374","486","C4024692"
"8792","2","3","12","41","219","339","156","568","697","C4024692"
"2161","2","5","7","68","51","119","395","549","674","C4024692"
"2588","2","3","7","34","52","216","395","549","674","C4024692"
"51626","2","3","12","76","153","40","38","54","75","C4024692"
"6899","2","5","7","53","184","335","259","560","373","C4024697"
"5921","2","5","7","60","14","24","25","40","215","C4024697"
"8820","2","3","3","19","221","321","428","541","667","C4024697"
"579","2","3","3","19","221","321","428","541","667","C4024701"
"372","2","3","7","76","153","40","38","54","75","C4024701"
"5308","2","3","3","19","221","321","428","541","667","C4024702"
"1003","2","5","7","53","51","335","444","560","373","C4024702"
"2746","2","3","2","110","62","189","182","509","356","C4024705"
"1140","2","5","8","27","70","99","162","216","290","C4024705"
"1778","2","3","7","76","153","40","38","54","75","C4024705"
"55112","2","3","12","76","153","40","38","54","75","C4024709"
"2068","2","3","12","19","31","261","116","159","211","C4024709"
"5073","2","3","2","110","85","323","433","146","194","C4024716"
"999","2","5","7","53","51","342","444","560","373","C4024716"
"7516","2","3","12","19","31","261","116","1","86","C4024722"
"3560","2","5","7","53","14","20","25","40","186","C4024722"
"1244","2","3","12","41","116","268","423","536","445","C4024726"
"9401","2","3","12","76","31","261","116","1","86","C4024726"
"7466","2","5","7","53","51","342","454","573","492","C4024726"
"5594","2","5","7","34","14","20","34","540","274","C4024730"
"2903","2","5","7","53","14","20","25","223","219","C4024730"
"3934","2","5","7","34","52","216","395","549","674","C4024734"
"1289","2","5","7","53","51","342","454","573","492","C4024734"
"5573","2","3","12","19","184","118","155","287","116","C4024735"
"29925","2","3","2","68","66","123","158","207","278","C4024735"
"1184","2","5","8","63","45","23","34","464","187","C4024737"
"5346","2","3","3","19","151","276","91","433","118","C4024737"
"1001","2","5","7","53","51","335","444","560","373","C4024737"
"10804","2","3","12","76","153","40","38","54","75","C4024737"
"2890","2","5","8","63","36","166","106","110","158","C4024737"
"5167","2","3","5","32","93","163","207","303","126","C4024737"
"3860","2","1","6","11","142","225","142","220","298","C4024737"
"5832","2","3","2","101","62","189","182","509","252","C4024737"
"2512","2","3","7","34","52","216","395","544","358","C4024737"
"356","2","5","7","53","219","339","25","489","697","C4024737"
"4512","2","3","2","48","170","110","141","359","8","C4024737"
"6794","2","3","12","53","14","20","34","540","68","C4024737"
"2200","2","5","7","53","51","342","454","573","492","C4024737"
"51128","2","5","7","60","153","24","38","46","72","C4024737"
"10269","2","3","2","48","182","50","119","444","556","C4024737"
"10555","2","3","7","34","52","216","395","549","622","C4024737"
"4626","2","5","8","63","45","23","103","464","187","C4024742"
"8031","2","3","12","19","151","276","91","433","118","C4024742"
"3764","2","5","8","63","36","166","106","110","158","C4024742"
"2719","2","5","7","53","51","342","454","573","492","C4024742"
"213","2","5","7","53","51","342","454","573","492","C4024742"
"29760","2","5","7","53","14","20","25","40","186","C4024742"
"2077","2","3","12","76","153","40","38","54","75","C4024742"
"9215","2","5","2","27","36","150","430","215","628","C4024742"
"5824","2","3","5","47","144","185","238","310","392","C4024748"
"23431","2","5","7","60","18","184","341","544","669","C4024748"
"94","2","5","7","53","51","342","259","423","389","C4024748"
"5476","2","3","7","34","52","216","395","152","310","C4024748"
"6868","2","5","7","53","51","342","454","236","492","C4024748"
"2778","2","5","4","68","96","326","427","548","672","C4024748"
"2033","2","3","12","19","31","1","91","433","118","C4024748"
"11200","2","3","12","19","31","261","116","1","86","C4024748"
"51053","2","3","12","41","116","261","116","1","86","C4024748"
"1290","2","5","7","53","51","342","454","573","492","C4024748"
"2155","2","5","7","53","51","119","454","549","674","C4024756"
"2146","2","3","12","19","31","1","426","55","78","C4024756"
"7443","2","3","12","19","31","261","34","540","68","C4024756"
"3908","2","5","7","53","51","342","454","573","492","C4024756"
"23405","2","3","2","22","33","323","66","146","194","C4024756"
"25942","2","3","12","19","31","1","426","55","78","C4024756"
"1301","2","5","7","53","51","342","454","573","492","C4024756"
"3892","2","1","6","11","142","225","142","220","298","C4024756"
"7157","2","3","12","19","31","261","402","489","551","C4024756"
"3145","2","3","5","80","81","166","132","175","473","C4024756"
"22926","2","3","12","19","31","276","91","433","118","C4024756"
"8890","2","3","2","110","85","237","433","547","671","C4024756"
"4853","2","3","12","19","124","143","428","236","667","C4024756"
"10401","2","3","12","19","31","261","116","1","664","C4024756"
"10682","2","5","4","68","96","326","48","69","204","C4024756"
"1855","2","5","12","76","153","197","259","560","422","C4024756"
"3569","2","5","7","53","51","342","454","573","416","C4024760"
"3785","2","5","8","63","36","166","106","110","158","C4024760"
"1528","2","3","5","91","214","271","372","471","586","C4024760"
"4620","2","5","8","63","45","23","103","464","187","C4024765"
"9215","2","5","2","27","36","150","430","215","628","C4024765"
"3759","2","5","8","63","36","166","106","110","158","C4024780"
"29851","2","5","7","53","14","20","25","40","186","C4024780"
"2316","2","5","7","53","51","342","454","573","702","C4024780"
"1031","2","3","12","19","31","1","426","55","78","C4024780"
"2896","2","5","7","34","52","216","395","549","674","C4024780"
"871","2","5","7","53","51","342","454","573","492","C4024780"
"3456","2","3","12","19","31","118","155","287","116","C4024780"
"57560","2","3","12","76","153","40","38","54","75","C4024780"
"7750","2","3","12","19","31","1","426","448","78","C4024780"
"4540","2","3","2","48","170","50","119","444","556","C4024780"
"3265","2","5","7","60","54","24","30","46","72","C4024780"
"23400","2","5","8","63","45","23","103","464","187","C4024780"
"1991","2","5","7","34","52","216","395","549","674","C4024780"
"2562","2","5","8","27","70","99","162","216","290","C4024780"
"1312","2","3","2","87","79","105","426","129","25","C4024780"
"3481","2","5","7","53","51","342","454","573","492","C4024780"
"1146","2","5","8","27","70","99","162","216","290","C4024780"
"265","2","5","7","53","51","342","454","573","492","C4024780"
"2707","2","3","12","76","153","40","38","54","75","C4024780"
"355","2","3","7","41","219","339","156","568","697","C4024780"
"6678","2","5","7","53","51","342","454","573","492","C4024780"
"238","2","5","7","53","14","20","25","40","186","C4024780"
"4921","2","5","7","53","14","20","25","573","186","C4024780"
"2027","2","3","5","80","81","266","367","500","577","C4024780"
"3569","2","5","7","53","51","342","454","573","416","C4024790"
"6403","2","5","7","53","51","342","454","573","702","C4024790"
"1896","2","5","12","41","219","339","156","568","697","C4024806"
"3845","2","5","7","60","54","24","30","46","72","C4024806"
"673","2","5","7","53","14","20","34","540","68","C4024809"
"54714","2","5","8","63","36","166","106","110","158","C4024809"
"55704","2","3","12","76","153","40","38","54","75","C4024817"
"6201","2","3","2","110","85","237","433","547","671","C4024817"
"1406","2","3","3","19","221","321","428","541","667","C4024817"
"1837","2","5","8","63","45","23","103","464","187","C4024817"
"3736","2","5","8","63","36","166","106","110","158","C4024822"
"1292","2","5","7","53","51","342","454","573","492","C4024822"
"6606","2","3","2","22","33","323","66","101","136","C4024822"
"3339","2","5","7","53","51","342","454","573","492","C4024831"
"1584","2","3","5","79","159","256","276","353","456","C4024831"
"9451","2","3","2","110","51","335","226","297","380","C4024848"
"2334","2","5","7","53","14","20","25","40","186","C4024848"
"5159","2","5","7","53","14","20","25","40","186","C4024853"
"4791","2","3","12","41","219","339","156","568","697","C4024853"
"6870","2","5","4","68","96","326","427","548","672","C4024855"
"229","2","3","2","90","167","266","367","500","577","C4024855"
"6329","2","5","8","63","36","166","341","390","158","C4024862"
"23426","2","5","7","42","36","71","177","223","219","C4024862"
"338","2","5","7","53","51","342","454","573","492","C4024867"
"392255","2","5","7","53","51","342","259","423","389","C4024867"
"427","2","3","7","34","52","216","395","549","420","C4024867"
"3814","2","5","4","68","96","326","427","548","672","C4024867"
"3909","2","5","7","53","51","342","454","573","492","C4024876"
"249","2","3","5","27","51","335","444","560","373","C4024876"
"11005","2","1","6","11","142","225","142","220","298","C4024876"
"7080","2","3","3","19","221","321","428","541","667","C4024878"
"85358","2","5","7","60","14","71","341","223","219","C4024878"
"51128","2","5","7","60","153","24","38","46","72","C4024878"
"54469","2","3","5","43","161","305","409","208","482","C4024878"
"54820","2","3","12","76","153","40","38","54","75","C4024878"
"183","2","5","4","68","96","326","427","548","672","C4024878"
"3594","2","5","7","53","51","119","25","560","373","C4024878"
"6622","2","3","7","27","36","150","341","223","628","C4024878"
"9632","2","3","7","60","153","40","38","54","203","C4024878"
"7421","2","3","3","19","151","276","91","433","118","C4024878"
"4524","2","3","2","15","166","104","369","117","583","C4024878"
"58","2","5","8","63","45","23","103","464","187","C4024878"
"55280","2","3","2","22","33","323","66","101","136","C4024878"
"1161","2","3","12","41","116","268","434","468","213","C4024878"
"26128","2","3","12","76","153","40","38","54","154","C4024878"
"2688","2","5","7","53","51","119","25","40","186","C4024878"
"55033","2","3","2","110","105","178","226","297","380","C4024878"
"9839","2","3","3","19","221","321","428","541","667","C4024878"
"8292","2","5","5","27","51","342","454","573","492","C4024878"
"196","2","3","3","19","151","276","91","433","118","C4024878"
"3481","2","5","7","53","51","342","454","573","492","C4024878"
"717","2","5","7","53","51","119","395","549","674","C4024878"
"55670","2","3","5","43","161","305","409","208","482","C4024890"
"3106","2","5","7","34","52","119","395","549","674","C4024890"
"8622","2","3","4","68","96","326","427","548","672","C4024890"
"2132","2","3","2","74","58","112","148","193","263","C4024890"
"6530","2","5","8","45","94","199","240","415","666","C4024890"
"5468","2","3","3","19","151","276","91","433","118","C4024890"
"526","2","3","5","29","88","132","172","199","308","C4024890"
"2212","2","5","7","34","52","216","395","549","674","C4024890"
"51702","2","3","12","19","31","1","426","55","78","C4024890"
"5648","2","5","7","53","51","119","395","549","674","C4024890"
"207","2","3","7","53","14","20","34","489","416","C4024890"
"3592","2","5","7","53","51","119","25","489","416","C4024890"
"2160","2","5","7","68","51","119","395","549","674","C4024890"
"115019","2","5","8","35","41","199","40","415","666","C4024890"
"1130","2","5","7","60","54","326","141","359","462","C4024890"
"7046","2","3","12","41","219","339","259","423","605","C4024890"
"538","2","3","8","63","45","23","103","464","187","C4024900"
"4920","2","5","7","53","14","20","259","560","373","C4024900"
"54345","2","5","3","19","221","321","428","541","667","C4024912"
"3854","2","1","6","11","142","225","142","220","298","C4024912"
"2218","2","5","2","53","123","194","255","560","373","C4024912"
"5396","2","3","3","19","221","321","428","541","667","C4024912"
"7124","2","3","12","41","219","339","156","568","697","C4024912"
"5193","2","3","5","43","161","305","409","208","482","C4024912"
"3592","2","5","7","53","51","119","25","489","416","C4024912"
"1282","2","5","7","53","51","342","454","573","492","C4024912"
"182","2","5","7","53","51","143","428","236","667","C4024924"
"4893","2","5","7","34","52","24","30","46","72","C4024924"
"4000","2","3","12","26","105","178","226","297","156","C4024924"
"4000","2","3","12","26","105","178","226","297","156","C4024927"
"54938","2","3","2","110","85","67","76","252","154","C4024927"
"540","2","5","8","63","45","23","103","464","187","C4024927"
"805","2","5","8","53","45","20","34","464","187","C4024927"
"4864","2","3","5","48","152","184","341","544","669","C4024927"
"6775","2","5","7","53","14","119","25","40","186","C4024927"
"5631","2","3","2","72","119","109","266","336","452","C4024927"
"7251","2","3","2","48","57","110","141","359","462","C4024929"
"126133","2","3","2","41","119","266","136","341","182","C4024929"
"3293","2","3","2","69","83","169","94","133","70","C4024930"
"9361","2","3","2","48","170","50","119","444","556","C4024930"
"7124","2","3","12","41","219","339","156","568","697","C4024936"
"2705","2","3","12","76","153","40","38","54","75","C4024936"
"7422","2","5","7","53","51","342","454","573","702","C4024936"
"3454","2","5","7","53","184","119","156","287","116","C4024936"
"55636","2","3","3","19","221","321","428","423","389","C4024936"
"6165","2","3","2","110","85","237","433","547","671","C4024936"
"50846","2","3","3","68","221","197","259","560","422","C4024943"
"6908","2","3","12","19","31","1","116","159","211","C4024943"
"1813","2","5","4","68","96","326","427","548","672","C4024946"
"26608","2","3","2","22","170","50","119","463","153","C4024946"
"6913","2","3","3","19","221","321","428","541","667","C4024946"
"3295","2","3","5","43","161","305","409","208","482","C4024956"
"5192","2","3","5","43","161","305","409","208","482","C4024956"
"8820","2","3","3","19","221","321","428","541","667","C4024956"
"8195","2","3","12","76","153","76","38","54","75","C4024956"
"7171","2","5","8","63","45","23","103","464","187","C4024956"
"8425","2","5","7","53","51","342","454","573","492","C4024956"
"2517","2","3","7","34","52","216","395","549","674","C4024970"
"6736","2","3","12","19","31","276","91","433","667","C4024970"
"8481","2","3","12","76","153","40","38","54","75","C4024970"
"5696","2","3","12","41","116","268","156","568","116","C4024970"
"1896","2","5","12","41","219","339","156","568","697","C4024970"
"25939","2","3","12","53","184","119","156","287","116","C4024979"
"1200","2","3","5","80","81","178","226","297","380","C4024979"
"22995","2","3","12","76","153","40","38","54","75","C4024979"
"2672","2","3","3","19","221","321","259","423","389","C4024979"
"3763","2","5","8","63","36","166","106","110","158","C4024979"
"658","2","5","7","53","51","342","259","423","389","C4024989"
"4524","2","3","2","15","166","104","369","117","583","C4024989"
"4352","2","5","7","53","14","20","25","40","186","C4024989"
"355","2","3","7","41","219","339","156","568","697","C4024989"
"2072","2","3","12","19","31","261","116","1","86","C4024989"
"2317","2","5","7","63","45","23","103","287","664","C4024989"
"5897","2","3","12","41","116","268","141","568","605","C4024989"
"7498","2","3","5","80","157","187","159","209","282","C4024989"
"1282","2","5","7","53","51","342","454","573","492","C4024989"
"109","2","5","4","68","96","326","427","548","672","C4024989"
"5195","2","3","5","43","161","305","409","208","482","C4024989"
"8626","2","3","3","19","221","321","428","541","667","C4024989"
"8643","2","5","3","68","221","197","259","560","422","C4024989"
"4214","2","3","12","41","219","339","34","540","117","C4024989"
"4998","2","3","12","76","31","261","116","1","86","C4024989"
"9966","2","5","12","41","219","339","156","568","697","C4024989"
"54808","2","3","12","76","153","40","38","54","75","C4024989"
"5340","2","5","7","53","51","342","454","573","492","C4024989"
"57697","2","3","12","19","31","261","116","1","86","C4024993"
"1509","2","5","7","34","52","216","395","549","568","C4024993"
"22827","2","3","2","22","33","323","66","101","136","C4024996"
"5604","2","5","7","53","14","20","34","540","68","C4024996"
"1545","2","3","5","91","175","271","372","443","558","C4024996"
"5083","2","3","3","19","221","321","428","541","667","C4024996"
"23363","2","3","12","41","116","268","434","468","213","C4024996"
"3930","2","3","2","22","33","323","66","3","464","C4024996"
"2395","2","3","2","48","170","50","304","167","593","C4024996"
"8050","2","3","2","67","92","293","55","75","311","C4024996"
"9095","2","5","7","53","51","335","444","560","373","C4024996"
"6390","2","3","2","48","170","50","119","444","556","C4024996"
"4668","2","3","5","21","111","188","242","313","396","C4024996"
"10483","2","3","7","60","54","24","30","46","72","C4024996"
"472","2","3","12","19","31","261","116","1","86","C4024996"
"440","2","3","2","101","62","189","182","509","154","C4025000"
"3897","2","5","7","53","51","335","444","560","373","C4025000"
"3708","2","5","8","63","45","23","306","390","158","C4025000"
"3094","2","3","2","48","170","266","367","500","78","C4025008"
"54903","2","3","12","76","153","40","38","54","75","C4025008"
"4638","2","5","7","53","45","23","103","464","187","C4025008"
"6892","2","3","12","41","116","119","156","568","116","C4025008"
"4668","2","3","5","21","111","188","242","313","396","C4025008"
"6507","2","3","2","45","94","199","240","415","666","C4025021"
"5000","2","3","12","76","31","261","116","1","86","C4025021"
"186","2","5","4","68","96","326","427","548","672","C4025021"
"5589","2","5","7","53","51","342","454","573","492","C4025021"
"4221","2","3","12","19","31","342","454","573","492","C4025021"
"55005","2","3","2","68","96","326","427","429","544","C4025021"
"3861","2","1","6","11","142","225","142","220","298","C4025021"
"9702","2","3","12","76","153","40","38","54","75","C4025040"
"51","2","3","5","43","151","276","91","433","482","C4025040"
"7353","2","3","12","41","219","339","156","568","605","C4025043"
"7132","2","3","12","41","219","339","156","568","697","C4025043"
"6223","2","3","2","110","85","237","433","547","671","C4025043"
"10743","2","3","3","19","151","276","91","433","118","C4025043"
"2645","2","3","2","90","167","266","367","101","664","C4025050"
"9215","2","5","2","27","36","150","430","215","628","C4025050"
"9950","2","5","7","60","54","40","98","66","203","C4025077"
"344","2","5","7","53","51","342","454","573","492","C4025077"
"7507","2","3","12","19","31","261","116","1","86","C4025078"
"6597","2","3","12","19","31","1","426","55","78","C4025078"
"3977","2","5","7","53","51","119","25","40","416","C4025078"
"26277","2","3","12","19","31","1","426","1","78","C4025086"
"10804","2","3","12","76","153","40","38","54","75","C4025086"
"197322","2","3","2","67","92","265","35","49","174","C4025089"
"5076","2","3","3","19","221","321","428","541","667","C4025089"
"846","2","5","4","68","96","326","427","548","672","C4025095"
"3920","2","5","7","34","52","216","395","549","674","C4025095"
"27019","2","3","12","76","153","40","38","54","75","C4025095"
"4214","2","3","12","41","219","339","34","540","117","C4025100"
"6335","2","5","8","63","36","166","341","390","158","C4025100"
"2006","2","5","7","53","51","342","454","573","492","C4025100"
"7099","2","5","7","41","219","339","156","568","697","C4025109"
"8074","2","5","7","53","14","20","25","40","186","C4025109"
"249","2","3","5","27","51","335","444","560","373","C4025111"
"23230","2","5","7","11","142","71","341","560","219","C4025111"
"6794","2","3","12","53","14","20","34","540","68","C4025117"
"7015","2","3","12","19","31","1","426","55","78","C4025117"
"3845","2","5","7","60","54","24","30","46","72","C4025167"
"6786","2","5","8","63","45","23","103","464","187","C4025167"
"6495","2","3","3","19","221","321","428","541","667","C4025167"
"3587","2","5","7","53","51","119","395","549","674","C4025167"
"1278","2","5","7","53","51","342","454","573","492","C4025167"
"2554","2","5","8","27","70","99","162","216","290","C4025170"
"3569","2","5","7","53","51","342","454","573","416","C4025170"
"4214","2","3","12","41","219","339","34","540","117","C4025170"
"1410","2","3","12","63","45","23","38","54","187","C4025170"
"6391","2","3","2","48","170","50","119","444","556","C4025170"
"2720","2","3","7","34","52","216","395","21","599","C4025175"
"4512","2","3","2","48","170","110","141","359","8","C4025175"
"2653","2","3","2","67","104","214","234","306","388","C4025187"
"51684","2","3","12","41","116","268","38","54","75","C4025187"
"7403","2","3","12","19","31","1","426","55","78","C4025187"
"55651","2","3","2","110","85","237","433","547","671","C4025187"
"5476","2","3","7","34","52","216","395","152","310","C4025187"
"8772","2","3","12","41","219","339","156","568","697","C4025187"
"3913","2","5","7","53","51","342","454","573","492","C4025193"
"25953","2","3","2","67","92","293","137","75","664","C4025193"
"7737","2","3","12","22","33","268","434","468","213","C4025202"
"6647","2","3","2","95","2","342","378","173","702","C4025202"
"7291","2","3","12","19","151","276","91","489","416","C4025202"
"776","2","5","8","63","36","166","341","390","158","C4025202"
"54476","2","3","12","41","219","339","156","568","697","C4025203"
"4599","2","3","12","53","184","119","156","287","116","C4025203"
"5663","2","5","7","34","52","216","395","549","667","C4025203"
"4854","2","5","7","53","51","143","428","236","667","C4025203"
"1280","2","5","7","53","51","342","454","573","492","C4025204"
"4920","2","5","7","53","14","20","259","560","373","C4025204"
"8504","2","3","5","47","144","185","238","310","392","C4025207"
"3028","2","3","2","67","92","152","32","252","154","C4025207"
"4247","2","3","2","68","67","320","98","180","279","C4025208"
"25978","2","3","2","48","57","110","141","359","462","C4025208"
"5027","2","5","8","63","45","23","306","390","158","C4025212"
"8243","2","3","12","76","31","40","38","54","75","C4025212"
"25836","2","3","12","76","153","40","38","54","75","C4025234"
"3293","2","3","2","69","83","169","94","133","70","C4025234"
"673","2","5","7","53","14","20","34","540","68","C4025240"
"3480","2","5","7","53","14","20","25","40","186","C4025240"
"4041","2","5","3","68","221","197","259","560","422","C4025249"
"79633","2","3","7","80","51","335","444","560","373","C4025249"
"23314","2","3","3","19","221","321","428","541","667","C4025250"
"2990","2","3","7","34","52","216","395","549","674","C4025250"
"3426","2","5","7","53","51","119","395","549","674","C4025250"
"274","2","5","7","60","14","184","341","544","669","C4025250"
"2033","2","3","12","19","31","1","91","433","118","C4025250"
"64240","2","3","5","47","144","185","238","310","392","C4025252"
"26123","2","3","2","76","153","40","38","54","75","C4025252"
"2532","2","5","4","68","96","326","427","548","672","C4025252"
"6873","2","3","12","19","31","261","116","159","211","C4025252"
"3048","2","3","12","19","31","118","155","287","116","C4025252"
"2200","2","5","7","53","51","342","454","573","492","C4025252"
"6497","2","5","3","19","221","342","259","423","389","C4025252"
"6915","2","5","4","68","96","326","427","548","672","C4025252"
"2879","2","3","5","80","81","166","378","173","229","C4025252"
"1586","2","3","5","79","98","256","335","425","540","C4025252"
"2301","2","5","6","11","142","225","142","220","673","C4025252"
"6531","2","5","8","45","94","199","240","415","666","C4025252"
"8600","2","5","7","41","219","339","156","568","697","C4025252"
"9096","2","5","7","53","51","335","259","560","373","C4025252"
"9031","2","3","12","19","31","1","426","55","78","C4025252"
"5573","2","3","12","19","184","118","155","287","116","C4025252"
"55065","2","3","5","38","242","230","312","395","511","C4025253"
"4204","2","3","12","19","31","1","426","55","78","C4025253"
"9049","2","3","3","41","151","276","378","271","356","C4025261"
"8517","2","3","12","41","219","339","156","568","697","C4025261"
"5192","2","3","5","43","161","305","409","208","482","C4025270"
"5479","2","3","2","53","51","342","454","573","492","C4025270"
"7415","2","3","7","34","52","216","395","536","445","C4025270"
"9469","2","3","2","103","189","303","29","475","467","C4025272"
"22845","2","3","2","48","68","125","161","214","288","C4025272"
"10686","2","5","6","42","36","71","177","64","219","C4025272"
"4771","2","5","7","60","36","71","177","64","215","C4025272"
"10269","2","3","2","48","182","50","119","444","556","C4025278"
"4921","2","5","7","53","14","20","25","573","186","C4025278"
"546","2","3","12","19","31","261","426","1","86","C4025284"
"10342","2","3","7","60","219","40","202","66","203","C4025284"
"55699","2","3","2","110","85","67","76","252","154","C4025301"
"53834","2","5","7","53","51","342","454","573","492","C4025301"
"8797","2","5","7","41","219","339","156","568","697","C4025309"
"54499","2","3","2","48","170","50","119","444","593","C4025309"
"1460","2","3","7","34","52","216","395","488","102","C4025317"
"4000","2","3","12","26","105","178","226","297","156","C4025317"
"55636","2","3","3","19","221","321","428","423","389","C4025319"
"51082","2","3","2","19","31","1","426","55","78","C4025319"
"7227","2","3","12","19","31","276","91","433","118","C4025319"
"4540","2","3","2","48","170","50","119","444","556","C4025319"
"50485","2","3","12","19","31","261","116","1","86","C4025319"
"283989","2","3","12","22","33","323","66","101","664","C4025320"
"4089","2","3","12","19","219","339","259","423","605","C4025320"
"7421","2","3","3","19","151","276","91","433","118","C4025320"
"8878","2","3","12","41","219","339","156","568","697","C4025320"
"9939","2","3","2","22","33","323","66","101","136","C4025320"
"3663","2","3","12","53","184","119","156","287","116","C4025327"
"170302","2","3","3","19","221","321","428","541","667","C4025327"
"8481","2","3","12","76","153","40","38","54","75","C4025327"
"84433","2","3","12","41","219","339","156","568","697","C4025329"
"5336","2","3","7","53","14","20","25","40","215","C4025329"
"7415","2","3","7","34","52","216","395","536","445","C4025329"
"9368","2","5","7","42","36","71","177","223","219","C4025329"
"9184","2","3","12","76","153","40","38","54","75","C4025329"
"1490","2","5","7","53","51","342","454","573","492","C4025329"
"8626","2","3","3","19","221","321","428","541","667","C4025350"
"54790","2","3","12","19","31","1","426","55","78","C4025350"
"23746","2","3","12","41","83","101","126","271","356","C4025356"
"2535","2","5","3","68","221","197","259","560","422","C4025356"
"9871","2","3","7","60","153","40","38","54","203","C4025362"
"2200","2","5","7","53","51","342","454","573","492","C4025362"
"3778","2","5","8","63","36","166","106","110","158","C4025374"
"10058","2","3","5","44","50","209","68","11","141","C4025374"
"4990","2","3","3","19","221","321","428","541","667","C4025374"
"4867","2","5","7","76","153","40","38","54","75","C4025401"
"5595","2","3","7","53","14","20","34","540","68","C4025401"
"8878","2","3","12","41","219","339","156","568","697","C4025411"
"6566","2","3","2","67","37","316","422","535","660","C4025411"
"2260","2","5","7","53","14","20","25","40","186","C4025411"
"10661","2","3","12","19","31","1","426","55","78","C4025424"
"26053","2","3","12","19","31","1","426","55","78","C4025424"
"5660","2","5","7","34","52","326","427","548","702","C4025424"
"29887","2","3","7","60","18","110","141","198","270","C4025565"
"10847","2","3","12","19","31","1","426","55","78","C4025565"
"7531","2","3","2","48","170","110","329","251","533","C4025565"
"10518","2","3","2","22","170","50","119","444","556","C4025569"
"4000","2","3","12","26","105","178","226","297","156","C4025569"
"594","2","3","2","67","92","293","55","75","311","C4025569"
"3845","2","5","7","60","54","24","30","46","72","C4025569"
"2071","2","3","12","19","31","261","116","159","211","C4025569"
"2261","2","5","7","53","14","20","25","40","186","C4025569"
"5625","2","3","2","101","103","177","225","271","356","C4025569"
"1584","2","3","5","79","159","256","276","353","456","C4025569"
"6392","2","3","2","48","170","50","119","444","556","C4025569"
"3767","2","5","8","63","36","166","106","110","158","C4025569"
"7015","2","3","12","19","31","1","426","55","78","C4025569"
"347","2","3","7","98","51","298","401","506","626","C4025569"
"9215","2","5","2","27","36","150","430","215","628","C4025569"
"7015","2","3","12","19","31","1","426","55","78","C4025569"
"1387","2","3","12","19","31","276","91","433","118","C4025571"
"10804","2","3","12","76","153","40","38","54","75","C4025571"
"23118","2","3","12","41","219","339","156","568","697","C4025571"
"9895","2","3","2","48","57","110","141","359","462","C4025571"
"54463","2","3","2","48","57","110","141","359","462","C4025571"
"811","2","3","2","41","116","342","423","536","342","C4025572"
"51360","2","3","3","26","35","276","91","433","203","C4025572"
"477","2","3","8","63","45","23","103","464","187","C4025572"
"346288","2","3","12","76","108","225","141","305","387","C4025572"
"8195","2","3","12","76","153","76","38","54","75","C4025573"
"338","2","5","7","53","51","342","454","573","492","C4025573"
"1736","2","3","2","110","85","237","433","547","671","C4025573"
"51259","2","3","2","76","153","40","38","54","75","C4025573"
"4535","2","3","2","48","170","50","119","444","556","C4025574"
"58","2","5","8","63","45","23","103","464","187","C4025574"
"10019","2","5","7","53","14","20","25","40","116","C4025578"
"4647","2","5","7","60","83","101","126","170","224","C4025578"
"54101","2","3","2","48","170","50","347","167","593","C4025579"
"3636","2","3","5","80","14","20","25","40","186","C4025579"
"5660","2","5","7","34","52","326","427","548","702","C4025579"
"4688","2","5","7","60","14","20","25","40","215","C4025579"
"58","2","5","8","63","45","23","103","464","187","C4025579"
"9244","2","5","7","53","51","119","25","40","416","C4025582"
"10518","2","3","2","22","170","50","119","444","556","C4025582"
"3767","2","5","8","63","36","166","106","110","158","C4025586"
"10752","2","5","7","53","51","335","444","560","373","C4025586"
"6331","2","5","8","63","36","166","341","223","158","C4025586"
"51601","2","3","2","67","92","293","55","75","311","C4025593"
"658","2","5","7","53","51","342","259","423","389","C4025593"
"5076","2","3","3","19","221","321","428","541","667","C4025594"
"2639","2","3","2","71","148","34","160","115","164","C4025594"
"1356","2","3","7","53","51","342","454","573","492","C4025594"
"10020","2","3","2","89","124","204","42","452","258","C4025594"
"1723","2","3","2","48","170","50","119","444","556","C4025594"
"10743","2","3","3","19","151","276","91","433","118","C4025597"
"5328","2","5","7","34","52","216","395","549","674","C4025597"
"54982","2","3","2","48","170","50","399","167","593","C4025597"
"5376","2","5","7","53","51","342","454","573","492","C4025597"
"9719","2","5","7","53","51","342","454","573","492","C4025598"
"26281","2","5","7","53","14","20","25","40","186","C4025598"
"2317","2","5","7","63","45","23","103","287","664","C4025600"
"2260","2","5","7","53","14","20","25","40","186","C4025600"
"6348","2","5","4","68","96","326","427","548","672","C4025602"
"3030","2","3","2","48","57","339","44","65","31","C4025602"
"7547","2","3","3","19","221","321","428","541","667","C4025603"
"2153","2","5","7","53","51","342","454","573","492","C4025603"
"9232","2","3","12","76","153","40","38","54","75","C4025603"
"1457","2","3","12","19","31","286","51","488","102","C4025603"
"5116","2","3","12","76","153","40","38","54","75","C4025608"
"440275","2","3","2","110","85","237","433","547","671","C4025608"
"2619","2","5","3","53","221","197","259","560","422","C4025608"
"3284","2","3","2","69","98","169","299","183","243","C4025610"
"3845","2","5","7","60","54","24","30","46","72","C4025610"
"5781","2","5","7","53","14","20","25","40","186","C4025610"
"4921","2","5","7","53","14","20","25","573","186","C4025614"
"859","2","5","8","63","45","23","103","464","187","C4025614"
"1758","2","5","7","53","51","342","454","573","492","C4025614"
"7518","2","3","12","19","31","261","116","1","86","C4025614"
"54806","2","5","7","76","153","40","38","54","75","C4025615"
"51057","2","3","12","76","153","40","38","54","75","C4025615"
"351","2","5","4","68","96","326","188","145","193","C4025615"
"3115","2","5","7","53","184","119","156","287","116","C4025615"
"3758","2","5","8","63","36","166","106","110","158","C4025616"
"6928","2","3","3","19","221","321","428","541","667","C4025616"
"26040","2","3","12","19","31","1","116","297","78","C4025616"
"6927","2","3","3","19","221","321","428","541","667","C4025616"
"3035","2","3","2","110","85","237","433","547","154","C4025616"
"5290","2","3","7","53","14","20","25","40","186","C4025616"
"51422","2","3","2","48","57","110","141","359","462","C4025616"
"4791","2","3","12","41","219","339","156","568","697","C4025616"
"4724","2","3","2","48","170","50","119","444","556","C4025616"
"6905","2","3","12","76","153","40","38","54","75","C4025616"
"3745","2","5","8","63","36","166","106","110","158","C4025616"
"55687","2","3","2","48","170","152","119","252","154","C4025616"
"2006","2","5","7","53","51","342","454","573","492","C4025616"
"2316","2","5","7","53","51","342","454","573","702","C4025616"
"54332","2","3","2","60","170","40","98","66","203","C4025616"
"4705","2","3","2","48","170","50","119","444","556","C4025616"
"477","2","3","8","63","45","23","103","464","187","C4025616"
"3643","2","5","7","53","14","20","25","40","186","C4025619"
"4921","2","5","7","53","14","20","25","573","186","C4025619"
"8214","2","3","6","11","142","225","142","220","298","C4025619"
"3861","2","1","6","11","142","225","142","220","298","C4025619"
"2778","2","5","4","68","96","326","427","548","672","C4025626"
"190","2","3","3","19","151","276","91","433","118","C4025626"
"5728","2","3","5","80","81","339","156","568","605","C4025626"
"57724","2","3","2","42","36","71","177","148","219","C4025626"
"10381","2","3","12","76","153","40","38","54","75","C4025626"
"2542","2","3","5","80","81","296","399","500","577","C4025628"
"8517","2","3","12","41","219","339","156","568","697","C4025628"
"2266","2","5","7","53","51","342","454","573","492","C4025628"
"55315","2","3","5","80","81","296","62","94","150","C4025629"
"538","2","3","8","63","45","23","103","464","187","C4025629"
"1301","2","5","7","53","51","342","454","573","492","C4025630"
"6336","2","5","8","63","36","166","341","390","158","C4025630"
"9321","2","3","12","76","153","40","38","54","203","C4025630"
"667","2","5","7","53","51","342","454","573","492","C4025630"
"2110","2","3","2","48","170","50","119","444","556","C4025635"
"617","2","3","2","48","170","50","304","167","593","C4025635"
"4038","2","5","7","53","51","342","454","573","492","C4025639"
"10165","2","3","2","48","170","50","304","167","593","C4025639"
"1134","2","5","8","27","70","99","162","216","290","C4025639"
"3425","2","3","5","80","81","166","454","573","492","C4025639"
"8892","2","3","2","110","85","237","433","547","671","C4025640"
"5116","2","3","12","76","153","40","38","54","75","C4025640"
"596","2","3","12","19","219","339","402","489","416","C4025640"
"3655","2","5","7","53","51","342","454","573","492","C4025640"
"5023","2","5","7","34","52","216","395","549","674","C4025644"
"5741","2","5","4","68","96","326","427","548","672","C4025644"
"3339","2","5","7","53","51","342","454","573","492","C4025644"
"1062","2","3","12","76","153","40","38","54","75","C4025644"
"4000","2","3","12","26","105","178","226","297","156","C4025644"
"4137","2","3","7","27","36","150","341","223","628","C4025644"
"2261","2","5","7","53","14","20","25","40","186","C4025644"
"1277","2","5","7","53","51","342","454","573","492","C4025644"
"727","2","5","4","68","96","326","427","548","672","C4025644"
"137814","2","5","7","53","184","335","259","560","373","C4025644"
"657","2","5","7","53","221","342","259","423","389","C4025644"
"2316","2","5","7","53","51","342","454","573","702","C4025644"
"23230","2","5","7","11","142","71","341","560","219","C4025644"
"3954","2","3","2","48","170","67","119","444","593","C4025644"
"7476","2","5","3","68","221","197","259","560","422","C4025648"
"8074","2","5","7","53","14","20","25","40","186","C4025648"
"4803","2","5","7","60","54","24","30","46","72","C4025649"
"64333","2","5","7","34","52","216","395","46","72","C4025649"
"25913","2","3","12","19","31","261","116","1","78","C4025649"
"249","2","3","5","27","51","335","444","560","373","C4025650"
"54","2","3","5","80","81","178","195","256","342","C4025650"
"7048","2","5","7","53","51","342","259","423","389","C4025650"
"4312","2","5","7","53","51","342","454","573","492","C4025650"
"3758","2","5","8","63","36","166","106","110","158","C4025650"
"1292","2","5","7","53","51","342","454","573","492","C4025650"
"5092","2","3","5","80","81","166","236","308","390","C4025650"
"5631","2","3","2","72","119","109","266","336","452","C4025650"
"27031","2","3","6","11","142","225","38","331","506","C4025650"
"7157","2","3","12","19","31","261","402","489","551","C4025651"
"8625","2","3","12","19","31","276","91","236","118","C4025651"
"2261","2","5","7","53","14","20","25","40","186","C4025651"
"1565","2","3","5","91","214","226","326","413","530","C4025651"
"5184","2","3","5","80","81","166","52","105","349","C4025651"
"7428","2","3","12","41","116","268","434","468","213","C4025651"
"5573","2","3","12","19","184","118","155","287","116","C4025651"
"374654","2","3","12","76","153","40","38","54","75","C4025656"
"6567","2","5","8","35","41","77","40","57","80","C4025656"
"26277","2","3","12","19","31","1","426","1","78","C4025656"
"9896","2","3","5","80","81","296","399","201","274","C4025659"
"5277","2","3","2","61","77","142","176","235","317","C4025659"
"3912","2","5","7","53","51","342","454","573","492","C4025660"
"23247","2","3","12","76","153","71","34","540","68","C4025660"
"3065","2","3","12","19","31","1","426","55","78","C4025660"
"7486","2","3","12","19","31","261","116","1","86","C4025660"
"701","2","3","12","76","153","40","38","54","75","C4025660"
"22858","2","3","7","53","14","20","34","540","68","C4025662"
"7415","2","3","7","34","52","216","395","536","445","C4025662"
"2218","2","5","2","53","123","194","255","560","373","C4025662"
"8260","2","3","12","41","85","266","76","287","78","C4025662"
"2736","2","3","12","41","116","321","428","54","667","C4025662"
"5317","2","5","7","34","52","216","142","220","298","C4025662"
"2260","2","5","7","53","14","20","25","40","186","C4025662"
"3767","2","5","8","63","36","166","106","110","158","C4025662"
"6011","2","5","7","53","14","20","34","540","68","C4025662"
"5627","2","5","7","53","51","342","454","573","702","C4025662"
"7468","2","3","12","19","31","1","426","55","78","C4025663"
"4893","2","5","7","34","52","24","30","46","72","C4025663"
"7020","2","3","12","19","31","276","91","433","664","C4025663"
"9896","2","3","5","80","81","296","399","201","274","C4025663"
"9968","2","4","3","24","119","330","214","454","144","C4025663"
"5154","2","5","7","53","51","342","454","573","186","C4025663"
"11231","2","3","2","110","105","178","226","297","380","C4025663"
"2778","2","5","4","68","96","326","427","548","672","C4025663"
"6218","2","3","2","110","85","237","433","547","671","C4025663"
"4763","2","5","7","60","54","24","30","46","214","C4025669"
"633","2","5","7","53","51","342","454","573","492","C4025669"
"9993","2","5","7","53","51","342","454","573","492","C4025669"
"2072","2","3","12","19","31","261","116","1","86","C4025669"
"54551","2","3","12","41","219","197","156","568","422","C4025669"
"6299","2","3","12","19","221","321","428","541","667","C4025669"
"6531","2","5","8","45","94","199","240","415","666","C4025669"
"4358","2","3","5","43","161","305","409","208","482","C4025669"
"2255","2","5","7","53","14","20","25","40","186","C4025669"
"1289","2","5","7","53","51","342","454","573","492","C4025669"
"5159","2","5","7","53","14","20","25","40","186","C4025669"
"55703","2","3","2","22","33","261","116","159","211","C4025669"
"1736","2","3","2","110","85","237","433","547","671","C4025670"
"3909","2","5","7","53","51","342","454","573","492","C4025670"
"64240","2","3","5","47","144","185","238","310","392","C4025670"
"4990","2","3","3","19","221","321","428","541","667","C4025671"
"54982","2","3","2","48","170","50","399","167","593","C4025671"
"9657","2","3","12","76","153","40","38","54","75","C4025672"
"3458","2","5","7","53","184","119","156","287","116","C4025672"
"10522","2","3","12","19","221","197","259","236","422","C4025672"
"2263","2","5","7","53","14","20","25","40","186","C4025673"
"55172","2","5","7","27","36","150","341","223","628","C4025673"
"4669","2","3","5","80","81","166","454","453","492","C4025673"
"9971","2","3","3","19","151","276","91","433","118","C4025674"
"2131","2","3","2","74","58","112","148","181","416","C4025674"
"2263","2","5","7","53","14","20","25","40","186","C4025675"
"1062","2","3","12","76","153","40","38","54","75","C4025675"
"5444","2","3","5","80","147","236","328","411","229","C4025675"
"8085","2","3","12","19","31","1","426","55","78","C4025676"
"288","2","5","7","76","153","40","38","54","203","C4025676"
"4998","2","3","12","76","31","261","116","1","86","C4025676"
"1280","2","5","7","53","51","342","454","573","492","C4025676"
"2263","2","5","7","53","14","20","25","40","186","C4025676"
"7439","2","5","8","63","45","23","34","464","187","C4025676"
"695","2","5","7","53","14","20","25","40","186","C4025679"
"5277","2","3","2","61","77","142","176","235","317","C4025679"
"134430","2","3","2","110","85","237","433","547","671","C4025681"
"540","2","5","8","63","45","23","103","464","187","C4025681"
"8924","2","3","12","41","116","268","434","468","213","C4025682"
"2263","2","5","7","53","14","20","25","40","186","C4025682"
"203228","2","3","2","48","57","110","141","359","462","C4025682"
"4998","2","3","12","76","31","261","116","1","86","C4025683"
"7040","2","5","7","53","51","342","454","573","492","C4025683"
"10484","2","3","7","60","153","40","38","54","203","C4025690"
"5468","2","3","3","19","151","276","91","433","118","C4025690"
"2200","2","5","7","53","51","342","454","573","492","C4025690"
"1280","2","5","7","53","51","342","454","573","492","C4025693"
"5130","2","3","2","85","143","286","51","488","102","C4025693"
"652","2","5","7","53","51","342","454","573","492","C4025693"
"5167","2","3","5","32","93","163","207","303","126","C4025695"
"1062","2","3","12","76","153","40","38","54","75","C4025695"
"4920","2","5","7","53","14","20","259","560","373","C4025695"
"8842","2","5","5","53","82","147","184","179","328","C4025695"
"5178","2","5","7","27","36","150","341","223","628","C4025695"
"2033","2","3","12","19","31","1","91","433","118","C4025696"
"2010","2","3","12","26","105","296","226","488","156","C4025696"
"4221","2","3","12","19","31","342","454","573","492","C4025698"
"25978","2","3","2","48","57","110","141","359","462","C4025698"
"4487","2","3","3","19","221","321","428","541","667","C4025699"
"54903","2","3","12","76","153","40","38","54","75","C4025699"
"11255","2","5","4","68","96","326","427","548","672","C4025700"
"2022","2","5","7","53","51","342","259","423","389","C4025700"
"9215","2","5","2","27","36","150","430","215","628","C4025703"
"2554","2","5","8","27","70","99","162","216","290","C4025703"
"1301","2","5","7","53","51","342","454","573","492","C4025703"
"57178","2","3","12","19","31","276","91","433","118","C4025720"
"2913","2","5","4","68","96","326","427","548","672","C4025720"
"1758","2","5","7","53","51","342","454","573","492","C4025720"
"7490","2","3","3","19","221","321","428","541","667","C4025723"
"1576","2","3","5","91","214","226","326","413","574","C4025723"
"54903","2","3","12","76","153","40","38","54","75","C4025723"
"3081","2","3","2","91","51","3","267","308","429","C4025723"
"3508","2","3","12","19","31","261","116","1","86","C4025723"
"6253","2","5","4","27","36","326","402","489","187","C4025723"
"4594","2","3","7","48","92","261","116","186","245","C4025723"
"6905","2","3","12","76","153","40","38","54","75","C4025723"
"29851","2","5","7","53","14","20","25","40","186","C4025723"
"7225","2","5","8","63","45","193","306","390","158","C4025723"
"8139","2","3","12","41","116","268","434","468","213","C4025723"
"6473","2","3","3","19","221","321","428","541","667","C4025728"
"203068","2","3","7","34","52","216","38","54","75","C4025728"
"10577","2","5","7","34","52","216","395","549","674","C4025728"
"1193","2","5","8","63","45","23","34","464","187","C4025728"
"1499","2","3","12","19","221","197","259","560","422","C4025728"
"10318","2","3","12","41","219","339","156","568","697","C4025728"
"1832","2","5","7","34","52","225","142","220","298","C4025728"
"10585","2","5","2","27","206","324","430","215","290","C4025731"
"7450","2","5","7","53","51","342","454","573","492","C4025731"
"2253","2","5","7","53","14","20","25","40","186","C4025731"
"55636","2","3","3","19","221","321","428","423","389","C4025731"
"841","2","3","12","41","219","339","156","568","697","C4025731"
"79143","2","3","5","116","183","295","398","243","327","C4025731"
"355","2","3","7","41","219","339","156","568","697","C4025733"
"3141","2","3","2","68","40","130","166","127","173","C4025733"
"5771","2","5","7","53","14","296","25","40","186","C4025735"
"54880","2","3","12","19","31","1","426","55","78","C4025735"
"3329","2","3","2","48","170","50","304","167","593","C4025735"
"208","2","5","7","53","14","20","34","540","68","C4025735"
"4602","2","3","12","19","31","1","155","287","116","C4025735"
"23400","2","5","8","63","45","23","103","464","187","C4025735"
"6121","2","3","2","69","83","101","126","170","224","C4025735"
"4629","2","5","8","63","45","23","103","464","187","C4025736"
"1497","2","5","2","63","182","50","103","297","628","C4025736"
"6125","2","3","2","110","85","237","433","547","671","C4025736"
"6555","2","5","8","45","94","199","240","415","666","C4025737"
"6611","2","3","2","58","55","25","46","329","198","C4025737"
"1848","2","3","5","42","81","296","399","201","274","C4025738"
"29954","2","5","2","27","206","324","430","215","290","C4025738"
"2108","2","3","2","48","170","50","119","444","556","C4025739"
"1019","2","3","12","19","31","1","116","1","86","C4025739"
"6391","2","3","2","48","170","50","119","444","556","C4025740"
"94","2","5","7","53","51","342","259","423","389","C4025740"
"5075","2","3","3","19","221","321","428","541","667","C4025741"
"25836","2","3","12","76","153","40","38","54","75","C4025741"
"2260","2","5","7","53","14","20","25","40","186","C4025741"
"875","2","3","5","80","137","44","21","451","316","C4025741"
"4541","2","3","2","48","170","50","119","444","24","C4025741"
"2253","2","5","7","53","14","20","25","40","186","C4025741"
"6622","2","3","7","27","36","150","341","223","628","C4025744"
"6925","2","3","12","19","31","225","142","220","298","C4025744"
"5130","2","3","2","85","143","286","51","488","102","C4025744"
"6347","2","5","7","53","51","119","427","489","416","C4025744"
"9897","2","3","12","76","18","75","38","1","212","C4025744"
"6326","2","5","8","63","36","166","341","390","158","C4025749"
"3590","2","5","7","53","51","119","25","40","416","C4025749"
"1723","2","3","2","48","170","50","119","444","556","C4025749"
"2178","2","3","12","19","31","261","116","1","86","C4025749"
"859","2","5","8","63","45","23","103","464","187","C4025749"
"4758","2","3","7","34","52","216","395","549","517","C4025749"
"701","2","3","12","76","153","40","38","54","75","C4025749"
"5830","2","3","5","43","161","305","409","208","482","C4025749"
"1137","2","5","8","27","70","99","162","216","290","C4025749"
"54756","2","5","7","41","219","238","118","543","214","C4025749"
"23322","2","3","12","76","153","40","38","54","75","C4025749"
"11093","2","5","7","53","51","342","454","573","492","C4025749"
"3373","2","3","5","80","51","342","454","573","492","C4025749"
"5308","2","3","3","19","221","321","428","541","667","C4025750"
"5155","2","5","7","53","51","342","454","573","186","C4025750"
"3339","2","5","7","53","51","342","454","573","492","C4025750"
"3909","2","5","7","53","51","342","454","573","492","C4025750"
"2245","2","5","7","60","54","24","30","46","72","C4025750"
"51715","2","5","7","60","54","24","30","46","72","C4025750"
"4843","2","3","5","43","161","305","409","489","416","C4025750"
"7299","2","3","5","23","18","138","250","332","407","C4025750"
"11010","2","5","7","34","52","216","395","549","674","C4025750"
"4353","2","3","7","34","52","216","395","549","674","C4025751"
"5696","2","3","12","41","116","268","156","568","116","C4025751"
"3718","2","5","7","53","14","20","25","40","186","C4025753"
"2332","2","3","2","22","33","71","373","466","609","C4025753"
"10262","2","3","2","22","33","323","66","101","136","C4025755"
"53632","2","3","2","48","57","110","141","359","462","C4025755"
"6792","2","5","7","53","14","20","34","540","68","C4025755"
"6567","2","5","8","35","41","77","40","57","80","C4025759"
"5077","2","3","3","19","221","321","428","541","667","C4025759"
"27173","2","5","5","27","81","99","162","216","290","C4025759"
"4893","2","5","7","34","52","24","30","46","72","C4025760"
"6335","2","5","8","63","36","166","341","390","158","C4025760"
"5167","2","3","5","32","93","163","207","303","126","C4025760"
"55670","2","3","5","43","161","305","409","208","482","C4025760"
"54101","2","3","2","48","170","50","347","167","593","C4025761"
"1647","2","3","12","19","31","1","116","1","86","C4025761"
"9719","2","5","7","53","51","342","454","573","492","C4025763"
"5644","2","5","7","68","51","119","395","549","674","C4025763"
"2263","2","5","7","53","14","20","25","40","186","C4025763"
"1437","2","5","7","53","14","20","25","40","186","C4025763"
"4041","2","5","3","68","221","197","259","560","422","C4025763"
"7507","2","3","12","19","31","261","116","1","86","C4025763"
"658","2","5","7","53","51","342","259","423","389","C4025763"
"1828","2","5","7","34","52","216","142","220","298","C4025763"
"5994","2","3","12","19","31","276","91","491","118","C4025763"
"5908","2","5","7","34","52","216","30","46","72","C4025763"
"2067","2","3","12","19","31","261","116","1","86","C4025763"
"1497","2","5","2","63","182","50","103","297","628","C4025763"
"23767","2","5","7","53","14","20","25","40","186","C4025777"
"4929","2","3","3","19","151","276","91","433","118","C4025777"
"335","2","5","7","53","51","342","454","573","492","C4025787"
"2176","2","3","12","19","31","261","116","1","86","C4025787"
"21","2","3","5","47","144","185","238","310","272","C4025787"
"5859","2","3","2","110","85","237","433","547","154","C4025787"
"2072","2","3","12","19","31","261","116","1","86","C4025787"
"7276","2","5","7","34","52","216","395","549","674","C4025787"
"5950","2","5","7","53","51","101","126","170","224","C4025787"
"84976","2","3","12","19","124","238","428","236","667","C4025787"
"9791","2","3","8","45","94","199","240","415","666","C4025787"
"4088","2","3","12","19","219","339","259","423","605","C4025787"
"3949","2","5","7","60","14","184","341","544","669","C4025788"
"3913","2","5","7","53","51","342","454","573","492","C4025788"
"7015","2","3","12","19","31","1","426","55","78","C4025788"
"4000","2","3","12","26","105","178","226","297","156","C4025788"
"4221","2","3","12","19","31","342","454","573","492","C4025788"
"3854","2","1","6","11","142","225","142","220","298","C4025788"
"6497","2","5","3","19","221","342","259","423","389","C4025788"
"3981","2","3","12","19","31","261","116","1","86","C4025788"
"54902","2","3","2","48","182","50","119","444","556","C4025788"
"6235","2","3","2","110","85","237","433","547","671","C4025789"
"4983","2","5","7","60","54","24","30","46","72","C4025789"
"22856","2","3","2","78","189","303","251","320","403","C4025796"
"4519","2","3","2","48","170","50","119","508","312","C4025796"
"5745","2","5","4","68","96","326","427","548","672","C4025799"
"7337","2","3","12","41","116","268","434","468","213","C4025799"
"26503","2","3","2","89","124","204","272","347","442","C4025799"
"5972","2","5","5","34","52","216","397","418","568","C4025799"
"7201","2","5","4","68","96","326","427","548","672","C4025799"
"6863","2","5","4","68","96","326","427","548","672","C4025799"
"83990","2","3","12","19","31","261","116","1","86","C4025805"
"1294","2","5","7","53","51","342","454","573","492","C4025805"
"5194","2","3","5","43","161","305","409","208","482","C4025806"
"1387","2","3","12","19","31","276","91","433","118","C4025806"
"6833","2","5","8","45","36","166","240","415","666","C4025810"
"5449","2","3","3","19","221","321","428","541","667","C4025810"
"627","2","5","7","53","51","335","444","423","373","C4025811"
"6335","2","5","8","63","36","166","341","390","158","C4025811"
"1717","2","3","2","19","151","276","48","69","204","C4025811"
"23085","2","3","2","76","153","110","141","543","411","C4025811"
"4222","2","3","3","19","221","321","428","541","667","C4025819"
"25978","2","3","2","48","57","110","141","359","462","C4025819"
"152926","2","3","2","67","92","293","55","75","311","C4025819"
"2159","2","5","7","68","51","119","454","549","674","C4025819"
"6557","2","5","8","45","94","199","240","415","666","C4025819"
"1029","2","3","12","19","31","1","116","1","664","C4025819"
"3549","2","5","3","53","51","197","259","560","422","C4025819"
"4921","2","5","7","53","14","20","25","573","186","C4025819"
"3458","2","5","7","53","184","119","156","287","116","C4025819"
"126328","2","3","2","48","170","50","119","444","556","C4025819"
"29887","2","3","7","60","18","110","141","198","270","C4025819"
"585","2","3","12","76","153","40","38","54","75","C4025819"
"7056","2","5","7","53","51","119","454","573","492","C4025821"
"51204","2","3","2","48","170","50","119","444","556","C4025821"
"5745","2","5","4","68","96","326","427","548","672","C4025821"
"6335","2","5","8","63","36","166","341","390","158","C4025821"
"5915","2","3","3","19","151","276","91","433","118","C4025821"
"23742","2","5","5","68","96","326","427","447","586","C4025821"
"9871","2","3","7","60","153","40","38","54","203","C4025821"
"10269","2","3","2","48","182","50","119","444","556","C4025821"
"8787","2","5","4","68","96","326","427","548","672","C4025821"
"23025","2","5","7","60","36","71","341","223","624","C4025821"
"1280","2","5","7","53","51","342","454","573","492","C4025821"
"28982","2","3","5","25","44","165","101","274","358","C4025821"
"5591","2","3","12","19","31","261","116","1","86","C4025821"
"10013","2","3","12","19","31","143","91","236","311","C4025821"
"4292","2","3","12","19","31","261","116","1","86","C4025821"
"3575","2","5","7","53","51","184","341","544","669","C4025821"
"6578","2","3","5","35","41","77","40","57","80","C4025821"
"3123","2","5","7","53","51","119","156","287","116","C4025821"
"8799","2","3","5","43","161","305","409","208","482","C4025823"
"5075","2","3","3","19","221","321","428","541","667","C4025823"
"5015","2","3","3","19","221","321","428","541","667","C4025823"
"6505","2","3","2","45","94","199","240","415","666","C4025823"
"2189","2","3","12","19","31","261","116","1","86","C4025823"
"4125","2","3","7","34","52","216","395","549","674","C4025823"
"3549","2","5","3","53","51","197","259","560","422","C4025823"
"8604","2","3","2","48","170","50","304","167","593","C4025823"
"5224","2","3","5","90","167","266","367","500","577","C4025823"
"3190","2","3","2","22","33","323","66","101","136","C4025828"
"3561","2","5","7","53","14","20","25","40","186","C4025828"
"9401","2","3","12","76","31","261","116","1","86","C4025828"
"258","2","5","7","53","51","342","454","573","492","C4025829"
"10000","2","5","7","53","14","20","34","540","68","C4025829"
"3560","2","5","7","53","14","20","25","40","186","C4025830"
"2290","2","3","3","19","221","321","428","541","667","C4025830"
"10312","2","3","7","34","52","216","395","549","674","C4025830"
"10908","2","3","2","97","173","275","377","473","592","C4025830"
"6885","2","3","12","41","219","339","156","568","697","C4025831"
"10280","2","3","2","110","85","52","57","86","119","C4025831"
"6678","2","5","7","53","51","342","454","573","492","C4025835"
"10002","2","3","3","19","151","276","91","433","118","C4025835"
"339896","2","3","2","101","62","189","182","509","409","C4025836"
"2239","2","3","2","74","51","342","454","573","492","C4025836"
"2733","2","3","2","22","33","323","66","101","664","C4025836"
"7474","2","5","3","68","221","184","259","544","669","C4025836"
"545","2","3","12","19","31","261","116","1","86","C4025836"
"1299","2","5","7","53","51","342","454","573","492","C4025836"
"6945","2","3","12","19","31","110","141","488","102","C4025836"
"3620","2","3","5","91","214","183","307","391","507","C4025838"
"11154","2","5","7","60","18","184","341","544","669","C4025838"
"8518","2","3","12","19","31","1","426","55","78","C4025838"
"4041","2","5","3","68","221","197","259","560","422","C4025838"
"672","2","3","12","19","31","261","116","1","86","C4025838"
"1147","2","3","12","41","219","339","156","568","697","C4025838"
"2798","2","5","4","68","96","326","427","548","672","C4025838"
"4720","2","3","2","48","170","50","119","444","556","C4025838"
"1581","2","3","5","19","151","276","91","433","118","C4025838"
"23600","2","3","5","80","81","305","409","208","482","C4025838"
"5818","2","5","7","53","51","335","444","560","373","C4025838"
"6821","2","3","5","114","211","332","175","556","256","C4025838"
"3209","2","3","3","19","221","321","428","541","667","C4025838"
"6473","2","3","3","19","221","321","428","541","667","C4025838"
"55151","2","3","2","26","35","85","38","54","75","C4025838"
"1760","2","5","8","63","14","20","34","540","68","C4025838"
"547","2","3","7","76","153","40","38","54","75","C4025838"
"5048","2","3","12","76","153","40","38","54","75","C4025838"
"7415","2","3","7","34","52","216","395","536","445","C4025838"
"2483","2","3","2","22","33","323","66","101","136","C4025841"
"3852","2","1","6","11","142","225","142","220","298","C4025841"
"4645","2","3","4","67","92","293","55","75","311","C4025843"
"3575","2","5","7","53","51","184","341","544","669","C4025843"
"51085","2","3","2","48","57","110","141","359","462","C4025844"
"2067","2","3","12","19","31","261","116","1","86","C4025844"
"1584","2","3","5","79","159","256","276","353","456","C4025844"
"10370","2","3","12","19","31","276","91","433","118","C4025844"
"26119","2","5","7","60","14","184","341","544","669","C4025844"
"5896","2","3","12","41","116","268","434","568","605","C4025844"
"3458","2","5","7","53","184","119","156","287","116","C4025844"
"1030","2","3","12","19","31","1","426","55","78","C4025844"
"5447","2","3","5","91","214","271","372","471","586","C4025844"
"59","2","5","8","63","45","23","103","464","187","C4025844"
"26277","2","3","12","19","31","1","426","1","78","C4025844"
"6389","2","3","2","48","170","50","119","444","556","C4025844"
"6662","2","3","3","19","221","321","428","541","667","C4025844"
"54345","2","5","3","19","221","321","428","541","667","C4025844"
"2064","2","5","7","53","14","20","25","40","186","C4025844"
"1408","2","3","3","19","151","276","91","433","118","C4025844"
"4763","2","5","7","60","54","24","30","46","214","C4025844"
"4322","2","5","7","53","51","342","454","573","492","C4025844"
"3239","2","3","3","19","221","321","428","541","667","C4025844"
"5621","2","5","8","27","36","342","454","573","628","C4025844"
"84733","2","3","12","19","31","1","426","55","78","C4025844"
"10855","2","5","7","34","52","216","395","549","674","C4025845"
"23545","2","3","5","29","88","132","85","222","346","C4025845"
"7043","2","5","7","53","51","342","454","573","492","C4025845"
"3060","2","5","4","68","96","326","427","548","672","C4025845"
"9987","2","3","2","22","33","323","66","101","136","C4025845"
"2056","2","5","7","53","51","119","25","40","186","C4025845"
"4284","2","3","5","80","81","166","397","374","486","C4025845"
"1277","2","5","7","53","51","342","454","573","492","C4025845"
"54209","2","5","7","53","51","119","395","549","674","C4025845"
"1302","2","5","7","53","51","342","454","573","492","C4025845"
"3689","2","5","7","34","52","216","395","549","674","C4025845"
"975","2","5","7","53","51","119","395","549","674","C4025845"
"8425","2","5","7","53","51","342","454","573","492","C4025845"
"55572","2","3","2","48","170","50","119","444","556","C4025845"
"5015","2","3","3","19","221","321","428","541","667","C4025847"
"24","2","3","12","41","116","268","423","536","445","C4025847"
"1999","2","3","3","19","221","321","428","148","667","C4025849"
"5213","2","3","2","90","167","266","367","500","577","C4025849"
"9968","2","4","3","24","119","330","214","454","144","C4025849"
"10084","2","3","2","22","33","323","66","101","136","C4025849"
"3295","2","3","5","43","161","305","409","208","482","C4025849"
"5925","2","3","12","19","31","1","426","55","78","C4025850"
"3206","2","3","3","19","221","321","428","541","667","C4025850"
"55605","2","3","12","76","153","40","38","54","75","C4025853"
"5894","2","5","7","60","54","23","34","464","187","C4025853"
"8322","2","5","3","68","221","184","259","544","669","C4025857"
"5159","2","5","7","53","14","20","25","40","186","C4025857"
"6390","2","3","2","48","170","50","119","444","556","C4025857"
"25942","2","3","12","19","31","1","426","55","78","C4025858"
"860","2","3","12","19","31","276","91","433","118","C4025858"
"1678","2","3","2","48","170","50","304","167","593","C4025858"
"9056","2","3","8","45","94","199","240","415","666","C4025858"
"3251","2","3","4","68","96","326","427","341","150","C4025858"
"2247","2","5","7","53","14","20","25","40","186","C4025858"
"8241","2","3","2","22","33","323","66","101","136","C4025860"
"2492","2","5","4","68","96","326","427","548","672","C4025860"
"3953","2","5","7","53","14","20","25","40","186","C4025860"
"6718","2","3","2","46","136","227","168","225","490","C4025860"
"51626","2","3","12","76","153","40","38","54","75","C4025860"
"1311","2","5","7","53","51","342","454","573","492","C4025860"
"55294","2","3","12","41","116","268","434","468","213","C4025860"
"79890","2","5","7","60","54","24","30","46","72","C4025860"
"6597","2","3","12","19","31","1","426","55","78","C4025860"
"4137","2","3","7","27","36","150","341","223","628","C4025860"
"25","2","3","12","19","14","20","25","287","116","C4025860"
"2253","2","5","7","53","14","20","25","40","186","C4025860"
"3767","2","5","8","63","36","166","106","110","158","C4025871"
"56616","2","3","12","41","219","339","156","568","697","C4025871"
"2702","2","3","12","76","153","40","38","54","75","C4025871"
"2778","2","5","4","68","96","326","427","548","672","C4025871"
"1813","2","5","4","68","96","326","427","548","672","C4025871"
"7157","2","3","12","19","31","261","402","489","551","C4025871"
"2778","2","5","4","68","96","326","427","548","672","C4025871"
"3977","2","5","7","53","51","119","25","40","416","C4025871"
"23305","2","3","2","67","92","265","284","126","171","C4025871"
"6497","2","5","3","19","221","342","259","423","389","C4025871"
"9217","2","3","2","50","47","39","100","321","255","C4025876"
"54567","2","5","7","53","51","143","428","236","667","C4025876"
"9076","2","5","6","42","36","71","177","64","219","C4025878"
"103","2","3","2","110","184","119","156","287","116","C4025878"
"1947","2","5","7","53","51","20","25","560","373","C4025881"
"8216","2","3","12","41","119","330","214","454","144","C4025881"
"25886","2","3","12","76","153","76","136","472","435","C4025881"
"81858","2","5","7","60","36","71","341","223","219","C4025881"
"816","2","5","7","53","14","20","34","540","68","C4025881"
"23509","2","3","2","89","124","143","428","236","667","C4025881"
"3106","2","5","7","34","52","119","395","549","674","C4025881"
"215","2","3","5","47","144","185","238","310","392","C4025884"
"547","2","3","7","76","153","40","38","54","75","C4025884"
"2261","2","5","7","53","14","20","25","40","186","C4025884"
"242","2","3","5","11","142","223","142","220","298","C4025884"
"4846","2","3","5","41","219","75","243","44","64","C4025887"
"7099","2","5","7","41","219","339","156","568","697","C4025887"
"9244","2","5","7","53","51","119","25","40","416","C4025887"
"50814","2","3","2","69","221","73","360","86","119","C4025887"
"6687","2","3","2","48","170","50","119","444","593","C4025888"
"10577","2","5","7","34","52","216","395","549","674","C4025888"
"7681","2","3","12","41","116","268","434","468","213","C4025888"
"7508","2","3","12","19","31","261","116","1","664","C4025888"
"554","2","5","4","68","96","326","427","548","672","C4025891"
"4982","2","5","12","41","219","339","156","568","697","C4025891"
"2629","2","3","5","80","81","250","291","152","420","C4025891"
"5290","2","3","7","53","14","20","25","40","186","C4025891"
"9211","2","5","7","27","36","150","341","223","628","C4025891"
"2737","2","3","12","19","116","321","428","54","667","C4025891"
"257","2","3","3","19","221","321","428","541","667","C4025891"
"9582","2","3","12","76","153","40","38","54","75","C4025891"
"6786","2","5","8","63","45","23","103","464","187","C4025891"
"7290","2","3","12","19","31","1","426","55","78","C4025892"
"26053","2","3","12","19","31","1","426","55","78","C4025892"
"51128","2","5","7","60","153","24","38","46","72","C4025892"
"5077","2","3","3","19","221","321","428","541","667","C4025892"
"4508","2","3","2","48","170","50","119","444","556","C4025892"
"6519","2","3","5","45","94","199","240","415","666","C4025892"
"5592","2","5","4","53","14","20","34","540","68","C4025892"
"11141","2","5","7","53","36","335","444","223","373","C4025892"
"1548","2","3","5","91","214","226","326","447","586","C4025892"
"7040","2","5","7","53","51","342","454","573","492","C4025893"
"9469","2","3","2","103","189","303","29","475","467","C4025893"
"6584","2","3","8","45","94","199","240","415","666","C4025893"
"55651","2","3","2","110","85","237","433","547","671","C4025895"
"4000","2","3","12","26","105","178","226","297","156","C4025895"
"7299","2","3","5","23","18","138","250","332","407","C4025895"
"4056","2","3","5","80","175","271","372","471","229","C4025895"
"2538","2","3","5","90","216","333","438","561","689","C4025895"
"11277","2","3","12","19","31","261","116","1","86","C4025895"
"2629","2","3","5","80","81","250","291","152","420","C4025895"
"6736","2","3","12","19","31","276","91","433","667","C4025895"
"8842","2","5","5","53","82","147","184","179","328","C4025895"
"2717","2","3","7","34","52","216","395","549","674","C4025896"
"6529","2","5","8","45","94","199","240","415","666","C4025896"
"2624","2","3","12","19","31","1","155","287","116","C4025896"
"23630","2","5","8","63","36","166","106","110","158","C4025896"
"54765","2","3","12","48","182","50","119","444","556","C4025896"
"7066","2","5","7","53","51","119","25","573","416","C4025896"
"51164","2","3","7","76","153","40","38","54","75","C4025896"
"11005","2","1","6","11","142","225","142","220","298","C4025899"
"51741","2","3","2","22","33","323","66","101","127","C4025899"
"54808","2","3","12","76","153","40","38","54","75","C4025899"
"5604","2","5","7","53","14","20","34","540","68","C4025899"
"1161","2","3","12","41","116","268","434","468","213","C4025900"
"10911","2","5","4","68","96","326","427","548","672","C4025900"
"1029","2","3","12","19","31","1","116","1","664","C4025900"
"2623","2","3","12","19","31","1","155","287","116","C4025900"
"1499","2","3","12","19","221","197","259","560","422","C4025900"
"5053","2","3","5","80","81","166","236","308","390","C4025900"
"5627","2","5","7","53","51","342","454","573","702","C4025900"
"7051","2","1","6","11","142","225","142","220","298","C4025900"
"8625","2","3","12","19","31","276","91","236","118","C4025900"
"8675","2","5","7","60","54","24","98","66","203","C4025900"
"1291","2","5","7","53","51","342","454","573","492","C4025900"
"5602","2","3","12","19","14","150","34","540","68","C4025900"
"25978","2","3","2","48","57","110","141","359","462","C4025900"
"5193","2","3","5","43","161","305","409","208","482","C4025901"
"6821","2","3","5","114","211","332","175","556","256","C4025901"
"3257","2","5","7","60","54","24","30","46","72","C4025901"
"2038","2","5","7","11","142","225","142","220","116","C4025901"
"6777","2","5","7","53","14","20","25","40","186","C4025901"
"2033","2","3","12","19","31","1","91","433","118","C4025901"
"2767","2","5","4","68","96","326","427","548","672","C4025901"
"1131","2","5","4","68","96","326","427","548","672","C4025901"
"368","2","3","12","41","116","268","423","536","445","C4025901"
"6331","2","5","8","63","36","166","341","223","158","C4025901"
"7507","2","3","12","19","31","261","116","1","86","C4025901"
"5506","2","3","12","76","137","76","136","82","658","C4025901"
"5743","2","3","5","53","175","119","167","489","416","C4025901"
"652","2","5","7","53","51","342","454","573","492","C4042891"
"8915","2","3","12","41","219","339","156","568","697","C4042891"
"5573","2","3","12","19","184","118","155","287","116","C4042891"
"50846","2","3","3","68","221","197","259","560","422","C4042891"
"120892","2","3","2","110","85","28","164","85","522","C4042891"
"51360","2","3","3","26","35","276","91","433","203","C4042891"
"1879","2","3","3","19","151","276","91","433","118","C4048199"
"26580","2","5","8","27","70","99","162","216","290","C4048199"
"3664","2","5","7","53","184","119","156","287","116","C4048199"
"3115","2","5","7","53","184","119","156","287","116","C4048199"
"7248","2","3","2","48","57","110","141","359","462","C4048268"
"9382","2","5","7","60","153","40","38","66","203","C4048268"
"9844","2","5","7","60","14","20","25","40","72","C4048268"
"1859","2","3","7","53","14","20","34","540","68","C4048268"
"1896","2","5","12","41","219","339","156","568","697","C4048268"
"8642","2","5","7","53","51","335","444","560","373","C4048268"
"2811","2","5","7","53","51","1","454","573","78","C4048268"
"5660","2","5","7","34","52","326","427","548","702","C4048268"
"6927","2","3","3","19","221","321","428","541","667","C4048268"
"55636","2","3","3","19","221","321","428","423","389","C4048268"
"29110","2","3","12","41","219","339","156","568","697","C4048268"
"1380","2","5","7","53","51","119","395","549","674","C4048268"
"6863","2","5","4","68","96","326","427","548","672","C4048268"
"161582","2","3","2","48","57","110","141","359","462","C4048268"
"2296","2","3","3","19","221","321","428","541","667","C4048268"
"9786","2","3","12","76","153","40","38","54","75","C4048268"
"4000","2","3","12","26","105","178","226","297","156","C4048268"
"1493","2","5","7","53","51","119","25","40","186","C4048268"
"6049","2","3","12","41","116","268","434","468","213","C4048268"
"9180","2","5","7","53","51","119","25","549","416","C4048268"
"27429","2","3","12","41","219","339","156","568","697","C4048268"
"594","2","3","2","67","92","293","55","75","311","C4048268"
"974","2","5","7","53","51","119","395","549","674","C4048268"
"4843","2","3","5","43","161","305","409","489","416","C4048268"
"1584","2","3","5","79","159","256","276","353","456","C4048273"
"2176","2","3","12","19","31","261","116","1","86","C4048273"
"1583","2","3","5","79","152","273","375","100","589","C4048273"
"25886","2","3","12","76","153","76","136","472","435","C4048273"
"1728","2","3","2","41","116","268","434","568","605","C4048273"
"71","2","5","7","60","14","184","103","544","669","C4048273"
"5832","2","3","2","101","62","189","182","509","252","C4048273"
"50945","2","3","3","48","170","335","347","560","373","C4048273"
"2200","2","5","7","53","51","342","454","573","492","C4048273"
"367","2","3","12","19","31","276","91","433","118","C4048273"
"2332","2","3","2","22","33","71","373","466","609","C4048273"
"79722","2","3","12","76","153","40","38","54","75","C4048705"
"26608","2","3","2","22","170","50","119","463","153","C4048705"
"6710","2","5","7","60","14","20","25","40","186","C4048705"
"673","2","5","7","53","14","20","34","540","68","C4048798"
"2074","2","3","12","19","31","1","426","55","78","C4048798"
"1584","2","3","5","79","159","256","276","353","456","C4048798"
"57412","2","3","5","80","81","105","426","129","586","C4048798"
"2879","2","3","5","80","81","166","378","173","229","C4048798"
"6492","2","3","3","19","151","276","91","433","118","C4048798"
"4621","2","5","8","63","45","23","103","464","187","C4048798"
"2239","2","3","2","74","51","342","454","573","492","C4048798"
"158","2","3","4","96","177","61","373","341","142","C4048798"
"5961","2","5","7","27","51","326","126","414","702","C4048798"
"229","2","3","2","90","167","266","367","500","577","C4048800"
"728","2","5","4","34","96","326","427","548","672","C4048800"
"22926","2","3","12","19","31","276","91","433","118","C4048801"
"6948","2","5","7","48","51","105","139","186","245","C4048801"
"50484","2","3","5","80","109","182","235","307","506","C4048801"
"2072","2","3","12","19","31","261","116","1","86","C4048801"
"7293","2","3","12","41","219","339","156","568","697","C4048801"
"8910","2","5","8","63","45","23","103","464","187","C4049796"
"9095","2","5","7","53","51","335","444","560","373","C4049796"
"28234","2","5","8","35","41","77","40","57","80","C4049796"
"26353","2","3","12","76","45","160","347","271","356","C4049796"
"54209","2","5","7","53","51","119","395","549","674","C4049796"
"9791","2","3","8","45","94","199","240","415","666","C4049796"
"7681","2","3","12","41","116","268","434","468","213","C4049796"
"5771","2","5","7","53","14","296","25","40","186","C4049796"
"5422","2","3","12","19","31","261","116","1","86","C4049796"
"3122","2","5","7","53","184","119","156","287","116","C4049796"
"5663","2","5","7","34","52","216","395","549","667","C4049796"
"55612","2","5","7","60","36","71","177","560","701","C4049796"
"3425","2","3","5","80","81","166","454","573","492","C4049796"
"1161","2","3","12","41","116","268","434","468","213","C4049796"
"54714","2","5","8","63","36","166","106","110","158","C4049796"
"3507","2","5","7","53","51","119","395","549","674","C4049796"
"633","2","5","7","53","51","342","454","573","492","C4049796"
"6329","2","5","8","63","36","166","341","390","158","C4049796"
"51057","2","3","12","76","153","40","38","54","75","C4049796"
"2554","2","5","8","27","70","99","162","216","290","C4049796"
"6910","2","3","12","19","51","335","444","560","373","C4049796"
"5290","2","3","7","53","14","20","25","40","186","C4049796"
"1816","2","5","4","68","96","326","427","548","672","C4049796"
"9731","2","3","12","76","153","40","38","54","75","C4053775"
"8516","2","5","7","53","51","342","454","573","492","C4053775"
"5518","2","3","12","76","153","40","38","54","435","C4053775"
"1298","2","5","7","53","51","342","454","573","492","C4053775"
"4313","2","5","7","53","51","342","454","573","492","C4053775"
"5657","2","5","7","34","52","216","395","549","674","C4053775"
"51360","2","3","3","26","35","276","91","433","203","C4053775"
"1280","2","5","7","53","51","342","454","573","492","C4072826"
"7170","2","5","8","63","45","23","103","464","187","C4072826"
"8626","2","3","3","19","221","321","428","541","667","C4072826"
"8722","2","3","7","76","153","40","38","54","75","C4072826"
"3784","2","5","8","63","36","166","106","110","158","C4072826"
"2177","2","3","2","110","90","261","431","545","443","C4072826"
"54658","2","3","2","78","205","207","67","355","138","C4072826"
"8517","2","3","12","41","219","339","156","568","697","C4072826"
"5644","2","5","7","68","51","119","395","549","674","C4072826"
"4000","2","3","12","26","105","178","226","297","156","C4072826"
"2218","2","5","2","53","123","194","255","560","373","C4072826"
"338","2","5","7","53","51","342","454","573","492","C4072826"
"3759","2","5","8","63","36","166","106","110","158","C4072826"
"3483","2","5","7","53","51","342","454","573","492","C4072826"
"5428","2","3","2","48","170","50","119","167","593","C4072826"
"9533","2","3","2","19","31","1","426","55","78","C4072826"
"4318","2","5","7","34","52","216","395","573","492","C4072826"
"2643","2","3","5","87","91","75","204","267","352","C4072826"
"958","2","5","7","53","51","119","156","568","697","C4072826"
"5987","2","3","12","41","116","225","142","220","298","C4072827"
"23529","2","5","7","53","51","119","25","40","416","C4072827"
"3043","2","5","7","34","52","216","395","549","116","C4072827"
"10892","2","5","7","53","219","119","156","568","697","C4072827"
"10804","2","3","12","76","153","40","38","54","75","C4072827"
"2263","2","5","7","53","14","20","25","40","186","C4072827"
"5444","2","3","5","80","147","236","328","411","229","C4072827"
"9466","2","5","7","53","51","119","395","549","674","C4072827"
"7915","2","3","5","87","39","74","191","250","285","C4072827"
"3593","2","5","7","53","51","119","25","489","416","C4072827"
"2109","2","3","2","48","170","50","119","444","556","C4072827"
"9227","2","3","2","69","51","101","126","170","224","C4072827"
"1717","2","3","2","19","151","276","48","69","204","C4072827"
"26281","2","5","7","53","14","20","25","40","186","C4072827"
"1586","2","3","5","79","98","256","335","425","540","C4072827"
"7372","2","3","2","68","119","109","266","182","182","C4072827"
"127534","2","3","12","76","153","40","38","54","75","C4072827"
"1301","2","5","7","53","51","342","454","573","492","C4072827"
"5295","2","5","7","53","14","20","25","40","186","C4072827"
"6469","2","5","3","53","221","197","259","560","422","C4072827"
"2068","2","3","12","19","31","261","116","159","211","C4072830"
"6390","2","3","2","48","170","50","119","444","556","C4072830"
"7353","2","3","12","41","219","339","156","568","605","C4072830"
"10716","2","5","7","53","51","335","444","560","373","C4072830"
"3845","2","5","7","60","54","24","30","46","72","C4072830"
"25939","2","3","12","53","184","119","156","287","116","C4072830"
"79661","2","3","12","19","31","261","116","1","86","C4072830"
"6662","2","3","3","19","221","321","428","541","667","C4072830"
"5048","2","3","12","76","153","40","38","54","75","C4072830"
"4683","2","3","12","19","31","261","116","1","86","C4072830"
"4763","2","5","7","60","54","24","30","46","214","C4072830"
"23780","2","5","7","53","51","342","454","216","290","C4072830"
"4000","2","3","12","26","105","178","226","297","156","C4072830"
"404672","2","3","12","19","31","1","116","159","211","C4072830"
"1146","2","5","8","27","70","99","162","216","290","C4072830"
"2146","2","3","12","19","31","1","426","55","78","C4072830"
"54539","2","3","2","48","170","50","119","444","556","C4072830"
"10002","2","3","3","19","151","276","91","433","118","C4072830"
"6777","2","5","7","53","14","20","25","40","186","C4072830"
"4000","2","3","12","26","105","178","226","297","156","C4072830"
"5728","2","3","5","80","81","339","156","568","605","C4072831"
"5727","2","3","12","68","221","197","259","560","422","C4072831"
"2720","2","3","7","34","52","216","395","21","599","C4072831"
"4613","2","3","12","19","31","1","426","55","78","C4072831"
"10682","2","5","4","68","96","326","48","69","204","C4072831"
"3787","2","5","8","63","36","166","106","110","158","C4072831"
"7153","2","3","12","19","31","261","116","1","86","C4072831"
"2969","2","3","12","19","31","276","91","433","118","C4072831"
"9332","2","5","7","53","51","216","395","549","674","C4072831"
"55157","2","3","2","110","85","67","76","252","154","C4072831"
"1312","2","3","2","87","79","105","426","129","25","C4072831"
"1026","2","3","12","19","31","1","116","489","416","C4072834"
"5644","2","5","7","68","51","119","395","549","674","C4072834"
"6336","2","5","8","63","36","166","341","390","158","C4072834"
"5781","2","5","7","53","14","20","25","40","186","C4072834"
"2639","2","3","2","71","148","34","160","115","164","C4072834"
"4125","2","3","7","34","52","216","395","549","674","C4072834"
"54209","2","5","7","53","51","119","395","549","674","C4072834"
"10815","2","5","7","60","36","71","341","223","666","C4072834"
"55509","2","3","12","19","31","276","91","433","118","C4072834"
"6567","2","5","8","35","41","77","40","57","80","C4072834"
"8626","2","3","3","19","221","321","428","541","667","C4072834"
"26227","2","3","2","41","137","44","208","81","108","C4072834"
"6792","2","5","7","53","14","20","34","540","68","C4072834"
"5873","2","5","7","34","54","24","30","46","72","C4072834"
"8742","2","3","12","41","219","339","156","568","697","C4072834"
"2720","2","3","7","34","52","216","395","21","599","C4072834"
"207","2","3","7","53","14","20","34","489","416","C4072834"
"51119","2","3","2","110","85","237","433","547","671","C4072834"
"5744","2","5","4","68","96","326","427","548","672","C4072834"
"1893","2","5","7","53","51","342","454","573","702","C4072834"
"5159","2","5","7","53","14","20","25","40","186","C4072834"
"8242","2","3","12","19","31","1","426","55","78","C4072834"
"7403","2","3","12","19","31","1","426","55","78","C4072834"
"2706","2","3","12","76","153","40","38","54","75","C4072834"
"2175","2","3","12","19","31","261","116","1","86","C4072834"
"29123","2","3","12","19","151","276","91","433","118","C4072834"
"2146","2","3","12","19","31","1","426","55","78","C4072834"
"1020","2","3","12","19","14","118","34","540","68","C4072834"
"338","2","5","7","53","51","342","454","573","492","C4072834"
"6736","2","3","12","19","31","276","91","433","667","C4072834"
"6638","2","3","2","22","33","323","66","101","136","C4072834"
"5096","2","3","2","48","40","130","166","127","173","C4072835"
"26353","2","3","12","76","45","160","347","271","356","C4072835"
"51422","2","3","2","48","57","110","141","359","462","C4072835"
"4990","2","3","3","19","221","321","428","541","667","C4072835"
"51099","2","3","2","67","92","293","55","75","311","C4072835"
"11281","2","3","3","19","221","321","428","541","667","C4072835"
"831","2","5","7","53","51","342","454","573","492","C4072835"
"8643","2","5","3","68","221","197","259","560","422","C4072835"
"51082","2","3","2","19","31","1","426","55","78","C4072835"
"5290","2","3","7","53","14","20","25","40","186","C4072835"
"7290","2","3","12","19","31","1","426","55","78","C4072835"
"1145","2","5","8","27","70","99","162","216","290","C4072835"
"54901","2","3","2","110","85","152","129","252","154","C4072835"
"5889","2","3","12","19","31","261","116","1","86","C4072836"
"5468","2","3","3","19","151","276","91","433","118","C4072836"
"9820","2","3","12","41","116","268","434","468","213","C4072836"
"9126","2","3","12","76","153","40","38","54","75","C4072836"
"5621","2","5","8","27","36","342","454","573","628","C4072836"
"103","2","3","2","110","184","119","156","287","116","C4072836"
"1301","2","5","7","53","51","342","454","573","492","C4072836"
"658","2","5","7","53","51","342","259","423","389","C4072836"
"4308","2","5","8","63","45","193","306","390","158","C4072836"
"359","2","3","5","80","81","166","397","374","486","C4072836"
"990","2","3","12","76","31","261","116","1","86","C4072836"
"538","2","3","8","63","45","23","103","464","187","C4072836"
"6532","2","5","8","45","94","199","240","415","666","C4072836"
"1140","2","5","8","27","70","99","162","216","290","C4072837"
"4838","2","5","3","53","221","321","259","423","389","C4072837"
"2056","2","5","7","53","51","119","25","40","186","C4072837"
"9241","2","5","7","53","51","342","259","423","389","C4072837"
"51604","2","3","2","61","77","142","176","235","317","C4072837"
"9060","2","3","2","68","18","63","69","102","143","C4072837"
"5551","2","5","7","53","51","119","395","549","674","C4072837"
"4853","2","3","12","19","124","143","428","236","667","C4072837"
"5626","2","3","3","19","221","321","428","541","667","C4072837"
"127833","2","5","7","60","14","184","341","544","669","C4072837"
"55572","2","3","2","48","170","50","119","444","556","C4072837"
"779","2","5","8","63","36","166","341","390","158","C4072837"
"667","2","5","7","53","51","342","454","573","492","C4072837"
"1030","2","3","12","19","31","1","426","55","78","C4072837"
"5605","2","5","7","53","14","20","34","540","68","C4072837"
"1107","2","3","12","19","31","1","426","55","78","C4072837"
"56652","2","3","3","19","151","276","91","433","118","C4072837"
"6611","2","3","2","58","55","25","46","329","198","C4072837"
"2697","2","3","7","76","153","40","38","54","75","C4072837"
"3998","2","3","7","60","153","40","202","66","203","C4072837"
"5159","2","5","7","53","14","20","25","40","186","C4072837"
"6399","2","5","7","60","54","24","30","46","72","C4072837"
"50940","2","3","4","68","96","326","427","548","672","C4072837"
"84879","2","3","5","85","143","286","51","488","102","C4072837"
"10018","2","3","7","41","219","339","402","489","72","C4072837"
"1301","2","5","7","53","51","342","454","573","492","C4072841"
"7403","2","3","12","19","31","1","426","55","78","C4072841"
"3791","2","5","7","53","51","342","454","573","492","C4072841"
"10559","2","3","2","89","124","204","272","347","451","C4072841"
"3551","2","3","12","41","219","339","156","568","697","C4072841"
"1947","2","5","7","53","51","20","25","560","373","C4072841"
"11128","2","3","2","22","33","261","116","159","211","C4072842"
"6785","2","3","5","67","7","5","239","311","393","C4072842"
"3848","2","5","7","34","52","225","142","220","298","C4072842"
"29108","2","5","7","34","52","216","395","549","674","C4072842"
"3284","2","3","2","69","98","169","299","183","243","C4072842"
"8451","2","3","12","41","116","268","434","468","213","C4072842"
"26278","2","3","12","41","116","268","347","271","356","C4072847"
"633","2","5","7","53","51","342","454","573","492","C4072847"
"29951","2","5","7","53","51","119","91","549","674","C4072847"
"2149","2","5","4","68","96","326","427","548","672","C4072847"
"2263","2","5","7","53","14","20","25","40","186","C4072847"
"8314","2","3","12","41","31","1","426","55","78","C4072848"
"7403","2","3","12","19","31","1","426","55","78","C4072848"
"9049","2","3","3","41","151","276","378","271","356","C4072848"
"3984","2","5","7","53","14","20","34","540","68","C4072848"
"55699","2","3","2","110","85","67","76","252","154","C4072848"
"5621","2","5","8","27","36","342","454","573","628","C4072849"
"10560","2","3","2","65","196","310","127","527","648","C4072849"
"4843","2","3","5","43","161","305","409","489","416","C4072849"
"1355","2","3","2","48","170","50","119","444","556","C4072849"
"5244","2","3","3","41","151","276","91","433","118","C4072849"
"30813","2","3","3","19","221","321","428","541","667","C4072849"
"1027","2","3","12","19","31","1","116","1","86","C4072849"
"4791","2","3","12","41","219","339","156","568","697","C4072849"
"9126","2","3","12","76","153","40","38","54","75","C4072849"
"5346","2","3","3","19","151","276","91","433","118","C4072849"
"2033","2","3","12","19","31","1","91","433","118","C4072849"
"2896","2","5","7","34","52","216","395","549","674","C4072849"
"3383","2","5","7","53","51","119","454","287","116","C4072849"
"10516","2","5","7","53","51","342","454","573","492","C4072849"
"6295","2","3","4","68","45","272","427","518","621","C4072849"
"23522","2","3","12","19","31","1","426","55","78","C4072849"
"4010","2","3","3","19","221","321","428","541","667","C4072849"
"5354","2","5","7","27","36","150","341","223","628","C4072849"
"22930","2","5","7","60","54","24","30","46","72","C4072849"
"6775","2","5","7","53","14","119","25","40","186","C4072849"
"3291","2","3","2","69","83","101","94","133","318","C4072849"
"6338","2","5","8","63","45","23","34","464","187","C4072849"
"55636","2","3","3","19","221","321","428","423","389","C4072849"
"1736","2","3","2","110","85","237","433","547","671","C4072853"
"112755","2","5","7","60","36","71","341","223","203","C4072853"
"5189","2","3","5","43","161","305","409","208","482","C4072857"
"1289","2","5","7","53","51","342","454","573","492","C4072857"
"2916","2","5","4","68","96","326","427","548","672","C4072857"
"57680","2","3","12","19","31","1","426","55","78","C4072857"
"1186","2","5","8","63","45","23","34","464","187","C4072857"
"4683","2","3","12","19","31","261","116","1","86","C4072858"
"5741","2","5","4","68","96","326","427","548","672","C4072858"
"587","2","3","2","67","94","199","182","75","666","C4072858"
"8506","2","5","7","53","51","342","454","573","492","C4072858"
"796","2","5","4","68","96","326","427","548","672","C4072858"
"9723","2","5","7","53","51","342","79","560","373","C4072863"
"5727","2","3","12","68","221","197","259","560","422","C4072863"
"79663","2","3","12","11","36","150","362","448","304","C4072863"
"5621","2","5","8","27","36","342","454","573","628","C4072863"
"51182","2","3","12","22","33","323","347","271","356","C4072863"
"6569","2","3","8","45","94","199","240","415","666","C4072863"
"5147","2","3","5","60","54","24","30","46","72","C4072863"
"5449","2","3","3","19","221","321","428","541","667","C4072863"
"5314","2","3","12","76","153","40","38","54","75","C4072863"
"6329","2","5","8","63","36","166","341","390","158","C4072873"
"4292","2","3","12","19","31","261","116","1","86","C4072873"
"1281","2","5","7","53","51","342","454","573","492","C4072873"
"207","2","3","7","53","14","20","34","489","416","C4072877"
"5261","2","5","7","53","14","20","34","540","68","C4072877"
"2100","2","3","3","19","151","276","91","433","118","C4072878"
"4313","2","5","7","53","51","342","454","573","492","C4072878"
"5956","2","5","4","68","96","326","427","548","672","C4072879"
"3594","2","5","7","53","51","119","25","560","373","C4072879"
"2530","2","5","2","68","67","320","98","180","279","C4072879"
"2903","2","5","7","53","14","20","25","223","219","C4072879"
"10269","2","3","2","48","182","50","119","444","556","C4072879"
"4982","2","5","12","41","219","339","156","568","697","C4072879"
"5311","2","5","8","63","45","166","306","390","158","C4072879"
"4864","2","3","5","48","152","184","341","544","669","C4072879"
"3984","2","5","7","53","14","20","34","540","68","C4072879"
"2778","2","5","4","68","96","326","427","548","672","C4072879"
"5979","2","5","7","53","14","20","25","40","186","C4072879"
"6390","2","3","2","48","170","50","119","444","556","C4072879"
"6532","2","5","8","45","94","199","240","415","666","C4072879"
"5860","2","3","2","69","91","75","204","267","352","C4072879"
"4952","2","3","5","60","54","184","30","544","669","C4072879"
"3651","2","3","3","19","221","321","428","541","667","C4072879"
"1147","2","3","12","41","219","339","156","568","697","C4072879"
"6262","2","5","8","63","45","23","34","464","187","C4072879"
"6663","2","3","3","19","221","321","428","541","667","C4072879"
"5290","2","3","7","53","14","20","25","40","186","C4072879"
"6121","2","3","2","69","83","101","126","170","224","C4072879"
"59335","2","1","6","11","142","193","306","390","158","C4072879"
"5993","2","3","12","19","31","1","426","55","78","C4072880"
"11315","2","3","2","48","170","50","399","201","229","C4072880"
"5396","2","3","3","19","221","321","428","541","667","C4072880"
"2121","2","3","12","41","116","268","434","568","605","C4072880"
"5626","2","3","3","19","221","321","428","541","667","C4072880"
"5081","2","3","3","19","221","321","428","541","667","C4072881"
"4000","2","3","12","26","105","178","226","297","156","C4072881"
"778","2","5","8","63","36","166","341","223","158","C4072881"
"2629","2","3","5","80","81","250","291","152","420","C4072881"
"4624","2","5","8","63","45","23","103","464","187","C4072881"
"7468","2","3","12","19","31","1","426","55","78","C4072884"
"4137","2","3","7","27","36","150","341","223","628","C4072884"
"4519","2","3","2","48","170","50","119","508","312","C4072885"
"3284","2","3","2","69","98","169","299","183","243","C4072885"
"3115","2","5","7","53","184","119","156","287","116","C4072885"
"27031","2","3","6","11","142","225","38","331","506","C4072885"
"3717","2","5","7","53","14","20","25","40","186","C4072897"
"5727","2","3","12","68","221","197","259","560","422","C4072897"
"51741","2","3","2","22","33","323","66","101","127","C4072897"
"1717","2","3","2","19","151","276","48","69","204","C4072928"
"9056","2","3","8","45","94","199","240","415","666","C4072928"
"5002","2","5","8","45","94","199","240","415","666","C4072928"
"7547","2","3","3","19","221","321","428","541","667","C4072928"
"8200","2","5","7","53","51","342","259","423","389","C4072928"
"3425","2","3","5","80","81","166","454","573","492","C4072928"
"3630","2","5","7","53","14","20","25","40","186","C4072980"
"7415","2","3","7","34","52","216","395","536","445","C4072980"
"6683","2","3","12","76","153","40","38","54","75","C4072980"
"7043","2","5","7","53","51","342","454","573","492","C4072980"
"58","2","5","8","63","45","23","103","464","187","C4072987"
"207","2","3","7","53","14","20","34","489","416","C4072987"
"2952","2","3","5","91","175","271","372","471","586","C4072987"
"1106","2","3","12","19","31","1","426","55","78","C4072987"
"6628","2","3","2","22","33","323","66","101","136","C4072987"
"1890","2","3","5","80","81","296","62","94","150","C4073127"
"4694","2","3","2","48","170","50","119","444","556","C4073127"
"7373","2","5","7","53","51","342","454","573","492","C4073137"
"5076","2","3","3","19","221","321","428","541","667","C4073137"
"1300","2","5","7","53","51","342","454","573","492","C4073137"
"7473","2","5","3","68","221","197","259","560","422","C4073137"
"7050","2","3","12","19","31","321","428","541","667","C4073145"
"613","2","5","7","60","54","24","30","46","72","C4073145"
"63894","2","3","2","48","81","184","202","66","203","C4073162"
"4882","2","3","4","68","96","326","427","548","672","C4073162"
"54583","2","3","12","41","116","268","434","568","605","C4073168"
"1062","2","3","12","76","153","40","38","54","75","C4073168"
"2798","2","5","4","68","96","326","427","548","672","C4073245"
"26277","2","3","12","19","31","1","426","1","78","C4073245"
"10804","2","3","12","76","153","40","38","54","75","C4073290"
"10815","2","5","7","60","36","71","341","223","666","C4073290"
"22856","2","3","2","78","189","303","251","320","403","C4073290"
"2778","2","5","4","68","96","326","427","548","672","C4073290"
"10269","2","3","2","48","182","50","119","444","556","C4073290"
"3553","2","5","7","53","51","119","25","489","416","C4073291"
"3030","2","3","2","48","57","339","44","65","31","C4073291"
"3892","2","1","6","11","142","225","142","220","298","C4073291"
"546","2","3","12","19","31","261","426","1","86","C4073291"
"1387","2","3","12","19","31","276","91","433","118","C4073291"
"10002","2","3","3","19","151","276","91","433","118","C4073291"
"54902","2","3","2","48","182","50","119","444","556","C4073292"
"4538","2","3","2","48","170","50","119","444","556","C4073292"
"8642","2","5","7","53","51","335","444","560","373","C4073292"
"2263","2","5","7","53","14","20","25","40","186","C4073292"
"5116","2","3","12","76","153","40","38","54","75","C4073292"
"4221","2","3","12","19","31","342","454","573","492","C4073292"
"103","2","3","2","110","184","119","156","287","116","C4073292"
"6916","2","3","5","91","175","119","167","224","301","C4073292"
"54806","2","5","7","76","153","40","38","54","75","C4073292"
"2876","2","3","5","80","81","110","378","173","229","C4073292"
"9049","2","3","3","41","151","276","378","271","356","C4073292"
"5599","2","3","12","19","31","1","34","540","68","C4073292"
"50640","2","3","5","116","183","295","398","243","327","C4073292"
"5034","2","5","7","53","51","342","454","573","492","C4082168"
"10019","2","5","7","53","14","20","25","40","116","C4082168"
"2006","2","5","7","53","51","342","454","573","492","C4082168"
"8838","2","5","7","53","51","342","259","423","389","C4082168"
"6683","2","3","12","76","153","40","38","54","75","C4082168"
"8481","2","3","12","76","153","40","38","54","75","C4082168"
"5604","2","5","7","53","14","20","34","540","68","C4082169"
"5495","2","3","12","41","219","339","347","287","664","C4082169"
"3918","2","5","7","53","51","342","454","573","492","C4082169"
"4792","2","3","12","41","219","339","156","568","605","C4082169"
"582","2","3","12","76","153","76","38","54","75","C4082169"
"84062","2","5","7","60","18","184","341","544","669","C4082169"
"4519","2","3","2","48","170","50","119","508","312","C4082169"
"5906","2","5","7","34","52","216","30","46","72","C4082169"
"7157","2","3","12","19","31","261","402","489","551","C4082169"
"332","2","3","12","76","153","40","38","54","75","C4082169"
"10804","2","3","12","76","153","40","38","54","75","C4082169"
"2717","2","3","7","34","52","216","395","549","674","C4082169"
"53834","2","5","7","53","51","342","454","573","492","C4082169"
"2138","2","3","12","19","31","1","426","55","78","C4082169"
"846","2","5","4","68","96","326","427","548","672","C4082169"
"28514","2","5","7","53","51","143","428","236","667","C4082169"
"5660","2","5","7","34","52","326","427","548","702","C4082169"
"183","2","5","4","68","96","326","427","548","672","C4082169"
"4000","2","3","12","26","105","178","226","297","156","C4082169"
"25974","2","3","7","48","51","105","139","186","245","C4082169"
"91137","2","3","2","48","94","199","240","415","666","C4082169"
"1487","2","3","12","19","31","1","426","55","340","C4082169"
"5885","2","3","12","76","153","40","38","54","75","C4082169"
"1639","2","3","12","76","153","40","38","54","75","C4082169"
"1906","2","5","4","68","96","326","427","548","672","C4082173"
"23503","2","3","6","11","142","225","142","220","298","C4082173"
"3543","2","5","7","53","51","119","395","549","674","C4082173"
"54507","2","5","6","11","142","225","142","220","298","C4082173"
"4221","2","3","12","19","31","342","454","573","492","C4082173"
"958","2","5","7","53","51","119","156","568","697","C4082173"
"8091","2","3","12","110","109","22","262","129","638","C4082173"
"55325","2","5","7","34","181","23","119","544","187","C4082173"
"23746","2","3","12","41","83","101","126","271","356","C4082173"
"3845","2","5","7","60","54","24","30","46","72","C4082173"
"5913","2","5","7","27","36","71","341","223","219","C4082173"
"6908","2","3","12","19","31","1","116","159","211","C4082173"
"7422","2","5","7","53","51","342","454","573","702","C4082173"
"11311","2","3","12","19","31","118","155","287","116","C4082173"
"4705","2","3","2","48","170","50","119","444","556","C4082173"
"1201","2","3","2","48","170","50","304","167","593","C4082173"
"5268","2","3","6","11","142","225","142","220","298","C4082173"
"842","2","3","12","41","219","339","156","568","697","C4082299"
"1717","2","3","2","19","151","276","48","69","204","C4082299"
"51199","2","3","12","76","153","40","38","54","75","C4082299"
"23395","2","3","2","110","85","67","76","252","154","C4082299"
"4538","2","3","2","48","170","50","119","444","556","C4082299"
"6888","2","3","2","90","167","266","367","500","577","C4082299"
"26137","2","5","7","63","45","184","103","572","658","C4082299"
"215","2","3","5","47","144","185","238","310","392","C4082299"
"5727","2","3","12","68","221","197","259","560","422","C4082299"
"8036","2","5","7","60","54","296","399","359","658","C4082299"
"2290","2","3","3","19","221","321","428","541","667","C4082299"
"5446","2","3","5","80","147","236","328","411","528","C4082299"
"7020","2","3","12","19","31","276","91","433","664","C4082299"
"6197","2","3","12","19","14","20","34","540","68","C4082299"
"1836","2","3","2","35","41","94","260","330","375","C4082299"
"114548","2","3","12","41","219","339","156","568","697","C4082299"
"10269","2","3","2","48","182","50","119","444","556","C4082299"
"3918","2","5","7","53","51","342","454","573","492","C4082299"
"51119","2","3","2","110","85","237","433","547","671","C4082299"
"3035","2","3","2","110","85","237","433","547","154","C4082304"
"9215","2","5","2","27","36","150","430","215","628","C4082304"
"9966","2","5","12","41","219","339","156","568","697","C4082304"
"4522","2","3","5","15","166","104","262","121","167","C4082304"
"2261","2","5","7","53","14","20","25","40","186","C4082304"
"1026","2","3","12","19","31","1","116","489","416","C4082304"
"5095","2","3","2","48","40","130","166","127","173","C4082304"
"2299","2","3","3","19","221","321","428","541","667","C4082304"
"1146","2","5","8","27","70","99","162","216","290","C4082304"
"6736","2","3","12","19","31","276","91","433","667","C4082304"
"79048","2","3","2","110","85","237","433","547","671","C4082304"
"7124","2","3","12","41","219","339","156","568","697","C4082304"
"59","2","5","8","63","45","23","103","464","187","C4082304"
"1618","2","3","2","22","33","323","66","101","136","C4082304"
"2273","2","5","8","63","45","23","103","464","187","C4082304"
"7957","2","3","5","42","81","296","399","201","274","C4082304"
"1278","2","5","7","53","51","342","454","573","492","C4082304"
"54903","2","3","12","76","153","40","38","54","75","C4082304"
"6323","2","5","8","63","36","166","341","390","158","C4082304"
"4803","2","5","7","60","54","24","30","46","72","C4082304"
"4860","2","3","7","34","52","216","395","549","150","C4082304"
"10060","2","3","8","41","45","23","423","464","445","C4082304"
"5429","2","3","12","19","31","261","116","1","86","C4082304"
"9632","2","3","7","60","153","40","38","54","203","C4082304"
"2317","2","5","7","63","45","23","103","287","664","C4082764"
"2779","2","5","4","68","96","326","427","548","672","C4082764"
"29760","2","5","7","53","14","20","25","40","186","C4082764"
"5573","2","3","12","19","184","118","155","287","116","C4082764"
"8425","2","5","7","53","51","342","454","573","492","C4083046"
"50618","2","5","7","60","54","24","30","544","669","C4083046"
"22930","2","5","7","60","54","24","30","46","72","C4083046"
"27086","2","3","12","19","221","321","428","541","667","C4083048"
"4261","2","3","12","53","184","119","156","287","116","C4083048"
"8557","2","5","8","63","45","23","103","464","187","C4083050"
"5727","2","3","12","68","221","197","259","560","422","C4083050"
"10585","2","5","2","27","206","324","430","215","290","C4083050"
"148738","2","5","7","53","51","342","444","560","373","C4083050"
"3930","2","3","2","22","33","323","66","3","464","C4083050"
"79650","2","3","2","22","33","323","66","101","136","C4083050"
"6812","2","5","7","27","36","150","341","223","628","C4083050"
"3115","2","5","7","53","184","119","156","287","116","C4083050"
"7306","2","5","5","23","18","138","250","332","407","C4083050"
"5373","2","3","2","90","167","123","158","207","278","C4083050"
"8622","2","3","4","68","96","326","427","548","672","C4083050"
"55690","2","3","2","48","57","110","141","359","462","C4083050"
"1807","2","3","5","80","23","186","79","560","273","C4083050"
"3815","2","5","7","53","14","20","25","40","186","C4083050"
"673","2","5","7","53","14","20","34","540","68","C4083050"
"5339","2","5","7","53","51","342","454","573","492","C4083050"
"23545","2","3","5","29","88","132","85","222","346","C4083050"
"9640","2","3","12","19","31","261","116","159","211","C4083050"
"2811","2","5","7","53","51","1","454","573","78","C4083050"
"23064","2","3","6","11","31","261","142","220","664","C4083050"
"5422","2","3","12","19","31","261","116","1","86","C4083050"
"1848","2","3","5","42","81","296","399","201","274","C4083212"
"23508","2","3","12","41","219","339","347","271","356","C4083212"
"10516","2","5","7","53","51","342","454","573","492","C4083212"
"4621","2","5","8","63","45","23","103","464","187","C4225426"
"4221","2","3","12","19","31","342","454","573","492","C4225426"
"6521","2","5","8","35","41","199","40","415","666","C4225426"
"673","2","5","7","53","14","20","34","540","68","C4225426"
"2645","2","3","2","90","167","266","367","101","664","C4225427"
"5314","2","3","12","76","153","40","38","54","75","C4225427"
"8626","2","3","3","19","221","321","428","541","667","C4225429"
"1906","2","5","4","68","96","326","427","548","672","C4225429"
"9993","2","5","7","53","51","342","454","573","492","C4225429"
"4750","2","5","12","76","14","20","34","540","68","C4225669"
"410","2","3","7","34","52","216","395","549","674","C4225669"
"10752","2","5","7","53","51","335","444","560","373","C4228227"
"9896","2","3","5","80","81","296","399","201","274","C4228227"
"7466","2","5","7","53","51","342","454","573","492","C4228227"
"4094","2","3","12","19","31","276","91","433","118","C4228227"
"7474","2","5","3","68","221","184","259","544","669","C4228227"
"3949","2","5","7","60","14","184","341","544","669","C4228227"
"4041","2","5","3","68","221","197","259","560","422","C4228227"
"2736","2","3","12","41","116","321","428","54","667","C4228227"
"2261","2","5","7","53","14","20","25","40","186","C4228227"
"2657","2","5","7","53","51","342","259","423","389","C4228227"
"3265","2","5","7","60","54","24","30","46","72","C4228227"
"538","2","3","8","63","45","23","103","464","187","C4228227"
"368","2","3","12","41","116","268","423","536","445","C4228227"
"3651","2","3","3","19","221","321","428","541","667","C4228933"
"9152","2","5","8","45","94","199","240","415","666","C4228933"
"4763","2","5","7","60","54","24","30","46","214","C4228933"
"2099","2","3","12","19","151","276","91","433","118","C4228933"
"8195","2","3","12","76","153","76","38","54","75","C4228933"
"1717","2","3","2","19","151","276","48","69","204","C4229090"
"1280","2","5","7","53","51","342","454","573","492","C4229090"
"1292","2","5","7","53","51","342","454","573","492","C4229090"
"3587","2","5","7","53","51","119","395","549","674","C4229090"
"1184","2","5","8","63","45","23","34","464","187","C4255098"
"2260","2","5","7","53","14","20","25","40","186","C4255098"
"3123","2","5","7","53","51","119","156","287","116","C4255098"
"51062","2","5","7","27","36","150","402","489","373","C4273730"
"2629","2","3","5","80","81","250","291","152","420","C4273730"
"4338","2","3","2","110","85","75","204","267","352","C4273730"
"1139","2","5","8","27","70","99","162","216","290","C4273730"
"6557","2","5","8","45","94","199","240","415","666","C4273730"
"4724","2","3","2","48","170","50","119","444","556","C4274077"
"23363","2","3","12","41","116","268","434","468","213","C4274077"
"2131","2","3","2","74","58","112","148","181","416","C4274118"
"5982","2","3","12","19","31","261","116","1","86","C4274118"
"5146","2","3","5","86","72","258","318","403","518","C4274118"
"8878","2","3","12","41","219","339","156","568","697","C4274118"
"10908","2","3","2","97","173","275","377","473","592","C4274324"
"5631","2","3","2","72","119","109","266","336","452","C4274324"
"3953","2","5","7","53","14","20","25","40","186","C4274324"
"7226","2","5","7","34","52","216","395","549","674","C4274354"
"6319","2","3","5","19","151","340","45","22","698","C4274354"
"29078","2","3","2","48","170","50","119","444","556","C4274354"
"5080","2","3","3","19","221","321","428","541","667","C4274354"
"51128","2","5","7","60","153","24","38","46","72","C4274355"
"3909","2","5","7","53","51","342","454","573","492","C4274355"
"10195","2","3","2","48","69","99","162","216","290","C4274355"
"11315","2","3","2","48","170","50","399","201","229","C4274355"
"1387","2","3","12","19","31","276","91","433","118","C4274355"
"1848","2","3","5","42","81","296","399","201","274","C4274355"
"5728","2","3","5","80","81","339","156","568","605","C4274355"
"2146","2","3","12","19","31","1","426","55","78","C4275179"
"2937","2","3","2","83","171","97","381","478","597","C4275179"
"8864","2","3","3","19","151","276","91","433","118","C4275179"
"11277","2","3","12","19","31","261","116","1","86","C4275179"
"5447","2","3","5","91","214","271","372","471","586","C4275179"
"54332","2","3","2","60","170","40","98","66","203","C4275179"
"346171","2","3","12","19","31","1","426","55","78","C4275179"
"805","2","5","8","53","45","20","34","464","187","C4275179"
"6473","2","3","3","19","221","321","428","541","667","C4275179"
"28234","2","5","8","35","41","77","40","57","80","C4275179"
"8241","2","3","2","22","33","323","66","101","136","C4280251"
"54902","2","3","2","48","182","50","119","444","556","C4280251"
"2006","2","5","7","53","51","342","454","573","492","C4280251"
"1161","2","3","12","41","116","268","434","468","213","C4280251"
"1759","2","5","7","60","14","184","341","544","669","C4280251"
"1001","2","5","7","53","51","335","444","560","373","C4280251"
"10758","2","3","12","41","219","339","156","568","697","C4280252"
"1161","2","3","12","41","116","268","434","468","213","C4280252"
"5190","2","3","5","43","161","305","409","208","482","C4280252"
"9289","2","5","4","68","96","326","427","548","672","C4280253"
"7809","2","5","8","63","45","23","34","464","187","C4280253"
"546","2","3","12","19","31","261","426","1","86","C4280258"
"4867","2","5","7","76","153","40","38","54","75","C4280258"
"4598","2","3","2","19","151","276","198","259","427","C4280258"
"25914","2","3","12","41","116","339","409","359","187","C4280258"
"10743","2","3","3","19","151","276","91","433","118","C4280258"
"3796","2","3","12","76","153","40","38","54","75","C4280261"
"8799","2","3","5","43","161","305","409","208","482","C4280261"
"203228","2","3","2","48","57","110","141","359","462","C4280261"
"2879","2","3","5","80","81","166","378","173","229","C4280262"
"1289","2","5","7","53","51","342","454","573","492","C4280262"
"51317","2","3","12","19","31","1","426","55","78","C4280262"
"1906","2","5","4","68","96","326","427","548","672","C4280262"
"29851","2","5","7","53","14","20","25","40","186","C4280262"
"58","2","5","8","63","45","23","103","464","187","C4280262"
"4920","2","5","7","53","14","20","259","560","373","C4280262"
"6926","2","5","7","53","51","335","259","560","373","C4280262"
"6635","2","3","2","22","33","323","66","101","136","C4280262"
"3239","2","3","3","19","221","321","428","541","667","C4280262"
"5447","2","3","5","91","214","271","372","471","586","C4280262"
"1855","2","5","12","76","153","197","259","560","422","C4280262"
"2316","2","5","7","53","51","342","454","573","702","C4280262"
"6342","2","3","5","80","161","305","409","208","482","C4280262"
"2006","2","5","7","53","51","342","454","573","492","C4280262"
"112752","2","3","12","76","153","40","38","54","75","C4280262"
"8195","2","3","12","76","153","76","38","54","75","C4280262"
"387","2","5","7","60","54","24","30","46","72","C4280262"
"579","2","3","3","19","221","321","428","541","667","C4280262"
"3329","2","3","2","48","170","50","304","167","593","C4280262"
"4089","2","3","12","19","219","339","259","423","605","C4280262"
"8085","2","3","12","19","31","1","426","55","78","C4280262"
"5654","2","5","7","53","51","342","454","573","492","C4280262"
"6005","2","3","2","16","197","45","155","78","695","C4280262"
"2488","2","5","4","68","96","326","427","548","672","C4280262"
"51360","2","3","3","26","35","276","91","433","203","C4280262"
"7314","2","3","12","41","219","261","409","208","482","C4280262"
"5832","2","3","2","101","62","189","182","509","252","C4280262"
"2048","2","5","7","53","14","20","25","560","373","C4280262"
"4038","2","5","7","53","51","342","454","573","492","C4280262"
"60","2","3","12","60","45","184","155","287","78","C4280262"
"9241","2","5","7","53","51","342","259","423","389","C4280263"
"6469","2","5","3","53","221","197","259","560","422","C4280263"
"6491","2","3","12","76","153","40","38","54","75","C4280263"
"2200","2","5","7","53","51","342","454","573","492","C4280264"
"4038","2","5","7","53","51","342","454","573","492","C4280264"
"5979","2","5","7","53","14","20","25","40","186","C4280264"
"5972","2","5","5","34","52","216","397","418","568","C4280264"
"6340","2","5","8","63","45","23","34","464","187","C4280267"
"811","2","3","2","41","116","342","423","536","342","C4280267"
"7468","2","3","12","19","31","1","426","55","78","C4280268"
"6469","2","5","3","53","221","197","259","560","422","C4280268"
"4893","2","5","7","34","52","24","30","46","72","C4280268"
"1499","2","3","12","19","221","197","259","560","422","C4280268"
"9227","2","3","2","69","51","101","126","170","224","C4280269"
"5830","2","3","5","43","161","305","409","208","482","C4280269"
"10555","2","3","7","34","52","216","395","549","622","C4280269"
"3845","2","5","7","60","54","24","30","46","72","C4280269"
"7170","2","5","8","63","45","23","103","464","187","C4280269"
"8822","2","5","7","53","14","20","25","40","186","C4280269"
"54880","2","3","12","19","31","1","426","55","78","C4280269"
"7369","2","5","7","53","51","119","395","549","674","C4280269"
"1296","2","5","7","53","51","342","454","573","492","C4280269"
"359787","2","3","2","22","33","323","104","146","194","C4280269"
"1959","2","3","3","19","151","276","91","433","118","C4280269"
"60","2","3","12","60","45","184","155","287","78","C4280269"
"1373","2","3","8","84","97","167","210","271","536","C4280269"
"2896","2","5","7","34","52","216","395","549","674","C4280269"
"9361","2","3","2","48","170","50","119","444","556","C4280269"
"9401","2","3","12","76","31","261","116","1","86","C4280269"
"10013","2","3","12","19","31","143","91","236","311","C4280269"
"471","2","3","5","80","81","61","373","341","142","C4280269"
"2052","2","3","5","91","130","114","290","367","475","C4280269"
"2627","2","3","12","19","31","118","155","287","116","C4280269"
"540","2","5","8","63","45","23","103","464","187","C4280269"
"196","2","3","3","19","151","276","91","433","118","C4280269"
"2099","2","3","12","19","151","276","91","433","118","C4280269"
"26012","2","3","12","19","31","261","116","159","211","C4280269"
"2521","2","3","2","22","33","323","66","101","136","C4280269"
"4758","2","3","7","34","52","216","395","549","517","C4280269"
"6392","2","3","2","48","170","50","119","444","556","C4280269"
"54888","2","3","2","110","85","152","129","252","154","C4280269"
"37","2","3","2","110","105","178","226","297","380","C4280288"
"2703","2","3","12","76","153","40","38","54","75","C4280288"
"1717","2","3","2","19","151","276","48","69","204","C4280288"
"6100","2","3","2","22","33","323","66","101","136","C4280288"
"778","2","5","8","63","36","166","341","223","158","C4280288"
"6928","2","3","3","19","221","321","428","541","667","C4280289"
"4208","2","3","12","19","151","276","91","433","118","C4280289"
"4072","2","5","7","53","51","119","454","573","492","C4280333"
"7390","2","3","5","80","81","166","132","175","473","C4280333"
"4609","2","3","12","19","31","1","160","107","416","C4280333"
"51062","2","5","7","27","36","150","402","489","373","C4280333"
"5644","2","5","7","68","51","119","395","549","674","C4280333"
"3052","2","3","2","48","170","50","119","444","556","C4280333"
"23020","2","3","2","22","33","323","66","101","136","C4280333"
"1493","2","5","7","53","51","119","25","40","186","C4280333"
"6657","2","3","12","19","221","321","428","541","667","C4280333"
"5144","2","3","4","68","96","326","427","548","672","C4280333"
"9573","2","5","7","53","51","342","259","423","389","C4280333"
"6473","2","3","3","19","221","321","428","541","667","C4280333"
"11311","2","3","12","19","31","118","155","287","116","C4280333"
"57728","2","3","12","76","153","40","38","54","75","C4280333"
"6559","2","5","8","45","94","199","240","415","666","C4280333"
"57761","2","3","7","53","14","20","34","540","68","C4280333"
"10269","2","3","2","48","182","50","119","444","556","C4280333"
"6875","2","3","12","19","31","261","116","159","211","C4280333"
"10345","2","5","8","63","45","23","34","464","187","C4280333"
"23400","2","5","8","63","45","23","103","464","187","C4280333"
"5594","2","5","7","34","14","20","34","540","274","C4280333"
"8842","2","5","5","53","82","147","184","179","328","C4280333"
"2488","2","5","4","68","96","326","427","548","672","C4280335"
"7249","2","3","7","60","57","110","141","359","462","C4280335"
"10161","2","5","4","68","96","326","427","548","672","C4280335"
"64788","2","5","5","11","51","225","142","220","298","C4280341"
"23322","2","3","12","76","153","40","38","54","75","C4280341"
"3757","2","5","8","63","36","166","106","110","158","C4280341"
"55343","2","3","4","68","69","306","410","520","639","C4280341"
"3209","2","3","3","19","221","321","428","541","667","C4280341"
"5649","2","5","7","53","51","342","444","560","373","C4280341"
"51259","2","3","2","76","153","40","38","54","75","C4280342"
"29887","2","3","7","60","18","110","141","198","270","C4280342"
"3209","2","3","3","19","221","321","428","541","667","C4280342"
"1956","2","5","7","53","14","184","45","544","669","C4280342"
"2108","2","3","2","48","170","50","119","444","556","C4280342"
"7490","2","3","3","19","221","321","428","541","667","C4280342"
"4853","2","3","12","19","124","143","428","236","667","C4280363"
"182","2","5","7","53","51","143","428","236","667","C4280363"
"1292","2","5","7","53","51","342","454","573","492","C4280363"
"9949","2","3","2","22","33","225","142","220","298","C4280363"
"2720","2","3","7","34","52","216","395","21","599","C4280365"
"5788","2","5","7","34","52","216","395","549","674","C4280365"
"5116","2","3","12","76","153","40","38","54","75","C4280365"
"8322","2","5","3","68","221","184","259","544","669","C4280365"
"6609","2","3","5","105","155","250","291","152","420","C4280367"
"7291","2","3","12","19","151","276","91","489","416","C4280367"
"595","2","3","12","19","31","1","426","489","416","C4280367"
"4638","2","5","7","53","45","23","103","464","187","C4280368"
"3977","2","5","7","53","51","119","25","40","416","C4280368"
"5156","2","5","7","53","14","20","25","40","186","C4280368"
"652","2","5","7","53","51","342","454","573","492","C4280368"
"4629","2","5","8","63","45","23","103","464","187","C4280368"
"8517","2","3","12","41","219","339","156","568","697","C4280368"
"2121","2","3","12","41","116","268","434","568","605","C4280368"
"79188","2","3","2","48","182","50","119","444","666","C4280368"
"2316","2","5","7","53","51","342","454","573","702","C4280368"
"10269","2","3","2","48","182","50","119","444","556","C4280368"
"1585","2","3","5","79","159","256","351","100","589","C4280368"
"4722","2","3","2","48","170","50","119","444","556","C4280368"
"148","2","5","4","68","96","326","427","548","672","C4280368"
"2261","2","5","7","53","14","20","25","40","186","C4280368"
"5447","2","3","5","91","214","271","372","471","586","C4280368"
"4867","2","5","7","76","153","40","38","54","75","C4280368"
"23432","2","3","12","41","116","268","38","54","75","C4280368"
"10686","2","5","6","42","36","71","177","64","219","C4280368"
"3295","2","3","5","43","161","305","409","208","482","C4280368"
"3872","2","1","6","11","142","225","142","220","298","C4280368"
"212","2","3","2","67","92","293","55","487","116","C4280368"
"25793","2","3","12","41","116","268","434","468","213","C4280368"
"1717","2","3","2","19","151","276","48","69","204","C4280369"
"582","2","3","12","76","153","76","38","54","75","C4280369"
"2516","2","3","3","19","151","276","91","433","118","C4280369"
"23064","2","3","6","11","31","261","142","220","664","C4280369"
"4157","2","5","4","68","96","326","427","548","672","C4280369"
"132","2","3","2","110","85","237","433","80","394","C4280369"
"6853","2","5","7","27","36","150","341","223","628","C4280369"
"79944","2","3","2","48","170","50","119","220","298","C4280369"
"5573","2","3","12","19","184","118","155","287","116","C4280369"
"9966","2","5","12","41","219","339","156","568","697","C4280369"
"8822","2","5","7","53","14","20","25","40","186","C4280369"
"6521","2","5","8","35","41","199","40","415","666","C4280369"
"10342","2","3","7","60","219","40","202","66","203","C4280369"
"3265","2","5","7","60","54","24","30","46","72","C4280369"
"3596","2","5","7","53","51","119","25","489","416","C4280369"
"4000","2","3","12","26","105","178","226","297","156","C4280369"
"2780","2","5","4","68","96","326","427","548","672","C4280369"
"9640","2","3","12","19","31","261","116","159","211","C4280369"
"3329","2","3","2","48","170","50","304","167","593","C4280369"
"26191","2","5","7","53","14","20","25","40","186","C4280369"
"2033","2","3","12","19","31","1","91","433","118","C4280369"
"8242","2","3","12","19","31","1","426","55","78","C4280369"
"5173","2","5","4","68","96","326","427","548","672","C4280370"
"5156","2","5","7","53","14","20","25","40","186","C4280370"
"7681","2","3","12","41","116","268","434","468","213","C4280370"
"55605","2","3","12","76","153","40","38","54","75","C4280370"
"50964","2","5","3","68","221","197","259","423","422","C4280370"
"7454","2","5","7","60","14","20","25","40","215","C4280370"
"1824","2","1","6","11","142","225","142","220","298","C4280370"
"284403","2","3","12","48","57","110","141","359","462","C4280370"
"2078","2","3","12","19","31","276","91","148","624","C4280370"
"6444","2","5","8","63","45","23","103","464","187","C4280370"
"4487","2","3","3","19","221","321","428","541","667","C4280370"
"538","2","3","8","63","45","23","103","464","187","C4280370"
"23363","2","3","12","41","116","268","434","468","213","C4280370"
"2318","2","5","7","53","45","23","103","464","187","C4280370"
"6197","2","3","12","19","14","20","34","540","68","C4280370"
"1030","2","3","12","19","31","1","426","55","78","C4280370"
"10461","2","5","7","53","14","20","25","40","186","C4280370"
"8195","2","3","12","76","153","76","38","54","75","C4280370"
"7461","2","3","7","60","153","40","38","93","75","C4280370"
"2189","2","3","12","19","31","261","116","1","86","C4280370"
"2668","2","5","7","53","14","20","25","40","186","C4280370"
"7507","2","3","12","19","31","261","116","1","86","C4280370"
"3426","2","5","7","53","51","119","395","549","674","C4280374"
"3575","2","5","7","53","51","184","341","544","669","C4280374"
"3953","2","5","7","53","14","20","25","40","186","C4280374"
"54361","2","5","3","68","221","197","259","560","422","C4280374"
"54209","2","5","7","53","51","119","395","549","674","C4280378"
"2892","2","5","8","63","36","166","106","110","158","C4280378"
"9031","2","3","12","19","31","1","426","55","78","C4280380"
"213","2","5","7","53","51","342","454","573","492","C4280380"
"9184","2","3","12","76","153","40","38","54","75","C4280380"
"5663","2","5","7","34","52","216","395","549","667","C4280380"
"728294","2","3","2","48","170","152","119","252","154","C4280380"
"4000","2","3","12","26","105","178","226","297","156","C4280380"
"2720","2","3","7","34","52","216","395","21","599","C4280380"
"125","2","3","2","75","120","200","263","251","425","C4280380"
"1106","2","3","12","19","31","1","426","55","78","C4280380"
"4625","2","3","8","63","45","23","103","464","187","C4280391"
"3440","2","3","12","19","184","118","155","287","116","C4280391"
"2879","2","3","5","80","81","166","378","173","229","C4280392"
"9401","2","3","12","76","31","261","116","1","86","C4280392"
"4784","2","3","2","22","33","261","116","159","211","C4280392"
"673","2","5","7","53","14","20","34","540","68","C4280392"
"6218","2","3","2","110","85","237","433","547","671","C4280392"
"5468","2","3","3","19","151","276","91","433","118","C4280395"
"4627","2","5","7","63","45","184","103","572","658","C4280395"
"7545","2","5","3","34","52","216","142","220","298","C4280395"
"3295","2","3","5","43","161","305","409","208","482","C4280395"
"2317","2","5","7","63","45","23","103","287","664","C4280401"
"9871","2","3","7","60","153","40","38","54","203","C4280401"
"2055","2","3","2","27","36","150","402","223","628","C4280401"
"3119","2","5","7","53","153","119","156","287","116","C4280402"
"9588","2","3","7","34","52","216","395","173","229","C4280402"
"3119","2","5","7","53","153","119","156","287","116","C4280402"
"4880","2","3","4","19","96","326","427","548","672","C4280411"
"23218","2","5","7","34","52","216","395","549","674","C4280411"
"7468","2","3","12","19","31","1","426","55","78","C4280411"
"7030","2","3","12","19","31","276","259","423","389","C4280417"
"3273","2","5","7","53","51","342","454","573","702","C4280417"
"8878","2","3","12","41","219","339","156","568","697","C4280418"
"5080","2","3","3","19","221","321","428","541","667","C4280418"
"22930","2","5","7","60","54","24","30","46","72","C4280421"
"2261","2","5","7","53","14","20","25","40","186","C4280421"
"8642","2","5","7","53","51","335","444","560","373","C4280421"
"5015","2","3","3","19","221","321","428","541","667","C4280421"
"6505","2","3","2","45","94","199","240","415","666","C4280421"
"1001","2","5","7","53","51","335","444","560","373","C4280422"
"3767","2","5","8","63","36","166","106","110","158","C4280422"
"10058","2","3","5","44","50","209","68","11","141","C4280422"
"2697","2","3","7","76","153","40","38","54","75","C4280422"
"4647","2","5","7","60","83","101","126","170","224","C4280422"
"26276","2","3","7","60","81","184","341","66","203","C4280423"
"5290","2","3","7","53","14","20","25","40","186","C4280423"
"22926","2","3","12","19","31","276","91","433","118","C4280424"
"1139","2","5","8","27","70","99","162","216","290","C4280424"
"2944","2","3","5","91","175","271","372","471","586","C4280425"
"81704","2","3","12","19","31","118","155","287","116","C4280425"
"2556","2","5","8","27","70","99","162","216","290","C4280426"
"1776","2","5","7","105","219","261","402","129","215","C4280426"
"55650","2","3","2","61","77","142","176","235","557","C4280427"
"7066","2","5","7","53","51","119","25","573","416","C4280427"
"4882","2","3","4","68","96","326","427","548","672","C4280428"
"6223","2","3","2","110","85","237","433","547","671","C4280428"
"1311","2","5","7","53","51","342","454","573","492","C4280429"
"3265","2","5","7","60","54","24","30","46","72","C4280429"
"7827","2","5","7","53","170","335","25","560","373","C4280430"
"5327","2","5","7","53","51","342","454","573","492","C4280430"
"5096","2","3","2","48","40","130","166","127","173","C4280431"
"8438","2","3","12","76","153","261","116","1","86","C4280431"
"4286","2","3","12","19","31","261","116","1","664","C4280432"
"3155","2","3","5","43","161","305","409","208","482","C4280432"
"8450","2","3","12","41","116","268","434","468","213","C4280433"
"3383","2","5","7","53","51","119","454","287","116","C4280433"
"5116","2","3","12","76","153","40","38","54","75","C4280434"
"58","2","5","8","63","45","23","103","464","187","C4280434"
"2263","2","5","7","53","14","20","25","40","186","C4280435"
"1717","2","3","2","19","151","276","48","69","204","C4280435"
"26277","2","3","12","19","31","1","426","1","78","C4280436"
"7461","2","3","7","60","153","40","38","93","75","C4280436"
"778","2","5","8","63","36","166","341","223","158","C4280437"
"4621","2","5","8","63","45","23","103","464","187","C4280437"
"11160","2","3","12","41","116","268","423","536","445","C4280443"
"23426","2","5","7","42","36","71","177","223","219","C4280443"
"39","2","3","2","67","92","293","55","75","311","C4280443"
"5189","2","3","5","43","161","305","409","208","482","C4280443"
"5189","2","3","5","43","161","305","409","208","482","C4280444"
"4683","2","3","12","19","31","261","116","1","86","C4280444"
"8195","2","3","12","76","153","76","38","54","75","C4280460"
"2261","2","5","7","53","14","20","25","40","186","C4280460"
"4541","2","3","2","48","170","50","119","444","24","C4280461"
"5327","2","5","7","53","51","342","454","573","492","C4280461"
"4053","2","5","7","53","51","342","454","573","492","C4280476"
"9095","2","5","7","53","51","335","444","560","373","C4280476"
"5648","2","5","7","53","51","119","395","549","674","C4280476"
"7476","2","5","3","68","221","197","259","560","422","C4280476"
"8085","2","3","12","19","31","1","426","55","78","C4280476"
"4882","2","3","4","68","96","326","427","548","672","C4280482"
"11081","2","3","2","89","60","342","430","429","544","C4280482"
"857","2","5","7","53","45","23","57","83","422","C4280482"
"2671","2","3","2","48","170","50","304","167","593","C4280482"
"3651","2","3","3","19","221","321","428","541","667","C4280482"
"338","2","5","7","53","51","342","454","573","492","C4280482"
"6495","2","3","3","19","221","321","428","541","667","C4280482"
"55630","2","3","5","27","81","99","162","216","290","C4280482"
"6134","2","3","2","110","85","237","433","547","671","C4280482"
"7249","2","3","7","60","57","110","141","359","462","C4280482"
"54209","2","5","7","53","51","119","395","549","674","C4280482"
"2720","2","3","7","34","52","216","395","21","599","C4280482"
"26123","2","3","2","76","153","40","38","54","75","C4280482"
"2109","2","3","2","48","170","50","119","444","556","C4280482"
"16","2","3","2","110","85","237","433","547","154","C4280482"
"26040","2","3","12","19","31","1","116","297","78","C4280482"
"10815","2","5","7","60","36","71","341","223","666","C4280482"
"3889","2","1","6","11","142","225","142","220","298","C4280482"
"2879","2","3","5","80","81","166","378","173","229","C4280482"
"5457","2","3","3","19","221","321","428","541","667","C4280482"
"10269","2","3","2","48","182","50","119","444","556","C4280482"
"2074","2","3","12","19","31","1","426","55","78","C4280482"
"5897","2","3","12","41","116","268","141","568","605","C4280482"
"9841","2","3","6","11","142","225","142","220","298","C4280482"
"2261","2","5","7","53","14","20","25","40","186","C4280482"
"1292","2","5","7","53","51","342","454","573","492","C4280482"
"9487","2","3","5","80","81","142","176","235","317","C4280485"
"462","2","5","7","53","51","342","454","573","492","C4280485"
"25782","2","5","7","60","54","24","30","46","72","C4280486"
"204","2","3","4","72","109","182","235","307","506","C4280486"
"5422","2","3","12","19","31","261","116","1","86","C4280487"
"3553","2","5","7","53","51","119","25","489","416","C4280487"
"55636","2","3","3","19","221","321","428","423","389","C4280498"
"5573","2","3","12","19","184","118","155","287","116","C4280498"
"4882","2","3","4","68","96","326","427","548","672","C4280498"
"1493","2","5","7","53","51","119","25","40","186","C4280499"
"7020","2","3","12","19","31","276","91","433","664","C4280499"
"55703","2","3","2","22","33","261","116","159","211","C4280499"
"4015","2","5","7","53","51","342","454","573","492","C4280500"
"1028","2","3","12","19","31","1","116","1","86","C4280500"
"9420","2","3","5","79","159","256","215","282","366","C4280500"
"7827","2","5","7","53","170","335","25","560","373","C4280501"
"1120","2","3","2","85","143","286","51","488","102","C4280501"
"7290","2","3","12","19","31","1","426","55","78","C4280501"
"2187","2","3","12","19","31","261","116","1","86","C4280503"
"26040","2","3","12","19","31","1","116","297","78","C4280503"
"29123","2","3","12","19","151","276","91","433","118","C4280503"
"347733","2","3","12","76","153","40","38","54","75","C4280503"
"2516","2","3","3","19","151","276","91","433","118","C4280503"
"2263","2","5","7","53","14","20","25","40","186","C4280504"
"54808","2","3","12","76","153","40","38","54","75","C4280504"
"286","2","5","7","60","153","40","38","54","203","C4280504"
"54499","2","3","2","48","170","50","119","444","593","C4280505"
"25782","2","5","7","60","54","24","30","46","72","C4280505"
"5157","2","5","7","80","81","342","367","500","577","C4280505"
"10225","2","5","7","53","51","119","395","549","674","C4280506"
"55612","2","5","7","60","36","71","177","560","701","C4280506"
"4004","2","3","12","19","31","1","426","55","78","C4280506"
"6473","2","3","3","19","221","321","428","541","667","C4280506"
"1376","2","3","2","19","151","276","91","433","118","C4280506"
"3459","2","5","7","53","184","119","156","287","116","C4280506"
"7306","2","5","5","23","18","138","250","332","407","C4280512"
"3976","2","5","7","53","51","119","25","489","416","C4280512"
"26146","2","3","12","76","153","40","38","54","75","C4280516"
"3549","2","5","3","53","51","197","259","560","422","C4280516"
"2796","2","5","4","68","96","326","427","548","672","C4280516"
"4141","2","3","2","110","85","237","433","547","154","C4280516"
"1643","2","3","12","41","116","268","434","468","213","C4280516"
"4000","2","3","12","26","105","178","226","297","156","C4280516"
"7132","2","3","12","41","219","339","156","568","697","C4280516"
"2052","2","3","5","91","130","114","290","367","475","C4280516"
"6331","2","5","8","63","36","166","341","223","158","C4280516"
"7133","2","5","7","34","52","216","395","549","697","C4280516"
"5925","2","3","12","19","31","1","426","55","78","C4280516"
"30008","2","5","7","53","51","342","454","573","492","C4280517"
"6016","2","5","7","60","54","24","30","46","72","C4280517"
"6497","2","5","3","19","221","342","259","423","389","C4280517"
"1301","2","5","7","53","51","342","454","573","492","C4280517"
"8314","2","3","12","41","31","1","426","55","78","C4280517"
"124583","2","3","7","34","52","216","395","549","674","C4280517"
"1278","2","5","7","53","51","342","454","573","492","C4280517"
"5994","2","3","12","19","31","276","91","491","118","C4280517"
"5191","2","3","5","43","161","305","409","208","482","C4280517"
"11231","2","3","2","110","105","178","226","297","380","C4280517"
"581","2","3","12","41","219","339","402","489","551","C4280517"
"6662","2","3","3","19","221","321","428","541","667","C4280518"
"6774","2","3","12","53","14","276","25","489","416","C4280518"
"27077","2","3","12","76","153","40","38","54","75","C4280518"
"4318","2","5","7","34","52","216","395","573","492","C4280518"
"4000","2","3","12","26","105","178","226","297","156","C4280518"
"2067","2","3","12","19","31","261","116","1","86","C4280518"
"5189","2","3","5","43","161","305","409","208","482","C4280518"
"9993","2","5","7","53","51","342","454","573","492","C4280518"
"5468","2","3","3","19","151","276","91","433","118","C4280518"
"1289","2","5","7","53","51","342","454","573","492","C4280518"
"90993","2","3","12","26","35","276","91","433","156","C4280518"
"7227","2","3","12","19","31","276","91","433","118","C4280519"
"124997","2","3","2","48","81","266","369","117","583","C4280519"
"25974","2","3","7","48","51","105","139","186","245","C4280519"
"7849","2","3","3","19","221","321","428","541","667","C4280519"
"627","2","5","7","53","51","335","444","423","373","C4280519"
"51134","2","3","12","76","153","40","38","54","75","C4280520"
"249","2","3","5","27","51","335","444","560","373","C4280520"
"7248","2","3","2","48","57","110","141","359","462","C4280520"
"4990","2","3","3","19","221","321","428","541","667","C4280520"
"2184","2","3","5","76","153","138","236","332","407","C4280520"
"1301","2","5","7","53","51","342","454","573","492","C4280528"
"54808","2","3","12","76","153","40","38","54","75","C4280528"
"10293","2","3","12","41","116","268","434","468","213","C4280528"
"1030","2","3","12","19","31","1","426","55","78","C4280528"
"23334","2","3","5","48","179","289","133","179","476","C4280528"
"5589","2","5","7","53","51","342","454","573","492","C4280528"
"7915","2","3","5","87","39","74","191","250","285","C4280528"
"5376","2","5","7","53","51","342","454","573","492","C4280529"
"7380","2","3","6","25","105","75","226","489","156","C4280529"
"9361","2","3","2","48","170","50","119","444","556","C4280529"
"11285","2","3","2","74","205","191","396","408","620","C4280529"
"2896","2","5","7","34","52","216","395","549","674","C4280529"
"5189","2","3","5","43","161","305","409","208","482","C4280529"
"2653","2","3","2","67","104","214","234","306","388","C4280529"
"4540","2","3","2","48","170","50","119","444","556","C4280530"
"4000","2","3","12","26","105","178","226","297","156","C4280530"
"3592","2","5","7","53","51","119","25","489","416","C4280530"
"5604","2","5","7","53","14","20","34","540","68","C4280530"
"51259","2","3","2","76","153","40","38","54","75","C4280530"
"9095","2","5","7","53","51","335","444","560","373","C4280530"
"846","2","5","4","68","96","326","427","548","672","C4280530"
"6497","2","5","3","19","221","342","259","423","389","C4280531"
"3908","2","5","7","53","51","342","454","573","492","C4280531"
"3082","2","5","7","53","51","342","25","40","186","C4280531"
"60528","2","3","12","22","33","323","66","101","664","C4280531"
"6868","2","5","7","53","51","342","454","236","492","C4280531"
"27286","2","5","7","53","51","342","444","560","492","C4280531"
"7319","2","3","12","41","116","268","434","468","213","C4280531"
"701","2","3","12","76","153","40","38","54","75","C4280532"
"5573","2","3","12","19","184","118","155","287","116","C4280532"
"1311","2","5","7","53","51","342","454","573","492","C4280532"
"91252","2","5","4","68","96","326","427","548","672","C4280532"
"3575","2","5","7","53","51","184","341","544","669","C4280532"
"4882","2","3","4","68","96","326","427","548","672","C4280532"
"2629","2","3","5","80","81","250","291","152","420","C4280532"
"7273","2","5","7","53","51","342","103","464","702","C4280532"
"8200","2","5","7","53","51","342","259","423","389","C4280532"
"3208","2","5","7","27","36","150","341","223","628","C4280532"
"6239","2","3","12","19","119","330","214","454","144","C4280532"
"207","2","3","7","53","14","20","34","489","416","C4280532"
"55997","2","5","3","53","221","321","259","423","389","C4280532"
"2778","2","5","4","68","96","326","427","548","672","C4280532"
"7415","2","3","7","34","52","216","395","536","445","C4280532"
"4791","2","3","12","41","219","339","156","568","697","C4280532"
"6777","2","5","7","53","14","20","25","40","186","C4280532"
"367","2","3","12","19","31","276","91","433","118","C4280532"
"7422","2","5","7","53","51","342","454","573","702","C4280532"
"1756","2","5","8","63","45","23","103","464","187","C4280532"
"215","2","3","5","47","144","185","238","310","392","C4280532"
"7048","2","5","7","53","51","342","259","423","389","C4280532"
"7704","2","3","12","41","116","268","434","468","213","C4280532"
"25959","2","3","3","19","151","276","91","433","118","C4280532"
"919","2","5","7","53","14","119","25","40","186","C4280532"
"11285","2","3","2","74","205","191","396","408","620","C4280532"
"2632","2","3","2","28","22","48","232","82","114","C4280532"
"362","2","3","5","80","81","166","397","374","486","C4280532"
"8425","2","5","7","53","51","342","454","573","492","C4280533"
"974","2","5","7","53","51","119","395","549","674","C4280533"
"5897","2","3","12","41","116","268","141","568","605","C4280533"
"7128","2","3","12","41","219","339","156","568","697","C4280533"
"10075","2","3","12","34","52","216","434","468","213","C4280533"
"55605","2","3","12","76","153","40","38","54","75","C4280533"
"7353","2","3","12","41","219","339","156","568","605","C4280533"
"5837","2","3","5","80","81","23","103","464","658","C4280533"
"11160","2","3","12","41","116","268","423","536","445","C4280533"
"51360","2","3","3","26","35","276","91","433","203","C4280533"
"5617","2","5","12","19","31","1","426","55","78","C4280536"
"3239","2","3","3","19","221","321","428","541","667","C4280536"
"5727","2","3","12","68","221","197","259","560","422","C4280537"
"1147","2","3","12","41","219","339","156","568","697","C4280537"
"2516","2","3","3","19","151","276","91","433","118","C4280539"
"55163","2","3","5","80","81","166","120","161","228","C4280539"
"59","2","5","8","63","45","23","103","464","187","C4280539"
"8878","2","3","12","41","219","339","156","568","697","C4280545"
"59272","2","3","5","80","94","199","240","415","666","C4280545"
"70","2","5","8","63","45","23","103","464","187","C4280548"
"7157","2","3","12","19","31","261","402","489","551","C4280548"
"5660","2","5","7","34","52","326","427","548","702","C4280548"
"1290","2","5","7","53","51","342","454","573","492","C4280548"
"3679","2","5","7","53","51","342","454","573","492","C4280548"
"6310","2","3","12","22","142","225","366","362","468","C4280548"
"5993","2","3","12","19","31","1","426","55","78","C4280549"
"28956","2","5","7","34","52","216","395","359","462","C4280549"
"87","2","5","7","53","51","342","454","573","702","C4280549"
"10166","2","3","2","84","97","167","210","278","360","C4280549"
"1308","2","5","7","53","51","119","454","573","492","C4280549"
"54187","2","3","5","80","81","296","272","452","148","C4280549"
"732","2","5","7","53","51","119","395","549","674","C4280554"
"7015","2","3","12","19","31","1","426","55","78","C4280554"
"6928","2","3","3","19","221","321","428","541","667","C4280554"
"4633","2","5","8","63","45","23","103","464","187","C4280554"
"5982","2","3","12","19","31","261","116","1","86","C4280554"
"1736","2","3","2","110","85","237","433","547","671","C4280554"
"274","2","5","7","60","14","184","341","544","669","C4280555"
"1815","2","5","4","68","96","326","427","548","672","C4280555"
"27161","2","3","2","22","33","323","141","359","194","C4280555"
"23171","2","3","5","116","183","295","398","552","622","C4280555"
"5336","2","3","7","53","14","20","25","40","215","C4280555"
"3954","2","3","2","48","170","67","119","444","593","C4280555"
"2626","2","3","12","19","31","118","155","287","116","C4280557"
"788","2","3","2","45","151","199","240","415","666","C4280557"
"6532","2","5","8","45","94","199","240","415","666","C4280557"
"23322","2","3","12","76","153","40","38","54","75","C4280557"
"23418","2","5","7","53","36","71","177","560","373","C4280558"
"4613","2","3","12","19","31","1","426","55","78","C4280558"
"51085","2","3","2","48","57","110","141","359","462","C4280558"
"4990","2","3","3","19","221","321","428","541","667","C4280558"
"2239","2","3","2","74","51","342","454","573","492","C4280559"
"1120","2","3","2","85","143","286","51","488","102","C4280559"
"1440","2","5","7","53","51","119","25","489","416","C4280559"
"23409","2","3","2","48","151","276","91","433","118","C4280559"
"6647","2","3","2","95","2","342","378","173","702","C4280559"
"27445","2","5","7","60","36","71","341","223","624","C4280559"
"476","2","3","8","63","45","23","103","464","187","C4280559"
"10262","2","3","2","22","33","323","66","101","136","C4280559"
"1788","2","3","12","19","31","1","426","55","78","C4280560"
"477","2","3","8","63","45","23","103","464","187","C4280560"
"5428","2","3","2","48","170","50","119","167","593","C4280560"
"2629","2","3","5","80","81","250","291","152","420","C4280560"
"55036","2","3","12","76","153","40","38","54","75","C4280560"
"22995","2","3","12","76","153","40","38","54","75","C4280560"
"6391","2","3","2","48","170","50","119","444","556","C4280560"
"6262","2","5","8","63","45","23","34","464","187","C4280560"
"3209","2","3","3","19","221","321","428","541","667","C4280560"
"83593","2","5","7","60","54","24","30","46","72","C4280560"
"2255","2","5","7","53","14","20","25","40","186","C4280560"
"367","2","3","12","19","31","276","91","433","118","C4280560"
"5972","2","5","5","34","52","216","397","418","568","C4280560"
"546","2","3","12","19","31","261","426","1","86","C4280560"
"1736","2","3","2","110","85","237","433","547","671","C4280560"
"1462","2","5","7","53","51","342","454","573","492","C4280560"
"6324","2","5","7","63","36","166","341","223","158","C4280560"
"2773","2","5","4","68","96","326","427","548","672","C4280562"
"23426","2","5","7","42","36","71","177","223","219","C4280562"
"641","2","3","12","19","31","261","116","1","86","C4280562"
"3636","2","3","5","80","14","20","25","40","186","C4280563"
"1282","2","5","7","53","51","342","454","573","492","C4280563"
"7355","2","3","2","78","206","324","430","429","544","C4280563"
"2697","2","3","7","76","153","40","38","54","75","C4280564"
"9343","2","3","2","22","33","323","66","101","136","C4280564"
"56244","2","5","7","53","51","119","395","549","674","C4280564"
"55651","2","3","2","110","85","237","433","547","671","C4280564"
"9094","2","5","7","27","36","150","341","331","624","C4280564"
"8878","2","3","12","41","219","339","156","568","697","C4280564"
"1605","2","5","7","53","51","342","454","573","492","C4280565"
"3162","2","3","5","53","51","119","402","489","416","C4280565"
"2488","2","5","4","68","96","326","427","548","672","C4280565"
"10345","2","5","8","63","45","23","34","464","187","C4280565"
"26608","2","3","2","22","170","50","119","463","153","C4280565"
"3145","2","3","5","80","81","166","132","175","473","C4280565"
"9247","2","5","7","53","221","197","259","423","389","C4280565"
"8910","2","5","8","63","45","23","103","464","187","C4280565"
"5741","2","5","4","68","96","326","427","548","672","C4280565"
"4352","2","5","7","53","14","20","25","40","186","C4280565"
"1717","2","3","2","19","151","276","48","69","204","C4280566"
"22948","2","3","12","76","137","76","136","472","435","C4280566"
"9927","2","3","12","19","31","118","155","287","116","C4280566"
"1736","2","3","2","110","85","237","433","547","671","C4280566"
"4308","2","5","8","63","45","193","306","390","158","C4280566"
"3350","2","5","4","68","96","326","427","548","672","C4280566"
"351","2","5","4","68","96","326","188","145","193","C4280566"
"3718","2","5","7","53","14","20","25","40","186","C4280566"
"1756","2","5","8","63","45","23","103","464","187","C4280566"
"3914","2","5","7","53","51","342","454","573","492","C4280566"
"4921","2","5","7","53","14","20","25","573","186","C4280566"
"2033","2","3","12","19","31","1","91","433","118","C4280566"
"5831","2","3","2","101","62","189","182","566","409","C4280566"
"8481","2","3","12","76","153","40","38","54","75","C4280566"
"5447","2","3","5","91","214","271","372","471","586","C4280568"
"6329","2","5","8","63","36","166","341","390","158","C4280568"
"7490","2","3","3","19","221","321","428","541","667","C4280568"
"2073","2","3","12","19","31","261","116","1","86","C4280568"
"27125","2","3","12","19","31","261","116","159","211","C4280568"
"5830","2","3","5","43","161","305","409","208","482","C4280568"
"8890","2","3","2","110","85","237","433","547","671","C4280569"
"23418","2","5","7","53","36","71","177","560","373","C4280569"
"4920","2","5","7","53","14","20","259","560","373","C4280569"
"29968","2","3","8","67","94","199","182","509","666","C4280569"
"5192","2","3","5","43","161","305","409","208","482","C4280569"
"54809","2","5","7","50","30","193","306","148","624","C4280572"
"7369","2","5","7","53","51","119","395","549","674","C4280572"
"26235","2","3","12","41","116","268","434","468","213","C4280572"
"2153","2","5","7","53","51","342","454","573","492","C4280572"
"356","2","5","7","53","219","339","25","489","697","C4280572"
"6813","2","5","7","53","51","342","454","573","702","C4280572"
"367","2","3","12","19","31","276","91","433","118","C4280573"
"1482","2","3","3","19","221","321","428","541","667","C4280573"
"2731","2","3","2","106","104","214","234","67","53","C4280575"
"55219","2","5","2","27","51","335","444","560","373","C4280575"
"1277","2","5","7","53","51","342","454","573","492","C4280575"
"5889","2","3","12","19","31","261","116","1","86","C4280575"
"5993","2","3","12","19","31","1","426","55","78","C4280575"
"9987","2","3","2","22","33","323","66","101","136","C4280575"
"3426","2","5","7","53","51","119","395","549","674","C4280576"
"3784","2","5","8","63","36","166","106","110","158","C4280576"
"4688","2","5","7","60","14","20","25","40","215","C4280576"
"5518","2","3","12","76","153","40","38","54","435","C4280576"
"5621","2","5","8","27","36","342","454","573","628","C4280576"
"7369","2","5","7","53","51","119","395","549","674","C4280576"
"11277","2","3","12","19","31","261","116","1","86","C4280576"
"1636","2","3","5","80","81","166","397","418","568","C4280576"
"10312","2","3","7","34","52","216","395","549","674","C4280577"
"23426","2","5","7","42","36","71","177","223","219","C4280577"
"23111","2","3","12","41","219","339","156","568","697","C4280577"
"6017","2","3","2","69","83","101","126","170","224","C4280577"
"7531","2","3","2","48","170","110","329","251","533","C4280578"
"1302","2","5","7","53","51","342","454","573","492","C4280578"
"6607","2","3","2","22","33","323","66","101","664","C4280578"
"23384","2","3","12","63","45","184","103","572","658","C4280578"
"55650","2","3","2","61","77","142","176","235","557","C4280578"
"7317","2","3","12","41","116","268","434","468","213","C4280579"
"2248","2","5","7","53","14","20","25","40","186","C4280579"
"1716","2","3","2","27","36","150","221","138","188","C4280579"
"4352","2","5","7","53","14","20","25","40","186","C4280579"
"189","2","3","5","43","161","305","409","208","482","C4280579"
"4878","2","3","12","19","31","1","426","55","78","C4280580"
"29925","2","3","2","68","66","123","158","207","278","C4280580"
"54888","2","3","2","110","85","152","129","252","154","C4280580"
"6662","2","3","3","19","221","321","428","541","667","C4280580"
"6389","2","3","2","48","170","50","119","444","556","C4280580"
"1719","2","3","2","76","153","40","116","54","75","C4280581"
"6550","2","3","2","45","94","199","240","415","163","C4280581"
"4214","2","3","12","41","219","339","34","540","117","C4280581"
"54888","2","3","2","110","85","152","129","252","154","C4280581"
"27019","2","3","12","76","153","40","38","54","75","C4280581"
"10000","2","5","7","53","14","20","34","540","68","C4280581"
"617","2","3","2","48","170","50","304","167","593","C4280581"
"6092","2","5","7","53","51","335","444","560","373","C4280581"
"3689","2","5","7","34","52","216","395","549","674","C4280581"
"2670","2","5","7","27","36","150","341","223","628","C4280581"
"1690","2","5","7","27","51","342","454","573","492","C4280581"
"975","2","5","7","53","51","119","395","549","674","C4280581"
"4653","2","5","7","34","51","342","454","573","492","C4280581"
"4891","2","3","2","25","44","165","101","274","358","C4280582"
"6809","2","5","7","60","153","184","341","66","203","C4280582"
"2263","2","5","7","53","14","20","25","40","186","C4280582"
"5428","2","3","2","48","170","50","119","167","593","C4280582"
"3664","2","5","7","53","184","119","156","287","116","C4280582"
"9927","2","3","12","19","31","118","155","287","116","C4280582"
"29851","2","5","7","53","14","20","25","40","186","C4280582"
"23203","2","3","5","80","81","50","304","167","593","C4280582"
"3868","2","1","6","11","142","225","142","220","298","C4280582"
"7124","2","3","12","41","219","339","156","568","697","C4280582"
"83605","2","5","7","76","137","76","136","472","435","C4280582"
"5159","2","5","7","53","14","20","25","40","186","C4280582"
"847","2","3","7","34","52","216","395","549","674","C4280582"
"6622","2","3","7","27","36","150","341","223","628","C4280583"
"8924","2","3","12","41","116","268","434","468","213","C4280583"
"3930","2","3","2","22","33","323","66","3","464","C4280583"
"10555","2","3","7","34","52","216","395","549","622","C4280584"
"4593","2","5","7","53","14","20","454","573","492","C4280584"
"2719","2","5","7","53","51","342","454","573","492","C4280584"
"3569","2","5","7","53","51","342","454","573","416","C4280585"
"2189","2","3","12","19","31","261","116","1","86","C4280585"
"10804","2","3","12","76","153","40","38","54","75","C4280585"
"4000","2","3","12","26","105","178","226","297","156","C4280585"
"23443","2","3","2","78","206","324","430","429","544","C4280585"
"9429","2","3","5","25","44","165","71","10","16","C4280585"
"6335","2","5","8","63","36","166","341","390","158","C4280585"
"4054","2","5","7","53","51","342","454","573","492","C4280586"
"6299","2","3","12","19","221","321","428","541","667","C4280586"
"5626","2","3","3","19","221","321","428","541","667","C4280586"
"3663","2","3","12","53","184","119","156","287","116","C4280586"
"54658","2","3","2","78","205","207","67","355","138","C4280586"
"10269","2","3","2","48","182","50","119","444","556","C4280586"
"5187","2","3","3","19","151","276","91","433","118","C4280587"
"2812","2","5","7","53","51","342","454","573","492","C4280587"
"5336","2","3","7","53","14","20","25","40","215","C4280587"
"5728","2","3","5","80","81","339","156","568","605","C4280590"
"2767","2","5","4","68","96","326","427","548","672","C4280590"
"6689","2","3","12","19","31","276","91","433","118","C4280591"
"4221","2","3","12","19","31","342","454","573","492","C4280591"
"2255","2","5","7","53","14","20","25","40","186","C4280592"
"2068","2","3","12","19","31","261","116","159","211","C4280592"
"57526","2","5","7","53","51","335","444","560","373","C4280593"
"27031","2","3","6","11","142","225","38","331","506","C4280593"
"2625","2","3","12","19","31","339","155","287","116","C4280594"
"25915","2","3","2","48","170","50","119","444","556","C4280594"
"1376","2","3","2","19","151","276","91","433","118","C4280594"
"6049","2","3","12","41","116","268","434","468","213","C4280594"
"5621","2","5","8","27","36","342","454","573","628","C4280594"
"3815","2","5","7","53","14","20","25","40","186","C4280594"
"29954","2","5","2","27","206","324","430","215","290","C4280595"
"3981","2","3","12","19","31","261","116","1","86","C4280595"
"1281","2","5","7","53","51","342","454","573","492","C4280595"
"4830","2","3","2","72","109","182","235","307","506","C4280595"
"83932","2","3","12","19","31","261","116","1","86","C4280595"
"6929","2","3","12","19","31","1","426","55","78","C4280595"
"249","2","3","5","27","51","335","444","560","373","C4280595"
"6608","2","3","3","68","221","321","428","560","667","C4280595"
"1763","2","3","12","19","31","261","116","1","86","C4280595"
"4723","2","3","2","48","170","50","119","444","556","C4280595"
"3579","2","5","4","34","52","216","427","548","672","C4280596"
"843","2","3","12","41","219","339","156","568","697","C4280596"
"1788","2","3","12","19","31","1","426","55","78","C4280596"
"3596","2","5","7","53","51","119","25","489","416","C4280596"
"78989","2","5","7","53","51","119","395","573","674","C4280596"
"10654","2","3","3","72","151","276","91","433","118","C4280596"
"1392","2","5","4","68","96","326","427","548","672","C4280596"
"190","2","3","3","19","151","276","91","433","118","C4280596"
"9241","2","5","7","53","51","342","259","423","389","C4280596"
"1277","2","5","7","53","51","342","454","573","492","C4280596"
"7067","2","3","3","19","151","276","91","433","118","C4280597"
"4644","2","5","7","60","54","184","141","359","411","C4280597"
"4763","2","5","7","60","54","24","30","46","214","C4280597"
"1736","2","3","2","110","85","237","433","547","671","C4280597"
"5243","2","3","12","41","116","268","423","536","445","C4280597"
"6865","2","5","4","68","96","326","427","548","672","C4280597"
"2517","2","3","7","34","52","216","395","549","674","C4280597"
"51128","2","5","7","60","153","24","38","46","72","C4280597"
"1439","2","5","7","53","14","20","25","40","186","C4280597"
"3908","2","5","7","53","51","342","454","573","492","C4280597"
"7474","2","5","3","68","221","184","259","544","669","C4280597"
"1630","2","5","7","53","51","335","444","560","373","C4280597"
"50945","2","3","3","48","170","335","347","560","373","C4280597"
"23169","2","3","2","78","205","112","430","429","544","C4280597"
"51099","2","3","2","67","92","293","55","75","311","C4280597"
"2074","2","3","12","19","31","1","426","55","78","C4280597"
"26119","2","5","7","60","14","184","341","544","669","C4280597"
"55005","2","3","2","68","96","326","427","429","544","C4280597"
"249","2","3","5","27","51","335","444","560","373","C4280597"
"9632","2","3","7","60","153","40","38","54","203","C4280597"
"1760","2","5","8","63","14","20","34","540","68","C4280598"
"6622","2","3","7","27","36","150","341","223","628","C4280598"
"6239","2","3","12","19","119","330","214","454","144","C4280598"
"4000","2","3","12","26","105","178","226","297","156","C4280598"
"710","2","5","7","53","51","342","454","573","702","C4280598"
"2629","2","3","5","80","81","250","291","152","420","C4280598"
"7476","2","5","3","68","221","197","259","560","422","C4280598"
"641","2","3","12","19","31","261","116","1","86","C4280598"
"10060","2","3","8","41","45","23","423","464","445","C4280598"
"10210","2","3","12","41","116","268","434","468","213","C4280598"
"2006","2","5","7","53","51","342","454","573","492","C4280598"
"27232","2","3","2","19","31","105","106","14","7","C4280598"
"4041","2","5","3","68","221","197","259","560","422","C4280598"
"26608","2","3","2","22","170","50","119","463","153","C4280598"
"699","2","3","12","76","153","40","38","54","75","C4280598"
"1584","2","3","5","79","159","256","276","353","456","C4280598"
"5048","2","3","12","76","153","40","38","54","75","C4280598"
"10000","2","5","7","53","14","20","34","540","68","C4280598"
"1181","2","5","8","63","45","23","34","464","187","C4280598"
"4221","2","3","12","19","31","342","454","573","492","C4280598"
"186","2","5","4","68","96","326","427","548","672","C4280599"
"2122","2","3","12","19","31","1","426","55","78","C4280599"
"3767","2","5","8","63","36","166","106","110","158","C4280599"
"9321","2","3","12","76","153","40","38","54","203","C4280599"
"6926","2","5","7","53","51","335","259","560","373","C4280601"
"51025","2","3","2","48","170","50","304","167","593","C4280601"
"26146","2","3","12","76","153","40","38","54","75","C4280601"
"29760","2","5","7","53","14","20","25","40","186","C4280601"
"26276","2","3","7","60","81","184","341","66","203","C4280601"
"3420","2","3","2","67","34","198","33","107","3","C4280602"
"4540","2","3","2","48","170","50","119","444","556","C4280602"
"673","2","5","7","53","14","20","34","540","68","C4280602"
"5824","2","3","5","47","144","185","238","310","392","C4280602"
"658","2","5","7","53","51","342","259","423","389","C4280602"
"9640","2","3","12","19","31","261","116","159","211","C4280603"
"1499","2","3","12","19","221","197","259","560","422","C4280603"
"27086","2","3","12","19","221","321","428","541","667","C4280603"
"5194","2","3","5","43","161","305","409","208","482","C4280603"
"7043","2","5","7","53","51","342","454","573","492","C4280603"
"204","2","3","4","72","109","182","235","307","506","C4280603"
"55325","2","5","7","34","181","23","119","544","187","C4280603"
"1889","2","5","4","68","96","326","427","548","672","C4280603"
"9966","2","5","12","41","219","339","156","568","697","C4280603"
"4541","2","3","2","48","170","50","119","444","24","C4280604"
"9101","2","3","12","41","219","339","156","568","605","C4280604"
"51752","2","3","2","41","153","119","156","536","116","C4280604"
"6535","2","5","8","45","94","199","240","415","666","C4280604"
"5781","2","5","7","53","14","20","25","40","186","C4280606"
"6103","2","3","12","76","153","40","38","54","75","C4280606"
"4000","2","3","12","26","105","178","226","297","156","C4280606"
"3320","2","3","7","34","52","75","347","271","356","C4280606"
"9343","2","3","2","22","33","323","66","101","136","C4280606"
"1292","2","5","7","53","51","342","454","573","492","C4280606"
"5573","2","3","12","19","184","118","155","287","116","C4280606"
"1836","2","3","2","35","41","94","260","330","375","C4280606"
"10749","2","3","7","76","153","40","38","54","75","C4280606"
"1650","2","5","7","34","52","216","395","549","674","C4280606"
"1080","2","3","12","41","219","339","156","544","669","C4280606"
"5077","2","3","3","19","221","321","428","541","667","C4280606"
"3778","2","5","8","63","36","166","106","110","158","C4280606"
"5157","2","5","7","80","81","342","367","500","577","C4280606"
"185","2","5","4","68","96","326","427","548","672","C4280606"
"23317","2","5","7","34","52","216","395","549","674","C4280606"
"182","2","5","7","53","51","143","428","236","667","C4280606"
"1896","2","5","12","41","219","339","156","568","697","C4280606"
"26154","2","3","5","47","144","185","238","310","392","C4280606"
"9076","2","5","6","42","36","71","177","64","219","C4280606"
"4976","2","3","2","48","170","50","119","444","556","C4280606"
"4338","2","3","2","110","85","75","204","267","352","C4280606"
"7469","2","3","12","19","31","261","116","159","211","C4280606"
"4948","2","5","8","63","45","23","250","464","187","C4280606"
"894","2","3","12","19","31","1","34","540","68","C4280607"
"5376","2","5","7","53","51","342","454","573","492","C4280607"
"5156","2","5","7","53","14","20","25","40","186","C4280607"
"55532","2","3","7","25","44","165","101","274","358","C4280607"
"128178","2","3","12","41","219","339","156","568","697","C4280607"
"89884","2","3","3","110","221","321","428","541","667","C4280607"
"8139","2","3","12","41","116","268","434","468","213","C4280607"
"3891","2","1","6","11","142","225","142","220","298","C4280607"
"767","2","3","5","35","41","87","93","149","196","C4280607"
"213","2","5","7","53","51","342","454","573","492","C4280607"
"538","2","3","8","63","45","23","103","464","187","C4280607"
"2673","2","3","2","110","94","178","226","297","380","C4280607"
"4137","2","3","7","27","36","150","341","223","628","C4280610"
"4359","2","5","7","53","51","342","454","573","492","C4280610"
"55750","2","3","2","42","18","184","118","543","214","C4280610"
"23509","2","3","2","89","124","143","428","236","667","C4280610"
"25959","2","3","3","19","151","276","91","433","118","C4280610"
"8260","2","3","12","41","85","266","76","287","78","C4280610"
"4137","2","3","7","27","36","150","341","223","628","C4280610"
"207","2","3","7","53","14","20","34","489","416","C4280610"
"1832","2","5","7","34","52","225","142","220","298","C4280615"
"3845","2","5","7","60","54","24","30","46","72","C4280615"
"10982","2","3","12","76","153","40","38","54","75","C4280615"
"1514","2","5","7","53","51","342","454","573","492","C4280615"
"4129","2","3","5","63","63","120","197","203","350","C4280615"
"55215","2","3","12","76","31","261","116","1","86","C4280615"
"5428","2","3","2","48","170","50","119","167","593","C4280615"
"54768","2","3","12","41","92","197","57","198","517","C4280615"
"5255","2","3","7","34","45","23","103","464","187","C4280615"
"1536","2","5","7","34","52","216","395","549","674","C4280615"
"6648","2","3","2","95","151","160","378","173","229","C4280615"
"1029","2","3","12","19","31","1","116","1","664","C4280615"
"10518","2","3","2","22","170","50","119","444","556","C4280615"
"9469","2","3","2","103","189","303","29","475","467","C4280615"
"1893","2","5","7","53","51","342","454","573","702","C4280615"
"54714","2","5","8","63","36","166","106","110","158","C4280615"
"1586","2","3","5","79","98","256","335","425","540","C4280615"
"5159","2","5","7","53","14","20","25","40","186","C4280615"
"1406","2","3","3","19","221","321","428","541","667","C4280615"
"9368","2","5","7","42","36","71","177","223","219","C4280615"
"54209","2","5","7","53","51","119","395","549","674","C4280615"
"6391","2","3","2","48","170","50","119","444","556","C4280615"
"2239","2","3","2","74","51","342","454","573","492","C4280615"
"3239","2","3","3","19","221","321","428","541","667","C4280615"
"120892","2","3","2","110","85","28","164","85","522","C4280615"
"3845","2","5","7","60","54","24","30","46","72","C4280615"
"860","2","3","12","19","31","276","91","433","118","C4280615"
"3769","2","5","8","63","36","166","106","110","158","C4280615"
"7299","2","3","5","23","18","138","250","332","407","C4280615"
"1896","2","5","12","41","219","339","156","568","697","C4280615"
"2776","2","5","4","68","96","326","427","548","672","C4280615"
"5745","2","5","4","68","96","326","427","548","672","C4280616"
"966","2","5","7","34","52","216","395","549","674","C4280616"
"4952","2","3","5","60","54","184","30","544","669","C4280616"
"2263","2","5","7","53","14","20","25","40","186","C4280616"
"54903","2","3","12","76","153","40","38","54","75","C4280616"
"10265","2","3","3","19","221","321","428","541","667","C4280616"
"11285","2","3","2","74","205","191","396","408","620","C4280616"
"773","2","5","8","27","36","166","341","223","628","C4280616"
"2260","2","5","7","53","14","20","25","40","186","C4280616"
"4635","2","5","8","63","45","23","103","464","187","C4280616"
"51135","2","3","12","53","219","20","156","568","697","C4280616"
"6314","2","3","12","19","31","1","426","568","78","C4280616"
"10916","2","5","7","53","51","342","454","573","702","C4280616"
"5830","2","3","5","43","161","305","409","208","482","C4280616"
"10815","2","5","7","60","36","71","341","223","666","C4280619"
"30813","2","3","3","19","221","321","428","541","667","C4280619"
"3763","2","5","8","63","36","166","106","110","158","C4280619"
"5602","2","3","12","19","14","150","34","540","68","C4280619"
"81839","2","3","2","41","36","71","259","64","422","C4280619"
"54968","2","3","2","48","170","50","119","444","556","C4280619"
"4000","2","3","12","26","105","178","226","297","156","C4280619"
"3675","2","5","7","53","51","342","454","573","492","C4280619"
"5332","2","3","4","68","96","326","427","548","672","C4280619"
"4283","2","5","4","68","96","326","427","548","672","C4280619"
"7306","2","5","5","23","18","138","250","332","407","C4280619"
"5119","2","3","2","48","57","110","141","359","462","C4280619"
"1041","2","1","6","11","142","225","142","220","298","C4280619"
"2548","2","3","7","34","52","216","395","549","674","C4280619"
"547","2","3","7","76","153","40","38","54","75","C4280619"
"2538","2","3","5","90","216","333","438","561","689","C4280619"
"6736","2","3","12","19","31","276","91","433","667","C4280619"
"3425","2","3","5","80","81","166","454","573","492","C4280619"
"3239","2","3","3","19","221","321","428","541","667","C4280619"
"24","2","3","12","41","116","268","423","536","445","C4280619"
"3767","2","5","8","63","36","166","106","110","158","C4280619"
"6663","2","3","3","19","221","321","428","541","667","C4280619"
"6899","2","5","7","53","184","335","259","560","373","C4280620"
"2937","2","3","2","83","171","97","381","478","597","C4280620"
"2155","2","5","7","53","51","119","454","549","674","C4280620"
"8148","2","3","12","19","31","261","116","159","211","C4280621"
"2261","2","5","7","53","14","20","25","40","186","C4280621"
"10585","2","5","2","27","206","324","430","215","290","C4280621"
"731","2","5","7","53","51","119","395","549","674","C4280622"
"875","2","3","5","80","137","44","21","451","316","C4280622"
"26276","2","3","7","60","81","184","341","66","203","C4280622"
"2562","2","5","8","27","70","99","162","216","290","C4280624"
"25836","2","3","12","76","153","40","38","54","75","C4280624"
"2255","2","5","7","53","14","20","25","40","186","C4280624"
"2147","2","5","7","68","51","342","454","573","492","C4280624"
"3984","2","5","7","53","14","20","34","540","68","C4280624"
"8481","2","3","12","76","153","40","38","54","75","C4280624"
"10020","2","3","2","89","124","204","42","452","258","C4280624"
"5406","2","3","5","80","81","166","454","76","106","C4280624"
"1482","2","3","3","19","221","321","428","541","667","C4280624"
"10743","2","3","3","19","151","276","91","433","118","C4280624"
"9083","2","3","12","41","116","268","434","468","462","C4280624"
"51067","2","3","2","110","85","67","76","252","154","C4280624"
"10908","2","3","2","97","173","275","377","473","592","C4280624"
"374654","2","3","12","76","153","40","38","54","75","C4280624"
"1583","2","3","5","79","152","273","375","100","589","C4280624"
"6885","2","3","12","41","219","339","156","568","697","C4280624"
"8878","2","3","12","41","219","339","156","568","697","C4280624"
"23261","2","5","7","27","36","150","341","223","628","C4280624"
"846","2","5","4","68","96","326","427","548","672","C4280624"
"2261","2","5","7","53","14","20","25","40","186","C4280624"
"2261","2","5","7","53","14","20","25","40","186","C4280624"
"6347","2","5","7","53","51","119","427","489","416","C4280626"
"54795","2","5","8","63","45","193","306","390","158","C4280626"
"10269","2","3","2","48","182","50","119","444","556","C4280626"
"5465","2","3","3","19","151","276","91","433","118","C4280626"
"8085","2","3","12","19","31","1","426","55","78","C4280626"
"10312","2","3","7","34","52","216","395","549","674","C4280626"
"3295","2","3","5","43","161","305","409","208","482","C4280626"
"2638","2","5","8","63","45","23","103","464","187","C4280626"
"4668","2","3","5","21","111","188","242","313","396","C4280626"
"4352","2","5","7","53","14","20","25","40","186","C4280626"
"51086","2","3","2","68","45","232","321","406","520","C4280626"
"7169","2","5","8","63","45","23","103","464","187","C4280626"
"2623","2","3","12","19","31","1","155","287","116","C4280626"
"6866","2","5","4","68","96","326","427","548","672","C4280626"
"1493","2","5","7","53","51","119","25","40","186","C4280626"
"3481","2","5","7","53","51","342","454","573","492","C4280626"
"8985","2","5","7","53","51","342","454","573","492","C4280627"
"1352","2","3","2","48","170","50","119","444","556","C4280627"
"2592","2","3","2","68","117","196","257","326","419","C4280627"
"3845","2","5","7","60","54","24","30","46","72","C4280627"
"4054","2","5","7","53","51","342","454","573","492","C4280627"
"9215","2","5","2","27","36","150","430","215","628","C4280627"
"1499","2","3","12","19","221","197","259","560","422","C4280627"
"2316","2","5","7","53","51","342","454","573","702","C4280627"
"23321","2","5","7","53","184","119","156","287","116","C4280627"
"56925","2","3","5","80","81","166","397","418","568","C4280627"
"2796","2","5","4","68","96","326","427","548","672","C4280627"
"1896","2","5","12","41","219","339","156","568","697","C4280627"
"6261","2","5","8","63","45","23","34","464","187","C4280627"
"26012","2","3","12","19","31","261","116","159","211","C4280627"
"23322","2","3","12","76","153","40","38","54","75","C4280627"
"51259","2","3","2","76","153","40","38","54","75","C4280627"
"7372","2","3","2","68","119","109","266","182","182","C4280628"
"2548","2","3","7","34","52","216","395","549","674","C4280628"
"5327","2","5","7","53","51","342","454","573","492","C4280628"
"9531","2","3","12","41","219","339","347","271","356","C4280628"
"11113","2","5","7","53","14","20","34","540","68","C4280628"
"80169","2","3","12","19","31","261","116","1","86","C4280628"
"5332","2","3","4","68","96","326","427","548","672","C4280628"
"4000","2","3","12","26","105","178","226","297","156","C4280628"
"8036","2","5","7","60","54","296","399","359","658","C4280628"
"7466","2","5","7","53","51","342","454","573","492","C4280628"
"23545","2","3","5","29","88","132","85","222","346","C4280628"
"3162","2","3","5","53","51","119","402","489","416","C4280628"
"10084","2","3","2","22","33","323","66","101","136","C4280628"
"2643","2","3","5","87","91","75","204","267","352","C4280628"
"10891","2","3","3","19","151","276","91","433","118","C4280628"
"2263","2","5","7","53","14","20","25","40","186","C4280628"
"5443","2","5","4","68","96","326","427","548","672","C4280628"
"5745","2","5","4","68","96","326","427","548","672","C4280628"
"8241","2","3","2","22","33","323","66","101","136","C4280628"
"6299","2","3","12","19","221","321","428","541","667","C4280629"
"2200","2","5","7","53","51","342","454","573","492","C4280629"
"6469","2","5","3","53","221","197","259","560","422","C4280629"
"3691","2","5","7","53","51","342","454","573","492","C4280629"
"5885","2","3","12","76","153","40","38","54","75","C4280629"
"10102","2","3","2","48","182","67","76","463","153","C4280629"
"8878","2","3","12","41","219","339","156","568","697","C4280629"
"84529","2","3","12","19","31","1","426","55","78","C4280629"
"7010","2","5","7","53","14","20","25","40","186","C4280629"
"2033","2","3","12","19","31","1","91","433","118","C4280629"
"7401","2","5","7","60","83","101","126","170","224","C4280629"
"2261","2","5","7","53","14","20","25","40","186","C4280629"
"5562","2","3","2","48","57","110","141","359","462","C4280629"
"7428","2","3","12","41","116","268","434","468","213","C4280629"
"26040","2","3","12","19","31","1","116","297","78","C4280629"
"3265","2","5","7","60","54","24","30","46","72","C4280629"
"2778","2","5","4","68","96","326","427","548","672","C4280629"
"7227","2","3","12","19","31","276","91","433","118","C4280629"
"2159","2","5","7","68","51","119","454","549","674","C4280629"
"55636","2","3","3","19","221","321","428","423","389","C4280629"
"8815","2","3","12","22","33","323","66","444","664","C4280629"
"29954","2","5","2","27","206","324","430","215","290","C4280629"
"4843","2","3","5","43","161","305","409","489","416","C4280629"
"51259","2","3","2","76","153","40","38","54","75","C4280630"
"7852","2","5","4","68","96","326","427","548","672","C4280630"
"5346","2","3","3","19","151","276","91","433","118","C4280630"
"6347","2","5","7","53","51","119","427","489","416","C4280630"
"5395","2","3","12","19","31","261","116","1","86","C4280630"
"2200","2","5","7","53","51","342","454","573","492","C4280630"
"8216","2","3","12","41","119","330","214","454","144","C4280630"
"269","2","5","7","53","14","20","259","423","389","C4280630"
"26227","2","3","2","41","137","44","208","81","108","C4280630"
"2155","2","5","7","53","51","119","454","549","674","C4280630"
"8516","2","5","7","53","51","342","454","573","492","C4280630"
"5351","2","5","7","53","51","342","454","573","492","C4280630"
"2697","2","3","7","76","153","40","38","54","75","C4280630"
"10329","2","3","2","63","123","194","423","536","544","C4280630"
"5824","2","3","5","47","144","185","238","310","392","C4280630"
"1301","2","5","7","53","51","342","454","573","492","C4280633"
"5896","2","3","12","41","116","268","434","568","605","C4280633"
"5189","2","3","5","43","161","305","409","208","482","C4280634"
"673","2","5","7","53","14","20","34","540","68","C4280634"
"51684","2","3","12","41","116","268","38","54","75","C4280635"
"5885","2","3","12","76","153","40","38","54","75","C4280635"
"570","2","3","5","43","161","305","409","255","56","C4280635"
"3295","2","3","5","43","161","305","409","208","482","C4280635"
"5932","2","3","12","19","31","261","116","1","86","C4280635"
"860","2","3","12","19","31","276","91","433","118","C4280635"
"3918","2","5","7","53","51","342","454","573","492","C4280636"
"6323","2","5","8","63","36","166","341","390","158","C4280636"
"51684","2","3","12","41","116","268","38","54","75","C4280636"
"125","2","3","2","75","120","200","263","251","425","C4280636"
"10269","2","3","2","48","182","50","119","444","556","C4280636"
"7148","2","5","7","53","51","342","454","573","492","C4280636"
"9420","2","3","5","79","159","256","215","282","366","C4280636"
"2260","2","5","7","53","14","20","25","40","186","C4280636"
"5087","2","3","3","19","221","321","428","541","667","C4280636"
"2260","2","5","7","53","14","20","25","40","186","C4280636"
"5077","2","3","3","19","221","321","428","541","667","C4280636"
"55505","2","3","2","110","85","237","433","547","671","C4280636"
"2157","2","5","7","53","51","342","454","573","702","C4280636"
"3717","2","5","7","53","14","20","25","40","186","C4280636"
"5728","2","3","5","80","81","339","156","568","605","C4280636"
"9049","2","3","3","41","151","276","378","271","356","C4280636"
"1301","2","5","7","53","51","342","454","573","492","C4280636"
"2719","2","5","7","53","51","342","454","573","492","C4280636"
"6647","2","3","2","95","2","342","378","173","702","C4280636"
"7026","2","3","3","19","151","276","91","433","118","C4280637"
"55630","2","3","5","27","81","99","162","216","290","C4280637"
"23636","2","3","12","22","33","323","66","101","664","C4280637"
"100","2","3","5","33","21","47","56","80","199","C4280637"
"4582","2","5","7","53","206","324","430","429","544","C4280637"
"5194","2","3","5","43","161","305","409","208","482","C4280637"
"1410","2","3","12","63","45","23","38","54","187","C4280637"
"51360","2","3","3","26","35","276","91","433","203","C4280637"
"9897","2","3","12","76","18","75","38","1","212","C4280637"
"55636","2","3","3","19","221","321","428","423","389","C4280637"
"5179","2","5","4","68","96","326","427","548","672","C4280637"
"18","2","3","8","67","94","199","182","509","666","C4280637"
"2703","2","3","12","76","153","40","38","54","75","C4280637"
"5020","2","5","4","68","96","326","427","548","672","C4280637"
"6899","2","5","7","53","184","335","259","560","373","C4280637"
"4221","2","3","12","19","31","342","454","573","492","C4280637"
"4723","2","3","2","48","170","50","119","444","556","C4280637"
"6945","2","3","12","19","31","110","141","488","102","C4280637"
"5422","2","3","12","19","31","261","116","1","86","C4280637"
"7681","2","3","12","41","116","268","434","468","213","C4280638"
"5660","2","5","7","34","52","326","427","548","702","C4280638"
"5982","2","3","12","19","31","261","116","1","86","C4280638"
"60","2","3","12","60","45","184","155","287","78","C4280638"
"2147","2","5","7","68","51","342","454","573","492","C4280638"
"3651","2","3","3","19","221","321","428","541","667","C4280638"
"6351","2","5","4","68","96","326","427","548","672","C4280638"
"595","2","3","12","19","31","1","426","489","416","C4280638"
"1829","2","1","6","11","142","225","142","220","298","C4280638"
"100","2","3","5","33","21","47","56","80","199","C4280638"
"6569","2","3","8","45","94","199","240","415","666","C4280638"
"6690","2","5","7","68","51","119","395","549","674","C4280638"
"72","2","5","8","63","45","23","103","464","187","C4280638"
"4436","2","3","12","19","31","261","116","1","86","C4280638"
"2322","2","5","7","53","14","20","25","40","186","C4280638"
"26160","2","3","12","76","153","40","38","54","75","C4280638"
"4047","2","3","3","19","151","276","91","433","118","C4280638"
"8642","2","5","7","53","51","335","444","560","373","C4280638"
"1594","2","3","5","92","163","96","363","460","487","C4280638"
"23299","2","3","12","76","153","40","38","54","75","C4280639"
"7043","2","5","7","53","51","342","454","573","492","C4280639"
"4615","2","3","12","41","219","339","156","568","697","C4280639"
"5828","2","3","5","43","161","305","409","208","482","C4280639"
"2643","2","3","5","87","91","75","204","267","352","C4280639"
"3543","2","5","7","53","51","119","395","549","674","C4280639"
"5631","2","3","2","72","119","109","266","336","452","C4280639"
"5932","2","3","12","19","31","261","116","1","86","C4280639"
"5595","2","3","7","53","14","20","34","540","68","C4280639"
"2876","2","3","5","80","81","110","378","173","229","C4280639"
"3930","2","3","2","22","33","323","66","3","464","C4280639"
"6772","2","3","12","53","184","119","156","287","116","C4280639"
"272","2","3","7","34","52","216","395","549","674","C4280639"
"6736","2","3","12","19","31","276","91","433","667","C4280639"
"23639","2","3","12","41","219","261","136","271","356","C4280639"
"5660","2","5","7","34","52","326","427","548","702","C4280639"
"1836","2","3","2","35","41","94","260","330","375","C4280639"
"203286","2","5","7","50","30","193","306","148","624","C4280639"
"3984","2","5","7","53","14","20","34","540","68","C4280639"
"4000","2","3","12","26","105","178","226","297","156","C4280646"
"4141","2","3","2","110","85","237","433","547","154","C4280646"
"54880","2","3","12","19","31","1","426","55","78","C4280646"
"1281","2","5","7","53","51","342","454","573","492","C4280652"
"2132","2","3","2","74","58","112","148","193","263","C4280652"
"859","2","5","8","63","45","23","103","464","187","C4280652"
"23495","2","3","12","41","219","339","156","568","697","C4280652"
"5354","2","5","7","27","36","150","341","223","628","C4280652"
"2068","2","3","12","19","31","261","116","159","211","C4280652"
"81501","2","3","12","26","35","276","91","433","156","C4280652"
"26278","2","3","12","41","116","268","347","271","356","C4280652"
"673","2","5","7","53","14","20","34","540","68","C4280652"
"1528","2","3","5","91","214","271","372","471","586","C4280652"
"10082","2","3","2","74","51","342","454","573","492","C4280652"
"3832","2","3","12","76","153","40","38","54","75","C4280652"
"9966","2","5","12","41","219","339","156","568","697","C4280652"
"5130","2","3","2","85","143","286","51","488","102","C4280652"
"2290","2","3","3","19","221","321","428","541","667","C4280652"
"25836","2","3","12","76","153","40","38","54","75","C4280652"
"1296","2","5","7","53","51","342","454","573","492","C4280652"
"10743","2","3","3","19","151","276","91","433","118","C4280652"
"55630","2","3","5","27","81","99","162","216","290","C4280652"
"2147","2","5","7","68","51","342","454","573","492","C4280652"
"9401","2","3","12","76","31","261","116","1","86","C4280652"
"4688","2","5","7","60","14","20","25","40","215","C4280657"
"9533","2","3","2","19","31","1","426","55","78","C4280657"
"9289","2","5","4","68","96","326","427","548","672","C4280657"
"1340","2","3","2","48","170","50","141","359","462","C4280657"
"3514","2","5","7","53","51","119","395","549","674","C4280657"
"6833","2","5","8","45","36","166","240","415","666","C4280658"
"27031","2","3","6","11","142","225","38","331","506","C4280658"
"5076","2","3","3","19","221","321","428","541","667","C4280658"
"6314","2","3","12","19","31","1","426","568","78","C4280658"
"2304","2","3","12","19","221","321","428","541","667","C4280658"
"6390","2","3","2","48","170","50","119","444","556","C4280659"
"190","2","3","3","19","151","276","91","433","118","C4280659"
"5075","2","3","3","19","221","321","428","541","667","C4280659"
"7040","2","5","7","53","51","342","454","573","492","C4280659"
"50814","2","3","2","69","221","73","360","86","119","C4280659"
"1187","2","5","8","63","45","23","34","464","187","C4280660"
"5310","2","5","7","53","51","335","444","560","373","C4280660"
"9723","2","5","7","53","51","342","79","560","373","C4280660"
"7048","2","5","7","53","51","342","259","423","389","C4280660"
"134","2","5","4","68","96","326","427","548","672","C4280660"
"5982","2","3","12","19","31","261","116","1","86","C4280661"
"1278","2","5","7","53","51","342","454","573","492","C4280661"
"5277","2","3","2","61","77","142","176","235","317","C4280661"
"51085","2","3","2","48","57","110","141","359","462","C4280661"
"5538","2","3","2","115","18","340","269","342","444","C4280661"
"2313","2","3","12","19","31","276","91","433","118","C4280662"
"3953","2","5","7","53","14","20","25","40","186","C4280662"
"3953","2","5","7","53","14","20","25","40","186","C4280662"
"22868","2","3","2","48","182","67","76","463","153","C4280662"
"24","2","3","12","41","116","268","423","536","445","C4280662"
"1583","2","3","5","79","152","273","375","100","589","C4280665"
"1029","2","3","12","19","31","1","116","1","664","C4280665"
"3078","2","5","7","53","51","119","395","549","674","C4280665"
"8504","2","3","5","47","144","185","238","310","392","C4280665"
"1278","2","5","7","53","51","342","454","573","492","C4280665"
"9935","2","3","12","19","31","1","426","55","78","C4280665"
"1666","2","3","2","69","83","58","64","98","134","C4280665"
"1462","2","5","7","53","51","342","454","573","492","C4280665"
"1284","2","5","7","53","51","342","454","573","492","C4280665"
"652","2","5","7","53","51","342","454","573","492","C4280665"
"3239","2","3","3","19","221","321","428","541","667","C4280666"
"4914","2","3","2","22","18","266","202","252","252","C4280666"
"3576","2","5","4","68","96","326","427","548","672","C4280666"
"1535","2","5","7","34","52","216","395","549","674","C4280666"
"6576","2","3","2","45","94","199","240","569","666","C4280666"
"4277","2","5","7","53","51","119","395","549","674","C4280666"
"1716","2","3","2","27","36","150","221","138","188","C4280666"
"4508","2","3","2","48","170","50","119","444","556","C4280666"
"4352","2","5","7","53","14","20","25","40","186","C4280666"
"338917","2","3","3","19","221","321","428","541","667","C4280666"
"9394","2","3","2","74","58","112","148","193","263","C4280668"
"7252","2","5","4","68","96","326","427","548","672","C4280668"
"10815","2","5","7","60","36","71","341","223","666","C4280669"
"3559","2","5","7","53","14","20","25","40","186","C4280669"
"51085","2","3","2","48","57","110","141","359","462","C4280669"
"10484","2","3","7","60","153","40","38","54","203","C4280669"
"7249","2","3","7","60","57","110","141","359","462","C4280669"
"5894","2","5","7","60","54","23","34","464","187","C4280669"
"8928","2","3","12","19","221","321","259","423","389","C4280669"
"64220","2","3","2","69","83","101","126","170","224","C4280669"
"1610","2","3","5","80","81","305","409","208","482","C4280670"
"1528","2","3","5","91","214","271","372","471","586","C4280670"
"5116","2","3","12","76","153","40","38","54","75","C4280670"
"2161","2","5","7","68","51","119","395","549","674","C4280670"
"8085","2","3","12","19","31","1","426","55","78","C4280671"
"860","2","3","12","19","31","276","91","433","118","C4280671"
"4643","2","5","7","60","14","20","25","40","215","C4280671"
"5745","2","5","4","68","96","326","427","548","672","C4280671"
"27445","2","5","7","60","36","71","341","223","624","C4280672"
"4514","2","3","2","48","57","110","141","359","5","C4280672"
"6591","2","3","12","19","31","1","426","55","78","C4280672"
"4541","2","3","2","48","170","50","119","444","24","C4280672"
"1286","2","5","7","53","51","342","454","573","492","C4280672"
"2108","2","3","2","48","170","50","119","444","556","C4280674"
"51062","2","5","7","27","36","150","402","489","373","C4280674"
"4929","2","3","3","19","151","276","91","433","118","C4280674"
"3651","2","3","3","19","221","321","428","541","667","C4280674"
"6103","2","3","12","76","153","40","38","54","75","C4280675"
"652","2","5","7","53","51","342","454","573","492","C4280675"
"6392","2","3","2","48","170","50","119","444","556","C4280675"
"9569","2","3","12","19","31","276","91","433","118","C4280676"
"2118","2","3","12","41","116","268","91","433","605","C4280676"
"10225","2","5","7","53","51","119","395","549","674","C4280677"
"1293","2","5","7","53","51","342","454","573","492","C4280677"
"182","2","5","7","53","51","143","428","236","667","C4280677"
"50485","2","3","12","19","31","261","116","1","86","C4280677"
"22909","2","3","12","19","31","261","116","1","86","C4280677"
"2138","2","3","12","19","31","1","426","55","78","C4280677"
"9499","2","5","7","53","51","23","103","464","187","C4280677"
"8722","2","3","7","76","153","40","38","54","75","C4280677"
"5396","2","3","3","19","221","321","428","541","667","C4280678"
"582","2","3","12","76","153","76","38","54","75","C4280678"
"5914","2","3","3","19","151","276","91","433","118","C4280678"
"5216","2","5","7","76","153","342","38","54","702","C4280678"
"3984","2","5","7","53","14","20","34","540","68","C4280678"
"4935","2","5","4","68","96","326","427","548","672","C4280678"
"846","2","5","4","68","96","326","427","548","672","C4280678"
"7305","2","5","7","34","52","216","395","549","674","C4280678"
"9215","2","5","2","27","36","150","430","215","628","C4280678"
"4864","2","3","5","48","152","184","341","544","669","C4280678"
"5308","2","3","3","19","221","321","428","541","667","C4280679"
"4015","2","5","7","53","51","342","454","573","492","C4280679"
"5913","2","5","7","27","36","71","341","223","219","C4280679"
"4292","2","3","12","19","31","261","116","1","86","C4280679"
"23742","2","5","5","68","96","326","427","447","586","C4280679"
"368","2","3","12","41","116","268","423","536","445","C4280679"
"5818","2","5","7","53","51","335","444","560","373","C4280679"
"10913","2","3","12","41","219","339","156","568","697","C4280679"
"2261","2","5","7","53","14","20","25","40","186","C4280679"
"2253","2","5","7","53","14","20","25","40","186","C4280679"
"3717","2","5","7","53","14","20","25","40","186","C4280679"
"22858","2","3","7","53","14","20","34","540","68","C4280679"
"3239","2","3","3","19","221","321","428","541","667","C4280679"
"4204","2","3","12","19","31","1","426","55","78","C4280679"
"2260","2","5","7","53","14","20","25","40","186","C4280679"
"1337","2","3","2","48","170","110","141","359","462","C4280679"
"23081","2","3","12","19","31","1","426","55","78","C4280679"
"5105","2","3","3","67","151","276","91","433","118","C4280679"
"5167","2","3","5","32","93","163","207","303","126","C4280679"
"3508","2","3","12","19","31","261","116","1","86","C4280679"
"2332","2","3","2","22","33","71","373","466","609","C4280679"
"5354","2","5","7","27","36","150","341","223","628","C4280803"
"2896","2","5","7","34","52","216","395","549","674","C4280803"
"1294","2","5","7","53","51","342","454","573","492","C4280803"
"9820","2","3","12","41","116","268","434","468","213","C4280805"
"10939","2","3","2","48","170","50","119","444","593","C4280805"
"23483","2","3","2","28","191","306","143","452","258","C4280805"
"55364","2","3","12","76","36","150","177","251","117","C4280806"
"1493","2","5","7","53","51","119","25","40","186","C4280806"
"1605","2","5","7","53","51","342","454","573","492","C4280806"
"6297","2","3","12","41","116","266","402","489","416","C4280806"
"3514","2","5","7","53","51","119","395","549","674","C4280806"
"673","2","5","7","53","14","20","34","540","68","C4280807"
"6890","2","3","12","41","184","119","156","568","116","C4280807"
"7148","2","5","7","53","51","342","454","573","492","C4280807"
"4053","2","5","7","53","51","342","454","573","492","C4280807"
"5728","2","3","5","80","81","339","156","568","605","C4280807"
"5828","2","3","5","43","161","305","409","208","482","C4280807"
"4088","2","3","12","19","219","339","259","423","605","C4280807"
"26022","2","5","8","68","45","110","98","66","203","C4280807"
"10654","2","3","3","72","151","276","91","433","118","C4280807"
"3115","2","5","7","53","184","119","156","287","116","C4280807"
"7015","2","3","12","19","31","1","426","55","78","C4280807"
"5443","2","5","4","68","96","326","427","548","672","C4280807"
"9394","2","3","2","74","58","112","148","193","263","C4280807"
"6899","2","5","7","53","184","335","259","560","373","C4280807"
"51218","2","3","2","48","170","50","119","100","556","C4280807"
"987","2","3","6","48","94","279","347","330","304","C4280807"
"1181","2","5","8","63","45","23","34","464","187","C4280807"
"9573","2","5","7","53","51","342","259","423","389","C4280807"
"9419","2","5","7","60","36","71","341","223","219","C4280807"
"26610","2","3","12","19","31","1","426","55","78","C4280807"
