"V1","V2","V3","V4","V5","V6","V7","V8","V9","V10"
"5657","2","5","7","34","52","216","395","549","674","C0000768"
"4089","2","3","12","19","219","339","259","423","605","C0000768"
"551","2","5","4","68","96","326","427","548","672","C0000768"
"55636","2","3","3","19","221","321","428","423","389","C0000768"
"4842","2","3","5","63","45","71","177","464","219","C0000768"
"726","2","5","7","53","51","342","454","573","492","C0000768"
"477","2","3","8","63","45","23","103","464","187","C0000768"
"51715","2","5","7","60","54","24","30","46","72","C0000768"
"3725","2","3","12","19","31","261","116","336","152","C0000768"
"10297","2","3","12","27","36","150","444","223","628","C0000768"
"6916","2","3","5","91","175","119","167","224","301","C0000768"
"6662","2","3","3","19","221","321","428","541","667","C0000832"
"1293","2","5","7","53","51","342","454","573","492","C0000832"
"4625","2","3","8","63","45","23","103","464","187","C0000832"
"5663","2","5","7","34","52","216","395","549","667","C0000887"
"2895","2","5","4","68","36","71","427","223","219","C0000887"
"10002","2","3","3","19","151","276","91","433","118","C0000887"
"9897","2","3","12","76","18","75","38","1","212","C0000887"
"3776","2","5","8","63","36","166","106","110","158","C0000887"
"4010","2","3","3","19","221","321","428","541","667","C0000887"
"2261","2","5","7","53","14","20","25","40","186","C0000889"
"1617","2","3","2","22","33","323","66","101","468","C0000889"
"5230","2","3","12","72","167","266","367","500","577","C0000889"
"472","2","3","12","19","31","261","116","1","86","C0000889"
"2623","2","3","12","19","31","1","155","287","116","C0000889"
"1410","2","3","12","63","45","23","38","54","187","C0000889"
"7169","2","5","8","63","45","23","103","464","187","C0000889"
"5071","2","3","12","41","116","268","434","468","213","C0000889"
"10002","2","3","3","19","151","276","91","433","118","C0000889"
"5538","2","3","2","115","18","340","269","342","444","C0000889"
"6125","2","3","2","110","85","237","433","547","671","C0000889"
"2956","2","3","12","19","31","261","116","1","86","C0000889"
"8516","2","5","7","53","51","342","454","573","492","C0000889"
"9469","2","3","2","103","189","303","29","475","467","C0000889"
"6712","2","5","7","60","153","40","341","223","203","C0000889"
"1144","2","5","8","27","70","99","162","216","290","C0000889"
"6647","2","3","2","95","2","342","378","173","702","C0000889"
"26119","2","5","7","60","14","184","341","544","669","C0000889"
"6548","2","3","2","45","94","199","240","415","326","C0000889"
"5506","2","3","12","76","137","76","136","82","658","C0000889"
"4625","2","3","8","63","45","23","103","464","187","C0001122"
"23322","2","3","12","76","153","40","38","54","75","C0001122"
"5340","2","5","7","53","51","342","454","573","492","C0001122"
"1583","2","3","5","79","152","273","375","100","589","C0001126"
"2324","2","5","7","53","14","20","25","40","186","C0001126"
"2290","2","3","3","19","221","321","428","541","667","C0001126"
"55612","2","5","7","60","36","71","177","560","701","C0001126"
"401","2","3","3","19","221","321","428","541","667","C0001126"
"7048","2","5","7","53","51","342","259","423","389","C0001126"
"54808","2","3","12","76","153","40","38","54","75","C0001126"
"5913","2","5","7","27","36","71","341","223","219","C0001126"
"9244","2","5","7","53","51","119","25","40","416","C0001126"
"5728","2","3","5","80","81","339","156","568","605","C0001126"
"3758","2","5","8","63","36","166","106","110","158","C0001175"
"3887","2","1","6","11","142","225","142","220","298","C0001175"
"5308","2","3","3","19","221","321","428","541","667","C0001175"
"10564","2","5","7","60","54","24","30","46","72","C0001202"
"545","2","3","12","19","31","261","116","1","86","C0001202"
"26276","2","3","7","60","81","184","341","66","203","C0001206"
"6326","2","5","8","63","36","166","341","390","158","C0001206"
"51082","2","3","2","19","31","1","426","55","78","C0001206"
"374654","2","3","12","76","153","40","38","54","75","C0001206"
"2706","2","3","12","76","153","40","38","54","75","C0001206"
"23165","2","3","12","22","33","323","66","101","664","C0001206"
"2260","2","5","7","53","14","20","25","40","186","C0001206"
"7124","2","3","12","41","219","339","156","568","697","C0001206"
"23426","2","5","7","42","36","71","177","223","219","C0001206"
"26128","2","3","12","76","153","40","38","54","154","C0001206"
"1586","2","3","5","79","98","256","335","425","540","C0001206"
"3892","2","1","6","11","142","225","142","220","298","C0001206"
"3748","2","5","8","63","36","166","106","110","158","C0001206"
"54658","2","3","2","78","205","207","67","355","138","C0001206"
"4514","2","3","2","48","57","110","141","359","5","C0001206"
"7253","2","5","4","68","96","326","427","548","672","C0001206"
"4548","2","3","2","15","85","105","139","186","245","C0001206"
"2879","2","3","5","80","81","166","378","173","229","C0001339"
"5213","2","3","2","90","167","266","367","500","577","C0001339"
"10907","2","3","2","22","33","323","66","101","136","C0001339"
"659","2","5","7","53","14","20","259","423","389","C0001403"
"2318","2","5","7","53","45","23","103","464","187","C0001403"
"26278","2","3","12","41","116","268","347","271","356","C0001403"
"1536","2","5","7","34","52","216","395","549","674","C0001403"
"3784","2","5","8","63","36","166","106","110","158","C0001403"
"3643","2","5","7","53","14","20","25","40","186","C0001403"
"6389","2","3","2","48","170","50","119","444","556","C0001403"
"5914","2","3","3","19","151","276","91","433","118","C0001403"
"773","2","5","8","27","36","166","341","223","628","C0001403"
"1758","2","5","7","53","51","342","454","573","492","C0001403"
"4512","2","3","2","48","170","110","141","359","8","C0001403"
"3274","2","5","4","68","96","326","427","548","672","C0001403"
"23426","2","5","7","42","36","71","177","223","219","C0001403"
"5158","2","3","4","68","45","272","259","518","621","C0001403"
"7855","2","5","3","68","221","197","259","560","422","C0001403"
"11315","2","3","2","48","170","50","399","201","229","C0001403"
"207","2","3","7","53","14","20","34","489","416","C0001403"
"51024","2","3","2","48","170","305","409","208","482","C0001403"
"6403","2","5","7","53","51","342","454","573","702","C0001430"
"25886","2","3","12","76","153","76","136","472","435","C0001430"
"54928","2","3","2","37","105","92","113","154","201","C0001430"
"801","2","5","8","63","45","23","103","464","187","C0001430"
"6204","2","3","2","110","85","237","433","547","671","C0001430"
"4204","2","3","12","19","31","1","426","55","78","C0001430"
"392255","2","5","7","53","51","342","259","423","389","C0001430"
"9215","2","5","2","27","36","150","430","215","628","C0001430"
"3889","2","1","6","11","142","225","142","220","298","C0001430"
"6469","2","5","3","53","221","197","259","560","422","C0001430"
"4914","2","3","2","22","18","266","202","252","252","C0001430"
"4683","2","3","12","19","31","261","116","1","86","C0001430"
"627","2","5","7","53","51","335","444","423","373","C0001430"
"6329","2","5","8","63","36","166","341","390","158","C0001430"
"94","2","5","7","53","51","342","259","423","389","C0001430"
"9343","2","3","2","22","33","323","66","101","136","C0001430"
"1387","2","3","12","19","31","276","91","433","118","C0001430"
"1789","2","3","12","19","31","1","426","55","78","C0001430"
"23169","2","3","2","78","205","112","430","429","544","C0001430"
"5781","2","5","7","53","14","20","25","40","186","C0001430"
"2121","2","3","12","41","116","268","434","568","605","C0001430"
"7133","2","5","7","34","52","216","395","549","697","C0001430"
"3052","2","3","2","48","170","50","119","444","556","C0001430"
"26353","2","3","12","76","45","160","347","271","356","C0001430"
"5167","2","3","5","32","93","163","207","303","126","C0001430"
"627","2","5","7","53","51","335","444","423","373","C0001430"
"29089","2","3","12","41","116","268","434","468","213","C0001430"
"1278","2","5","7","53","51","342","454","573","492","C0001430"
"79974","2","5","5","68","96","326","427","447","586","C0001430"
"150684","2","3","12","41","116","268","434","468","213","C0001430"
"1026","2","3","12","19","31","1","116","489","416","C0001430"
"1893","2","5","7","53","51","342","454","573","702","C0001430"
"8260","2","3","12","41","85","266","76","287","78","C0001618"
"6335","2","5","8","63","36","166","341","390","158","C0001618"
"4286","2","3","12","19","31","261","116","1","664","C0001618"
"51741","2","3","2","22","33","323","66","101","127","C0001621"
"4038","2","5","7","53","51","342","454","573","492","C0001621"
"5591","2","3","12","19","31","261","116","1","86","C0001623"
"26154","2","3","5","47","144","185","238","310","392","C0001623"
"8600","2","5","7","41","219","339","156","568","697","C0001623"
"1232","2","5","4","68","96","326","427","548","672","C0001623"
"51062","2","5","7","27","36","150","402","489","373","C0001623"
"6648","2","3","2","95","151","160","378","173","229","C0001623"
"4784","2","3","2","22","33","261","116","159","211","C0001623"
"861","2","3","12","19","31","1","426","55","78","C0001623"
"1947","2","5","7","53","51","20","25","560","373","C0001623"
"5906","2","5","7","34","52","216","30","46","72","C0001624"
"8291","2","5","8","63","45","23","103","464","187","C0001624"
"7442","2","5","8","63","45","193","306","390","158","C0001624"
"5130","2","3","2","85","143","286","51","488","102","C0001624"
"4023","2","3","5","24","51","342","91","20","27","C0001624"
"3988","2","3","5","98","174","277","379","476","42","C0001624"
"2645","2","3","2","90","167","266","367","101","664","C0001624"
"6748","2","3","2","110","85","237","433","547","671","C0001624"
"51626","2","3","12","76","153","40","38","54","75","C0001624"
"9632","2","3","7","60","153","40","38","54","203","C0001624"
"3425","2","3","5","80","81","166","454","573","492","C0001624"
"2512","2","3","7","34","52","216","395","544","358","C0001627"
"22954","2","3","12","41","116","268","434","468","213","C0001627"
"348","2","5","7","53","51","342","454","573","492","C0001627"
"773","2","5","8","27","36","166","341","223","628","C0001627"
"3239","2","3","3","19","221","321","428","541","667","C0001627"
"9247","2","5","7","53","221","197","259","423","389","C0001627"
"3586","2","5","7","53","51","119","25","489","416","C0001627"
"26137","2","5","7","63","45","184","103","572","658","C0001627"
"54551","2","3","12","41","219","197","156","568","422","C0001627"
"55212","2","3","12","76","153","76","38","54","75","C0001627"
"6557","2","5","8","45","94","199","240","415","666","C0001627"
"10269","2","3","2","48","182","50","119","444","556","C0001723"
"91137","2","3","2","48","94","199","240","415","666","C0001723"
"5328","2","5","7","34","52","216","395","549","674","C0001723"
"1723","2","3","2","48","170","50","119","444","556","C0001723"
"1540","2","3","12","41","219","339","156","568","605","C0001723"
"2517","2","3","7","34","52","216","395","549","674","C0001723"
"1910","2","5","4","68","96","326","427","548","672","C0001733"
"7466","2","5","7","53","51","342","454","573","492","C0001733"
"1072","2","5","7","53","45","342","454","572","702","C0001733"
"5618","2","5","7","53","51","119","25","40","186","C0001768"
"860","2","3","12","19","31","276","91","433","118","C0001768"
"54567","2","5","7","53","51","143","428","236","667","C0001768"
"8200","2","5","7","53","51","342","259","423","389","C0001768"
"5627","2","5","7","53","51","342","454","573","702","C0001768"
"730","2","5","7","53","51","119","395","549","674","C0001768"
"8867","2","3","5","60","14","184","341","544","669","C0001768"
"3549","2","5","3","53","51","197","259","560","422","C0001768"
"1956","2","5","7","53","14","184","45","544","669","C0001768"
"3914","2","5","7","53","51","342","454","573","492","C0001768"
"55135","2","3","12","76","137","76","136","472","435","C0001768"
"3930","2","3","2","22","33","323","66","3","464","C0001768"
"633","2","5","7","53","51","342","454","573","492","C0001768"
"501","2","3","5","75","162","260","361","458","572","C0001768"
"1493","2","5","7","53","51","119","25","40","186","C0001768"
"7750","2","3","12","19","31","1","426","448","78","C0001768"
"3689","2","5","7","34","52","216","395","549","674","C0001815"
"9469","2","3","2","103","189","303","29","475","467","C0001815"
"55612","2","5","7","60","36","71","177","560","701","C0001816"
"5332","2","3","4","68","96","326","427","548","672","C0001816"
"6777","2","5","7","53","14","20","25","40","186","C0001816"
"1804","2","5","7","27","36","150","341","223","628","C0001818"
"3480","2","5","7","53","14","20","25","40","186","C0001818"
"112476","2","3","2","48","170","50","119","444","556","C0001818"
"4436","2","3","12","19","31","261","116","1","86","C0001818"
"7422","2","5","7","53","51","342","454","573","702","C0001824"
"1277","2","5","7","53","51","342","454","573","492","C0001824"
"6697","2","3","2","69","91","75","204","267","352","C0001824"
"1174","2","5","7","60","153","184","341","544","669","C0001824"
"1281","2","5","7","53","51","342","454","573","492","C0001883"
"658","2","5","7","53","51","342","259","423","389","C0001883"
"4041","2","5","3","68","221","197","259","560","422","C0001883"
"6709","2","5","7","34","52","216","395","572","158","C0001916"
"3636","2","3","5","80","14","20","25","40","186","C0001916"
"2705","2","3","12","76","153","40","38","54","75","C0001916"
"5644","2","5","7","68","51","119","395","549","674","C0001916"
"1836","2","3","2","35","41","94","260","330","375","C0001916"
"6390","2","3","2","48","170","50","119","444","556","C0001916"
"7050","2","3","12","19","31","321","428","541","667","C0001916"
"5333","2","3","5","18","16","40","417","103","58","C0001916"
"7249","2","3","7","60","57","110","141","359","462","C0001916"
"10161","2","5","4","68","96","326","427","548","672","C0001916"
"3991","2","3","5","80","81","166","57","83","658","C0001916"
"4535","2","3","2","48","170","50","119","444","556","C0001925"
"2778","2","5","4","68","96","326","427","548","672","C0001925"
"6391","2","3","2","48","170","50","119","444","556","C0001925"
"255738","2","5","7","53","51","342","454","573","492","C0001925"
"2328","2","3","5","91","214","226","326","413","530","C0001925"
"4615","2","3","12","41","219","339","156","568","697","C0001925"
"5894","2","5","7","60","54","23","34","464","187","C0001925"
"595","2","3","12","19","31","1","426","489","416","C0001925"
"10194","2","5","7","53","221","321","259","423","389","C0001925"
"2645","2","3","2","90","167","266","367","101","664","C0001925"
"715","2","5","7","53","51","119","395","549","674","C0001925"
"23533","2","3","2","53","14","20","25","362","468","C0001925"
"7169","2","5","8","63","45","23","103","464","187","C0001925"
"16","2","3","2","110","85","237","433","547","154","C0001925"
"51025","2","3","2","48","170","50","304","167","593","C0001925"
"5296","2","5","7","53","14","20","25","40","186","C0001925"
"8878","2","3","12","41","219","339","156","568","697","C0001925"
"1593","2","3","5","79","152","273","157","333","277","C0001925"
"9723","2","5","7","53","51","342","79","560","373","C0001925"
"6714","2","5","7","53","14","20","25","40","186","C0001925"
"7337","2","3","12","41","116","268","434","468","213","C0001925"
"5144","2","3","4","68","96","326","427","548","672","C0001956"
"148","2","5","4","68","96","326","427","548","672","C0001956"
"3558","2","5","7","53","14","20","25","40","186","C0001956"
"4634","2","5","8","63","45","23","103","464","187","C0001956"
"51360","2","3","3","26","35","276","91","433","203","C0001956"
"8890","2","3","2","110","85","237","433","547","671","C0001956"
"1513","2","5","7","53","51","342","454","573","492","C0001956"
"7253","2","5","4","68","96","326","427","548","672","C0001956"
"3418","2","3","2","67","151","276","33","48","155","C0001956"
"8643","2","5","3","68","221","197","259","560","422","C0001956"
"89891","2","3","12","76","153","40","38","54","75","C0001956"
"3655","2","5","7","53","51","342","454","573","492","C0001956"
"6010","2","5","4","68","96","326","427","548","672","C0001957"
"9394","2","3","2","74","58","112","148","193","263","C0001957"
"10195","2","3","2","48","69","99","162","216","290","C0002018"
"2261","2","5","7","53","14","20","25","40","186","C0002018"
"8642","2","5","7","53","51","335","444","560","373","C0002018"
"220296","2","5","7","53","51","119","444","549","674","C0002018"
"5116","2","3","12","76","153","40","38","54","75","C0002018"
"4983","2","5","7","60","54","24","30","46","72","C0002018"
"2239","2","3","2","74","51","342","454","573","492","C0002063"
"25836","2","3","12","76","153","40","38","54","75","C0002063"
"2100","2","3","3","19","151","276","91","433","118","C0002064"
"57822","2","3","12","19","31","1","426","55","78","C0002064"
"23322","2","3","12","76","153","40","38","54","75","C0002064"
"3257","2","5","7","60","54","24","30","46","72","C0002064"
"51008","2","3","12","19","31","276","91","433","118","C0002064"
"29760","2","5","7","53","14","20","25","40","186","C0002171"
"4282","2","5","7","34","52","216","395","549","674","C0002171"
"5831","2","3","2","101","62","189","182","566","409","C0002171"
"729920","2","3","2","48","170","110","329","251","533","C0002171"
"3730","2","5","7","53","14","20","25","40","186","C0002171"
"2068","2","3","12","19","31","261","116","159","211","C0002171"
"2071","2","3","12","19","31","261","116","159","211","C0002171"
"1201","2","3","2","48","170","50","304","167","593","C0002171"
"9820","2","3","12","41","116","268","434","468","213","C0002171"
"4609","2","3","12","19","31","1","160","107","416","C0002171"
"3265","2","5","7","60","54","24","30","46","72","C0002171"
"54332","2","3","2","60","170","40","98","66","203","C0002312"
"5728","2","3","5","80","81","339","156","568","605","C0002312"
"3052","2","3","2","48","170","50","119","444","556","C0002312"
"3845","2","5","7","60","54","24","30","46","72","C0002382"
"5727","2","3","12","68","221","197","259","560","422","C0002382"
"779","2","5","8","63","36","166","341","390","158","C0002418"
"7476","2","5","3","68","221","197","259","560","422","C0002418"
"30813","2","3","3","19","221","321","428","541","667","C0002418"
"4626","2","5","8","63","45","23","103","464","187","C0002418"
"7421","2","3","3","19","151","276","91","433","118","C0002418"
"2624","2","3","12","19","31","1","155","287","116","C0002418"
"3663","2","3","12","53","184","119","156","287","116","C0002418"
"54209","2","5","7","53","51","119","395","549","674","C0002418"
"6239","2","3","12","19","119","330","214","454","144","C0002418"
"7043","2","5","7","53","51","342","454","573","492","C0002418"
"201626","2","3","12","41","116","268","434","468","593","C0002418"
"5994","2","3","12","19","31","276","91","491","118","C0002418"
"2475","2","3","2","48","57","110","141","359","462","C0002418"
"6499","2","3","2","110","85","237","433","547","671","C0002418"
"2161","2","5","7","68","51","119","395","549","674","C0002418"
"4791","2","3","12","41","219","339","156","568","697","C0002418"
"2760","2","3","7","34","52","216","395","549","674","C0002418"
"2067","2","3","12","19","31","261","116","1","86","C0002418"
"6491","2","3","12","76","153","40","38","54","75","C0002418"
"1586","2","3","5","79","98","256","335","425","540","C0002448"
"3861","2","1","6","11","142","225","142","220","298","C0002448"
"779","2","5","8","63","36","166","341","390","158","C0002452"
"2056","2","5","7","53","51","119","25","40","186","C0002452"
"2255","2","5","7","53","14","20","25","40","186","C0002452"
"5071","2","3","12","41","116","268","434","468","213","C0002452"
"1584","2","3","5","79","159","256","276","353","456","C0002452"
"4010","2","3","3","19","221","321","428","541","667","C0002452"
"7474","2","5","3","68","221","184","259","544","669","C0002452"
"6658","2","3","12","19","221","321","428","541","667","C0002452"
"50484","2","3","5","80","109","182","235","307","506","C0002452"
"355","2","3","7","41","219","339","156","568","697","C0002452"
"1663","2","3","12","76","105","178","226","297","380","C0002452"
"9094","2","5","7","27","36","150","341","331","624","C0002452"
"860","2","3","12","19","31","276","91","433","118","C0002452"
"6899","2","5","7","53","184","335","259","560","373","C0002452"
"2177","2","3","2","110","90","261","431","545","443","C0002453"
"2632","2","3","2","28","22","48","232","82","114","C0002453"
"9241","2","5","7","53","51","342","259","423","389","C0002453"
"1954","2","5","7","53","51","342","454","573","492","C0002453"
"2263","2","5","7","53","14","20","25","40","186","C0002453"
"1493","2","5","7","53","51","119","25","40","186","C0002453"
"4609","2","3","12","19","31","1","160","107","416","C0002514"
"4627","2","5","7","63","45","184","103","572","658","C0002514"
"4867","2","5","7","76","153","40","38","54","75","C0002514"
"2261","2","5","7","53","14","20","25","40","186","C0002514"
"1021","2","3","12","19","31","1","426","55","78","C0002514"
"26227","2","3","2","41","137","44","208","81","108","C0002514"
"8820","2","3","3","19","221","321","428","541","667","C0002514"
"54345","2","5","3","19","221","321","428","541","667","C0002514"
"3759","2","5","8","63","36","166","106","110","158","C0002514"
"1889","2","5","4","68","96","326","427","548","672","C0002514"
"7372","2","3","2","68","119","109","266","182","182","C0002514"
"4363","2","3","12","41","116","268","423","536","245","C0002514"
"5621","2","5","8","27","36","342","454","573","628","C0002514"
"5290","2","3","7","53","14","20","25","40","186","C0002622"
"5506","2","3","12","76","137","76","136","82","658","C0002622"
"2122","2","3","12","19","31","1","426","55","78","C0002622"
"726","2","5","7","53","51","342","454","573","492","C0002622"
"23363","2","3","12","41","116","268","434","468","213","C0002622"
"2304","2","3","12","19","221","321","428","541","667","C0002622"
"9060","2","3","2","68","18","63","69","102","143","C0002622"
"1717","2","3","2","19","151","276","48","69","204","C0002622"
"22948","2","3","12","76","137","76","136","472","435","C0002622"
"7372","2","3","2","68","119","109","266","182","182","C0002622"
"1910","2","5","4","68","96","326","427","548","672","C0002622"
"5077","2","3","3","19","221","321","428","541","667","C0002622"
"1300","2","5","7","53","51","342","454","573","492","C0002622"
"3360","2","5","4","68","96","326","427","548","672","C0002622"
"5727","2","3","12","68","221","197","259","560","422","C0002622"
"51151","2","3","5","23","18","138","250","332","407","C0002622"
"9049","2","3","3","41","151","276","378","271","356","C0002622"
"10733","2","3","12","76","153","40","38","54","75","C0002726"
"3954","2","3","2","48","170","67","119","444","593","C0002726"
"2643","2","3","5","87","91","75","204","267","352","C0002726"
"330","2","3","12","41","219","339","156","568","697","C0002726"
"4598","2","3","2","19","151","276","198","259","427","C0002726"
"10157","2","3","5","71","102","175","222","290","371","C0002726"
"3156","2","3","2","19","151","276","91","433","118","C0002726"
"5192","2","3","5","43","161","305","409","208","482","C0002726"
"4860","2","3","7","34","52","216","395","549","150","C0002726"
"3594","2","5","7","53","51","119","25","560","373","C0002768"
"9820","2","3","12","41","116","268","434","468","213","C0002768"
"5468","2","3","3","19","151","276","91","433","118","C0002768"
"7314","2","3","12","41","219","261","409","208","482","C0002768"
"7015","2","3","12","19","31","1","426","55","78","C0002768"
"3561","2","5","7","53","14","20","25","40","186","C0002768"
"54982","2","3","2","48","170","50","399","167","593","C0002792"
"2566","2","5","8","27","70","99","162","216","290","C0002792"
"3674","2","5","7","53","51","342","454","573","492","C0002792"
"1421","2","3","6","63","45","160","362","177","673","C0002792"
"21","2","3","5","47","144","185","238","310","272","C0002793"
"79058","2","3","7","60","54","110","141","359","215","C0002793"
"3162","2","3","5","53","51","119","402","489","416","C0002874"
"51626","2","3","12","76","153","40","38","54","75","C0002874"
"2896","2","5","7","34","52","216","395","549","674","C0002874"
"10804","2","3","12","76","153","40","38","54","75","C0002874"
"2741","2","5","8","27","70","99","162","216","290","C0002874"
"197322","2","3","2","67","92","265","35","49","174","C0002874"
"8694","2","5","7","34","52","216","395","549","674","C0002874"
"25978","2","3","2","48","57","110","141","359","462","C0002874"
"2911","2","5","4","68","96","326","427","548","672","C0002874"
"1499","2","3","12","19","221","197","259","560","422","C0002874"
"2064","2","5","7","53","14","20","25","40","186","C0002874"
"6452","2","5","7","53","14","20","25","40","186","C0002876"
"5167","2","3","5","32","93","163","207","303","126","C0002876"
"80254","2","3","12","76","153","40","38","54","75","C0002876"
"2260","2","5","7","53","14","20","25","40","186","C0002876"
"23363","2","3","12","41","116","268","434","468","213","C0002876"
"3913","2","5","7","53","51","342","454","573","492","C0002880"
"5327","2","5","7","53","51","342","454","573","492","C0002880"
"5908","2","5","7","34","52","216","30","46","72","C0002880"
"6870","2","5","4","68","96","326","427","548","672","C0002880"
"6794","2","3","12","53","14","20","34","540","68","C0002880"
"2260","2","5","7","53","14","20","25","40","186","C0002880"
"4204","2","3","12","19","31","1","426","55","78","C0002880"
"1832","2","5","7","34","52","225","142","220","298","C0002880"
"55172","2","5","7","27","36","150","341","223","628","C0002880"
"2673","2","3","2","110","94","178","226","297","380","C0002880"
"5972","2","5","5","34","52","216","397","418","568","C0002880"
"4867","2","5","7","76","153","40","38","54","75","C0002880"
"51371","2","3","12","41","116","268","434","568","605","C0002880"
"4338","2","3","2","110","85","75","204","267","352","C0002880"
"6785","2","3","5","67","7","5","239","311","393","C0002880"
"5295","2","5","7","53","14","20","25","40","186","C0002881"
"3060","2","5","4","68","96","326","427","548","672","C0002881"
"1413","2","3","6","63","45","160","362","177","673","C0002881"
"54332","2","3","2","60","170","40","98","66","203","C0002882"
"9101","2","3","12","41","219","339","156","568","605","C0002882"
"2261","2","5","7","53","14","20","25","40","186","C0002882"
"4598","2","3","2","19","151","276","198","259","427","C0002884"
"6736","2","3","12","19","31","276","91","433","667","C0002884"
"4088","2","3","12","19","219","339","259","423","605","C0002886"
"1586","2","3","5","79","98","256","335","425","540","C0002886"
"8085","2","3","12","19","31","1","426","55","78","C0002886"
"8893","2","3","2","110","85","237","433","547","671","C0002886"
"8929","2","3","3","19","221","321","428","541","667","C0002886"
"55084","2","3","12","19","31","261","402","489","215","C0002886"
"5605","2","5","7","53","14","20","34","540","68","C0002886"
"8200","2","5","7","53","51","342","259","423","389","C0002886"
"4487","2","3","3","19","221","321","428","541","667","C0002886"
"190","2","3","3","19","151","276","91","433","118","C0002886"
"6347","2","5","7","53","51","119","427","489","416","C0002886"
"7259","2","3","12","19","31","1","426","55","78","C0002886"
"6789","2","3","7","53","14","20","34","540","68","C0002886"
"121340","2","3","12","19","221","276","428","236","667","C0002886"
"6314","2","3","12","19","31","1","426","568","78","C0002886"
"9640","2","3","12","19","31","261","116","159","211","C0002886"
"5195","2","3","5","43","161","305","409","208","482","C0002886"
"7018","2","5","7","53","51","342","454","573","669","C0002888"
"5443","2","5","4","68","96","326","427","548","672","C0002888"
"1911","2","3","12","19","31","1","426","55","78","C0002888"
"51156","2","5","7","53","51","342","454","573","492","C0002888"
"4693","2","5","7","53","51","342","454","573","492","C0002888"
"7042","2","5","7","53","51","342","454","573","492","C0002888"
"11277","2","3","12","19","31","261","116","1","86","C0002888"
"4514","2","3","2","48","57","110","141","359","5","C0002888"
"6947","2","5","7","34","52","216","395","549","674","C0002888"
"54880","2","3","12","19","31","1","426","55","78","C0002888"
"5605","2","5","7","53","14","20","34","540","68","C0002888"
"547","2","3","7","76","153","40","38","54","75","C0002888"
"8200","2","5","7","53","51","342","259","423","389","C0002888"
"4644","2","5","7","60","54","184","141","359","411","C0002888"
"80271","2","3","2","18","16","83","99","177","191","C0002888"
"8799","2","3","5","43","161","305","409","208","482","C0002888"
"3909","2","5","7","53","51","342","454","573","492","C0002893"
"5015","2","3","3","19","221","321","428","541","667","C0002893"
"1436","2","5","7","53","14","20","25","40","186","C0002893"
"7517","2","3","12","19","31","261","116","1","86","C0002893"
"3032","2","3","2","48","57","38","347","12","145","C0002893"
"3855","2","1","6","11","142","225","142","220","298","C0002893"
"7476","2","5","3","68","221","197","259","560","422","C0002895"
"7399","2","5","7","53","51","342","454","573","492","C0002895"
"10804","2","3","12","76","153","40","38","54","75","C0002895"
"7439","2","5","8","63","45","23","34","464","187","C0002895"
"5660","2","5","7","34","52","326","427","548","702","C0002895"
"10269","2","3","2","48","182","50","119","444","556","C0002895"
"2588","2","3","7","34","52","216","395","549","674","C0002895"
"5077","2","3","3","19","221","321","428","541","667","C0002895"
"6117","2","3","12","19","31","261","116","1","86","C0002896"
"3690","2","5","7","53","51","342","454","573","492","C0002896"
"6144","2","3","2","110","85","237","433","547","671","C0002896"
"1788","2","3","12","19","31","1","426","55","78","C0002896"
"2895","2","5","4","68","36","71","427","223","219","C0002896"
"7319","2","3","12","41","116","268","434","468","213","C0002896"
"1890","2","3","5","80","81","296","62","94","150","C0002896"
"7042","2","5","7","53","51","342","454","573","492","C0002896"
"23111","2","3","12","41","219","339","156","568","697","C0002896"
"5080","2","3","3","19","221","321","428","541","667","C0002896"
"2138","2","3","12","19","31","1","426","55","78","C0002896"
"27445","2","5","7","60","36","71","341","223","624","C0002896"
"7124","2","3","12","41","219","339","156","568","697","C0002902"
"3239","2","3","3","19","221","321","428","541","667","C0002902"
"54806","2","5","7","76","153","40","38","54","75","C0002902"
"1889","2","5","4","68","96","326","427","548","672","C0002902"
"25782","2","5","7","60","54","24","30","46","72","C0002902"
"8292","2","5","5","27","51","342","454","573","492","C0002902"
"6103","2","3","12","76","153","40","38","54","75","C0002902"
"1947","2","5","7","53","51","20","25","560","373","C0002938"
"7454","2","5","7","60","14","20","25","40","215","C0002938"
"2243","2","5","7","53","51","342","454","573","492","C0002938"
"9817","2","3","12","41","116","268","434","468","213","C0002938"
"5495","2","3","12","41","219","339","347","287","664","C0002940"
"8504","2","3","5","47","144","185","238","310","392","C0002940"
"3399","2","3","12","19","31","276","91","433","118","C0002940"
"6341","2","3","2","48","170","50","119","444","556","C0002940"
"6390","2","3","2","48","170","50","119","444","556","C0002940"
"10806","2","3","12","76","153","40","38","54","75","C0002940"
"4540","2","3","2","48","170","50","119","444","556","C0002940"
"9990","2","5","8","45","94","199","240","415","666","C0002949"
"9935","2","3","12","19","31","1","426","55","78","C0002949"
"3977","2","5","7","53","51","119","25","40","416","C0002949"
"3078","2","5","7","53","51","119","395","549","674","C0002949"
"190","2","3","3","19","151","276","91","433","118","C0002949"
"5309","2","3","3","19","221","321","428","541","667","C0002949"
"9227","2","3","2","69","51","101","126","170","224","C0002949"
"7403","2","3","12","19","31","1","426","55","78","C0002949"
"5108","2","3","12","76","153","40","38","54","75","C0002962"
"183","2","5","4","68","96","326","427","548","672","C0002962"
"2263","2","5","7","53","14","20","25","40","186","C0002962"
"675","2","3","12","19","31","261","116","1","86","C0002962"
"1908","2","5","4","68","96","326","427","548","672","C0002962"
"3936","2","5","7","34","45","216","378","572","702","C0002962"
"1639","2","3","12","76","153","40","38","54","75","C0002962"
"4222","2","3","3","19","221","321","428","541","667","C0002962"
"1282","2","5","7","53","51","342","454","573","492","C0002962"
"4948","2","5","8","63","45","23","250","464","187","C0002962"
"257","2","3","3","19","221","321","428","541","667","C0002962"
"785","2","5","8","63","36","166","106","110","158","C0002962"
"7415","2","3","7","34","52","216","395","536","445","C0002962"
"5745","2","5","4","68","96","326","427","548","672","C0002962"
"2033","2","3","12","19","31","1","91","433","118","C0002965"
"9992","2","5","8","63","36","166","341","110","158","C0002965"
"5830","2","3","5","43","161","305","409","208","482","C0002965"
"3559","2","5","7","53","14","20","25","40","186","C0002982"
"9820","2","3","12","41","116","268","434","468","213","C0002982"
"4914","2","3","2","22","18","266","202","252","252","C0002982"
"2697","2","3","7","76","153","40","38","54","75","C0002982"
"5265","2","5","7","34","52","216","395","573","702","C0002982"
"1406","2","3","3","19","221","321","428","541","667","C0002982"
"3039","2","3","5","35","41","118","155","287","116","C0002982"
"6529","2","5","8","45","94","199","240","415","666","C0002985"
"7291","2","3","12","19","151","276","91","489","416","C0002985"
"673","2","5","7","53","14","20","34","540","68","C0002985"
"4693","2","5","7","53","51","342","454","573","492","C0002985"
"7390","2","3","5","80","81","166","132","175","473","C0002986"
"182","2","5","7","53","51","143","428","236","667","C0002986"
"10585","2","5","2","27","206","324","430","215","290","C0002986"
"3549","2","5","3","53","51","197","259","560","422","C0002986"
"3172","2","3","3","19","151","276","91","433","118","C0002994"
"4552","2","3","7","48","81","105","139","186","245","C0002994"
"51057","2","3","12","76","153","40","38","54","75","C0002994"
"2200","2","5","7","53","51","342","454","573","492","C0002994"
"5832","2","3","2","101","62","189","182","509","252","C0002994"
"9517","2","3","2","50","47","39","100","321","638","C0002994"
"54820","2","3","12","76","153","40","38","54","75","C0002994"
"3845","2","5","7","60","54","24","30","46","72","C0002994"
"6899","2","5","7","53","184","335","259","560","373","C0002994"
"5373","2","3","2","90","167","123","158","207","278","C0002994"
"53834","2","5","7","53","51","342","454","573","492","C0003028"
"1814","2","5","4","68","96","326","427","548","672","C0003028"
"2294","2","3","3","19","221","321","428","541","667","C0003028"
"2778","2","5","4","68","96","326","427","548","672","C0003028"
"6908","2","3","12","19","31","1","116","159","211","C0003028"
"64805","2","5","4","68","96","326","427","548","672","C0003028"
"3081","2","3","2","91","51","3","267","308","429","C0003028"
"4720","2","3","2","48","170","50","119","444","556","C0003028"
"5194","2","3","5","43","161","305","409","208","482","C0003028"
"5913","2","5","7","27","36","71","341","223","219","C0003028"
"6935","2","3","3","19","221","321","428","541","667","C0003028"
"26047","2","5","7","27","36","335","341","223","373","C0003028"
"1487","2","3","12","19","31","1","426","55","340","C0003028"
"8929","2","3","3","19","221","321","428","541","667","C0003028"
"572","2","3","7","41","219","339","402","489","72","C0003076"
"9987","2","3","2","22","33","323","66","101","136","C0003076"
"5310","2","5","7","53","51","335","444","560","373","C0003076"
"54361","2","5","3","68","221","197","259","560","422","C0003076"
"3769","2","5","8","63","36","166","106","110","158","C0003076"
"1387","2","3","12","19","31","276","91","433","118","C0003076"
"7136","2","5","8","63","45","23","103","464","187","C0003076"
"348","2","5","7","53","51","342","454","573","492","C0003076"
"4322","2","5","7","53","51","342","454","573","492","C0003079"
"6929","2","3","12","19","31","1","426","55","78","C0003079"
"3315","2","3","12","41","181","160","362","402","215","C0003119"
"6868","2","5","7","53","51","342","454","236","492","C0003119"
"10166","2","3","2","84","97","167","210","278","360","C0003119"
"4537","2","3","2","48","170","50","119","444","556","C0003119"
"9401","2","3","12","76","31","261","116","1","86","C0003119"
"355","2","3","7","41","219","339","156","568","697","C0003119"
"11277","2","3","12","19","31","261","116","1","86","C0003119"
"10913","2","3","12","41","219","339","156","568","697","C0003119"
"5781","2","5","7","53","14","20","25","40","186","C0003119"
"51750","2","3","12","19","31","261","116","1","86","C0003119"
"286","2","5","7","60","153","40","38","54","203","C0003119"
"6716","2","3","2","69","98","169","299","50","494","C0003119"
"7299","2","3","5","23","18","138","250","332","407","C0003119"
"2332","2","3","2","22","33","71","373","466","609","C0003125"
"2072","2","3","12","19","31","261","116","1","86","C0003125"
"5594","2","5","7","34","14","20","34","540","274","C0003126"
"51715","2","5","7","60","54","24","30","46","72","C0003126"
"2074","2","3","12","19","31","1","426","55","78","C0003126"
"5346","2","3","3","19","151","276","91","433","118","C0003126"
"1302","2","5","7","53","51","342","454","573","492","C0003126"
"383","2","3","7","34","52","216","395","549","674","C0003126"
"3735","2","3","2","110","85","237","433","252","154","C0003126"
"1297","2","5","7","53","51","342","454","573","492","C0003126"
"10058","2","3","5","44","50","209","68","11","141","C0003126"
"282808","2","5","7","60","54","24","30","46","72","C0003126"
"51750","2","3","12","19","31","261","116","1","86","C0003126"
"794","2","5","8","27","36","150","341","223","593","C0003126"
"4000","2","3","12","26","105","178","226","297","156","C0003126"
"6041","2","3","12","53","184","119","156","287","116","C0003126"
"2255","2","5","7","53","14","20","25","40","186","C0003126"
"9187","2","5","8","45","94","199","240","415","666","C0003126"
"11200","2","3","12","19","31","261","116","1","86","C0003126"
"3756","2","5","8","63","36","166","106","110","158","C0003126"
"23534","2","3","2","22","33","323","66","101","136","C0003126"
"5395","2","3","12","19","31","261","116","1","86","C0003126"
"54880","2","3","12","19","31","1","426","55","78","C0003126"
"50615","2","5","7","53","51","119","25","40","186","C0003126"
"472","2","3","12","19","31","261","116","1","86","C0003165"
"9755","2","3","2","110","85","237","177","568","697","C0003165"
"2006","2","5","7","53","51","342","454","573","492","C0003165"
"3077","2","5","7","53","51","119","395","549","674","C0003165"
"58484","2","3","12","41","219","339","156","568","697","C0003460"
"5277","2","3","2","61","77","142","176","235","317","C0003460"
"23495","2","3","12","41","219","339","156","568","697","C0003460"
"1161","2","3","12","41","116","268","434","468","213","C0003460"
"1142","2","5","8","27","70","99","162","216","290","C0003460"
"6341","2","3","2","48","170","50","119","444","556","C0003460"
"2313","2","3","12","19","31","276","91","433","118","C0003486"
"2155","2","5","7","53","51","119","454","549","674","C0003486"
"80746","2","3","12","22","33","323","66","101","664","C0003486"
"6654","2","5","7","60","54","24","30","46","72","C0003486"
"5888","2","3","12","19","31","261","116","1","86","C0003486"
"5824","2","3","5","47","144","185","238","310","392","C0003486"
"1289","2","5","7","53","51","342","454","573","492","C0003486"
"3043","2","5","7","34","52","216","395","549","116","C0003486"
"2626","2","3","12","19","31","118","155","287","116","C0003486"
"1991","2","5","7","34","52","216","395","549","674","C0003486"
"2733","2","3","2","22","33","323","66","101","664","C0003492"
"4780","2","3","12","19","31","276","91","433","118","C0003492"
"5167","2","3","5","32","93","163","207","303","126","C0003492"
"5604","2","5","7","53","14","20","34","540","68","C0003492"
"2200","2","5","7","53","51","342","454","573","492","C0003492"
"26504","2","3","5","42","81","296","399","201","274","C0003492"
"10195","2","3","2","48","69","99","162","216","290","C0003492"
"4041","2","5","3","68","221","197","259","560","422","C0003492"
"3757","2","5","8","63","36","166","106","110","158","C0003492"
"2290","2","3","3","19","221","321","428","541","667","C0003492"
"5903","2","3","12","22","33","323","66","101","664","C0003492"
"2263","2","5","7","53","14","20","25","40","186","C0003492"
"5167","2","3","5","32","93","163","207","303","126","C0003492"
"1535","2","5","7","34","52","216","395","549","674","C0003492"
"2200","2","5","7","53","51","342","454","573","492","C0003492"
"6647","2","3","2","95","2","342","378","173","702","C0003492"
"894","2","3","12","19","31","1","34","540","68","C0003492"
"673","2","5","7","53","14","20","34","540","68","C0003492"
"4538","2","3","2","48","170","50","119","444","556","C0003492"
"50964","2","5","3","68","221","197","259","423","422","C0003492"
"2272","2","3","12","19","170","266","367","500","577","C0003492"
"55650","2","3","2","61","77","142","176","235","557","C0003492"
"2294","2","3","3","19","221","321","428","541","667","C0003492"
"7531","2","3","2","48","170","110","329","251","533","C0003492"
"22930","2","5","7","60","54","24","30","46","72","C0003492"
"3630","2","5","7","53","14","20","25","40","186","C0003492"
"673","2","5","7","53","14","20","34","540","68","C0003492"
"5295","2","5","7","53","14","20","25","40","186","C0003492"
"26119","2","5","7","60","14","184","341","544","669","C0003492"
"23411","2","3","12","19","31","1","91","433","118","C0003492"
"2652","2","5","4","68","96","326","427","548","672","C0003493"
"9487","2","3","5","80","81","142","176","235","317","C0003493"
"7401","2","5","7","60","83","101","126","170","224","C0003493"
"26277","2","3","12","19","31","1","426","1","78","C0003493"
"4792","2","3","12","41","219","339","156","568","605","C0003493"
"2483","2","3","2","22","33","323","66","101","136","C0003493"
"7305","2","5","7","34","52","216","395","549","674","C0003496"
"4247","2","3","2","68","67","320","98","180","279","C0003496"
"331","2","3","12","41","219","339","156","568","697","C0003496"
"4089","2","3","12","19","219","339","259","423","605","C0003496"
"3440","2","3","12","19","184","118","155","287","116","C0003496"
"3304","2","5","7","34","52","216","395","271","356","C0003499"
"22845","2","3","2","48","68","125","161","214","288","C0003499"
"10049","2","3","12","22","219","339","347","271","356","C0003499"
"7157","2","3","12","19","31","261","402","489","551","C0003499"
"6016","2","5","7","60","54","24","30","46","72","C0003499"
"3295","2","3","5","43","161","305","409","208","482","C0003499"
"6201","2","3","2","110","85","237","433","547","671","C0003499"
"1728","2","3","2","41","116","268","434","568","605","C0003499"
"2737","2","3","12","19","116","321","428","54","667","C0003499"
"10269","2","3","2","48","182","50","119","444","556","C0003504"
"6495","2","3","3","19","221","321","428","541","667","C0003504"
"51025","2","3","2","48","170","50","304","167","593","C0003504"
"7461","2","3","7","60","153","40","38","93","75","C0003504"
"5156","2","5","7","53","14","20","25","40","186","C0003504"
"4157","2","5","4","68","96","326","427","548","672","C0003504"
"22954","2","3","12","41","116","268","434","468","213","C0003504"
"5424","2","3","12","19","31","261","116","1","86","C0003504"
"338","2","5","7","53","51","342","454","573","492","C0003504"
"5624","2","5","7","53","51","342","454","573","492","C0003504"
"6557","2","5","8","45","94","199","240","415","666","C0003504"
"367","2","3","12","19","31","276","91","433","118","C0003504"
"4915","2","5","7","53","14","20","25","40","186","C0003504"
"3458","2","5","7","53","184","119","156","287","116","C0003504"
"9775","2","3","2","22","33","323","66","101","136","C0003504"
"249","2","3","5","27","51","335","444","560","373","C0003504"
"324","2","3","12","41","219","197","70","255","422","C0003504"
"2697","2","3","7","76","153","40","38","54","75","C0003504"
"7067","2","3","3","19","151","276","91","433","118","C0003504"
"64175","2","5","7","53","51","342","454","573","492","C0003504"
"5972","2","5","5","34","52","216","397","418","568","C0003504"
"5328","2","5","7","34","52","216","395","549","674","C0003504"
"59","2","5","8","63","45","23","103","464","187","C0003504"
"8438","2","3","12","76","153","261","116","1","86","C0003504"
"3814","2","5","4","68","96","326","427","548","672","C0003504"
"2908","2","3","12","19","151","276","91","433","118","C0003504"
"7428","2","3","12","41","116","268","434","468","213","C0003504"
"538","2","3","8","63","45","23","103","464","187","C0003504"
"4210","2","3","12","41","219","339","156","568","697","C0003504"
"5551","2","5","7","53","51","119","395","549","674","C0003504"
"2697","2","3","7","76","153","40","38","54","75","C0003507"
"5125","2","5","6","11","51","225","142","220","298","C0003507"
"10978","2","3","2","22","33","323","66","101","136","C0003507"
"4846","2","3","5","41","219","75","243","44","64","C0003507"
"4137","2","3","7","27","36","150","341","223","628","C0003507"
"2188","2","3","12","19","31","261","116","1","86","C0003507"
"2072","2","3","12","19","31","261","116","1","86","C0003507"
"10020","2","3","2","89","124","204","42","452","258","C0003507"
"3145","2","3","5","80","81","166","132","175","473","C0003507"
"2108","2","3","2","48","170","50","119","444","556","C0003507"
"6497","2","5","3","19","221","342","259","423","389","C0003507"
"23322","2","3","12","76","153","40","38","54","75","C0003507"
"7020","2","3","12","19","31","276","91","433","664","C0003507"
"5805","2","3","2","43","91","75","204","267","352","C0003507"
"5192","2","3","5","43","161","305","409","208","482","C0003507"
"51317","2","3","12","19","31","1","426","55","78","C0003507"
"1629","2","3","2","67","92","293","55","75","311","C0003507"
"7314","2","3","12","41","219","261","409","208","482","C0003507"
"440275","2","3","2","110","85","237","433","547","671","C0003507"
"7305","2","5","7","34","52","216","395","549","674","C0003507"
"7249","2","3","7","60","57","110","141","359","462","C0003537"
"54880","2","3","12","19","31","1","426","55","78","C0003537"
"2706","2","3","12","76","153","40","38","54","75","C0003537"
"7124","2","3","12","41","219","339","156","568","697","C0003537"
"3918","2","5","7","53","51","342","454","573","492","C0003537"
"135","2","5","4","68","96","326","427","548","672","C0003537"
"9966","2","5","12","41","219","339","156","568","697","C0003537"
"5896","2","3","12","41","116","268","434","568","605","C0003537"
"871","2","5","7","53","51","342","454","573","492","C0003537"
"2006","2","5","7","53","51","342","454","573","492","C0003564"
"6648","2","3","2","95","151","160","378","173","229","C0003564"
"8626","2","3","3","19","221","321","428","541","667","C0003564"
"8915","2","3","12","41","219","339","156","568","697","C0003615"
"7026","2","3","3","19","151","276","91","433","118","C0003615"
"3483","2","5","7","53","51","342","454","573","492","C0003635"
"4998","2","3","12","76","31","261","116","1","86","C0003635"
"6845","2","5","7","60","14","184","341","544","669","C0003635"
"1855","2","5","12","76","153","197","259","560","422","C0003635"
"3569","2","5","7","53","51","342","454","573","416","C0003635"
"4598","2","3","2","19","151","276","198","259","427","C0003635"
"9409","2","3","5","43","161","305","409","208","482","C0003635"
"1349","2","3","2","48","170","110","141","359","462","C0003635"
"2263","2","5","7","53","14","20","25","40","186","C0003635"
"156","2","5","4","68","96","326","427","548","672","C0003635"
"5444","2","3","5","80","147","236","328","411","229","C0003635"
"1301","2","5","7","53","51","342","454","573","492","C0003635"
"51715","2","5","7","60","54","24","30","46","72","C0003635"
"1203","2","3","2","41","170","342","423","536","342","C0003635"
"3764","2","5","8","63","36","166","106","110","158","C0003635"
"1436","2","5","7","53","14","20","25","40","186","C0003635"
"4352","2","5","7","53","14","20","25","40","186","C0003635"
"6648","2","3","2","95","151","160","378","173","229","C0003635"
"207","2","3","7","53","14","20","34","489","416","C0003635"
"10342","2","3","7","60","219","40","202","66","203","C0003635"
"2290","2","3","3","19","221","321","428","541","667","C0003635"
"54487","2","3","2","22","33","323","66","101","136","C0003635"
"23767","2","5","7","53","14","20","25","40","186","C0003635"
"4854","2","5","7","53","51","143","428","236","667","C0003635"
"538","2","3","8","63","45","23","103","464","187","C0003635"
"1292","2","5","7","53","51","342","454","573","492","C0003635"
"545","2","3","12","19","31","261","116","1","86","C0003635"
"408","2","3","4","68","219","184","341","544","669","C0003742"
"7249","2","3","7","60","57","110","141","359","462","C0003742"
"9639","2","5","7","60","54","24","30","46","72","C0003742"
"10019","2","5","7","53","14","20","25","40","116","C0003742"
"140628","2","3","12","19","31","118","155","287","116","C0003742"
"8200","2","5","7","53","51","342","259","423","389","C0003803"
"51750","2","3","12","19","31","261","116","1","86","C0003803"
"10535","2","3","12","76","153","40","38","54","75","C0003803"
"5626","2","3","3","19","221","321","428","541","667","C0003803"
"1410","2","3","12","63","45","23","38","54","187","C0003803"
"7306","2","5","5","23","18","138","250","332","407","C0003803"
"8891","2","3","2","110","85","237","433","547","671","C0003803"
"7490","2","3","3","19","221","321","428","541","667","C0003803"
"1282","2","5","7","53","51","342","454","573","492","C0003803"
"8022","2","3","3","110","85","321","428","541","667","C0003803"
"7248","2","3","2","48","57","110","141","359","462","C0003803"
"4893","2","5","7","34","52","24","30","46","72","C0003838"
"5406","2","3","5","80","81","166","454","76","106","C0003838"
"7403","2","3","12","19","31","1","426","55","78","C0003838"
"8878","2","3","12","41","219","339","156","568","697","C0003850"
"51626","2","3","12","76","153","40","38","54","75","C0003850"
"4015","2","5","7","53","51","342","454","573","492","C0003850"
"2290","2","3","3","19","221","321","428","541","667","C0003850"
"9790","2","3","2","110","85","237","433","547","671","C0003850"
"2692","2","5","4","68","96","326","427","548","672","C0003850"
"11200","2","3","12","19","31","261","116","1","86","C0003850"
"1717","2","3","2","19","151","276","48","69","204","C0003850"
"6845","2","5","7","60","14","184","341","544","669","C0003850"
"2200","2","5","7","53","51","342","454","573","492","C0003850"
"5605","2","5","7","53","14","20","34","540","68","C0003850"
"10631","2","5","7","53","51","342","454","573","492","C0003857"
"5657","2","5","7","34","52","216","395","549","674","C0003857"
"9896","2","3","5","80","81","296","399","201","274","C0003857"
"7469","2","3","12","19","31","261","116","159","211","C0003857"
"2316","2","5","7","53","51","342","454","573","702","C0003857"
"9968","2","4","3","24","119","330","214","454","144","C0003857"
"7248","2","3","2","48","57","110","141","359","462","C0003857"
"90","2","5","7","53","51","342","259","423","389","C0003857"
"1280","2","5","7","53","51","342","454","573","492","C0003860"
"2065","2","5","7","53","14","20","25","40","186","C0003860"
"657","2","5","7","53","221","342","259","423","389","C0003860"
"5290","2","3","7","53","14","20","25","40","186","C0003868"
"2719","2","5","7","53","51","342","454","573","492","C0003868"
"9378","2","5","7","27","36","71","341","223","219","C0003868"
"477","2","3","8","63","45","23","103","464","187","C0003868"
"1737","2","3","2","67","92","293","55","75","311","C0003868"
"1001","2","5","7","53","51","335","444","560","373","C0003868"
"1399","2","5","7","53","14","20","25","40","186","C0003868"
"7516","2","3","12","19","31","261","116","1","86","C0003868"
"9401","2","3","12","76","31","261","116","1","86","C0003868"
"10743","2","3","3","19","151","276","91","433","118","C0003869"
"10577","2","5","7","34","52","216","395","549","674","C0003869"
"5663","2","5","7","34","52","216","395","549","667","C0003869"
"51085","2","3","2","48","57","110","141","359","462","C0003872"
"9968","2","4","3","24","119","330","214","454","144","C0003872"
"57716","2","5","7","11","36","71","341","223","219","C0003872"
"6323","2","5","8","63","36","166","341","390","158","C0003872"
"6392","2","3","2","48","170","50","119","444","556","C0003872"
"669","2","3","5","90","167","266","441","106","616","C0003872"
"4988","2","5","4","68","96","326","427","548","672","C0003872"
"5395","2","3","12","19","31","261","116","1","86","C0003872"
"10381","2","3","12","76","153","40","38","54","75","C0003872"
"8878","2","3","12","41","219","339","156","568","697","C0003872"
"658","2","5","7","53","51","342","259","423","389","C0003872"
"7403","2","3","12","19","31","1","426","55","78","C0003872"
"30","2","3","7","34","52","216","395","208","482","C0003872"
"547","2","3","7","76","153","40","38","54","75","C0003872"
"2314","2","3","12","63","45","184","103","572","658","C0003892"
"1352","2","3","2","48","170","50","119","444","556","C0003892"
"1675","2","5","7","34","52","216","395","549","674","C0003949"
"23522","2","3","12","19","31","1","426","55","78","C0003949"
"5896","2","3","12","41","116","268","434","568","605","C0003949"
"3909","2","5","7","53","51","342","454","573","492","C0003949"
"10117","2","5","7","53","51","342","454","573","492","C0003949"
"7461","2","3","7","60","153","40","38","93","75","C0003949"
"22854","2","5","5","27","51","335","444","560","373","C0003949"
"3211","2","3","3","19","221","321","428","541","667","C0003949"
"860","2","3","12","19","31","276","91","433","118","C0003949"
"6683","2","3","12","76","153","40","38","54","75","C0003949"
"9968","2","4","3","24","119","330","214","454","144","C0003949"
"3459","2","5","7","53","184","119","156","287","116","C0003949"
"10084","2","3","2","22","33","323","66","101","136","C0003962"
"1299","2","5","7","53","51","342","454","573","492","C0003962"
"1161","2","3","12","41","116","268","434","468","213","C0003962"
"538","2","3","8","63","45","23","103","464","187","C0003962"
"6567","2","5","8","35","41","77","40","57","80","C0003962"
"6473","2","3","3","19","221","321","428","541","667","C0003962"
"2177","2","3","2","110","90","261","431","545","443","C0003962"
"5604","2","5","7","53","14","20","34","540","68","C0003962"
"1301","2","5","7","53","51","342","454","573","492","C0003962"
"5428","2","3","2","48","170","50","119","167","593","C0003962"
"5468","2","3","3","19","151","276","91","433","118","C0003962"
"7177","2","3","5","80","51","119","454","549","674","C0003962"
"6323","2","5","8","63","36","166","341","390","158","C0003962"
"861","2","3","12","19","31","1","426","55","78","C0003962"
"2324","2","5","7","53","14","20","25","40","186","C0003962"
"4038","2","5","7","53","51","342","454","573","492","C0003962"
"7827","2","5","7","53","170","335","25","560","373","C0003962"
"7681","2","3","12","41","116","268","434","468","213","C0003962"
"5781","2","5","7","53","14","20","25","40","186","C0003962"
"23512","2","3","12","19","31","1","426","55","78","C0003962"
"443","2","3","5","80","81","189","182","509","409","C0003962"
"8838","2","5","7","53","51","342","259","423","389","C0004045"
"3630","2","5","7","53","14","20","25","40","186","C0004045"
"92667","2","3","2","48","170","50","119","167","593","C0004045"
"29851","2","5","7","53","14","20","25","40","186","C0004045"
"4901","2","5","3","19","151","276","91","433","673","C0004045"
"3239","2","3","3","19","221","321","428","541","667","C0004045"
"2990","2","3","7","34","52","216","395","549","674","C0004045"
"79600","2","3","12","76","153","40","38","54","75","C0004106"
"54880","2","3","12","19","31","1","426","55","78","C0004106"
"2743","2","5","8","27","70","99","162","216","290","C0004106"
"4990","2","3","3","19","221","321","428","541","667","C0004106"
"6347","2","5","7","53","51","119","427","489","416","C0004106"
"1364","2","5","6","42","36","71","177","64","219","C0004106"
"57045","2","5","7","53","51","342","259","573","492","C0004106"
"9791","2","3","8","45","94","199","240","415","666","C0004106"
"6392","2","3","2","48","170","50","119","444","556","C0004106"
"1406","2","3","3","19","221","321","428","541","667","C0004106"
"4204","2","3","12","19","31","1","426","55","78","C0004106"
"3576","2","5","4","68","96","326","427","548","672","C0004106"
"7508","2","3","12","19","31","261","116","1","664","C0004106"
"3848","2","5","7","34","52","225","142","220","298","C0004106"
"50846","2","3","3","68","221","197","259","560","422","C0004106"
"7468","2","3","12","19","31","1","426","55","78","C0004106"
"29760","2","5","7","53","14","20","25","40","186","C0004106"
"4519","2","3","2","48","170","50","119","508","312","C0004106"
"1293","2","5","7","53","51","342","454","573","492","C0004106"
"5627","2","5","7","53","51","342","454","573","702","C0004106"
"3560","2","5","7","53","14","20","25","40","186","C0004106"
"53834","2","5","7","53","51","342","454","573","492","C0004114"
"6121","2","3","2","69","83","101","126","170","224","C0004114"
"3440","2","3","12","19","184","118","155","287","116","C0004114"
"338","2","5","7","53","51","342","454","573","492","C0004114"
"2639","2","3","2","71","148","34","160","115","164","C0004114"
"567","2","5","7","34","52","119","395","549","674","C0004114"
"2581","2","3","5","80","81","250","291","152","420","C0004114"
"1417","2","5","6","11","142","225","142","177","673","C0004114"
"2798","2","5","4","68","96","326","427","548","672","C0004114"
"7040","2","5","7","53","51","342","454","573","492","C0004114"
"5443","2","5","4","68","96","326","427","548","672","C0004114"
"54101","2","3","2","48","170","50","347","167","593","C0004114"
"6492","2","3","3","19","151","276","91","433","118","C0004114"
"4703","2","5","7","60","45","23","103","464","187","C0004114"
"6774","2","3","12","53","14","276","25","489","416","C0004114"
"1186","2","5","8","63","45","23","34","464","187","C0004114"
"1832","2","5","7","34","52","225","142","220","298","C0004114"
"4000","2","3","12","26","105","178","226","297","156","C0004114"
"7468","2","3","12","19","31","1","426","55","78","C0004114"
"26525","2","5","7","53","219","119","156","568","697","C0004114"
"6239","2","3","12","19","119","330","214","454","144","C0004114"
"6678","2","5","7","53","51","342","454","573","492","C0004114"
"5155","2","5","7","53","51","342","454","573","186","C0004114"
"4502","2","5","7","53","184","119","156","287","116","C0004114"
"4540","2","3","2","48","170","50","119","444","556","C0004114"
"6240","2","3","5","80","109","182","235","307","506","C0004114"
"2313","2","3","12","19","31","276","91","433","118","C0004114"
"7225","2","5","8","63","45","193","306","390","158","C0004114"
"1144","2","5","8","27","70","99","162","216","290","C0004114"
"5806","2","5","7","34","52","216","395","549","674","C0004134"
"6654","2","5","7","60","54","24","30","46","72","C0004134"
"9775","2","3","2","22","33","323","66","101","136","C0004134"
"1581","2","3","5","19","151","276","91","433","118","C0004134"
"6794","2","3","12","53","14","20","34","540","68","C0004134"
"857","2","5","7","53","45","23","57","83","422","C0004134"
"7057","2","5","7","53","51","342","454","573","492","C0004134"
"8322","2","5","3","68","221","184","259","544","669","C0004134"
"7421","2","3","3","19","151","276","91","433","118","C0004134"
"1471","2","5","7","34","52","216","395","549","492","C0004134"
"207","2","3","7","53","14","20","34","489","416","C0004134"
"2332","2","3","2","22","33","71","373","466","609","C0004134"
"1859","2","3","7","53","14","20","34","540","68","C0004134"
"5468","2","3","3","19","151","276","91","433","118","C0004134"
"3284","2","3","2","69","98","169","299","183","243","C0004134"
"1584","2","3","5","79","159","256","276","353","456","C0004144"
"50485","2","3","12","19","31","261","116","1","86","C0004144"
"2120","2","3","12","19","31","193","306","148","624","C0004144"
"9469","2","3","2","103","189","303","29","475","467","C0004144"
"5159","2","5","7","53","14","20","25","40","186","C0004144"
"7389","2","3","2","17","24","51","132","210","123","C0004144"
"3691","2","5","7","53","51","342","454","573","492","C0004144"
"3717","2","5","7","53","14","20","25","40","186","C0004144"
"2","2","5","7","53","51","342","454","573","72","C0004158"
"6658","2","3","12","19","221","321","428","541","667","C0004158"
"8864","2","3","3","19","151","276","91","433","118","C0004158"
"2627","2","3","12","19","31","118","155","287","116","C0004158"
"974","2","5","7","53","51","119","395","549","674","C0004158"
"148738","2","5","7","53","51","342","444","560","373","C0004158"
"9031","2","3","12","19","31","1","426","55","78","C0004158"
"1292","2","5","7","53","51","342","454","573","492","C0004158"
"3284","2","3","2","69","98","169","299","183","243","C0004158"
"9131","2","3","12","41","219","339","347","271","356","C0004158"
"9993","2","5","7","53","51","342","454","573","492","C0004158"
"121278","2","3","5","80","81","166","307","258","345","C0004158"
"4722","2","3","2","48","170","50","119","444","556","C0004158"
"10165","2","3","2","48","170","50","304","167","593","C0004158"
"6905","2","3","12","76","153","40","38","54","75","C0004158"
"5063","2","5","7","53","14","20","34","540","68","C0004158"
"3054","2","3","12","19","31","1","426","55","78","C0004239"
"55612","2","5","7","60","36","71","177","560","701","C0004239"
"1544","2","3","5","91","214","271","372","471","586","C0004239"
"1201","2","3","2","48","170","50","304","167","593","C0004239"
"6718","2","3","2","46","136","227","168","225","490","C0004245"
"54880","2","3","12","19","31","1","426","55","78","C0004245"
"54919","2","3","2","41","96","279","304","370","257","C0004245"
"1814","2","5","4","68","96","326","427","548","672","C0004245"
"9829","2","5","7","60","14","184","341","544","669","C0004245"
"2773","2","5","4","68","96","326","427","548","672","C0004245"
"1280","2","5","7","53","51","342","454","573","492","C0004245"
"4621","2","5","8","63","45","23","103","464","187","C0004245"
"959","2","5","7","53","51","119","395","549","674","C0004245"
"6535","2","5","8","45","94","199","240","415","666","C0004245"
"1184","2","5","8","63","45","23","34","464","187","C0004245"
"1806","2","3","2","49","23","186","149","195","61","C0004310"
"443","2","3","5","80","81","189","182","509","409","C0004310"
"1536","2","5","7","34","52","216","395","549","674","C0004509"
"2077","2","3","12","76","153","40","38","54","75","C0004509"
"23556","2","3","2","61","77","142","176","235","317","C0004509"
"4041","2","5","3","68","221","197","259","560","422","C0004509"
"4854","2","5","7","53","51","143","428","236","667","C0004509"
"6662","2","3","3","19","221","321","428","541","667","C0004509"
"4729","2","3","2","48","170","50","119","444","556","C0004509"
"79944","2","3","2","48","170","50","119","220","298","C0004509"
"8243","2","3","12","76","31","40","38","54","75","C0004509"
"467","2","3","12","19","31","276","91","433","118","C0004509"
"4261","2","3","12","53","184","119","156","287","116","C0004509"
"1300","2","5","7","53","51","342","454","573","492","C0004509"
"10013","2","3","12","19","31","143","91","236","311","C0004509"
"6663","2","3","3","19","221","321","428","541","667","C0004509"
"3690","2","5","7","53","51","342","454","573","492","C0004509"
"6647","2","3","2","95","2","342","378","173","702","C0004509"
"2316","2","5","7","53","51","342","454","573","702","C0004509"
"1717","2","3","2","19","151","276","48","69","204","C0004509"
"2566","2","5","8","27","70","99","162","216","290","C0004509"
"5605","2","5","7","53","14","20","34","540","68","C0004509"
"84879","2","3","5","85","143","286","51","488","102","C0004509"
"1311","2","5","7","53","51","342","454","573","492","C0004509"
"7025","2","3","3","19","151","276","91","433","118","C0004509"
"3339","2","5","7","53","51","342","454","573","492","C0004509"
"5894","2","5","7","60","54","23","34","464","187","C0004509"
"1410","2","3","12","63","45","23","38","54","187","C0004509"
"7849","2","3","3","19","221","321","428","541","667","C0004509"
"4000","2","3","12","26","105","178","226","297","156","C0004509"
"23522","2","3","12","19","31","1","426","55","78","C0004509"
"959","2","5","7","53","51","119","395","549","674","C0004509"
"590","2","3","5","85","143","286","51","488","604","C0004509"
"9896","2","3","5","80","81","296","399","201","274","C0004509"
"9897","2","3","12","76","18","75","38","1","212","C0004604"
"2121","2","3","12","41","116","268","434","568","605","C0004604"
"28956","2","5","7","34","52","216","395","359","462","C0004604"
"26608","2","3","2","22","170","50","119","463","153","C0004604"
"811","2","3","2","41","116","342","423","536","342","C0004604"
"3108","2","5","7","53","51","119","395","549","674","C0004604"
"5824","2","3","5","47","144","185","238","310","392","C0004604"
"6253","2","5","4","27","36","326","402","489","187","C0004610"
"3814","2","5","4","68","96","326","427","548","672","C0004610"
"5256","2","3","7","34","45","23","103","464","187","C0004763"
"7139","2","5","8","63","45","23","103","464","187","C0004763"
"2657","2","5","7","53","51","342","259","423","389","C0004763"
"26353","2","3","12","76","45","160","347","271","356","C0004763"
"27031","2","3","6","11","142","225","38","331","506","C0004763"
"1312","2","3","2","87","79","105","426","129","25","C0004763"
"4534","2","3","5","80","81","296","399","362","468","C0004763"
"5663","2","5","7","34","52","216","395","549","667","C0004763"
"10516","2","5","7","53","51","342","454","573","492","C0004763"
"54209","2","5","7","53","51","119","395","549","674","C0004763"
"23396","2","3","7","60","14","184","341","544","669","C0004763"
"54968","2","3","2","48","170","50","119","444","556","C0004763"
"6125","2","3","2","110","85","237","433","547","671","C0004763"
"9150","2","3","12","19","31","261","116","159","211","C0004763"
"2316","2","5","7","53","51","342","454","573","702","C0004763"
"5961","2","5","7","27","51","326","126","414","702","C0004775"
"1959","2","3","3","19","151","276","91","433","118","C0004775"
"8200","2","5","7","53","51","342","259","423","389","C0004775"
"7124","2","3","12","41","219","339","156","568","697","C0004775"
"3557","2","3","12","41","219","339","156","568","697","C0004779"
"11020","2","5","7","60","54","24","30","46","72","C0004779"
"4091","2","3","12","53","219","342","259","423","389","C0004779"
"6239","2","3","12","19","119","330","214","454","144","C0004779"
"6628","2","3","2","22","33","323","66","101","136","C0004782"
"4000","2","3","12","26","105","178","226","297","156","C0004782"
"238","2","5","7","53","14","20","25","40","186","C0004782"
"6657","2","3","12","19","221","321","428","541","667","C0004782"
"5122","2","5","4","27","36","184","141","359","411","C0004782"
"7157","2","3","12","19","31","261","402","489","551","C0004782"
"5626","2","3","3","19","221","321","428","541","667","C0004782"
"5447","2","3","5","91","214","271","372","471","586","C0004782"
"5627","2","5","7","53","51","342","454","573","702","C0004782"
"5019","2","3","2","67","92","293","55","75","311","C0004782"
"1080","2","3","12","41","219","339","156","544","669","C0004782"
"5506","2","3","12","76","137","76","136","82","658","C0004782"
"1896","2","5","12","41","219","339","156","568","697","C0004782"
"3918","2","5","7","53","51","342","454","573","492","C0004782"
"545","2","3","12","19","31","261","116","1","86","C0004903"
"695","2","5","7","53","14","20","25","40","186","C0004903"
"1890","2","3","5","80","81","296","62","94","150","C0004903"
"7454","2","5","7","60","14","20","25","40","215","C0004936"
"9469","2","3","2","103","189","303","29","475","467","C0004936"
"6469","2","5","3","53","221","197","259","560","422","C0004936"
"29954","2","5","2","27","206","324","430","215","290","C0004936"
"3000","2","5","4","68","96","326","427","548","672","C0004936"
"3931","2","3","5","116","183","295","454","243","327","C0004936"
"2072","2","3","12","19","31","261","116","1","86","C0004936"
"4843","2","3","5","43","161","305","409","489","416","C0004936"
"7020","2","3","12","19","31","276","91","433","664","C0004936"
"1186","2","5","8","63","45","23","34","464","187","C0004936"
"9217","2","3","2","50","47","39","100","321","255","C0004936"
"1736","2","3","2","110","85","237","433","547","671","C0004936"
"6253","2","5","4","27","36","326","402","489","187","C0004943"
"242","2","3","5","11","142","223","142","220","298","C0004943"
"8822","2","5","7","53","14","20","25","40","186","C0004943"
"545","2","3","12","19","31","261","116","1","86","C0004943"
"2055","2","3","2","27","36","150","402","223","628","C0004943"
"11078","2","3","12","76","45","184","103","572","658","C0004943"
"2263","2","5","7","53","14","20","25","40","186","C0004943"
"4322","2","5","7","53","51","342","454","573","492","C0004943"
"54790","2","3","12","19","31","1","426","55","78","C0004943"
"7148","2","5","7","53","51","342","454","573","492","C0004943"
"9031","2","3","12","19","31","1","426","55","78","C0004943"
"4514","2","3","2","48","57","110","141","359","5","C0004943"
"23522","2","3","12","19","31","1","426","55","78","C0004943"
"51259","2","3","2","76","153","40","38","54","75","C0004943"
"25942","2","3","12","19","31","1","426","55","78","C0004943"
"5354","2","5","7","27","36","150","341","223","628","C0004943"
"2121","2","3","12","41","116","268","434","568","605","C0004943"
"2165","2","5","7","53","51","342","454","573","492","C0004943"
"7015","2","3","12","19","31","1","426","55","78","C0004943"
"4287","2","3","12","41","116","268","434","468","215","C0004943"
"2332","2","3","2","22","33","71","373","466","609","C0004943"
"2657","2","5","7","53","51","342","259","423","389","C0005129"
"185","2","5","4","68","96","326","427","548","672","C0005129"
"26012","2","3","12","19","31","261","116","159","211","C0005129"
"22827","2","3","2","22","33","323","66","101","136","C0005138"
"29123","2","3","12","19","151","276","91","433","118","C0005138"
"1281","2","5","7","53","51","342","454","573","492","C0005138"
"8242","2","3","12","19","31","1","426","55","78","C0005138"
"10555","2","3","7","34","52","216","395","549","622","C0005138"
"5167","2","3","5","32","93","163","207","303","126","C0005138"
"8074","2","5","7","53","14","20","25","40","186","C0005138"
"5826","2","3","7","48","161","105","139","186","245","C0005138"
"4338","2","3","2","110","85","75","204","267","352","C0005138"
"10804","2","3","12","76","153","40","38","54","75","C0005138"
"6785","2","3","5","67","7","5","239","311","393","C0005283"
"2627","2","3","12","19","31","118","155","287","116","C0005283"
"1406","2","3","3","19","221","321","428","541","667","C0005283"
"3764","2","5","8","63","36","166","106","110","158","C0005283"
"6531","2","5","8","45","94","199","240","415","666","C0005283"
"368","2","3","12","41","116","268","423","536","445","C0005283"
"3073","2","3","5","105","155","250","291","152","420","C0005283"
"2316","2","5","7","53","51","342","454","573","702","C0005283"
"5832","2","3","2","101","62","189","182","509","252","C0005283"
"7490","2","3","3","19","221","321","428","541","667","C0005283"
"6660","2","3","3","19","221","321","428","541","667","C0005411"
"3209","2","3","3","19","221","321","428","541","667","C0005411"
"9723","2","5","7","53","51","342","79","560","373","C0005411"
"3848","2","5","7","34","52","225","142","220","298","C0005424"
"9759","2","3","12","19","31","276","91","433","118","C0005424"
"6868","2","5","7","53","51","342","454","236","492","C0005424"
"695","2","5","7","53","14","20","25","40","186","C0005424"
"190","2","3","3","19","151","276","91","433","118","C0005424"
"2200","2","5","7","53","51","342","454","573","492","C0005424"
"4540","2","3","2","48","170","50","119","444","556","C0005424"
"3426","2","5","7","53","51","119","395","549","674","C0005424"
"5728","2","3","5","80","81","339","156","568","605","C0005424"
"9531","2","3","12","41","219","339","347","271","356","C0005424"
"5290","2","3","7","53","14","20","25","40","186","C0005424"
"1287","2","5","2","53","51","342","454","573","492","C0005424"
"368","2","3","12","41","116","268","423","536","445","C0005424"
"5696","2","3","12","41","116","268","156","568","116","C0005424"
"7124","2","3","12","41","219","339","156","568","697","C0005424"
"6197","2","3","12","19","14","20","34","540","68","C0005424"
"9775","2","3","2","22","33","323","66","101","136","C0005426"
"4514","2","3","2","48","57","110","141","359","5","C0005426"
"3082","2","5","7","53","51","342","25","40","186","C0005426"
"958","2","5","7","53","51","119","156","568","697","C0005587"
"5913","2","5","7","27","36","71","341","223","219","C0005587"
"208","2","5","7","53","14","20","34","540","68","C0005587"
"1585","2","3","5","79","159","256","351","100","589","C0005587"
"56172","2","5","2","63","182","50","103","297","628","C0005587"
"6913","2","3","3","19","221","321","428","541","667","C0005587"
"9632","2","3","7","60","153","40","38","54","203","C0005587"
"6654","2","5","7","60","54","24","30","46","72","C0005587"
"4920","2","5","7","53","14","20","259","560","373","C0005587"
"1261","2","5","8","63","36","166","106","110","158","C0005587"
"55636","2","3","3","19","221","321","428","423","389","C0005587"
"3077","2","5","7","53","51","119","395","549","674","C0005587"
"4358","2","3","5","43","161","305","409","208","482","C0005612"
"6239","2","3","12","19","119","330","214","454","144","C0005612"
"51085","2","3","2","48","57","110","141","359","462","C0005612"
"54463","2","3","2","48","57","110","141","359","462","C0005612"
"2812","2","5","7","53","51","342","454","573","492","C0005612"
"9084","2","5","4","68","96","326","188","145","193","C0005612"
"6198","2","3","7","53","14","20","34","540","68","C0005612"
"58","2","5","8","63","45","23","103","464","187","C0005612"
"7276","2","5","7","34","52","216","395","549","674","C0005612"
"6578","2","3","5","35","41","77","40","57","80","C0005612"
"9531","2","3","12","41","219","339","347","271","356","C0005612"
"1629","2","3","2","67","92","293","55","75","311","C0005612"
"2074","2","3","12","19","31","1","426","55","78","C0005612"
"3679","2","5","7","53","51","342","454","573","492","C0005686"
"54453","2","5","7","60","54","24","30","46","72","C0005686"
"2121","2","3","12","41","116","268","434","568","605","C0005686"
"115352","2","5","7","34","52","20","25","40","186","C0005686"
"540","2","5","8","63","45","23","103","464","187","C0005686"
"462","2","5","7","53","51","342","454","573","492","C0005689"
"4351","2","3","2","90","167","266","367","500","577","C0005689"
"10269","2","3","2","48","182","50","119","444","556","C0005689"
"3106","2","5","7","34","52","119","395","549","674","C0005697"
"57582","2","5","8","63","36","166","106","110","158","C0005697"
"5479","2","3","2","53","51","342","454","573","492","C0005697"
"4359","2","5","7","53","51","342","454","573","492","C0005697"
"6888","2","3","2","90","167","266","367","500","577","C0005697"
"673","2","5","7","53","14","20","34","540","68","C0005697"
"5125","2","5","6","11","51","225","142","220","298","C0005699"
"3549","2","5","3","53","51","197","259","560","422","C0005699"
"11285","2","3","2","74","205","191","396","408","620","C0005741"
"2248","2","5","7","53","14","20","25","40","186","C0005741"
"860","2","3","12","19","31","276","91","433","118","C0005741"
"10084","2","3","2","22","33","323","66","101","136","C0005741"
"5550","2","3","2","68","96","326","427","548","672","C0005741"
"27019","2","3","12","76","153","40","38","54","75","C0005741"
"3767","2","5","8","63","36","166","106","110","158","C0005741"
"16","2","3","2","110","85","237","433","547","154","C0005741"
"9968","2","4","3","24","119","330","214","454","144","C0005741"
"779","2","5","8","63","36","166","341","390","158","C0005741"
"5116","2","3","12","76","153","40","38","54","75","C0005741"
"7473","2","5","3","68","221","197","259","560","422","C0005741"
"249","2","3","5","27","51","335","444","560","373","C0005741"
"1131","2","5","4","68","96","326","427","548","672","C0005741"
"10269","2","3","2","48","182","50","119","444","556","C0005741"
"345","2","5","7","53","51","342","454","573","492","C0005741"
"5444","2","3","5","80","147","236","328","411","229","C0005741"
"4359","2","5","7","53","51","342","454","573","492","C0005747"
"1280","2","5","7","53","51","342","454","573","492","C0005747"
"3423","2","3","5","74","3","342","374","294","590","C0005747"
"3691","2","5","7","53","51","342","454","573","492","C0005747"
"3952","2","5","3","53","151","276","91","433","118","C0005747"
"6239","2","3","12","19","119","330","214","454","144","C0005747"
"8863","2","3","3","19","151","276","91","208","118","C0005747"
"6657","2","3","12","19","221","321","428","541","667","C0005747"
"2290","2","3","3","19","221","321","428","541","667","C0005747"
"2645","2","3","2","90","167","266","367","101","664","C0005747"
"7297","2","5","7","53","184","119","25","40","186","C0005747"
"26608","2","3","2","22","170","50","119","463","153","C0005754"
"55315","2","3","5","80","81","296","62","94","150","C0005754"
"50964","2","5","3","68","221","197","259","423","422","C0005818"
"1285","2","5","7","53","51","342","454","573","492","C0005818"
"5376","2","5","7","53","51","342","454","573","492","C0005818"
"1593","2","3","5","79","152","273","157","333","277","C0005859"
"6403","2","5","7","53","51","342","454","573","702","C0005859"
"3759","2","5","8","63","36","166","106","110","158","C0005874"
"78989","2","5","7","53","51","119","395","573","674","C0005874"
"7299","2","3","5","23","18","138","250","332","407","C0005874"
"2068","2","3","12","19","31","261","116","159","211","C0005874"
"5184","2","3","5","80","81","166","52","105","349","C0005904"
"775","2","5","8","63","36","166","341","223","158","C0005904"
"1544","2","3","5","91","214","271","372","471","586","C0005904"
"51715","2","5","7","60","54","24","30","46","72","C0005904"
"54903","2","3","12","76","153","40","38","54","75","C0005904"
"1316","2","3","12","19","31","276","91","433","118","C0005904"
"7053","2","3","6","11","142","225","142","220","298","C0005904"
"6786","2","5","8","63","45","23","103","464","187","C0005904"
"9255","2","3","2","110","85","237","433","547","154","C0005904"
"3047","2","3","12","19","31","118","155","287","116","C0005904"
"3636","2","3","5","80","14","20","25","40","186","C0005910"
"3594","2","5","7","53","51","119","25","560","373","C0005910"
"5251","2","3","5","80","81","296","474","593","722","C0005910"
"11133","2","3","5","48","179","289","133","179","476","C0005910"
"1121","2","5","7","60","54","24","30","46","72","C0005910"
"1584","2","3","5","79","159","256","276","353","456","C0005910"
"355","2","3","7","41","219","339","156","568","697","C0005910"
"4693","2","5","7","53","51","342","454","573","492","C0005910"
"2956","2","3","12","19","31","261","116","1","86","C0005910"
"5627","2","5","7","53","51","342","454","573","702","C0005910"
"1311","2","5","7","53","51","342","454","573","492","C0005910"
"2521","2","3","2","22","33","323","66","101","136","C0005910"
"5378","2","3","12","19","31","261","116","1","86","C0005910"
"22995","2","3","12","76","153","40","38","54","75","C0005910"
"4524","2","3","2","15","166","104","369","117","583","C0005937"
"6899","2","5","7","53","184","335","259","560","373","C0005937"
"4524","2","3","2","15","166","104","369","117","583","C0005937"
"9215","2","5","2","27","36","150","430","215","628","C0005937"
"6569","2","3","8","45","94","199","240","415","666","C0005937"
"1831","2","5","8","63","45","23","34","464","187","C0005937"
"4254","2","5","7","53","14","20","25","40","186","C0005937"
"54982","2","3","2","48","170","50","399","167","593","C0005937"
"10262","2","3","2","22","33","323","66","101","136","C0005937"
"5896","2","3","12","41","116","268","434","568","605","C0005937"
"10804","2","3","12","76","153","40","38","54","75","C0005937"
"3265","2","5","7","60","54","24","30","46","72","C0005937"
"4790","2","3","7","34","52","216","166","129","697","C0005940"
"3105","2","5","7","53","51","119","156","287","116","C0005940"
"54014","2","3","12","19","31","1","426","55","78","C0005940"
"2200","2","5","7","53","51","342","454","573","492","C0005940"
"3758","2","5","8","63","36","166","106","110","158","C0005940"
"158","2","3","4","96","177","61","373","341","142","C0005940"
"7200","2","5","4","68","96","326","427","548","672","C0005940"
"1376","2","3","2","19","151","276","91","433","118","C0005940"
"10381","2","3","12","76","153","40","38","54","75","C0005941"
"1440","2","5","7","53","51","119","25","489","416","C0005941"
"4041","2","5","3","68","221","197","259","560","422","C0005941"
"3569","2","5","7","53","51","342","454","573","416","C0005941"
"4313","2","5","7","53","51","342","454","573","492","C0005941"
"3736","2","5","8","63","36","166","106","110","158","C0005941"
"4010","2","3","3","19","221","321","428","541","667","C0005941"
"5896","2","3","12","41","116","268","434","568","605","C0005941"
"1277","2","5","7","53","51","342","454","573","492","C0005941"
"90","2","5","7","53","51","342","259","423","389","C0005941"
"7840","2","3","12","76","153","40","38","54","75","C0005941"
"5979","2","5","7","53","14","20","25","40","186","C0005941"
"2263","2","5","7","53","14","20","25","40","186","C0005941"
"1387","2","3","12","19","31","276","91","433","118","C0005941"
"3002","2","5","7","68","51","119","395","549","674","C0005941"
"10133","2","3","12","76","153","40","38","54","75","C0005941"
"4193","2","3","12","19","31","1","116","89","605","C0005941"
"10083","2","5","7","42","36","71","177","223","219","C0005941"
"9031","2","3","12","19","31","1","426","55","78","C0005941"
"9241","2","5","7","53","51","342","259","423","389","C0005941"
"585","2","3","12","76","153","40","38","54","75","C0005941"
"28958","2","3","2","48","170","50","119","444","556","C0005941"
"5727","2","3","12","68","221","197","259","560","422","C0005941"
"3655","2","5","7","53","51","342","454","573","492","C0005941"
"8220","2","3","2","22","33","323","66","101","136","C0005941"
"3620","2","3","5","91","214","183","307","391","507","C0005942"
"7473","2","5","3","68","221","197","259","560","422","C0005942"
"5621","2","5","8","27","36","342","454","573","628","C0005944"
"2239","2","3","2","74","51","342","454","573","492","C0005944"
"6559","2","5","8","45","94","199","240","415","666","C0005944"
"2796","2","5","4","68","96","326","427","548","672","C0005944"
"1621","2","3","5","53","51","239","333","422","537","C0005944"
"3075","2","5","7","53","51","119","395","549","674","C0005944"
"4137","2","3","7","27","36","150","341","223","628","C0005944"
"6335","2","5","8","63","36","166","341","390","158","C0005944"
"2138","2","3","12","19","31","1","426","55","78","C0005944"
"8481","2","3","12","76","153","40","38","54","75","C0005944"
"4647","2","5","7","60","83","101","126","170","224","C0005944"
"22827","2","3","2","22","33","323","66","101","136","C0005956"
"1161","2","3","12","41","116","268","434","468","213","C0005956"
"2022","2","5","7","53","51","342","259","423","389","C0005956"
"4976","2","3","2","48","170","50","119","444","556","C0005956"
"8200","2","5","7","53","51","342","259","423","389","C0005956"
"617","2","3","2","48","170","50","304","167","593","C0005956"
"355","2","3","7","41","219","339","156","568","697","C0005956"
"8805","2","3","3","19","151","276","91","433","118","C0005967"
"5205","2","3","8","63","45","23","103","464","619","C0005967"
"4644","2","5","7","60","54","184","141","359","411","C0005967"
"5116","2","3","12","76","153","40","38","54","75","C0005967"
"4137","2","3","7","27","36","150","341","223","628","C0005967"
"6892","2","3","12","41","116","119","156","568","116","C0005967"
"4513","2","3","2","48","170","110","141","359","532","C0005967"
"7468","2","3","12","19","31","1","426","55","78","C0005967"
"2556","2","5","8","27","70","99","162","216","290","C0005974"
"26123","2","3","2","76","153","40","38","54","75","C0005974"
"1146","2","5","8","27","70","99","162","216","290","C0005974"
"10686","2","5","6","42","36","71","177","64","219","C0005974"
"8777","2","5","7","42","36","71","177","223","219","C0005974"
"23347","2","3","12","41","116","268","434","468","213","C0005974"
"9321","2","3","12","76","153","40","38","54","203","C0005974"
"8481","2","3","12","76","153","40","38","54","75","C0006079"
"1824","2","1","6","11","142","225","142","220","298","C0006079"
"6916","2","3","5","91","175","119","167","224","301","C0006079"
"7840","2","3","12","76","153","40","38","54","75","C0006105"
"207","2","3","7","53","14","20","34","489","416","C0006105"
"2548","2","3","7","34","52","216","395","549","674","C0006111"
"6638","2","3","2","22","33","323","66","101","136","C0006111"
"80144","2","5","7","53","51","335","444","560","373","C0006111"
"1991","2","5","7","34","52","216","395","549","674","C0006111"
"5631","2","3","2","72","119","109","266","336","452","C0006111"
"9939","2","3","2","22","33","323","66","101","136","C0006111"
"2778","2","5","4","68","96","326","427","548","672","C0006111"
"6017","2","3","2","69","83","101","126","170","224","C0006111"
"2627","2","3","12","19","31","118","155","287","116","C0006111"
"5190","2","3","5","43","161","305","409","208","482","C0006111"
"27031","2","3","6","11","142","225","38","331","506","C0006111"
"5159","2","5","7","53","14","20","25","40","186","C0006111"
"2821","2","5","7","34","52","216","395","549","577","C0006111"
"6309","2","3","5","19","151","76","48","69","204","C0006111"
"1906","2","5","4","68","96","326","427","548","672","C0006111"
"2273","2","5","8","63","45","23","103","464","187","C0006111"
"8893","2","3","2","110","85","237","433","547","671","C0006111"
"3930","2","3","2","22","33","323","66","3","464","C0006111"
"4508","2","3","2","48","170","50","119","444","556","C0006111"
"5179","2","5","4","68","96","326","427","548","672","C0006111"
"545","2","3","12","19","31","261","116","1","86","C0006111"
"9652","2","3","2","110","85","237","433","547","671","C0006111"
"9896","2","3","5","80","81","296","399","201","274","C0006111"
"5191","2","3","5","43","161","305","409","208","482","C0006112"
"2475","2","3","2","48","57","110","141","359","462","C0006112"
"25913","2","3","12","19","31","261","116","1","78","C0006114"
"23312","2","5","7","60","36","71","341","223","624","C0006114"
"368","2","3","12","41","116","268","423","536","445","C0006114"
"8600","2","5","7","41","219","339","156","568","697","C0006114"
"999","2","5","7","53","51","342","444","560","373","C0006114"
"4313","2","5","7","53","51","342","454","573","492","C0006114"
"3239","2","3","3","19","221","321","428","541","667","C0006114"
"2332","2","3","2","22","33","71","373","466","609","C0006114"
"3852","2","1","6","11","142","225","142","220","298","C0006114"
"5573","2","3","12","19","184","118","155","287","116","C0006114"
"3845","2","5","7","60","54","24","30","46","72","C0006114"
"6295","2","3","4","68","45","272","427","518","621","C0006114"
"5034","2","5","7","53","51","342","454","573","492","C0006114"
"6578","2","3","5","35","41","77","40","57","80","C0006114"
"132789","2","3","5","80","81","266","367","500","577","C0006114"
"5078","2","3","3","19","221","321","428","541","667","C0006114"
"2040","2","5","7","34","52","216","395","549","674","C0006114"
"6662","2","3","3","19","221","321","428","541","667","C0006114"
"9632","2","3","7","60","153","40","38","54","203","C0006114"
"10841","2","3","2","76","153","40","38","54","48","C0006114"
"59","2","5","8","63","45","23","103","464","187","C0006114"
"65217","2","5","7","53","51","335","444","560","373","C0006114"
"6334","2","5","8","63","36","166","341","223","158","C0006114"
"2316","2","5","7","53","51","342","454","573","702","C0006114"
"10861","2","3","2","35","142","225","142","220","673","C0006114"
"9652","2","3","2","110","85","237","433","547","671","C0006118"
"9927","2","3","12","19","31","118","155","287","116","C0006118"
"5743","2","3","5","53","175","119","167","489","416","C0006118"
"10262","2","3","2","22","33","323","66","101","136","C0006118"
"87","2","5","7","53","51","342","454","573","702","C0006118"
"1312","2","3","2","87","79","105","426","129","25","C0006118"
"1291","2","5","7","53","51","342","454","573","492","C0006118"
"5828","2","3","5","43","161","305","409","208","482","C0006118"
"617","2","3","2","48","170","50","304","167","593","C0006118"
"4694","2","3","2","48","170","50","119","444","556","C0006118"
"3060","2","5","4","68","96","326","427","548","672","C0006118"
"27031","2","3","6","11","142","225","38","331","506","C0006118"
"1294","2","5","7","53","51","342","454","573","492","C0006118"
"1674","2","5","8","63","45","23","103","464","187","C0006118"
"8924","2","3","12","41","116","268","434","468","213","C0006118"
"7915","2","3","5","87","39","74","191","250","285","C0006118"
"2261","2","5","7","53","14","20","25","40","186","C0006118"
"6469","2","5","3","53","221","197","259","560","422","C0006118"
"6794","2","3","12","53","14","20","34","540","68","C0006118"
"7136","2","5","8","63","45","23","103","464","187","C0006118"
"3123","2","5","7","53","51","119","156","287","116","C0006118"
"3295","2","3","5","43","161","305","409","208","482","C0006118"
"2177","2","3","2","110","90","261","431","545","443","C0006118"
"3145","2","3","5","80","81","166","132","175","473","C0006131"
"4313","2","5","7","53","51","342","454","573","492","C0006131"
"3190","2","3","2","22","33","323","66","101","136","C0006131"
"22917","2","5","7","11","51","342","454","573","617","C0006142"
"2218","2","5","2","53","123","194","255","560","373","C0006142"
"1280","2","5","7","53","51","342","454","573","492","C0006142"
"10913","2","3","12","41","219","339","156","568","697","C0006142"
"8910","2","5","8","63","45","23","103","464","187","C0006142"
"23556","2","3","2","61","77","142","176","235","317","C0006142"
"3304","2","5","7","34","52","216","395","271","356","C0006142"
"5290","2","3","7","53","14","20","25","40","186","C0006142"
"4514","2","3","2","48","57","110","141","359","5","C0006142"
"26191","2","5","7","53","14","20","25","40","186","C0006142"
"4358","2","3","5","43","161","305","409","208","482","C0006142"
"1027","2","3","12","19","31","1","116","1","86","C0006142"
"5189","2","3","5","43","161","305","409","208","482","C0006142"
"2064","2","5","7","53","14","20","25","40","186","C0006142"
"3914","2","5","7","53","51","342","454","573","492","C0006157"
"3592","2","5","7","53","51","119","25","489","416","C0006157"
"9380","2","3","2","67","128","208","289","366","472","C0006157"
"2271","2","3","5","80","81","166","170","226","305","C0006157"
"3889","2","1","6","11","142","225","142","220","298","C0006157"
"2055","2","3","2","27","36","150","402","223","628","C0006157"
"3265","2","5","7","60","54","24","30","46","72","C0006157"
"2120","2","3","12","19","31","193","306","148","624","C0006157"
"2201","2","5","7","53","51","342","454","573","492","C0006157"
"29108","2","5","7","34","52","216","395","549","674","C0006157"
"5589","2","5","7","53","51","342","454","573","492","C0006261"
"23767","2","5","7","53","14","20","25","40","186","C0006261"
"50846","2","3","3","68","221","197","259","560","422","C0006261"
"3339","2","5","7","53","51","342","454","573","492","C0006271"
"23765","2","3","12","41","219","238","252","489","416","C0006271"
"3981","2","3","12","19","31","261","116","1","86","C0006271"
"10585","2","5","2","27","206","324","430","215","290","C0006271"
"4287","2","3","12","41","116","268","434","468","215","C0006271"
"4853","2","3","12","19","124","143","428","236","667","C0006281"
"5885","2","3","12","76","153","40","38","54","75","C0006281"
"3356","2","5","4","68","96","326","427","548","672","C0006281"
"6473","2","3","3","19","221","321","428","541","667","C0006287"
"1959","2","3","3","19","151","276","91","433","118","C0006287"
"5159","2","5","7","53","14","20","25","40","186","C0006287"
"3852","2","1","6","11","142","225","142","220","298","C0006325"
"7056","2","5","7","53","51","119","454","573","492","C0006325"
"7421","2","3","3","19","151","276","91","433","118","C0006325"
"7518","2","3","12","19","31","261","116","1","86","C0006384"
"9663","2","3","5","80","81","296","51","488","102","C0006384"
"30062","2","3","3","19","221","321","428","541","667","C0006384"
"55703","2","3","2","22","33","261","116","159","211","C0006384"
"5447","2","3","5","91","214","271","372","471","586","C0006384"
"6495","2","3","3","19","221","321","428","541","667","C0006384"
"10367","2","3","2","48","170","50","119","444","593","C0006384"
"1493","2","5","7","53","51","119","25","40","186","C0006384"
"3119","2","5","7","53","153","119","156","287","116","C0006386"
"1670","2","5","9","70","100","238","332","420","536","C0006386"
"4337","2","3","2","80","91","75","204","267","352","C0006386"
"8517","2","3","12","41","219","339","156","568","697","C0006386"
"1716","2","3","2","27","36","150","221","138","188","C0006386"
"1376","2","3","2","19","151","276","91","433","118","C0006386"
"3784","2","5","8","63","36","166","106","110","158","C0006386"
"5728","2","3","5","80","81","339","156","568","605","C0006386"
"1175","2","5","7","60","14","184","341","544","669","C0006386"
"841","2","3","12","41","219","339","156","568","697","C0006386"
"3265","2","5","7","60","54","24","30","46","72","C0006386"
"51057","2","3","12","76","153","40","38","54","75","C0006386"
"9927","2","3","12","19","31","118","155","287","116","C0006386"
"3762","2","5","8","63","36","166","106","110","158","C0006386"
"1565","2","3","5","91","214","226","326","413","530","C0006386"
"26277","2","3","12","19","31","1","426","1","78","C0006386"
"10585","2","5","2","27","206","324","430","215","290","C0006386"
"7015","2","3","12","19","31","1","426","55","78","C0006386"
"54101","2","3","2","48","170","50","347","167","593","C0006386"
"55112","2","3","12","76","153","40","38","54","75","C0006386"
"4208","2","3","12","19","151","276","91","433","118","C0006386"
"7469","2","3","12","19","31","261","116","159","211","C0006386"
"4337","2","3","2","80","91","75","204","267","352","C0006386"
"4508","2","3","2","48","170","50","119","444","556","C0006386"
"2260","2","5","7","53","14","20","25","40","186","C0006386"
"1535","2","5","7","34","52","216","395","549","674","C0006386"
"4284","2","3","5","80","81","166","397","374","486","C0006413"
"3636","2","3","5","80","14","20","25","40","186","C0006413"
"468","2","3","12","19","85","276","91","433","118","C0006413"
"6716","2","3","2","69","98","169","299","50","494","C0006413"
"5727","2","3","12","68","221","197","259","560","422","C0006413"
"9968","2","4","3","24","119","330","214","454","144","C0006413"
"1001","2","5","7","53","51","335","444","560","373","C0006413"
"1277","2","5","7","53","51","342","454","573","492","C0006413"
"5333","2","3","5","18","16","40","417","103","58","C0006413"
"7305","2","5","7","34","52","216","395","549","674","C0006413"
"3778","2","5","8","63","36","166","106","110","158","C0006413"
"1906","2","5","4","68","96","326","427","548","672","C0006413"
"716","2","5","7","53","51","119","395","549","674","C0006413"
"7258","2","3","12","19","36","1","426","55","78","C0006413"
"4286","2","3","12","19","31","261","116","1","664","C0006413"
"7879","2","5","7","34","54","24","30","46","72","C0006635"
"7403","2","3","12","19","31","1","426","55","78","C0006635"
"8292","2","5","5","27","51","342","454","573","492","C0006635"
"860","2","3","12","19","31","276","91","433","118","C0006845"
"6778","2","5","7","53","51","119","25","489","416","C0006845"
"2316","2","5","7","53","51","342","454","573","702","C0006845"
"1073","2","3","8","63","45","184","103","572","658","C0006845"
"859","2","5","8","63","45","23","103","464","187","C0006845"
"55636","2","3","3","19","221","321","428","423","389","C0006845"
"7473","2","5","3","68","221","197","259","560","422","C0006845"
"1291","2","5","7","53","51","342","454","573","492","C0006845"
"9215","2","5","2","27","36","150","430","215","628","C0006845"
"55670","2","3","5","43","161","305","409","208","482","C0006845"
"8314","2","3","12","41","31","1","426","55","78","C0006845"
"5077","2","3","3","19","221","321","428","541","667","C0006870"
"1308","2","5","7","53","51","119","454","573","492","C0006870"
"7518","2","3","12","19","31","261","116","1","86","C0006870"
"60","2","3","12","60","45","184","155","287","78","C0006870"
"2692","2","5","4","68","96","326","427","548","672","C0006870"
"2969","2","3","12","19","31","276","91","433","118","C0006870"
"526","2","3","5","29","88","132","172","199","308","C0006870"
"1959","2","3","3","19","151","276","91","433","118","C0006870"
"6497","2","5","3","19","221","342","259","423","389","C0007095"
"54977","2","3","2","110","85","118","155","287","116","C0007095"
"1487","2","3","12","19","31","1","426","55","340","C0007102"
"7518","2","3","12","19","31","261","116","1","86","C0007102"
"8192","2","3","2","48","170","50","119","444","556","C0007102"
"1161","2","3","12","41","116","268","434","468","213","C0007102"
"5428","2","3","2","48","170","50","119","167","593","C0007102"
"60681","2","3","12","48","124","75","136","271","212","C0007102"
"5961","2","5","7","27","51","326","126","414","702","C0007102"
"3458","2","5","7","53","184","119","156","287","116","C0007102"
"345611","2","3","2","48","219","339","156","568","462","C0007102"
"30009","2","5","7","53","51","119","25","549","674","C0007102"
"4000","2","3","12","26","105","178","226","297","156","C0007102"
"6736","2","3","12","19","31","276","91","433","667","C0007102"
"8893","2","3","2","110","85","237","433","547","671","C0007102"
"22931","2","5","7","34","54","24","30","46","72","C0007102"
"2556","2","5","8","27","70","99","162","216","290","C0007102"
"6223","2","3","2","110","85","237","433","547","671","C0007102"
"10982","2","3","12","76","153","40","38","54","75","C0007114"
"7053","2","3","6","11","142","225","142","220","298","C0007114"
"596","2","3","12","19","219","339","402","489","416","C0007114"
"4654","2","3","12","19","31","276","91","433","118","C0007114"
"5295","2","5","7","53","14","20","25","40","186","C0007114"
"54795","2","5","8","63","45","193","306","390","158","C0007114"
"9211","2","5","7","27","36","150","341","223","628","C0007114"
"55687","2","3","2","48","170","152","119","252","154","C0007114"
"8200","2","5","7","53","51","342","259","423","389","C0007114"
"2113","2","3","12","19","31","276","91","433","118","C0007114"
"23746","2","3","12","41","83","101","126","271","356","C0007114"
"5447","2","3","5","91","214","271","372","471","586","C0007114"
"6648","2","3","2","95","151","160","378","173","229","C0007114"
"2194","2","3","2","41","219","64","347","2","561","C0007114"
"51","2","3","5","43","151","276","91","433","482","C0007114"
"1277","2","5","7","53","51","342","454","573","492","C0007120"
"149998","2","3","5","116","183","295","398","552","622","C0007120"
"4629","2","5","8","63","45","23","103","464","187","C0007120"
"1760","2","5","8","63","14","20","34","540","68","C0007120"
"2200","2","5","7","53","51","342","454","573","492","C0007120"
"6519","2","3","5","45","94","199","240","415","666","C0007120"
"7546","2","5","3","19","221","321","79","560","373","C0007120"
"2626","2","3","12","19","31","118","155","287","116","C0007120"
"1499","2","3","12","19","221","197","259","560","422","C0007120"
"1513","2","5","7","53","51","342","454","573","492","C0007120"
"412","2","3","5","105","155","250","291","152","420","C0007120"
"7169","2","5","8","63","45","23","103","464","187","C0007120"
"8820","2","3","3","19","221","321","428","541","667","C0007120"
"2263","2","5","7","53","14","20","25","40","186","C0007120"
"4914","2","3","2","22","18","266","202","252","252","C0007124"
"3630","2","5","7","53","14","20","25","40","186","C0007124"
"9896","2","3","5","80","81","296","399","201","274","C0007124"
"1636","2","3","5","80","81","166","397","418","568","C0007124"
"6392","2","3","2","48","170","50","119","444","556","C0007124"
"6567","2","5","8","35","41","77","40","57","80","C0007138"
"2121","2","3","12","41","116","268","434","568","605","C0007138"
"3575","2","5","7","53","51","184","341","544","669","C0007138"
"6916","2","3","5","91","175","119","167","224","301","C0007138"
"3162","2","3","5","53","51","119","402","489","416","C0007138"
"7157","2","3","12","19","31","261","402","489","551","C0007138"
"9126","2","3","12","76","153","40","38","54","75","C0007138"
"4723","2","3","2","48","170","50","119","444","556","C0007138"
"3569","2","5","7","53","51","342","454","573","416","C0007138"
"7534","2","3","2","48","57","110","141","359","411","C0007138"
"26154","2","3","5","47","144","185","238","310","392","C0007138"
"26229","2","3","2","74","205","191","396","408","257","C0007138"
"5832","2","3","2","101","62","189","182","509","252","C0007138"
"1621","2","3","5","53","51","239","333","422","537","C0007138"
"5069","2","5","7","53","51","342","454","573","492","C0007138"
"1297","2","5","7","53","51","342","454","573","492","C0007138"
"55630","2","3","5","27","81","99","162","216","290","C0007138"
"2038","2","5","7","11","142","225","142","220","116","C0007138"
"9663","2","3","5","80","81","296","51","488","102","C0007138"
"9927","2","3","12","19","31","118","155","287","116","C0007138"
"6609","2","3","5","105","155","250","291","152","420","C0007138"
"5053","2","3","5","80","81","166","236","308","390","C0007138"
"1716","2","3","2","27","36","150","221","138","188","C0007138"
"2937","2","3","2","83","171","97","381","478","597","C0007138"
"4436","2","3","12","19","31","261","116","1","86","C0007138"
"695","2","5","7","53","14","20","25","40","186","C0007138"
"23503","2","3","6","11","142","225","142","220","298","C0007138"
"8647","2","3","5","46","158","252","352","449","563","C0007138"
"220202","2","5","4","68","96","326","427","548","672","C0007138"
"4983","2","5","7","60","54","24","30","46","72","C0007138"
"6334","2","5","8","63","36","166","341","223","158","C0007138"
"8867","2","3","5","60","14","184","341","544","669","C0007138"
"25782","2","5","7","60","54","24","30","46","72","C0007140"
"25953","2","3","2","67","92","293","137","75","664","C0007140"
"713","2","5","7","53","51","119","395","549","674","C0007196"
"9939","2","3","2","22","33","323","66","101","136","C0007196"
"51741","2","3","2","22","33","323","66","101","127","C0007196"
"1302","2","5","7","53","51","342","454","573","492","C0007196"
"3458","2","5","7","53","184","119","156","287","116","C0007196"
"338917","2","3","3","19","221","321","428","541","667","C0007273"
"2072","2","3","12","19","31","261","116","1","86","C0007273"
"6911","2","5","6","19","142","335","259","560","373","C0007273"
"1299","2","5","7","53","51","342","454","573","492","C0007273"
"3507","2","5","7","53","51","119","395","549","674","C0007273"
"846","2","5","4","68","96","326","427","548","672","C0007273"
"712","2","5","7","53","51","119","395","549","674","C0007273"
"1301","2","5","7","53","51","342","454","573","492","C0007273"
"4233","2","5","7","53","14","20","25","40","186","C0007273"
"6390","2","3","2","48","170","50","119","444","556","C0007273"
"5339","2","5","7","53","51","342","454","573","492","C0007273"
"6945","2","3","12","19","31","110","141","488","102","C0007274"
"3930","2","3","2","22","33","323","66","3","464","C0007274"
"139189","2","3","2","63","30","193","306","390","158","C0007274"
"7098","2","5","7","41","219","339","156","568","697","C0007274"
"26277","2","3","12","19","31","1","426","1","78","C0007279"
"1280","2","5","7","53","51","342","454","573","492","C0007279"
"6323","2","5","8","63","36","166","341","390","158","C0007279"
"151","2","5","4","68","96","326","427","548","672","C0007279"
"613","2","5","7","60","54","24","30","46","72","C0007302"
"5192","2","3","5","43","161","305","409","208","482","C0007302"
"6689","2","3","12","19","31","276","91","433","118","C0007302"
"23230","2","5","7","11","142","71","341","560","219","C0007302"
"4540","2","3","2","48","170","50","119","444","556","C0007302"
"55505","2","3","2","110","85","237","433","547","671","C0007370"
"6821","2","3","5","114","211","332","175","556","256","C0007370"
"2903","2","5","7","53","14","20","25","223","219","C0007370"
"23545","2","3","5","29","88","132","85","222","346","C0007370"
"9321","2","3","12","76","153","40","38","54","203","C0007370"
"26278","2","3","12","41","116","268","347","271","356","C0007370"
"10686","2","5","6","42","36","71","177","64","219","C0007370"
"3981","2","3","12","19","31","261","116","1","86","C0007370"
"6793","2","5","7","34","52","216","395","549","674","C0007370"
"7249","2","3","7","60","57","110","141","359","462","C0007370"
"10577","2","5","7","34","52","216","395","549","674","C0007370"
"1586","2","3","5","79","98","256","335","425","540","C0007370"
"6513","2","5","7","90","216","337","448","565","562","C0007370"
"4791","2","3","12","41","219","339","156","568","697","C0007370"
"4668","2","3","5","21","111","188","242","313","396","C0007370"
"2201","2","5","7","53","51","342","454","573","492","C0007384"
"26191","2","5","7","53","14","20","25","40","186","C0007384"
"4653","2","5","7","34","51","342","454","573","492","C0007384"
"6648","2","3","2","95","151","160","378","173","229","C0007384"
"51010","2","3","2","110","85","237","433","547","671","C0007384"
"2632","2","3","2","28","22","48","232","82","114","C0007384"
"2022","2","5","7","53","51","342","259","423","389","C0007384"
"7042","2","5","7","53","51","342","454","573","492","C0007384"
"54903","2","3","12","76","153","40","38","54","75","C0007384"
"10262","2","3","2","22","33","323","66","101","136","C0007384"
"538","2","3","8","63","45","23","103","464","187","C0007384"
"5194","2","3","5","43","161","305","409","208","482","C0007528"
"5982","2","3","12","19","31","261","116","1","86","C0007528"
"6338","2","5","8","63","45","23","34","464","187","C0007528"
"6329","2","5","8","63","36","166","341","390","158","C0007528"
"1191","2","5","7","53","51","342","454","573","702","C0007570"
"54903","2","3","12","76","153","40","38","54","75","C0007570"
"7015","2","3","12","19","31","1","426","55","78","C0007570"
"22796","2","5","7","60","153","40","38","66","203","C0007570"
"5828","2","3","5","43","161","305","409","208","482","C0007570"
"23414","2","3","12","19","31","118","155","287","116","C0007570"
"5354","2","5","7","27","36","150","341","223","628","C0007570"
"4359","2","5","7","53","51","342","454","573","492","C0007570"
"55835","2","3","12","76","153","40","38","54","75","C0007570"
"5444","2","3","5","80","147","236","328","411","229","C0007570"
"5830","2","3","5","43","161","305","409","208","482","C0007570"
"861","2","3","12","19","31","1","426","55","78","C0007570"
"3954","2","3","2","48","170","67","119","444","593","C0007570"
"55651","2","3","2","110","85","237","433","547","671","C0007570"
"54941","2","3","12","41","116","268","434","468","213","C0007570"
"3265","2","5","7","60","54","24","30","46","72","C0007570"
"3977","2","5","7","53","51","119","25","40","416","C0007570"
"5621","2","5","8","27","36","342","454","573","628","C0007570"
"5728","2","3","5","80","81","339","156","568","605","C0007570"
"6331","2","5","8","63","36","166","341","223","158","C0007570"
"57379","2","3","5","22","137","261","104","146","194","C0007642"
"7431","2","3","12","41","45","23","103","489","416","C0007642"
"9031","2","3","12","19","31","1","426","55","78","C0007642"
"825","2","5","7","53","51","342","454","573","492","C0007642"
"9993","2","5","7","53","51","342","454","573","492","C0007642"
"8195","2","3","12","76","153","76","38","54","75","C0007642"
"6531","2","5","8","45","94","199","240","415","666","C0007642"
"2903","2","5","7","53","14","20","25","223","219","C0007642"
"51151","2","3","5","23","18","138","250","332","407","C0007682"
"4221","2","3","12","19","31","342","454","573","492","C0007682"
"7535","2","5","7","53","14","20","25","40","186","C0007682"
"6863","2","5","4","68","96","326","427","548","672","C0007760"
"58","2","5","8","63","45","23","103","464","187","C0007760"
"23426","2","5","7","42","36","71","177","223","219","C0007760"
"5318","2","1","6","11","142","225","142","220","298","C0007760"
"2313","2","3","12","19","31","276","91","433","118","C0007760"
"547","2","3","7","76","153","40","38","54","75","C0007760"
"8322","2","5","3","68","221","184","259","544","669","C0007781"
"3569","2","5","7","53","51","342","454","573","416","C0007781"
"2255","2","5","7","53","14","20","25","40","186","C0007785"
"22943","2","5","3","68","221","197","259","560","422","C0007785"
"10815","2","5","7","60","36","71","341","223","666","C0007785"
"3690","2","5","7","53","51","342","454","573","492","C0007785"
"5468","2","3","3","19","151","276","91","433","118","C0007785"
"2261","2","5","7","53","14","20","25","40","186","C0007785"
"4489","2","5","6","27","184","261","116","287","116","C0007785"
"9841","2","3","6","11","142","225","142","220","298","C0007785"
"1106","2","3","12","19","31","1","426","55","78","C0007785"
"1908","2","5","4","68","96","326","427","548","672","C0007785"
"2812","2","5","7","53","51","342","454","573","492","C0007787"
"79147","2","3","2","27","36","150","430","215","628","C0007787"
"7097","2","5","7","34","52","216","395","549","674","C0007787"
"1586","2","3","5","79","98","256","335","425","540","C0007787"
"3914","2","5","7","53","51","342","454","573","492","C0007787"
"6736","2","3","12","19","31","276","91","433","667","C0007787"
"4843","2","3","5","43","161","305","409","489","416","C0007787"
"7681","2","3","12","41","116","268","434","468","213","C0007787"
"4000","2","3","12","26","105","178","226","297","156","C0007787"
"5551","2","5","7","53","51","119","395","549","674","C0007787"
"4935","2","5","4","68","96","326","427","548","672","C0007789"
"91942","2","3","2","48","170","50","119","444","556","C0007789"
"4948","2","5","8","63","45","23","250","464","187","C0007789"
"6223","2","3","2","110","85","237","433","547","671","C0007789"
"5993","2","3","12","19","31","1","426","55","78","C0007789"
"7124","2","3","12","41","219","339","156","568","697","C0007789"
"10733","2","3","12","76","153","40","38","54","75","C0007789"
"51119","2","3","2","110","85","237","433","547","671","C0007789"
"4747","2","5","7","27","36","150","341","223","628","C0007789"
"3643","2","5","7","53","14","20","25","40","186","C0007789"
"1855","2","5","12","76","153","197","259","560","422","C0007789"
"10058","2","3","5","44","50","209","68","11","141","C0007789"
"23384","2","3","12","63","45","184","103","572","658","C0007789"
"3053","2","5","7","53","51","342","454","573","492","C0007789"
"2158","2","5","7","68","51","119","395","549","674","C0007789"
"2074","2","3","12","19","31","1","426","55","78","C0007795"
"10021","2","5","8","63","36","166","106","110","158","C0007795"
"5290","2","3","7","53","14","20","25","40","186","C0007820"
"6794","2","3","12","53","14","20","34","540","68","C0007820"
"54756","2","5","7","41","219","238","118","543","214","C0007873"
"11222","2","3","2","48","182","67","76","463","153","C0007873"
"6662","2","3","3","19","221","321","428","541","667","C0007873"
"825","2","5","7","53","51","342","454","573","492","C0007873"
"2177","2","3","2","110","90","261","431","545","443","C0007873"
"5076","2","3","3","19","221","321","428","541","667","C0007873"
"3953","2","5","7","53","14","20","25","40","186","C0007873"
"10216","2","3","2","48","170","50","304","167","593","C0007873"
"4221","2","3","12","19","31","342","454","573","492","C0007873"
"2706","2","3","12","76","153","40","38","54","75","C0007873"
"1786","2","3","12","19","31","1","426","55","78","C0007873"
"6310","2","3","12","22","142","225","366","362","468","C0007873"
"6528","2","5","8","45","94","199","240","415","666","C0007873"
"9215","2","5","2","27","36","150","430","215","628","C0007873"
"546","2","3","12","19","31","261","426","1","86","C0007873"
"26278","2","3","12","41","116","268","347","271","356","C0007873"
"2263","2","5","7","53","14","20","25","40","186","C0007873"
"10134","2","3","2","41","219","339","156","536","342","C0007873"
"2969","2","3","12","19","31","276","91","433","118","C0007873"
"2203","2","3","5","80","81","266","367","500","577","C0007873"
"10161","2","5","4","68","96","326","427","548","672","C0007873"
"4867","2","5","7","76","153","40","38","54","75","C0007873"
"1352","2","3","2","48","170","50","119","444","556","C0007873"
"79147","2","3","2","27","36","150","430","215","628","C0007873"
"3689","2","5","7","34","52","216","395","549","674","C0007873"
"5889","2","3","12","19","31","261","116","1","86","C0007959"
"1497","2","5","2","63","182","50","103","297","628","C0007959"
"7040","2","5","7","53","51","342","454","573","492","C0007959"
"54790","2","3","12","19","31","1","426","55","78","C0007959"
"23483","2","3","2","28","191","306","143","452","258","C0007959"
"9533","2","3","2","19","31","1","426","55","78","C0007959"
"1278","2","5","7","53","51","342","454","573","492","C0007959"
"9897","2","3","12","76","18","75","38","1","212","C0007971"
"3759","2","5","8","63","36","166","106","110","158","C0007971"
"4137","2","3","7","27","36","150","341","223","628","C0007971"
"29954","2","5","2","27","206","324","430","215","290","C0007971"
"10269","2","3","2","48","182","50","119","444","556","C0007971"
"1387","2","3","12","19","31","276","91","433","118","C0008073"
"1277","2","5","7","53","51","342","454","573","492","C0008073"
"5897","2","3","12","41","116","268","141","568","605","C0008073"
"1947","2","5","7","53","51","20","25","560","373","C0008073"
"4088","2","3","12","19","219","339","259","423","605","C0008073"
"51752","2","3","2","41","153","119","156","536","116","C0008073"
"19","2","3","3","19","151","276","91","433","118","C0008073"
"10397","2","3","2","110","81","148","402","51","383","C0008073"
"2516","2","3","3","19","151","276","91","433","118","C0008073"
"5244","2","3","3","41","151","276","91","433","118","C0008073"
"2542","2","3","5","80","81","296","399","500","577","C0008073"
"23178","2","5","7","53","14","20","34","540","68","C0008073"
"3383","2","5","7","53","51","119","454","287","116","C0008073"
"54809","2","5","7","50","30","193","306","148","624","C0008073"
"4000","2","3","12","26","105","178","226","297","156","C0008073"
"6204","2","3","2","110","85","237","433","547","671","C0008073"
"5308","2","3","3","19","221","321","428","541","667","C0008073"
"51199","2","3","12","76","153","40","38","54","75","C0008073"
"4204","2","3","12","19","31","1","426","55","78","C0008073"
"7169","2","5","8","63","45","23","103","464","187","C0008073"
"2719","2","5","7","53","51","342","454","573","492","C0008073"
"54808","2","3","12","76","153","40","38","54","75","C0008073"
"2653","2","3","2","67","104","214","234","306","388","C0008074"
"55505","2","3","2","110","85","237","433","547","671","C0008074"
"54902","2","3","2","48","182","50","119","444","556","C0008074"
"25974","2","3","7","48","51","105","139","186","245","C0008149"
"6329","2","5","8","63","36","166","341","390","158","C0008149"
"5073","2","3","2","110","85","323","433","146","194","C0008297"
"54101","2","3","2","48","170","50","347","167","593","C0008297"
"10225","2","5","7","53","51","119","395","549","674","C0008297"
"6391","2","3","2","48","170","50","119","444","556","C0008297"
"6496","2","3","3","19","221","321","428","541","667","C0008297"
"1760","2","5","8","63","14","20","34","540","68","C0008297"
"6134","2","3","2","110","85","237","433","547","671","C0008297"
"6870","2","5","4","68","96","326","427","548","672","C0008297"
"57670","2","5","7","42","81","184","118","543","214","C0008297"
"26229","2","3","2","74","205","191","396","408","257","C0008297"
"55636","2","3","3","19","221","321","428","423","389","C0008297"
"54919","2","3","2","41","96","279","304","370","257","C0008297"
"51083","2","5","4","68","96","326","427","548","672","C0008297"
"4539","2","3","2","53","184","86","107","560","195","C0008297"
"23742","2","5","5","68","96","326","427","447","586","C0008297"
"6323","2","5","8","63","36","166","341","390","158","C0008297"
"8600","2","5","7","41","219","339","156","568","697","C0008297"
"6899","2","5","7","53","184","335","259","560","373","C0008297"
"859","2","5","8","63","45","23","103","464","187","C0008297"
"23411","2","3","12","19","31","1","91","433","118","C0008297"
"2353","2","3","12","19","31","1","91","489","416","C0008297"
"2068","2","3","12","19","31","261","116","159","211","C0008297"
"4072","2","5","7","53","51","119","454","573","492","C0008297"
"6337","2","5","8","63","45","23","34","464","187","C0008297"
"22880","2","3","2","115","151","340","451","569","698","C0008297"
"1758","2","5","7","53","51","342","454","573","492","C0008297"
"10749","2","3","7","76","153","40","38","54","75","C0008297"
"4519","2","3","2","48","170","50","119","508","312","C0008297"
"51601","2","3","2","67","92","293","55","75","311","C0008311"
"9968","2","4","3","24","119","330","214","454","144","C0008311"
"25923","2","3","2","48","184","50","119","444","116","C0008311"
"7399","2","5","7","53","51","342","454","573","492","C0008311"
"2099","2","3","12","19","151","276","91","433","118","C0008311"
"10743","2","3","3","19","151","276","91","433","118","C0008311"
"7015","2","3","12","19","31","1","426","55","78","C0008311"
"7167","2","3","2","90","167","266","367","500","577","C0008311"
"2260","2","5","7","53","14","20","25","40","186","C0008311"
"1909","2","5","4","68","96","326","427","548","672","C0008311"
"5727","2","3","12","68","221","197","259","560","422","C0008312"
"1804","2","5","7","27","36","150","341","223","628","C0008312"
"50964","2","5","3","68","221","197","259","423","422","C0008312"
"5781","2","5","7","53","14","20","25","40","186","C0008312"
"4703","2","5","7","60","45","23","103","464","187","C0008312"
"1616","2","3","12","19","31","1","426","55","316","C0008312"
"4312","2","5","7","53","51","342","454","573","492","C0008312"
"1717","2","3","2","19","151","276","48","69","204","C0008312"
"3991","2","3","5","80","81","166","57","83","658","C0008312"
"2992","2","3","7","34","52","216","395","549","674","C0008312"
"887","2","5","4","68","96","326","427","548","672","C0008312"
"9451","2","3","2","110","51","335","226","297","380","C0008312"
"10804","2","3","12","76","153","40","38","54","75","C0008312"
"1277","2","5","7","53","51","342","454","573","492","C0008312"
"4000","2","3","12","26","105","178","226","297","156","C0008313"
"3145","2","3","5","80","81","166","132","175","473","C0008313"
"5250","2","3","2","48","170","50","119","444","593","C0008313"
"1130","2","5","7","60","54","326","141","359","462","C0008313"
"6663","2","3","3","19","221","321","428","541","667","C0008313"
"1583","2","3","5","79","152","273","375","100","589","C0008325"
"3663","2","3","12","53","184","119","156","287","116","C0008325"
"6496","2","3","3","19","221","321","428","541","667","C0008325"
"183","2","5","4","68","96","326","427","548","672","C0008325"
"8626","2","3","3","19","221","321","428","541","667","C0008325"
"28960","2","3","2","22","33","323","433","146","194","C0008325"
"284403","2","3","12","48","57","110","141","359","462","C0008325"
"5826","2","3","7","48","161","105","139","186","245","C0008325"
"468","2","3","12","19","85","276","91","433","118","C0008325"
"6774","2","3","12","53","14","276","25","489","416","C0008325"
"2752","2","3","2","101","62","189","182","509","409","C0008325"
"9842","2","3","5","76","155","76","291","152","420","C0008325"
"6530","2","5","8","45","94","199","240","415","666","C0008340"
"7170","2","5","8","63","45","23","103","464","187","C0008340"
"26580","2","5","8","27","70","99","162","216","290","C0008340"
"1719","2","3","2","76","153","40","116","54","75","C0008340"
"4929","2","3","3","19","151","276","91","433","118","C0008340"
"4692","2","5","7","53","51","119","402","489","416","C0008350"
"701","2","3","12","76","153","40","38","54","75","C0008350"
"682","2","3","2","53","51","342","454","573","492","C0008350"
"3106","2","5","7","34","52","119","395","549","674","C0008350"
"10195","2","3","2","48","69","99","162","216","290","C0008350"
"1559","2","3","5","91","214","226","11","348","172","C0008350"
"9719","2","5","7","53","51","342","454","573","492","C0008350"
"6913","2","3","3","19","221","321","428","541","667","C0008350"
"5728","2","3","5","80","81","339","156","568","605","C0008350"
"5095","2","3","2","48","40","130","166","127","173","C0008350"
"55504","2","3","12","41","219","339","156","568","697","C0008350"
"5825","2","3","5","47","144","185","238","310","392","C0008350"
"546","2","3","12","19","31","261","426","1","86","C0008350"
"54209","2","5","7","53","51","119","395","549","674","C0008350"
"54941","2","3","12","41","116","268","434","468","213","C0008350"
"23322","2","3","12","76","153","40","38","54","75","C0008350"
"79188","2","3","2","48","182","50","119","444","666","C0008350"
"9131","2","3","12","41","219","339","347","271","356","C0008350"
"6928","2","3","3","19","221","321","428","541","667","C0008350"
"23394","2","3","12","19","31","335","444","236","373","C0008350"
"2623","2","3","12","19","31","1","155","287","116","C0008372"
"1030","2","3","12","19","31","1","426","55","78","C0008372"
"3440","2","3","12","19","184","118","155","287","116","C0008372"
"5184","2","3","5","80","81","166","52","105","349","C0008372"
"7020","2","3","12","19","31","276","91","433","664","C0008372"
"4072","2","5","7","53","51","119","454","573","492","C0008372"
"2071","2","3","12","19","31","261","116","159","211","C0008372"
"9871","2","3","7","60","153","40","38","54","203","C0008372"
"5080","2","3","3","19","221","321","428","541","667","C0008372"
"1292","2","5","7","53","51","342","454","573","492","C0008372"
"54332","2","3","2","60","170","40","98","66","203","C0008372"
"22796","2","5","7","60","153","40","38","66","203","C0008372"
"567","2","5","7","34","52","119","395","549","674","C0008372"
"271","2","3","5","33","6","241","233","304","386","C0008373"
"2697","2","3","7","76","153","40","38","54","75","C0008373"
"2313","2","3","12","19","31","276","91","433","118","C0008479"
"5602","2","3","12","19","14","150","34","540","68","C0008479"
"1277","2","5","7","53","51","342","454","573","492","C0008479"
"4880","2","3","4","19","96","326","427","548","672","C0008479"
"5832","2","3","2","101","62","189","182","509","252","C0008479"
"1291","2","5","7","53","51","342","454","573","492","C0008487"
"8302","2","5","7","53","51","119","395","549","674","C0008487"
"3914","2","5","7","53","51","342","454","573","492","C0008487"
"3991","2","3","5","80","81","166","57","83","658","C0008489"
"2022","2","5","7","53","51","342","259","423","389","C0008489"
"23539","2","3","2","62","37","285","389","62","603","C0008489"
"2316","2","5","7","53","51","342","454","573","702","C0008489"
"8106","2","3","2","22","33","323","66","101","136","C0008489"
"25942","2","3","12","19","31","1","426","55","78","C0008489"
"2904","2","5","7","53","14","20","25","223","219","C0008489"
"4852","2","5","4","68","96","326","427","548","672","C0008489"
"5190","2","3","5","43","161","305","409","208","482","C0008489"
"3630","2","5","7","53","14","20","25","40","186","C0008489"
"23426","2","5","7","42","36","71","177","223","219","C0008489"
"54453","2","5","7","60","54","24","30","46","72","C0008489"
"6928","2","3","3","19","221","321","428","541","667","C0008489"
"7046","2","3","12","41","219","339","259","423","605","C0008489"
"51085","2","3","2","48","57","110","141","359","462","C0008489"
"5993","2","3","12","19","31","1","426","55","78","C0008489"
"8481","2","3","12","76","153","40","38","54","75","C0008489"
"7468","2","3","12","19","31","1","426","55","78","C0008489"
"4846","2","3","5","41","219","75","243","44","64","C0008489"
"9562","2","3","5","80","81","296","248","317","405","C0008489"
"22999","2","5","7","60","36","71","341","223","219","C0008489"
"5727","2","3","12","68","221","197","259","560","422","C0008489"
"477","2","3","8","63","45","23","103","464","187","C0008489"
"84282","2","3","12","41","219","339","156","568","697","C0008489"
"1861","2","5","7","60","14","184","341","544","669","C0008489"
"846","2","5","4","68","96","326","427","548","672","C0008489"
"2731","2","3","2","106","104","214","234","67","53","C0008489"
"2200","2","5","7","53","51","342","454","573","492","C0008489"
"585","2","3","12","76","153","40","38","54","75","C0008489"
"4313","2","5","7","53","51","342","454","573","492","C0008519"
"9095","2","5","7","53","51","335","444","560","373","C0008519"
"774","2","5","8","63","36","166","341","390","158","C0008519"
"4887","2","5","4","68","96","326","427","548","672","C0008519"
"176","2","5","7","53","51","342","454","573","492","C0008519"
"7020","2","3","12","19","31","276","91","433","664","C0008519"
"6696","2","5","7","53","51","342","454","573","492","C0008519"
"6898","2","3","8","67","94","199","182","509","666","C0008519"
"26119","2","5","7","60","14","184","341","544","669","C0008519"
"1352","2","3","2","48","170","50","119","444","556","C0008519"
"9640","2","3","12","19","31","261","116","159","211","C0008519"
"9569","2","3","12","19","31","276","91","433","118","C0008519"
"6910","2","3","12","19","51","335","444","560","373","C0008519"
"8822","2","5","7","53","14","20","25","40","186","C0008519"
"1301","2","5","7","53","51","342","454","573","492","C0008521"
"1812","2","5","4","68","96","326","427","548","672","C0008521"
"1281","2","5","7","53","51","342","454","573","492","C0008521"
"8600","2","5","7","41","219","339","156","568","697","C0008521"
"3559","2","5","7","53","14","20","25","40","186","C0008521"
"1890","2","3","5","80","81","296","62","94","150","C0008521"
"3954","2","3","2","48","170","67","119","444","593","C0008521"
"5295","2","5","7","53","14","20","25","40","186","C0008525"
"5906","2","5","7","34","52","216","30","46","72","C0008525"
"3949","2","5","7","60","14","184","341","544","669","C0008525"
"6239","2","3","12","19","119","330","214","454","144","C0008525"
"9180","2","5","7","53","51","119","25","549","416","C0008525"
"6657","2","3","12","19","221","321","428","541","667","C0008525"
"5327","2","5","7","53","51","342","454","573","492","C0008625"
"2261","2","5","7","53","14","20","25","40","186","C0008625"
"55869","2","3","12","19","153","40","38","54","75","C0008625"
"2719","2","5","7","53","51","342","454","573","492","C0008625"
"7249","2","3","7","60","57","110","141","359","462","C0008625"
"3248","2","3","2","69","83","133","167","224","301","C0008625"
"6309","2","3","5","19","151","76","48","69","204","C0008625"
"4036","2","5","7","60","14","184","341","544","669","C0008625"
"54499","2","3","2","48","170","50","119","444","593","C0008625"
"4688","2","5","7","60","14","20","25","40","215","C0008625"
"79663","2","3","12","11","36","150","362","448","304","C0008625"
"22858","2","3","7","53","14","20","34","540","68","C0008625"
"1723","2","3","2","48","170","50","119","444","556","C0008625"
"6331","2","5","8","63","36","166","341","223","158","C0008625"
"3418","2","3","2","67","151","276","33","48","155","C0008625"
"9451","2","3","2","110","51","335","226","297","380","C0008677"
"1639","2","3","12","76","153","40","38","54","75","C0008677"
"23363","2","3","12","41","116","268","434","468","213","C0008677"
"8022","2","3","3","110","85","321","428","541","667","C0008677"
"596","2","3","12","19","219","339","402","489","416","C0008677"
"3040","2","5","5","53","51","342","40","78","178","C0008677"
"6657","2","3","12","19","221","321","428","541","667","C0008677"
"6535","2","5","8","45","94","199","240","415","666","C0008677"
"5894","2","5","7","60","54","23","34","464","187","C0008677"
"2304","2","3","12","19","221","321","428","541","667","C0008677"
"778","2","5","8","63","36","166","341","223","158","C0008677"
"23384","2","3","12","63","45","184","103","572","658","C0008677"
"675","2","3","12","19","31","261","116","1","86","C0008711"
"5034","2","5","7","53","51","342","454","573","492","C0008711"
"1029","2","3","12","19","31","1","116","1","664","C0008711"
"4261","2","3","12","53","184","119","156","287","116","C0008711"
"8626","2","3","3","19","221","321","428","541","667","C0008711"
"1308","2","5","7","53","51","119","454","573","492","C0008733"
"10381","2","3","12","76","153","40","38","54","75","C0008733"
"2488","2","5","4","68","96","326","427","548","672","C0008767"
"472","2","3","12","19","31","261","116","1","86","C0008767"
"658","2","5","7","53","51","342","259","423","389","C0008767"
"10683","2","5","7","53","51","143","428","560","667","C0009024"
"3854","2","1","6","11","142","225","142","220","298","C0009024"
"10518","2","3","2","22","170","50","119","444","556","C0009024"
"8092","2","3","3","19","221","321","428","541","667","C0009024"
"2796","2","5","4","68","96","326","427","548","672","C0009024"
"9581","2","3","5","27","36","150","76","223","628","C0009024"
"25915","2","3","2","48","170","50","119","444","556","C0009024"
"7305","2","5","7","34","52","216","395","549","674","C0009024"
"3651","2","3","3","19","221","321","428","541","667","C0009024"
"23064","2","3","6","11","31","261","142","220","664","C0009024"
"2896","2","5","7","34","52","216","395","549","674","C0009024"
"6336","2","5","8","63","36","166","341","390","158","C0009024"
"3329","2","3","2","48","170","50","304","167","593","C0009024"
"2717","2","3","7","34","52","216","395","549","674","C0009024"
"875","2","3","5","80","137","44","21","451","316","C0009024"
"617","2","3","2","48","170","50","304","167","593","C0009024"
"4968","2","3","12","19","31","261","116","1","86","C0009024"
"1380","2","5","7","53","51","119","395","549","674","C0009024"
"9681","2","3","2","48","179","289","133","179","476","C0009080"
"6390","2","3","2","48","170","50","119","444","556","C0009080"
"158","2","3","4","96","177","61","373","341","142","C0009080"
"2200","2","5","7","53","51","342","454","573","492","C0009080"
"9723","2","5","7","53","51","342","79","560","373","C0009171"
"1280","2","5","7","53","51","342","454","573","492","C0009171"
"7372","2","3","2","68","119","109","266","182","182","C0009171"
"7043","2","5","7","53","51","342","454","573","492","C0009171"
"5428","2","3","2","48","170","50","119","167","593","C0009171"
"1956","2","5","7","53","14","184","45","544","669","C0009171"
"3954","2","3","2","48","170","67","119","444","593","C0009171"
"27031","2","3","6","11","142","225","38","331","506","C0009171"
"7466","2","5","7","53","51","342","454","573","492","C0009171"
"7443","2","3","12","19","31","261","34","540","68","C0009171"
"5649","2","5","7","53","51","342","444","560","373","C0009171"
"3440","2","3","12","19","184","118","155","287","116","C0009171"
"55800","2","5","8","27","36","150","341","223","628","C0009171"
"5830","2","3","5","43","161","305","409","208","482","C0009171"
"2132","2","3","2","74","58","112","148","193","263","C0009171"
"5771","2","5","7","53","14","296","25","40","186","C0009171"
"4593","2","5","7","53","14","20","454","573","492","C0009178"
"4512","2","3","2","48","170","110","141","359","8","C0009178"
"6323","2","5","8","63","36","166","341","390","158","C0009197"
"23086","2","3","12","19","45","197","70","107","270","C0009197"
"8322","2","5","3","68","221","184","259","544","669","C0009207"
"10484","2","3","7","60","153","40","38","54","203","C0009207"
"1832","2","5","7","34","52","225","142","220","298","C0009241"
"50640","2","3","5","116","183","295","398","243","327","C0009241"
"2255","2","5","7","53","14","20","25","40","186","C0009241"
"4513","2","3","2","48","170","110","141","359","532","C0009241"
"51422","2","3","2","48","57","110","141","359","462","C0009241"
"6687","2","3","2","48","170","50","119","444","593","C0009241"
"7468","2","3","12","19","31","1","426","55","78","C0009241"
"1041","2","1","6","11","142","225","142","220","298","C0009241"
"627","2","5","7","53","51","335","444","423","373","C0009241"
"2694","2","5","7","48","51","105","139","186","245","C0009241"
"6197","2","3","12","19","14","20","34","540","68","C0009241"
"4352","2","5","7","53","14","20","25","40","186","C0009241"
"4221","2","3","12","19","31","342","454","573","492","C0009241"
"1280","2","5","7","53","51","342","454","573","492","C0009241"
"1584","2","3","5","79","159","256","276","353","456","C0009241"
"7681","2","3","12","41","116","268","434","468","213","C0009241"
"50964","2","5","3","68","221","197","259","423","422","C0009241"
"7042","2","5","7","53","51","342","454","573","492","C0009241"
"3730","2","5","7","53","14","20","25","40","186","C0009241"
"10342","2","3","7","60","219","40","202","66","203","C0009241"
"8481","2","3","12","76","153","40","38","54","75","C0009241"
"1294","2","5","7","53","51","342","454","573","492","C0009241"
"1906","2","5","4","68","96","326","427","548","672","C0009241"
"6866","2","5","4","68","96","326","427","548","672","C0009241"
"2261","2","5","7","53","14","20","25","40","186","C0009241"
"9361","2","3","2","48","170","50","119","444","556","C0009241"
"6905","2","3","12","76","153","40","38","54","75","C0009241"
"477","2","3","8","63","45","23","103","464","187","C0009241"
"4313","2","5","7","53","51","342","454","573","492","C0009241"
"778","2","5","8","63","36","166","341","223","158","C0009241"
"1201","2","3","2","48","170","50","304","167","593","C0009319"
"9719","2","5","7","53","51","342","454","573","492","C0009319"
"8085","2","3","12","19","31","1","426","55","78","C0009319"
"1281","2","5","7","53","51","342","454","573","492","C0009319"
"4607","2","5","7","53","51","23","103","464","187","C0009319"
"1586","2","3","5","79","98","256","335","425","540","C0009319"
"5194","2","3","5","43","161","305","409","208","482","C0009319"
"1493","2","5","7","53","51","119","25","40","186","C0009319"
"1406","2","3","3","19","221","321","428","541","667","C0009319"
"720","2","5","7","53","51","342","454","573","492","C0009319"
"953","2","3","5","64","42","242","95","283","367","C0009319"
"8481","2","3","12","76","153","40","38","54","75","C0009319"
"9401","2","3","12","76","31","261","116","1","86","C0009319"
"2033","2","3","12","19","31","1","91","433","118","C0009319"
"10397","2","3","2","110","81","148","402","51","383","C0009319"
"6611","2","3","2","58","55","25","46","329","198","C0009319"
"25978","2","3","2","48","57","110","141","359","462","C0009319"
"10683","2","5","7","53","51","143","428","560","667","C0009319"
"2189","2","3","12","19","31","261","116","1","86","C0009319"
"5333","2","3","5","18","16","40","417","103","58","C0009319"
"9321","2","3","12","76","153","40","38","54","203","C0009319"
"2737","2","3","12","19","116","321","428","54","667","C0009319"
"4436","2","3","12","19","31","261","116","1","86","C0009319"
"1786","2","3","12","19","31","1","426","55","78","C0009319"
"1947","2","5","7","53","51","20","25","560","373","C0009319"
"57522","2","5","7","60","54","24","30","46","72","C0009319"
"22858","2","3","7","53","14","20","34","540","68","C0009319"
"9895","2","3","2","48","57","110","141","359","462","C0009319"
"604","2","3","12","19","151","276","91","489","416","C0009319"
"5376","2","5","7","53","51","342","454","573","492","C0009319"
"29110","2","3","12","41","219","339","156","568","697","C0009319"
"6662","2","3","3","19","221","321","428","541","667","C0009376"
"1278","2","5","7","53","51","342","454","573","492","C0009376"
"50846","2","3","3","68","221","197","259","560","422","C0009376"
"3930","2","3","2","22","33","323","66","3","464","C0009398"
"857","2","5","7","53","45","23","57","83","422","C0009398"
"6925","2","3","12","19","31","225","142","220","298","C0009398"
"5222","2","5","5","68","96","185","238","310","272","C0009398"
"5979","2","5","7","53","14","20","25","40","186","C0009398"
"9896","2","3","5","80","81","296","399","201","274","C0009398"
"51135","2","3","12","53","219","20","156","568","697","C0009398"
"5238","2","3","2","80","141","221","111","385","501","C0009398"
"7169","2","5","8","63","45","23","103","464","187","C0009398"
"3060","2","5","4","68","96","326","427","548","672","C0009398"
"7390","2","3","5","80","81","166","132","175","473","C0009398"
"5520","2","3","2","110","85","237","433","547","671","C0009398"
"1356","2","3","7","53","51","342","454","573","492","C0009398"
"1387","2","3","12","19","31","276","91","433","118","C0009398"
"3265","2","5","7","60","54","24","30","46","72","C0009398"
"9927","2","3","12","19","31","118","155","287","116","C0009398"
"3000","2","5","4","68","96","326","427","548","672","C0009398"
"207","2","3","7","53","14","20","34","489","416","C0009398"
"190","2","3","3","19","151","276","91","433","118","C0009398"
"8085","2","3","12","19","31","1","426","55","78","C0009398"
"8626","2","3","3","19","221","321","428","541","667","C0009398"
"10329","2","3","2","63","123","194","423","536","544","C0009398"
"6514","2","5","7","90","216","337","448","565","562","C0009398"
"2752","2","3","2","101","62","189","182","509","409","C0009398"
"3845","2","5","7","60","54","24","30","46","72","C0009398"
"5602","2","3","12","19","14","150","34","540","68","C0009398"
"6662","2","3","3","19","221","321","428","541","667","C0009398"
"4015","2","5","7","53","51","342","454","573","492","C0009398"
"5961","2","5","7","27","51","326","126","414","702","C0009398"
"3098","2","3","2","90","167","266","367","500","577","C0009398"
"1736","2","3","2","110","85","237","433","547","671","C0009398"
"6496","2","3","3","19","221","321","428","541","667","C0009398"
"593","2","3","2","67","92","293","55","75","311","C0009398"
"4728","2","3","2","48","170","50","119","444","556","C0009405"
"4593","2","5","7","53","14","20","454","573","492","C0009405"
"54982","2","3","2","48","170","50","399","167","593","C0009405"
"6663","2","3","3","19","221","321","428","541","667","C0009405"
"6648","2","3","2","95","151","160","378","173","229","C0009405"
"1032","2","3","12","19","31","1","426","55","78","C0009405"
"1594","2","3","5","92","163","96","363","460","487","C0009405"
"2248","2","5","7","53","14","20","25","40","186","C0009405"
"1075","2","5","7","34","52","216","395","549","674","C0009447"
"5604","2","5","7","53","14","20","34","540","68","C0009447"
"6648","2","3","2","95","151","160","378","173","229","C0009447"
"546","2","3","12","19","31","261","426","1","86","C0009447"
"3106","2","5","7","34","52","119","395","549","674","C0009447"
"9401","2","3","12","76","31","261","116","1","86","C0009447"
"5339","2","5","7","53","51","342","454","573","492","C0009447"
"5745","2","5","4","68","96","326","427","548","672","C0009447"
"3440","2","3","12","19","184","118","155","287","116","C0009447"
"5663","2","5","7","34","52","216","395","549","667","C0009447"
"3588","2","5","7","53","51","119","25","40","186","C0009447"
"2108","2","3","2","48","170","50","119","444","556","C0009451"
"57623","2","3","3","24","119","330","214","454","144","C0009451"
"8139","2","3","12","41","116","268","434","468","213","C0009451"
"3651","2","3","3","19","221","321","428","541","667","C0009451"
"1282","2","5","7","53","51","342","454","573","492","C0009451"
"8200","2","5","7","53","51","342","259","423","389","C0009451"
"51259","2","3","2","76","153","40","38","54","75","C0009451"
"4000","2","3","12","26","105","178","226","297","156","C0009451"
"3606","2","5","7","53","51","119","156","489","416","C0009676"
"8481","2","3","12","76","153","40","38","54","75","C0009676"
"3957","2","5","5","81","51","342","454","573","492","C0009676"
"7915","2","3","5","87","39","74","191","250","285","C0009676"
"51360","2","3","3","26","35","276","91","433","203","C0009676"
"5396","2","3","3","19","221","321","428","541","667","C0009676"
"8289","2","3","12","19","31","1","426","55","78","C0009676"
"113878","2","3","7","41","124","143","428","236","667","C0009676"
"10939","2","3","2","48","170","50","119","444","593","C0009676"
"1758","2","5","7","53","51","342","454","573","492","C0009676"
"5077","2","3","3","19","221","321","428","541","667","C0009676"
"6690","2","5","7","68","51","119","395","549","674","C0009676"
"5449","2","3","3","19","221","321","428","541","667","C0009676"
"5243","2","3","12","41","116","268","423","536","445","C0009676"
"4141","2","3","2","110","85","237","433","547","154","C0009676"
"7248","2","3","2","48","57","110","141","359","462","C0009676"
"9517","2","3","2","50","47","39","100","321","638","C0009676"
"4519","2","3","2","48","170","50","119","508","312","C0009676"
"7136","2","5","8","63","45","23","103","464","187","C0009676"
"2294","2","3","3","19","221","321","428","541","667","C0009676"
"894","2","3","12","19","31","1","34","540","68","C0009676"
"5915","2","3","3","19","151","276","91","433","118","C0009676"
"190","2","3","3","19","151","276","91","433","118","C0009681"
"28956","2","5","7","34","52","216","395","359","462","C0009681"
"71","2","5","7","60","14","184","103","544","669","C0009681"
"5961","2","5","7","27","51","326","126","414","702","C0009681"
"22930","2","5","7","60","54","24","30","46","72","C0009714"
"23314","2","3","3","19","221","321","428","541","667","C0009714"
"6655","2","5","7","60","54","24","30","46","72","C0009714"
"2263","2","5","7","53","14","20","25","40","186","C0009714"
"3077","2","5","7","53","51","119","395","549","674","C0009714"
"6347","2","5","7","53","51","119","427","489","416","C0009714"
"1277","2","5","7","53","51","342","454","573","492","C0009714"
"3115","2","5","7","53","184","119","156","287","116","C0009714"
"51520","2","3","2","110","85","237","433","547","154","C0009714"
"23426","2","5","7","42","36","71","177","223","219","C0009782"
"3560","2","5","7","53","14","20","25","40","186","C0009782"
"472","2","3","12","19","31","261","116","1","86","C0009952"
"26278","2","3","12","41","116","268","347","271","356","C0009952"
"582","2","3","12","76","153","76","38","54","75","C0009952"
"7476","2","5","3","68","221","197","259","560","422","C0009952"
"58","2","5","8","63","45","23","103","464","187","C0009952"
"5894","2","5","7","60","54","23","34","464","187","C0009952"
"5940","2","3","2","22","33","323","66","101","136","C0009952"
"54888","2","3","2","110","85","152","129","252","154","C0009952"
"7428","2","3","12","41","116","268","434","468","213","C0009952"
"5888","2","3","12","19","31","261","116","1","86","C0009952"
"5307","2","3","3","19","221","321","428","541","667","C0009952"
"3549","2","5","3","53","51","197","259","560","422","C0009952"
"5443","2","5","4","68","96","326","427","548","672","C0009952"
"29851","2","5","7","53","14","20","25","40","186","C0009952"
"4015","2","5","7","53","51","342","454","573","492","C0010034"
"411","2","3","7","34","52","216","395","549","674","C0010034"
"4000","2","3","12","26","105","178","226","297","156","C0010034"
"51524","2","5","7","45","94","199","240","415","666","C0010036"
"5020","2","5","4","68","96","326","427","548","672","C0010036"
"5573","2","3","12","19","184","118","155","287","116","C0010036"
"3265","2","5","7","60","54","24","30","46","72","C0010036"
"2643","2","3","5","87","91","75","204","267","352","C0010036"
"8200","2","5","7","53","51","342","259","423","389","C0010036"
"5468","2","3","3","19","151","276","91","433","118","C0010036"
"10342","2","3","7","60","219","40","202","66","203","C0010036"
"2120","2","3","12","19","31","193","306","148","624","C0010036"
"2693","2","5","4","68","96","326","427","548","672","C0010036"
"5238","2","3","2","80","141","221","111","385","501","C0010036"
"4068","2","5","7","53","51","119","25","549","674","C0010036"
"26504","2","3","5","42","81","296","399","201","274","C0010036"
"8799","2","3","5","43","161","305","409","208","482","C0010043"
"16","2","3","2","110","85","237","433","547","154","C0010043"
"51119","2","3","2","110","85","237","433","547","671","C0010043"
"26040","2","3","12","19","31","1","116","297","78","C0010043"
"7369","2","5","7","53","51","119","395","549","674","C0010043"
"2255","2","5","7","53","14","20","25","40","186","C0010043"
"2153","2","5","7","53","51","342","454","573","492","C0010043"
"7051","2","1","6","11","142","225","142","220","298","C0010043"
"2720","2","3","7","34","52","216","395","21","599","C0010043"
"1297","2","5","7","53","51","342","454","573","492","C0010043"
"51259","2","3","2","76","153","40","38","54","75","C0010043"
"1440","2","5","7","53","51","119","25","489","416","C0010043"
"554","2","5","4","68","96","326","427","548","672","C0010043"
"1280","2","5","7","53","51","342","454","573","492","C0010043"
"6908","2","3","12","19","31","1","116","159","211","C0010043"
"8625","2","3","12","19","31","276","91","236","118","C0010051"
"5176","2","5","7","53","51","342","454","573","492","C0010051"
"25","2","3","12","19","14","20","25","287","116","C0010051"
"4851","2","3","12","19","221","143","428","236","667","C0010054"
"1031","2","3","12","19","31","1","426","55","78","C0010054"
"673","2","5","7","53","14","20","34","540","68","C0010054"
"7124","2","3","12","41","219","339","156","568","697","C0010054"
"2255","2","5","7","53","14","20","25","40","186","C0010054"
"2670","2","5","7","27","36","150","341","223","628","C0010054"
"4204","2","3","12","19","31","1","426","55","78","C0010068"
"1836","2","3","2","35","41","94","260","330","375","C0010068"
"4210","2","3","12","41","219","339","156","568","697","C0010068"
"9056","2","3","8","45","94","199","240","415","666","C0010068"
"5818","2","5","7","53","51","335","444","560","373","C0010068"
"1302","2","5","7","53","51","342","454","573","492","C0010068"
"3845","2","5","7","60","54","24","30","46","72","C0010068"
"54880","2","3","12","19","31","1","426","55","78","C0010068"
"4001","2","3","12","76","31","40","38","54","75","C0010068"
"50945","2","3","3","48","170","335","347","560","373","C0010068"
"55112","2","3","12","76","153","40","38","54","75","C0010068"
"3930","2","3","2","22","33","323","66","3","464","C0010068"
"7390","2","3","5","80","81","166","132","175","473","C0010068"
"6331","2","5","8","63","36","166","341","223","158","C0010068"
"5176","2","5","7","53","51","342","454","573","492","C0010068"
"1729","2","5","7","34","52","216","395","549","674","C0010068"
"51135","2","3","12","53","219","20","156","568","697","C0010072"
"6299","2","3","12","19","221","321","428","541","667","C0010072"
"5243","2","3","12","41","116","268","423","536","445","C0010073"
"7504","2","5","4","68","96","326","427","548","672","C0010073"
"7840","2","3","12","76","153","40","38","54","75","C0010073"
"7124","2","3","12","41","219","339","156","568","697","C0010200"
"846","2","5","4","68","96","326","427","548","672","C0010200"
"834","2","5","12","41","219","339","156","568","697","C0010200"
"1312","2","3","2","87","79","105","426","129","25","C0010200"
"2780","2","5","4","68","96","326","427","548","672","C0010200"
"23347","2","3","12","41","116","268","434","468","213","C0010200"
"333929","2","3","6","11","142","225","142","220","298","C0010200"
"5290","2","3","7","53","14","20","25","40","186","C0010200"
"3954","2","3","2","48","170","67","119","444","593","C0010200"
"5885","2","3","12","76","153","40","38","54","75","C0010200"
"7809","2","5","8","63","45","23","34","464","187","C0010200"
"23064","2","3","6","11","31","261","142","220","664","C0010200"
"50939","2","3","12","76","153","40","38","472","435","C0010200"
"6571","2","3","8","60","36","71","341","223","624","C0010200"
"3673","2","5","7","53","51","342","454","573","492","C0010200"
"148022","2","3","12","41","219","339","156","568","697","C0010200"
"5824","2","3","5","47","144","185","238","310","392","C0010200"
"3784","2","5","8","63","36","166","106","110","158","C0010200"
"1813","2","5","4","68","96","326","427","548","672","C0010200"
"7518","2","3","12","19","31","261","116","1","86","C0010200"
"5979","2","5","7","53","14","20","25","40","186","C0010200"
"1103","2","3","2","67","92","293","55","75","311","C0010200"
"815","2","5","7","53","14","20","34","540","68","C0010200"
"9663","2","3","5","80","81","296","51","488","102","C0010200"
"3880","2","1","6","11","142","225","142","220","298","C0010200"
"9241","2","5","7","53","51","342","259","423","389","C0010246"
"23746","2","3","12","41","83","101","126","271","356","C0010246"
"9149","2","5","7","53","14","20","34","540","68","C0010246"
"2697","2","3","7","76","153","40","38","54","75","C0010246"
"2072","2","3","12","19","31","261","116","1","86","C0010276"
"4210","2","3","12","41","219","339","156","568","697","C0010276"
"1499","2","3","12","19","221","197","259","560","422","C0010276"
"5376","2","5","7","53","51","342","454","573","492","C0010308"
"10020","2","3","2","89","124","204","42","452","258","C0010308"
"5159","2","5","7","53","14","20","25","40","186","C0010308"
"367","2","3","12","19","31","276","91","433","118","C0010308"
"3295","2","3","5","43","161","305","409","208","482","C0010308"
"3000","2","5","4","68","96","326","427","548","672","C0010308"
"445","2","3","2","84","97","167","210","278","360","C0010308"
"930","2","5","7","53","14","119","25","40","186","C0010308"
"23495","2","3","12","41","219","339","156","568","697","C0010308"
"1311","2","5","7","53","51","342","454","573","492","C0010308"
"51067","2","3","2","110","85","67","76","252","154","C0010308"
"54795","2","5","8","63","45","193","306","390","158","C0010308"
"5728","2","3","5","80","81","339","156","568","605","C0010308"
"25913","2","3","12","19","31","261","116","1","78","C0010308"
"8629","2","3","12","19","221","1","428","541","667","C0010314"
"5155","2","5","7","53","51","342","454","573","186","C0010314"
"58508","2","3","12","19","31","1","426","55","78","C0010314"
"2175","2","3","12","19","31","261","116","1","86","C0010324"
"5522","2","3","12","76","137","76","136","472","435","C0010324"
"54361","2","5","3","68","221","197","259","560","422","C0010481"
"4683","2","3","12","19","31","261","116","1","86","C0010481"
"55630","2","3","5","27","81","99","162","216","290","C0010481"
"5728","2","3","5","80","81","339","156","568","605","C0010495"
"5573","2","3","12","19","184","118","155","287","116","C0010495"
"5781","2","5","7","53","14","20","25","40","186","C0010495"
"1144","2","5","8","27","70","99","162","216","290","C0010495"
"23347","2","3","12","41","116","268","434","468","213","C0010495"
"3559","2","5","7","53","14","20","25","40","186","C0010495"
"10020","2","3","2","89","124","204","42","452","258","C0010495"
"10398","2","5","8","53","45","23","103","464","187","C0010495"
"9928","2","3","12","76","153","40","38","54","75","C0010495"
"11277","2","3","12","19","31","261","116","1","86","C0010495"
"6331","2","5","8","63","36","166","341","223","158","C0010495"
"213","2","5","7","53","51","342","454","573","492","C0010495"
"91252","2","5","4","68","96","326","427","548","672","C0010495"
"7227","2","3","12","19","31","276","91","433","118","C0010495"
"375790","2","5","7","53","51","342","454","573","492","C0010495"
"3440","2","3","12","19","184","118","155","287","116","C0010495"
"23545","2","3","5","29","88","132","85","222","346","C0010495"
"3670","2","3","2","110","85","237","433","547","671","C0010495"
"8260","2","3","12","41","85","266","76","287","78","C0010495"
"1280","2","5","7","53","51","342","454","573","492","C0010495"
"2488","2","5","4","68","96","326","427","548","672","C0010495"
"10371","2","5","7","53","51","342","79","560","373","C0010495"
"7473","2","5","3","68","221","197","259","560","422","C0010495"
"6899","2","5","7","53","184","335","259","560","373","C0010495"
"604","2","3","12","19","151","276","91","489","416","C0010520"
"8085","2","3","12","19","31","1","426","55","78","C0010520"
"324","2","3","12","41","219","197","70","255","422","C0010520"
"5290","2","3","7","53","14","20","25","40","186","C0010520"
"6338","2","5","8","63","45","23","34","464","187","C0010520"
"23095","2","3","7","76","153","40","38","54","75","C0010520"
"6905","2","3","12","76","153","40","38","54","75","C0010520"
"11277","2","3","12","19","31","261","116","1","86","C0010520"
"1291","2","5","7","53","51","342","454","573","492","C0010520"
"1312","2","3","2","87","79","105","426","129","25","C0010520"
"51422","2","3","2","48","57","110","141","359","462","C0010520"
"3835","2","3","12","76","153","40","38","54","75","C0010520"
"2776","2","5","4","68","96","326","427","548","672","C0010520"
"3077","2","5","7","53","51","119","395","549","674","C0010520"
"25974","2","3","7","48","51","105","139","186","245","C0010520"
"2260","2","5","7","53","14","20","25","40","186","C0010520"
"9150","2","3","12","19","31","261","116","159","211","C0010520"
"2743","2","5","8","27","70","99","162","216","290","C0010674"
"1292","2","5","7","53","51","342","454","573","492","C0010674"
"8893","2","3","2","110","85","237","433","547","671","C0010674"
"3383","2","5","7","53","51","119","454","287","116","C0010674"
"4914","2","3","2","22","18","266","202","252","252","C0010674"
"2187","2","3","12","19","31","261","116","1","86","C0010674"
"3313","2","3","2","48","170","50","304","167","593","C0010674"
"1281","2","5","7","53","51","342","454","573","492","C0010674"
"50617","2","3","5","29","88","100","125","168","223","C0010674"
"7099","2","5","7","41","219","339","156","568","697","C0010691"
"4638","2","5","7","53","45","23","103","464","187","C0010691"
"23247","2","3","12","76","153","71","34","540","68","C0010691"
"4842","2","3","5","63","45","71","177","464","219","C0010691"
"9719","2","5","7","53","51","342","454","573","492","C0010692"
"695","2","5","7","53","14","20","25","40","186","C0010692"
"6197","2","3","12","19","14","20","34","540","68","C0010692"
"6664","2","3","3","19","221","321","428","541","667","C0010692"
"10165","2","3","2","48","170","50","304","167","593","C0010701"
"4719","2","3","2","48","170","50","119","444","556","C0010701"
"54361","2","5","3","68","221","197","259","560","422","C0010701"
"27031","2","3","6","11","142","225","38","331","506","C0010701"
"1376","2","3","2","19","151","276","91","433","118","C0010701"
"27031","2","3","6","11","142","225","38","331","506","C0010930"
"5617","2","5","12","19","31","1","426","55","78","C0010930"
"4041","2","5","3","68","221","197","259","560","422","C0010930"
"2068","2","3","12","19","31","261","116","159","211","C0010930"
"5932","2","3","12","19","31","261","116","1","86","C0010964"
"1544","2","3","5","91","214","271","372","471","586","C0010964"
"658","2","5","7","53","51","342","259","423","389","C0010964"
"4000","2","3","12","26","105","178","226","297","156","C0010964"
"54585","2","3","12","76","153","76","38","54","75","C0010964"
"84197","2","5","2","53","14","20","25","215","186","C0010964"
"26580","2","5","8","27","70","99","162","216","290","C0010964"
"6567","2","5","8","35","41","77","40","57","80","C0010964"
"3850","2","1","6","11","142","225","142","220","298","C0010964"
"2131","2","3","2","74","58","112","148","181","416","C0010964"
"1280","2","5","7","53","51","342","454","573","492","C0010964"
"5116","2","3","12","76","153","40","38","54","75","C0010964"
"5828","2","3","5","43","161","305","409","208","482","C0010964"
"7355","2","3","2","78","206","324","430","429","544","C0010964"
"6422","2","5","3","68","221","197","259","560","422","C0010964"
"3383","2","5","7","53","51","119","454","287","116","C0010964"
"4210","2","3","12","41","219","339","156","568","697","C0010964"
"10060","2","3","8","41","45","23","423","464","445","C0010964"
"5395","2","3","12","19","31","261","116","1","86","C0010964"
"26229","2","3","2","74","205","191","396","408","257","C0010964"
"6622","2","3","7","27","36","150","341","223","628","C0010964"
"3516","2","3","12","19","31","143","428","236","667","C0010964"
"3383","2","5","7","53","51","119","454","287","116","C0010964"
"2313","2","3","12","19","31","276","91","433","118","C0010964"
"930","2","5","7","53","14","119","25","40","186","C0010964"
"6335","2","5","8","63","36","166","341","390","158","C0010964"
"1292","2","5","7","53","51","342","454","573","492","C0010964"
"5925","2","3","12","19","31","1","426","55","78","C0010964"
"9940","2","3","5","68","221","321","428","447","586","C0010964"
"207","2","3","7","53","14","20","34","489","416","C0010964"
"4160","2","5","4","68","96","326","427","548","672","C0011071"
"207","2","3","7","53","14","20","34","489","416","C0011071"
"3861","2","1","6","11","142","225","142","220","298","C0011071"
"4512","2","3","2","48","170","110","141","359","8","C0011071"
"51259","2","3","2","76","153","40","38","54","75","C0011071"
"6392","2","3","2","48","170","50","119","444","556","C0011071"
"2255","2","5","7","53","14","20","25","40","186","C0011071"
"2254","2","5","7","53","14","20","25","40","186","C0011071"
"6154","2","3","2","110","85","237","433","547","671","C0011071"
"4722","2","3","2","48","170","50","119","444","556","C0011071"
"6016","2","5","7","60","54","24","30","46","72","C0011071"
"11005","2","1","6","11","142","225","142","220","298","C0011071"
"1917","2","3","12","41","219","339","347","572","658","C0011071"
"1717","2","3","2","19","151","276","48","69","204","C0011071"
"4598","2","3","2","19","151","276","198","259","427","C0011071"
"2733","2","3","2","22","33","323","66","101","664","C0011071"
"3123","2","5","7","53","51","119","156","287","116","C0011071"
"3704","2","3","5","80","195","300","308","15","633","C0011195"
"5327","2","5","7","53","51","342","454","573","492","C0011195"
"5530","2","3","4","63","45","23","402","518","621","C0011195"
"4920","2","5","7","53","14","20","259","560","373","C0011195"
"6997","2","5","3","53","221","321","259","423","389","C0011195"
"4282","2","5","7","34","52","216","395","549","674","C0011206"
"54453","2","5","7","60","54","24","30","46","72","C0011206"
"1277","2","5","7","53","51","342","454","573","492","C0011206"
"2263","2","5","7","53","14","20","25","40","186","C0011206"
"2071","2","3","12","19","31","261","116","159","211","C0011206"
"1026","2","3","12","19","31","1","116","489","416","C0011206"
"10815","2","5","7","60","36","71","341","223","666","C0011206"
"4509","2","3","2","48","170","50","119","444","556","C0011206"
"1298","2","5","7","53","51","342","454","573","492","C0011206"
"7681","2","3","12","41","116","268","434","468","213","C0011206"
"10683","2","5","7","53","51","143","428","560","667","C0011253"
"658","2","5","7","53","51","342","259","423","389","C0011253"
"4724","2","3","2","48","170","50","119","444","556","C0011253"
"2146","2","3","12","19","31","1","426","55","78","C0011253"
"9187","2","5","8","45","94","199","240","415","666","C0011253"
"1406","2","3","3","19","221","321","428","541","667","C0011253"
"2304","2","3","12","19","221","321","428","541","667","C0011253"
"5982","2","3","12","19","31","261","116","1","86","C0011253"
"3913","2","5","7","53","51","342","454","573","492","C0011253"
"5888","2","3","12","19","31","261","116","1","86","C0011253"
"6855","2","5","7","27","36","150","341","223","628","C0011253"
"4282","2","5","7","34","52","216","395","549","674","C0011303"
"1760","2","5","8","63","14","20","34","540","68","C0011303"
"7415","2","3","7","34","52","216","395","536","445","C0011303"
"51259","2","3","2","76","153","40","38","54","75","C0011303"
"4535","2","3","2","48","170","50","119","444","556","C0011303"
"4292","2","3","12","19","31","261","116","1","86","C0011303"
"26058","2","3","2","22","33","110","118","543","214","C0011303"
"23363","2","3","12","41","116","268","434","468","213","C0011436"
"1499","2","3","12","19","221","197","259","560","422","C0011436"
"6154","2","3","2","110","85","237","433","547","671","C0011436"
"6392","2","3","2","48","170","50","119","444","556","C0011436"
"6657","2","3","12","19","221","321","428","541","667","C0011436"
"11285","2","3","2","74","205","191","396","408","620","C0011573"
"5328","2","5","7","34","52","216","395","549","674","C0011573"
"5176","2","5","7","53","51","342","454","573","492","C0011573"
"4593","2","5","7","53","14","20","454","573","492","C0011573"
"2720","2","3","7","34","52","216","395","21","599","C0011573"
"2969","2","3","12","19","31","276","91","433","118","C0011603"
"4023","2","3","5","24","51","342","91","20","27","C0011603"
"60675","2","5","4","68","96","326","427","548","672","C0011603"
"3211","2","3","3","19","221","321","428","541","667","C0011603"
"1030","2","3","12","19","31","1","426","55","78","C0011603"
"5125","2","5","6","11","51","225","142","220","298","C0011603"
"1123","2","5","7","60","54","24","30","46","72","C0011603"
"919","2","5","7","53","14","119","25","40","186","C0011603"
"4000","2","3","12","26","105","178","226","297","156","C0011606"
"8085","2","3","12","19","31","1","426","55","78","C0011606"
"339896","2","3","2","101","62","189","182","509","409","C0011606"
"6736","2","3","12","19","31","276","91","433","667","C0011606"
"552","2","5","4","68","96","326","427","548","672","C0011606"
"6909","2","5","7","53","51","335","444","560","373","C0011606"
"5770","2","5","7","53","14","20","25","40","186","C0011606"
"2200","2","5","7","53","51","342","454","573","492","C0011606"
"2099","2","3","12","19","151","276","91","433","118","C0011606"
"959","2","5","7","53","51","119","395","549","674","C0011606"
"11020","2","5","7","60","54","24","30","46","72","C0011606"
"7293","2","3","12","41","219","339","156","568","697","C0011606"
"9611","2","3","12","19","151","276","91","433","118","C0011606"
"5950","2","5","7","53","51","101","126","170","224","C0011606"
"9949","2","3","2","22","33","225","142","220","298","C0011606"
"5193","2","3","5","43","161","305","409","208","482","C0011606"
"6323","2","5","8","63","36","166","341","390","158","C0011606"
"51004","2","3","5","48","74","135","171","227","63","C0011606"
"6314","2","3","12","19","31","1","426","568","78","C0011606"
"10269","2","3","2","48","182","50","119","444","556","C0011606"
"2539","2","3","2","48","57","110","141","359","383","C0011606"
"582","2","3","12","76","153","76","38","54","75","C0011606"
"7040","2","5","7","53","51","342","454","573","492","C0011606"
"3559","2","5","7","53","14","20","25","40","186","C0011606"
"342371","2","3","6","22","142","225","366","362","468","C0011609"
"4070","2","5","6","42","36","71","177","64","219","C0011609"
"4281","2","5","7","53","184","119","156","287","116","C0011609"
"5116","2","3","12","76","153","40","38","54","75","C0011609"
"113278","2","3","5","38","190","304","408","517","637","C0011609"
"51308","2","2","1","9","15","21","28","42","62","C0011609"
"24","2","3","12","41","116","268","423","536","445","C0011609"
"2516","2","3","3","19","151","276","91","433","118","C0011609"
"7424","2","5","7","53","51","342","454","573","702","C0011609"
"10102","2","3","2","48","182","67","76","463","153","C0011609"
"4536","2","3","2","48","170","50","119","444","556","C0011609"
"1280","2","5","7","53","51","342","454","573","492","C0011609"
"2022","2","5","7","53","51","342","259","423","389","C0011609"
"4041","2","5","3","68","221","197","259","560","422","C0011609"
"1294","2","5","7","53","51","342","454","573","492","C0011609"
"3481","2","5","7","53","51","342","454","573","492","C0011609"
"2516","2","3","3","19","151","276","91","433","118","C0011609"
"593","2","3","2","67","92","293","55","75","311","C0011609"
"54757","2","5","7","53","51","342","454","573","492","C0011633"
"27130","2","3","12","48","45","143","38","236","69","C0011633"
"699","2","3","12","76","153","40","38","54","75","C0011633"
"1387","2","3","12","19","31","276","91","433","118","C0011633"
"9499","2","5","7","53","51","23","103","464","187","C0011633"
"3507","2","5","7","53","51","119","395","549","674","C0011633"
"5830","2","3","5","43","161","305","409","208","482","C0011644"
"51259","2","3","2","76","153","40","38","54","75","C0011644"
"3766","2","5","8","63","36","166","106","110","158","C0011644"
"5159","2","5","7","53","14","20","25","40","186","C0011644"
"6336","2","5","8","63","36","166","341","390","158","C0011644"
"6663","2","3","3","19","221","321","428","541","667","C0011644"
"2495","2","3","7","34","52","216","395","274","358","C0011644"
"2263","2","5","7","53","14","20","25","40","186","C0011813"
"1161","2","3","12","41","116","268","434","468","213","C0011813"
"2720","2","3","7","34","52","216","395","21","599","C0011813"
"5396","2","3","3","19","221","321","428","541","667","C0011818"
"64240","2","3","5","47","144","185","238","310","392","C0011818"
"8036","2","5","7","60","54","296","399","359","658","C0011818"
"1832","2","5","7","34","52","225","142","220","298","C0011848"
"8905","2","5","7","60","153","184","341","544","669","C0011848"
"7507","2","3","12","19","31","261","116","1","86","C0011848"
"338","2","5","7","53","51","342","454","573","492","C0011848"
"2177","2","3","2","110","90","261","431","545","443","C0011848"
"4000","2","3","12","26","105","178","226","297","156","C0011848"
"221895","2","3","12","19","31","1","426","55","78","C0011848"
"5506","2","3","12","76","137","76","136","82","658","C0011848"
"1836","2","3","2","35","41","94","260","330","375","C0011848"
"7099","2","5","7","41","219","339","156","568","697","C0011848"
"5663","2","5","7","34","52","216","395","549","667","C0011859"
"9401","2","3","12","76","31","261","116","1","86","C0011859"
"5566","2","3","12","76","14","20","34","540","75","C0011859"
"860","2","3","12","19","31","276","91","433","118","C0011859"
"1848","2","3","5","42","81","296","399","201","274","C0011859"
"2982","2","3","4","68","96","326","427","548","672","C0011875"
"1003","2","5","7","53","51","335","444","560","373","C0011875"
"5314","2","3","12","76","153","40","38","54","75","C0011875"
"644096","2","3","2","48","170","50","119","167","556","C0011875"
"1287","2","5","2","53","51","342","454","573","492","C0011875"
"4598","2","3","2","19","151","276","198","259","427","C0011875"
"4535","2","3","2","48","170","50","119","444","556","C0011875"
"7042","2","5","7","53","51","342","454","573","492","C0011875"
"7048","2","5","7","53","51","342","259","423","389","C0011875"
"3691","2","5","7","53","51","342","454","573","492","C0011875"
"8626","2","3","3","19","221","321","428","541","667","C0011875"
"7518","2","3","12","19","31","261","116","1","86","C0011875"
"4709","2","3","2","48","170","50","119","444","556","C0011875"
"4597","2","3","3","72","151","276","91","433","118","C0011875"
"51651","2","3","12","41","219","339","156","568","605","C0011875"
"26580","2","5","8","27","70","99","162","216","290","C0011875"
"11155","2","5","7","63","45","23","103","464","187","C0011880"
"51103","2","3","2","48","170","50","119","444","556","C0011880"
"29949","2","5","7","53","51","119","25","40","186","C0011882"
"54361","2","5","3","68","221","197","259","560","422","C0011882"
"1134","2","5","8","27","70","99","162","216","290","C0011882"
"4647","2","5","7","60","83","101","126","170","224","C0011882"
"842","2","3","12","41","219","339","156","568","697","C0011882"
"3145","2","3","5","80","81","166","132","175","473","C0011882"
"5034","2","5","7","53","51","342","454","573","492","C0011882"
"26608","2","3","2","22","170","50","119","463","153","C0011882"
"1583","2","3","5","79","152","273","375","100","589","C0011882"
"229","2","3","2","90","167","266","367","500","577","C0011882"
"1373","2","3","8","84","97","167","210","271","536","C0011882"
"4247","2","3","2","68","67","320","98","180","279","C0011882"
"10491","2","5","7","53","51","342","454","573","492","C0011882"
"1289","2","5","7","53","51","342","454","573","492","C0011882"
"1186","2","5","8","63","45","23","34","464","187","C0011884"
"7809","2","5","8","63","45","23","34","464","187","C0011884"
"4000","2","3","12","26","105","178","226","297","156","C0011884"
"1909","2","5","4","68","96","326","427","548","672","C0011884"
"3588","2","5","7","53","51","119","25","40","186","C0011884"
"9241","2","5","7","53","51","342","259","423","389","C0011884"
"5805","2","3","2","43","91","75","204","267","352","C0011884"
"8626","2","3","3","19","221","321","428","541","667","C0011884"
"27031","2","3","6","11","142","225","38","331","506","C0011884"
"7200","2","5","4","68","96","326","427","548","672","C0011884"
"4784","2","3","2","22","33","261","116","159","211","C0011884"
"3248","2","3","2","69","83","133","167","224","301","C0011981"
"1893","2","5","7","53","51","342","454","573","702","C0011981"
"2296","2","3","3","19","221","321","428","541","667","C0011981"
"7157","2","3","12","19","31","261","402","489","551","C0011981"
"2261","2","5","7","53","14","20","25","40","186","C0011989"
"6662","2","3","3","19","221","321","428","541","667","C0011989"
"22930","2","5","7","60","54","24","30","46","72","C0011989"
"8517","2","3","12","41","219","339","156","568","697","C0011989"
"3559","2","5","7","53","14","20","25","40","186","C0011989"
"3576","2","5","4","68","96","326","427","548","672","C0011993"
"5243","2","3","12","41","116","268","423","536","445","C0011993"
"2719","2","5","7","53","51","342","454","573","492","C0011993"
"5194","2","3","5","43","161","305","409","208","482","C0011998"
"5993","2","3","12","19","31","1","426","55","78","C0011998"
"1471","2","5","7","34","52","216","395","549","492","C0011998"
"23261","2","5","7","27","36","150","341","223","628","C0011998"
"118429","2","5","8","53","51","197","454","540","422","C0012236"
"3043","2","5","7","34","52","216","395","549","116","C0012236"
"2068","2","3","12","19","31","261","116","159","211","C0012236"
"2260","2","5","7","53","14","20","25","40","186","C0012236"
"9820","2","3","12","41","116","268","434","468","213","C0012236"
"9742","2","3","12","76","153","40","38","54","75","C0012236"
"6794","2","3","12","53","14","20","34","540","68","C0012236"
"100","2","3","5","33","21","47","56","80","199","C0012236"
"710","2","5","7","53","51","342","454","573","702","C0012236"
"338","2","5","7","53","51","342","454","573","492","C0012236"
"4763","2","5","7","60","54","24","30","46","214","C0012236"
"6718","2","3","2","46","136","227","168","225","490","C0012243"
"5913","2","5","7","27","36","71","341","223","219","C0012243"
"4041","2","5","3","68","221","197","259","560","422","C0012569"
"3930","2","3","2","22","33","323","66","3","464","C0012569"
"2512","2","3","7","34","52","216","395","544","358","C0012569"
"58495","2","5","3","19","221","321","259","560","422","C0012569"
"26278","2","3","12","41","116","268","347","271","356","C0012569"
"2629","2","3","5","80","81","250","291","152","420","C0012569"
"51702","2","3","12","19","31","1","426","55","78","C0012569"
"3918","2","5","7","53","51","342","454","573","492","C0012569"
"4668","2","3","5","21","111","188","242","313","396","C0012715"
"2260","2","5","7","53","14","20","25","40","186","C0012715"
"6016","2","5","7","60","54","24","30","46","72","C0012715"
"6392","2","3","2","48","170","50","119","444","556","C0012715"
"4598","2","3","2","19","151","276","198","259","427","C0012715"
"652","2","5","7","53","51","342","454","573","492","C0012739"
"8675","2","5","7","60","54","24","98","66","203","C0012739"
"10269","2","3","2","48","182","50","119","444","556","C0012739"
"6718","2","3","2","46","136","227","168","225","490","C0012739"
"6567","2","5","8","35","41","77","40","57","80","C0012739"
"24","2","3","12","41","116","268","423","536","445","C0012739"
"11005","2","1","6","11","142","225","142","220","298","C0012739"
"6497","2","5","3","19","221","342","259","423","389","C0012739"
"5075","2","3","3","19","221","321","428","541","667","C0012739"
"4613","2","3","12","19","31","1","426","55","78","C0012811"
"23426","2","5","7","42","36","71","177","223","219","C0012811"
"8517","2","3","12","41","219","339","156","568","697","C0012811"
"23462","2","3","12","19","31","143","428","236","667","C0012811"
"6324","2","5","7","63","36","166","341","223","158","C0012811"
"2245","2","5","7","60","54","24","30","46","72","C0012811"
"1947","2","5","7","53","51","20","25","560","373","C0012811"
"23261","2","5","7","27","36","150","341","223","628","C0012811"
"51527","2","3","7","60","58","112","148","362","263","C0012811"
"582","2","3","12","76","153","76","38","54","75","C0012811"
"27249","2","3","2","48","182","50","119","186","245","C0012811"
"5994","2","3","12","19","31","276","91","491","118","C0012811"
"5422","2","3","12","19","31","261","116","1","86","C0012811"
"3691","2","5","7","53","51","342","454","573","492","C0012811"
"22930","2","5","7","60","54","24","30","46","72","C0012811"
"7466","2","5","7","53","51","342","454","573","492","C0012819"
"5631","2","3","2","72","119","109","266","336","452","C0012819"
"1967","2","3","2","110","85","237","433","547","671","C0012819"
"203068","2","3","7","34","52","216","38","54","75","C0012819"
"50943","2","3","12","19","31","1","426","129","131","C0012819"
"26119","2","5","7","60","14","184","341","544","669","C0012819"
"6347","2","5","7","53","51","119","427","489","416","C0012819"
"3954","2","3","2","48","170","67","119","444","593","C0012819"
"1121","2","5","7","60","54","24","30","46","72","C0012819"
"498","2","3","2","48","170","50","304","167","593","C0012819"
"100","2","3","5","33","21","47","56","80","199","C0012819"
"7157","2","3","12","19","31","261","402","489","551","C0012819"
"9415","2","3","5","26","46","88","108","150","125","C0012819"
"1641","2","5","7","60","221","321","428","560","373","C0012819"
"19","2","3","3","19","151","276","91","433","118","C0012819"
"4552","2","3","7","48","81","105","139","186","245","C0012833"
"7015","2","3","12","19","31","1","426","55","78","C0012833"
"5896","2","3","12","41","116","268","434","568","605","C0012833"
"7454","2","5","7","60","14","20","25","40","215","C0012833"
"5290","2","3","7","53","14","20","25","40","186","C0012833"
"3690","2","5","7","53","51","342","454","573","492","C0012833"
"6121","2","3","2","69","83","101","126","170","224","C0012833"
"2303","2","5","3","19","221","321","428","541","667","C0012833"
"3887","2","1","6","11","142","225","142","220","298","C0012833"
"2263","2","5","7","53","14","20","25","40","186","C0012833"
"2316","2","5","7","53","51","342","454","573","702","C0012833"
"2263","2","5","7","53","14","20","25","40","186","C0012833"
"5447","2","3","5","91","214","271","372","471","586","C0012833"
"2697","2","3","7","76","153","40","38","54","75","C0012833"
"8642","2","5","7","53","51","335","444","560","373","C0012833"
"6154","2","3","2","110","85","237","433","547","671","C0012833"
"5604","2","5","7","53","14","20","34","540","68","C0012833"
"11113","2","5","7","53","14","20","34","540","68","C0012833"
"3973","2","5","4","68","96","326","427","548","672","C0012833"
"717","2","5","7","53","51","119","395","549","674","C0012833"
"773","2","5","8","27","36","166","341","223","628","C0012833"
"26146","2","3","12","76","153","40","38","54","75","C0012833"
"3674","2","5","7","53","51","342","454","573","492","C0012833"
"2055","2","3","2","27","36","150","402","223","628","C0012833"
"5663","2","5","7","34","52","216","395","549","667","C0012833"
"2022","2","5","7","53","51","342","259","423","389","C0012833"
"3929","2","5","7","53","51","119","25","489","416","C0012833"
"1387","2","3","12","19","31","276","91","433","118","C0012833"
"4720","2","3","2","48","170","50","119","444","556","C0013069"
"100","2","3","5","33","21","47","56","80","199","C0013069"
"2200","2","5","7","53","51","342","454","573","492","C0013069"
"54888","2","3","2","110","85","152","129","252","154","C0013069"
"5149","2","3","5","68","38","16","477","596","725","C0013069"
"4214","2","3","12","41","219","339","34","540","117","C0013069"
"4853","2","3","12","19","124","143","428","236","667","C0013069"
"2813","2","5","5","27","51","335","444","560","373","C0013069"
"2317","2","5","7","63","45","23","103","287","664","C0013069"
"22926","2","3","12","19","31","276","91","433","118","C0013080"
"7476","2","5","3","68","221","197","259","560","422","C0013080"
"4758","2","3","7","34","52","216","395","549","517","C0013080"
"3172","2","3","3","19","151","276","91","433","118","C0013080"
"2488","2","5","4","68","96","326","427","548","672","C0013080"
"7048","2","5","7","53","51","342","259","423","389","C0013080"
"5781","2","5","7","53","14","20","25","40","186","C0013080"
"7253","2","5","4","68","96","326","427","548","672","C0013080"
"25836","2","3","12","76","153","40","38","54","75","C0013080"
"5105","2","3","3","67","151","276","91","433","118","C0013080"
"5580","2","5","7","34","52","216","395","287","116","C0013080"
"4684","2","5","7","53","51","335","444","560","373","C0013080"
"51360","2","3","3","26","35","276","91","433","203","C0013080"
"26229","2","3","2","74","205","191","396","408","257","C0013080"
"10019","2","5","7","53","14","20","25","40","116","C0013132"
"4539","2","3","2","53","184","86","107","560","195","C0013132"
"1139","2","5","8","27","70","99","162","216","290","C0013132"
"2078","2","3","12","19","31","276","91","148","624","C0013132"
"6948","2","5","7","48","51","105","139","186","245","C0013132"
"183","2","5","4","68","96","326","427","548","672","C0013132"
"6948","2","5","7","48","51","105","139","186","245","C0013132"
"2796","2","5","4","68","96","326","427","548","672","C0013132"
"2147","2","5","7","68","51","342","454","573","492","C0013132"
"4690","2","5","7","60","14","20","25","40","215","C0013132"
"84062","2","5","7","60","18","184","341","544","669","C0013132"
"7389","2","3","2","17","24","51","132","210","123","C0013132"
"23503","2","3","6","11","142","225","142","220","298","C0013132"
"5604","2","5","7","53","14","20","34","540","68","C0013132"
"9445","2","3","12","19","31","1","426","55","78","C0013132"
"249","2","3","5","27","51","335","444","560","373","C0013132"
"37","2","3","2","110","105","178","226","297","380","C0013132"
"2316","2","5","7","53","51","342","454","573","702","C0013132"
"7132","2","3","12","41","219","339","156","568","697","C0013132"
"2260","2","5","7","53","14","20","25","40","186","C0013132"
"6792","2","5","7","53","14","20","34","540","68","C0013132"
"5617","2","5","12","19","31","1","426","55","78","C0013132"
"7456","2","5","7","60","14","20","25","40","215","C0013132"
"1584","2","3","5","79","159","256","276","353","456","C0013132"
"1063","2","3","12","76","153","40","38","54","75","C0013132"
"3848","2","5","7","34","52","225","142","220","298","C0013132"
"5293","2","3","7","53","14","20","25","40","186","C0013132"
"1280","2","5","7","53","51","342","454","573","492","C0013144"
"23493","2","3","12","19","221","143","428","236","667","C0013144"
"1493","2","5","7","53","51","119","25","40","186","C0013144"
"9289","2","5","4","68","96","326","427","548","672","C0013144"
"6299","2","3","12","19","221","321","428","541","667","C0013144"
"3043","2","5","7","34","52","216","395","549","116","C0013144"
"3543","2","5","7","53","51","119","395","549","674","C0013144"
"4846","2","3","5","41","219","75","243","44","64","C0013238"
"720","2","5","7","53","51","342","454","573","492","C0013238"
"25923","2","3","2","48","184","50","119","444","116","C0013238"
"6913","2","3","3","19","221","321","428","541","667","C0013238"
"51524","2","5","7","45","94","199","240","415","666","C0013238"
"9081","2","5","5","68","184","118","155","447","586","C0013238"
"1029","2","3","12","19","31","1","116","1","664","C0013238"
"7048","2","5","7","53","51","342","259","423","389","C0013238"
"5824","2","3","5","47","144","185","238","310","392","C0013261"
"1302","2","5","7","53","51","342","454","573","492","C0013261"
"1312","2","3","2","87","79","105","426","129","25","C0013261"
"1436","2","5","7","53","14","20","25","40","186","C0013261"
"6833","2","5","8","45","36","166","240","415","666","C0013261"
"8622","2","3","4","68","96","326","427","548","672","C0013261"
"6648","2","3","2","95","151","160","378","173","229","C0013264"
"1947","2","5","7","53","51","20","25","560","373","C0013264"
"64902","2","3","8","67","94","199","240","415","666","C0013264"
"4784","2","3","2","22","33","261","116","159","211","C0013264"
"23522","2","3","12","19","31","1","426","55","78","C0013264"
"5913","2","5","7","27","36","71","341","223","219","C0013264"
"2316","2","5","7","53","51","342","454","573","702","C0013264"
"10913","2","3","12","41","219","339","156","568","697","C0013295"
"3565","2","5","7","53","51","119","25","489","416","C0013295"
"1187","2","5","8","63","45","23","34","464","187","C0013295"
"139189","2","3","2","63","30","193","306","390","158","C0013295"
"2316","2","5","7","53","51","342","454","573","702","C0013295"
"3313","2","3","2","48","170","50","304","167","593","C0013295"
"6635","2","3","2","22","33","323","66","101","136","C0013295"
"2033","2","3","12","19","31","1","91","433","118","C0013338"
"2770","2","5","4","68","96","326","427","548","672","C0013338"
"5189","2","3","5","43","161","305","409","208","482","C0013338"
"26119","2","5","7","60","14","184","341","544","669","C0013338"
"5077","2","3","3","19","221","321","428","541","667","C0013363"
"6789","2","3","7","53","14","20","34","540","68","C0013363"
"8443","2","3","5","43","161","305","409","208","482","C0013363"
"2494","2","3","3","19","151","276","91","433","118","C0013363"
"2969","2","3","12","19","31","276","91","433","118","C0013363"
"5573","2","3","12","19","184","118","155","287","116","C0013363"
"8643","2","5","3","68","221","197","259","560","422","C0013363"
"931","2","5","7","53","14","119","156","287","116","C0013363"
"2629","2","3","5","80","81","250","291","152","420","C0013363"
"1586","2","3","5","79","98","256","335","425","540","C0013363"
"7476","2","5","3","68","221","197","259","560","422","C0013363"
"8200","2","5","7","53","51","342","259","423","389","C0013363"
"4204","2","3","12","19","31","1","426","55","78","C0013363"
"10059","2","3","2","48","170","50","304","167","304","C0013363"
"6326","2","5","8","63","36","166","341","390","158","C0013363"
"57560","2","3","12","76","153","40","38","54","75","C0013363"
"1141","2","5","8","27","70","99","162","216","290","C0013363"
"648","2","3","12","19","31","1","426","55","78","C0013363"
"51604","2","3","2","61","77","142","176","235","317","C0013363"
"22931","2","5","7","34","54","24","30","46","72","C0013363"
"8517","2","3","12","41","219","339","156","568","697","C0013374"
"55505","2","3","2","110","85","237","433","547","671","C0013374"
"3981","2","3","12","19","31","261","116","1","86","C0013374"
"2671","2","3","2","48","170","50","304","167","593","C0013374"
"10982","2","3","12","76","153","40","38","54","75","C0013377"
"1548","2","3","5","91","214","226","326","447","586","C0013377"
"8481","2","3","12","76","153","40","38","54","75","C0013377"
"345","2","5","7","53","51","342","454","573","492","C0013377"
"1293","2","5","7","53","51","342","454","573","492","C0013377"
"5468","2","3","3","19","151","276","91","433","118","C0013377"
"6608","2","3","3","68","221","321","428","560","667","C0013377"
"5447","2","3","5","91","214","271","372","471","586","C0013384"
"5071","2","3","12","41","116","268","434","468","213","C0013384"
"54808","2","3","12","76","153","40","38","54","75","C0013384"
"27245","2","3","6","22","142","225","366","362","468","C0013384"
"3785","2","5","8","63","36","166","106","110","158","C0013384"
"1906","2","5","4","68","96","326","427","548","672","C0013384"
"4625","2","3","8","63","45","23","103","464","187","C0013384"
"3239","2","3","3","19","221","321","428","541","667","C0013384"
"23363","2","3","12","41","116","268","434","468","213","C0013384"
"94","2","5","7","53","51","342","259","423","389","C0013384"
"9782","2","3","2","22","33","323","66","101","136","C0013384"
"7415","2","3","7","34","52","216","395","536","445","C0013384"
"7421","2","3","3","19","151","276","91","433","118","C0013384"
"1289","2","5","7","53","51","342","454","573","492","C0013384"
"8450","2","3","12","41","116","268","434","468","213","C0013384"
"1482","2","3","3","19","221","321","428","541","667","C0013384"
"6608","2","3","3","68","221","321","428","560","667","C0013386"
"3777","2","5","8","63","36","166","106","110","158","C0013386"
"7547","2","3","3","19","221","321","428","541","667","C0013386"
"6229","2","3","2","110","85","237","433","547","671","C0013386"
"7297","2","5","7","53","184","119","25","40","186","C0013386"
"9915","2","3","3","27","151","276","91","433","118","C0013386"
"28982","2","3","5","25","44","165","101","274","358","C0013386"
"25915","2","3","2","48","170","50","119","444","556","C0013386"
"2677","2","5","7","53","51","342","454","573","492","C0013386"
"1717","2","3","2","19","151","276","48","69","204","C0013386"
"2798","2","5","4","68","96","326","427","548","672","C0013386"
"7353","2","3","12","41","219","339","156","568","605","C0013386"
"6557","2","5","8","45","94","199","240","415","666","C0013386"
"1487","2","3","12","19","31","1","426","55","340","C0013386"
"5443","2","5","4","68","96","326","427","548","672","C0013386"
"54658","2","3","2","78","205","207","67","355","138","C0013390"
"1758","2","5","7","53","51","342","454","573","492","C0013390"
"5728","2","3","5","80","81","339","156","568","605","C0013390"
"6934","2","3","12","19","31","1","428","541","667","C0013390"
"2623","2","3","12","19","31","1","155","287","116","C0013390"
"6949","2","3","2","110","85","237","164","390","311","C0013405"
"5873","2","5","7","34","54","24","30","46","72","C0013405"
"9499","2","5","7","53","51","23","103","464","187","C0013405"
"4867","2","5","7","76","153","40","38","54","75","C0013405"
"2043","2","5","7","53","14","20","25","560","373","C0013405"
"4129","2","3","5","63","63","120","197","203","350","C0013405"
"178","2","3","7","34","52","216","395","549","674","C0013405"
"3975","2","3","3","19","221","321","428","541","667","C0013405"
"348","2","5","7","53","51","342","454","573","492","C0013405"
"8050","2","3","2","67","92","293","55","75","311","C0013405"
"8842","2","5","5","53","82","147","184","179","328","C0013405"
"1636","2","3","5","80","81","166","397","418","568","C0013405"
"338","2","5","7","53","51","342","454","573","492","C0013405"
"4942","2","3","2","67","94","199","182","509","666","C0013415"
"3119","2","5","7","53","153","119","156","287","116","C0013415"
"8626","2","3","3","19","221","321","428","541","667","C0013415"
"5290","2","3","7","53","14","20","25","40","186","C0013415"
"3630","2","5","7","53","14","20","25","40","186","C0013415"
"5327","2","5","7","53","51","342","454","573","492","C0013415"
"8626","2","3","3","19","221","321","428","541","667","C0013423"
"4513","2","3","2","48","170","110","141","359","532","C0013423"
"3783","2","5","8","63","36","166","106","110","158","C0013423"
"29123","2","3","12","19","151","276","91","433","118","C0013423"
"6390","2","3","2","48","170","50","119","444","556","C0013423"
"4982","2","5","12","41","219","339","156","568","697","C0013428"
"3949","2","5","7","60","14","184","341","544","669","C0013428"
"51259","2","3","2","76","153","40","38","54","75","C0013502"
"8820","2","3","3","19","221","321","428","541","667","C0013502"
"285203","2","5","5","68","51","342","448","85","595","C0013502"
"1146","2","5","8","27","70","99","162","216","290","C0013528"
"51259","2","3","2","76","153","40","38","54","75","C0013528"
"9968","2","4","3","24","119","330","214","454","144","C0013528"
"2261","2","5","7","53","14","20","25","40","186","C0013528"
"1174","2","5","7","60","153","184","341","544","669","C0013528"
"7175","2","3","12","22","33","323","66","101","664","C0013528"
"2068","2","3","12","19","31","261","116","159","211","C0013528"
"11274","2","3","12","41","219","339","156","568","605","C0013528"
"7439","2","5","8","63","45","23","34","464","187","C0013528"
"3758","2","5","8","63","36","166","106","110","158","C0013575"
"1717","2","3","2","19","151","276","48","69","204","C0013575"
"10280","2","3","2","110","85","52","57","86","119","C0013575"
"6622","2","3","7","27","36","150","341","223","628","C0013575"
"10683","2","5","7","53","51","143","428","560","667","C0013575"
"5447","2","3","5","91","214","271","372","471","586","C0013575"
"3930","2","3","2","22","33","323","66","3","464","C0013575"
"10686","2","5","6","42","36","71","177","64","219","C0013575"
"2194","2","3","2","41","219","64","347","2","561","C0013575"
"8517","2","3","12","41","219","339","156","568","697","C0013575"
"1280","2","5","7","53","51","342","454","573","492","C0013575"
"2629","2","3","5","80","81","250","291","152","420","C0013575"
"7957","2","3","5","42","81","296","399","201","274","C0013575"
"215","2","3","5","47","144","185","238","310","392","C0013581"
"4535","2","3","2","48","170","50","119","444","556","C0013581"
"9968","2","4","3","24","119","330","214","454","144","C0013581"
"5428","2","3","2","48","170","50","119","167","593","C0013581"
"54808","2","3","12","76","153","40","38","54","75","C0013581"
"2623","2","3","12","19","31","1","155","287","116","C0013581"
"10716","2","5","7","53","51","335","444","560","373","C0013581"
"55145","2","3","2","22","33","225","142","220","140","C0013581"
"3691","2","5","7","53","51","342","454","573","492","C0013581"
"8086","2","3","12","22","33","323","66","101","664","C0013581"
"79644","2","3","2","69","68","125","161","214","288","C0013581"
"1297","2","5","7","53","51","342","454","573","492","C0013581"
"2706","2","3","12","76","153","40","38","54","75","C0013581"
"654","2","5","7","53","51","342","259","423","389","C0013581"
"5573","2","3","12","19","184","118","155","287","116","C0013581"
"5073","2","3","2","110","85","323","433","146","194","C0013581"
"7101","2","3","3","19","151","276","91","433","118","C0013581"
"8481","2","3","12","76","153","40","38","54","75","C0013592"
"8050","2","3","2","67","92","293","55","75","311","C0013592"
"5979","2","5","7","53","14","20","25","40","186","C0013592"
"3440","2","3","12","19","184","118","155","287","116","C0013592"
"10559","2","3","2","89","124","204","272","347","451","C0013592"
"6647","2","3","2","95","2","342","378","173","702","C0013592"
"7436","2","5","7","53","51","342","341","544","669","C0013592"
"9742","2","3","12","76","153","40","38","54","75","C0013592"
"1312","2","3","2","87","79","105","426","129","25","C0013592"
"5728","2","3","5","80","81","339","156","568","605","C0013592"
"5631","2","3","2","72","119","109","266","336","452","C0013592"
"6794","2","3","12","53","14","20","34","540","68","C0013592"
"8076","2","5","7","53","51","342","454","573","492","C0013592"
"5727","2","3","12","68","221","197","259","560","422","C0013592"
"6521","2","5","8","35","41","199","40","415","666","C0013592"
"4893","2","5","7","34","52","24","30","46","72","C0013592"
"1278","2","5","7","53","51","342","454","573","492","C0013592"
"85413","2","3","8","45","94","199","240","415","666","C0013592"
"4088","2","3","12","19","219","339","259","423","605","C0013592"
"6821","2","3","5","114","211","332","175","556","256","C0013592"
"1776","2","5","7","105","219","261","402","129","215","C0013592"
"26580","2","5","8","27","70","99","162","216","290","C0013608"
"6262","2","5","8","63","45","23","34","464","187","C0013608"
"23592","2","3","12","26","105","342","259","423","389","C0013720"
"7043","2","5","7","53","51","342","454","573","492","C0013720"
"57412","2","3","5","80","81","105","426","129","586","C0013902"
"51594","2","3","7","76","153","40","38","54","75","C0013902"
"7879","2","5","7","34","54","24","30","46","72","C0013902"
"4593","2","5","7","53","14","20","454","573","492","C0013902"
"654","2","5","7","53","51","342","259","423","389","C0013902"
"5009","2","3","2","48","97","50","304","167","593","C0013902"
"54620","2","3","12","41","116","268","434","468","213","C0013902"
"23431","2","5","7","60","18","184","341","544","669","C0013902"
"1419","2","3","6","63","45","160","362","177","673","C0013902"
"554","2","5","4","68","96","326","427","548","672","C0013903"
"2072","2","3","12","19","31","261","116","1","86","C0013903"
"6338","2","5","8","63","45","23","34","464","187","C0013903"
"6331","2","5","8","63","36","166","341","223","158","C0013990"
"9573","2","5","7","53","51","342","259","423","389","C0013990"
"5333","2","3","5","18","16","40","417","103","58","C0013990"
"6444","2","5","8","63","45","23","103","464","187","C0013990"
"6845","2","5","7","60","14","184","341","544","669","C0013990"
"1188","2","5","8","63","45","23","34","464","187","C0013990"
"2688","2","5","7","53","51","119","25","40","186","C0013990"
"1612","2","3","12","53","14","20","34","540","68","C0013990"
"3309","2","3","12","41","219","342","347","271","702","C0013990"
"1788","2","3","12","19","31","1","426","55","78","C0013990"
"8929","2","3","3","19","221","321","428","541","667","C0014038"
"8822","2","5","7","53","14","20","25","40","186","C0014038"
"2683","2","3","7","34","52","216","395","549","617","C0014038"
"7416","2","3","2","48","170","339","304","167","593","C0014038"
"1280","2","5","7","53","51","342","454","573","492","C0014038"
"590","2","3","5","85","143","286","51","488","604","C0014038"
"3691","2","5","7","53","51","342","454","573","492","C0014038"
"4524","2","3","2","15","166","104","369","117","583","C0014038"
"1029","2","3","12","19","31","1","116","1","664","C0014038"
"51259","2","3","2","76","153","40","38","54","75","C0014038"
"1399","2","5","7","53","14","20","25","40","186","C0014038"
"6608","2","3","3","68","221","321","428","560","667","C0014065"
"1130","2","5","7","60","54","326","141","359","462","C0014065"
"6309","2","3","5","19","151","76","48","69","204","C0014065"
"5447","2","3","5","91","214","271","372","471","586","C0014065"
"1285","2","5","7","53","51","342","454","573","492","C0014065"
"2690","2","5","7","53","14","20","25","40","186","C0014065"
"6555","2","5","8","45","94","199","240","415","666","C0014065"
"1583","2","3","5","79","152","273","375","100","589","C0014065"
"4792","2","3","12","41","219","339","156","568","605","C0014065"
"5745","2","5","4","68","96","326","427","548","672","C0014065"
"3119","2","5","7","53","153","119","156","287","116","C0014065"
"2006","2","5","7","53","51","342","454","573","492","C0014065"
"2317","2","5","7","63","45","23","103","287","664","C0014065"
"1499","2","3","12","19","221","197","259","560","422","C0014065"
"778","2","5","8","63","36","166","341","223","158","C0014065"
"3954","2","3","2","48","170","67","119","444","593","C0014065"
"1855","2","5","12","76","153","197","259","560","422","C0014065"
"51134","2","3","12","76","153","40","38","54","75","C0014065"
"2779","2","5","4","68","96","326","427","548","672","C0014065"
"5354","2","5","7","27","36","150","341","223","628","C0014065"
"6905","2","3","12","76","153","40","38","54","75","C0014065"
"9401","2","3","12","76","31","261","116","1","86","C0014067"
"2260","2","5","7","53","14","20","25","40","186","C0014067"
"4968","2","3","12","19","31","261","116","1","86","C0014067"
"4125","2","3","7","34","52","216","395","549","674","C0014067"
"7048","2","5","7","53","51","342","259","423","389","C0014067"
"22934","2","3","2","90","167","148","36","51","383","C0014067"
"8815","2","3","12","22","33","323","66","444","664","C0014067"
"6927","2","3","3","19","221","321","428","541","667","C0014067"
"8890","2","3","2","110","85","237","433","547","671","C0014067"
"51085","2","3","2","48","57","110","141","359","462","C0014067"
"8820","2","3","3","19","221","321","428","541","667","C0014072"
"27030","2","3","12","19","31","1","426","55","78","C0014072"
"3762","2","5","8","63","36","166","106","110","158","C0014072"
"2697","2","3","7","76","153","40","38","54","75","C0014072"
"4594","2","3","7","48","92","261","116","186","245","C0014072"
"3115","2","5","7","53","184","119","156","287","116","C0014072"
"3852","2","1","6","11","142","225","142","220","298","C0014072"
"23600","2","3","5","80","81","305","409","208","482","C0014084"
"26580","2","5","8","27","70","99","162","216","290","C0014084"
"2261","2","5","7","53","14","20","25","40","186","C0014084"
"2736","2","3","12","41","116","321","428","54","667","C0014084"
"6532","2","5","8","45","94","199","240","415","666","C0014084"
"2693","2","5","4","68","96","326","427","548","672","C0014116"
"6648","2","3","2","95","151","160","378","173","229","C0014116"
"8788","2","5","3","53","221","143","428","236","667","C0014116"
"3172","2","3","3","19","151","276","91","433","118","C0014116"
"9451","2","3","2","110","51","335","226","297","380","C0014116"
"2643","2","3","5","87","91","75","204","267","352","C0014116"
"2567","2","5","8","27","70","99","162","216","290","C0014116"
"3303","2","3","7","34","52","216","395","271","356","C0014116"
"10577","2","5","7","34","52","216","395","549","674","C0014116"
"84464","2","3","12","19","31","261","116","1","86","C0014116"
"4629","2","5","8","63","45","23","103","464","187","C0014116"
"5696","2","3","12","41","116","268","156","568","116","C0014116"
"4487","2","3","3","19","221","321","428","541","667","C0014116"
"55036","2","3","12","76","153","40","38","54","75","C0014116"
"6657","2","3","12","19","221","321","428","541","667","C0014116"
"7020","2","3","12","19","31","276","91","433","664","C0014116"
"1528","2","3","5","91","214","271","372","471","586","C0014116"
"51422","2","3","2","48","57","110","141","359","462","C0014117"
"4688","2","5","7","60","14","20","25","40","215","C0014117"
"4665","2","3","3","11","221","321","428","541","667","C0014117"
"355","2","3","7","41","219","339","156","568","697","C0014117"
"4361","2","3","12","19","31","261","116","1","86","C0014117"
"9227","2","3","2","69","51","101","126","170","224","C0014130"
"51083","2","5","4","68","96","326","427","548","672","C0014130"
"355","2","3","7","41","219","339","156","568","697","C0014130"
"546","2","3","12","19","31","261","426","1","86","C0014130"
"6654","2","5","7","60","54","24","30","46","72","C0014130"
"6519","2","3","5","45","94","199","240","415","666","C0014130"
"8518","2","3","12","19","31","1","426","55","78","C0014130"
"26503","2","3","2","89","124","204","272","347","442","C0014130"
"51259","2","3","2","76","153","40","38","54","75","C0014130"
"4920","2","5","7","53","14","20","259","560","373","C0014130"
"6598","2","3","12","19","31","1","426","55","78","C0014130"
"1758","2","5","7","53","51","342","454","573","492","C0014173"
"4982","2","5","12","41","219","339","156","568","697","C0014173"
"6566","2","3","2","67","37","316","422","535","660","C0014173"
"10058","2","3","5","44","50","209","68","11","141","C0014173"
"207","2","3","7","53","14","20","34","489","416","C0014173"
"28956","2","5","7","34","52","216","395","359","462","C0014324"
"1301","2","5","7","53","51","342","454","573","492","C0014324"
"8322","2","5","3","68","221","184","259","544","669","C0014324"
"4982","2","5","12","41","219","339","156","568","697","C0014324"
"5122","2","5","4","27","36","184","141","359","411","C0014324"
"2697","2","3","7","76","153","40","38","54","75","C0014324"
"7124","2","3","12","41","219","339","156","568","697","C0014356"
"5130","2","3","2","85","143","286","51","488","102","C0014356"
"22926","2","3","12","19","31","276","91","433","118","C0014356"
"5224","2","3","5","90","167","266","367","500","577","C0014356"
"2108","2","3","2","48","170","50","119","444","556","C0014356"
"6310","2","3","12","22","142","225","366","362","468","C0014356"
"9968","2","4","3","24","119","330","214","454","144","C0014390"
"7248","2","3","2","48","57","110","141","359","462","C0014390"
"1789","2","3","12","19","31","1","426","55","78","C0014390"
"7043","2","5","7","53","51","342","454","573","492","C0014390"
"4148","2","5","7","53","51","342","454","573","492","C0014390"
"5906","2","5","7","34","52","216","30","46","72","C0014390"
"9939","2","3","2","22","33","323","66","101","136","C0014390"
"2177","2","3","2","110","90","261","431","545","443","C0014390"
"2074","2","3","12","19","31","1","426","55","78","C0014394"
"6925","2","3","12","19","31","225","142","220","298","C0014394"
"54919","2","3","2","41","96","279","304","370","257","C0014394"
"1497","2","5","2","63","182","50","103","297","628","C0014394"
"538","2","3","8","63","45","23","103","464","187","C0014394"
"10682","2","5","4","68","96","326","48","69","204","C0014394"
"8085","2","3","12","19","31","1","426","55","78","C0014394"
"2263","2","5","7","53","14","20","25","40","186","C0014457"
"6845","2","5","7","60","14","184","341","544","669","C0014457"
"80199","2","3","12","76","153","40","38","54","75","C0014457"
"8822","2","5","7","53","14","20","25","40","186","C0014457"
"3549","2","5","3","53","51","197","259","560","422","C0014457"
"3552","2","3","12","53","51","119","156","489","416","C0014457"
"7099","2","5","7","41","219","339","156","568","697","C0014457"
"6569","2","3","8","45","94","199","240","415","666","C0014457"
"8863","2","3","3","19","151","276","91","208","118","C0014457"
"3481","2","5","7","53","51","342","454","573","492","C0014457"
"3586","2","5","7","53","51","119","25","489","416","C0014457"
"50838","2","5","4","68","96","326","427","548","672","C0014457"
"7040","2","5","7","53","51","342","454","573","492","C0014457"
"54768","2","3","12","41","92","197","57","198","517","C0014457"
"26281","2","5","7","53","14","20","25","40","186","C0014457"
"22880","2","3","2","115","151","340","451","569","698","C0014457"
"1288","2","5","7","53","51","342","454","573","492","C0014457"
"55624","2","3","2","78","123","194","255","215","412","C0014457"
"2629","2","3","5","80","81","250","291","152","420","C0014457"
"5824","2","3","5","47","144","185","238","310","392","C0014457"
"10599","2","3","8","35","41","77","40","57","80","C0014457"
"7020","2","3","12","19","31","276","91","433","664","C0014457"
"51684","2","3","12","41","116","268","38","54","75","C0014457"
"25970","2","5","7","53","14","20","25","40","116","C0014457"
"6662","2","3","3","19","221","321","428","541","667","C0014457"
"9365","2","3","7","53","14","20","25","40","186","C0014457"
"7298","2","3","12","76","153","40","38","54","75","C0014457"
"2006","2","5","7","53","51","342","454","573","492","C0014474"
"22948","2","3","12","76","137","76","136","472","435","C0014474"
"5563","2","3","2","48","57","110","141","359","462","C0014474"
"19","2","3","3","19","151","276","91","433","118","C0014474"
"5125","2","5","6","11","51","225","142","220","298","C0014474"
"4512","2","3","2","48","170","110","141","359","8","C0014474"
"3300","2","3","12","41","116","268","347","271","356","C0014474"
"7516","2","3","12","19","31","261","116","1","86","C0014474"
"9927","2","3","12","19","31","118","155","287","116","C0014474"
"2263","2","5","7","53","14","20","25","40","186","C0014474"
"3098","2","3","2","90","167","266","367","500","577","C0014474"
"50939","2","3","12","76","153","40","38","472","435","C0014474"
"6790","2","3","12","76","153","40","34","540","68","C0014474"
"3373","2","3","5","80","51","342","454","573","492","C0014474"
"23166","2","5","7","53","51","342","395","549","674","C0014511"
"2672","2","3","3","19","221","321","259","423","389","C0014511"
"1277","2","5","7","53","51","342","454","573","492","C0014511"
"83987","2","3","12","41","116","268","434","468","213","C0014522"
"6329","2","5","8","63","36","166","341","390","158","C0014522"
"9401","2","3","12","76","31","261","116","1","86","C0014534"
"2512","2","3","7","34","52","216","395","544","358","C0014534"
"8518","2","3","12","19","31","1","426","55","78","C0014548"
"1848","2","3","5","42","81","296","399","201","274","C0014548"
"1145","2","5","8","27","70","99","162","216","290","C0014548"
"55729","2","3","12","19","31","1","426","55","78","C0014548"
"7415","2","3","7","34","52","216","395","536","445","C0014549"
"7531","2","3","2","48","170","110","329","251","533","C0014549"
"6103","2","3","12","76","153","40","38","54","75","C0014549"
"10161","2","5","4","68","96","326","427","548","672","C0014549"
"4000","2","3","12","26","105","178","226","297","156","C0014549"
"1778","2","3","7","76","153","40","38","54","75","C0014549"
"825","2","5","7","53","51","342","454","573","492","C0014549"
"8243","2","3","12","76","31","40","38","54","75","C0014549"
"4337","2","3","2","80","91","75","204","267","352","C0014549"
"4361","2","3","12","19","31","261","116","1","86","C0014549"
"1586","2","3","5","79","98","256","335","425","540","C0014553"
"4287","2","3","12","41","116","268","434","468","215","C0014553"
"4297","2","3","12","19","31","1","426","55","78","C0014553"
"50964","2","5","3","68","221","197","259","423","422","C0014553"
"2697","2","3","7","76","153","40","38","54","75","C0014553"
"26090","2","3","2","80","81","166","397","361","466","C0014553"
"8764","2","5","7","41","219","339","156","568","697","C0014553"
"1644","2","3","2","88","79","239","333","258","345","C0014553"
"5015","2","3","3","19","221","321","428","541","667","C0014553"
"5589","2","5","7","53","51","342","454","573","492","C0014553"
"6134","2","3","2","110","85","237","433","547","671","C0014553"
"1536","2","5","7","34","52","216","395","549","674","C0014553"
"7137","2","5","8","63","45","23","103","464","187","C0014553"
"6567","2","5","8","35","41","77","40","57","80","C0014553"
"10269","2","3","2","48","182","50","119","444","556","C0014553"
"4968","2","3","12","19","31","261","116","1","86","C0014553"
"5073","2","3","2","110","85","323","433","146","194","C0014553"
"2737","2","3","12","19","116","321","428","54","667","C0014553"
"348","2","5","7","53","51","342","454","573","492","C0014553"
"10815","2","5","7","60","36","71","341","223","666","C0014553"
"3549","2","5","3","53","51","197","259","560","422","C0014553"
"23594","2","3","12","76","153","261","116","1","86","C0014553"
"2617","2","3","2","110","85","237","433","252","154","C0014556"
"10491","2","5","7","53","51","342","454","573","492","C0014556"
"2263","2","5","7","53","14","20","25","40","186","C0014556"
"54757","2","5","7","53","51","342","454","573","492","C0014556"
"6531","2","5","8","45","94","199","240","415","666","C0014556"
"10451","2","5","7","60","54","24","30","46","72","C0014556"
"5145","2","3","4","68","45","272","259","518","621","C0014556"
"26580","2","5","8","27","70","99","162","216","290","C0014556"
"2006","2","5","7","53","51","342","454","573","492","C0014556"
"4214","2","3","12","41","219","339","34","540","117","C0014556"
"7054","2","3","5","80","81","166","34","258","345","C0014556"
"50964","2","5","3","68","221","197","259","423","422","C0014556"
"5605","2","5","7","53","14","20","34","540","68","C0014556"
"10908","2","3","2","97","173","275","377","473","592","C0014556"
"3559","2","5","7","53","14","20","25","40","186","C0014556"
"7043","2","5","7","53","51","342","454","573","492","C0014556"
"207","2","3","7","53","14","20","34","489","416","C0014556"
"4016","2","5","7","53","51","342","454","573","492","C0014556"
"6608","2","3","3","68","221","321","428","560","667","C0014556"
"7476","2","5","3","68","221","197","259","560","422","C0014556"
"22995","2","3","12","76","153","40","38","54","75","C0014556"
"2821","2","5","7","34","52","216","395","549","577","C0014556"
"435","2","3","8","84","97","167","210","278","360","C0014556"
"3952","2","5","3","53","151","276","91","433","118","C0014583"
"7040","2","5","7","53","51","342","454","573","492","C0014583"
"335","2","5","7","53","51","342","454","573","492","C0014583"
"79734","2","5","8","63","36","166","106","110","158","C0014714"
"6792","2","5","7","53","14","20","34","540","68","C0014714"
"23426","2","5","7","42","36","71","177","223","219","C0014733"
"2693","2","5","4","68","96","326","427","548","672","C0014733"
"3074","2","3","7","34","52","216","395","549","607","C0014743"
"5195","2","3","5","43","161","305","409","208","482","C0014743"
"2752","2","3","2","101","62","189","182","509","409","C0014743"
"1728","2","3","2","41","116","268","434","568","605","C0014805"
"2706","2","3","12","76","153","40","38","54","75","C0014805"
"6696","2","5","7","53","51","342","454","573","492","C0014805"
"144100","2","3","7","63","45","184","103","572","658","C0014836"
"10466","2","5","7","60","153","40","38","66","203","C0014836"
"1075","2","5","7","34","52","216","395","549","674","C0014836"
"5949","2","3","2","69","83","101","126","170","224","C0014836"
"5213","2","3","2","90","167","266","367","500","577","C0014848"
"3758","2","5","8","63","36","166","106","110","158","C0014848"
"2261","2","5","7","53","14","20","25","40","186","C0014848"
"190","2","3","3","19","151","276","91","433","118","C0014848"
"3418","2","3","2","67","151","276","33","48","155","C0014848"
"3251","2","3","4","68","96","326","427","341","150","C0014848"
"1848","2","3","5","42","81","296","399","201","274","C0014848"
"10161","2","5","4","68","96","326","427","548","672","C0014848"
"26580","2","5","8","27","70","99","162","216","290","C0014848"
"3239","2","3","3","19","221","321","428","541","667","C0014850"
"9321","2","3","12","76","153","40","38","54","203","C0014850"
"1277","2","5","7","53","51","342","454","573","492","C0014850"
"54567","2","5","7","53","51","143","428","236","667","C0014850"
"3984","2","5","7","53","14","20","34","540","68","C0014850"
"3248","2","3","2","69","83","133","167","224","301","C0014850"
"8260","2","3","12","41","85","266","76","287","78","C0014850"
"3859","2","1","6","11","142","225","142","220","298","C0014850"
"8890","2","3","2","110","85","237","433","547","671","C0014850"
"6311","2","3","2","22","33","323","66","362","468","C0014850"
"9719","2","5","7","53","51","342","454","573","492","C0014850"
"3800","2","5","7","27","36","150","341","223","628","C0014850"
"5251","2","3","5","80","81","296","474","593","722","C0014850"
"5605","2","5","7","53","14","20","34","540","68","C0014850"
"6234","2","3","2","110","85","237","433","547","671","C0014850"
"4204","2","3","12","19","31","1","426","55","78","C0014850"
"1840","2","3","12","41","124","143","428","236","667","C0014850"
"324","2","3","12","41","219","197","70","255","422","C0014850"
"6323","2","5","8","63","36","166","341","390","158","C0014850"
"9469","2","3","2","103","189","303","29","475","467","C0014850"
"4000","2","3","12","26","105","178","226","297","156","C0014850"
"10269","2","3","2","48","182","50","119","444","556","C0014850"
"2645","2","3","2","90","167","266","367","101","664","C0014850"
"775","2","5","8","63","36","166","341","223","158","C0014850"
"5313","2","3","2","90","167","321","428","541","115","C0014866"
"1785","2","5","7","60","14","184","341","544","669","C0014866"
"7468","2","3","12","19","31","1","426","55","78","C0014866"
"3242","2","3","5","67","92","293","55","308","390","C0014866"
"356","2","5","7","53","219","339","25","489","697","C0014866"
"5290","2","3","7","53","14","20","25","40","186","C0014866"
"7490","2","3","3","19","221","321","428","541","667","C0014866"
"55605","2","3","12","76","153","40","38","54","75","C0014866"
"667","2","5","7","53","51","342","454","573","492","C0014866"
"4512","2","3","2","48","170","110","141","359","8","C0014866"
"6103","2","3","12","76","153","40","38","54","75","C0014866"
"1967","2","3","2","110","85","237","433","547","671","C0014866"
"207","2","3","7","53","14","20","34","489","416","C0014866"
"23093","2","3","12","76","153","40","38","54","75","C0014866"
"6908","2","3","12","19","31","1","116","159","211","C0014866"
"4204","2","3","12","19","31","1","426","55","78","C0014867"
"3439","2","3","12","19","184","118","155","287","116","C0014867"
"1280","2","5","7","53","51","342","454","573","492","C0014867"
"10815","2","5","7","60","36","71","341","223","666","C0014867"
"8216","2","3","12","41","119","330","214","454","144","C0014867"
"9451","2","3","2","110","51","335","226","297","380","C0014867"
"23522","2","3","12","19","31","1","426","55","78","C0014868"
"4214","2","3","12","41","219","339","34","540","117","C0014868"
"2719","2","5","7","53","51","342","454","573","492","C0014868"
"7443","2","3","12","19","31","261","34","540","68","C0014868"
"4627","2","5","7","63","45","184","103","572","658","C0014868"
"3115","2","5","7","53","184","119","156","287","116","C0014868"
"51741","2","3","2","22","33","323","66","101","127","C0014868"
"6775","2","5","7","53","14","119","25","40","186","C0014868"
"8854","2","3","5","75","120","101","126","248","335","C0014868"
"6469","2","5","3","53","221","197","259","560","422","C0014877"
"8493","2","3","12","19","31","293","116","201","664","C0014877"
"7476","2","5","3","68","221","197","259","560","422","C0014877"
"2301","2","5","6","11","142","225","142","220","673","C0014877"
"10483","2","3","7","60","54","24","30","46","72","C0014877"
"10269","2","3","2","48","182","50","119","444","556","C0014877"
"55315","2","3","5","80","81","296","62","94","150","C0014877"
"3265","2","5","7","60","54","24","30","46","72","C0014877"
"5885","2","3","12","76","153","40","38","54","75","C0014877"
"1896","2","5","12","41","219","339","156","568","697","C0014877"
"1583","2","3","5","79","152","273","375","100","589","C0014877"
"8626","2","3","3","19","221","321","428","541","667","C0014877"
"55624","2","3","2","78","123","194","255","215","412","C0014877"
"2068","2","3","12","19","31","261","116","159","211","C0014877"
"23545","2","3","5","29","88","132","85","222","346","C0014877"
"1482","2","3","3","19","221","321","428","541","667","C0014877"
"26277","2","3","12","19","31","1","426","1","78","C0014877"
"348938","2","5","2","63","182","50","103","297","628","C0014877"
"2677","2","5","7","53","51","342","454","573","492","C0014877"
"8878","2","3","12","41","219","339","156","568","697","C0015306"
"1588","2","3","5","79","159","256","350","27","44","C0015306"
"2022","2","5","7","53","51","342","259","423","389","C0015306"
"8029","2","5","7","53","51","105","139","186","245","C0015310"
"545","2","3","12","19","31","261","116","1","86","C0015310"
"3977","2","5","7","53","51","119","25","40","416","C0015310"
"4668","2","3","5","21","111","188","242","313","396","C0015310"
"778","2","5","8","63","36","166","341","223","158","C0015310"
"4976","2","3","2","48","170","50","119","444","556","C0015310"
"8878","2","3","12","41","219","339","156","568","697","C0015310"
"3815","2","5","7","53","14","20","25","40","186","C0015310"
"1140","2","5","8","27","70","99","162","216","290","C0015310"
"8313","2","3","12","41","219","339","156","568","605","C0015310"
"8220","2","3","2","22","33","323","66","101","136","C0015310"
"3655","2","5","7","53","51","342","454","573","492","C0015310"
"5354","2","5","7","27","36","150","341","223","628","C0015310"
"2263","2","5","7","53","14","20","25","40","186","C0015310"
"5443","2","5","4","68","96","326","427","548","672","C0015310"
"2033","2","3","12","19","31","1","91","433","118","C0015310"
"3766","2","5","8","63","36","166","106","110","158","C0015310"
"3295","2","3","5","43","161","305","409","208","482","C0015310"
"25942","2","3","12","19","31","1","426","55","78","C0015310"
"545","2","3","12","19","31","261","116","1","86","C0015310"
"2022","2","5","7","53","51","342","259","423","389","C0015310"
"5925","2","3","12","19","31","1","426","55","78","C0015310"
"5449","2","3","3","19","221","321","428","541","667","C0015310"
"50615","2","5","7","53","51","119","25","40","186","C0015310"
"8092","2","3","3","19","221","321","428","541","667","C0015310"
"6507","2","3","2","45","94","199","240","415","666","C0015371"
"2244","2","5","7","53","51","342","454","573","492","C0015371"
"7167","2","3","2","90","167","266","367","500","577","C0015371"
"191","2","3","5","80","81","105","426","129","690","C0015371"
"5689","2","3","12","41","116","268","156","303","342","C0015371"
"23085","2","3","2","76","153","110","141","543","411","C0015371"
"6448","2","3","5","74","160","294","376","453","567","C0015371"
"51085","2","3","2","48","57","110","141","359","462","C0015371"
"4166","2","3","2","89","60","99","7","211","217","C0015371"
"8929","2","3","3","19","221","321","428","541","667","C0015371"
"11160","2","3","12","41","116","268","423","536","445","C0015371"
"10686","2","5","6","42","36","71","177","64","219","C0015371"
"11005","2","1","6","11","142","225","142","220","298","C0015371"
"6648","2","3","2","95","151","160","378","173","229","C0015371"
"8314","2","3","12","41","31","1","426","55","78","C0015371"
"9786","2","3","12","76","153","40","38","54","75","C0015371"
"4593","2","5","7","53","14","20","454","573","492","C0015371"
"10019","2","5","7","53","14","20","25","40","116","C0015371"
"7428","2","3","12","41","116","268","434","468","213","C0015371"
"2737","2","3","12","19","116","321","428","54","667","C0015371"
"25939","2","3","12","53","184","119","156","287","116","C0015371"
"3769","2","5","8","63","36","166","106","110","158","C0015371"
"3815","2","5","7","53","14","20","25","40","186","C0015371"
"10019","2","5","7","53","14","20","25","40","116","C0015371"
"8822","2","5","7","53","14","20","25","40","186","C0015371"
"6736","2","3","12","19","31","276","91","433","667","C0015371"
"51715","2","5","7","60","54","24","30","46","72","C0015371"
"2006","2","5","7","53","51","342","454","573","492","C0015371"
"6785","2","3","5","67","7","5","239","311","393","C0015371"
"10555","2","3","7","34","52","216","395","549","622","C0015379"
"1441","2","5","7","53","51","119","25","40","186","C0015379"
"6548","2","3","2","45","94","199","240","415","326","C0015379"
"7038","2","5","7","60","18","184","98","66","203","C0015379"
"673","2","5","7","53","14","20","34","540","68","C0015379"
"658","2","5","7","53","51","342","259","423","389","C0015379"
"4014","2","1","6","11","142","225","142","220","298","C0015397"
"51199","2","3","12","76","153","40","38","54","75","C0015397"
"9487","2","3","5","80","81","142","176","235","317","C0015397"
"10297","2","3","12","27","36","150","444","223","628","C0015397"
"6532","2","5","8","45","94","199","240","415","666","C0015397"
"29078","2","3","2","48","170","50","119","444","556","C0015397"
"54209","2","5","7","53","51","119","395","549","674","C0015397"
"7403","2","3","12","19","31","1","426","55","78","C0015397"
"1281","2","5","7","53","51","342","454","573","492","C0015397"
"84059","2","5","7","53","51","335","444","560","373","C0015397"
"846","2","5","4","68","96","326","427","548","672","C0015397"
"1312","2","3","2","87","79","105","426","129","25","C0015397"
"51062","2","5","7","27","36","150","402","489","373","C0015397"
"9131","2","3","12","41","219","339","347","271","356","C0015397"
"2074","2","3","12","19","31","1","426","55","78","C0015397"
"4893","2","5","7","34","52","24","30","46","72","C0015397"
"6473","2","3","3","19","221","321","428","541","667","C0015397"
"9531","2","3","12","41","219","339","347","271","356","C0015397"
"9241","2","5","7","53","51","342","259","423","389","C0015397"
"3425","2","3","5","80","81","166","454","573","492","C0015397"
"5745","2","5","4","68","96","326","427","548","672","C0015397"
"7133","2","5","7","34","52","216","395","549","697","C0015397"
"5727","2","3","12","68","221","197","259","560","422","C0015398"
"1399","2","5","7","53","14","20","25","40","186","C0015398"
"115019","2","5","8","35","41","199","40","415","666","C0015398"
"1785","2","5","7","60","14","184","341","544","669","C0015398"
"5896","2","3","12","41","116","268","434","568","605","C0015398"
"5213","2","3","2","90","167","266","367","500","577","C0015398"
"5172","2","5","8","45","94","199","240","415","666","C0015404"
"5189","2","3","5","43","161","305","409","208","482","C0015404"
"2673","2","3","2","110","94","178","226","297","380","C0015423"
"54903","2","3","12","76","153","40","38","54","75","C0015423"
"6591","2","3","12","19","31","1","426","55","78","C0015469"
"1392","2","5","4","68","96","326","427","548","672","C0015469"
"4286","2","3","12","19","31","261","116","1","664","C0015469"
"5830","2","3","5","43","161","305","409","208","482","C0015469"
"5159","2","5","7","53","14","20","25","40","186","C0015499"
"26229","2","3","2","74","205","191","396","408","257","C0015499"
"54463","2","3","2","48","57","110","141","359","462","C0015503"
"7317","2","3","12","41","116","268","434","468","213","C0015503"
"54463","2","3","2","48","57","110","141","359","462","C0015519"
"2817","2","5","7","53","51","342","454","573","492","C0015519"
"9343","2","3","2","22","33","323","66","101","136","C0015523"
"3767","2","5","8","63","36","166","106","110","158","C0015523"
"2554","2","5","8","27","70","99","162","216","290","C0015523"
"28952","2","3","12","41","116","268","434","468","213","C0015523"
"5194","2","3","5","43","161","305","409","208","482","C0015523"
"1161","2","3","12","41","116","268","434","468","213","C0015526"
"171023","2","3","12","41","116","268","426","55","78","C0015526"
"1911","2","3","12","19","31","1","426","55","78","C0015526"
"5781","2","5","7","53","14","20","25","40","186","C0015526"
"4552","2","3","7","48","81","105","139","186","245","C0015526"
"4000","2","3","12","26","105","178","226","297","156","C0015530"
"4513","2","3","2","48","170","110","141","359","532","C0015530"
"4000","2","3","12","26","105","178","226","297","156","C0015624"
"3123","2","5","7","53","51","119","156","287","116","C0015624"
"3043","2","5","7","34","52","216","395","549","116","C0015624"
"2332","2","3","2","22","33","71","373","466","609","C0015625"
"1027","2","3","12","19","31","1","116","1","86","C0015625"
"7428","2","3","12","41","116","268","434","468","213","C0015625"
"54808","2","3","12","76","153","40","38","54","75","C0015625"
"6391","2","3","2","48","170","50","119","444","556","C0015625"
"25814","2","3","2","48","170","110","119","444","462","C0015625"
"25793","2","3","12","41","116","268","434","468","213","C0015625"
"2706","2","3","12","76","153","40","38","54","75","C0015625"
"778","2","5","8","63","36","166","341","223","158","C0015625"
"9993","2","5","7","53","51","342","454","573","492","C0015625"
"200894","2","5","7","60","54","24","30","46","72","C0015625"
"2316","2","5","7","53","51","342","454","573","702","C0015625"
"1723","2","3","2","48","170","50","119","444","556","C0015625"
"1758","2","5","7","53","51","342","454","573","492","C0015625"
"9639","2","5","7","60","54","24","30","46","72","C0015625"
"3269","2","5","4","68","96","326","427","548","672","C0015625"
"2006","2","5","7","53","51","342","454","573","492","C0015625"
"4893","2","5","7","34","52","24","30","46","72","C0015625"
"3561","2","5","7","53","14","20","25","40","186","C0015625"
"25953","2","3","2","67","92","293","137","75","664","C0015625"
"2260","2","5","7","53","14","20","25","40","186","C0015625"
"6576","2","3","2","45","94","199","240","569","666","C0015625"
"1103","2","3","2","67","92","293","55","75","311","C0015644"
"1776","2","5","7","105","219","261","402","129","215","C0015644"
"7274","2","3","5","43","161","99","162","216","290","C0015644"
"5444","2","3","5","80","147","236","328","411","229","C0015644"
"1513","2","5","7","53","51","342","454","573","492","C0015644"
"2099","2","3","12","19","151","276","91","433","118","C0015644"
"6239","2","3","12","19","119","330","214","454","144","C0015644"
"9394","2","3","2","74","58","112","148","193","263","C0015644"
"10243","2","3","2","27","91","71","204","267","352","C0015644"
"23522","2","3","12","19","31","1","426","55","78","C0015644"
"885","2","5","4","68","96","326","427","548","672","C0015644"
"1954","2","5","7","53","51","342","454","573","492","C0015644"
"4893","2","5","7","34","52","24","30","46","72","C0015644"
"5961","2","5","7","27","51","326","126","414","702","C0015644"
"1501","2","5","7","27","36","150","341","223","628","C0015644"
"5290","2","3","7","53","14","20","25","40","186","C0015644"
"26160","2","3","12","76","153","40","38","54","75","C0015644"
"2247","2","5","7","53","14","20","25","40","186","C0015644"
"4668","2","3","5","21","111","188","242","313","396","C0015644"
"5016","2","5","7","11","51","342","454","573","617","C0015644"
"5015","2","3","3","19","221","321","428","541","667","C0015644"
"92086","2","3","5","91","59","222","302","386","337","C0015644"
"55130","2","3","12","76","153","76","38","54","75","C0015696"
"6949","2","3","2","110","85","237","164","390","311","C0015696"
"25939","2","3","12","53","184","119","156","287","116","C0015696"
"4638","2","5","7","53","45","23","103","464","187","C0015732"
"51085","2","3","2","48","57","110","141","359","462","C0015732"
"5443","2","5","4","68","96","326","427","548","672","C0015732"
"50940","2","3","4","68","96","326","427","548","672","C0015732"
"112802","2","1","6","11","142","225","142","220","298","C0015732"
"57010","2","5","8","63","45","23","103","464","187","C0015732"
"6355","2","5","4","68","96","326","427","548","672","C0015732"
"3764","2","5","8","63","36","166","106","110","158","C0015814"
"1030","2","3","12","19","31","1","426","55","78","C0015814"
"538","2","3","8","63","45","23","103","464","187","C0015923"
"79147","2","3","2","27","36","150","430","215","628","C0015923"
"3949","2","5","7","60","14","184","341","544","669","C0015923"
"3575","2","5","7","53","51","184","341","544","669","C0015923"
"3630","2","5","7","53","14","20","25","40","186","C0015923"
"2189","2","3","12","19","31","261","116","1","86","C0015923"
"641","2","3","12","19","31","261","116","1","86","C0015923"
"5624","2","5","7","53","51","342","454","573","492","C0015923"
"579","2","3","3","19","221","321","428","541","667","C0015923"
"4983","2","5","7","60","54","24","30","46","72","C0015923"
"773","2","5","8","27","36","166","341","223","628","C0015923"
"10682","2","5","4","68","96","326","48","69","204","C0015923"
"26986","2","3","2","110","85","237","433","547","671","C0015923"
"3508","2","3","12","19","31","261","116","1","86","C0015923"
"6338","2","5","8","63","45","23","34","464","187","C0015923"
"51109","2","3","2","69","51","101","126","170","224","C0015929"
"1001","2","5","7","53","51","335","444","560","373","C0015929"
"8085","2","3","12","19","31","1","426","55","78","C0015944"
"3081","2","3","2","91","51","3","267","308","429","C0015944"
"26012","2","3","12","19","31","261","116","159","211","C0015944"
"23384","2","3","12","63","45","184","103","572","658","C0015944"
"177","2","5","7","53","51","339","156","568","697","C0015944"
"6833","2","5","8","45","36","166","240","415","666","C0015951"
"129563","2","3","12","19","31","1","426","55","78","C0015951"
"966","2","5","7","34","52","216","395","549","674","C0016045"
"54332","2","3","2","60","170","40","98","66","203","C0016045"
"55275","2","5","7","60","54","24","98","66","203","C0016045"
"1280","2","5","7","53","51","342","454","573","492","C0016045"
"9049","2","3","3","41","151","276","378","271","356","C0016049"
"6389","2","3","2","48","170","50","119","444","556","C0016049"
"51626","2","3","12","76","153","40","38","54","75","C0016049"
"50945","2","3","3","48","170","335","347","560","373","C0016049"
"581","2","3","12","41","219","339","402","489","551","C0016049"
"4692","2","5","7","53","51","119","402","489","416","C0016049"
"3592","2","5","7","53","51","119","25","489","416","C0016049"
"5897","2","3","12","41","116","268","141","568","605","C0016049"
"4983","2","5","7","60","54","24","30","46","72","C0016052"
"23590","2","3","2","48","170","50","119","444","556","C0016052"
"5351","2","5","7","53","51","342","454","573","492","C0016057"
"558","2","5","7","53","14","20","25","40","186","C0016057"
"57122","2","3","12","76","153","40","38","54","664","C0016057"
"3920","2","5","7","34","52","216","395","549","674","C0016057"
"6712","2","5","7","60","153","40","341","223","203","C0016057"
"9321","2","3","12","76","153","40","38","54","203","C0016063"
"1302","2","5","7","53","51","342","454","573","492","C0016063"
"5627","2","5","7","53","51","342","454","573","702","C0016470"
"1836","2","3","2","35","41","94","260","330","375","C0016470"
"5573","2","3","12","19","184","118","155","287","116","C0016470"
"2736","2","3","12","41","116","321","428","54","667","C0016506"
"3636","2","3","5","80","14","20","25","40","186","C0016506"
"867","2","5","7","53","14","184","25","40","669","C0016506"
"1535","2","5","7","34","52","216","395","549","674","C0016506"
"26580","2","5","8","27","70","99","162","216","290","C0016506"
"55130","2","3","12","76","153","76","38","54","75","C0016506"
"8220","2","3","2","22","33","323","66","101","136","C0016506"
"10743","2","3","3","19","151","276","91","433","118","C0016506"
"2175","2","3","12","19","31","261","116","1","86","C0016506"
"1134","2","5","8","27","70","99","162","216","290","C0016506"
"2316","2","5","7","53","51","342","454","573","702","C0016506"
"10232","2","5","7","53","51","342","454","573","492","C0016506"
"7421","2","3","3","19","151","276","91","433","118","C0016506"
"7040","2","5","7","53","51","342","454","573","492","C0016506"
"7681","2","3","12","41","116","268","434","468","213","C0016506"
"7124","2","3","12","41","219","339","156","568","697","C0016506"
"4683","2","3","12","19","31","261","116","1","86","C0016506"
"4935","2","5","4","68","96","326","427","548","672","C0016506"
"9215","2","5","2","27","36","150","430","215","628","C0016506"
"1717","2","3","2","19","151","276","48","69","204","C0016506"
"5745","2","5","4","68","96","326","427","548","672","C0016506"
"4939","2","5","7","53","184","119","156","287","116","C0016506"
"4920","2","5","7","53","14","20","259","560","373","C0016506"
"51083","2","5","4","68","96","326","427","548","672","C0016506"
"24","2","3","12","41","116","268","423","536","445","C0016506"
"5116","2","3","12","76","153","40","38","54","75","C0016506"
"1290","2","5","7","53","51","342","454","573","492","C0016506"
"5075","2","3","3","19","221","321","428","541","667","C0016506"
"2138","2","3","12","19","31","1","426","55","78","C0016506"
"547","2","3","7","76","153","40","38","54","75","C0016506"
"673","2","5","7","53","14","20","34","540","68","C0016508"
"1482","2","3","3","19","221","321","428","541","667","C0016508"
"27019","2","3","12","76","153","40","38","54","75","C0016508"
"4000","2","3","12","26","105","178","226","297","156","C0016508"
"8929","2","3","3","19","221","321","428","541","667","C0016522"
"6647","2","3","2","95","2","342","378","173","702","C0016522"
"7297","2","5","7","53","184","119","25","40","186","C0016522"
"4000","2","3","12","26","105","178","226","297","156","C0016522"
"2263","2","5","7","53","14","20","25","40","186","C0016522"
"3458","2","5","7","53","184","119","156","287","116","C0016522"
"5189","2","3","5","43","161","305","409","208","482","C0016522"
"7051","2","1","6","11","142","225","142","220","298","C0016522"
"11234","2","3","5","60","18","184","341","544","669","C0016522"
"26154","2","3","5","47","144","185","238","310","392","C0016522"
"3759","2","5","8","63","36","166","106","110","158","C0016663"
"7291","2","3","12","19","151","276","91","489","416","C0016663"
"6606","2","3","2","22","33","323","66","101","136","C0016663"
"3561","2","5","7","53","14","20","25","40","186","C0016663"
"10210","2","3","12","41","116","268","434","468","213","C0016663"
"4329","2","3","2","67","92","293","229","381","496","C0016663"
"10020","2","3","2","89","124","204","42","452","258","C0016663"
"1555","2","3","5","91","214","271","372","480","598","C0016663"
"3868","2","1","6","11","142","225","142","220","298","C0016663"
"58","2","5","8","63","45","23","103","464","187","C0016663"
"5076","2","3","3","19","221","321","428","541","667","C0016663"
"1281","2","5","7","53","51","342","454","573","492","C0016663"
"57680","2","3","12","19","31","1","426","55","78","C0016663"
"8085","2","3","12","19","31","1","426","55","78","C0016663"
"28","2","3","2","78","19","41","50","72","101","C0016663"
"727","2","5","4","68","96","326","427","548","672","C0016663"
"23418","2","5","7","53","36","71","177","560","373","C0016663"
"3479","2","5","7","53","51","342","454","573","492","C0016663"
"51119","2","3","2","110","85","237","433","547","671","C0016663"
"4843","2","3","5","43","161","305","409","489","416","C0016663"
"5972","2","5","5","34","52","216","397","418","568","C0016667"
"51128","2","5","7","60","153","24","38","46","72","C0016667"
"6662","2","3","3","19","221","321","428","541","667","C0016667"
"8085","2","3","12","19","31","1","426","55","78","C0016689"
"7299","2","3","5","23","18","138","250","332","407","C0016689"
"26277","2","3","12","19","31","1","426","1","78","C0016689"
"673","2","5","7","53","14","20","34","540","68","C0016689"
"3977","2","5","7","53","51","119","25","40","416","C0016689"
"5784","2","5","7","42","81","296","399","201","274","C0016689"
"10585","2","5","2","27","206","324","430","215","290","C0016689"
"3930","2","3","2","22","33","323","66","3","464","C0016689"
"274","2","5","7","60","14","184","341","544","669","C0016689"
"3784","2","5","8","63","36","166","106","110","158","C0016689"
"3508","2","3","12","19","31","261","116","1","86","C0016689"
"701","2","3","12","76","153","40","38","54","75","C0016689"
"7380","2","3","6","25","105","75","226","489","156","C0016689"
"79147","2","3","2","27","36","150","430","215","628","C0016689"
"2581","2","3","5","80","81","250","291","152","420","C0016689"
"8029","2","5","7","53","51","105","139","186","245","C0016689"
"7415","2","3","7","34","52","216","395","536","445","C0016689"
"3991","2","3","5","80","81","166","57","83","658","C0016689"
"57190","2","5","7","11","142","71","341","560","219","C0016689"
"2623","2","3","12","19","31","1","155","287","116","C0016689"
"10535","2","3","12","76","153","40","38","54","75","C0016689"
"26608","2","3","2","22","170","50","119","463","153","C0016689"
"847","2","3","7","34","52","216","395","549","674","C0016689"
"1437","2","5","7","53","14","20","25","40","186","C0016689"
"4143","2","3","5","80","81","105","426","129","2","C0016689"
"2516","2","3","3","19","151","276","91","433","118","C0016689"
"23064","2","3","6","11","31","261","142","220","664","C0016689"
"1103","2","3","2","67","92","293","55","75","311","C0016689"
"3248","2","3","2","69","83","133","167","224","301","C0016689"
"5832","2","3","2","101","62","189","182","509","252","C0016689"
"3630","2","5","7","53","14","20","25","40","186","C0016689"
"1678","2","3","2","48","170","50","304","167","593","C0016689"
"7415","2","3","7","34","52","216","395","536","445","C0016689"
"355","2","3","7","41","219","339","156","568","697","C0016781"
"249","2","3","5","27","51","335","444","560","373","C0016781"
"779","2","5","8","63","36","166","341","390","158","C0016781"
"7319","2","3","12","41","116","268","434","468","213","C0016781"
"94","2","5","7","53","51","342","259","423","389","C0016781"
"3991","2","3","5","80","81","166","57","83","658","C0016952"
"338","2","5","7","53","51","342","454","573","492","C0016952"
"673","2","5","7","53","14","20","34","540","68","C0016952"
"50964","2","5","3","68","221","197","259","423","422","C0016978"
"23126","2","3","12","19","31","276","426","55","78","C0016978"
"3060","2","5","4","68","96","326","427","548","672","C0016978"
"1910","2","5","4","68","96","326","427","548","672","C0016978"
"5495","2","3","12","41","219","339","347","287","664","C0016978"
"1387","2","3","12","19","31","276","91","433","118","C0016978"
"846","2","5","4","68","96","326","427","548","672","C0016978"
"4000","2","3","12","26","105","178","226","297","156","C0016978"
"4436","2","3","12","19","31","261","116","1","86","C0016978"
"7809","2","5","8","63","45","23","34","464","187","C0016978"
"1138","2","5","8","27","70","99","162","216","290","C0017075"
"8893","2","3","2","110","85","237","433","547","671","C0017075"
"7428","2","3","12","41","116","268","434","468","213","C0017075"
"2255","2","5","7","53","14","20","25","40","186","C0017075"
"4541","2","3","2","48","170","50","119","444","24","C0017075"
"6628","2","3","2","22","33","323","66","101","136","C0017075"
"6833","2","5","8","45","36","166","240","415","666","C0017075"
"30061","2","3","5","25","44","165","101","274","358","C0017086"
"2218","2","5","2","53","123","194","255","560","373","C0017086"
"4000","2","3","12","26","105","178","226","297","156","C0017086"
"213","2","5","7","53","51","342","454","573","492","C0017086"
"9469","2","3","2","103","189","303","29","475","467","C0017154"
"3423","2","3","5","74","3","342","374","294","590","C0017154"
"3630","2","5","7","53","14","20","25","40","186","C0017154"
"3077","2","5","7","53","51","119","395","549","674","C0017154"
"5244","2","3","3","41","151","276","91","433","118","C0017178"
"3973","2","5","4","68","96","326","427","548","672","C0017178"
"71","2","5","7","60","14","184","103","544","669","C0017178"
"7298","2","3","12","76","153","40","38","54","75","C0017178"
"6563","2","3","5","85","143","286","316","400","102","C0017178"
"2253","2","5","7","53","14","20","25","40","186","C0017178"
"2652","2","5","4","68","96","326","427","548","672","C0017178"
"5956","2","5","4","68","96","326","427","548","672","C0017178"
"5119","2","3","2","48","57","110","141","359","462","C0017178"
"8398","2","3","5","116","183","40","38","352","455","C0017178"
"1289","2","5","7","53","51","342","454","573","492","C0017178"
"5607","2","5","7","53","14","20","34","540","68","C0017178"
"324","2","3","12","41","219","197","70","255","422","C0017185"
"3949","2","5","7","60","14","184","341","544","669","C0017185"
"51057","2","3","12","76","153","40","38","54","75","C0017185"
"5832","2","3","2","101","62","189","182","509","252","C0017185"
"51086","2","3","2","68","45","232","321","406","520","C0017185"
"4508","2","3","2","48","170","50","119","444","556","C0017185"
"2908","2","3","12","19","151","276","91","433","118","C0017185"
"8322","2","5","3","68","221","184","259","544","669","C0017205"
"1588","2","3","5","79","159","256","350","27","44","C0017205"
"5189","2","3","5","43","161","305","409","208","482","C0017205"
"5310","2","5","7","53","51","335","444","560","373","C0017205"
"859","2","5","8","63","45","23","103","464","187","C0017563"
"23742","2","5","5","68","96","326","427","447","586","C0017563"
"1387","2","3","12","19","31","276","91","433","118","C0017563"
"841","2","3","12","41","219","339","156","568","697","C0017563"
"2068","2","3","12","19","31","261","116","159","211","C0017563"
"2159","2","5","7","68","51","119","454","549","674","C0017563"
"1106","2","3","12","19","31","1","426","55","78","C0017563"
"7390","2","3","5","80","81","166","132","175","473","C0017563"
"1535","2","5","7","34","52","216","395","549","674","C0017563"
"3852","2","1","6","11","142","225","142","220","298","C0017563"
"8086","2","3","12","22","33","323","66","101","664","C0017563"
"440275","2","3","2","110","85","237","433","547","671","C0017563"
"1130","2","5","7","60","54","326","141","359","462","C0017563"
"6774","2","3","12","53","14","276","25","489","416","C0017563"
"25885","2","3","12","19","31","1","426","55","78","C0017563"
"1175","2","5","7","60","14","184","341","544","669","C0017563"
"5994","2","3","12","19","31","276","91","491","118","C0017563"
"1586","2","3","5","79","98","256","335","425","540","C0017563"
"5332","2","3","4","68","96","326","427","548","672","C0017563"
"54567","2","5","7","53","51","143","428","236","667","C0017565"
"6354","2","5","4","68","96","326","427","548","672","C0017565"
"658","2","5","7","53","51","342","259","423","389","C0017565"
"11231","2","3","2","110","105","178","226","297","380","C0017565"
"51085","2","3","2","48","57","110","141","359","462","C0017565"
"9993","2","5","7","53","51","342","454","573","492","C0017565"
"5940","2","3","2","22","33","323","66","101","136","C0017565"
"10436","2","3","2","110","85","237","433","547","671","C0017565"
"4891","2","3","2","25","44","165","101","274","358","C0017565"
"4647","2","5","7","60","83","101","126","170","224","C0017565"
"2643","2","3","5","87","91","75","204","267","352","C0017565"
"10243","2","3","2","27","91","71","204","267","352","C0017565"
"1051","2","3","12","19","31","276","91","433","118","C0017565"
"55005","2","3","2","68","96","326","427","429","544","C0017565"
"9517","2","3","2","50","47","39","100","321","638","C0017565"
"5444","2","3","5","80","147","236","328","411","229","C0017565"
"18","2","3","8","67","94","199","182","509","666","C0017565"
"4694","2","3","2","48","170","50","119","444","556","C0017565"
"7043","2","5","7","53","51","342","454","573","492","C0017574"
"54757","2","5","7","53","51","342","454","573","492","C0017574"
"1308","2","5","7","53","51","119","454","573","492","C0017574"
"5422","2","3","12","19","31","261","116","1","86","C0017574"
"4436","2","3","12","19","31","261","116","1","86","C0017574"
"324","2","3","12","41","219","197","70","255","422","C0017574"
"1302","2","5","7","53","51","342","454","573","492","C0017574"
"5573","2","3","12","19","184","118","155","287","116","C0017574"
"2260","2","5","7","53","14","20","25","40","186","C0017574"
"1893","2","5","7","53","51","342","454","573","702","C0017574"
"4591","2","3","12","41","116","268","434","468","213","C0017574"
"6204","2","3","2","110","85","237","433","547","671","C0017605"
"7337","2","3","12","41","116","268","434","468","213","C0017605"
"6566","2","3","2","67","37","316","422","535","660","C0017605"
"1576","2","3","5","91","214","226","326","413","574","C0017605"
"2705","2","3","12","76","153","40","38","54","75","C0017605"
"11322","2","5","7","34","52","216","395","549","674","C0017605"
"4292","2","3","12","19","31","261","116","1","86","C0017605"
"142","2","3","12","19","31","261","116","1","86","C0017612"
"10269","2","3","2","48","182","50","119","444","556","C0017612"
"2767","2","5","4","68","96","326","427","548","672","C0017612"
"51360","2","3","3","26","35","276","91","433","203","C0017612"
"3783","2","5","8","63","36","166","106","110","158","C0017662"
"1536","2","5","7","34","52","216","395","549","674","C0017662"
"7253","2","5","4","68","96","326","427","548","672","C0017662"
"1312","2","3","2","87","79","105","426","129","25","C0017662"
"367","2","3","12","19","31","276","91","433","118","C0017662"
"3636","2","3","5","80","14","20","25","40","186","C0017662"
"8456","2","3","3","19","221","321","428","541","667","C0017665"
"4038","2","5","7","53","51","342","454","573","492","C0017665"
"23169","2","3","2","78","205","112","430","429","544","C0017665"
"4893","2","5","7","34","52","24","30","46","72","C0017665"
"4000","2","3","12","26","105","178","226","297","156","C0017665"
"2706","2","3","12","76","153","40","38","54","75","C0017665"
"7132","2","3","12","41","219","339","156","568","697","C0017665"
"23347","2","3","12","41","116","268","434","468","213","C0017671"
"7461","2","3","7","60","153","40","38","93","75","C0017671"
"5896","2","3","12","41","116","268","434","568","605","C0017671"
"6392","2","3","2","48","170","50","119","444","556","C0017671"
"81887","2","3","2","110","85","237","433","547","671","C0017919"
"2658","2","5","7","53","51","342","259","423","389","C0017919"
"8742","2","3","12","41","219","339","156","568","697","C0017922"
"5295","2","5","7","53","14","20","25","40","186","C0017922"
"4297","2","3","12","19","31","1","426","55","78","C0017924"
"1832","2","5","7","34","52","225","142","220","298","C0017924"
"5176","2","5","7","53","51","342","454","573","492","C0017979"
"54840","2","3","12","19","31","261","116","1","86","C0017979"
"80781","2","5","7","53","51","342","454","573","492","C0017979"
"3791","2","5","7","53","51","342","454","573","492","C0017979"
"6310","2","3","12","22","142","225","366","362","468","C0017979"
"6121","2","3","2","69","83","101","126","170","224","C0017979"
"1956","2","5","7","53","14","184","45","544","669","C0017979"
"7050","2","3","12","19","31","321","428","541","667","C0017979"
"3691","2","5","7","53","51","342","454","573","492","C0017979"
"5015","2","3","3","19","221","321","428","541","667","C0017979"
"4901","2","5","3","19","151","276","91","433","673","C0017979"
"1543","2","3","5","91","151","276","91","433","118","C0017979"
"3553","2","5","7","53","51","119","25","489","416","C0017979"
"9409","2","3","5","43","161","305","409","208","482","C0017979"
"950","2","5","7","60","14","184","341","544","669","C0017979"
"1184","2","5","8","63","45","23","34","464","187","C0017979"
"958","2","5","7","53","51","119","156","568","697","C0017979"
"1261","2","5","8","63","36","166","106","110","158","C0017979"
"2653","2","3","2","67","104","214","234","306","388","C0017979"
"7124","2","3","12","41","219","339","156","568","697","C0017979"
"2629","2","3","5","80","81","250","291","152","420","C0017979"
"5396","2","3","3","19","221","321","428","541","667","C0017979"
"7171","2","5","8","63","45","23","103","464","187","C0017979"
"3630","2","5","7","53","14","20","25","40","186","C0017979"
"3075","2","5","7","53","51","119","395","549","674","C0017979"
"5727","2","3","12","68","221","197","259","560","422","C0017979"
"6678","2","5","7","53","51","342","454","573","492","C0017979"
"2694","2","5","7","48","51","105","139","186","245","C0017979"
"4784","2","3","2","22","33","261","116","159","211","C0017979"
"7291","2","3","12","19","151","276","91","489","416","C0018021"
"9241","2","5","7","53","51","342","259","423","389","C0018021"
"2908","2","3","12","19","151","276","91","433","118","C0018021"
"2760","2","3","7","34","52","216","395","549","674","C0018021"
"1499","2","3","12","19","221","197","259","560","422","C0018021"
"3090","2","3","12","19","31","1","426","55","664","C0018021"
"4893","2","5","7","34","52","24","30","46","72","C0018021"
"10084","2","3","2","22","33","323","66","101","136","C0018021"
"3762","2","5","8","63","36","166","106","110","158","C0018021"
"2224","2","3","3","19","151","276","91","433","118","C0018021"
"132","2","3","2","110","85","237","433","80","394","C0018021"
"4683","2","3","12","19","31","261","116","1","86","C0018021"
"4053","2","5","7","53","51","342","454","573","492","C0018021"
"8200","2","5","7","53","51","342","259","423","389","C0018021"
"7490","2","3","3","19","221","321","428","541","667","C0018021"
"1311","2","5","7","53","51","342","454","573","492","C0018021"
"1756","2","5","8","63","45","23","103","464","187","C0018021"
"54790","2","3","12","19","31","1","426","55","78","C0018021"
"1414","2","5","6","11","45","160","362","177","673","C0018023"
"7168","2","5","8","63","45","23","103","464","187","C0018023"
"2121","2","3","12","41","116","268","434","568","605","C0018023"
"9215","2","5","2","27","36","150","430","215","628","C0018051"
"715","2","5","7","53","51","119","395","549","674","C0018051"
"1832","2","5","7","34","52","225","142","220","298","C0018051"
"672","2","3","12","19","31","261","116","1","86","C0018051"
"5654","2","5","7","53","51","342","454","573","492","C0018051"
"6948","2","5","7","48","51","105","139","186","245","C0018051"
"4535","2","3","2","48","170","50","119","444","556","C0018051"
"1134","2","5","8","27","70","99","162","216","290","C0018051"
"2623","2","3","12","19","31","1","155","287","116","C0018051"
"6845","2","5","7","60","14","184","341","544","669","C0018051"
"721","2","5","7","53","51","342","454","573","492","C0018051"
"3736","2","5","8","63","36","166","106","110","158","C0018051"
"6101","2","5","7","60","116","268","434","468","215","C0018051"
"9569","2","3","12","19","31","276","91","433","118","C0018051"
"4626","2","5","8","63","45","23","103","464","187","C0018051"
"8600","2","5","7","41","219","339","156","568","697","C0018051"
"51259","2","3","2","76","153","40","38","54","75","C0018051"
"9370","2","5","3","41","151","276","91","433","118","C0018051"
"7399","2","5","7","53","51","342","454","573","492","C0018051"
"2263","2","5","7","53","14","20","25","40","186","C0018051"
"6323","2","5","8","63","36","166","341","390","158","C0018054"
"486","2","5","8","63","45","23","103","464","187","C0018054"
"215","2","3","5","47","144","185","238","310","392","C0018054"
"3440","2","3","12","19","184","118","155","287","116","C0018055"
"3845","2","5","7","60","54","24","30","46","72","C0018055"
"55651","2","3","2","110","85","237","433","547","671","C0018055"
"2072","2","3","12","19","31","261","116","1","86","C0018055"
"23126","2","3","12","19","31","276","426","55","78","C0018055"
"2796","2","5","4","68","96","326","427","548","672","C0018055"
"5745","2","5","4","68","96","326","427","548","672","C0018055"
"6556","2","3","7","34","52","216","395","549","674","C0018055"
"6331","2","5","8","63","36","166","341","223","158","C0018055"
"1760","2","5","8","63","14","20","34","540","68","C0018055"
"6638","2","3","2","22","33","323","66","101","136","C0018055"
"26281","2","5","7","53","14","20","25","40","186","C0018055"
"4540","2","3","2","48","170","50","119","444","556","C0018055"
"1027","2","3","12","19","31","1","116","1","86","C0018055"
"5663","2","5","7","34","52","216","395","549","667","C0018055"
"5897","2","3","12","41","116","268","141","568","605","C0018055"
"4952","2","3","5","60","54","184","30","544","669","C0018055"
"25978","2","3","2","48","57","110","141","359","462","C0018055"
"4684","2","5","7","53","51","335","444","560","373","C0018055"
"3575","2","5","7","53","51","184","341","544","669","C0018099"
"3239","2","3","3","19","221","321","428","541","667","C0018099"
"196","2","3","3","19","151","276","91","433","118","C0018099"
"2260","2","5","7","53","14","20","25","40","186","C0018099"
"2260","2","5","7","53","14","20","25","40","186","C0018099"
"1736","2","3","2","110","85","237","433","547","671","C0018099"
"7099","2","5","7","41","219","339","156","568","697","C0018099"
"2645","2","3","2","90","167","266","367","101","664","C0018099"
"2184","2","3","5","76","153","138","236","332","407","C0018099"
"2118","2","3","12","41","116","268","91","433","605","C0018099"
"5468","2","3","3","19","151","276","91","433","118","C0018099"
"6866","2","5","4","68","96","326","427","548","672","C0018099"
"9750","2","5","7","63","45","110","91","565","562","C0018099"
"7157","2","3","12","19","31","261","402","489","551","C0018099"
"1062","2","3","12","76","153","40","38","54","75","C0018133"
"5896","2","3","12","41","116","268","434","568","605","C0018133"
"4893","2","5","7","34","52","24","30","46","72","C0018133"
"3172","2","3","3","19","151","276","91","433","118","C0018133"
"56246","2","5","4","68","96","326","427","548","672","C0018133"
"4041","2","5","3","68","221","197","259","560","422","C0018199"
"4629","2","5","8","63","45","23","103","464","187","C0018199"
"6792","2","5","7","53","14","20","34","540","68","C0018200"
"2301","2","5","6","11","142","225","142","220","673","C0018200"
"242","2","3","5","11","142","223","142","220","298","C0018203"
"10555","2","3","7","34","52","216","395","549","622","C0018203"
"1130","2","5","7","60","54","326","141","359","462","C0018203"
"3845","2","5","7","60","54","24","30","46","72","C0018203"
"6324","2","5","7","63","36","166","341","223","158","C0018203"
"1513","2","5","7","53","51","342","454","573","492","C0018203"
"9049","2","3","3","41","151","276","378","271","356","C0018213"
"94","2","5","7","53","51","342","259","423","389","C0018213"
"5468","2","3","3","19","151","276","91","433","118","C0018213"
"54345","2","5","3","19","221","321","428","541","667","C0018213"
"26012","2","3","12","19","31","261","116","159","211","C0018213"
"7276","2","5","7","34","52","216","395","549","674","C0018213"
"5002","2","5","8","45","94","199","240","415","666","C0018213"
"10166","2","3","2","84","97","167","210","278","360","C0018213"
"3815","2","5","7","53","14","20","25","40","186","C0018213"
"1490","2","5","7","53","51","342","454","573","492","C0018213"
"7353","2","3","12","41","219","339","156","568","605","C0018213"
"10743","2","3","3","19","151","276","91","433","118","C0018273"
"2353","2","3","12","19","31","1","91","489","416","C0018273"
"2147","2","5","7","68","51","342","454","573","492","C0018273"
"3284","2","3","2","69","98","169","299","183","243","C0018273"
"6595","2","3","12","19","31","1","426","55","78","C0018273"
"51715","2","5","7","60","54","24","30","46","72","C0018273"
"1026","2","3","12","19","31","1","116","489","416","C0018273"
"5896","2","3","12","41","116","268","434","568","605","C0018273"
"667","2","5","7","53","51","342","454","573","492","C0018273"
"2176","2","3","12","19","31","261","116","1","86","C0018273"
"4792","2","3","12","41","219","339","156","568","605","C0018273"
"7170","2","5","8","63","45","23","103","464","187","C0018273"
"2146","2","3","12","19","31","1","426","55","78","C0018273"
"1280","2","5","7","53","51","342","454","573","492","C0018273"
"9409","2","3","5","43","161","305","409","208","482","C0018273"
"2798","2","5","4","68","96","326","427","548","672","C0018273"
"8314","2","3","12","41","31","1","426","55","78","C0018273"
"2710","2","3","2","72","43","179","88","125","382","C0018273"
"1387","2","3","12","19","31","276","91","433","118","C0018273"
"2626","2","3","12","19","31","118","155","287","116","C0018273"
"2896","2","5","7","34","52","216","395","549","674","C0018273"
"207","2","3","7","53","14","20","34","489","416","C0018273"
"1280","2","5","7","53","51","342","454","573","492","C0018273"
"55163","2","3","5","80","81","166","120","161","228","C0018273"
"2120","2","3","12","19","31","193","306","148","624","C0018273"
"6154","2","3","2","110","85","237","433","547","671","C0018273"
"7274","2","3","5","43","161","99","162","216","290","C0018273"
"6799","2","3","2","37","105","92","113","154","201","C0018273"
"50","2","3","5","80","81","50","304","167","593","C0018273"
"5144","2","3","4","68","96","326","427","548","672","C0018273"
"330","2","3","12","41","219","339","156","568","697","C0018273"
"9782","2","3","2","22","33","323","66","101","136","C0018273"
"2132","2","3","2","74","58","112","148","193","263","C0018500"
"8200","2","5","7","53","51","342","259","423","389","C0018500"
"6935","2","3","3","19","221","321","428","541","667","C0018500"
"2261","2","5","7","53","14","20","25","40","186","C0018536"
"23522","2","3","12","19","31","1","426","55","78","C0018536"
"3954","2","3","2","48","170","67","119","444","593","C0018536"
"10262","2","3","2","22","33","323","66","101","136","C0018536"
"8626","2","3","3","19","221","321","428","541","667","C0018536"
"9247","2","5","7","53","221","197","259","423","389","C0018536"
"10939","2","3","2","48","170","50","119","444","593","C0018536"
"5146","2","3","5","86","72","258","318","403","518","C0018536"
"7080","2","3","3","19","221","321","428","541","667","C0018536"
"9370","2","5","3","41","151","276","91","433","118","C0018536"
"8398","2","3","5","116","183","40","38","352","455","C0018536"
"675","2","3","12","19","31","261","116","1","86","C0018536"
"5788","2","5","7","34","52","216","395","549","674","C0018536"
"3778","2","5","8","63","36","166","106","110","158","C0018536"
"5015","2","3","3","19","221","321","428","541","667","C0018536"
"1959","2","3","3","19","151","276","91","433","118","C0018536"
"2730","2","3","2","83","171","97","381","478","597","C0018536"
"10269","2","3","2","48","182","50","119","444","556","C0018536"
"987","2","3","6","48","94","279","347","330","304","C0018536"
"2158","2","5","7","68","51","119","395","549","674","C0018536"
"7124","2","3","12","41","219","339","156","568","697","C0018536"
"1280","2","5","7","53","51","342","454","573","492","C0018536"
"2879","2","3","5","80","81","166","378","173","229","C0018536"
"7461","2","3","7","60","153","40","38","93","75","C0018536"
"54903","2","3","12","76","153","40","38","54","75","C0018536"
"1281","2","5","7","53","51","342","454","573","492","C0018536"
"1814","2","5","4","68","96","326","427","548","672","C0018552"
"973","2","5","7","53","14","20","25","40","186","C0018552"
"3617","2","5","7","86","221","321","454","311","518","C0018552"
"6870","2","5","4","68","96","326","427","548","672","C0018553"
"10483","2","3","7","60","54","24","30","46","72","C0018553"
"1030","2","3","12","19","31","1","426","55","78","C0018553"
"2588","2","3","7","34","52","216","395","549","674","C0018553"
"5105","2","3","3","67","151","276","91","433","118","C0018553"
"2218","2","5","2","53","123","194","255","560","373","C0018553"
"2263","2","5","7","53","14","20","25","40","186","C0018553"
"79001","2","5","2","48","52","342","240","569","666","C0018553"
"5889","2","3","12","19","31","261","116","1","86","C0018553"
"6663","2","3","3","19","221","321","428","541","667","C0018564"
"50485","2","3","12","19","31","261","116","1","86","C0018564"
"4843","2","3","5","43","161","305","409","489","416","C0018564"
"10733","2","3","12","76","153","40","38","54","75","C0018564"
"1134","2","5","8","27","70","99","162","216","290","C0018564"
"2263","2","5","7","53","14","20","25","40","186","C0018564"
"23483","2","3","2","28","191","306","143","452","258","C0018564"
"23636","2","3","12","22","33","323","66","101","664","C0018564"
"8195","2","3","12","76","153","76","38","54","75","C0018564"
"462","2","5","7","53","51","342","454","573","492","C0018564"
"55130","2","3","12","76","153","76","38","54","75","C0018564"
"11107","2","3","12","19","31","1","426","55","78","C0018564"
"8216","2","3","12","41","119","330","214","454","144","C0018564"
"5830","2","3","5","43","161","305","409","208","482","C0018564"
"1717","2","3","2","19","151","276","48","69","204","C0018564"
"3195","2","3","3","19","221","321","428","541","667","C0018564"
"8910","2","5","8","63","45","23","103","464","187","C0018564"
"860","2","3","12","19","31","276","91","433","118","C0018564"
"54716","2","5","8","45","94","199","240","415","666","C0018564"
"2313","2","3","12","19","31","276","91","433","118","C0018564"
"4621","2","5","8","63","45","23","103","464","187","C0018564"
"950","2","5","7","60","14","184","341","544","669","C0018564"
"23384","2","3","12","63","45","184","103","572","658","C0018564"
"9126","2","3","12","76","153","40","38","54","75","C0018564"
"2395","2","3","2","48","170","50","304","167","593","C0018564"
"7439","2","5","8","63","45","23","34","464","187","C0018564"
"2200","2","5","7","53","51","342","454","573","492","C0018564"
"3195","2","3","3","19","221","321","428","541","667","C0018564"
"3549","2","5","3","53","51","197","259","560","422","C0018564"
"4514","2","3","2","48","57","110","141","359","5","C0018564"
"875","2","3","5","80","137","44","21","451","316","C0018564"
"5160","2","3","2","67","92","293","55","75","311","C0018564"
"5894","2","5","7","60","54","23","34","464","187","C0018566"
"51702","2","3","12","19","31","1","426","55","78","C0018566"
"816","2","5","7","53","14","20","34","540","68","C0018566"
"538","2","3","8","63","45","23","103","464","187","C0018566"
"3977","2","5","7","53","51","119","25","40","416","C0018566"
"10549","2","5","7","34","52","216","395","549","674","C0018566"
"27077","2","3","12","76","153","40","38","54","75","C0018566"
"7428","2","3","12","41","116","268","434","468","213","C0018566"
"4221","2","3","12","19","31","342","454","573","492","C0018671"
"7298","2","3","12","76","153","40","38","54","75","C0018671"
"2475","2","3","2","48","57","110","141","359","462","C0018671"
"3832","2","3","12","76","153","40","38","54","75","C0018671"
"968","2","5","7","34","52","216","395","549","674","C0018671"
"10084","2","3","2","22","33","323","66","101","136","C0018671"
"25970","2","5","7","53","14","20","25","40","116","C0018671"
"4854","2","5","7","53","51","143","428","236","667","C0018671"
"9401","2","3","12","76","31","261","116","1","86","C0018671"
"2554","2","5","8","27","70","99","162","216","290","C0018671"
"3106","2","5","7","34","52","119","395","549","674","C0018671"
"6785","2","3","5","67","7","5","239","311","393","C0018671"
"7507","2","3","12","19","31","261","116","1","86","C0018671"
"355","2","3","7","41","219","339","156","568","697","C0018671"
"5184","2","3","5","80","81","166","52","105","349","C0018671"
"2218","2","5","2","53","123","194","255","560","373","C0018671"
"10273","2","3","12","41","116","268","434","468","213","C0018671"
"5308","2","3","3","19","221","321","428","541","667","C0018671"
"51218","2","3","2","48","170","50","119","100","556","C0018671"
"2915","2","5","4","68","96","326","427","548","672","C0018671"
"9343","2","3","2","22","33","323","66","101","136","C0018671"
"4851","2","3","12","19","221","143","428","236","667","C0018671"
"2263","2","5","7","53","14","20","25","40","186","C0018671"
"2582","2","3","2","78","206","324","430","429","544","C0018671"
"1128","2","5","4","68","96","326","427","548","672","C0018671"
"1278","2","5","7","53","51","342","454","573","492","C0018671"
"5932","2","3","12","19","31","261","116","1","86","C0018780"
"3040","2","5","5","53","51","342","40","78","178","C0018780"
"199","2","5","7","34","52","216","395","549","674","C0018780"
"26580","2","5","8","27","70","99","162","216","290","C0018780"
"1593","2","3","5","79","152","273","157","333","277","C0018781"
"9420","2","3","5","79","159","256","215","282","366","C0018781"
"1277","2","5","7","53","51","342","454","573","492","C0018781"
"1146","2","5","8","27","70","99","162","216","290","C0018781"
"6197","2","3","12","19","14","20","34","540","68","C0018781"
"23729","2","3","2","90","167","148","36","51","383","C0018790"
"8526","2","3","2","63","30","193","306","390","158","C0018790"
"2074","2","3","12","19","31","1","426","55","78","C0018790"
"1639","2","3","12","76","153","40","38","54","75","C0018790"
"4615","2","3","12","41","219","339","156","568","697","C0018790"
"5251","2","3","5","80","81","296","474","593","722","C0018790"
"9968","2","4","3","24","119","330","214","454","144","C0018790"
"55294","2","3","12","41","116","268","434","468","213","C0018790"
"6757","2","3","12","11","142","225","426","54","673","C0018790"
"6575","2","3","8","45","94","199","240","415","666","C0018790"
"1490","2","5","7","53","51","342","454","573","492","C0018794"
"4487","2","3","3","19","221","321","428","541","667","C0018794"
"55343","2","3","4","68","69","306","410","520","639","C0018808"
"3383","2","5","7","53","51","119","454","287","116","C0018808"
"125","2","3","2","75","120","200","263","251","425","C0018808"
"2200","2","5","7","53","51","342","454","573","492","C0018808"
"9782","2","3","2","22","33","323","66","101","136","C0018808"
"2189","2","3","12","19","31","261","116","1","86","C0018816"
"4358","2","3","5","43","161","305","409","208","482","C0018816"
"1778","2","3","7","76","153","40","38","54","75","C0018816"
"9049","2","3","3","41","151","276","378","271","356","C0018816"
"10128","2","3","2","48","170","50","119","444","556","C0018816"
"4763","2","5","7","60","54","24","30","46","214","C0018816"
"26277","2","3","12","19","31","1","426","1","78","C0018816"
"6774","2","3","12","53","14","276","25","489","416","C0018816"
"4541","2","3","2","48","170","50","119","444","24","C0018816"
"1501","2","5","7","27","36","150","341","223","628","C0018816"
"4647","2","5","7","60","83","101","126","170","224","C0018816"
"7390","2","3","5","80","81","166","132","175","473","C0018816"
"54345","2","5","3","19","221","321","428","541","667","C0018816"
"3784","2","5","8","63","36","166","106","110","158","C0018816"
"55135","2","3","12","76","137","76","136","472","435","C0018816"
"29968","2","3","8","67","94","199","182","509","666","C0018816"
"51684","2","3","12","41","116","268","38","54","75","C0018816"
"5004","2","5","7","34","52","216","395","549","674","C0018816"
"4633","2","5","8","63","45","23","103","464","187","C0018816"
"1277","2","5","7","53","51","342","454","573","492","C0018816"
"1301","2","5","7","53","51","342","454","573","492","C0018816"
"8822","2","5","7","53","14","20","25","40","186","C0018816"
"57822","2","3","12","19","31","1","426","55","78","C0018816"
"4000","2","3","12","26","105","178","226","297","156","C0018816"
"8287","2","3","12","41","219","339","156","568","605","C0018843"
"11020","2","5","7","60","54","24","30","46","72","C0018843"
"3764","2","5","8","63","36","166","106","110","158","C0018843"
"23169","2","3","2","78","205","112","430","429","544","C0018843"
"3717","2","5","7","53","14","20","25","40","186","C0018843"
"7468","2","3","12","19","31","1","426","55","78","C0018843"
"1737","2","3","2","67","92","293","55","75","311","C0018843"
"54806","2","5","7","76","153","40","38","54","75","C0018843"
"652","2","5","7","53","51","342","454","573","492","C0018843"
"6949","2","3","2","110","85","237","164","390","311","C0018843"
"368","2","3","12","41","116","268","423","536","445","C0018843"
"1387","2","3","12","19","31","276","91","433","118","C0018843"
"673","2","5","7","53","14","20","34","540","68","C0018843"
"7439","2","5","8","63","45","23","34","464","187","C0018916"
"5830","2","3","5","43","161","305","409","208","482","C0018916"
"2956","2","3","12","19","31","261","116","1","86","C0018916"
"50846","2","3","3","68","221","197","259","560","422","C0018916"
"8106","2","3","2","22","33","323","66","101","136","C0018916"
"23322","2","3","12","76","153","40","38","54","75","C0018916"
"3630","2","5","7","53","14","20","25","40","186","C0018916"
"6016","2","5","7","60","54","24","30","46","72","C0018916"
"4214","2","3","12","41","219","339","34","540","117","C0018916"
"5645","2","5","7","34","52","216","395","549","674","C0018916"
"2643","2","3","5","87","91","75","204","267","352","C0018916"
"2006","2","5","7","53","51","342","454","573","492","C0018916"
"9056","2","3","8","45","94","199","240","415","666","C0018916"
"5325","2","3","12","19","31","198","261","146","118","C0018916"
"2239","2","3","2","74","51","342","454","573","492","C0018916"
"3265","2","5","7","60","54","24","30","46","72","C0018916"
"9569","2","3","12","19","31","276","91","433","118","C0018916"
"10528","2","3","2","110","85","237","433","547","671","C0018916"
"6576","2","3","2","45","94","199","240","569","666","C0018916"
"6872","2","3","12","19","31","261","116","159","211","C0018916"
"54903","2","3","12","76","153","40","38","54","75","C0018916"
"7048","2","5","7","53","51","342","259","423","389","C0018916"
"7169","2","5","8","63","45","23","103","464","187","C0018916"
"6622","2","3","7","27","36","150","341","223","628","C0018916"
"2296","2","3","3","19","221","321","428","541","667","C0018920"
"7545","2","5","3","34","52","216","142","220","298","C0018920"
"1717","2","3","2","19","151","276","48","69","204","C0018920"
"5982","2","3","12","19","31","261","116","1","86","C0018920"
"4214","2","3","12","41","219","339","34","540","117","C0018920"
"1499","2","3","12","19","221","197","259","560","422","C0018920"
"9049","2","3","3","41","151","276","378","271","356","C0018920"
"2200","2","5","7","53","51","342","454","573","492","C0018920"
"4998","2","3","12","76","31","261","116","1","86","C0018920"
"959","2","5","7","53","51","119","395","549","674","C0018920"
"1352","2","3","2","48","170","50","119","444","556","C0018920"
"1717","2","3","2","19","151","276","48","69","204","C0018920"
"26608","2","3","2","22","170","50","119","463","153","C0018920"
"5332","2","3","4","68","96","326","427","548","672","C0018920"
"4513","2","3","2","48","170","110","141","359","532","C0018920"
"8924","2","3","12","41","116","268","434","468","213","C0018920"
"6689","2","3","12","19","31","276","91","433","118","C0018920"
"54551","2","3","12","41","219","197","156","568","422","C0018920"
"340061","2","5","7","34","52","216","395","549","674","C0018920"
"7508","2","3","12","19","31","261","116","1","664","C0018920"
"9197","2","3","2","67","92","293","55","75","311","C0018922"
"55636","2","3","3","19","221","321","428","423","389","C0018922"
"8842","2","5","5","53","82","147","184","179","328","C0018923"
"427","2","3","7","34","52","216","395","549","420","C0018923"
"5917","2","3","2","110","85","237","433","547","154","C0018923"
"4000","2","3","12","26","105","178","226","297","156","C0018923"
"5332","2","3","4","68","96","326","427","548","672","C0018923"
"2879","2","3","5","80","81","166","378","173","229","C0018923"
"9380","2","3","2","67","128","208","289","366","472","C0018923"
"3359","2","5","8","27","70","99","162","216","290","C0018923"
"6792","2","5","7","53","14","20","34","540","68","C0018923"
"2554","2","5","8","27","70","99","162","216","290","C0018923"
"2303","2","5","3","19","221","321","428","541","667","C0018923"
"4627","2","5","7","63","45","184","103","572","658","C0018923"
"6329","2","5","8","63","36","166","341","390","158","C0018923"
"10804","2","3","12","76","153","40","38","54","75","C0018923"
"6611","2","3","2","58","55","25","46","329","198","C0018923"
"6519","2","3","5","45","94","199","240","415","666","C0018923"
"3988","2","3","5","98","174","277","379","476","42","C0018923"
"728294","2","3","2","48","170","152","119","252","154","C0018923"
"1594","2","3","5","92","163","96","363","460","487","C0018924"
"10019","2","5","7","53","14","20","25","40","116","C0018924"
"1584","2","3","5","79","159","256","276","353","456","C0018924"
"617","2","3","2","48","170","50","304","167","593","C0018924"
"546","2","3","12","19","31","261","426","1","86","C0018924"
"54714","2","5","8","63","36","166","106","110","158","C0018924"
"3852","2","1","6","11","142","225","142","220","298","C0018924"
"8452","2","3","12","41","116","268","434","468","213","C0018924"
"4000","2","3","12","26","105","178","226","297","156","C0018924"
"1630","2","5","7","53","51","335","444","560","373","C0018924"
"1184","2","5","8","63","45","23","34","464","187","C0018924"
"2247","2","5","7","53","14","20","25","40","186","C0018926"
"55212","2","3","12","76","153","76","38","54","75","C0018926"
"4010","2","3","3","19","221","321","428","541","667","C0018926"
"6314","2","3","12","19","31","1","426","568","78","C0018926"
"27429","2","3","12","41","219","339","156","568","697","C0018932"
"8322","2","5","3","68","221","184","259","544","669","C0018932"
"1358","2","3","5","80","81","166","397","447","586","C0018932"
"3425","2","3","5","80","81","166","454","573","492","C0018932"
"34","2","3","2","19","151","276","91","433","118","C0018932"
"54894","2","3","12","41","221","197","259","499","422","C0018932"
"2239","2","3","2","74","51","342","454","573","492","C0018932"
"6662","2","3","3","19","221","321","428","541","667","C0018932"
"3845","2","5","7","60","54","24","30","46","72","C0018932"
"6785","2","3","5","67","7","5","239","311","393","C0018939"
"4004","2","3","12","19","31","1","426","55","78","C0018939"
"5830","2","3","5","43","161","305","409","208","482","C0018939"
"9445","2","3","12","19","31","1","426","55","78","C0018939"
"875","2","3","5","80","137","44","21","451","316","C0018939"
"54809","2","5","7","50","30","193","306","148","624","C0018939"
"5728","2","3","5","80","81","339","156","568","605","C0018939"
"1475","2","1","6","11","142","225","142","220","298","C0018939"
"126328","2","3","2","48","170","50","119","444","556","C0018939"
"4313","2","5","7","53","51","342","454","573","492","C0018939"
"7157","2","3","12","19","31","261","402","489","551","C0018939"
"4313","2","5","7","53","51","342","454","573","492","C0018939"
"5828","2","3","5","43","161","305","409","208","482","C0018939"
"4791","2","3","12","41","219","339","156","568","697","C0018939"
"2316","2","5","7","53","51","342","454","573","702","C0018939"
"3909","2","5","7","53","51","342","454","573","492","C0018939"
"9321","2","3","12","76","153","40","38","54","203","C0018939"
"4868","2","5","7","53","51","335","25","560","373","C0018939"
"4000","2","3","12","26","105","178","226","297","156","C0018975"
"3240","2","5","7","34","52","216","395","549","674","C0018975"
"3984","2","5","7","53","14","20","34","540","68","C0018975"
"4878","2","3","12","19","31","1","426","55","78","C0018975"
"112476","2","3","2","48","170","50","119","444","556","C0018979"
"5296","2","5","7","53","14","20","25","40","186","C0018979"
"200942","2","3","12","76","137","76","136","472","435","C0018979"
"5144","2","3","4","68","96","326","427","548","672","C0018979"
"3106","2","5","7","34","52","119","395","549","674","C0018979"
"3381","2","5","7","53","51","342","454","573","492","C0018979"
"9031","2","3","12","19","31","1","426","55","78","C0018979"
"54361","2","5","3","68","221","197","259","560","422","C0018979"
"11277","2","3","12","19","31","261","116","1","86","C0018979"
"9719","2","5","7","53","51","342","454","573","492","C0018979"
"6899","2","5","7","53","184","335","259","560","373","C0018979"
"9031","2","3","12","19","31","1","426","55","78","C0018979"
"1861","2","5","7","60","14","184","341","544","669","C0018979"
"22","2","3","2","48","170","279","423","274","154","C0018979"
"3832","2","3","12","76","153","40","38","54","75","C0018979"
"540","2","5","8","63","45","23","103","464","187","C0018991"
"10572","2","3","12","41","219","339","402","489","697","C0018991"
"4359","2","5","7","53","51","342","454","573","492","C0018991"
"9786","2","3","12","76","153","40","38","54","75","C0018991"
"538","2","3","8","63","45","23","103","464","187","C0018991"
"1302","2","5","7","53","51","342","454","573","492","C0018991"
"4221","2","3","12","19","31","342","454","573","492","C0018991"
"5745","2","5","4","68","96","326","427","548","672","C0018991"
"9197","2","3","2","67","92","293","55","75","311","C0018991"
"26277","2","3","12","19","31","1","426","1","78","C0018991"
"54361","2","5","3","68","221","197","259","560","422","C0018991"
"3717","2","5","7","53","14","20","25","40","186","C0018991"
"1277","2","5","7","53","51","342","454","573","492","C0018991"
"1244","2","3","12","41","116","268","423","536","445","C0018995"
"1280","2","5","7","53","51","342","454","573","492","C0018995"
"10516","2","5","7","53","51","342","454","573","492","C0018995"
"189","2","3","5","43","161","305","409","208","482","C0018995"
"9841","2","3","6","11","142","225","142","220","298","C0018995"
"4968","2","3","12","19","31","261","116","1","86","C0018995"
"7421","2","3","3","19","151","276","91","433","118","C0018995"
"4524","2","3","2","15","166","104","369","117","583","C0018995"
"1280","2","5","7","53","51","342","454","573","492","C0018995"
"5828","2","3","5","43","161","305","409","208","482","C0018995"
"5831","2","3","2","101","62","189","182","566","409","C0018995"
"6010","2","5","4","68","96","326","427","548","672","C0018995"
"7170","2","5","8","63","45","23","103","464","187","C0019025"
"26580","2","5","8","27","70","99","162","216","290","C0019025"
"540","2","5","8","63","45","23","103","464","187","C0019025"
"1294","2","5","7","53","51","342","454","573","492","C0019025"
"1103","2","3","2","67","92","293","55","75","311","C0019050"
"1281","2","5","7","53","51","342","454","573","492","C0019050"
"2879","2","3","5","80","81","166","378","173","229","C0019054"
"2584","2","3","2","72","117","196","257","326","46","C0019054"
"1303","2","5","7","53","51","342","454","573","492","C0019054"
"23396","2","3","7","60","14","184","341","544","669","C0019054"
"7508","2","3","12","19","31","261","116","1","664","C0019054"
"2010","2","3","12","26","105","296","226","488","156","C0019054"
"10736","2","3","3","19","221","321","428","541","667","C0019061"
"7020","2","3","12","19","31","276","91","433","664","C0019061"
"1540","2","3","12","41","219","339","156","568","605","C0019061"
"1832","2","5","7","34","52","225","142","220","298","C0019061"
"5332","2","3","4","68","96","326","427","548","672","C0019061"
"3459","2","5","7","53","184","119","156","287","116","C0019061"
"3798","2","3","7","76","153","40","38","54","75","C0019061"
"5781","2","5","7","53","14","20","25","40","186","C0019061"
"57817","2","5","7","34","51","342","350","243","561","C0019061"
"51626","2","3","12","76","153","40","38","54","75","C0019069"
"9533","2","3","2","19","31","1","426","55","78","C0019069"
"8643","2","5","3","68","221","197","259","560","422","C0019079"
"667","2","5","7","53","51","342","454","573","492","C0019079"
"5087","2","3","3","19","221","321","428","541","667","C0019079"
"5190","2","3","5","43","161","305","409","208","482","C0019079"
"1026","2","3","12","19","31","1","116","489","416","C0019079"
"5307","2","3","3","19","221","321","428","541","667","C0019079"
"7124","2","3","12","41","219","339","156","568","697","C0019080"
"5318","2","1","6","11","142","225","142","220","298","C0019080"
"1815","2","5","4","68","96","326","427","548","672","C0019080"
"9632","2","3","7","60","153","40","38","54","203","C0019080"
"7137","2","5","8","63","45","23","103","464","187","C0019080"
"2132","2","3","2","74","58","112","148","193","263","C0019080"
"10908","2","3","2","97","173","275","377","473","592","C0019080"
"51085","2","3","2","48","57","110","141","359","462","C0019080"
"4763","2","5","7","60","54","24","30","46","214","C0019080"
"3284","2","3","2","69","98","169","299","183","243","C0019080"
"4843","2","3","5","43","161","305","409","489","416","C0019080"
"617","2","3","2","48","170","50","304","167","593","C0019080"
"3920","2","5","7","34","52","216","395","549","674","C0019080"
"10225","2","5","7","53","51","119","395","549","674","C0019080"
"7292","2","5","12","41","219","339","156","568","697","C0019080"
"2626","2","3","12","19","31","118","155","287","116","C0019080"
"1305","2","5","7","53","51","342","454","573","492","C0019080"
"3308","2","3","12","41","219","339","347","271","356","C0019087"
"10082","2","3","2","74","51","342","454","573","492","C0019087"
"2200","2","5","7","53","51","342","454","573","492","C0019087"
"3178","2","3","2","22","33","323","66","101","136","C0019087"
"347","2","3","7","98","51","298","401","506","626","C0019087"
"2057","2","5","7","53","14","20","25","40","186","C0019087"
"54453","2","5","7","60","54","24","30","46","72","C0019087"
"1282","2","5","7","53","51","342","454","573","492","C0019087"
"4920","2","5","7","53","14","20","259","560","373","C0019087"
"2067","2","3","12","19","31","261","116","1","86","C0019087"
"9652","2","3","2","110","85","237","433","547","671","C0019087"
"4643","2","5","7","60","14","20","25","40","215","C0019087"
"2138","2","3","12","19","31","1","426","55","78","C0019087"
"8942","2","3","5","52","212","183","307","391","507","C0019087"
"6870","2","5","4","68","96","326","427","548","672","C0019087"
"8195","2","3","12","76","153","76","38","54","75","C0019087"
"25942","2","3","12","19","31","1","426","55","78","C0019087"
"84987","2","3","2","48","170","50","119","444","556","C0019087"
"1019","2","3","12","19","31","1","116","1","86","C0019087"
"4312","2","5","7","53","51","342","454","573","492","C0019087"
"22802","2","5","8","63","45","23","34","464","187","C0019087"
"1910","2","5","4","68","96","326","427","548","672","C0019087"
"1311","2","5","7","53","51","342","454","573","492","C0019087"
"7827","2","5","7","53","170","335","25","560","373","C0019087"
"7157","2","3","12","19","31","261","402","489","551","C0019087"
"8600","2","5","7","41","219","339","156","568","697","C0019087"
"2182","2","3","2","67","92","265","284","147","235","C0019087"
"1184","2","5","8","63","45","23","34","464","187","C0019087"
"51317","2","3","12","19","31","1","426","55","78","C0019087"
"54205","2","3","2","48","170","50","119","444","556","C0019087"
"2263","2","5","7","53","14","20","25","40","186","C0019100"
"81608","2","3","2","22","33","323","66","101","136","C0019100"
"5350","2","5","8","63","45","23","103","464","187","C0019100"
"9820","2","3","12","41","116","268","434","468","213","C0019151"
"2767","2","5","4","68","96","326","427","548","672","C0019151"
"3115","2","5","7","53","184","119","156","287","116","C0019151"
"2033","2","3","12","19","31","1","91","433","118","C0019151"
"5993","2","3","12","19","31","1","426","55","78","C0019151"
"2710","2","3","2","72","43","179","88","125","382","C0019151"
"10060","2","3","8","41","45","23","423","464","445","C0019151"
"1146","2","5","8","27","70","99","162","216","290","C0019151"
"546","2","3","12","19","31","261","426","1","86","C0019151"
"7306","2","5","5","23","18","138","250","332","407","C0019151"
"6772","2","3","12","53","184","119","156","287","116","C0019151"
"1154","2","3","12","41","116","268","434","468","213","C0019151"
"5660","2","5","7","34","52","326","427","548","702","C0019151"
"55605","2","3","12","76","153","40","38","54","75","C0019151"
"673","2","5","7","53","14","20","34","540","68","C0019151"
"3265","2","5","7","60","54","24","30","46","72","C0019156"
"1583","2","3","5","79","152","273","375","100","589","C0019156"
"55624","2","3","2","78","123","194","255","215","412","C0019158"
"1956","2","5","7","53","14","184","45","544","669","C0019158"
"7015","2","3","12","19","31","1","426","55","78","C0019158"
"2052","2","3","5","91","130","114","290","367","475","C0019158"
"6655","2","5","7","60","54","24","30","46","72","C0019158"
"6569","2","3","8","45","94","199","240","415","666","C0019158"
"3763","2","5","8","63","36","166","106","110","158","C0019158"
"9663","2","3","5","80","81","296","51","488","102","C0019158"
"9049","2","3","3","41","151","276","378","271","356","C0019158"
"3952","2","5","3","53","151","276","91","433","118","C0019158"
"1301","2","5","7","53","51","342","454","573","492","C0019158"
"57680","2","3","12","19","31","1","426","55","78","C0019158"
"1280","2","5","7","53","51","342","454","573","492","C0019158"
"617","2","3","2","48","170","50","304","167","593","C0019158"
"7031","2","3","12","19","31","1","426","55","78","C0019158"
"2897","2","5","8","63","36","166","106","110","158","C0019158"
"6813","2","5","7","53","51","342","454","573","702","C0019158"
"5339","2","5","7","53","51","342","454","573","492","C0019158"
"3172","2","3","3","19","151","276","91","433","118","C0019158"
"8450","2","3","12","41","116","268","434","468","213","C0019158"
"3117","2","5","7","53","153","119","156","287","116","C0019158"
"59341","2","5","8","63","45","193","306","390","158","C0019158"
"3717","2","5","7","53","14","20","25","40","186","C0019158"
"25886","2","3","12","76","153","76","136","472","435","C0019158"
"3981","2","3","12","19","31","261","116","1","86","C0019163"
"8912","2","5","8","63","36","166","306","390","158","C0019163"
"4920","2","5","7","53","14","20","259","560","373","C0019163"
"8575","2","3","2","22","33","323","66","101","194","C0019163"
"10804","2","3","12","76","153","40","38","54","75","C0019163"
"185","2","5","4","68","96","326","427","548","672","C0019163"
"3853","2","1","6","11","142","225","142","220","298","C0019163"
"6499","2","3","2","110","85","237","433","547","671","C0019163"
"3454","2","5","7","53","184","119","156","287","116","C0019163"
"546","2","3","12","19","31","261","426","1","86","C0019163"
"5077","2","3","3","19","221","321","428","541","667","C0019163"
"50945","2","3","3","48","170","335","347","560","373","C0019163"
"4693","2","5","7","53","51","342","454","573","492","C0019187"
"1075","2","5","7","34","52","216","395","549","674","C0019187"
"5925","2","3","12","19","31","1","426","55","78","C0019188"
"613","2","5","7","60","54","24","30","46","72","C0019188"
"3265","2","5","7","60","54","24","30","46","72","C0019188"
"959","2","5","7","53","51","119","395","549","674","C0019189"
"55624","2","3","2","78","123","194","255","215","412","C0019189"
"2879","2","3","5","80","81","166","378","173","229","C0019189"
"2261","2","5","7","53","14","20","25","40","186","C0019189"
"1490","2","5","7","53","51","342","454","573","492","C0019189"
"23064","2","3","6","11","31","261","142","220","664","C0019189"
"9469","2","3","2","103","189","303","29","475","467","C0019189"
"7170","2","5","8","63","45","23","103","464","187","C0019189"
"3630","2","5","7","53","14","20","25","40","186","C0019189"
"54808","2","3","12","76","153","40","38","54","75","C0019189"
"3030","2","3","2","48","57","339","44","65","31","C0019189"
"10020","2","3","2","89","124","204","42","452","258","C0019189"
"1020","2","3","12","19","14","118","34","540","68","C0019189"
"1302","2","5","7","53","51","342","454","573","492","C0019189"
"7474","2","5","3","68","221","184","259","544","669","C0019189"
"2629","2","3","5","80","81","250","291","152","420","C0019189"
"3845","2","5","7","60","54","24","30","46","72","C0019189"
"658","2","5","7","53","51","342","259","423","389","C0019189"
"10518","2","3","2","22","170","50","119","444","556","C0019189"
"9966","2","5","12","41","219","339","156","568","697","C0019189"
"2990","2","3","7","34","52","216","395","549","674","C0019189"
"2639","2","3","2","71","148","34","160","115","164","C0019189"
"2261","2","5","7","53","14","20","25","40","186","C0019189"
"2774","2","2","1","9","15","21","28","42","62","C0019196"
"4337","2","3","2","80","91","75","204","267","352","C0019196"
"1906","2","5","4","68","96","326","427","548","672","C0019196"
"8085","2","3","12","19","31","1","426","55","78","C0019196"
"6469","2","5","3","53","221","197","259","560","422","C0019196"
"8313","2","3","12","41","219","339","156","568","605","C0019196"
"2969","2","3","12","19","31","276","91","433","118","C0019196"
"50717","2","3","12","41","116","268","434","468","213","C0019196"
"6785","2","3","5","67","7","5","239","311","393","C0019196"
"7010","2","5","7","53","14","20","25","40","186","C0019196"
"9782","2","3","2","22","33","323","66","101","136","C0019196"
"9627","2","3","12","19","31","1","426","55","78","C0019196"
"6584","2","3","8","45","94","199","240","415","666","C0019196"
"26229","2","3","2","74","205","191","396","408","257","C0019196"
"8091","2","3","12","110","109","22","262","129","638","C0019196"
"3106","2","5","7","34","52","119","395","549","674","C0019202"
"11200","2","3","12","19","31","261","116","1","86","C0019202"
"1967","2","3","2","110","85","237","433","547","671","C0019202"
"3931","2","3","5","116","183","295","454","243","327","C0019202"
"3914","2","5","7","53","51","342","454","573","492","C0019202"
"7468","2","3","12","19","31","1","426","55","78","C0019202"
"538","2","3","8","63","45","23","103","464","187","C0019202"
"25978","2","3","2","48","57","110","141","359","462","C0019202"
"3251","2","3","4","68","96","326","427","341","150","C0019202"
"7015","2","3","12","19","31","1","426","55","78","C0019202"
"2626","2","3","12","19","31","118","155","287","116","C0019202"
"2668","2","5","7","53","14","20","25","40","186","C0019202"
"10716","2","5","7","53","51","335","444","560","373","C0019202"
"6469","2","5","3","53","221","197","259","560","422","C0019202"
"25836","2","3","12","76","153","40","38","54","75","C0019202"
"10134","2","3","2","41","219","339","156","536","342","C0019202"
"8504","2","3","5","47","144","185","238","310","392","C0019202"
"7415","2","3","7","34","52","216","395","536","445","C0019202"
"6794","2","3","12","53","14","20","34","540","68","C0019202"
"54888","2","3","2","110","85","152","129","252","154","C0019202"
"3703","2","3","2","78","26","54","283","118","124","C0019202"
"6154","2","3","2","110","85","237","433","547","671","C0019202"
"1277","2","5","7","53","51","342","454","573","492","C0019202"
"3558","2","5","7","53","14","20","25","40","186","C0019202"
"4247","2","3","2","68","67","320","98","180","279","C0019212"
"1080","2","3","12","41","219","339","156","544","669","C0019212"
"3990","2","3","5","26","35","178","9","414","220","C0019214"
"5831","2","3","2","101","62","189","182","566","409","C0019214"
"26580","2","5","8","27","70","99","162","216","290","C0019214"
"2110","2","3","2","48","170","50","119","444","556","C0019214"
"1409","2","3","12","76","153","40","38","54","75","C0019214"
"146059","2","3","12","19","31","261","116","1","86","C0019214"
"8626","2","3","3","19","221","321","428","541","667","C0019214"
"167691","2","3","12","76","153","40","38","54","75","C0019214"
"1301","2","5","7","53","51","342","454","573","492","C0019214"
"5573","2","3","12","19","184","118","155","287","116","C0019214"
"189","2","3","5","43","161","305","409","208","482","C0019214"
"5336","2","3","7","53","14","20","25","40","215","C0019214"
"3758","2","5","8","63","36","166","106","110","158","C0019214"
"7737","2","3","12","22","33","268","434","468","213","C0019214"
"10082","2","3","2","74","51","342","454","573","492","C0019214"
"1289","2","5","7","53","51","342","454","573","492","C0019214"
"5589","2","5","7","53","51","342","454","573","492","C0019214"
"6445","2","5","8","63","45","23","103","464","187","C0019214"
"2629","2","3","5","80","81","250","291","152","420","C0019214"
"3265","2","5","7","60","54","24","30","46","72","C0019214"
"1723","2","3","2","48","170","50","119","444","556","C0019214"
"2263","2","5","7","53","14","20","25","40","186","C0019214"
"9896","2","3","5","80","81","296","399","201","274","C0019243"
"9786","2","3","12","76","153","40","38","54","75","C0019243"
"3759","2","5","8","63","36","166","106","110","158","C0019243"
"9101","2","3","12","41","219","339","156","568","605","C0019270"
"4902","2","5","7","53","14","20","25","40","186","C0019270"
"23095","2","3","7","76","153","40","38","54","75","C0019270"
"6134","2","3","2","110","85","237","433","547","671","C0019270"
"6010","2","5","4","68","96","326","427","548","672","C0019270"
"4591","2","3","12","41","116","268","434","468","213","C0019270"
"4089","2","3","12","19","219","339","259","423","605","C0019270"
"2629","2","3","5","80","81","250","291","152","420","C0019270"
"4851","2","3","12","19","221","143","428","236","667","C0019270"
"4436","2","3","12","19","31","261","116","1","86","C0019288"
"732","2","5","7","53","51","119","395","549","674","C0019288"
"1723","2","3","2","48","170","50","119","444","556","C0019288"
"2896","2","5","7","34","52","216","395","549","674","C0019288"
"6640","2","5","7","42","36","71","177","223","219","C0019288"
"118856","2","5","7","53","51","342","454","573","492","C0019288"
"3778","2","5","8","63","36","166","106","110","158","C0019288"
"51651","2","3","12","41","219","339","156","568","605","C0019337"
"8139","2","3","12","41","116","268","434","468","213","C0019337"
"54585","2","3","12","76","153","76","38","54","75","C0019337"
"5979","2","5","7","53","14","20","25","40","186","C0019337"
"472","2","3","12","19","31","261","116","1","86","C0019337"
"5745","2","5","4","68","96","326","427","548","672","C0019337"
"834","2","5","12","41","219","339","156","568","697","C0019337"
"3914","2","5","7","53","51","342","454","573","492","C0019337"
"6005","2","3","2","16","197","45","155","78","695","C0019337"
"10617","2","3","12","48","57","110","141","359","462","C0019372"
"6497","2","5","3","19","221","342","259","423","389","C0019372"
"1277","2","5","7","53","51","342","454","573","492","C0019372"
"26012","2","3","12","19","31","261","116","159","211","C0019521"
"1281","2","5","7","53","51","342","454","573","492","C0019521"
"4593","2","5","7","53","14","20","454","573","492","C0019521"
"9897","2","3","12","76","18","75","38","1","212","C0019559"
"51131","2","3","12","19","184","119","156","287","116","C0019559"
"7353","2","3","12","41","219","339","156","568","605","C0019562"
"7297","2","5","7","53","184","119","25","40","186","C0019562"
"930","2","5","7","53","14","119","25","40","186","C0019825"
"2296","2","3","3","19","221","321","428","541","667","C0019825"
"4072","2","5","7","53","51","119","454","573","492","C0019825"
"1146","2","5","8","27","70","99","162","216","290","C0019825"
"4361","2","3","12","19","31","261","116","1","86","C0019825"
"23636","2","3","12","22","33","323","66","101","664","C0019825"
"2317","2","5","7","63","45","23","103","287","664","C0019825"
"6945","2","3","12","19","31","110","141","488","102","C0019825"
"9150","2","3","12","19","31","261","116","159","211","C0019825"
"3026","2","5","7","68","51","119","395","549","674","C0019825"
"843","2","3","12","41","219","339","156","568","697","C0019825"
"6888","2","3","2","90","167","266","367","500","577","C0019825"
"10892","2","5","7","53","219","119","156","568","697","C0019825"
"5828","2","3","5","43","161","305","409","208","482","C0019825"
"2737","2","3","12","19","116","321","428","54","667","C0019825"
"3315","2","3","12","41","181","160","362","402","215","C0019825"
"9361","2","3","2","48","170","50","119","444","556","C0019825"
"7252","2","5","4","68","96","326","427","548","672","C0019825"
"2316","2","5","7","53","51","342","454","573","702","C0019825"
"10243","2","3","2","27","91","71","204","267","352","C0019825"
"3284","2","3","2","69","98","169","299","183","243","C0019825"
"443","2","3","5","80","81","189","182","509","409","C0019825"
"9343","2","3","2","22","33","323","66","101","136","C0019825"
"8452","2","3","12","41","116","268","434","468","213","C0019825"
"3815","2","5","7","53","14","20","25","40","186","C0019825"
"2261","2","5","7","53","14","20","25","40","186","C0019825"
"7068","2","3","3","19","151","276","91","433","118","C0019825"
"3689","2","5","7","34","52","216","395","549","674","C0019825"
"5460","2","3","3","19","221","321","428","541","667","C0019825"
"1649","2","3","12","19","31","276","91","433","118","C0019825"
"3887","2","1","6","11","142","225","142","220","298","C0019825"
"5745","2","5","4","68","96","326","427","548","672","C0019829"
"1644","2","3","2","88","79","239","333","258","345","C0019829"
"4694","2","3","2","48","170","50","119","444","556","C0019829"
"9179","2","5","7","60","18","184","341","544","669","C0019829"
"10962","2","5","7","27","36","150","341","223","628","C0019829"
"411","2","3","7","34","52","216","395","549","674","C0019829"
"3694","2","5","7","53","51","342","454","573","492","C0019829"
"43","2","3","5","85","143","286","51","488","389","C0019829"
"5376","2","5","7","53","51","342","454","573","492","C0019829"
"4204","2","3","12","19","31","1","426","55","78","C0019829"
"4621","2","5","8","63","45","23","103","464","187","C0019829"
"9401","2","3","12","76","31","261","116","1","86","C0019829"
"7389","2","3","2","17","24","51","132","210","123","C0019829"
"4582","2","5","7","53","206","324","430","429","544","C0019829"
"658","2","5","7","53","51","342","259","423","389","C0019829"
"71","2","5","7","60","14","184","103","544","669","C0019880"
"6314","2","3","12","19","31","1","426","568","78","C0019880"
"5428","2","3","2","48","170","50","119","167","593","C0019880"
"5605","2","5","7","53","14","20","34","540","68","C0019880"
"25782","2","5","7","60","54","24","30","46","72","C0019880"
"7415","2","3","7","34","52","216","395","536","445","C0019880"
"10483","2","3","7","60","54","24","30","46","72","C0019880"
"7299","2","3","5","23","18","138","250","332","407","C0020071"
"4000","2","3","12","26","105","178","226","297","156","C0020071"
"55699","2","3","2","110","85","67","76","252","154","C0020071"
"4000","2","3","12","26","105","178","226","297","156","C0020071"
"10312","2","3","7","34","52","216","395","549","674","C0020075"
"3891","2","1","6","11","142","225","142","220","298","C0020075"
"3293","2","3","2","69","83","169","94","133","70","C0020075"
"1287","2","5","2","53","51","342","454","573","492","C0020075"
"2261","2","5","7","53","14","20","25","40","186","C0020075"
"3265","2","5","7","60","54","24","30","46","72","C0020179"
"83605","2","5","7","76","137","76","136","472","435","C0020179"
"3239","2","3","3","19","221","321","428","541","667","C0020179"
"5173","2","5","4","68","96","326","427","548","672","C0020179"
"10019","2","5","7","53","14","20","25","40","116","C0020179"
"6223","2","3","2","110","85","237","433","547","671","C0020179"
"368","2","3","12","41","116","268","423","536","445","C0020179"
"6736","2","3","12","19","31","276","91","433","667","C0020179"
"6335","2","5","8","63","36","166","341","390","158","C0020179"
"4791","2","3","12","41","219","339","156","568","697","C0020179"
"4292","2","3","12","19","31","261","116","1","86","C0020179"
"4591","2","3","12","41","116","268","434","468","213","C0020179"
"5663","2","5","7","34","52","216","395","549","667","C0020225"
"26119","2","5","7","60","14","184","341","544","669","C0020225"
"147372","2","5","3","19","221","342","428","541","667","C0020225"
"9723","2","5","7","53","51","342","79","560","373","C0020225"
"1586","2","3","5","79","98","256","335","425","540","C0020258"
"5130","2","3","2","85","143","286","51","488","102","C0020258"
"4487","2","3","3","19","221","321","428","541","667","C0020302"
"7353","2","3","12","41","219","339","156","568","605","C0020302"
"7022","2","3","12","19","31","261","91","433","664","C0020302"
"5264","2","3","5","43","161","305","409","208","482","C0020302"
"5727","2","3","12","68","221","197","259","560","422","C0020302"
"7450","2","5","7","53","51","342","454","573","492","C0020302"
"2098","2","3","5","91","175","271","372","471","586","C0020302"
"54476","2","3","12","41","219","339","156","568","697","C0020302"
"1956","2","5","7","53","14","184","45","544","669","C0020302"
"4038","2","5","7","53","51","342","454","573","492","C0020302"
"54205","2","3","2","48","170","50","119","444","556","C0020302"
"4041","2","5","3","68","221","197","259","560","422","C0020302"
"4512","2","3","2","48","170","110","141","359","8","C0020302"
"440275","2","3","2","110","85","237","433","547","671","C0020302"
"10878","2","5","7","53","51","119","395","549","674","C0020302"
"3043","2","5","7","34","52","216","395","549","116","C0020302"
"6514","2","5","7","90","216","337","448","565","562","C0020302"
"28","2","3","2","78","19","41","50","72","101","C0020302"
"3549","2","5","3","53","51","197","259","560","422","C0020302"
"4352","2","5","7","53","14","20","25","40","186","C0020305"
"4990","2","3","3","19","221","321","428","541","667","C0020305"
"7291","2","3","12","19","151","276","91","489","416","C0020305"
"1487","2","3","12","19","31","1","426","55","340","C0020305"
"617","2","3","2","48","170","50","304","167","593","C0020305"
"4624","2","5","8","63","45","23","103","464","187","C0020305"
"2956","2","3","12","19","31","261","116","1","86","C0020305"
"23175","2","3","5","80","81","296","51","488","102","C0020305"
"1029","2","3","12","19","31","1","116","1","664","C0020305"
"5205","2","3","8","63","45","23","103","464","619","C0020305"
"5148","2","3","4","68","45","272","259","518","621","C0020305"
"6495","2","3","3","19","221","321","428","541","667","C0020305"
"6885","2","3","12","41","219","339","156","568","697","C0020305"
"6445","2","5","8","63","45","23","103","464","187","C0020305"
"3845","2","5","7","60","54","24","30","46","72","C0020305"
"6016","2","5","7","60","54","24","30","46","72","C0020305"
"54903","2","3","12","76","153","40","38","54","75","C0020305"
"3854","2","1","6","11","142","225","142","220","298","C0020305"
"146059","2","3","12","19","31","261","116","1","86","C0020305"
"7351","2","3","2","20","29","98","123","166","221","C0020305"
"55505","2","3","2","110","85","237","433","547","671","C0020305"
"1420","2","3","6","63","45","160","362","177","673","C0020305"
"3663","2","3","12","53","184","119","156","287","116","C0020428"
"3291","2","3","2","69","83","101","94","133","318","C0020428"
"2033","2","3","12","19","31","1","91","433","118","C0020428"
"7531","2","3","2","48","170","110","329","251","533","C0020428"
"732","2","5","7","53","51","119","395","549","674","C0020428"
"2146","2","3","12","19","31","1","426","55","78","C0020428"
"367","2","3","12","19","31","276","91","433","118","C0020428"
"23394","2","3","12","19","31","335","444","236","373","C0020428"
"3752","2","5","8","63","36","166","106","110","158","C0020428"
"768","2","3","5","35","41","77","40","370","303","C0020428"
"1356","2","3","7","53","51","342","454","573","492","C0020428"
"5194","2","3","5","43","161","305","409","208","482","C0020428"
"10558","2","3","2","50","47","39","100","321","209","C0020428"
"1282","2","5","7","53","51","342","454","573","492","C0020428"
"3557","2","3","12","41","219","339","156","568","697","C0020428"
"1278","2","5","7","53","51","342","454","573","492","C0020428"
"4128","2","3","5","80","81","119","402","489","416","C0020428"
"7040","2","5","7","53","51","342","454","573","492","C0020428"
"3418","2","3","2","67","151","276","33","48","155","C0020428"
"9342","2","5","7","34","52","216","395","549","674","C0020433"
"133686","2","3","2","73","110","53","59","228","306","C0020433"
"3764","2","5","8","63","36","166","106","110","158","C0020433"
"1832","2","5","7","34","52","225","142","220","298","C0020433"
"4221","2","3","12","19","31","342","454","573","492","C0020438"
"6870","2","5","4","68","96","326","427","548","672","C0020438"
"25793","2","3","12","41","116","268","434","468","213","C0020438"
"974","2","5","7","53","51","119","395","549","674","C0020438"
"1001","2","5","7","53","51","335","444","560","373","C0020438"
"1890","2","3","5","80","81","296","62","94","150","C0020438"
"5184","2","3","5","80","81","166","52","105","349","C0020438"
"10806","2","3","12","76","153","40","38","54","75","C0020438"
"9469","2","3","2","103","189","303","29","475","467","C0020438"
"2629","2","3","5","80","81","250","291","152","420","C0020438"
"3758","2","5","8","63","36","166","106","110","158","C0020438"
"23347","2","3","12","41","116","268","434","468","213","C0020438"
"1134","2","5","8","27","70","99","162","216","290","C0020438"
"3861","2","1","6","11","142","225","142","220","298","C0020438"
"2303","2","5","3","19","221","321","428","541","667","C0020438"
"668","2","3","12","19","221","321","428","541","664","C0020438"
"335","2","5","7","53","51","342","454","573","492","C0020438"
"4000","2","3","12","26","105","178","226","297","156","C0020438"
"3643","2","5","7","53","14","20","25","40","186","C0020438"
"7443","2","3","12","19","31","261","34","540","68","C0020438"
"2697","2","3","7","76","153","40","38","54","75","C0020438"
"860","2","3","12","19","31","276","91","433","118","C0020438"
"6529","2","5","8","45","94","199","240","415","666","C0020438"
"11277","2","3","12","19","31","261","116","1","86","C0020438"
"2261","2","5","7","53","14","20","25","40","186","C0020438"
"10269","2","3","2","48","182","50","119","444","556","C0020438"
"1956","2","5","7","53","14","184","45","544","669","C0020438"
"3284","2","3","2","69","98","169","299","183","243","C0020440"
"10082","2","3","2","74","51","342","454","573","492","C0020440"
"1832","2","5","7","34","52","225","142","220","298","C0020445"
"4694","2","3","2","48","170","50","119","444","556","C0020445"
"4644","2","5","7","60","54","184","141","359","411","C0020445"
"9927","2","3","12","19","31","118","155","287","116","C0020445"
"538","2","3","8","63","45","23","103","464","187","C0020445"
"10297","2","3","12","27","36","150","444","223","628","C0020445"
"5781","2","5","7","53","14","20","25","40","186","C0020445"
"2290","2","3","3","19","221","321","428","541","667","C0020445"
"7474","2","5","3","68","221","184","259","544","669","C0020445"
"9928","2","3","12","76","153","40","38","54","75","C0020445"
"26608","2","3","2","22","170","50","119","463","153","C0020445"
"10516","2","5","7","53","51","342","454","573","492","C0020445"
"6567","2","5","8","35","41","77","40","57","80","C0020445"
"359","2","3","5","80","81","166","397","374","486","C0020445"
"9896","2","3","5","80","81","296","399","201","274","C0020445"
"23426","2","5","7","42","36","71","177","223","219","C0020445"
"4312","2","5","7","53","51","342","454","573","492","C0020445"
"8573","2","5","7","53","36","71","341","223","219","C0020452"
"538","2","3","8","63","45","23","103","464","187","C0020452"
"51085","2","3","2","48","57","110","141","359","462","C0020452"
"1645","2","3","2","46","51","227","168","225","490","C0020452"
"7148","2","5","7","53","51","342","454","573","492","C0020452"
"919","2","5","7","53","14","119","25","40","186","C0020452"
"3284","2","3","2","69","98","169","299","183","243","C0020452"
"595","2","3","12","19","31","1","426","489","416","C0020452"
"5194","2","3","5","43","161","305","409","208","482","C0020452"
"2175","2","3","12","19","31","261","116","1","86","C0020452"
"4535","2","3","2","48","170","50","119","444","556","C0020452"
"2254","2","5","7","53","14","20","25","40","186","C0020452"
"11041","2","3","2","27","36","150","341","223","628","C0020452"
"5644","2","5","7","68","51","119","395","549","674","C0020453"
"2778","2","5","4","68","96","326","427","548","672","C0020453"
"8517","2","3","12","41","219","339","156","568","697","C0020455"
"6774","2","3","12","53","14","276","25","489","416","C0020455"
"6311","2","3","2","22","33","323","66","362","468","C0020455"
"5450","2","3","12","19","221","261","116","159","211","C0020455"
"7046","2","3","12","41","219","339","259","423","605","C0020455"
"9049","2","3","3","41","151","276","378","271","356","C0020455"
"9632","2","3","7","60","153","40","38","54","203","C0020455"
"8625","2","3","12","19","31","276","91","236","118","C0020455"
"1804","2","5","7","27","36","150","341","223","628","C0020455"
"6662","2","3","3","19","221","321","428","541","667","C0020455"
"113189","2","3","2","103","112","197","249","318","97","C0020456"
"7474","2","5","3","68","221","184","259","544","669","C0020456"
"1289","2","5","7","53","51","342","454","573","492","C0020456"
"9935","2","3","12","19","31","1","426","55","78","C0020456"
"26278","2","3","12","41","116","268","347","271","356","C0020456"
"22856","2","3","2","78","189","303","251","320","403","C0020456"
"10060","2","3","8","41","45","23","423","464","445","C0020456"
"6635","2","3","2","22","33","323","66","101","136","C0020456"
"1026","2","3","12","19","31","1","116","489","416","C0020456"
"4254","2","5","7","53","14","20","25","40","186","C0020456"
"1736","2","3","2","110","85","237","433","547","671","C0020456"
"1141","2","5","8","27","70","99","162","216","290","C0020456"
"183","2","5","4","68","96","326","427","548","672","C0020456"
"2697","2","3","7","76","153","40","38","54","75","C0020456"
"4921","2","5","7","53","14","20","25","573","186","C0020456"
"785","2","5","8","63","36","166","106","110","158","C0020456"
"7490","2","3","3","19","221","321","428","541","667","C0020456"
"8820","2","3","3","19","221","321","428","541","667","C0020456"
"2187","2","3","12","19","31","261","116","1","86","C0020456"
"2316","2","5","7","53","51","342","454","573","702","C0020456"
"55636","2","3","3","19","221","321","428","423","389","C0020456"
"9215","2","5","2","27","36","150","430","215","628","C0020456"
"6786","2","5","8","63","45","23","103","464","187","C0020456"
"3663","2","3","12","53","184","119","156","287","116","C0020456"
"4041","2","5","3","68","221","197","259","560","422","C0020456"
"1075","2","5","7","34","52","216","395","549","674","C0020456"
"1235","2","5","4","68","96","326","427","548","672","C0020456"
"8398","2","3","5","116","183","40","38","352","455","C0020456"
"2627","2","3","12","19","31","118","155","287","116","C0020456"
"6794","2","3","12","53","14","20","34","540","68","C0020456"
"4851","2","3","12","19","221","143","428","236","667","C0020456"
"5621","2","5","8","27","36","342","454","573","628","C0020456"
"6392","2","3","2","48","170","50","119","444","556","C0020456"
"3481","2","5","7","53","51","342","454","573","492","C0020461"
"7508","2","3","12","19","31","261","116","1","664","C0020461"
"353","2","5","7","34","52","216","395","549","674","C0020461"
"54209","2","5","7","53","51","119","395","549","674","C0020461"
"1291","2","5","7","53","51","342","454","573","492","C0020461"
"472","2","3","12","19","31","261","116","1","86","C0020461"
"7048","2","5","7","53","51","342","259","423","389","C0020461"
"2998","2","3","2","28","22","48","232","82","114","C0020461"
"55505","2","3","2","110","85","237","433","547","671","C0020461"
"4318","2","5","7","34","52","216","395","573","492","C0020461"
"351","2","5","4","68","96","326","188","145","193","C0020461"
"5080","2","3","3","19","221","321","428","541","667","C0020461"
"79991","2","3","12","24","119","261","116","1","144","C0020461"
"3265","2","5","7","60","54","24","30","46","72","C0020461"
"5605","2","5","7","53","14","20","34","540","68","C0020461"
"6338","2","5","8","63","45","23","34","464","187","C0020461"
"3909","2","5","7","53","51","342","454","573","492","C0020461"
"51124","2","5","4","68","96","326","427","548","672","C0020474"
"6324","2","5","7","63","36","166","341","223","158","C0020474"
"2316","2","5","7","53","51","342","454","573","702","C0020474"
"1493","2","5","7","53","51","119","25","40","186","C0020476"
"11231","2","3","2","110","105","178","226","297","380","C0020476"
"5292","2","5","7","53","14","20","34","540","68","C0020476"
"9419","2","5","7","60","36","71","341","223","219","C0020476"
"1594","2","3","5","92","163","96","363","460","487","C0020476"
"6709","2","5","7","34","52","216","395","572","158","C0020479"
"26012","2","3","12","19","31","261","116","159","211","C0020479"
"6011","2","5","7","53","14","20","34","540","68","C0020480"
"1717","2","3","2","19","151","276","48","69","204","C0020480"
"1509","2","5","7","34","52","216","395","549","568","C0020480"
"9394","2","3","2","74","58","112","148","193","263","C0020481"
"123016","2","3","12","76","153","40","38","54","75","C0020481"
"7334","2","3","12","41","116","268","434","468","213","C0020481"
"3507","2","5","7","53","51","119","395","549","674","C0020488"
"8557","2","5","8","63","45","23","103","464","187","C0020488"
"189","2","3","5","43","161","305","409","208","482","C0020488"
"4645","2","3","4","67","92","293","55","75","311","C0020488"
"9897","2","3","12","76","18","75","38","1","212","C0020488"
"54820","2","3","12","76","153","40","38","54","75","C0020492"
"54795","2","5","8","63","45","193","306","390","158","C0020492"
"3106","2","5","7","34","52","119","395","549","674","C0020492"
"5468","2","3","3","19","151","276","91","433","118","C0020492"
"2299","2","3","3","19","221","321","428","541","667","C0020492"
"4613","2","3","12","19","31","1","426","55","78","C0020500"
"1959","2","3","3","19","151","276","91","433","118","C0020500"
"472","2","3","12","19","31","261","116","1","86","C0020500"
"10743","2","3","3","19","151","276","91","433","118","C0020500"
"2542","2","3","5","80","81","296","399","500","577","C0020500"
"6311","2","3","2","22","33","323","66","362","468","C0020500"
"5663","2","5","7","34","52","216","395","549","667","C0020500"
"2335","2","5","7","53","51","342","454","573","492","C0020500"
"4647","2","5","7","60","83","101","126","170","224","C0020502"
"308","2","5","7","53","51","342","454","573","702","C0020502"
"2639","2","3","2","71","148","34","160","115","164","C0020502"
"3845","2","5","7","60","54","24","30","46","72","C0020502"
"9723","2","5","7","53","51","342","79","560","373","C0020502"
"23522","2","3","12","19","31","1","426","55","78","C0020502"
"9569","2","3","12","19","31","276","91","433","118","C0020502"
"4726","2","3","2","48","170","50","119","444","556","C0020502"
"1302","2","5","7","53","51","342","454","573","492","C0020502"
"51750","2","3","12","19","31","261","116","1","86","C0020502"
"8214","2","3","6","11","142","225","142","220","298","C0020502"
"29123","2","3","12","19","151","276","91","433","118","C0020502"
"7490","2","3","3","19","221","321","428","541","667","C0020503"
"8575","2","3","2","22","33","323","66","101","194","C0020503"
"5332","2","3","4","68","96","326","427","548","672","C0020503"
"1356","2","3","7","53","51","342","454","573","492","C0020503"
"4669","2","3","5","80","81","166","454","453","492","C0020503"
"3091","2","3","12","41","116","276","91","433","605","C0020503"
"5116","2","3","12","76","153","40","38","54","75","C0020503"
"6638","2","3","2","22","33","323","66","101","136","C0020505"
"55112","2","3","12","76","153","40","38","54","75","C0020505"
"4221","2","3","12","19","31","342","454","573","492","C0020505"
"6309","2","3","5","19","151","76","48","69","204","C0020505"
"4882","2","3","4","68","96","326","427","548","672","C0020505"
"4509","2","3","2","48","170","50","119","444","556","C0020505"
"7056","2","5","7","53","51","119","454","573","492","C0020505"
"4000","2","3","12","26","105","178","226","297","156","C0020505"
"23600","2","3","5","80","81","305","409","208","482","C0020505"
"7401","2","5","7","60","83","101","126","170","224","C0020505"
"190","2","3","3","19","151","276","91","433","118","C0020505"
"4920","2","5","7","53","14","20","259","560","373","C0020505"
"9244","2","5","7","53","51","119","25","40","416","C0020505"
"3198","2","3","3","19","221","321","428","541","667","C0020505"
"25978","2","3","2","48","57","110","141","359","462","C0020505"
"4000","2","3","12","26","105","178","226","297","156","C0020505"
"10020","2","3","2","89","124","204","42","452","258","C0020505"
"6469","2","5","3","53","221","197","259","560","422","C0020505"
"51057","2","3","12","76","153","40","38","54","75","C0020505"
"5573","2","3","12","19","184","118","155","287","116","C0020505"
"3265","2","5","7","60","54","24","30","46","72","C0020505"
"6319","2","3","5","19","151","340","45","22","698","C0020505"
"551","2","5","4","68","96","326","427","548","672","C0020505"
"59","2","5","8","63","45","23","103","464","187","C0020505"
"2720","2","3","7","34","52","216","395","21","599","C0020507"
"22796","2","5","7","60","153","40","38","66","203","C0020507"
"3553","2","5","7","53","51","119","25","489","416","C0020507"
"10008","2","5","8","63","36","166","341","223","158","C0020507"
"10117","2","5","7","53","51","342","454","573","492","C0020507"
"808","2","5","8","63","45","23","103","464","187","C0020507"
"142","2","3","12","19","31","261","116","1","86","C0020507"
"6591","2","3","12","19","31","1","426","55","78","C0020507"
"10484","2","3","7","60","153","40","38","54","203","C0020507"
"778","2","5","8","63","36","166","341","223","158","C0020507"
"6663","2","3","3","19","221","321","428","541","667","C0020507"
"7201","2","5","4","68","96","326","427","548","672","C0020507"
"26012","2","3","12","19","31","261","116","159","211","C0020507"
"4882","2","3","4","68","96","326","427","548","672","C0020507"
"10084","2","3","2","22","33","323","66","101","136","C0020507"
"1071","2","5","7","53","51","342","454","573","492","C0020507"
"1813","2","5","4","68","96","326","427","548","672","C0020507"
"2629","2","3","5","80","81","250","291","152","420","C0020507"
"55726","2","3","2","22","33","261","116","159","211","C0020507"
"23327","2","3","12","41","116","268","434","468","213","C0020507"
"355","2","3","7","41","219","339","156","568","697","C0020507"
"9742","2","3","12","76","153","40","38","54","75","C0020507"
"6750","2","5","4","68","96","326","427","548","672","C0020507"
"4004","2","3","12","19","31","1","426","55","78","C0020507"
"4524","2","3","2","15","166","104","369","117","583","C0020507"
"282617","2","5","7","53","51","119","25","40","186","C0020507"
"8086","2","3","12","22","33","323","66","101","664","C0020514"
"2187","2","3","12","19","31","261","116","1","86","C0020514"
"7259","2","3","12","19","31","1","426","55","78","C0020514"
"2239","2","3","2","74","51","342","454","573","492","C0020514"
"5727","2","3","12","68","221","197","259","560","422","C0020514"
"6664","2","3","3","19","221","321","428","541","667","C0020514"
"26191","2","5","7","53","14","20","25","40","186","C0020514"
"176","2","5","7","53","51","342","454","573","492","C0020514"
"10126","2","5","7","60","14","184","341","544","669","C0020514"
"1378","2","5","7","34","52","216","395","549","674","C0020514"
"7136","2","5","8","63","45","23","103","464","187","C0020523"
"5604","2","5","7","53","14","20","34","540","68","C0020523"
"3592","2","5","7","53","51","119","25","489","416","C0020523"
"7248","2","3","2","48","57","110","141","359","462","C0020523"
"695","2","5","7","53","14","20","25","40","186","C0020523"
"4921","2","5","7","53","14","20","25","573","186","C0020523"
"79759","2","4","3","24","119","330","214","454","144","C0020523"
"1278","2","5","7","53","51","342","454","573","492","C0020523"
"3035","2","3","2","110","85","237","433","547","154","C0020532"
"4647","2","5","7","60","83","101","126","170","224","C0020532"
"10290","2","5","7","53","14","20","34","540","68","C0020532"
"1630","2","5","7","53","51","335","444","560","373","C0020532"
"5828","2","3","5","43","161","305","409","208","482","C0020540"
"1080","2","3","12","41","219","339","156","544","669","C0020540"
"83706","2","5","7","53","51","342","454","573","702","C0020540"
"4099","2","5","7","27","51","150","444","223","628","C0020541"
"2073","2","3","12","19","31","261","116","1","86","C0020541"
"406","2","3","3","19","151","276","91","433","118","C0020541"
"8985","2","5","7","53","51","342","454","573","492","C0020541"
"3643","2","5","7","53","14","20","25","40","186","C0020541"
"3043","2","5","7","34","52","216","395","549","116","C0020541"
"9939","2","3","2","22","33","323","66","101","136","C0020541"
"1716","2","3","2","27","36","150","221","138","188","C0020541"
"23556","2","3","2","61","77","142","176","235","317","C0020541"
"2517","2","3","7","34","52","216","395","549","674","C0020541"
"3981","2","3","12","19","31","261","116","1","86","C0020541"
"8600","2","5","7","41","219","339","156","568","697","C0020541"
"5818","2","5","7","53","51","335","444","560","373","C0020541"
"81848","2","5","7","53","14","20","25","40","186","C0020541"
"9401","2","3","12","76","31","261","116","1","86","C0020541"
"1280","2","5","7","53","51","342","454","573","492","C0020541"
"3594","2","5","7","53","51","119","25","560","373","C0020541"
"4000","2","3","12","26","105","178","226","297","156","C0020541"
"54361","2","5","3","68","221","197","259","560","422","C0020541"
"3569","2","5","7","53","51","342","454","573","416","C0020541"
"861","2","3","12","19","31","1","426","55","78","C0020541"
"78989","2","5","7","53","51","119","395","573","674","C0020541"
"8518","2","3","12","19","31","1","426","55","78","C0020544"
"3284","2","3","2","69","98","169","299","183","243","C0020544"
"116844","2","5","7","34","52","216","395","549","674","C0020544"
"54453","2","5","7","60","54","24","30","46","72","C0020545"
"875","2","3","5","80","137","44","21","451","316","C0020545"
"1583","2","3","5","79","152","273","375","100","589","C0020545"
"5743","2","3","5","53","175","119","167","489","416","C0020545"
"100","2","3","5","33","21","47","56","80","199","C0020545"
"1785","2","5","7","60","14","184","341","544","669","C0020545"
"5195","2","3","5","43","161","305","409","208","482","C0020545"
"1497","2","5","2","63","182","50","103","297","628","C0020545"
"9791","2","3","8","45","94","199","240","415","666","C0020545"
"4088","2","3","12","19","219","339","259","423","605","C0020545"
"2879","2","3","5","80","81","166","378","173","229","C0020546"
"10293","2","3","12","41","116","268","434","468","213","C0020546"
"9499","2","5","7","53","51","23","103","464","187","C0020546"
"26227","2","3","2","41","137","44","208","81","108","C0020546"
"6606","2","3","2","22","33","323","66","101","136","C0020550"
"191","2","3","5","80","81","105","426","129","690","C0020550"
"4148","2","5","7","53","51","342","454","573","492","C0020550"
"6223","2","3","2","110","85","237","433","547","671","C0020550"
"1001","2","5","7","53","51","335","444","560","373","C0020550"
"999","2","5","7","53","51","342","444","560","373","C0020550"
"5295","2","5","7","53","14","20","25","40","186","C0020550"
"6916","2","3","5","91","175","119","167","224","301","C0020550"
"1828","2","5","7","34","52","216","142","220","298","C0020550"
"9897","2","3","12","76","18","75","38","1","212","C0020550"
"5828","2","3","5","43","161","305","409","208","482","C0020550"
"6929","2","3","12","19","31","1","426","55","78","C0020550"
"8100","2","3","12","76","153","40","38","54","75","C0020550"
"9341","2","5","7","60","14","184","341","544","669","C0020550"
"5781","2","5","7","53","14","20","25","40","186","C0020555"
"26227","2","3","2","41","137","44","208","81","108","C0020555"
"7439","2","5","8","63","45","23","34","464","187","C0020555"
"8517","2","3","12","41","219","339","156","568","697","C0020555"
"1438","2","5","7","53","14","20","25","40","186","C0020555"
"6392","2","3","2","48","170","50","119","444","556","C0020555"
"3141","2","3","2","68","40","130","166","127","173","C0020555"
"1908","2","5","4","68","96","326","427","548","672","C0020555"
"2022","2","5","7","53","51","342","259","423","389","C0020555"
"4634","2","5","8","63","45","23","103","464","187","C0020555"
"1528","2","3","5","91","214","271","372","471","586","C0020555"
"8200","2","5","7","53","51","342","259","423","389","C0020555"
"3736","2","5","8","63","36","166","106","110","158","C0020555"
"25939","2","3","12","53","184","119","156","287","116","C0020555"
"2629","2","3","5","80","81","250","291","152","420","C0020555"
"4513","2","3","2","48","170","110","141","359","532","C0020555"
"10978","2","3","2","22","33","323","66","101","136","C0020555"
"5728","2","3","5","80","81","339","156","568","605","C0020555"
"5189","2","3","5","43","161","305","409","208","482","C0020555"
"1301","2","5","7","53","51","342","454","573","492","C0020555"
"673","2","5","7","53","14","20","34","540","68","C0020555"
"3766","2","5","8","63","36","166","106","110","158","C0020555"
"54453","2","5","7","60","54","24","30","46","72","C0020555"
"7226","2","5","7","34","52","216","395","549","674","C0020555"
"2778","2","5","4","68","96","326","427","548","672","C0020557"
"1435","2","5","7","53","51","342","454","573","492","C0020557"
"652","2","5","7","53","51","342","454","573","492","C0020557"
"207","2","3","7","53","14","20","34","489","416","C0020557"
"3514","2","5","7","53","51","119","395","549","674","C0020557"
"3239","2","3","3","19","221","321","428","541","667","C0020557"
"2317","2","5","7","63","45","23","103","287","664","C0020557"
"5468","2","3","3","19","151","276","91","433","118","C0020557"
"6569","2","3","8","45","94","199","240","415","666","C0020557"
"10643","2","3","2","22","33","323","66","101","136","C0020557"
"5824","2","3","5","47","144","185","238","310","392","C0020557"
"950","2","5","7","60","14","184","341","544","669","C0020557"
"26277","2","3","12","19","31","1","426","1","78","C0020564"
"9968","2","4","3","24","119","330","214","454","144","C0020564"
"5663","2","5","7","34","52","216","395","549","667","C0020564"
"11200","2","3","12","19","31","261","116","1","86","C0020564"
"10161","2","5","4","68","96","326","427","548","672","C0020564"
"93","2","5","7","53","14","20","259","423","389","C0020564"
"5889","2","3","12","19","31","261","116","1","86","C0020564"
"1301","2","5","7","53","51","342","454","573","492","C0020564"
"4689","2","5","7","60","14","20","25","40","215","C0020564"
"28982","2","3","5","25","44","165","101","274","358","C0020564"
"26128","2","3","12","76","153","40","38","54","154","C0020564"
"7048","2","5","7","53","51","342","259","423","389","C0020564"
"5889","2","3","12","19","31","261","116","1","86","C0020564"
"7299","2","3","5","23","18","138","250","332","407","C0020564"
"5727","2","3","12","68","221","197","259","560","422","C0020564"
"4921","2","5","7","53","14","20","25","573","186","C0020564"
"5604","2","5","7","53","14","20","34","540","68","C0020564"
"8878","2","3","12","41","219","339","156","568","697","C0020578"
"1718","2","3","2","54","90","84","48","69","204","C0020578"
"8557","2","5","8","63","45","23","103","464","187","C0020578"
"1387","2","3","12","19","31","276","91","433","118","C0020578"
"2516","2","3","3","19","151","276","91","433","118","C0020578"
"975","2","5","7","53","51","119","395","549","674","C0020578"
"627","2","5","7","53","51","335","444","423","373","C0020580"
"859","2","5","8","63","45","23","103","464","187","C0020580"
"8878","2","3","12","41","219","339","156","568","697","C0020580"
"3265","2","5","7","60","54","24","30","46","72","C0020580"
"7124","2","3","12","41","219","339","156","568","697","C0020580"
"189","2","3","5","43","161","305","409","208","482","C0020580"
"7099","2","5","7","41","219","339","156","568","697","C0020580"
"8260","2","3","12","41","85","266","76","287","78","C0020595"
"1522","2","5","7","34","52","216","395","549","674","C0020595"
"2811","2","5","7","53","51","1","454","573","78","C0020595"
"8260","2","3","12","41","85","266","76","287","78","C0020595"
"55572","2","3","2","48","170","50","119","444","556","C0020595"
"2153","2","5","7","53","51","342","454","573","492","C0020595"
"54539","2","3","2","48","170","50","119","444","556","C0020595"
"54790","2","3","12","19","31","1","426","55","78","C0020595"
"1636","2","3","5","80","81","166","397","418","568","C0020595"
"8220","2","3","2","22","33","323","66","101","136","C0020595"
"2690","2","5","7","53","14","20","25","40","186","C0020595"
"5290","2","3","7","53","14","20","25","40","186","C0020595"
"2177","2","3","2","110","90","261","431","545","443","C0020597"
"3106","2","5","7","34","52","119","395","549","674","C0020597"
"1387","2","3","12","19","31","276","91","433","118","C0020597"
"26258","2","5","7","60","18","184","341","544","669","C0020597"
"3479","2","5","7","53","51","342","454","573","492","C0020597"
"2200","2","5","7","53","51","342","454","573","492","C0020598"
"4867","2","5","7","76","153","40","38","54","75","C0020598"
"5193","2","3","5","43","161","305","409","208","482","C0020598"
"7040","2","5","7","53","51","342","454","573","492","C0020598"
"8878","2","3","12","41","219","339","156","568","697","C0020598"
"9742","2","3","12","76","153","40","38","54","75","C0020598"
"103","2","3","2","110","184","119","156","287","116","C0020598"
"2132","2","3","2","74","58","112","148","193","263","C0020598"
"1301","2","5","7","53","51","342","454","573","492","C0020598"
"9289","2","5","4","68","96","326","427","548","672","C0020598"
"2317","2","5","7","63","45","23","103","287","664","C0020598"
"6696","2","5","7","53","51","342","454","573","492","C0020598"
"4508","2","3","2","48","170","50","119","444","556","C0020598"
"356","2","5","7","53","219","339","25","489","697","C0020598"
"2776","2","5","4","68","96","326","427","548","672","C0020598"
"7138","2","5","8","63","45","23","103","464","187","C0020598"
"5744","2","5","4","68","96","326","427","548","672","C0020598"
"9378","2","5","7","27","36","71","341","223","219","C0020598"
"5167","2","3","5","32","93","163","207","303","126","C0020598"
"6833","2","5","8","45","36","166","240","415","666","C0020598"
"2099","2","3","12","19","151","276","91","433","118","C0020598"
"5743","2","3","5","53","175","119","167","489","416","C0020598"
"7020","2","3","12","19","31","276","91","433","664","C0020598"
"4015","2","5","7","53","51","342","454","573","492","C0020598"
"10484","2","3","7","60","153","40","38","54","203","C0020598"
"6710","2","5","7","60","14","20","25","40","186","C0020598"
"1021","2","3","12","19","31","1","426","55","78","C0020598"
"7157","2","3","12","19","31","261","402","489","551","C0020598"
"2896","2","5","7","34","52","216","395","549","674","C0020598"
"1147","2","3","12","41","219","339","156","568","697","C0020598"
"8626","2","3","3","19","221","321","428","541","667","C0020598"
"5146","2","3","5","86","72","258","318","403","518","C0020599"
"10312","2","3","7","34","52","216","395","549","674","C0020599"
"7681","2","3","12","41","116","268","434","468","213","C0020599"
"10013","2","3","12","19","31","143","91","236","311","C0020599"
"4222","2","3","3","19","221","321","428","541","667","C0020617"
"3476","2","3","12","76","137","76","136","472","435","C0020617"
"7248","2","3","2","48","57","110","141","359","462","C0020617"
"4747","2","5","7","27","36","150","341","223","628","C0020617"
"3766","2","5","8","63","36","166","106","110","158","C0020617"
"5116","2","3","12","76","153","40","38","54","75","C0020617"
"8260","2","3","12","41","85","266","76","287","78","C0020617"
"2316","2","5","7","53","51","342","454","573","702","C0020617"
"5979","2","5","7","53","14","20","25","40","186","C0020617"
"5428","2","3","2","48","170","50","119","167","593","C0020617"
"9968","2","4","3","24","119","330","214","454","144","C0020620"
"355","2","3","7","41","219","339","156","568","697","C0020620"
"8878","2","3","12","41","219","339","156","568","697","C0020620"
"8842","2","5","5","53","82","147","184","179","328","C0020620"
"79001","2","5","2","48","52","342","240","569","666","C0020620"
"1146","2","5","8","27","70","99","162","216","290","C0020620"
"23426","2","5","7","42","36","71","177","223","219","C0020620"
"6845","2","5","7","60","14","184","341","544","669","C0020620"
"6648","2","3","2","95","151","160","378","173","229","C0020620"
"18","2","3","8","67","94","199","182","509","666","C0020620"
"547","2","3","7","76","153","40","38","54","75","C0020620"
"940","2","5","7","53","14","20","25","40","186","C0020620"
"2260","2","5","7","53","14","20","25","40","186","C0020620"
"4953","2","3","2","41","116","268","434","568","605","C0020620"
"3458","2","5","7","53","184","119","156","287","116","C0020620"
"3861","2","1","6","11","142","225","142","220","298","C0020620"
"8443","2","3","5","43","161","305","409","208","482","C0020620"
"1026","2","3","12","19","31","1","116","489","416","C0020620"
"4534","2","3","5","80","81","296","399","362","468","C0020620"
"9896","2","3","5","80","81","296","399","201","274","C0020620"
"7353","2","3","12","41","219","339","156","568","605","C0020620"
"23230","2","5","7","11","142","71","341","560","219","C0020620"
"1432","2","3","7","34","52","216","34","540","68","C0020620"
"6521","2","5","8","35","41","199","40","415","666","C0020620"
"3662","2","5","7","53","184","119","156","287","116","C0020620"
"5077","2","3","3","19","221","321","428","541","667","C0020621"
"4436","2","3","12","19","31","261","116","1","86","C0020621"
"6786","2","5","8","63","45","23","103","464","187","C0020621"
"1958","2","3","12","19","31","276","91","433","116","C0020621"
"7042","2","5","7","53","51","342","454","573","492","C0020621"
"816","2","5","7","53","14","20","34","540","68","C0020621"
"1440","2","5","7","53","51","119","25","489","416","C0020621"
"673","2","5","7","53","14","20","34","540","68","C0020621"
"7227","2","3","12","19","31","276","91","433","118","C0020621"
"6327","2","5","7","63","36","166","341","223","158","C0020621"
"7468","2","3","12","19","31","1","426","55","78","C0020621"
"5828","2","3","5","43","161","305","409","208","482","C0020621"
"1188","2","5","8","63","45","23","34","464","187","C0020621"
"4221","2","3","12","19","31","342","454","573","492","C0020621"
"658","2","5","7","53","51","342","259","423","389","C0020621"
"421","2","5","7","42","51","335","444","560","373","C0020621"
"51752","2","3","2","41","153","119","156","536","116","C0020621"
"8434","2","5","5","27","51","335","444","560","373","C0020621"
"6657","2","3","12","19","221","321","428","541","667","C0020621"
"4669","2","3","5","80","81","166","454","453","492","C0020621"
"55703","2","3","2","22","33","261","116","159","211","C0020621"
"1482","2","3","3","19","221","321","428","541","667","C0020621"
"9820","2","3","12","41","116","268","434","468","213","C0020621"
"6658","2","3","12","19","221","321","428","541","667","C0020621"
"4000","2","3","12","26","105","178","226","297","156","C0020621"
"3425","2","3","5","80","81","166","454","573","492","C0020621"
"10159","2","5","7","34","52","216","395","549","674","C0020621"
"54714","2","5","8","63","36","166","106","110","158","C0020621"
"51","2","3","5","43","151","276","91","433","482","C0020621"
"7374","2","3","12","19","31","261","116","1","86","C0020621"
"2067","2","3","12","19","31","261","116","1","86","C0020621"
"29978","2","5","7","60","116","268","341","544","669","C0020621"
"50618","2","5","7","60","54","24","30","544","669","C0020621"
"7466","2","5","7","53","51","342","454","573","492","C0020625"
"8626","2","3","3","19","221","321","428","541","667","C0020625"
"238","2","5","7","53","14","20","25","40","186","C0020625"
"8516","2","5","7","53","51","342","454","573","492","C0020625"
"1278","2","5","7","53","51","342","454","573","492","C0020625"
"8022","2","3","3","110","85","321","428","541","667","C0020625"
"91252","2","5","4","68","96","326","427","548","672","C0020625"
"5728","2","3","5","80","81","339","156","568","605","C0020625"
"2138","2","3","12","19","31","1","426","55","78","C0020625"
"4254","2","5","7","53","14","20","25","40","186","C0020625"
"6392","2","3","2","48","170","50","119","444","556","C0020625"
"5351","2","5","7","53","51","342","454","573","492","C0020625"
"3265","2","5","7","60","54","24","30","46","72","C0020625"
"1188","2","5","8","63","45","23","34","464","187","C0020625"
"2033","2","3","12","19","31","1","91","433","118","C0020625"
"5831","2","3","2","101","62","189","182","566","409","C0020625"
"10269","2","3","2","48","182","50","119","444","556","C0020625"
"4540","2","3","2","48","170","50","119","444","556","C0020625"
"3553","2","5","7","53","51","119","25","489","416","C0020625"
"4041","2","5","3","68","221","197","259","560","422","C0020625"
"53834","2","5","7","53","51","342","454","573","492","C0020625"
"2261","2","5","7","53","14","20","25","40","186","C0020625"
"2187","2","3","12","19","31","261","116","1","86","C0020625"
"3759","2","5","8","63","36","166","106","110","158","C0020625"
"23426","2","5","7","42","36","71","177","223","219","C0020626"
"546","2","3","12","19","31","261","426","1","86","C0020626"
"4846","2","3","5","41","219","75","243","44","64","C0020626"
"55084","2","3","12","19","31","261","402","489","215","C0020626"
"8924","2","3","12","41","116","268","434","468","213","C0020626"
"4602","2","3","12","19","31","1","155","287","116","C0020626"
"25814","2","3","2","48","170","110","119","444","462","C0020626"
"1571","2","3","5","91","214","271","372","471","26","C0020626"
"6906","2","5","7","68","51","342","454","573","492","C0020626"
"4668","2","3","5","21","111","188","242","313","396","C0020626"
"8878","2","3","12","41","219","339","156","568","697","C0020626"
"1186","2","5","8","63","45","23","34","464","187","C0020626"
"4148","2","5","7","53","51","342","454","573","492","C0020626"
"1436","2","5","7","53","14","20","25","40","186","C0020626"
"1401","2","5","7","53","51","119","395","573","492","C0020626"
"2626","2","3","12","19","31","118","155","287","116","C0020626"
"2022","2","5","7","53","51","342","259","423","389","C0020626"
"2273","2","5","8","63","45","23","103","464","187","C0020635"
"8504","2","3","5","47","144","185","238","310","392","C0020635"
"2353","2","3","12","19","31","1","91","489","416","C0020635"
"22931","2","5","7","34","54","24","30","46","72","C0020635"
"4688","2","5","7","60","14","20","25","40","215","C0020639"
"50940","2","3","4","68","96","326","427","548","672","C0020639"
"23545","2","3","5","29","88","132","85","222","346","C0020639"
"4000","2","3","12","26","105","178","226","297","156","C0020639"
"2592","2","3","2","68","117","196","257","326","419","C0020639"
"4988","2","5","4","68","96","326","427","548","672","C0020639"
"6390","2","3","2","48","170","50","119","444","556","C0020639"
"4286","2","3","12","19","31","261","116","1","664","C0020639"
"5173","2","5","4","68","96","326","427","548","672","C0020651"
"51057","2","3","12","76","153","40","38","54","75","C0020651"
"673","2","5","7","53","14","20","34","540","68","C0020651"
"54808","2","3","12","76","153","40","38","54","75","C0020651"
"6532","2","5","8","45","94","199","240","415","666","C0020651"
"4548","2","3","2","15","85","105","139","186","245","C0020651"
"10008","2","5","8","63","36","166","341","223","158","C0020651"
"80339","2","3","5","2","213","334","443","559","687","C0020651"
"2178","2","3","12","19","31","261","116","1","86","C0020651"
"9469","2","3","2","103","189","303","29","475","467","C0020651"
"6945","2","3","12","19","31","110","141","488","102","C0020651"
"633","2","5","7","53","51","342","454","573","492","C0020651"
"4261","2","3","12","53","184","119","156","287","116","C0020651"
"1583","2","3","5","79","152","273","375","100","589","C0020651"
"57122","2","3","12","76","153","40","38","54","664","C0020651"
"9401","2","3","12","76","31","261","116","1","86","C0020651"
"3981","2","3","12","19","31","261","116","1","86","C0020651"
"29954","2","5","2","27","206","324","430","215","290","C0020651"
"367","2","3","12","19","31","276","91","433","118","C0020672"
"1727","2","3","7","34","52","216","395","549","197","C0020672"
"3383","2","5","7","53","51","119","454","287","116","C0020672"
"4512","2","3","2","48","170","110","141","359","8","C0020672"
"3356","2","5","4","68","96","326","427","548","672","C0020672"
"5447","2","3","5","91","214","271","372","471","586","C0020672"
"6905","2","3","12","76","153","40","38","54","75","C0020672"
"2273","2","5","8","63","45","23","103","464","187","C0020672"
"7319","2","3","12","41","116","268","434","468","213","C0020672"
"2317","2","5","7","63","45","23","103","287","664","C0020672"
"2033","2","3","12","19","31","1","91","433","118","C0020672"
"5982","2","3","12","19","31","261","116","1","86","C0020672"
"2218","2","5","2","53","123","194","255","560","373","C0020672"
"11160","2","3","12","41","116","268","423","536","445","C0020672"
"3417","2","3","7","34","52","216","395","549","319","C0020672"
"5444","2","3","5","80","147","236","328","411","229","C0020672"
"6899","2","5","7","53","184","335","259","560","373","C0020672"
"8766","2","5","7","60","54","24","30","46","72","C0020678"
"3630","2","5","7","53","14","20","25","40","186","C0020678"
"1161","2","3","12","41","116","268","434","468","213","C0020678"
"3852","2","1","6","11","142","225","142","220","298","C0020678"
"367","2","3","12","19","31","276","91","433","118","C0020678"
"4351","2","3","2","90","167","266","367","500","577","C0020678"
"30008","2","5","7","53","51","342","454","573","492","C0020678"
"22933","2","3","12","19","31","1","91","433","78","C0020678"
"860","2","3","12","19","31","276","91","433","118","C0020678"
"1371","2","3","5","17","24","261","116","164","6","C0020678"
"59","2","5","8","63","45","23","103","464","187","C0020678"
"653509","2","5","7","53","51","119","238","310","272","C0020678"
"10117","2","5","7","53","51","342","454","573","492","C0020678"
"6891","2","3","12","41","116","119","156","568","116","C0020678"
"8200","2","5","7","53","51","342","259","423","389","C0020678"
"3299","2","3","12","42","81","296","399","201","274","C0020678"
"183","2","5","4","68","96","326","427","548","672","C0020678"
"4867","2","5","7","76","153","40","38","54","75","C0020678"
"5095","2","3","2","48","40","130","166","127","173","C0020678"
"6647","2","3","2","95","2","342","378","173","702","C0020678"
"8878","2","3","12","41","219","339","156","568","697","C0020678"
"8516","2","5","7","53","51","342","454","573","492","C0020678"
"54714","2","5","8","63","36","166","106","110","158","C0020678"
"7124","2","3","12","41","219","339","156","568","697","C0020678"
"2147","2","5","7","68","51","342","454","573","492","C0020678"
"4221","2","3","12","19","31","342","454","573","492","C0020678"
"5156","2","5","7","53","14","20","25","40","186","C0020678"
"5818","2","5","7","53","51","335","444","560","373","C0020678"
"2253","2","5","7","53","14","20","25","40","186","C0020758"
"27249","2","3","2","48","182","50","119","186","245","C0020758"
"355","2","3","7","41","219","339","156","568","697","C0020758"
"6812","2","5","7","27","36","150","341","223","628","C0020796"
"10265","2","3","3","19","221","321","428","541","667","C0020796"
"390594","2","3","12","41","116","268","434","468","213","C0020796"
"2254","2","5","7","53","14","20","25","40","186","C0020796"
"35","2","3","2","67","148","70","456","575","704","C0020796"
"7994","2","3","12","19","31","1","426","55","78","C0020796"
"5077","2","3","3","19","221","321","428","541","667","C0020796"
"778","2","5","8","63","36","166","341","223","158","C0020796"
"8626","2","3","3","19","221","321","428","541","667","C0020796"
"338","2","5","7","53","51","342","454","573","492","C0020796"
"23600","2","3","5","80","81","305","409","208","482","C0020796"
"2737","2","3","12","19","116","321","428","54","667","C0020796"
"57572","2","3","12","19","31","118","155","287","116","C0020796"
"5290","2","3","7","53","14","20","25","40","186","C0020796"
"2271","2","3","5","80","81","166","170","226","305","C0020796"
"6197","2","3","12","19","14","20","34","540","68","C0020796"
"841","2","3","12","41","219","339","156","568","697","C0020796"
"778","2","5","8","63","36","166","341","223","158","C0020796"
"10262","2","3","2","22","33","323","66","101","136","C0020796"
"51114","2","5","5","68","96","326","162","216","290","C0020796"
"54551","2","3","12","41","219","197","156","568","422","C0020796"
"5832","2","3","2","101","62","189","182","509","252","C0020796"
"9509","2","5","7","53","51","342","454","573","492","C0020796"
"9401","2","3","12","76","31","261","116","1","86","C0020796"
"7428","2","3","12","41","116","268","434","468","213","C0020796"
"23742","2","5","5","68","96","326","427","447","586","C0020796"
"4851","2","3","12","19","221","143","428","236","667","C0020796"
"9361","2","3","2","48","170","50","119","444","556","C0020796"
"538","2","3","8","63","45","23","103","464","187","C0020796"
"1301","2","5","7","53","51","342","454","573","492","C0020796"
"23418","2","5","7","53","36","71","177","560","373","C0020796"
"6913","2","3","3","19","221","321","428","541","667","C0020951"
"8842","2","5","5","53","82","147","184","179","328","C0020951"
"27235","2","3","2","48","170","50","304","167","593","C0020951"
"966","2","5","7","34","52","216","395","549","674","C0020981"
"8302","2","5","7","53","51","119","395","549","674","C0020981"
"585","2","3","12","76","153","40","38","54","75","C0020981"
"5327","2","5","7","53","51","342","454","573","492","C0020981"
"1910","2","5","4","68","96","326","427","548","672","C0021053"
"10479","2","5","7","27","36","150","341","223","628","C0021053"
"10102","2","3","2","48","182","67","76","463","153","C0021053"
"51082","2","3","2","19","31","1","426","55","78","C0021053"
"5015","2","3","3","19","221","321","428","541","667","C0021122"
"9971","2","3","3","19","151","276","91","433","118","C0021122"
"4594","2","3","7","48","92","261","116","186","245","C0021122"
"1387","2","3","12","19","31","276","91","433","118","C0021125"
"3594","2","5","7","53","51","119","25","560","373","C0021125"
"1380","2","5","7","53","51","119","395","549","674","C0021125"
"1499","2","3","12","19","221","197","259","560","422","C0021125"
"5053","2","3","5","80","81","166","236","308","390","C0021125"
"5728","2","3","5","80","81","339","156","568","605","C0021125"
"4097","2","3","12","19","31","118","155","287","116","C0021125"
"4000","2","3","12","26","105","178","226","297","156","C0021125"
"51204","2","3","2","48","170","50","119","444","556","C0021125"
"8642","2","5","7","53","51","335","444","560","373","C0021308"
"2153","2","5","7","53","51","342","454","573","492","C0021308"
"2483","2","3","2","22","33","323","66","101","136","C0021359"
"5158","2","3","4","68","45","272","259","518","621","C0021359"
"2200","2","5","7","53","51","342","454","573","492","C0021359"
"2155","2","5","7","53","51","119","454","549","674","C0021359"
"4210","2","3","12","41","219","339","156","568","697","C0021359"
"10269","2","3","2","48","182","50","119","444","556","C0021359"
"567","2","5","7","34","52","119","395","549","674","C0021359"
"26610","2","3","12","19","31","1","426","55","78","C0021359"
"5788","2","5","7","34","52","216","395","549","674","C0021359"
"4952","2","3","5","60","54","184","30","544","669","C0021359"
"10262","2","3","2","22","33","323","66","101","136","C0021359"
"3313","2","3","2","48","170","50","304","167","593","C0021359"
"23495","2","3","12","41","219","339","156","568","697","C0021359"
"3636","2","3","5","80","14","20","25","40","186","C0021359"
"5979","2","5","7","53","14","20","25","40","186","C0021359"
"26608","2","3","2","22","170","50","119","463","153","C0021359"
"25886","2","3","12","76","153","76","136","472","435","C0021359"
"7507","2","3","12","19","31","261","116","1","86","C0021359"
"25953","2","3","2","67","92","293","137","75","664","C0021359"
"3043","2","5","7","34","52","216","395","549","116","C0021359"
"7415","2","3","7","34","52","216","395","536","445","C0021359"
"5745","2","5","4","68","96","326","427","548","672","C0021359"
"54101","2","3","2","48","170","50","347","167","593","C0021359"
"1071","2","5","7","53","51","342","454","573","492","C0021359"
"421","2","5","7","42","51","335","444","560","373","C0021359"
"4683","2","3","12","19","31","261","116","1","86","C0021359"
"10082","2","3","2","74","51","342","454","573","492","C0021359"
"79728","2","3","12","19","31","261","116","1","86","C0021359"
"3561","2","5","7","53","14","20","25","40","186","C0021359"
"5310","2","5","7","53","51","335","444","560","373","C0021359"
"1585","2","3","5","79","159","256","351","100","589","C0021359"
"355","2","3","7","41","219","339","156","568","697","C0021361"
"6833","2","5","8","45","36","166","240","415","666","C0021361"
"10585","2","5","2","27","206","324","430","215","290","C0021361"
"8241","2","3","2","22","33","323","66","101","136","C0021361"
"3589","2","5","7","53","51","119","25","40","416","C0021361"
"6448","2","3","5","74","160","294","376","453","567","C0021361"
"51684","2","3","12","41","116","268","38","54","75","C0021361"
"6310","2","3","12","22","142","225","366","362","468","C0021361"
"4851","2","3","12","19","221","143","428","236","667","C0021361"
"1129","2","5","4","68","96","326","427","548","672","C0021361"
"6657","2","3","12","19","221","321","428","541","667","C0021361"
"23426","2","5","7","42","36","71","177","223","219","C0021361"
"7849","2","3","3","19","221","321","428","541","667","C0021361"
"3981","2","3","12","19","31","261","116","1","86","C0021361"
"29110","2","3","12","41","219","339","156","568","697","C0021361"
"9419","2","5","7","60","36","71","341","223","219","C0021361"
"3767","2","5","8","63","36","166","106","110","158","C0021361"
"51360","2","3","3","26","35","276","91","433","203","C0021361"
"4287","2","3","12","41","116","268","434","468","215","C0021361"
"7054","2","3","5","80","81","166","34","258","345","C0021361"
"5781","2","5","7","53","14","20","25","40","186","C0021361"
"5663","2","5","7","34","52","216","395","549","667","C0021361"
"2984","2","3","4","68","96","326","427","548","672","C0021361"
"23534","2","3","2","22","33","323","66","101","136","C0021361"
"11277","2","3","12","19","31","261","116","1","86","C0021361"
"8643","2","5","3","68","221","197","259","560","422","C0021361"
"10855","2","5","7","34","52","216","395","549","674","C0021361"
"3611","2","5","7","53","14","20","103","188","701","C0021361"
"5296","2","5","7","53","14","20","25","40","186","C0021361"
"2626","2","3","12","19","31","118","155","287","116","C0021603"
"2110","2","3","2","48","170","50","119","444","556","C0021603"
"5144","2","3","4","68","96","326","427","548","672","C0021603"
"861","2","3","12","19","31","1","426","55","78","C0021670"
"1305","2","5","7","53","51","342","454","573","492","C0021670"
"2322","2","5","7","53","14","20","25","40","186","C0021670"
"3549","2","5","3","53","51","197","259","560","422","C0021670"
"2255","2","5","7","53","14","20","25","40","186","C0021670"
"5728","2","3","5","80","81","339","156","568","605","C0021775"
"4668","2","3","5","21","111","188","242","313","396","C0021775"
"9829","2","5","7","60","14","184","341","544","669","C0021775"
"50945","2","3","3","48","170","335","347","560","373","C0021775"
"5314","2","3","12","76","153","40","38","54","75","C0021818"
"3977","2","5","7","53","51","119","25","40","416","C0021818"
"9361","2","3","2","48","170","50","119","444","556","C0021828"
"9817","2","3","12","41","116","268","434","468","213","C0021828"
"7546","2","5","3","19","221","321","79","560","373","C0021828"
"2706","2","3","12","76","153","40","38","54","75","C0021831"
"4920","2","5","7","53","14","20","259","560","373","C0021831"
"3265","2","5","7","60","54","24","30","46","72","C0021831"
"6905","2","3","12","76","153","40","38","54","75","C0021831"
"3301","2","3","12","41","219","339","347","271","356","C0021831"
"5172","2","5","8","45","94","199","240","415","666","C0021831"
"9049","2","3","3","41","151","276","378","271","356","C0021831"
"3553","2","5","7","53","51","119","25","489","416","C0021831"
"26123","2","3","2","76","153","40","38","54","75","C0021831"
"2316","2","5","7","53","51","342","454","573","702","C0021831"
"9049","2","3","3","41","151","276","378","271","356","C0021831"
"2717","2","3","7","34","52","216","395","549","674","C0021841"
"3425","2","3","5","80","81","166","454","573","492","C0021841"
"545","2","3","12","19","31","261","116","1","86","C0021841"
"6696","2","5","7","53","51","342","454","573","492","C0021841"
"7187","2","3","12","41","219","339","156","568","697","C0021841"
"7436","2","5","7","53","51","342","341","544","669","C0021841"
"1280","2","5","7","53","51","342","454","573","492","C0021841"
"785","2","5","8","63","36","166","106","110","158","C0021841"
"6662","2","3","3","19","221","321","428","541","667","C0021841"
"2055","2","3","2","27","36","150","402","223","628","C0021841"
"2110","2","3","2","48","170","50","119","444","556","C0021841"
"26040","2","3","12","19","31","1","116","297","78","C0021841"
"4534","2","3","5","80","81","296","399","362","468","C0021843"
"6908","2","3","12","19","31","1","116","159","211","C0021843"
"9215","2","5","2","27","36","150","430","215","628","C0021843"
"5428","2","3","2","48","170","50","119","167","593","C0021843"
"3553","2","5","7","53","51","119","25","489","416","C0021843"
"5159","2","5","7","53","14","20","25","40","186","C0021843"
"540","2","5","8","63","45","23","103","464","187","C0021843"
"4613","2","3","12","19","31","1","426","55","78","C0021843"
"1356","2","3","7","53","51","342","454","573","492","C0021843"
"3425","2","3","5","80","81","166","454","573","492","C0021843"
"2562","2","5","8","27","70","99","162","216","290","C0021843"
"4867","2","5","7","76","153","40","38","54","75","C0021843"
"5743","2","3","5","53","175","119","167","489","416","C0021843"
"55135","2","3","12","76","137","76","136","472","435","C0021843"
"11284","2","3","12","19","31","261","116","1","86","C0021843"
"4864","2","3","5","48","152","184","341","544","669","C0021843"
"7471","2","5","3","68","221","197","259","560","422","C0021843"
"1536","2","5","7","34","52","216","395","549","674","C0021843"
"4853","2","3","12","19","124","143","428","236","667","C0021843"
"23299","2","3","12","76","153","40","38","54","75","C0021843"
"4541","2","3","2","48","170","50","119","444","24","C0021845"
"5091","2","3","2","35","40","130","166","57","435","C0021845"
"3198","2","3","3","19","221","321","428","541","667","C0021845"
"9652","2","3","2","110","85","237","433","547","671","C0021846"
"6323","2","5","8","63","36","166","341","390","158","C0021846"
"4851","2","3","12","19","221","143","428","236","667","C0021846"
"5728","2","3","5","80","81","339","156","568","605","C0021846"
"9241","2","5","7","53","51","342","259","423","389","C0021846"
"716","2","5","7","53","51","119","395","549","674","C0021847"
"6234","2","3","2","110","85","237","433","547","671","C0021847"
"9632","2","3","7","60","153","40","38","54","203","C0021847"
"3070","2","3","12","76","31","1","426","55","78","C0021847"
"6792","2","5","7","53","14","20","34","540","68","C0021933"
"54888","2","3","2","110","85","152","129","252","154","C0021933"
"1962","2","3","5","43","161","305","409","208","482","C0022073"
"9150","2","3","12","19","31","261","116","159","211","C0022073"
"9244","2","5","7","53","51","119","25","40","416","C0022073"
"54903","2","3","12","76","153","40","38","54","75","C0022073"
"5428","2","3","2","48","170","50","119","167","593","C0022073"
"7076","2","5","7","53","51","342","454","573","492","C0022073"
"3594","2","5","7","53","51","119","25","560","373","C0022073"
"4318","2","5","7","34","52","216","395","573","492","C0022073"
"1716","2","3","2","27","36","150","221","138","188","C0022104"
"7169","2","5","8","63","45","23","103","464","187","C0022104"
"3172","2","3","3","19","151","276","91","433","118","C0022116"
"641","2","3","12","19","31","261","116","1","86","C0022116"
"10847","2","3","12","19","31","1","426","55","78","C0022116"
"3887","2","1","6","11","142","225","142","220","298","C0022116"
"8929","2","3","3","19","221","321","428","541","667","C0022116"
"1889","2","5","4","68","96","326","427","548","672","C0022116"
"25923","2","3","2","48","184","50","119","444","116","C0022116"
"7494","2","3","2","110","105","178","226","297","380","C0022116"
"26160","2","3","12","76","153","40","38","54","75","C0022116"
"1834","2","5","7","53","51","342","454","573","492","C0022116"
"2303","2","5","3","19","221","321","428","541","667","C0022116"
"3981","2","3","12","19","31","261","116","1","86","C0022116"
"3481","2","5","7","53","51","342","454","573","492","C0022116"
"23636","2","3","12","22","33","323","66","101","664","C0022116"
"3209","2","3","3","19","221","321","428","541","667","C0022116"
"4056","2","3","5","80","175","271","372","471","229","C0022116"
"5538","2","3","2","115","18","340","269","342","444","C0022116"
"2178","2","3","12","19","31","261","116","1","86","C0022116"
"1289","2","5","7","53","51","342","454","573","492","C0022116"
"5373","2","3","2","90","167","123","158","207","278","C0022116"
"11155","2","5","7","63","45","23","103","464","187","C0022116"
"8517","2","3","12","41","219","339","156","568","697","C0022116"
"3757","2","5","8","63","36","166","106","110","158","C0022116"
"6439","2","5","5","68","96","185","238","310","272","C0022116"
"3728","2","5","7","34","52","225","142","220","298","C0022116"
"6662","2","3","3","19","221","321","428","541","667","C0022116"
"6389","2","3","2","48","170","50","119","444","556","C0022116"
"4629","2","5","8","63","45","23","103","464","187","C0022116"
"50964","2","5","3","68","221","197","259","423","422","C0022336"
"3516","2","3","12","19","31","143","428","236","667","C0022336"
"3954","2","3","2","48","170","67","119","444","593","C0022336"
"6916","2","3","5","91","175","119","167","224","301","C0022336"
"999","2","5","7","53","51","342","444","560","373","C0022336"
"2138","2","3","12","19","31","1","426","55","78","C0022336"
"11280","2","5","8","63","36","166","341","390","158","C0022336"
"2316","2","5","7","53","51","342","454","573","702","C0022336"
"4990","2","3","3","19","221","321","428","541","667","C0022336"
"846","2","5","4","68","96","326","427","548","672","C0022336"
"1594","2","3","5","92","163","96","363","460","487","C0022353"
"26040","2","3","12","19","31","1","116","297","78","C0022353"
"2260","2","5","7","53","14","20","25","40","186","C0022353"
"6913","2","3","3","19","221","321","428","541","667","C0022353"
"871","2","5","7","53","51","342","454","573","492","C0022353"
"4221","2","3","12","19","31","342","454","573","492","C0022353"
"10262","2","3","2","22","33","323","66","101","136","C0022353"
"7456","2","5","7","60","14","20","25","40","215","C0022353"
"2263","2","5","7","53","14","20","25","40","186","C0022353"
"7403","2","3","12","19","31","1","426","55","78","C0022353"
"7253","2","5","4","68","96","326","427","548","672","C0022353"
"1583","2","3","5","79","152","273","375","100","589","C0022353"
"1512","2","5","7","34","52","216","395","549","674","C0022353"
"8754","2","5","7","53","51","342","454","573","492","C0022353"
"6275","2","3","12","34","52","216","156","572","697","C0022353"
"10483","2","3","7","60","54","24","30","46","72","C0022353"
"1947","2","5","7","53","51","20","25","560","373","C0022353"
"3915","2","5","7","53","51","342","454","573","492","C0022353"
"8815","2","3","12","22","33","323","66","444","664","C0022360"
"673","2","5","7","53","14","20","34","540","68","C0022360"
"26258","2","5","7","60","18","184","341","544","669","C0022360"
"6628","2","3","2","22","33","323","66","101","136","C0022360"
"23064","2","3","6","11","31","261","142","220","664","C0022360"
"7157","2","3","12","19","31","261","402","489","551","C0022387"
"1203","2","3","2","41","170","342","423","536","342","C0022387"
"132884","2","3","12","41","116","268","434","568","605","C0022408"
"55624","2","3","2","78","123","194","255","215","412","C0022408"
"9871","2","3","7","60","153","40","38","54","203","C0022408"
"1716","2","3","2","27","36","150","221","138","188","C0022408"
"3897","2","5","7","53","51","335","444","560","373","C0022408"
"271","2","3","5","33","6","241","233","304","386","C0022408"
"1910","2","5","4","68","96","326","427","548","672","C0022408"
"2316","2","5","7","53","51","342","454","573","702","C0022408"
"7468","2","3","12","19","31","1","426","55","78","C0022408"
"6389","2","3","2","48","170","50","119","444","556","C0022408"
"1311","2","5","7","53","51","342","454","573","492","C0022408"
"7681","2","3","12","41","116","268","434","468","213","C0022408"
"5621","2","5","8","27","36","342","454","573","628","C0022408"
"1277","2","5","7","53","51","342","454","573","492","C0022408"
"4041","2","5","3","68","221","197","259","560","422","C0022408"
"2778","2","5","4","68","96","326","427","548","672","C0022410"
"2304","2","3","12","19","221","321","428","541","667","C0022410"
"4029","2","3","2","22","85","237","433","547","194","C0022410"
"585","2","3","12","76","153","40","38","54","75","C0022541"
"3952","2","5","3","53","151","276","91","433","118","C0022541"
"324","2","3","12","41","219","197","70","255","422","C0022541"
"8803","2","3","8","67","92","293","55","75","311","C0022541"
"85480","2","3","12","53","14","20","25","40","186","C0022568"
"7015","2","3","12","19","31","1","426","55","78","C0022568"
"3594","2","5","7","53","51","119","25","560","373","C0022568"
"8856","2","3","3","19","151","276","91","433","118","C0022568"
"4854","2","5","7","53","51","143","428","236","667","C0022568"
"2911","2","5","4","68","96","326","427","548","672","C0022568"
"3897","2","5","7","53","51","335","444","560","373","C0022568"
"6786","2","5","8","63","45","23","103","464","187","C0022568"
"203286","2","5","7","50","30","193","306","148","624","C0022568"
"1297","2","5","7","53","51","342","454","573","492","C0022568"
"1380","2","5","7","53","51","119","395","549","674","C0022568"
"7390","2","3","5","80","81","166","132","175","473","C0022568"
"6473","2","3","3","19","221","321","428","541","667","C0022568"
"5745","2","5","4","68","96","326","427","548","672","C0022568"
"1737","2","3","2","67","92","293","55","75","311","C0022568"
"2244","2","5","7","53","51","342","454","573","492","C0022568"
"4882","2","3","4","68","96","326","427","548","672","C0022568"
"540","2","5","8","63","45","23","103","464","187","C0022568"
"6595","2","3","12","19","31","1","426","55","78","C0022568"
"93986","2","3","12","19","221","321","428","541","667","C0022568"
"1437","2","5","7","53","14","20","25","40","186","C0022568"
"6736","2","3","12","19","31","276","91","433","667","C0022568"
"7248","2","3","2","48","57","110","141","359","462","C0022568"
"54101","2","3","2","48","170","50","347","167","593","C0022568"
"22802","2","5","8","63","45","23","34","464","187","C0022573"
"1954","2","5","7","53","51","342","454","573","492","C0022573"
"538","2","3","8","63","45","23","103","464","187","C0022573"
"5573","2","3","12","19","184","118","155","287","116","C0022573"
"10686","2","5","6","42","36","71","177","64","219","C0022575"
"8573","2","5","7","53","36","71","341","223","219","C0022575"
"2703","2","3","12","76","153","40","38","54","75","C0022575"
"8772","2","3","12","41","219","339","156","568","697","C0022575"
"1586","2","3","5","79","98","256","335","425","540","C0022575"
"714","2","5","7","53","51","119","395","549","674","C0022575"
"1813","2","5","4","68","96","326","427","548","672","C0022584"
"2260","2","5","7","53","14","20","25","40","186","C0022584"
"990","2","3","12","76","31","261","116","1","86","C0022584"
"1291","2","5","7","53","51","342","454","573","492","C0022584"
"1392","2","5","4","68","96","326","427","548","672","C0022593"
"3643","2","5","7","53","14","20","25","40","186","C0022593"
"26503","2","3","2","89","124","204","272","347","442","C0022593"
"7454","2","5","7","60","14","20","25","40","215","C0022593"
"9343","2","3","2","22","33","323","66","101","136","C0022593"
"7248","2","3","2","48","57","110","141","359","462","C0022603"
"23405","2","3","2","22","33","323","66","146","194","C0022603"
"16","2","3","2","110","85","237","433","547","154","C0022638"
"3078","2","5","7","53","51","119","395","549","674","C0022638"
"23141","2","3","12","76","105","40","226","489","435","C0022638"
"5468","2","3","3","19","151","276","91","433","118","C0022638"
"2588","2","3","7","34","52","216","395","549","674","C0022638"
"760","2","3","5","35","41","77","40","78","178","C0022638"
"25970","2","5","7","53","14","20","25","40","116","C0022638"
"3861","2","1","6","11","142","225","142","220","298","C0022638"
"9096","2","5","7","53","51","335","259","560","373","C0022638"
"348","2","5","7","53","51","342","454","573","492","C0022638"
"6611","2","3","2","58","55","25","46","329","198","C0022638"
"5982","2","3","12","19","31","261","116","1","86","C0022650"
"23636","2","3","12","22","33","323","66","101","664","C0022650"
"4893","2","5","7","34","52","24","30","46","72","C0022650"
"4803","2","5","7","60","54","24","30","46","72","C0022650"
"30817","2","5","3","68","221","197","259","560","422","C0022650"
"8517","2","3","12","41","219","339","156","568","697","C0022650"
"2138","2","3","12","19","31","1","426","55","78","C0022650"
"50943","2","3","12","19","31","1","426","129","131","C0022660"
"7040","2","5","7","53","51","342","454","573","492","C0022660"
"5831","2","3","2","101","62","189","182","566","409","C0022660"
"2778","2","5","4","68","96","326","427","548","672","C0022660"
"7124","2","3","12","41","219","339","156","568","697","C0022665"
"2492","2","5","4","68","96","326","427","548","672","C0022665"
"51085","2","3","2","48","57","110","141","359","462","C0022665"
"3274","2","5","4","68","96","326","427","548","672","C0022665"
"4598","2","3","2","19","151","276","198","259","427","C0022665"
"3614","2","3","7","34","52","216","395","549","674","C0022665"
"4514","2","3","2","48","57","110","141","359","5","C0022665"
"6899","2","5","7","53","184","335","259","560","373","C0022665"
"7490","2","3","3","19","221","321","428","541","667","C0022665"
"10484","2","3","7","60","153","40","38","54","203","C0022665"
"2121","2","3","12","41","116","268","434","568","605","C0022665"
"54101","2","3","2","48","170","50","347","167","593","C0022665"
"8243","2","3","12","76","31","40","38","54","75","C0022665"
"2736","2","3","12","41","116","321","428","54","667","C0022665"
"23435","2","3","2","22","33","323","66","101","136","C0022665"
"3953","2","5","7","53","14","20","25","40","186","C0022665"
"79823","2","3","4","68","45","272","347","518","621","C0022665"
"5251","2","3","5","80","81","296","474","593","722","C0022665"
"10907","2","3","2","22","33","323","66","101","136","C0022665"
"2248","2","5","7","53","14","20","25","40","186","C0022665"
"25","2","3","12","19","14","20","25","287","116","C0022665"
"54345","2","5","3","19","221","321","428","541","667","C0022665"
"55764","2","3","12","76","153","40","38","54","75","C0022665"
"10370","2","3","12","19","31","276","91","433","118","C0022665"
"4313","2","5","7","53","51","342","454","573","492","C0022665"
"1146","2","5","8","27","70","99","162","216","290","C0022665"
"345","2","5","7","53","51","342","454","573","492","C0022665"
"207","2","3","7","53","14","20","34","489","416","C0022665"
"6648","2","3","2","95","151","160","378","173","229","C0022665"
"5897","2","3","12","41","116","268","141","568","605","C0022672"
"55572","2","3","2","48","170","50","119","444","556","C0022672"
"10312","2","3","7","34","52","216","395","549","674","C0022672"
"4214","2","3","12","41","219","339","34","540","117","C0022672"
"9496","2","5","6","11","142","225","142","220","673","C0022679"
"34","2","3","2","19","151","276","91","433","118","C0022679"
"4148","2","5","7","53","51","342","454","573","492","C0022679"
"1499","2","3","12","19","221","197","259","560","422","C0022679"
"51738","2","5","4","68","96","326","427","548","672","C0022679"
"158326","2","5","7","53","51","342","454","573","492","C0022679"
"1311","2","5","7","53","51","342","454","573","492","C0022679"
"1281","2","5","7","53","51","342","454","573","492","C0022679"
"4842","2","3","5","63","45","71","177","464","219","C0022679"
"10269","2","3","2","48","182","50","119","444","556","C0022679"
"9652","2","3","2","110","85","237","433","547","671","C0022679"
"2099","2","3","12","19","151","276","91","433","118","C0022679"
"1280","2","5","7","53","51","342","454","573","492","C0022679"
"4882","2","3","4","68","96","326","427","548","672","C0022679"
"7291","2","3","12","19","151","276","91","489","416","C0022679"
"673","2","5","7","53","14","20","34","540","68","C0022679"
"2317","2","5","7","63","45","23","103","287","664","C0022679"
"10806","2","3","12","76","153","40","38","54","75","C0022679"
"1184","2","5","8","63","45","23","34","464","187","C0022679"
"10682","2","5","4","68","96","326","48","69","204","C0022679"
"140","2","5","4","68","96","326","427","548","672","C0022679"
"2588","2","3","7","34","52","216","395","549","674","C0022679"
"2556","2","5","8","27","70","99","162","216","290","C0022679"
"1387","2","3","12","19","31","276","91","433","118","C0022679"
"23020","2","3","2","22","33","323","66","101","136","C0022679"
"6231","2","3","2","110","85","237","433","547","671","C0022679"
"5290","2","3","7","53","14","20","25","40","186","C0022679"
"5015","2","3","3","19","221","321","428","541","667","C0022679"
"5594","2","5","7","34","14","20","34","540","274","C0022679"
"7253","2","5","4","68","96","326","427","548","672","C0022679"
"573","2","3","12","41","219","339","347","271","356","C0022680"
"7486","2","3","12","19","31","261","116","1","86","C0022680"
"10743","2","3","3","19","151","276","91","433","118","C0022680"
"5828","2","3","5","43","161","305","409","208","482","C0022680"
"5743","2","3","5","53","175","119","167","489","416","C0022680"
"4854","2","5","7","53","51","143","428","236","667","C0022680"
"9997","2","3","2","48","170","50","119","444","556","C0022680"
"1075","2","5","7","34","52","216","395","549","674","C0022680"
"6439","2","5","5","68","96","185","238","310","272","C0022680"
"5290","2","3","7","53","14","20","25","40","186","C0022680"
"6647","2","3","2","95","2","342","378","173","702","C0022680"
"175","2","3","7","34","52","216","395","549","674","C0022680"
"6925","2","3","12","19","31","225","142","220","298","C0022680"
"23203","2","3","5","80","81","50","304","167","593","C0022680"
"8842","2","5","5","53","82","147","184","179","328","C0022680"
"2239","2","3","2","74","51","342","454","573","492","C0022680"
"10243","2","3","2","27","91","71","204","267","352","C0022680"
"1908","2","5","4","68","96","326","427","548","672","C0022680"
"5594","2","5","7","34","14","20","34","540","274","C0022680"
"5979","2","5","7","53","14","20","25","40","186","C0022680"
"7248","2","3","2","48","57","110","141","359","462","C0022716"
"2184","2","3","5","76","153","138","236","332","407","C0022716"
"1476","2","5","7","34","52","216","395","549","674","C0022738"
"22931","2","5","7","34","54","24","30","46","72","C0022738"
"2488","2","5","4","68","96","326","427","548","672","C0022738"
"9409","2","3","5","43","161","305","409","208","482","C0022783"
"5621","2","5","8","27","36","342","454","573","628","C0022783"
"8626","2","3","3","19","221","321","428","541","667","C0022876"
"1390","2","3","12","19","151","276","91","433","118","C0022876"
"183","2","5","4","68","96","326","427","548","672","C0022906"
"9966","2","5","12","41","219","339","156","568","697","C0022906"
"9632","2","3","7","60","153","40","38","54","203","C0022906"
"23594","2","3","12","76","153","261","116","1","86","C0022906"
"8200","2","5","7","53","51","342","259","423","389","C0022906"
"51816","2","5","7","34","52","216","395","549","674","C0022906"
"6329","2","5","8","63","36","166","341","390","158","C0022906"
"10806","2","3","12","76","153","40","38","54","75","C0022906"
"3479","2","5","7","53","51","342","454","573","492","C0022906"
"10577","2","5","7","34","52","216","395","549","674","C0022951"
"7314","2","3","12","41","219","261","409","208","482","C0022951"
"421","2","5","7","42","51","335","444","560","373","C0023003"
"3291","2","3","2","69","83","101","94","133","318","C0023003"
"5080","2","3","3","19","221","321","428","541","667","C0023014"
"5167","2","3","5","32","93","163","207","303","126","C0023014"
"2243","2","5","7","53","51","342","454","573","492","C0023014"
"5130","2","3","2","85","143","286","51","488","102","C0023014"
"1073","2","3","8","63","45","184","103","572","658","C0023014"
"7015","2","3","12","19","31","1","426","55","78","C0023014"
"8647","2","3","5","46","158","252","352","449","563","C0023014"
"2263","2","5","7","53","14","20","25","40","186","C0023014"
"8799","2","3","5","43","161","305","409","208","482","C0023014"
"9896","2","3","5","80","81","296","399","201","274","C0023014"
"3832","2","3","12","76","153","40","38","54","75","C0023014"
"8626","2","3","3","19","221","321","428","541","667","C0023015"
"10585","2","5","2","27","206","324","430","215","290","C0023015"
"11232","2","3","3","19","151","276","91","433","118","C0023015"
"5189","2","3","5","43","161","305","409","208","482","C0023015"
"1441","2","5","7","53","51","119","25","40","186","C0023015"
"1540","2","3","12","41","219","339","156","568","605","C0023015"
"9533","2","3","2","19","31","1","426","55","78","C0023015"
"2296","2","3","3","19","221","321","428","541","667","C0023015"
"6709","2","5","7","34","52","216","395","572","158","C0023015"
"4286","2","3","12","19","31","261","116","1","664","C0023015"
"54106","2","5","7","53","219","20","156","40","697","C0023015"
"7157","2","3","12","19","31","261","402","489","551","C0023015"
"10878","2","5","7","53","51","119","395","549","674","C0023015"
"779","2","5","8","63","36","166","341","390","158","C0023055"
"9563","2","3","5","13","10","212","294","373","485","C0023055"
"147372","2","5","3","19","221","342","428","541","667","C0023066"
"10300","2","3","12","76","153","40","38","54","75","C0023066"
"10000","2","5","7","53","14","20","34","540","68","C0023066"
"4613","2","3","12","19","31","1","426","55","78","C0023075"
"4982","2","5","12","41","219","339","156","568","697","C0023075"
"2324","2","5","7","53","14","20","25","40","186","C0023075"
"7545","2","5","3","34","52","216","142","220","298","C0023075"
"9227","2","3","2","69","51","101","126","170","224","C0023075"
"26277","2","3","12","19","31","1","426","1","78","C0023075"
"291","2","3","2","48","170","50","304","167","593","C0023075"
"7555","2","3","2","110","85","237","433","547","671","C0023176"
"3845","2","5","7","60","54","24","30","46","72","C0023176"
"4128","2","3","5","80","81","119","402","489","416","C0023176"
"2072","2","3","12","19","31","261","116","1","86","C0023176"
"2956","2","3","12","19","31","261","116","1","86","C0023176"
"547","2","3","7","76","153","40","38","54","75","C0023176"
"5447","2","3","5","91","214","271","372","471","586","C0023186"
"55650","2","3","2","61","77","142","176","235","557","C0023186"
"2299","2","3","3","19","221","321","428","541","667","C0023186"
"10891","2","3","3","19","151","276","91","433","118","C0023186"
"875","2","3","5","80","137","44","21","451","316","C0023186"
"7020","2","3","12","19","31","276","91","433","664","C0023186"
"1813","2","5","4","68","96","326","427","548","672","C0023186"
"6389","2","3","2","48","170","50","119","444","556","C0023186"
"8398","2","3","5","116","183","40","38","352","455","C0023186"
"6521","2","5","8","35","41","199","40","415","666","C0023186"
"348","2","5","7","53","51","342","454","573","492","C0023186"
"9469","2","3","2","103","189","303","29","475","467","C0023186"
"2703","2","3","12","76","153","40","38","54","75","C0023186"
"2737","2","3","12","19","116","321","428","54","667","C0023186"
"1080","2","3","12","41","219","339","156","544","669","C0023186"
"54101","2","3","2","48","170","50","347","167","593","C0023186"
"79054","2","5","8","63","45","193","306","390","158","C0023186"
"11200","2","3","12","19","31","261","116","1","86","C0023186"
"7157","2","3","12","19","31","261","402","489","551","C0023186"
"6863","2","5","4","68","96","326","427","548","672","C0023186"
"9401","2","3","12","76","31","261","116","1","86","C0023186"
"22954","2","3","12","41","116","268","434","468","213","C0023186"
"6938","2","3","12","19","31","1","426","55","78","C0023186"
"6326","2","5","8","63","36","166","341","390","158","C0023186"
"1075","2","5","7","34","52","216","395","549","674","C0023186"
"4538","2","3","2","48","170","50","119","444","556","C0023186"
"5830","2","3","5","43","161","305","409","208","482","C0023186"
"7227","2","3","12","19","31","276","91","433","118","C0023186"
"2916","2","5","4","68","96","326","427","548","672","C0023186"
"324","2","3","12","41","219","197","70","255","422","C0023211"
"7274","2","3","5","43","161","99","162","216","290","C0023211"
"7170","2","5","8","63","45","23","103","464","187","C0023212"
"9401","2","3","12","76","31","261","116","1","86","C0023212"
"1134","2","5","8","27","70","99","162","216","290","C0023212"
"3730","2","5","7","53","14","20","25","40","186","C0023212"
"6772","2","3","12","53","184","119","156","287","116","C0023212"
"2956","2","3","12","19","31","261","116","1","86","C0023212"
"5604","2","5","7","53","14","20","34","540","68","C0023212"
"383","2","3","7","34","52","216","395","549","674","C0023212"
"87","2","5","7","53","51","342","454","573","702","C0023212"
"1716","2","3","2","27","36","150","221","138","188","C0023212"
"8626","2","3","3","19","221","321","428","541","667","C0023212"
"8625","2","3","12","19","31","276","91","236","118","C0023212"
"2812","2","5","7","53","51","342","454","573","492","C0023212"
"6521","2","5","8","35","41","199","40","415","666","C0023212"
"3060","2","5","4","68","96","326","427","548","672","C0023212"
"1855","2","5","12","76","153","197","259","560","422","C0023212"
"1287","2","5","2","53","51","342","454","573","492","C0023221"
"51025","2","3","2","48","170","50","304","167","593","C0023221"
"2879","2","3","5","80","81","166","378","173","229","C0023221"
"567","2","5","7","34","52","119","395","549","674","C0023221"
"5328","2","5","7","34","52","216","395","549","674","C0023221"
"7291","2","3","12","19","151","276","91","489","416","C0023221"
"55145","2","3","2","22","33","225","142","220","140","C0023234"
"6440","2","5","5","68","96","185","238","310","272","C0023234"
"1146","2","5","8","27","70","99","162","216","290","C0023234"
"3315","2","3","12","41","181","160","362","402","215","C0023234"
"6905","2","3","12","76","153","40","38","54","75","C0023234"
"5830","2","3","5","43","161","305","409","208","482","C0023234"
"587","2","3","2","67","94","199","182","75","666","C0023241"
"478","2","3","8","63","45","23","366","464","187","C0023241"
"59","2","5","8","63","45","23","103","464","187","C0023267"
"10397","2","3","2","110","81","148","402","51","383","C0023267"
"54209","2","5","7","53","51","119","395","549","674","C0023267"
"2261","2","5","7","53","14","20","25","40","186","C0023267"
"3265","2","5","7","60","54","24","30","46","72","C0023267"
"1027","2","3","12","19","31","1","116","1","86","C0023267"
"10908","2","3","2","97","173","275","377","473","592","C0023269"
"861","2","3","12","19","31","1","426","55","78","C0023269"
"8915","2","3","12","41","219","339","156","568","697","C0023269"
"10087","2","3","7","50","47","39","100","321","255","C0023269"
"10225","2","5","7","53","51","119","395","549","674","C0023269"
"9368","2","5","7","42","36","71","177","223","219","C0023281"
"10815","2","5","7","60","36","71","341","223","666","C0023281"
"2913","2","5","4","68","96","326","427","548","672","C0023281"
"2736","2","3","12","41","116","321","428","54","667","C0023281"
"2068","2","3","12","19","31","261","116","159","211","C0023281"
"54790","2","3","12","19","31","1","426","55","78","C0023281"
"11200","2","3","12","19","31","261","116","1","86","C0023281"
"1301","2","5","7","53","51","342","454","573","492","C0023281"
"7291","2","3","12","19","151","276","91","489","416","C0023281"
"1292","2","5","7","53","51","342","454","573","492","C0023283"
"10262","2","3","2","22","33","323","66","101","136","C0023283"
"7516","2","3","12","19","31","261","116","1","86","C0023283"
"22953","2","5","8","63","45","23","306","390","158","C0023283"
"3105","2","5","7","53","51","119","156","287","116","C0023283"
"1605","2","5","7","53","51","342","454","573","492","C0023283"
"1757","2","3","2","19","31","1","426","55","78","C0023283"
"2597","2","3","2","90","167","266","367","500","577","C0023283"
"2006","2","5","7","53","51","342","454","573","492","C0023290"
"23600","2","3","5","80","81","305","409","208","482","C0023290"
"55651","2","3","2","110","85","237","433","547","671","C0023290"
"2067","2","3","12","19","31","261","116","1","86","C0023290"
"2245","2","5","7","60","54","24","30","46","72","C0023290"
"6285","2","5","7","41","219","339","156","568","697","C0023290"
"6198","2","3","7","53","14","20","34","540","68","C0023290"
"2332","2","3","2","22","33","71","373","466","609","C0023290"
"3040","2","5","5","53","51","342","40","78","178","C0023290"
"8260","2","3","12","41","85","266","76","287","78","C0023290"
"5443","2","5","4","68","96","326","427","548","672","C0023290"
"207","2","3","7","53","14","20","34","489","416","C0023290"
"8518","2","3","12","19","31","1","426","55","78","C0023290"
"6647","2","3","2","95","2","342","378","173","702","C0023308"
"8643","2","5","3","68","221","197","259","560","422","C0023308"
"4750","2","5","12","76","14","20","34","540","68","C0023343"
"2184","2","3","5","76","153","138","236","332","407","C0023343"
"2677","2","5","7","53","51","342","454","573","492","C0023343"
"79583","2","5","8","27","70","99","38","54","75","C0023343"
"5178","2","5","7","27","36","150","341","223","628","C0023343"
"3569","2","5","7","53","51","342","454","573","416","C0023343"
"444","2","5","8","63","45","23","34","464","187","C0023343"
"3620","2","3","5","91","214","183","307","391","507","C0023343"
"4893","2","5","7","34","52","24","30","46","72","C0023343"
"4308","2","5","8","63","45","193","306","390","158","C0023343"
"22856","2","3","2","78","189","303","251","320","403","C0023437"
"9663","2","3","5","80","81","296","51","488","102","C0023437"
"4256","2","5","7","53","51","342","454","573","492","C0023440"
"5332","2","3","4","68","96","326","427","548","672","C0023440"
"8200","2","5","7","53","51","342","259","423","389","C0023440"
"595","2","3","12","19","31","1","426","489","416","C0023443"
"2539","2","3","2","48","57","110","141","359","383","C0023443"
"4868","2","5","7","53","51","335","25","560","373","C0023448"
"5054","2","5","7","53","51","342","454","573","492","C0023448"
"7227","2","3","12","19","31","276","91","433","118","C0023448"
"6622","2","3","7","27","36","150","341","223","628","C0023448"
"2261","2","5","7","53","14","20","25","40","186","C0023448"
"55280","2","3","2","22","33","323","66","101","136","C0023448"
"5579","2","5","7","53","14","20","34","540","68","C0023448"
"6774","2","3","12","53","14","276","25","489","416","C0023448"
"54453","2","5","7","60","54","24","30","46","72","C0023449"
"55650","2","3","2","61","77","142","176","235","557","C0023449"
"2694","2","5","7","48","51","105","139","186","245","C0023449"
"1371","2","3","5","17","24","261","116","164","6","C0023449"
"1991","2","5","7","34","52","216","395","549","674","C0023449"
"9652","2","3","2","110","85","237","433","547","671","C0023449"
"2261","2","5","7","53","14","20","25","40","186","C0023449"
"6478","2","3","12","41","116","268","434","468","213","C0023449"
"7276","2","5","7","34","52","216","395","549","674","C0023464"
"3952","2","5","3","53","151","276","91","433","118","C0023464"
"8988","2","3","8","63","45","160","103","464","187","C0023465"
"5824","2","3","5","47","144","185","238","310","392","C0023465"
"23451","2","3","2","22","33","323","66","101","136","C0023465"
"6442","2","5","8","63","45","23","103","464","187","C0023465"
"9499","2","5","7","53","51","23","103","464","187","C0023470"
"6499","2","3","2","110","85","237","433","547","671","C0023470"
"2006","2","5","7","53","51","342","454","573","492","C0023470"
"4128","2","3","5","80","81","119","402","489","416","C0023470"
"471","2","3","5","80","81","61","373","341","142","C0023470"
"25836","2","3","12","76","153","40","38","54","75","C0023470"
"51816","2","5","7","34","52","216","395","549","674","C0023470"
"3040","2","5","5","53","51","342","40","78","178","C0023470"
"54903","2","3","12","76","153","40","38","54","75","C0023470"
"8842","2","5","5","53","82","147","184","179","328","C0023470"
"10913","2","3","12","41","219","339","156","568","697","C0023470"
"6392","2","3","2","48","170","50","119","444","556","C0023470"
"6532","2","5","8","45","94","199","240","415","666","C0023470"
"2006","2","5","7","53","51","342","454","573","492","C0023470"
"7461","2","3","7","60","153","40","38","93","75","C0023470"
"9935","2","3","12","19","31","1","426","55","78","C0023470"
"23474","2","3","12","19","31","1","91","433","118","C0023470"
"54463","2","3","2","48","57","110","141","359","462","C0023473"
"2200","2","5","7","53","51","342","454","573","492","C0023473"
"3759","2","5","8","63","36","166","106","110","158","C0023473"
"153","2","5","4","68","96","326","427","548","672","C0023473"
"23410","2","3","2","48","151","276","91","433","118","C0023473"
"7015","2","3","12","19","31","1","426","55","78","C0023473"
"8454","2","3","12","41","116","268","434","468","213","C0023473"
"987","2","3","6","48","94","279","347","330","304","C0023473"
"4683","2","3","12","19","31","261","116","1","86","C0023473"
"23118","2","3","12","41","219","339","156","568","697","C0023473"
"652","2","5","7","53","51","342","454","573","492","C0023473"
"10585","2","5","2","27","206","324","430","215","290","C0023473"
"19","2","3","3","19","151","276","91","433","118","C0023473"
"23322","2","3","12","76","153","40","38","54","75","C0023473"
"760","2","3","5","35","41","77","40","78","178","C0023473"
"8878","2","3","12","41","219","339","156","568","697","C0023473"
"56623","2","3","5","80","81","296","118","543","214","C0023473"
"2273","2","5","8","63","45","23","103","464","187","C0023473"
"7476","2","5","3","68","221","197","259","560","422","C0023473"
"1410","2","3","12","63","45","23","38","54","187","C0023473"
"8835","2","3","12","41","116","268","434","468","213","C0023473"
"6866","2","5","4","68","96","326","427","548","672","C0023473"
"3913","2","5","7","53","51","342","454","573","492","C0023473"
"10063","2","3","2","48","170","50","304","167","593","C0023479"
"9469","2","3","2","103","189","303","29","475","467","C0023479"
"6667","2","3","12","19","31","276","91","433","118","C0023479"
"4322","2","5","7","53","51","342","454","573","492","C0023479"
"5648","2","5","7","53","51","119","395","549","674","C0023479"
"4539","2","3","2","53","184","86","107","560","195","C0023480"
"26012","2","3","12","19","31","261","116","159","211","C0023480"
"6335","2","5","8","63","36","166","341","390","158","C0023480"
"4758","2","3","7","34","52","216","395","549","517","C0023485"
"2261","2","5","7","53","14","20","25","40","186","C0023485"
"5189","2","3","5","43","161","305","409","208","482","C0023485"
"1535","2","5","7","34","52","216","395","549","674","C0023485"
"5295","2","5","7","53","14","20","25","40","186","C0023485"
"7428","2","3","12","41","116","268","434","468","213","C0023485"
"1786","2","3","12","19","31","1","426","55","78","C0023485"
"1312","2","3","2","87","79","105","426","129","25","C0023485"
"16","2","3","2","110","85","237","433","547","154","C0023485"
"6628","2","3","2","22","33","323","66","101","136","C0023485"
"1528","2","3","5","91","214","271","372","471","586","C0023485"
"7076","2","5","7","53","51","342","454","573","492","C0023485"
"1130","2","5","7","60","54","326","141","359","462","C0023492"
"4705","2","3","2","48","170","50","119","444","556","C0023492"
"5908","2","5","7","34","52","216","30","46","72","C0023492"
"7292","2","5","12","41","219","339","156","568","697","C0023492"
"3984","2","5","7","53","14","20","34","540","68","C0023492"
"2132","2","3","2","74","58","112","148","193","263","C0023493"
"2556","2","5","8","27","70","99","162","216","290","C0023493"
"11200","2","3","12","19","31","261","116","1","86","C0023493"
"5119","2","3","2","48","57","110","141","359","462","C0023493"
"8924","2","3","12","41","116","268","434","468","213","C0023493"
"2189","2","3","12","19","31","261","116","1","86","C0023493"
"1758","2","5","7","53","51","342","454","573","492","C0023493"
"1371","2","3","5","17","24","261","116","164","6","C0023493"
"3784","2","5","8","63","36","166","106","110","158","C0023493"
"2657","2","5","7","53","51","342","259","423","389","C0023493"
"7140","2","5","8","63","45","23","103","464","187","C0023493"
"9247","2","5","7","53","221","197","259","423","389","C0023493"
"3569","2","5","7","53","51","342","454","573","416","C0023493"
"9049","2","3","3","41","151","276","378","271","356","C0023493"
"7140","2","5","8","63","45","23","103","464","187","C0023493"
"2108","2","3","2","48","170","50","119","444","556","C0023493"
"171023","2","3","12","41","116","268","426","55","78","C0023493"
"10535","2","3","12","76","153","40","38","54","75","C0023493"
"673","2","5","7","53","14","20","34","540","68","C0023493"
"2639","2","3","2","71","148","34","160","115","164","C0023493"
"84733","2","3","12","19","31","1","426","55","78","C0023493"
"4128","2","3","5","80","81","119","402","489","416","C0023493"
"3481","2","5","7","53","51","342","454","573","492","C0023493"
"6662","2","3","3","19","221","321","428","541","667","C0023493"
"51715","2","5","7","60","54","24","30","46","72","C0023493"
"811","2","3","2","41","116","342","423","536","342","C0023493"
"2263","2","5","7","53","14","20","25","40","186","C0023493"
"3265","2","5","7","60","54","24","30","46","72","C0023493"
"22854","2","5","5","27","51","335","444","560","373","C0023493"
"215","2","3","5","47","144","185","238","310","392","C0023493"
"2263","2","5","7","53","14","20","25","40","186","C0023493"
"427","2","3","7","34","52","216","395","549","420","C0023518"
"4537","2","3","2","48","170","50","119","444","556","C0023518"
"1536","2","5","7","34","52","216","395","549","674","C0023518"
"355","2","3","7","41","219","339","156","568","697","C0023518"
"7468","2","3","12","19","31","1","426","55","78","C0023518"
"3786","2","5","8","63","36","166","106","110","158","C0023518"
"10483","2","3","7","60","54","24","30","46","72","C0023518"
"2719","2","5","7","53","51","342","454","573","492","C0023518"
"7187","2","3","12","41","219","339","156","568","697","C0023518"
"9581","2","3","5","27","36","150","76","223","628","C0023518"
"3717","2","5","7","53","14","20","25","40","186","C0023518"
"8573","2","5","7","53","36","71","341","223","219","C0023518"
"7994","2","3","12","19","31","1","426","55","78","C0023518"
"23322","2","3","12","76","153","40","38","54","75","C0023520"
"3835","2","3","12","76","153","40","38","54","75","C0023520"
"3035","2","3","2","110","85","237","433","547","154","C0023520"
"2353","2","3","12","19","31","1","91","489","416","C0023520"
"51360","2","3","3","26","35","276","91","433","203","C0023520"
"547","2","3","7","76","153","40","38","54","75","C0023520"
"727897","2","3","2","89","206","324","430","429","544","C0023520"
"429","2","3","3","19","221","321","428","541","667","C0023520"
"4193","2","3","12","19","31","1","116","89","605","C0023520"
"701","2","3","12","76","153","40","38","54","75","C0023520"
"8504","2","3","5","47","144","185","238","310","392","C0023520"
"5932","2","3","12","19","31","261","116","1","86","C0023520"
"3123","2","5","7","53","51","119","156","287","116","C0023520"
"6439","2","5","5","68","96","185","238","310","272","C0023520"
"4322","2","5","7","53","51","342","454","573","492","C0023520"
"10161","2","5","4","68","96","326","427","548","672","C0023520"
"3832","2","3","12","76","153","40","38","54","75","C0023520"
"1184","2","5","8","63","45","23","34","464","187","C0023520"
"5617","2","5","12","19","31","1","426","55","78","C0023520"
"6424","2","5","7","53","51","342","454","573","492","C0023520"
"3636","2","3","5","80","14","20","25","40","186","C0023520"
"5245","2","3","12","19","31","1","119","444","593","C0023520"
"673","2","5","7","53","14","20","34","540","68","C0023520"
"7076","2","5","7","53","51","342","454","573","492","C0023520"
"4688","2","5","7","60","14","20","25","40","215","C0023520"
"5189","2","3","5","43","161","305","409","208","482","C0023520"
"10269","2","3","2","48","182","50","119","444","556","C0023520"
"83932","2","3","12","19","31","261","116","1","86","C0023520"
"2517","2","3","7","34","52","216","395","549","674","C0023520"
"6390","2","3","2","48","170","50","119","444","556","C0023520"
"55526","2","3","2","67","92","293","55","75","311","C0023520"
"132","2","3","2","110","85","237","433","80","394","C0023520"
"2068","2","3","12","19","31","261","116","159","211","C0023532"
"5896","2","3","12","41","116","268","434","568","605","C0023532"
"8085","2","3","12","19","31","1","426","55","78","C0023532"
"1134","2","5","8","27","70","99","162","216","290","C0023532"
"3670","2","3","2","110","85","237","433","547","671","C0023532"
"10329","2","3","2","63","123","194","423","536","544","C0023532"
"2632","2","3","2","28","22","48","232","82","114","C0023532"
"5332","2","3","4","68","96","326","427","548","672","C0023532"
"10978","2","3","2","22","33","323","66","101","136","C0023532"
"1399","2","5","7","53","14","20","25","40","186","C0023532"
"7153","2","3","12","19","31","261","116","1","86","C0023532"
"6340","2","5","8","63","45","23","34","464","187","C0023532"
"7337","2","3","12","41","116","268","434","468","213","C0023532"
"148","2","5","4","68","96","326","427","548","672","C0023532"
"2033","2","3","12","19","31","1","91","433","118","C0023532"
"23405","2","3","2","22","33","323","66","146","194","C0023532"
"103","2","3","2","110","184","119","156","287","116","C0023532"
"781","2","5","8","63","36","166","341","223","158","C0023532"
"4693","2","5","7","53","51","342","454","573","492","C0023532"
"7227","2","3","12","19","31","276","91","433","118","C0023532"
"1026","2","3","12","19","31","1","116","489","416","C0023601"
"3090","2","3","12","19","31","1","426","55","664","C0023601"
"3954","2","3","2","48","170","67","119","444","593","C0023601"
"4882","2","3","4","68","96","326","427","548","672","C0023653"
"5447","2","3","5","91","214","271","372","471","586","C0023653"
"27031","2","3","6","11","142","225","38","331","506","C0023653"
"5002","2","5","8","45","94","199","240","415","666","C0023653"
"10653","2","5","7","68","51","114","162","321","475","C0023653"
"5580","2","5","7","34","52","216","395","287","116","C0023772"
"2627","2","3","12","19","31","118","155","287","116","C0023772"
"5664","2","5","7","53","219","143","428","236","667","C0023772"
"55630","2","3","5","27","81","99","162","216","290","C0023772"
"2908","2","3","12","19","151","276","91","433","118","C0023772"
"57505","2","3","2","110","85","67","76","252","154","C0023772"
"6144","2","3","2","110","85","237","433","547","671","C0023787"
"7415","2","3","7","34","52","216","395","536","445","C0023787"
"488","2","5","8","63","45","23","103","464","187","C0023787"
"9321","2","3","12","76","153","40","38","54","203","C0023787"
"4929","2","3","3","19","151","276","91","433","118","C0023787"
"6505","2","3","2","45","94","199","240","415","666","C0023787"
"974","2","5","7","53","51","119","395","549","674","C0023787"
"2099","2","3","12","19","151","276","91","433","118","C0023787"
"5908","2","5","7","34","52","216","30","46","72","C0023787"
"3594","2","5","7","53","51","119","25","560","373","C0023787"
"6197","2","3","12","19","14","20","34","540","68","C0023787"
"355","2","3","7","41","219","339","156","568","697","C0023787"
"6598","2","3","12","19","31","1","426","55","78","C0023787"
"10743","2","3","3","19","151","276","91","433","118","C0023787"
"3500","2","5","7","53","51","119","395","549","674","C0023787"
"5896","2","3","12","41","116","268","434","568","605","C0023787"
"2255","2","5","7","53","14","20","25","40","186","C0023787"
"9829","2","5","7","60","14","184","341","544","669","C0023794"
"4914","2","3","2","22","18","266","202","252","252","C0023794"
"10000","2","5","7","53","14","20","34","540","68","C0023794"
"10978","2","3","2","22","33","323","66","101","136","C0023794"
"2261","2","5","7","53","14","20","25","40","186","C0023794"
"6895","2","3","2","22","33","323","66","146","194","C0023794"
"6324","2","5","7","63","36","166","341","223","158","C0023794"
"9790","2","3","2","110","85","237","433","547","671","C0023794"
"79661","2","3","12","19","31","261","116","1","86","C0023794"
"1352","2","3","2","48","170","50","119","444","556","C0023794"
"29078","2","3","2","48","170","50","119","444","556","C0023794"
"2200","2","5","7","53","51","342","454","573","492","C0023794"
"22845","2","3","2","48","68","125","161","214","288","C0023794"
"5605","2","5","7","53","14","20","34","540","68","C0023794"
"55135","2","3","12","76","137","76","136","472","435","C0023794"
"8242","2","3","12","19","31","1","426","55","78","C0023794"
"7170","2","5","8","63","45","23","103","464","187","C0023794"
"6347","2","5","7","53","51","119","427","489","416","C0023794"
"1756","2","5","8","63","45","23","103","464","187","C0023794"
"2516","2","3","3","19","151","276","91","433","118","C0023798"
"2593","2","3","2","19","31","1","426","55","78","C0023798"
"23229","2","5","7","60","54","24","30","46","72","C0023798"
"3077","2","5","7","53","51","119","395","549","674","C0023798"
"3708","2","5","8","63","45","23","306","390","158","C0023798"
"1029","2","3","12","19","31","1","116","1","664","C0023798"
"4763","2","5","7","60","54","24","30","46","214","C0023798"
"7048","2","5","7","53","51","342","259","423","389","C0023798"
"710","2","5","7","53","51","342","454","573","702","C0023798"
"7476","2","5","3","68","221","197","259","560","422","C0023798"
"3561","2","5","7","53","14","20","25","40","186","C0023798"
"6103","2","3","12","76","153","40","38","54","75","C0023798"
"2176","2","3","12","19","31","261","116","1","86","C0023798"
"4692","2","5","7","53","51","119","402","489","416","C0023817"
"5428","2","3","2","48","170","50","119","167","593","C0023817"
"5091","2","3","2","35","40","130","166","57","435","C0023827"
"4952","2","3","5","60","54","184","30","544","669","C0023827"
"10855","2","5","7","34","52","216","395","549","674","C0023827"
"9935","2","3","12","19","31","1","426","55","78","C0023827"
"5468","2","3","3","19","151","276","91","433","118","C0023860"
"9255","2","3","2","110","85","237","433","547","154","C0023860"
"9517","2","3","2","50","47","39","100","321","638","C0023882"
"4867","2","5","7","76","153","40","38","54","75","C0023882"
"5292","2","5","7","53","14","20","34","540","68","C0023882"
"51741","2","3","2","22","33","323","66","101","127","C0023882"
"8216","2","3","12","41","119","330","214","454","144","C0023882"
"51103","2","3","2","48","170","50","119","444","556","C0023882"
"5745","2","5","4","68","96","326","427","548","672","C0023882"
"2165","2","5","7","53","51","342","454","573","492","C0023882"
"10479","2","5","7","27","36","150","341","223","628","C0023882"
"4891","2","3","2","25","44","165","101","274","358","C0023882"
"5053","2","3","5","80","81","166","236","308","390","C0023882"
"7353","2","3","12","41","219","339","156","568","605","C0023882"
"50484","2","3","5","80","109","182","235","307","506","C0023882"
"3887","2","1","6","11","142","225","142","220","298","C0023882"
"3239","2","3","3","19","221","321","428","541","667","C0023891"
"567","2","5","7","34","52","119","395","549","674","C0023891"
"3315","2","3","12","41","181","160","362","402","215","C0023891"
"7040","2","5","7","53","51","342","454","573","492","C0023891"
"2512","2","3","7","34","52","216","395","544","358","C0023891"
"23394","2","3","12","19","31","335","444","236","373","C0023891"
"1717","2","3","2","19","151","276","48","69","204","C0023891"
"348","2","5","7","53","51","342","454","573","492","C0023891"
"1586","2","3","5","79","98","256","335","425","540","C0023891"
"1282","2","5","7","53","51","342","454","573","492","C0023891"
"10087","2","3","7","50","47","39","100","321","255","C0023891"
"1584","2","3","5","79","159","256","276","353","456","C0023891"
"1798","2","3","2","48","69","99","162","216","290","C0023891"
"3909","2","5","7","53","51","342","454","573","492","C0023891"
"3845","2","5","7","60","54","24","30","46","72","C0023891"
"50640","2","3","5","116","183","295","398","243","327","C0023896"
"6608","2","3","3","68","221","321","428","560","667","C0023896"
"7136","2","5","8","63","45","23","103","464","187","C0023896"
"2263","2","5","7","53","14","20","25","40","186","C0023897"
"4306","2","3","3","19","151","276","91","433","118","C0023897"
"5696","2","3","12","41","116","268","156","568","116","C0023897"
"23193","2","3","2","41","116","178","423","536","342","C0023897"
"2261","2","5","7","53","14","20","25","40","186","C0023897"
"4000","2","3","12","26","105","178","226","297","156","C0023897"
"5518","2","3","12","76","153","40","38","54","435","C0023897"
"595","2","3","12","19","31","1","426","489","416","C0023897"
"8202","2","3","12","19","151","276","91","433","118","C0023897"
"30008","2","5","7","53","51","342","454","573","492","C0023931"
"1848","2","3","5","42","81","296","399","201","274","C0023931"
"1291","2","5","7","53","51","342","454","573","492","C0023976"
"6188","2","3","2","110","85","237","433","547","671","C0023976"
"54386","2","3","12","19","31","261","116","1","78","C0023976"
"5251","2","3","5","80","81","296","474","593","722","C0023976"
"94","2","5","7","53","51","342","259","423","389","C0023976"
"9227","2","3","2","69","51","101","126","170","224","C0023976"
"3426","2","5","7","53","51","119","395","549","674","C0023976"
"4763","2","5","7","60","54","24","30","46","214","C0023976"
"10555","2","3","7","34","52","216","395","549","622","C0024031"
"57545","2","3","12","76","153","40","38","54","75","C0024031"
"1615","2","3","2","110","85","237","433","547","154","C0024031"
"3728","2","5","7","34","52","225","142","220","298","C0024031"
"8517","2","3","12","41","219","339","156","568","697","C0024031"
"843","2","3","12","41","219","339","156","568","697","C0024138"
"7015","2","3","12","19","31","1","426","55","78","C0024138"
"5468","2","3","3","19","151","276","91","433","118","C0024138"
"8291","2","5","8","63","45","23","103","464","187","C0024138"
"1186","2","5","8","63","45","23","34","464","187","C0024143"
"10280","2","3","2","110","85","52","57","86","119","C0024143"
"3195","2","3","3","19","221","321","428","541","667","C0024143"
"4621","2","5","8","63","45","23","103","464","187","C0024143"
"788","2","3","2","45","151","199","240","415","666","C0024145"
"9719","2","5","7","53","51","342","454","573","492","C0024145"
"3239","2","3","3","19","221","321","428","541","667","C0024145"
"51715","2","5","7","60","54","24","30","46","72","C0024205"
"3663","2","3","12","53","184","119","156","287","116","C0024205"
"1029","2","3","12","19","31","1","116","1","664","C0024205"
"37","2","3","2","110","105","178","226","297","380","C0024221"
"51085","2","3","2","48","57","110","141","359","462","C0024221"
"3028","2","3","2","67","92","152","32","252","154","C0024228"
"4023","2","3","5","24","51","342","91","20","27","C0024228"
"3845","2","5","7","60","54","24","30","46","72","C0024228"
"183","2","5","4","68","96","326","427","548","672","C0024228"
"2182","2","3","2","67","92","265","284","147","235","C0024228"
"5982","2","3","12","19","31","261","116","1","86","C0024228"
"51547","2","3","2","110","85","237","433","547","671","C0024228"
"23534","2","3","2","22","33","323","66","101","136","C0024228"
"4621","2","5","8","63","45","23","103","464","187","C0024228"
"5075","2","3","3","19","221","321","428","541","667","C0024228"
"23090","2","3","12","19","151","276","91","433","118","C0024228"
"226","2","5","7","34","52","216","395","549","702","C0024228"
"2316","2","5","7","53","51","342","454","573","702","C0024228"
"5159","2","5","7","53","14","20","25","40","186","C0024228"
"9401","2","3","12","76","31","261","116","1","86","C0024232"
"2239","2","3","2","74","51","342","454","573","492","C0024232"
"2626","2","3","12","19","31","118","155","287","116","C0024232"
"4771","2","5","7","60","36","71","177","64","215","C0024232"
"1080","2","3","12","41","219","339","156","544","669","C0024232"
"8626","2","3","3","19","221","321","428","541","667","C0024232"
"4221","2","3","12","19","31","342","454","573","492","C0024232"
"4893","2","5","7","34","52","24","30","46","72","C0024232"
"5373","2","3","2","90","167","123","158","207","278","C0024232"
"4068","2","5","7","53","51","119","25","549","674","C0024232"
"6548","2","3","2","45","94","199","240","415","326","C0024232"
"1277","2","5","7","53","51","342","454","573","492","C0024232"
"3098","2","3","2","90","167","266","367","500","577","C0024232"
"1027","2","3","12","19","31","1","116","1","86","C0024232"
"240","2","3","7","34","52","216","395","489","416","C0024236"
"4929","2","3","3","19","151","276","91","433","118","C0024236"
"51129","2","3","3","19","151","276","91","433","118","C0024236"
"3553","2","5","7","53","51","119","25","489","416","C0024236"
"396","2","5","7","60","54","24","30","46","72","C0024236"
"8929","2","3","3","19","221","321","428","541","667","C0024236"
"1824","2","1","6","11","142","225","142","220","298","C0024236"
"1289","2","5","7","53","51","342","454","573","492","C0024236"
"1188","2","5","8","63","45","23","34","464","187","C0024236"
"256297","2","3","3","19","221","321","428","541","667","C0024236"
"7048","2","5","7","53","51","342","259","423","389","C0024236"
"2130","2","3","2","22","33","323","66","491","609","C0024236"
"23347","2","3","12","41","116","268","434","468","213","C0024236"
"2969","2","3","12","19","31","276","91","433","118","C0024236"
"7040","2","5","7","53","51","342","454","573","492","C0024236"
"9569","2","3","12","19","31","276","91","433","118","C0024236"
"10804","2","3","12","76","153","40","38","54","75","C0024236"
"8022","2","3","3","110","85","321","428","541","667","C0024236"
"1134","2","5","8","27","70","99","162","216","290","C0024236"
"5096","2","3","2","48","40","130","166","127","173","C0024236"
"3105","2","5","7","53","51","119","156","287","116","C0024236"
"144811","2","3","6","11","142","225","417","128","298","C0024236"
"54862","2","3","12","76","153","40","38","54","75","C0024301"
"26191","2","5","7","53","14","20","25","40","186","C0024301"
"51752","2","3","2","41","153","119","156","536","116","C0024301"
"54433","2","3","2","110","85","237","433","547","671","C0024301"
"8924","2","3","12","41","116","268","434","468","213","C0024301"
"1280","2","5","7","53","51","342","454","573","492","C0024301"
"2296","2","3","3","19","221","321","428","541","667","C0024301"
"2903","2","5","7","53","14","20","25","223","219","C0024301"
"3796","2","3","12","76","153","40","38","54","75","C0024301"
"55703","2","3","2","22","33","261","116","159","211","C0024301"
"658","2","5","7","53","51","342","259","423","389","C0024301"
"7415","2","3","7","34","52","216","395","536","445","C0024301"
"811","2","3","2","41","116","342","423","536","342","C0024301"
"3643","2","5","7","53","14","20","25","40","186","C0024301"
"9652","2","3","2","110","85","237","433","547","671","C0024301"
"1385","2","3","12","19","151","276","91","433","118","C0024301"
"3855","2","1","6","11","142","225","142","220","298","C0024301"
"2033","2","3","12","19","31","1","91","433","118","C0024305"
"10280","2","3","2","110","85","52","57","86","119","C0024305"
"7421","2","3","3","19","151","276","91","433","118","C0024305"
"8754","2","5","7","53","51","342","454","573","492","C0024305"
"2033","2","3","12","19","31","1","91","433","118","C0024305"
"26608","2","3","2","22","170","50","119","463","153","C0024305"
"1811","2","5","8","35","41","199","40","415","666","C0024305"
"9451","2","3","2","110","51","335","226","297","380","C0024305"
"6011","2","5","7","53","14","20","34","540","68","C0024305"
"23411","2","3","12","19","31","1","91","433","118","C0024305"
"8290","2","3","12","19","31","1","426","55","78","C0024305"
"54880","2","3","12","19","31","1","426","55","78","C0024305"
"10036","2","3","12","19","31","261","116","1","86","C0024305"
"51259","2","3","2","76","153","40","38","54","75","C0024305"
"4920","2","5","7","53","14","20","259","560","373","C0024305"
"6392","2","3","2","48","170","50","119","444","556","C0024305"
"7547","2","3","3","19","221","321","428","541","667","C0024305"
"10743","2","3","3","19","151","276","91","433","118","C0024305"
"5894","2","5","7","60","54","23","34","464","187","C0024305"
"1947","2","5","7","53","51","20","25","560","373","C0024305"
"5327","2","5","7","53","51","342","454","573","492","C0024305"
"5159","2","5","7","53","14","20","25","40","186","C0024305"
"5896","2","3","12","41","116","268","434","568","605","C0024314"
"9469","2","3","2","103","189","303","29","475","467","C0024314"
"9469","2","3","2","103","189","303","29","475","467","C0024314"
"57817","2","5","7","34","51","342","350","243","561","C0024314"
"55157","2","3","2","110","85","67","76","252","154","C0024314"
"687","2","3","3","19","221","321","428","541","667","C0024437"
"7043","2","5","7","53","51","342","454","573","492","C0024437"
"19","2","3","3","19","151","276","91","433","118","C0024437"
"6557","2","5","8","45","94","199","240","415","666","C0024437"
"9896","2","3","5","80","81","296","399","201","274","C0024437"
"6513","2","5","7","90","216","337","448","565","562","C0024437"
"5194","2","3","5","43","161","305","409","208","482","C0024437"
"3764","2","5","8","63","36","166","106","110","158","C0024437"
"308","2","5","7","53","51","342","454","573","702","C0024437"
"2074","2","3","12","19","31","1","426","55","78","C0024437"
"55112","2","3","12","76","153","40","38","54","75","C0024437"
"5447","2","3","5","91","214","271","372","471","586","C0024437"
"186","2","5","4","68","96","326","427","548","672","C0024437"
"1906","2","5","4","68","96","326","427","548","672","C0024437"
"9896","2","3","5","80","81","296","399","201","274","C0024437"
"4166","2","3","2","89","60","99","7","211","217","C0024437"
"8600","2","5","7","41","219","339","156","568","697","C0024440"
"1482","2","3","3","19","221","321","428","541","667","C0024440"
"55651","2","3","2","110","85","237","433","547","671","C0024454"
"7507","2","3","12","19","31","261","116","1","86","C0024454"
"6609","2","3","5","105","155","250","291","152","420","C0024507"
"55650","2","3","2","61","77","142","176","235","557","C0024507"
"1815","2","5","4","68","96","326","427","548","672","C0024517"
"1146","2","5","8","27","70","99","162","216","290","C0024517"
"6531","2","5","8","45","94","199","240","415","666","C0024517"
"836","2","3","12","41","219","339","402","489","697","C0024517"
"593","2","3","2","67","92","293","55","75","311","C0024517"
"5859","2","3","2","110","85","237","433","547","154","C0024517"
"2784","2","5","4","68","96","326","427","548","672","C0024517"
"79797","2","3","2","11","142","225","214","220","144","C0024517"
"2534","2","5","7","53","14","20","25","40","186","C0024517"
"5158","2","3","4","68","45","272","259","518","621","C0024530"
"9573","2","5","7","53","51","342","259","423","389","C0024530"
"8799","2","3","5","43","161","305","409","208","482","C0024530"
"26277","2","3","12","19","31","1","426","1","78","C0024530"
"701","2","3","12","76","153","40","38","54","75","C0024530"
"3172","2","3","3","19","151","276","91","433","118","C0024530"
"1030","2","3","12","19","31","1","426","55","78","C0024530"
"7010","2","5","7","53","14","20","25","40","186","C0024530"
"2138","2","3","12","19","31","1","426","55","78","C0024530"
"3954","2","3","2","48","170","67","119","444","593","C0024530"
"324","2","3","12","41","219","197","70","255","422","C0024530"
"271","2","3","5","33","6","241","233","304","386","C0024530"
"1832","2","5","7","34","52","225","142","220","298","C0024530"
"8243","2","3","12","76","31","40","38","54","75","C0024530"
"5733","2","5","4","68","96","326","427","548","672","C0024530"
"716","2","5","7","53","51","119","395","549","674","C0024530"
"10008","2","5","8","63","36","166","341","223","158","C0024535"
"7473","2","5","3","68","221","197","259","560","422","C0024535"
"3000","2","5","4","68","96","326","427","548","672","C0024535"
"2911","2","5","4","68","96","326","427","548","672","C0024591"
"6790","2","3","12","76","153","40","34","540","68","C0024591"
"1019","2","3","12","19","31","1","116","1","86","C0024591"
"1778","2","3","7","76","153","40","38","54","75","C0024591"
"2932","2","3","12","19","14","197","34","540","68","C0024591"
"1302","2","5","7","53","51","342","454","573","492","C0024591"
"554","2","5","4","68","96","326","427","548","672","C0024591"
"5339","2","5","7","53","51","342","454","573","492","C0024591"
"5147","2","3","5","60","54","24","30","46","72","C0024591"
"788","2","3","2","45","151","199","240","415","666","C0024591"
"54982","2","3","2","48","170","50","399","167","593","C0024689"
"91252","2","5","4","68","96","326","427","548","672","C0024689"
"6235","2","3","2","110","85","237","433","547","671","C0024776"
"2572","2","3","2","67","57","190","152","197","93","C0024776"
"6605","2","3","12","19","31","1","426","55","78","C0024776"
"2978","2","3","5","80","81","272","223","518","621","C0024776"
"6925","2","3","12","19","31","225","142","220","298","C0024776"
"8200","2","5","7","53","51","342","259","423","389","C0024790"
"5626","2","3","3","19","221","321","428","541","667","C0024790"
"1906","2","5","4","68","96","326","427","548","672","C0024790"
"3835","2","3","12","76","153","40","38","54","75","C0024796"
"23746","2","3","12","41","83","101","126","271","356","C0024796"
"51082","2","3","2","19","31","1","426","55","78","C0024796"
"23426","2","5","7","42","36","71","177","223","219","C0024796"
"54880","2","3","12","19","31","1","426","55","78","C0024796"
"3664","2","5","7","53","184","119","156","287","116","C0024796"
"10046","2","3","12","19","31","143","428","236","667","C0024796"
"2263","2","5","7","53","14","20","25","40","186","C0024796"
"7015","2","3","12","19","31","1","426","55","78","C0024796"
"1032","2","3","12","19","31","1","426","55","78","C0024809"
"55636","2","3","3","19","221","321","428","423","389","C0024809"
"10804","2","3","12","76","153","40","38","54","75","C0024809"
"5264","2","3","5","43","161","305","409","208","482","C0024809"
"57282","2","3","2","45","94","199","240","415","666","C0024809"
"9131","2","3","12","41","219","339","347","271","356","C0024809"
"875","2","3","5","80","137","44","21","451","316","C0024809"
"4854","2","5","7","53","51","143","428","236","667","C0024809"
"6335","2","5","8","63","36","166","341","390","158","C0024809"
"6557","2","5","8","45","94","199","240","415","666","C0024809"
"125","2","3","2","75","120","200","263","251","425","C0024809"
"29123","2","3","12","19","151","276","91","433","118","C0024809"
"1028","2","3","12","19","31","1","116","1","86","C0024809"
"2746","2","3","2","110","62","189","182","509","356","C0024809"
"4621","2","5","8","63","45","23","103","464","187","C0024809"
"5159","2","5","7","53","14","20","25","40","186","C0024809"
"5830","2","3","5","43","161","305","409","208","482","C0024809"
"3569","2","5","7","53","51","342","454","573","416","C0024809"
"1736","2","3","2","110","85","237","433","547","671","C0024809"
"6514","2","5","7","90","216","337","448","565","562","C0024809"
"8924","2","3","12","41","116","268","434","468","213","C0024809"
"10060","2","3","8","41","45","23","423","464","445","C0024809"
"4137","2","3","7","27","36","150","341","223","628","C0024809"
"10555","2","3","7","34","52","216","395","549","622","C0024809"
"5426","2","3","12","19","31","261","116","1","86","C0024809"
"5743","2","3","5","53","175","119","167","489","416","C0024809"
"7401","2","5","7","60","83","101","126","170","224","C0024809"
"5257","2","3","7","34","45","23","103","464","187","C0024809"
"7476","2","5","3","68","221","197","259","560","422","C0024809"
"3730","2","5","7","53","14","20","25","40","186","C0024809"
"596","2","3","12","19","219","339","402","489","416","C0024809"
"5395","2","3","12","19","31","261","116","1","86","C0024809"
"55315","2","3","5","80","81","296","62","94","150","C0024809"
"175","2","3","7","34","52","216","395","549","674","C0024899"
"5644","2","5","7","68","51","119","395","549","674","C0024899"
"6697","2","3","2","69","91","75","204","267","352","C0024904"
"4625","2","3","8","63","45","23","103","464","187","C0024904"
"3313","2","3","2","48","170","50","304","167","593","C0024904"
"7124","2","3","12","41","219","339","156","568","697","C0025037"
"8622","2","3","4","68","96","326","427","548","672","C0025037"
"5727","2","3","12","68","221","197","259","560","422","C0025037"
"4137","2","3","7","27","36","150","341","223","628","C0025037"
"7373","2","5","7","53","51","342","454","573","492","C0025037"
"1938","2","3","7","34","52","216","395","549","671","C0025160"
"3507","2","5","7","53","51","119","395","549","674","C0025160"
"3000","2","5","4","68","96","326","427","548","672","C0025160"
"9927","2","3","12","19","31","118","155","287","116","C0025160"
"5830","2","3","5","43","161","305","409","208","482","C0025160"
"7299","2","3","5","23","18","138","250","332","407","C0025160"
"1947","2","5","7","53","51","20","25","560","373","C0025160"
"10345","2","5","8","63","45","23","34","464","187","C0025160"
"5660","2","5","7","34","52","326","427","548","702","C0025160"
"2944","2","3","5","91","175","271","372","471","586","C0025160"
"8675","2","5","7","60","54","24","98","66","203","C0025160"
"2706","2","3","12","76","153","40","38","54","75","C0025160"
"2068","2","3","12","19","31","261","116","159","211","C0025160"
"2719","2","5","7","53","51","342","454","573","492","C0025160"
"50485","2","3","12","19","31","261","116","1","86","C0025160"
"3552","2","3","12","53","51","119","156","489","416","C0025160"
"8867","2","3","5","60","14","184","341","544","669","C0025160"
"6399","2","5","7","60","54","24","30","46","72","C0025160"
"2146","2","3","12","19","31","1","426","55","78","C0025160"
"389421","2","3","2","22","33","323","66","101","136","C0025160"
"60","2","3","12","60","45","184","155","287","78","C0025160"
"6569","2","3","8","45","94","199","240","415","666","C0025160"
"2239","2","3","2","74","51","342","454","573","492","C0025160"
"204","2","3","4","72","109","182","235","307","506","C0025160"
"4621","2","5","8","63","45","23","103","464","187","C0025160"
"3440","2","3","12","19","184","118","155","287","116","C0025160"
"7439","2","5","8","63","45","23","34","464","187","C0025160"
"1717","2","3","2","19","151","276","48","69","204","C0025160"
"10913","2","3","12","41","219","339","156","568","697","C0025205"
"1062","2","3","12","76","153","40","38","54","75","C0025205"
"2952","2","3","5","91","175","271","372","471","586","C0025205"
"4512","2","3","2","48","170","110","141","359","8","C0025222"
"4921","2","5","7","53","14","20","25","573","186","C0025222"
"672","2","3","12","19","31","261","116","1","86","C0025267"
"7290","2","3","12","19","31","1","426","55","78","C0025267"
"3458","2","5","7","53","184","119","156","287","116","C0025267"
"5727","2","3","12","68","221","197","259","560","422","C0025267"
"7010","2","5","7","53","14","20","25","40","186","C0025267"
"2317","2","5","7","63","45","23","103","287","664","C0025286"
"5424","2","3","12","19","31","261","116","1","86","C0025286"
"53834","2","5","7","53","51","342","454","573","492","C0025286"
"27445","2","5","7","60","36","71","341","223","624","C0025286"
"356","2","5","7","53","219","339","25","489","697","C0025286"
"54332","2","3","2","60","170","40","98","66","203","C0025286"
"5077","2","3","3","19","221","321","428","541","667","C0025286"
"5932","2","3","12","19","31","261","116","1","86","C0025286"
"1001","2","5","7","53","51","335","444","560","373","C0025286"
"5144","2","3","4","68","96","326","427","548","672","C0025286"
"6299","2","3","12","19","221","321","428","541","667","C0025286"
"6389","2","3","2","48","170","50","119","444","556","C0025286"
"7018","2","5","7","53","51","342","454","573","669","C0025286"
"55215","2","3","12","76","31","261","116","1","86","C0025286"
"3887","2","1","6","11","142","225","142","220","298","C0025286"
"5627","2","5","7","53","51","342","454","573","702","C0025286"
"2131","2","3","2","74","58","112","148","181","416","C0025286"
"4647","2","5","7","60","83","101","126","170","224","C0025286"
"3784","2","5","8","63","36","166","106","110","158","C0025286"
"3745","2","5","8","63","36","166","106","110","158","C0025286"
"10518","2","3","2","22","170","50","119","444","556","C0025286"
"25778","2","3","2","41","51","138","79","160","385","C0025286"
"5155","2","5","7","53","51","342","454","573","186","C0025286"
"1120","2","3","2","85","143","286","51","488","102","C0025289"
"6448","2","3","5","74","160","294","376","453","567","C0025289"
"3123","2","5","7","53","51","119","156","287","116","C0025289"
"6812","2","5","7","27","36","150","341","223","628","C0025289"
"51738","2","5","4","68","96","326","427","548","672","C0025289"
"6689","2","3","12","19","31","276","91","433","118","C0025289"
"8076","2","5","7","53","51","342","454","573","492","C0025289"
"9394","2","3","2","74","58","112","148","193","263","C0025289"
"26154","2","3","5","47","144","185","238","310","392","C0025289"
"10166","2","3","2","84","97","167","210","278","360","C0025289"
"7020","2","3","12","19","31","276","91","433","664","C0025289"
"3908","2","5","7","53","51","342","454","573","492","C0025289"
"2516","2","3","3","19","151","276","91","433","118","C0025289"
"5771","2","5","7","53","14","296","25","40","186","C0025289"
"8792","2","3","12","41","219","339","156","568","697","C0025289"
"10084","2","3","2","22","33","323","66","101","136","C0025289"
"5925","2","3","12","19","31","1","426","55","78","C0025289"
"5096","2","3","2","48","40","130","166","127","173","C0025289"
"3198","2","3","3","19","221","321","428","541","667","C0025289"
"3575","2","5","7","53","51","184","341","544","669","C0025289"
"2625","2","3","12","19","31","339","155","287","116","C0025289"
"5325","2","3","12","19","31","198","261","146","118","C0025289"
"4771","2","5","7","60","36","71","177","64","215","C0025289"
"1280","2","5","7","53","51","342","454","573","492","C0025289"
"3043","2","5","7","34","52","216","395","549","116","C0025289"
"9369","2","5","7","60","36","71","341","223","219","C0025289"
"2138","2","3","12","19","31","1","426","55","78","C0025289"
"3508","2","3","12","19","31","261","116","1","86","C0025290"
"4591","2","3","12","41","116","268","434","468","213","C0025290"
"10000","2","5","7","53","14","20","34","540","68","C0025294"
"6329","2","5","8","63","36","166","341","390","158","C0025294"
"6622","2","3","7","27","36","150","341","223","628","C0025294"
"6335","2","5","8","63","36","166","341","390","158","C0025299"
"8050","2","3","2","67","92","293","55","75","311","C0025299"
"8516","2","5","7","53","51","342","454","573","492","C0025299"
"2956","2","3","12","19","31","261","116","1","86","C0025303"
"5913","2","5","7","27","36","71","341","223","219","C0025303"
"695","2","5","7","53","14","20","25","40","186","C0025303"
"2006","2","5","7","53","51","342","454","573","492","C0025303"
"8822","2","5","7","53","14","20","25","40","186","C0025312"
"4000","2","3","12","26","105","178","226","297","156","C0025312"
"1906","2","5","4","68","96","326","427","548","672","C0025312"
"7043","2","5","7","53","51","342","454","573","492","C0025312"
"1759","2","5","7","60","14","184","341","544","669","C0025312"
"7167","2","3","2","90","167","266","367","500","577","C0025312"
"6892","2","3","12","41","116","119","156","568","116","C0025322"
"4247","2","3","2","68","67","320","98","180","279","C0025322"
"1736","2","3","2","110","85","237","433","547","671","C0025322"
"58","2","5","8","63","45","23","103","464","187","C0025322"
"23363","2","3","12","41","116","268","434","468","213","C0025322"
"5979","2","5","7","53","14","20","25","40","186","C0025322"
"2263","2","5","7","53","14","20","25","40","186","C0025322"
"4843","2","3","5","43","161","305","409","489","416","C0025322"
"4843","2","3","5","43","161","305","409","489","416","C0025322"
"10913","2","3","12","41","219","339","156","568","697","C0025322"
"545","2","3","12","19","31","261","116","1","86","C0025322"
"5970","2","3","12","19","31","276","91","433","118","C0025322"
"100506658","2","5","7","42","36","71","177","64","219","C0025322"
"7169","2","5","8","63","45","23","103","464","187","C0025322"
"7133","2","5","7","34","52","216","395","549","697","C0025322"
"10087","2","3","7","50","47","39","100","321","255","C0025322"
"1758","2","5","7","53","51","342","454","573","492","C0025322"
"5538","2","3","2","115","18","340","269","342","444","C0025322"
"10084","2","3","2","22","33","323","66","101","136","C0025322"
"1080","2","3","12","41","219","339","156","544","669","C0025322"
"6899","2","5","7","53","184","335","259","560","373","C0025322"
"8600","2","5","7","41","219","339","156","568","697","C0025322"
"10370","2","3","12","19","31","276","91","433","118","C0025322"
"4882","2","3","4","68","96","326","427","548","672","C0025322"
"6103","2","3","12","76","153","40","38","54","75","C0025323"
"23299","2","3","12","76","153","40","38","54","75","C0025323"
"5592","2","5","4","53","14","20","34","540","68","C0025323"
"3690","2","5","7","53","51","342","454","573","492","C0025323"
"22948","2","3","12","76","137","76","136","472","435","C0025323"
"1186","2","5","8","63","45","23","34","464","187","C0025323"
"1759","2","5","7","60","14","184","341","544","669","C0025323"
"5742","2","3","5","91","175","134","167","224","301","C0025323"
"1908","2","5","4","68","96","326","427","548","672","C0025323"
"811","2","3","2","41","116","342","423","536","342","C0025323"
"3483","2","5","7","53","51","342","454","573","492","C0025323"
"1528","2","3","5","91","214","271","372","471","586","C0025323"
"1509","2","5","7","34","52","216","395","549","568","C0025323"
"6718","2","3","2","46","136","227","168","225","490","C0025323"
"5146","2","3","5","86","72","258","318","403","518","C0025323"
"7391","2","3","12","19","31","1","426","55","78","C0025323"
"54938","2","3","2","110","85","67","76","252","154","C0025323"
"2812","2","5","7","53","51","342","454","573","492","C0025472"
"26012","2","3","12","19","31","261","116","159","211","C0025472"
"23095","2","3","7","76","153","40","38","54","75","C0025517"
"51099","2","3","2","67","92","293","55","75","311","C0025517"
"846","2","5","4","68","96","326","427","548","672","C0025517"
"23400","2","5","8","63","45","23","103","464","187","C0025517"
"10758","2","3","12","41","219","339","156","568","697","C0025517"
"23096","2","5","7","60","54","24","30","46","72","C0025517"
"5589","2","5","7","53","51","342","454","573","492","C0025517"
"2294","2","3","3","19","221","321","428","541","667","C0025517"
"4893","2","5","7","34","52","24","30","46","72","C0025517"
"22931","2","5","7","34","54","24","30","46","72","C0025521"
"4023","2","3","5","24","51","342","91","20","27","C0025521"
"2353","2","3","12","19","31","1","91","489","416","C0025521"
"3115","2","5","7","53","184","119","156","287","116","C0025521"
"51524","2","5","7","45","94","199","240","415","666","C0025521"
"54938","2","3","2","110","85","67","76","252","154","C0025521"
"4534","2","3","5","80","81","296","399","362","468","C0025521"
"190","2","3","3","19","151","276","91","433","118","C0025521"
"54453","2","5","7","60","54","24","30","46","72","C0025521"
"54949","2","3","2","48","170","50","119","444","556","C0025521"
"5034","2","5","7","53","51","342","454","573","492","C0025521"
"54902","2","3","2","48","182","50","119","444","556","C0025521"
"2737","2","3","12","19","116","321","428","54","667","C0025521"
"53834","2","5","7","53","51","342","454","573","492","C0025521"
"7170","2","5","8","63","45","23","103","464","187","C0025521"
"59","2","5","8","63","45","23","103","464","187","C0025521"
"152816","2","3","2","11","142","342","454","573","593","C0025568"
"54902","2","3","2","48","182","50","119","444","556","C0025568"
"64838","2","3","2","48","170","50","119","444","556","C0025568"
"4625","2","3","8","63","45","23","103","464","187","C0025637"
"1293","2","5","7","53","51","342","454","573","492","C0025637"
"56623","2","3","5","80","81","296","118","543","214","C0025637"
"1142","2","5","8","27","70","99","162","216","290","C0025637"
"3315","2","3","12","41","181","160","362","402","215","C0025637"
"773","2","5","8","27","36","166","341","223","628","C0025637"
"6309","2","3","5","19","151","76","48","69","204","C0025958"
"25836","2","3","12","76","153","40","38","54","75","C0025958"
"8622","2","3","4","68","96","326","427","548","672","C0025958"
"2316","2","5","7","53","51","342","454","573","702","C0025958"
"6135","2","3","2","110","85","237","433","547","671","C0025958"
"7227","2","3","12","19","31","276","91","433","118","C0025958"
"2099","2","3","12","19","151","276","91","433","118","C0025958"
"843","2","3","12","41","219","339","156","568","697","C0025958"
"3181","2","3","2","22","33","323","66","101","136","C0025958"
"4854","2","5","7","53","51","143","428","236","667","C0025958"
"1947","2","5","7","53","51","20","25","560","373","C0025958"
"3914","2","5","7","53","51","342","454","573","492","C0025958"
"5922","2","5","7","60","54","24","30","46","72","C0025958"
"6834","2","3","2","48","170","50","119","444","556","C0025958"
"9332","2","5","7","53","51","216","395","549","674","C0025958"
"6125","2","3","2","110","85","237","433","547","671","C0025958"
"1041","2","1","6","11","142","225","142","220","298","C0025958"
"2263","2","5","7","53","14","20","25","40","186","C0025958"
"2934","2","5","7","34","52","216","395","549","674","C0025958"
"3481","2","5","7","53","51","342","454","573","492","C0025958"
"2703","2","3","12","76","153","40","38","54","75","C0025958"
"3110","2","3","3","19","221","321","428","541","667","C0025958"
"2778","2","5","4","68","96","326","427","548","672","C0025958"
"1080","2","3","12","41","219","339","156","544","669","C0025958"
"3052","2","3","2","48","170","50","119","444","556","C0025958"
"7227","2","3","12","19","31","276","91","433","118","C0025988"
"4054","2","5","7","53","51","342","454","573","492","C0025988"
"5994","2","3","12","19","31","276","91","491","118","C0025988"
"5781","2","5","7","53","14","20","25","40","186","C0025988"
"8021","2","3","12","22","33","323","66","101","664","C0025988"
"7399","2","5","7","53","51","342","454","573","492","C0025988"
"3689","2","5","7","34","52","216","395","549","674","C0025988"
"5335","2","3","7","53","14","20","25","40","186","C0025988"
"2348","2","3","7","60","153","40","38","54","203","C0025988"
"175","2","3","7","34","52","216","395","549","674","C0025988"
"3481","2","5","7","53","51","342","454","573","492","C0026205"
"26608","2","3","2","22","170","50","119","463","153","C0026205"
"25915","2","3","2","48","170","50","119","444","556","C0026205"
"6239","2","3","12","19","119","330","214","454","144","C0026205"
"2218","2","5","2","53","123","194","255","560","373","C0026205"
"8214","2","3","6","11","142","225","142","220","298","C0026205"
"7021","2","3","12","19","31","261","91","433","664","C0026266"
"2239","2","3","2","74","51","342","454","573","492","C0026266"
"3553","2","5","7","53","51","119","25","489","416","C0026266"
"5745","2","5","4","68","96","326","427","548","672","C0026266"
"26608","2","3","2","22","170","50","119","463","153","C0026266"
"1184","2","5","8","63","45","23","34","464","187","C0026266"
"8192","2","3","2","48","170","50","119","444","556","C0026266"
"8195","2","3","12","76","153","76","38","54","75","C0026266"
"11141","2","5","7","53","36","335","444","223","373","C0026266"
"54","2","3","5","80","81","178","195","256","342","C0026266"
"6833","2","5","8","45","36","166","240","415","666","C0026266"
"6391","2","3","2","48","170","50","119","444","556","C0026266"
"695","2","5","7","53","14","20","25","40","186","C0026266"
"5745","2","5","4","68","96","326","427","548","672","C0026266"
"2316","2","5","7","53","51","342","454","573","702","C0026266"
"55690","2","3","2","48","57","110","141","359","462","C0026266"
"54187","2","3","5","80","81","296","272","452","148","C0026266"
"100","2","3","5","33","21","47","56","80","199","C0026266"
"6473","2","3","3","19","221","321","428","541","667","C0026266"
"59338","2","5","7","60","54","24","30","362","468","C0026266"
"5290","2","3","7","53","14","20","25","40","186","C0026266"
"4758","2","3","7","34","52","216","395","549","517","C0026266"
"4629","2","5","8","63","45","23","103","464","187","C0026266"
"5744","2","5","4","68","96","326","427","548","672","C0026266"
"4830","2","3","2","72","109","182","235","307","506","C0026266"
"2316","2","5","7","53","51","342","454","573","702","C0026266"
"23169","2","3","2","78","205","112","430","429","544","C0026266"
"5602","2","3","12","19","14","150","34","540","68","C0026266"
"1728","2","3","2","41","116","268","434","568","605","C0026266"
"715","2","5","7","53","51","119","395","549","674","C0026266"
"2626","2","3","12","19","31","118","155","287","116","C0026266"
"10397","2","3","2","110","81","148","402","51","383","C0026266"
"2147","2","5","7","68","51","342","454","573","492","C0026266"
"5447","2","3","5","91","214","271","372","471","586","C0026269"
"6154","2","3","2","110","85","237","433","547","671","C0026269"
"4282","2","5","7","34","52","216","395","549","674","C0026269"
"59","2","5","8","63","45","23","103","464","187","C0026269"
"2488","2","5","4","68","96","326","427","548","672","C0026269"
"54463","2","3","2","48","57","110","141","359","462","C0026351"
"9401","2","3","12","76","31","261","116","1","86","C0026351"
"27125","2","3","12","19","31","261","116","159","211","C0026351"
"7473","2","5","3","68","221","197","259","560","422","C0026351"
"5913","2","5","7","27","36","71","341","223","219","C0026351"
"1678","2","3","2","48","170","50","304","167","593","C0026351"
"2074","2","3","12","19","31","1","426","55","78","C0026351"
"51750","2","3","12","19","31","261","116","1","86","C0026351"
"3921","2","3","2","110","85","237","433","547","671","C0026351"
"55636","2","3","3","19","221","321","428","423","389","C0026351"
"3284","2","3","2","69","98","169","299","183","243","C0026351"
"24","2","3","12","41","116","268","423","536","445","C0026351"
"7046","2","3","12","41","219","339","259","423","605","C0026351"
"860","2","3","12","19","31","276","91","433","118","C0026351"
"6469","2","5","3","53","221","197","259","560","422","C0026351"
"50945","2","3","3","48","170","335","347","560","373","C0026351"
"55630","2","3","5","27","81","99","162","216","290","C0026351"
"3796","2","3","12","76","153","40","38","54","75","C0026351"
"6338","2","5","8","63","45","23","34","464","187","C0026351"
"6499","2","3","2","110","85","237","433","547","671","C0026351"
"3440","2","3","12","19","184","118","155","287","116","C0026351"
"3082","2","5","7","53","51","342","25","40","186","C0026351"
"10265","2","3","3","19","221","321","428","541","667","C0026351"
"367","2","3","12","19","31","276","91","433","118","C0026351"
"50846","2","3","3","68","221","197","259","560","422","C0026351"
"4487","2","3","3","19","221","321","428","541","667","C0026351"
"10262","2","3","2","22","33","323","66","101","136","C0026351"
"1583","2","3","5","79","152","273","375","100","589","C0026351"
"5468","2","3","3","19","151","276","91","433","118","C0026552"
"55651","2","3","2","110","85","237","433","547","671","C0026552"
"2304","2","3","12","19","221","321","428","541","667","C0026552"
"4535","2","3","2","48","170","50","119","444","556","C0026552"
"3455","2","5","12","53","184","119","156","287","116","C0026552"
"673","2","5","7","53","14","20","34","540","68","C0026552"
"1352","2","3","2","48","170","50","119","444","556","C0026552"
"27445","2","5","7","60","36","71","341","223","624","C0026613"
"54658","2","3","2","78","205","207","67","355","138","C0026613"
"3861","2","1","6","11","142","225","142","220","298","C0026613"
"5915","2","3","3","19","151","276","91","433","118","C0026613"
"2624","2","3","12","19","31","1","155","287","116","C0026613"
"1175","2","5","7","60","14","184","341","544","669","C0026613"
"5447","2","3","5","91","214","271","372","471","586","C0026613"
"57817","2","5","7","34","51","342","350","243","561","C0026633"
"26281","2","5","7","53","14","20","25","40","186","C0026633"
"26277","2","3","12","19","31","1","426","1","78","C0026633"
"55670","2","3","5","43","161","305","409","208","482","C0026633"
"5894","2","5","7","60","54","23","34","464","187","C0026633"
"847","2","3","7","34","52","216","395","549","674","C0026633"
"28952","2","3","12","41","116","268","434","468","213","C0026633"
"2253","2","5","7","53","14","20","25","40","186","C0026633"
"7351","2","3","2","20","29","98","123","166","221","C0026633"
"5000","2","3","12","76","31","261","116","1","86","C0026633"
"1736","2","3","2","110","85","237","433","547","671","C0026633"
"7461","2","3","7","60","153","40","38","93","75","C0026633"
"9968","2","4","3","24","119","330","214","454","144","C0026633"
"4790","2","3","7","34","52","216","166","129","697","C0026633"
"596","2","3","12","19","219","339","402","489","416","C0026636"
"6575","2","3","8","45","94","199","240","415","666","C0026636"
"29925","2","3","2","68","66","123","158","207","278","C0026636"
"26281","2","5","7","53","14","20","25","40","186","C0026636"
"27247","2","3","2","48","170","50","119","100","556","C0026636"
"26040","2","3","12","19","31","1","116","297","78","C0026636"
"6655","2","5","7","60","54","24","30","46","72","C0026636"
"23532","2","3","12","41","116","152","129","252","154","C0026636"
"6916","2","3","5","91","175","119","167","224","301","C0026636"
"1301","2","5","7","53","51","342","454","573","492","C0026636"
"11093","2","5","7","53","51","342","454","573","492","C0026636"
"1021","2","3","12","19","31","1","426","55","78","C0026636"
"1184","2","5","8","63","45","23","34","464","187","C0026654"
"4337","2","3","2","80","91","75","204","267","352","C0026654"
"2138","2","3","12","19","31","1","426","55","78","C0026691"
"514","2","3","2","48","170","50","119","444","556","C0026691"
"4485","2","5","7","68","51","119","395","549","674","C0026691"
"5830","2","3","5","43","161","305","409","208","482","C0026691"
"779","2","5","8","63","36","166","341","390","158","C0026706"
"5740","2","3","5","91","175","279","167","224","301","C0026706"
"51086","2","3","2","68","45","232","321","406","520","C0026706"
"3691","2","5","7","53","51","342","454","573","492","C0026706"
"1028","2","3","12","19","31","1","116","1","86","C0026707"
"8626","2","3","3","19","221","321","428","541","667","C0026707"
"51218","2","3","2","48","170","50","119","100","556","C0026760"
"4000","2","3","12","26","105","178","226","297","156","C0026760"
"4790","2","3","7","34","52","216","166","129","697","C0026760"
"8022","2","3","3","110","85","321","428","541","667","C0026760"
"8626","2","3","3","19","221","321","428","541","667","C0026760"
"9126","2","3","12","76","153","40","38","54","75","C0026760"
"3845","2","5","7","60","54","24","30","46","72","C0026764"
"8516","2","5","7","53","51","342","454","573","492","C0026764"
"1956","2","5","7","53","14","184","45","544","669","C0026764"
"10265","2","3","3","19","221","321","428","541","667","C0026764"
"1029","2","3","12","19","31","1","116","1","664","C0026764"
"8726","2","3","12","19","31","1","426","55","78","C0026764"
"4913","2","3","12","19","31","261","116","1","86","C0026764"
"79042","2","3","12","22","33","323","66","101","664","C0026764"
"2908","2","3","12","19","151","276","91","433","118","C0026764"
"3098","2","3","2","90","167","266","367","500","577","C0026764"
"5896","2","3","12","41","116","268","434","568","605","C0026764"
"1305","2","5","7","53","51","342","454","573","492","C0026764"
"1301","2","5","7","53","51","342","454","573","492","C0026764"
"4312","2","5","7","53","51","342","454","573","492","C0026764"
"10161","2","5","4","68","96","326","427","548","672","C0026764"
"1663","2","3","12","76","105","178","226","297","380","C0026764"
"5190","2","3","5","43","161","305","409","208","482","C0026764"
"1146","2","5","8","27","70","99","162","216","290","C0026764"
"2290","2","3","3","19","221","321","428","541","667","C0026764"
"5993","2","3","12","19","31","1","426","55","78","C0026764"
"2538","2","3","5","90","216","333","438","561","689","C0026764"
"4359","2","5","7","53","51","342","454","573","492","C0026764"
"22800","2","5","7","60","54","24","30","46","72","C0026764"
"2177","2","3","2","110","90","261","431","545","443","C0026764"
"2074","2","3","12","19","31","1","426","55","78","C0026764"
"3663","2","3","12","53","184","119","156","287","116","C0026764"
"2972","2","3","2","19","33","261","116","159","211","C0026764"
"545","2","3","12","19","31","261","116","1","86","C0026764"
"3423","2","3","5","74","3","342","374","294","590","C0026764"
"10161","2","5","4","68","96","326","427","548","672","C0026764"
"4920","2","5","7","53","14","20","259","560","373","C0026764"
"4920","2","5","7","53","14","20","259","560","373","C0026764"
"9817","2","3","12","41","116","268","434","468","213","C0026764"
"716","2","5","7","53","51","119","395","549","674","C0026766"
"5009","2","3","2","48","97","50","304","167","593","C0026766"
"54880","2","3","12","19","31","1","426","55","78","C0026766"
"10082","2","3","2","74","51","342","454","573","492","C0026766"
"125","2","3","2","75","120","200","263","251","425","C0026766"
"5130","2","3","2","85","143","286","51","488","102","C0026766"
"2260","2","5","7","53","14","20","25","40","186","C0026766"
"8802","2","3","8","67","92","293","55","75","311","C0026846"
"5373","2","3","2","90","167","123","158","207","278","C0026846"
"6606","2","3","2","22","33","323","66","101","136","C0026846"
"4137","2","3","7","27","36","150","341","223","628","C0026846"
"2641","2","5","4","68","96","326","427","548","672","C0026846"
"26227","2","3","2","41","137","44","208","81","108","C0026846"
"9871","2","3","7","60","153","40","38","54","203","C0026846"
"9531","2","3","12","41","219","339","347","271","356","C0026846"
"10555","2","3","7","34","52","216","395","549","622","C0026846"
"3897","2","5","7","53","51","335","444","560","373","C0026846"
"4607","2","5","7","53","51","23","103","464","187","C0026846"
"5325","2","3","12","19","31","198","261","146","118","C0026846"
"4537","2","3","2","48","170","50","119","444","556","C0026846"
"1896","2","5","12","41","219","339","156","568","697","C0026846"
"9966","2","5","12","41","219","339","156","568","697","C0026847"
"3664","2","5","7","53","184","119","156","287","116","C0026847"
"3952","2","5","3","53","151","276","91","433","118","C0026847"
"3851","2","3","12","76","153","40","38","54","75","C0026847"
"4921","2","5","7","53","14","20","25","573","186","C0026847"
"55033","2","3","2","110","105","178","226","297","380","C0026847"
"50846","2","3","3","68","221","197","259","560","422","C0026847"
"8540","2","3","5","43","161","305","409","208","482","C0026847"
"4893","2","5","7","34","52","24","30","46","72","C0026847"
"6011","2","5","7","53","14","20","34","540","68","C0026847"
"7051","2","1","6","11","142","225","142","220","298","C0026847"
"8924","2","3","12","41","116","268","434","468","213","C0026847"
"3209","2","3","3","19","221","321","428","541","667","C0026847"
"2483","2","3","2","22","33","323","66","101","136","C0026847"
"4284","2","3","5","80","81","166","397","374","486","C0026851"
"355","2","3","7","41","219","339","156","568","697","C0026851"
"6392","2","3","2","48","170","50","119","444","556","C0026858"
"8625","2","3","12","19","31","276","91","236","118","C0026858"
"773","2","5","8","27","36","166","341","223","628","C0026858"
"55703","2","3","2","22","33","261","116","159","211","C0026884"
"9469","2","3","2","103","189","303","29","475","467","C0026884"
"10491","2","5","7","53","51","342","454","573","492","C0026884"
"472","2","3","12","19","31","261","116","1","86","C0026884"
"84634","2","5","4","68","96","326","427","548","672","C0026884"
"4726","2","3","2","48","170","50","119","444","556","C0026884"
"1278","2","5","7","53","51","342","454","573","492","C0026884"
"4036","2","5","7","60","14","184","341","544","669","C0026884"
"6323","2","5","8","63","36","166","341","390","158","C0026884"
"8302","2","5","7","53","51","119","395","549","674","C0026884"
"9401","2","3","12","76","31","261","116","1","86","C0026896"
"3303","2","3","7","34","52","216","395","271","356","C0026896"
"7015","2","3","12","19","31","1","426","55","78","C0026896"
"2146","2","3","12","19","31","1","426","55","78","C0026896"
"4286","2","3","12","19","31","261","116","1","664","C0026896"
"7056","2","5","7","53","51","119","454","573","492","C0026896"
"3077","2","5","7","53","51","119","395","549","674","C0026919"
"7372","2","3","2","68","119","109","266","182","182","C0026919"
"1029","2","3","12","19","31","1","116","1","664","C0026919"
"23020","2","3","2","22","33","323","66","101","136","C0026919"
"4089","2","3","12","19","219","339","259","423","605","C0026919"
"5339","2","5","7","53","51","342","454","573","492","C0026936"
"9210","2","5","7","53","51","342","454","573","492","C0026936"
"1281","2","5","7","53","51","342","454","573","492","C0026936"
"50846","2","3","3","68","221","197","259","560","422","C0026948"
"2200","2","5","7","53","51","342","454","573","492","C0026948"
"1106","2","3","12","19","31","1","426","55","78","C0026948"
"25974","2","3","7","48","51","105","139","186","245","C0026985"
"4072","2","5","7","53","51","119","454","573","492","C0026985"
"2010","2","3","12","26","105","296","226","488","156","C0026987"
"10225","2","5","7","53","51","119","395","549","674","C0026987"
"10686","2","5","6","42","36","71","177","64","219","C0026987"
"3064","2","3","12","48","170","50","444","91","439","C0026987"
"10265","2","3","3","19","221","321","428","541","667","C0026987"
"2263","2","5","7","53","14","20","25","40","186","C0026987"
"25782","2","5","7","60","54","24","30","46","72","C0026987"
"1387","2","3","12","19","31","276","91","433","118","C0026987"
"1280","2","5","7","53","51","342","454","573","492","C0026998"
"2184","2","3","5","76","153","138","236","332","407","C0026998"
"3081","2","3","2","91","51","3","267","308","429","C0027022"
"472","2","3","12","19","31","261","116","1","86","C0027022"
"23209","2","5","8","63","45","23","103","464","187","C0027022"
"2778","2","5","4","68","96","326","427","548","672","C0027022"
"5648","2","5","7","53","51","119","395","549","674","C0027022"
"9657","2","3","12","76","153","40","38","54","75","C0027022"
"3872","2","1","6","11","142","225","142","220","298","C0027022"
"4548","2","3","2","15","85","105","139","186","245","C0027022"
"1811","2","5","8","35","41","199","40","415","666","C0027022"
"5157","2","5","7","80","81","342","367","500","577","C0027022"
"2521","2","3","2","22","33","323","66","101","136","C0027022"
"5443","2","5","4","68","96","326","427","548","672","C0027022"
"9569","2","3","12","19","31","276","91","433","118","C0027022"
"10661","2","3","12","19","31","1","426","55","78","C0027022"
"6606","2","3","2","22","33","323","66","101","136","C0027022"
"4286","2","3","12","19","31","261","116","1","664","C0027022"
"10060","2","3","8","41","45","23","423","464","445","C0027059"
"8802","2","3","8","67","92","293","55","75","311","C0027059"
"6311","2","3","2","22","33","323","66","362","468","C0027059"
"207","2","3","7","53","14","20","34","489","416","C0027059"
"1736","2","3","2","110","85","237","433","547","671","C0027059"
"3559","2","5","7","53","14","20","25","40","186","C0027080"
"1906","2","5","4","68","96","326","427","548","672","C0027080"
"8878","2","3","12","41","219","339","156","568","697","C0027080"
"1906","2","5","4","68","96","326","427","548","672","C0027080"
"4306","2","3","3","19","151","276","91","433","118","C0027080"
"5160","2","3","2","67","92","293","55","75","311","C0027080"
"4287","2","3","12","41","116","268","434","468","215","C0027080"
"50485","2","3","12","19","31","261","116","1","86","C0027080"
"10019","2","5","7","53","14","20","25","40","116","C0027080"
"546","2","3","12","19","31","261","426","1","86","C0027080"
"9409","2","3","5","43","161","305","409","208","482","C0027080"
"2255","2","5","7","53","14","20","25","40","186","C0027121"
"3984","2","5","7","53","14","20","34","540","68","C0027121"
"1376","2","3","2","19","151","276","91","433","118","C0027121"
"22891","2","3","12","76","153","40","341","54","75","C0027121"
"3000","2","5","4","68","96","326","427","548","672","C0027121"
"22858","2","3","7","53","14","20","34","540","68","C0027121"
"3981","2","3","12","19","31","261","116","1","86","C0027121"
"1536","2","5","7","34","52","216","395","549","674","C0027125"
"60","2","3","12","60","45","184","155","287","78","C0027125"
"7421","2","3","3","19","151","276","91","433","118","C0027125"
"1493","2","5","7","53","51","119","25","40","186","C0027125"
"51601","2","3","2","67","92","293","55","75","311","C0027125"
"2737","2","3","12","19","116","321","428","54","667","C0027125"
"8517","2","3","12","41","219","339","156","568","697","C0027125"
"9150","2","3","12","19","31","261","116","159","211","C0027125"
"5195","2","3","5","43","161","305","409","208","482","C0027125"
"3239","2","3","3","19","221","321","428","541","667","C0027125"
"2244","2","5","7","53","51","342","454","573","492","C0027126"
"55714","2","5","7","53","51","342","454","573","254","C0027126"
"10312","2","3","7","34","52","216","395","549","674","C0027126"
"4784","2","3","2","22","33","261","116","159","211","C0027127"
"207","2","3","7","53","14","20","34","489","416","C0027127"
"1811","2","5","8","35","41","199","40","415","666","C0027339"
"1302","2","5","7","53","51","342","454","573","492","C0027339"
"8074","2","5","7","53","14","20","25","40","186","C0027339"
"57492","2","3","12","19","31","1","426","55","78","C0027339"
"2733","2","3","2","22","33","323","66","101","664","C0027339"
"3845","2","5","7","60","54","24","30","46","72","C0027339"
"6905","2","3","12","76","153","40","38","54","75","C0027339"
"9426","2","3","12","19","31","1","426","55","78","C0027339"
"1406","2","3","3","19","221","321","428","541","667","C0027339"
"3426","2","5","7","53","51","119","395","549","674","C0027339"
"355","2","3","7","41","219","339","156","568","697","C0027339"
"28982","2","3","5","25","44","165","101","274","358","C0027339"
"183","2","5","4","68","96","326","427","548","672","C0027339"
"6342","2","3","5","80","161","305","409","208","482","C0027339"
"3064","2","3","12","48","170","50","444","91","439","C0027339"
"84466","2","5","7","60","175","184","341","544","669","C0027339"
"3651","2","3","3","19","221","321","428","541","667","C0027339"
"2900","2","5","8","63","36","166","106","110","158","C0027339"
"3458","2","5","7","53","184","119","156","287","116","C0027339"
"6532","2","5","8","45","94","199","240","415","666","C0027339"
"8842","2","5","5","53","82","147","184","179","328","C0027339"
"1026","2","3","12","19","31","1","116","489","416","C0027339"
"54805","2","5","7","26","94","85","189","247","333","C0027339"
"7051","2","1","6","11","142","225","142","220","298","C0027339"
"3265","2","5","7","60","54","24","30","46","72","C0027404"
"540","2","5","8","63","45","23","103","464","187","C0027404"
"348","2","5","7","53","51","342","454","573","492","C0027404"
"54808","2","3","12","76","153","40","38","54","75","C0027404"
"2099","2","3","12","19","151","276","91","433","118","C0027404"
"7846","2","3","12","76","153","40","38","54","75","C0027404"
"3398","2","3","12","19","31","276","91","433","118","C0027404"
"5250","2","3","2","48","170","50","119","444","593","C0027404"
"5443","2","5","4","68","96","326","427","548","672","C0027404"
"4591","2","3","12","41","116","268","434","468","213","C0027404"
"26353","2","3","12","76","45","160","347","271","356","C0027404"
"889","2","5","7","60","45","23","306","64","436","C0027404"
"5340","2","5","7","53","51","342","454","573","492","C0027404"
"4255","2","3","12","19","31","261","116","1","86","C0027404"
"3784","2","5","8","63","36","166","106","110","158","C0027404"
"5741","2","5","4","68","96","326","427","548","672","C0027404"
"2006","2","5","7","53","51","342","454","573","492","C0027412"
"2316","2","5","7","53","51","342","454","573","702","C0027412"
"9573","2","5","7","53","51","342","259","423","389","C0027412"
"5332","2","3","4","68","96","326","427","548","672","C0027412"
"5189","2","3","5","43","161","305","409","208","482","C0027412"
"3767","2","5","8","63","36","166","106","110","158","C0027412"
"23111","2","3","12","41","219","339","156","568","697","C0027412"
"5979","2","5","7","53","14","20","25","40","186","C0027424"
"5295","2","5","7","53","14","20","25","40","186","C0027424"
"3930","2","3","2","22","33","323","66","3","464","C0027429"
"2138","2","3","12","19","31","1","426","55","78","C0027429"
"4653","2","5","7","34","51","342","454","573","492","C0027429"
"8312","2","3","12","41","219","339","156","568","605","C0027430"
"1312","2","3","2","87","79","105","426","129","25","C0027430"
"4726","2","3","2","48","170","50","119","444","556","C0027430"
"4538","2","3","2","48","170","50","119","444","556","C0027430"
"5360","2","5","5","34","51","342","454","549","492","C0027430"
"6331","2","5","8","63","36","166","341","223","158","C0027430"
"5652","2","1","6","11","142","225","142","220","298","C0027430"
"5167","2","3","5","32","93","163","207","303","126","C0027430"
"5728","2","3","5","80","81","339","156","568","605","C0027430"
"9581","2","3","5","27","36","150","76","223","628","C0027430"
"3106","2","5","7","34","52","119","395","549","674","C0027439"
"56925","2","3","5","80","81","166","397","418","568","C0027439"
"2719","2","5","7","53","51","342","454","573","492","C0027439"
"4000","2","3","12","26","105","178","226","297","156","C0027439"
"8242","2","3","12","19","31","1","426","55","78","C0027439"
"673","2","5","7","53","14","20","34","540","68","C0027439"
"9255","2","3","2","110","85","237","433","547","154","C0027439"
"27030","2","3","12","19","31","1","426","55","78","C0027439"
"8822","2","5","7","53","14","20","25","40","186","C0027439"
"238","2","5","7","53","14","20","25","40","186","C0027443"
"9897","2","3","12","76","18","75","38","1","212","C0027443"
"7372","2","3","2","68","119","109","266","182","182","C0027443"
"23529","2","5","7","53","51","119","25","40","416","C0027443"
"1991","2","5","7","34","52","216","395","549","674","C0027443"
"1311","2","5","7","53","51","342","454","573","492","C0027443"
"3284","2","3","2","69","98","169","299","183","243","C0027443"
"3655","2","5","7","53","51","342","454","573","492","C0027443"
"6323","2","5","8","63","36","166","341","390","158","C0027443"
"135","2","5","4","68","96","326","427","548","672","C0027497"
"695","2","5","7","53","14","20","25","40","186","C0027497"
"10483","2","3","7","60","54","24","30","46","72","C0027497"
"26154","2","3","5","47","144","185","238","310","392","C0027497"
"5277","2","3","2","61","77","142","176","235","317","C0027497"
"1836","2","3","2","35","41","94","260","330","375","C0027497"
"7297","2","5","7","53","184","119","25","40","186","C0027497"
"5979","2","5","7","53","14","20","25","40","186","C0027497"
"5728","2","3","5","80","81","339","156","568","605","C0027497"
"7547","2","3","3","19","221","321","428","541","667","C0027497"
"3952","2","5","3","53","151","276","91","433","118","C0027497"
"3953","2","5","7","53","14","20","25","40","186","C0027497"
"56983","2","3","2","78","124","143","428","236","241","C0027497"
"54101","2","3","2","48","170","50","347","167","593","C0027497"
"2033","2","3","12","19","31","1","91","433","118","C0027497"
"55624","2","3","2","78","123","194","255","215","412","C0027497"
"1191","2","5","7","53","51","342","454","573","702","C0027497"
"23414","2","3","12","19","31","118","155","287","116","C0027613"
"8314","2","3","12","41","31","1","426","55","78","C0027613"
"1280","2","5","7","53","51","342","454","573","492","C0027643"
"1736","2","3","2","110","85","237","433","547","671","C0027643"
"3483","2","5","7","53","51","342","454","573","492","C0027643"
"7466","2","5","7","53","51","342","454","573","492","C0027643"
"6347","2","5","7","53","51","119","427","489","416","C0027643"
"5310","2","5","7","53","51","335","444","560","373","C0027643"
"7545","2","5","3","34","52","216","142","220","298","C0027643"
"2645","2","3","2","90","167","266","367","101","664","C0027643"
"9897","2","3","12","76","18","75","38","1","212","C0027643"
"5354","2","5","7","27","36","150","341","223","628","C0027643"
"5728","2","3","5","80","81","339","156","568","605","C0027643"
"4538","2","3","2","48","170","50","119","444","556","C0027643"
"2317","2","5","7","63","45","23","103","287","664","C0027643"
"2778","2","5","4","68","96","326","427","548","672","C0027643"
"4255","2","3","12","19","31","261","116","1","86","C0027643"
"411","2","3","7","34","52","216","395","549","674","C0027643"
"5396","2","3","3","19","221","321","428","541","667","C0027643"
"9451","2","3","2","110","51","335","226","297","380","C0027643"
"8216","2","3","12","41","119","330","214","454","144","C0027643"
"8517","2","3","12","41","219","339","156","568","697","C0027643"
"7415","2","3","7","34","52","216","395","536","445","C0027643"
"2535","2","5","3","68","221","197","259","560","422","C0027643"
"2733","2","3","2","22","33","323","66","101","664","C0027643"
"5296","2","5","7","53","14","20","25","40","186","C0027643"
"23363","2","3","12","41","116","268","434","468","213","C0027643"
"2773","2","5","4","68","96","326","427","548","672","C0027643"
"2879","2","3","5","80","81","166","378","173","229","C0027643"
"2263","2","5","7","53","14","20","25","40","186","C0027643"
"2206","2","3","12","41","14","20","25","40","186","C0027643"
"30008","2","5","7","53","51","342","454","573","492","C0027643"
"183","2","5","4","68","96","326","427","548","672","C0027658"
"2626","2","3","12","19","31","118","155","287","116","C0027658"
"4621","2","5","8","63","45","23","103","464","187","C0027658"
"6710","2","5","7","60","14","20","25","40","186","C0027658"
"701","2","3","12","76","153","40","38","54","75","C0027658"
"4010","2","3","3","19","221","321","428","541","667","C0027658"
"5077","2","3","3","19","221","321","428","541","667","C0027658"
"4929","2","3","3","19","151","276","91","433","118","C0027658"
"2736","2","3","12","41","116","321","428","54","667","C0027658"
"3458","2","5","7","53","184","119","156","287","116","C0027658"
"6772","2","3","12","53","184","119","156","287","116","C0027658"
"10342","2","3","7","60","219","40","202","66","203","C0027658"
"1284","2","5","7","53","51","342","454","573","492","C0027658"
"2626","2","3","12","19","31","118","155","287","116","C0027660"
"1807","2","3","5","80","23","186","79","560","273","C0027660"
"7290","2","3","12","19","31","1","426","55","78","C0027661"
"6165","2","3","2","110","85","237","433","547","671","C0027661"
"23385","2","5","7","34","52","216","395","549","674","C0027661"
"6314","2","3","12","19","31","1","426","568","78","C0027686"
"7040","2","5","7","53","51","342","454","573","492","C0027686"
"538","2","3","8","63","45","23","103","464","187","C0027686"
"7474","2","5","3","68","221","184","259","544","669","C0027686"
"2260","2","5","7","53","14","20","25","40","186","C0027686"
"5251","2","3","5","80","81","296","474","593","722","C0027686"
"7372","2","3","2","68","119","109","266","182","182","C0027697"
"3914","2","5","7","53","51","342","454","573","492","C0027697"
"2006","2","5","7","53","51","342","454","573","492","C0027697"
"2261","2","5","7","53","14","20","25","40","186","C0027697"
"5979","2","5","7","53","14","20","25","40","186","C0027697"
"10616","2","3","12","41","116","268","434","468","213","C0027697"
"2720","2","3","7","34","52","216","395","21","599","C0027697"
"7010","2","5","7","53","14","20","25","40","186","C0027697"
"1380","2","5","7","53","51","119","395","549","674","C0027697"
"10165","2","3","2","48","170","50","304","167","593","C0027697"
"6197","2","3","12","19","14","20","34","540","68","C0027697"
"4792","2","3","12","41","219","339","156","568","605","C0027697"
"27229","2","3","12","76","153","40","38","54","75","C0027697"
"5818","2","5","7","53","51","335","444","560","373","C0027697"
"6885","2","3","12","41","219","339","156","568","697","C0027697"
"8200","2","5","7","53","51","342","259","423","389","C0027697"
"2255","2","5","7","53","14","20","25","40","186","C0027697"
"80169","2","3","12","19","31","261","116","1","86","C0027706"
"5913","2","5","7","27","36","71","341","223","219","C0027706"
"4312","2","5","7","53","51","342","454","573","492","C0027707"
"7051","2","1","6","11","142","225","142","220","298","C0027707"
"5663","2","5","7","34","52","216","395","549","667","C0027707"
"5091","2","3","2","35","40","130","166","57","435","C0027707"
"29968","2","3","8","67","94","199","182","509","666","C0027707"
"488","2","5","8","63","45","23","103","464","187","C0027707"
"2048","2","5","7","53","14","20","25","560","373","C0027707"
"567","2","5","7","34","52","119","395","549","674","C0027707"
"6495","2","3","3","19","221","321","428","541","667","C0027707"
"4771","2","5","7","60","36","71","177","64","215","C0027707"
"4352","2","5","7","53","14","20","25","40","186","C0027708"
"2261","2","5","7","53","14","20","25","40","186","C0027708"
"9719","2","5","7","53","51","342","454","573","492","C0027708"
"9997","2","3","2","48","170","50","119","444","556","C0027708"
"10225","2","5","7","53","51","119","395","549","674","C0027708"
"9049","2","3","3","41","151","276","378","271","356","C0027708"
"1678","2","3","2","48","170","50","304","167","593","C0027708"
"7157","2","3","12","19","31","261","402","489","551","C0027708"
"411","2","3","7","34","52","216","395","549","674","C0027708"
"3758","2","5","8","63","36","166","106","110","158","C0027708"
"3265","2","5","7","60","54","24","30","46","72","C0027708"
"53834","2","5","7","53","51","342","454","573","492","C0027708"
"3458","2","5","7","53","184","119","156","287","116","C0027708"
"1499","2","3","12","19","221","197","259","560","422","C0027708"
"5159","2","5","7","53","14","20","25","40","186","C0027708"
"3655","2","5","7","53","51","342","454","573","492","C0027708"
"2780","2","5","4","68","96","326","427","548","672","C0027708"
"6399","2","5","7","60","54","24","30","46","72","C0027708"
"81037","2","3","2","48","170","50","119","444","556","C0027709"
"2652","2","5","4","68","96","326","427","548","672","C0027709"
"2560","2","5","8","27","70","99","162","216","290","C0027709"
"2074","2","3","12","19","31","1","426","55","78","C0027709"
"54757","2","5","7","53","51","342","454","573","492","C0027709"
"5994","2","3","12","19","31","276","91","491","118","C0027709"
"23729","2","3","2","90","167","148","36","51","383","C0027709"
"5648","2","5","7","53","51","119","395","549","674","C0027709"
"3190","2","3","2","22","33","323","66","101","136","C0027709"
"4519","2","3","2","48","170","50","119","508","312","C0027709"
"1760","2","5","8","63","14","20","34","540","68","C0027709"
"3857","2","1","6","11","142","225","142","220","298","C0027709"
"4541","2","3","2","48","170","50","119","444","24","C0027709"
"1758","2","5","7","53","51","342","454","573","492","C0027709"
"732","2","5","7","53","51","119","395","549","674","C0027709"
"3075","2","5","7","53","51","119","395","549","674","C0027709"
"6654","2","5","7","60","54","24","30","46","72","C0027709"
"2261","2","5","7","53","14","20","25","40","186","C0027709"
"3664","2","5","7","53","184","119","156","287","116","C0027709"
"23426","2","5","7","42","36","71","177","223","219","C0027709"
"1268","2","5","4","68","96","326","427","548","672","C0027709"
"8517","2","3","12","41","219","339","156","568","697","C0027709"
"8910","2","5","8","63","45","23","103","464","187","C0027709"
"2218","2","5","2","53","123","194","255","560","373","C0027709"
"1839","2","5","7","53","14","20","25","40","186","C0027719"
"9215","2","5","2","27","36","150","430","215","628","C0027719"
"27034","2","3","2","67","92","293","55","75","311","C0027719"
"10661","2","3","12","19","31","1","426","55","78","C0027720"
"9663","2","3","5","80","81","296","51","488","102","C0027720"
"23746","2","3","12","41","83","101","126","271","356","C0027720"
"6336","2","5","8","63","36","166","341","390","158","C0027720"
"9652","2","3","2","110","85","237","433","547","671","C0027720"
"6916","2","3","5","91","175","119","167","224","301","C0027720"
"3891","2","1","6","11","142","225","142","220","298","C0027720"
"3122","2","5","7","53","184","119","156","287","116","C0027720"
"2006","2","5","7","53","51","342","454","573","492","C0027720"
"1081","2","5","4","68","96","326","427","548","672","C0027720"
"6335","2","5","8","63","36","166","341","390","158","C0027720"
"26281","2","5","7","53","14","20","25","40","186","C0027720"
"4893","2","5","7","34","52","24","30","46","72","C0027720"
"5592","2","5","4","53","14","20","34","540","68","C0027720"
"4000","2","3","12","26","105","178","226","297","156","C0027720"
"8813","2","3","2","48","116","142","136","280","363","C0027766"
"2354","2","3","12","19","31","1","426","55","78","C0027766"
"6303","2","3","2","67","118","160","261","188","423","C0027766"
"2131","2","3","2","74","58","112","148","181","416","C0027766"
"2621","2","5","7","53","51","342","454","573","492","C0027766"
"9901","2","5","7","60","54","24","30","46","72","C0027766"
"4330","2","3","12","19","31","101","91","433","118","C0027766"
"6338","2","5","8","63","45","23","34","464","187","C0027766"
"30008","2","5","7","53","51","342","454","573","492","C0027794"
"9839","2","3","3","19","221","321","428","541","667","C0027794"
"1080","2","3","12","41","219","339","156","544","669","C0027794"
"1406","2","3","3","19","221","321","428","541","667","C0027794"
"5310","2","5","7","53","51","335","444","560","373","C0027794"
"7428","2","3","12","41","116","268","434","468","213","C0027794"
"2177","2","3","2","110","90","261","431","545","443","C0027794"
"50814","2","3","2","69","221","73","360","86","119","C0027794"
"478","2","3","8","63","45","23","366","464","187","C0027794"
"3972","2","5","4","68","96","326","427","548","672","C0027794"
"26012","2","3","12","19","31","261","116","159","211","C0027794"
"2245","2","5","7","60","54","24","30","46","72","C0027794"
"6323","2","5","8","63","36","166","341","390","158","C0027794"
"3845","2","5","7","60","54","24","30","46","72","C0027794"
"1236","2","5","4","68","96","326","427","548","672","C0027794"
"3763","2","5","8","63","36","166","106","110","158","C0027794"
"5518","2","3","12","76","153","40","38","54","435","C0027794"
"51816","2","5","7","34","52","216","395","549","674","C0027794"
"9247","2","5","7","53","221","197","259","423","389","C0027794"
"3172","2","3","3","19","151","276","91","433","118","C0027794"
"3651","2","3","3","19","221","321","428","541","667","C0027794"
"23765","2","3","12","41","219","238","252","489","416","C0027794"
"7827","2","5","7","53","170","335","25","560","373","C0027794"
"3123","2","5","7","53","51","119","156","287","116","C0027794"
"9210","2","5","7","53","51","342","454","573","492","C0027794"
"8626","2","3","3","19","221","321","428","541","667","C0027794"
"10743","2","3","3","19","151","276","91","433","118","C0027794"
"4148","2","5","7","53","51","342","454","573","492","C0027794"
"3643","2","5","7","53","14","20","25","40","186","C0027794"
"3239","2","3","3","19","221","321","428","541","667","C0027794"
"26608","2","3","2","22","170","50","119","463","153","C0027796"
"7132","2","3","12","41","219","339","156","568","697","C0027796"
"1278","2","5","7","53","51","342","454","573","492","C0027796"
"9640","2","3","12","19","31","261","116","159","211","C0027796"
"5660","2","5","7","34","52","326","427","548","702","C0027796"
"10664","2","3","12","19","31","1","426","55","78","C0027796"
"242","2","3","5","11","142","223","142","220","298","C0027796"
"4720","2","3","2","48","170","50","119","444","556","C0027796"
"4221","2","3","12","19","31","342","454","573","492","C0027796"
"2022","2","5","7","53","51","342","259","423","389","C0027796"
"3553","2","5","7","53","51","119","25","489","416","C0027796"
"4137","2","3","7","27","36","150","341","223","628","C0027796"
"8600","2","5","7","41","219","339","156","568","697","C0027796"
"875","2","3","5","80","137","44","21","451","316","C0027796"
"2009","2","3","12","76","153","40","38","54","75","C0027809"
"229","2","3","2","90","167","266","367","500","577","C0027809"
"9420","2","3","5","79","159","256","215","282","366","C0027809"
"6390","2","3","2","48","170","50","119","444","556","C0027809"
"54567","2","5","7","53","51","143","428","236","667","C0027809"
"79443","2","3","2","48","57","110","141","359","462","C0027809"
"6689","2","3","12","19","31","276","91","433","118","C0027809"
"773","2","5","8","27","36","166","341","223","628","C0027830"
"652","2","5","7","53","51","342","454","573","492","C0027830"
"3425","2","3","5","80","81","166","454","573","492","C0027831"
"4000","2","3","12","26","105","178","226","297","156","C0027831"
"7169","2","5","8","63","45","23","103","464","187","C0027831"
"7225","2","5","8","63","45","193","306","390","158","C0027854"
"7473","2","5","3","68","221","197","259","560","422","C0027854"
"3315","2","3","12","41","181","160","362","402","215","C0027854"
"23064","2","3","6","11","31","261","142","220","664","C0027854"
"6556","2","3","7","34","52","216","395","549","674","C0027859"
"5913","2","5","7","27","36","71","341","223","219","C0027859"
"2255","2","5","7","53","14","20","25","40","186","C0027859"
"1437","2","5","7","53","14","20","25","40","186","C0027859"
"3308","2","3","12","41","219","339","347","271","356","C0027868"
"7337","2","3","12","41","116","268","434","468","213","C0027868"
"6888","2","3","2","90","167","266","367","500","577","C0027873"
"9401","2","3","12","76","31","261","116","1","86","C0027873"
"10801","2","3","12","76","108","293","141","305","387","C0027873"
"7299","2","3","5","23","18","138","250","332","407","C0027877"
"4137","2","3","7","27","36","150","341","223","628","C0027877"
"1806","2","3","2","49","23","186","149","195","61","C0027877"
"1301","2","5","7","53","51","342","454","573","492","C0027877"
"695","2","5","7","53","14","20","25","40","186","C0027888"
"4625","2","3","8","63","45","23","103","464","187","C0027888"
"6658","2","3","12","19","221","321","428","541","667","C0027888"
"55624","2","3","2","78","123","194","255","215","412","C0027888"
"2972","2","3","2","19","33","261","116","159","211","C0027888"
"51085","2","3","2","48","57","110","141","359","462","C0027889"
"4210","2","3","12","41","219","339","156","568","697","C0027889"
"4068","2","5","7","53","51","119","25","549","674","C0027889"
"2260","2","5","7","53","14","20","25","40","186","C0027889"
"4715","2","3","2","48","170","50","119","444","556","C0027947"
"2556","2","5","8","27","70","99","162","216","290","C0027947"
"7051","2","1","6","11","142","225","142","220","298","C0027947"
"5830","2","3","5","43","161","305","409","208","482","C0027947"
"8626","2","3","3","19","221","321","428","541","667","C0027947"
"2260","2","5","7","53","14","20","25","40","186","C0027947"
"545","2","3","12","19","31","261","116","1","86","C0027947"
"6812","2","5","7","27","36","150","341","223","628","C0027947"
"83706","2","5","7","53","51","342","454","573","702","C0027947"
"25793","2","3","12","41","116","268","434","468","213","C0027947"
"3559","2","5","7","53","14","20","25","40","186","C0027947"
"6647","2","3","2","95","2","342","378","173","702","C0027947"
"6341","2","3","2","48","170","50","119","444","556","C0027947"
"5034","2","5","7","53","51","342","454","573","492","C0027960"
"3417","2","3","7","34","52","216","395","549","319","C0027960"
"2260","2","5","7","53","14","20","25","40","186","C0027960"
"2316","2","5","7","53","51","342","454","573","702","C0027960"
"6678","2","5","7","53","51","342","454","573","492","C0027960"
"7066","2","5","7","53","51","119","25","573","416","C0027960"
"54345","2","5","3","19","221","321","428","541","667","C0027960"
"3852","2","1","6","11","142","225","142","220","298","C0027960"
"5745","2","5","4","68","96","326","427","548","672","C0027960"
"4669","2","3","5","80","81","166","454","453","492","C0027960"
"8195","2","3","12","76","153","76","38","54","75","C0027960"
"1280","2","5","7","53","51","342","454","573","492","C0027960"
"6399","2","5","7","60","54","24","30","46","72","C0027960"
"7053","2","3","6","11","142","225","142","220","298","C0027960"
"6340","2","5","8","63","45","23","34","464","187","C0027960"
"4524","2","3","2","15","166","104","369","117","583","C0027960"
"2896","2","5","7","34","52","216","395","549","674","C0027960"
"54982","2","3","2","48","170","50","399","167","593","C0027960"
"2720","2","3","7","34","52","216","395","21","599","C0027960"
"5053","2","3","5","80","81","166","236","308","390","C0028081"
"2189","2","3","12","19","31","261","116","1","86","C0028081"
"114548","2","3","12","41","219","339","156","568","697","C0028081"
"2673","2","3","2","110","94","178","226","297","380","C0028326"
"3592","2","5","7","53","51","119","25","489","416","C0028326"
"8604","2","3","2","48","170","50","304","167","593","C0028326"
"3161","2","3","12","76","153","40","38","54","75","C0028326"
"26119","2","5","7","60","14","184","341","544","669","C0028326"
"51715","2","5","7","60","54","24","30","46","72","C0028326"
"6888","2","3","2","90","167","266","367","500","577","C0028326"
"3691","2","5","7","53","51","342","454","573","492","C0028326"
"6616","2","5","7","34","52","216","341","223","628","C0028326"
"6899","2","5","7","53","184","335","259","560","373","C0028326"
"5896","2","3","12","41","116","268","434","568","605","C0028326"
"2200","2","5","7","53","51","342","454","573","492","C0028326"
"8856","2","3","3","19","151","276","91","433","118","C0028326"
"9401","2","3","12","76","31","261","116","1","86","C0028326"
"8892","2","3","2","110","85","237","433","547","671","C0028326"
"6197","2","3","12","19","14","20","34","540","68","C0028326"
"3930","2","3","2","22","33","323","66","3","464","C0028326"
"2890","2","5","8","63","36","166","106","110","158","C0028756"
"4436","2","3","12","19","31","261","116","1","86","C0028756"
"338","2","5","7","53","51","342","454","573","492","C0028756"
"1280","2","5","7","53","51","342","454","573","492","C0028756"
"5119","2","3","2","48","57","110","141","359","462","C0028768"
"1718","2","3","2","54","90","84","48","69","204","C0028768"
"7841","2","3","2","41","116","178","423","536","445","C0028768"
"10585","2","5","2","27","206","324","430","215","290","C0028768"
"5527","2","3","12","76","153","40","38","54","75","C0028768"
"440","2","3","2","101","62","189","182","509","154","C0028768"
"2253","2","5","7","53","14","20","25","40","186","C0028768"
"1889","2","5","4","68","96","326","427","548","672","C0028768"
"4790","2","3","7","34","52","216","166","129","697","C0028768"
"6532","2","5","8","45","94","199","240","415","666","C0028768"
"22954","2","3","12","41","116","268","434","468","213","C0028768"
"4023","2","3","5","24","51","342","91","20","27","C0028768"
"3737","2","5","8","63","36","166","106","110","158","C0028768"
"2335","2","5","7","53","51","342","454","573","492","C0028768"
"64135","2","3","12","41","219","339","156","568","605","C0028768"
"55636","2","3","3","19","221","321","428","423","389","C0028768"
"6239","2","3","12","19","119","330","214","454","144","C0028768"
"1490","2","5","7","53","51","342","454","573","492","C0028768"
"51204","2","3","2","48","170","50","119","444","556","C0028768"
"7390","2","3","5","80","81","166","132","175","473","C0028768"
"2263","2","5","7","53","14","20","25","40","186","C0028768"
"29078","2","3","2","48","170","50","119","444","556","C0028768"
"5077","2","3","3","19","221","321","428","541","667","C0028768"
"7555","2","3","2","110","85","237","433","547","671","C0028768"
"6239","2","3","12","19","119","330","214","454","144","C0028768"
"8626","2","3","3","19","221","321","428","541","667","C0028768"
"6355","2","5","4","68","96","326","427","548","672","C0028768"
"673","2","5","7","53","14","20","34","540","68","C0028768"
"7200","2","5","4","68","96","326","427","548","672","C0028768"
"7097","2","5","7","34","52","216","395","549","674","C0028768"
"6687","2","3","2","48","170","50","119","444","593","C0028768"
"100","2","3","5","33","21","47","56","80","199","C0028768"
"54903","2","3","12","76","153","40","38","54","75","C0028796"
"5468","2","3","3","19","151","276","91","433","118","C0028796"
"58","2","5","8","63","45","23","103","464","187","C0028796"
"9401","2","3","12","76","31","261","116","1","86","C0028796"
"3814","2","5","4","68","96","326","427","548","672","C0028797"
"6445","2","5","8","63","45","23","103","464","187","C0028797"
"10491","2","5","7","53","51","342","454","573","492","C0028797"
"3030","2","3","2","48","57","339","44","65","31","C0028797"
"10555","2","3","7","34","52","216","395","549","622","C0028797"
"55670","2","3","5","43","161","305","409","208","482","C0028797"
"10847","2","3","12","19","31","1","426","55","78","C0028797"
"1280","2","5","7","53","51","342","454","573","492","C0028797"
"779","2","5","8","63","36","166","341","390","158","C0028797"
"3845","2","5","7","60","54","24","30","46","72","C0028797"
"10269","2","3","2","48","182","50","119","444","556","C0028797"
"6655","2","5","7","60","54","24","30","46","72","C0028797"
"1513","2","5","7","53","51","342","454","573","492","C0028840"
"2683","2","3","7","34","52","216","395","549","617","C0028840"
"7369","2","5","7","53","51","119","395","549","674","C0028840"
"6794","2","3","12","53","14","20","34","540","68","C0028866"
"5293","2","3","7","53","14","20","25","40","186","C0028866"
"6440","2","5","5","68","96","185","238","310","272","C0028945"
"351","2","5","4","68","96","326","188","145","193","C0028945"
"23129","2","5","7","53","51","342","79","560","373","C0028945"
"9051","2","5","7","60","14","20","25","40","215","C0028945"
"1161","2","3","12","41","116","268","434","468","213","C0028945"
"7020","2","3","12","19","31","276","91","433","664","C0028945"
"1302","2","5","7","53","51","342","454","573","492","C0028945"
"5428","2","3","2","48","170","50","119","167","593","C0028949"
"9569","2","3","12","19","31","276","91","433","118","C0028949"
"19","2","3","3","19","151","276","91","433","118","C0028949"
"8291","2","5","8","63","45","23","103","464","187","C0028949"
"5588","2","5","7","53","14","20","34","540","68","C0028949"
"2812","2","5","7","53","51","342","454","573","492","C0028949"
"22954","2","3","12","41","116","268","434","468","213","C0028949"
"242","2","3","5","11","142","223","142","220","298","C0028949"
"1535","2","5","7","34","52","216","395","549","674","C0028949"
"6654","2","5","7","60","54","24","30","46","72","C0028949"
"1758","2","5","7","53","51","342","454","573","492","C0028949"
"7415","2","3","7","34","52","216","395","536","445","C0028949"
"9968","2","4","3","24","119","330","214","454","144","C0028949"
"90","2","5","7","53","51","342","259","423","389","C0028949"
"4318","2","5","7","34","52","216","395","573","492","C0028949"
"3207","2","3","3","19","221","321","428","541","667","C0028949"
"6469","2","5","3","53","221","197","259","560","422","C0028949"
"9409","2","3","5","43","161","305","409","208","482","C0028960"
"2057","2","5","7","53","14","20","25","40","186","C0028960"
"4437","2","3","12","19","31","261","116","1","86","C0028960"
"6663","2","3","3","19","221","321","428","541","667","C0028960"
"5122","2","5","4","27","36","184","141","359","411","C0028960"
"9970","2","3","3","19","151","276","91","433","118","C0028960"
"2717","2","3","7","34","52","216","395","549","674","C0028960"
"51098","2","3","12","76","153","40","38","54","75","C0028960"
"6905","2","3","12","76","153","40","38","54","75","C0028960"
"7020","2","3","12","19","31","276","91","433","664","C0028960"
"79728","2","3","12","19","31","261","116","1","86","C0028960"
"22868","2","3","2","48","182","67","76","463","153","C0028960"
"9897","2","3","12","76","18","75","38","1","212","C0028960"
"10367","2","3","2","48","170","50","119","444","593","C0028960"
"5657","2","5","7","34","52","216","395","549","674","C0028960"
"3954","2","3","2","48","170","67","119","444","593","C0028960"
"7290","2","3","12","19","31","1","426","55","78","C0028961"
"3417","2","3","7","34","52","216","395","549","319","C0028961"
"8514","2","5","7","34","52","216","395","549","674","C0028961"
"1861","2","5","7","60","14","184","341","544","669","C0028961"
"6778","2","5","7","53","51","119","25","489","416","C0028961"
"7259","2","3","12","19","31","1","426","55","78","C0028961"
"50846","2","3","3","68","221","197","259","560","422","C0028961"
"7466","2","5","7","53","51","342","454","573","492","C0028961"
"1146","2","5","8","27","70","99","162","216","290","C0028968"
"2483","2","3","2","22","33","323","66","101","136","C0028968"
"9509","2","5","7","53","51","342","454","573","492","C0028968"
"23746","2","3","12","41","83","101","126","271","356","C0028968"
"788","2","3","2","45","151","199","240","415","666","C0028968"
"8481","2","3","12","76","153","40","38","54","75","C0028968"
"5805","2","3","2","43","91","75","204","267","352","C0029125"
"6335","2","5","8","63","36","166","341","390","158","C0029125"
"7468","2","3","12","19","31","1","426","55","78","C0029131"
"389015","2","3","2","45","94","199","240","519","326","C0029131"
"5449","2","3","3","19","221","321","428","541","667","C0029131"
"54820","2","3","12","76","153","40","38","54","75","C0029131"
"3284","2","3","2","69","98","169","299","183","243","C0029131"
"3295","2","3","5","43","161","305","409","208","482","C0029172"
"5189","2","3","5","43","161","305","409","208","482","C0029172"
"27030","2","3","12","19","31","1","426","55","78","C0029172"
"3207","2","3","3","19","221","321","428","541","667","C0029172"
"26608","2","3","2","22","170","50","119","463","153","C0029172"
"2263","2","5","7","53","14","20","25","40","186","C0029172"
"7124","2","3","12","41","219","339","156","568","697","C0029172"
"4860","2","3","7","34","52","216","395","549","150","C0029172"
"4855","2","5","7","53","51","143","428","236","667","C0029172"
"54487","2","3","2","22","33","323","66","101","136","C0029172"
"6324","2","5","7","63","36","166","341","223","158","C0029172"
"2556","2","5","8","27","70","99","162","216","290","C0029172"
"5728","2","3","5","80","81","339","156","568","605","C0029172"
"9401","2","3","12","76","31","261","116","1","86","C0029172"
"1581","2","3","5","19","151","276","91","433","118","C0029172"
"5396","2","3","3","19","221","321","428","541","667","C0029172"
"410","2","3","7","34","52","216","395","549","674","C0029191"
"6497","2","5","3","19","221","342","259","423","389","C0029191"
"26580","2","5","8","27","70","99","162","216","290","C0029191"
"3077","2","5","7","53","51","119","395","549","674","C0029191"
"4683","2","3","12","19","31","261","116","1","86","C0029191"
"7737","2","3","12","22","33","268","434","468","213","C0029191"
"2022","2","5","7","53","51","342","259","423","389","C0029191"
"2316","2","5","7","53","51","342","454","573","702","C0029191"
"27173","2","5","5","27","81","99","162","216","290","C0029191"
"5914","2","3","3","19","151","276","91","433","118","C0029191"
"3265","2","5","7","60","54","24","30","46","72","C0029191"
"50485","2","3","12","19","31","261","116","1","86","C0029191"
"148022","2","3","12","41","219","339","156","568","697","C0029295"
"1284","2","5","7","53","51","342","454","573","492","C0029295"
"3239","2","3","3","19","221","321","428","541","667","C0029295"
"54808","2","3","12","76","153","40","38","54","75","C0029295"
"54487","2","3","2","22","33","323","66","101","136","C0029396"
"7461","2","3","7","60","153","40","38","93","75","C0029396"
"348","2","5","7","53","51","342","454","573","492","C0029396"
"121278","2","3","5","80","81","166","307","258","345","C0029401"
"5465","2","3","3","19","151","276","91","433","118","C0029401"
"4893","2","5","7","34","52","24","30","46","72","C0029401"
"1855","2","5","12","76","153","197","259","560","422","C0029401"
"987","2","3","6","48","94","279","347","330","304","C0029401"
"23522","2","3","12","19","31","1","426","55","78","C0029401"
"1290","2","5","7","53","51","342","454","573","492","C0029401"
"23556","2","3","2","61","77","142","176","235","317","C0029401"
"9990","2","5","8","45","94","199","240","415","666","C0029410"
"9469","2","3","2","103","189","303","29","475","467","C0029410"
"5000","2","3","12","76","31","261","116","1","86","C0029410"
"2074","2","3","12","19","31","1","426","55","78","C0029410"
"2707","2","3","12","76","153","40","38","54","75","C0029410"
"27249","2","3","2","48","182","50","119","186","245","C0029410"
"10804","2","3","12","76","153","40","38","54","75","C0029411"
"2736","2","3","12","41","116","321","428","54","667","C0029411"
"3988","2","3","5","98","174","277","379","476","42","C0029421"
"3242","2","3","5","67","92","293","55","308","390","C0029421"
"6197","2","3","12","19","14","20","34","540","68","C0029423"
"672","2","3","12","19","31","261","116","1","86","C0029423"
"8820","2","3","3","19","221","321","428","541","667","C0029434"
"2972","2","3","2","19","33","261","116","159","211","C0029434"
"7076","2","5","7","53","51","342","454","573","492","C0029434"
"2263","2","5","7","53","14","20","25","40","186","C0029434"
"1349","2","3","2","48","170","110","141","359","462","C0029442"
"3265","2","5","7","60","54","24","30","46","72","C0029442"
"50846","2","3","3","68","221","197","259","560","422","C0029442"
"2643","2","3","5","87","91","75","204","267","352","C0029442"
"1588","2","3","5","79","159","256","350","27","44","C0029442"
"2006","2","5","7","53","51","342","454","573","492","C0029442"
"6622","2","3","7","27","36","150","341","223","628","C0029442"
"25894","2","5","7","60","54","24","30","46","72","C0029442"
"10661","2","3","12","19","31","1","426","55","78","C0029442"
"4914","2","3","2","22","18","266","202","252","252","C0029442"
"6714","2","5","7","53","14","20","25","40","186","C0029442"
"3897","2","5","7","53","51","335","444","560","373","C0029443"
"2719","2","5","7","53","51","342","454","573","492","C0029443"
"2702","2","3","12","76","153","40","38","54","75","C0029443"
"55624","2","3","2","78","123","194","255","215","412","C0029443"
"207","2","3","7","53","14","20","34","489","416","C0029443"
"51091","2","3","2","110","85","237","433","547","671","C0029443"
"3425","2","3","5","80","81","166","454","573","492","C0029443"
"5824","2","3","5","47","144","185","238","310","392","C0029443"
"7092","2","5","7","53","51","342","454","573","492","C0029443"
"9786","2","3","12","76","153","40","38","54","75","C0029443"
"3516","2","3","12","19","31","143","428","236","667","C0029443"
"8517","2","3","12","41","219","339","156","568","697","C0029443"
"50964","2","5","3","68","221","197","259","423","422","C0029443"
"627","2","5","7","53","51","335","444","423","373","C0029443"
"9031","2","3","12","19","31","1","426","55","78","C0029443"
"2746","2","3","2","110","62","189","182","509","356","C0029443"
"2068","2","3","12","19","31","261","116","159","211","C0029443"
"1716","2","3","2","27","36","150","221","138","188","C0029445"
"6833","2","5","8","45","36","166","240","415","666","C0029445"
"11254","2","3","8","45","94","199","240","415","666","C0029445"
"1030","2","3","12","19","31","1","426","55","78","C0029445"
"6342","2","3","5","80","161","305","409","208","482","C0029445"
"4153","2","5","7","53","51","119","395","549","674","C0029445"
"9394","2","3","2","74","58","112","148","193","263","C0029445"
"2629","2","3","5","80","81","250","291","152","420","C0029445"
"5830","2","3","5","43","161","305","409","208","482","C0029445"
"54880","2","3","12","19","31","1","426","55","78","C0029454"
"7317","2","3","12","41","116","268","434","468","213","C0029454"
"3651","2","3","3","19","221","321","428","541","667","C0029454"
"1301","2","5","7","53","51","342","454","573","492","C0029454"
"5243","2","3","12","41","116","268","423","536","445","C0029454"
"2108","2","3","2","48","170","50","119","444","556","C0029454"
"5450","2","3","12","19","221","261","116","159","211","C0029454"
"875","2","3","5","80","137","44","21","451","316","C0029454"
"3930","2","3","2","22","33","323","66","3","464","C0029454"
"9719","2","5","7","53","51","342","454","573","492","C0029454"
"3861","2","1","6","11","142","225","142","220","298","C0029454"
"2720","2","3","7","34","52","216","395","21","599","C0029454"
"54499","2","3","2","48","170","50","119","444","593","C0029455"
"4613","2","3","12","19","31","1","426","55","78","C0029455"
"175","2","3","7","34","52","216","395","549","674","C0029458"
"1415","2","3","6","63","45","160","362","177","673","C0029458"
"3043","2","5","7","34","52","216","395","549","116","C0029458"
"1593","2","3","5","79","152","273","157","333","277","C0029458"
"1311","2","5","7","53","51","342","454","573","492","C0029458"
"2067","2","3","12","19","31","261","116","1","86","C0029458"
"2161","2","5","7","68","51","119","395","549","674","C0029464"
"54820","2","3","12","76","153","40","38","54","75","C0029464"
"5602","2","3","12","19","14","150","34","540","68","C0029464"
"3257","2","5","7","60","54","24","30","46","72","C0029464"
"7782","2","5","4","68","96","326","141","359","586","C0029464"
"6235","2","3","2","110","85","237","433","547","671","C0029464"
"7138","2","5","8","63","45","23","103","464","187","C0029464"
"3891","2","1","6","11","142","225","142","220","298","C0029464"
"4313","2","5","7","53","51","342","454","573","492","C0029464"
"9215","2","5","2","27","36","150","430","215","628","C0029464"
"6497","2","5","3","19","221","342","259","423","389","C0029464"
"26040","2","3","12","19","31","1","116","297","78","C0029464"
"4851","2","3","12","19","221","143","428","236","667","C0029464"
"1536","2","5","7","34","52","216","395","549","674","C0029464"
"2239","2","3","2","74","51","342","454","573","492","C0029464"
"5053","2","3","5","80","81","166","236","308","390","C0029464"
"7051","2","1","6","11","142","225","142","220","298","C0029464"
"7374","2","3","12","19","31","261","116","1","86","C0029464"
"2260","2","5","7","53","14","20","25","40","186","C0029464"
"1723","2","3","2","48","170","50","119","444","556","C0029464"
"1027","2","3","12","19","31","1","116","1","86","C0029464"
"2719","2","5","7","53","51","342","454","573","492","C0029464"
"1776","2","5","7","105","219","261","402","129","215","C0029464"
"5956","2","5","4","68","96","326","427","548","672","C0029882"
"3119","2","5","7","53","153","119","156","287","116","C0029882"
"50940","2","3","4","68","96","326","427","548","672","C0029882"
"6925","2","3","12","19","31","225","142","220","298","C0029882"
"2071","2","3","12","19","31","261","116","159","211","C0029882"
"11127","2","3","12","76","153","40","38","54","75","C0029882"
"100","2","3","5","33","21","47","56","80","199","C0029882"
"538","2","3","8","63","45","23","103","464","187","C0029882"
"115650","2","3","12","41","219","339","156","568","697","C0029882"
"1184","2","5","8","63","45","23","34","464","187","C0029882"
"4593","2","5","7","53","14","20","454","573","492","C0029882"
"3081","2","3","2","91","51","3","267","308","429","C0029882"
"3557","2","3","12","41","219","339","156","568","697","C0029882"
"2512","2","3","7","34","52","216","395","544","358","C0029882"
"57045","2","5","7","53","51","342","259","573","492","C0029882"
"7518","2","3","12","19","31","261","116","1","86","C0029882"
"7466","2","5","7","53","51","342","454","573","492","C0029882"
"6234","2","3","2","110","85","237","433","547","671","C0029882"
"6573","2","3","5","80","81","166","369","117","583","C0029882"
"7401","2","5","7","60","83","101","126","170","224","C0029882"
"8878","2","3","12","41","219","339","156","568","697","C0029882"
"1493","2","5","7","53","51","119","25","40","186","C0029899"
"207","2","3","7","53","14","20","34","489","416","C0029899"
"23409","2","3","2","48","151","276","91","433","118","C0029928"
"11141","2","5","7","53","36","335","444","223","373","C0029928"
"9031","2","3","12","19","31","1","426","55","78","C0029928"
"3712","2","3","2","48","170","50","119","444","556","C0029944"
"1756","2","5","8","63","45","23","103","464","187","C0029944"
"3977","2","5","7","53","51","119","25","40","416","C0030044"
"1436","2","5","7","53","14","20","25","40","186","C0030044"
"440275","2","3","2","110","85","237","433","547","671","C0030044"
"54463","2","3","2","48","57","110","141","359","462","C0030044"
"7248","2","3","2","48","57","110","141","359","462","C0030044"
"4023","2","3","5","24","51","342","91","20","27","C0030044"
"7852","2","5","4","68","96","326","427","548","672","C0030044"
"488","2","5","8","63","45","23","103","464","187","C0030044"
"8626","2","3","3","19","221","321","428","541","667","C0030044"
"6342","2","3","5","80","161","305","409","208","482","C0030044"
"54902","2","3","2","48","182","50","119","444","556","C0030044"
"1413","2","3","6","63","45","160","362","177","673","C0030044"
"11041","2","3","2","27","36","150","341","223","628","C0030196"
"2033","2","3","12","19","31","1","91","433","118","C0030196"
"1031","2","3","12","19","31","1","426","55","78","C0030246"
"10273","2","3","12","41","116","268","434","468","213","C0030246"
"9487","2","3","5","80","81","142","176","235","317","C0030252"
"8450","2","3","12","41","116","268","434","468","213","C0030252"
"1513","2","5","7","53","51","342","454","573","492","C0030252"
"5605","2","5","7","53","14","20","34","540","68","C0030252"
"1129","2","5","4","68","96","326","427","548","672","C0030252"
"4729","2","3","2","48","170","50","119","444","556","C0030252"
"410","2","3","7","34","52","216","395","549","674","C0030252"
"3115","2","5","7","53","184","119","156","287","116","C0030252"
"3892","2","1","6","11","142","225","142","220","298","C0030252"
"6718","2","3","2","46","136","227","168","225","490","C0030252"
"847","2","3","7","34","52","216","395","549","674","C0030252"
"10585","2","5","2","27","206","324","430","215","290","C0030252"
"3155","2","3","5","43","161","305","409","208","482","C0030252"
"2896","2","5","7","34","52","216","395","549","674","C0030252"
"5932","2","3","12","19","31","261","116","1","86","C0030252"
"5950","2","5","7","53","51","101","126","170","224","C0030252"
"10861","2","3","2","35","142","225","142","220","673","C0030252"
"2294","2","3","3","19","221","321","428","541","667","C0030252"
"3280","2","3","12","19","31","143","428","236","667","C0030283"
"2950","2","5","7","34","52","216","395","549","674","C0030283"
"2706","2","3","12","76","153","40","38","54","75","C0030283"
"94","2","5","7","53","51","342","259","423","389","C0030283"
"2779","2","5","4","68","96","326","427","548","672","C0030286"
"25794","2","5","6","11","142","225","142","220","673","C0030286"
"1909","2","5","4","68","96","326","427","548","672","C0030286"
"7045","2","5","12","19","51","1","426","55","78","C0030286"
"1896","2","5","12","41","219","339","156","568","697","C0030286"
"3766","2","5","8","63","36","166","106","110","158","C0030286"
"10165","2","3","2","48","170","50","304","167","593","C0030286"
"5290","2","3","7","53","14","20","25","40","186","C0030286"
"6928","2","3","3","19","221","321","428","541","667","C0030293"
"1356","2","3","7","53","51","342","454","573","492","C0030293"
"11093","2","5","7","53","51","342","454","573","492","C0030293"
"9241","2","5","7","53","51","342","259","423","389","C0030293"
"57562","2","3","12","76","57","160","136","106","140","C0030293"
"6323","2","5","8","63","36","166","341","390","158","C0030293"
"774","2","5","8","63","36","166","341","390","158","C0030293"
"4247","2","3","2","68","67","320","98","180","279","C0030293"
"1414","2","5","6","11","45","160","362","177","673","C0030293"
"2353","2","3","12","19","31","1","91","489","416","C0030293"
"7040","2","5","7","53","51","342","454","573","492","C0030293"
"5095","2","3","2","48","40","130","166","127","173","C0030293"
"2815","2","5","7","53","51","342","454","573","492","C0030293"
"5015","2","3","3","19","221","321","428","541","667","C0030299"
"54209","2","5","7","53","51","119","395","549","674","C0030299"
"9401","2","3","12","76","31","261","116","1","86","C0030319"
"6899","2","5","7","53","184","335","259","560","373","C0030319"
"50964","2","5","3","68","221","197","259","423","422","C0030319"
"2200","2","5","7","53","51","342","454","573","492","C0030319"
"2066","2","5","7","53","14","20","25","40","186","C0030319"
"1308","2","5","7","53","51","119","454","573","492","C0030326"
"1235","2","5","4","68","96","326","427","548","672","C0030326"
"2658","2","5","7","53","51","342","259","423","389","C0030326"
"773","2","5","8","27","36","166","341","223","628","C0030353"
"10165","2","3","2","48","170","50","304","167","593","C0030353"
"10555","2","3","7","34","52","216","395","549","622","C0030353"
"9414","2","5","7","42","36","71","177","223","219","C0030353"
"3586","2","5","7","53","51","119","25","489","416","C0030353"
"23224","2","3","12","19","31","1","426","55","78","C0030353"
"1908","2","5","4","68","96","326","427","548","672","C0030353"
"1376","2","3","2","19","151","276","91","433","118","C0030354"
"776","2","5","8","63","36","166","341","390","158","C0030354"
"51594","2","3","7","76","153","40","38","54","75","C0030354"
"3930","2","3","2","22","33","323","66","3","464","C0030354"
"4437","2","3","12","19","31","261","116","1","86","C0030354"
"5125","2","5","6","11","51","225","142","220","298","C0030354"
"3106","2","5","7","34","52","119","395","549","674","C0030354"
"10804","2","3","12","76","153","40","38","54","75","C0030354"
"23169","2","3","2","78","205","112","430","429","544","C0030354"
"5972","2","5","5","34","52","216","397","418","568","C0030354"
"8792","2","3","12","41","219","339","156","568","697","C0030354"
"9451","2","3","2","110","51","335","226","297","380","C0030354"
"23426","2","5","7","42","36","71","177","223","219","C0030354"
"356","2","5","7","53","219","339","25","489","697","C0030354"
"4914","2","3","2","22","18","266","202","252","252","C0030354"
"5745","2","5","4","68","96","326","427","548","672","C0030354"
"4281","2","5","7","53","184","119","156","287","116","C0030354"
"6521","2","5","8","35","41","199","40","415","666","C0030354"
"2395","2","3","2","48","170","50","304","167","593","C0030354"
"8792","2","3","12","41","219","339","156","568","697","C0030354"
"8626","2","3","3","19","221","321","428","541","667","C0030354"
"4436","2","3","12","19","31","261","116","1","86","C0030354"
"7249","2","3","7","60","57","110","141","359","462","C0030354"
"23384","2","3","12","63","45","184","103","572","658","C0030354"
"3039","2","3","5","35","41","118","155","287","116","C0030354"
"2720","2","3","7","34","52","216","395","21","599","C0030421"
"10087","2","3","7","50","47","39","100","321","255","C0030421"
"55505","2","3","2","110","85","237","433","547","671","C0030421"
"1728","2","3","2","41","116","268","434","568","605","C0030421"
"4763","2","5","7","60","54","24","30","46","214","C0030421"
"3930","2","3","2","22","33","323","66","3","464","C0030421"
"8195","2","3","12","76","153","76","38","54","75","C0030436"
"2263","2","5","7","53","14","20","25","40","186","C0030436"
"4647","2","5","7","60","83","101","126","170","224","C0030436"
"2296","2","3","3","19","221","321","428","541","667","C0030436"
"3759","2","5","8","63","36","166","106","110","158","C0030436"
"6911","2","5","6","19","142","335","259","560","373","C0030436"
"5745","2","5","4","68","96","326","427","548","672","C0030436"
"1278","2","5","7","53","51","342","454","573","492","C0030446"
"54361","2","5","3","68","221","197","259","560","422","C0030446"
"1302","2","5","7","53","51","342","454","573","492","C0030486"
"2277","2","5","7","53","51","342","454","573","702","C0030486"
"6335","2","5","8","63","36","166","341","390","158","C0030486"
"5885","2","3","12","76","153","40","38","54","75","C0030486"
"2263","2","5","7","53","14","20","25","40","186","C0030486"
"215","2","3","5","47","144","185","238","310","392","C0030491"
"1188","2","5","8","63","45","23","34","464","187","C0030491"
"9640","2","3","12","19","31","261","116","159","211","C0030524"
"6785","2","3","5","67","7","5","239","311","393","C0030524"
"57492","2","3","12","19","31","1","426","55","78","C0030524"
"7042","2","5","7","53","51","342","454","573","492","C0030524"
"4601","2","3","12","76","153","40","38","54","298","C0030524"
"2122","2","3","12","19","31","1","426","55","78","C0030524"
"23503","2","3","6","11","142","225","142","220","298","C0030552"
"1278","2","5","7","53","51","342","454","573","492","C0030552"
"5073","2","3","2","110","85","323","433","146","194","C0030554"
"54986","2","3","2","110","105","178","226","297","380","C0030554"
"6329","2","5","8","63","36","166","341","390","158","C0030554"
"1280","2","5","7","53","51","342","454","573","492","C0030554"
"4952","2","3","5","60","54","184","30","544","669","C0030554"
"673","2","5","7","53","14","20","34","540","68","C0030554"
"2697","2","3","7","76","153","40","38","54","75","C0030554"
"3764","2","5","8","63","36","166","106","110","158","C0030554"
"25913","2","3","12","19","31","261","116","1","78","C0030554"
"2072","2","3","12","19","31","261","116","1","86","C0030554"
"84197","2","5","2","53","14","20","25","215","186","C0030554"
"6234","2","3","2","110","85","237","433","547","671","C0030554"
"6812","2","5","7","27","36","150","341","223","628","C0030554"
"3565","2","5","7","53","51","119","25","489","416","C0030554"
"5521","2","3","12","76","137","76","136","472","435","C0030554"
"6390","2","3","2","48","170","50","119","444","556","C0030554"
"3000","2","5","4","68","96","326","427","548","672","C0030554"
"7403","2","3","12","19","31","1","426","55","78","C0030554"
"23426","2","5","7","42","36","71","177","223","219","C0030554"
"11277","2","3","12","19","31","261","116","1","86","C0030554"
"1234","2","5","4","68","96","326","427","548","672","C0030554"
"5771","2","5","7","53","14","296","25","40","186","C0030554"
"8869","2","3","2","89","124","204","272","347","451","C0030554"
"2629","2","3","5","80","81","250","291","152","420","C0030554"
"114609","2","3","12","41","219","339","156","568","697","C0030554"
"8322","2","5","3","68","221","184","259","544","669","C0030554"
"2200","2","5","7","53","51","342","454","573","492","C0030554"
"7291","2","3","12","19","151","276","91","489","416","C0030554"
"3172","2","3","3","19","151","276","91","433","118","C0030554"
"7508","2","3","12","19","31","261","116","1","664","C0030554"
"23025","2","5","7","60","36","71","341","223","624","C0030554"
"10653","2","5","7","68","51","114","162","321","475","C0030554"
"84126","2","3","12","19","31","261","116","1","86","C0030569"
"5479","2","3","2","53","51","342","454","573","492","C0030569"
"2316","2","5","7","53","51","342","454","573","702","C0030569"
"1747","2","3","3","19","221","321","428","541","667","C0030569"
"5595","2","3","7","53","14","20","34","540","68","C0030569"
"785","2","5","8","63","36","166","106","110","158","C0030569"
"100","2","3","5","33","21","47","56","80","199","C0030569"
"1161","2","3","12","41","116","268","434","468","213","C0030578"
"1621","2","3","5","53","51","239","333","422","537","C0030578"
"11232","2","3","3","19","151","276","91","433","118","C0030578"
"5130","2","3","2","85","143","286","51","488","102","C0030578"
"7249","2","3","7","60","57","110","141","359","462","C0030578"
"658","2","5","7","53","51","342","259","423","389","C0030578"
"3295","2","3","5","43","161","305","409","208","482","C0030578"
"22856","2","3","2","78","189","303","251","320","403","C0030578"
"2731","2","3","2","106","104","214","234","67","53","C0030578"
"4359","2","5","7","53","51","342","454","573","492","C0030779"
"4000","2","3","12","26","105","178","226","297","156","C0030779"
"57817","2","5","7","34","51","342","350","243","561","C0030805"
"3736","2","5","8","63","36","166","106","110","158","C0030805"
"6786","2","5","8","63","45","23","103","464","187","C0030805"
"26608","2","3","2","22","170","50","119","463","153","C0030846"
"7249","2","3","7","60","57","110","141","359","462","C0030846"
"51314","2","3","2","76","153","178","378","54","229","C0030846"
"2990","2","3","7","34","52","216","395","549","674","C0030849"
"9791","2","3","8","45","94","199","240","415","666","C0030849"
"1026","2","3","12","19","31","1","116","489","416","C0030849"
"207","2","3","7","53","14","20","34","489","416","C0030849"
"5915","2","3","3","19","151","276","91","433","118","C0030920"
"9409","2","3","5","43","161","305","409","208","482","C0030920"
"7054","2","3","5","80","81","166","34","258","345","C0030920"
"356","2","5","7","53","219","339","25","489","697","C0030920"
"4535","2","3","2","48","170","50","119","444","556","C0030920"
"3655","2","5","7","53","51","342","454","573","492","C0030920"
"8200","2","5","7","53","51","342","259","423","389","C0030920"
"4998","2","3","12","76","31","261","116","1","86","C0030920"
"51135","2","3","12","53","219","20","156","568","697","C0030922"
"2798","2","5","4","68","96","326","427","548","672","C0030922"
"64241","2","3","5","47","144","185","238","310","392","C0031019"
"11315","2","3","2","48","170","50","399","201","229","C0031019"
"3425","2","3","5","80","81","166","454","573","492","C0031019"
"8837","2","3","12","41","219","339","156","568","697","C0031039"
"633","2","5","7","53","51","342","454","573","492","C0031039"
"8092","2","3","3","19","221","321","428","541","667","C0031039"
"51750","2","3","12","19","31","261","116","1","86","C0031039"
"7020","2","3","12","19","31","276","91","433","664","C0031039"
"9241","2","5","7","53","51","342","259","423","389","C0031039"
"4255","2","3","12","19","31","261","116","1","86","C0031039"
"1081","2","5","4","68","96","326","427","548","672","C0031046"
"54808","2","3","12","76","153","40","38","54","75","C0031046"
"8625","2","3","12","19","31","276","91","236","118","C0031046"
"50945","2","3","3","48","170","335","347","560","373","C0031090"
"7015","2","3","12","19","31","1","426","55","78","C0031090"
"673","2","5","7","53","14","20","34","540","68","C0031090"
"1278","2","5","7","53","51","342","454","573","492","C0031090"
"6229","2","3","2","110","85","237","433","547","671","C0031090"
"411","2","3","7","34","52","216","395","549","674","C0031090"
"27245","2","3","6","22","142","225","366","362","468","C0031090"
"5932","2","3","12","19","31","261","116","1","86","C0031090"
"7048","2","5","7","53","51","342","259","423","389","C0031090"
"5313","2","3","2","90","167","321","428","541","115","C0031090"
"2697","2","3","7","76","153","40","38","54","75","C0031090"
"4089","2","3","12","19","219","339","259","423","605","C0031090"
"2899","2","5","4","68","96","326","427","548","672","C0031090"
"3783","2","5","8","63","36","166","106","110","158","C0031090"
"54463","2","3","2","48","57","110","141","359","462","C0031090"
"1786","2","3","12","19","31","1","426","55","78","C0031090"
"51196","2","3","7","60","54","24","30","46","72","C0031090"
"7431","2","3","12","41","45","23","103","489","416","C0031090"
"6571","2","3","8","60","36","71","341","223","624","C0031090"
"673","2","5","7","53","14","20","34","540","68","C0031090"
"29887","2","3","7","60","18","110","141","198","270","C0031099"
"7099","2","5","7","41","219","339","156","568","697","C0031099"
"10084","2","3","2","22","33","323","66","101","136","C0031099"
"54968","2","3","2","48","170","50","119","444","556","C0031099"
"5604","2","5","7","53","14","20","34","540","68","C0031099"
"4137","2","3","7","27","36","150","341","223","628","C0031099"
"3123","2","5","7","53","51","119","156","287","116","C0031099"
"1758","2","5","7","53","51","342","454","573","492","C0031099"
"7461","2","3","7","60","153","40","38","93","75","C0031099"
"3853","2","1","6","11","142","225","142","220","298","C0031099"
"7915","2","3","5","87","39","74","191","250","285","C0031099"
"6657","2","3","12","19","221","321","428","541","667","C0031099"
"26040","2","3","12","19","31","1","116","297","78","C0031099"
"134728","2","3","12","41","219","339","156","568","697","C0031099"
"6016","2","5","7","60","54","24","30","46","72","C0031099"
"4125","2","3","7","34","52","216","395","549","674","C0031099"
"2554","2","5","8","27","70","99","162","216","290","C0031099"
"2074","2","3","12","19","31","1","426","55","78","C0031099"
"2562","2","5","8","27","70","99","162","216","290","C0031099"
"1959","2","3","3","19","151","276","91","433","118","C0031099"
"10020","2","3","2","89","124","204","42","452","258","C0031099"
"6885","2","3","12","41","219","339","156","568","697","C0031099"
"23545","2","3","5","29","88","132","85","222","346","C0031149"
"57560","2","3","12","76","153","40","38","54","75","C0031149"
"3984","2","5","7","53","14","20","34","540","68","C0031149"
"4000","2","3","12","26","105","178","226","297","156","C0031149"
"2760","2","3","7","34","52","216","395","549","674","C0031149"
"1636","2","3","5","80","81","166","397","418","568","C0031149"
"5009","2","3","2","48","97","50","304","167","593","C0031149"
"545","2","3","12","19","31","261","116","1","86","C0031149"
"54585","2","3","12","76","153","76","38","54","75","C0031149"
"50939","2","3","12","76","153","40","38","472","435","C0031149"
"867","2","5","7","53","14","184","25","40","669","C0031154"
"55699","2","3","2","110","85","67","76","252","154","C0031154"
"8517","2","3","12","41","219","339","156","568","697","C0031154"
"4070","2","5","6","42","36","71","177","64","219","C0031154"
"6557","2","5","8","45","94","199","240","415","666","C0031154"
"2879","2","3","5","80","81","166","378","173","229","C0031154"
"650","2","5","7","53","51","342","259","423","389","C0031190"
"9631","2","3","12","22","33","323","66","101","664","C0031190"
"673","2","5","7","53","14","20","34","540","68","C0031212"
"2253","2","5","7","53","14","20","25","40","186","C0031212"
"1836","2","3","2","35","41","94","260","330","375","C0031212"
"2260","2","5","7","53","14","20","25","40","186","C0031212"
"2697","2","3","7","76","153","40","38","54","75","C0031212"
"23118","2","3","12","41","219","339","156","568","697","C0031212"
"10735","2","3","12","76","153","40","38","54","75","C0031212"
"27245","2","3","6","22","142","225","366","362","468","C0031256"
"3756","2","5","8","63","36","166","106","110","158","C0031256"
"3854","2","1","6","11","142","225","142","220","298","C0031256"
"7249","2","3","7","60","57","110","141","359","462","C0031256"
"1294","2","5","7","53","51","342","454","573","492","C0031256"
"2629","2","3","5","80","81","250","291","152","420","C0031256"
"6356","2","5","7","53","51","326","427","489","416","C0031256"
"23414","2","3","12","19","31","118","155","287","116","C0031256"
"176","2","5","7","53","51","342","454","573","492","C0031256"
"3977","2","5","7","53","51","119","25","40","416","C0031256"
"23436","2","5","7","68","51","119","395","549","674","C0031256"
"6391","2","3","2","48","170","50","119","444","556","C0031256"
"2200","2","5","7","53","51","342","454","573","492","C0031256"
"7132","2","3","12","41","219","339","156","568","697","C0031269"
"10370","2","3","12","19","31","276","91","433","118","C0031269"
"189","2","3","5","43","161","305","409","208","482","C0031347"
"5913","2","5","7","27","36","71","341","223","219","C0031347"
"5345","2","5","7","53","51","342","454","573","702","C0031391"
"673","2","5","7","53","14","20","34","540","68","C0031391"
"3845","2","5","7","60","54","24","30","46","72","C0031391"
"7450","2","5","7","53","51","342","454","573","492","C0031391"
"215","2","3","5","47","144","185","238","310","392","C0031391"
"2969","2","3","12","19","31","276","91","433","118","C0031391"
"2245","2","5","7","60","54","24","30","46","72","C0031391"
"2672","2","3","3","19","221","321","259","423","389","C0031485"
"4694","2","3","2","48","170","50","119","444","556","C0031485"
"5336","2","3","7","53","14","20","25","40","215","C0031511"
"811","2","3","2","41","116","342","423","536","342","C0031511"
"5308","2","3","3","19","221","321","428","541","667","C0031511"
"324","2","3","12","41","219","197","70","255","422","C0031511"
"168507","2","5","7","53","51","335","444","560","373","C0031511"
"8086","2","3","12","22","33","323","66","101","664","C0031511"
"2395","2","3","2","48","170","50","304","167","593","C0031511"
"1896","2","5","12","41","219","339","156","568","697","C0031511"
"1544","2","3","5","91","214","271","372","471","586","C0031511"
"2972","2","3","2","19","33","261","116","159","211","C0031511"
"950","2","5","7","60","14","184","341","544","669","C0031511"
"4015","2","5","7","53","51","342","454","573","492","C0031511"
"6197","2","3","12","19","14","20","34","540","68","C0031511"
"3766","2","5","8","63","36","166","106","110","158","C0031511"
"5148","2","3","4","68","45","272","259","518","621","C0031511"
"10312","2","3","7","34","52","216","395","549","674","C0031511"
"1311","2","5","7","53","51","342","454","573","492","C0031511"
"23095","2","3","7","76","153","40","38","54","75","C0031511"
"7456","2","5","7","60","14","20","25","40","215","C0031575"
"348","2","5","7","53","51","342","454","573","492","C0031575"
"5970","2","3","12","19","31","276","91","433","118","C0031900"
"10908","2","3","2","97","173","275","377","473","592","C0031900"
"55172","2","5","7","27","36","150","341","223","628","C0031900"
"836","2","3","12","41","219","339","402","489","697","C0031900"
"1786","2","3","12","19","31","1","426","55","78","C0031900"
"7248","2","3","2","48","57","110","141","359","462","C0031900"
"1026","2","3","12","19","31","1","116","489","416","C0031900"
"2719","2","5","7","53","51","342","454","573","492","C0031900"
"2626","2","3","12","19","31","118","155","287","116","C0031900"
"4668","2","3","5","21","111","188","242","313","396","C0031900"
"22802","2","5","8","63","45","23","34","464","187","C0031900"
"5468","2","3","3","19","151","276","91","433","118","C0032000"
"2778","2","5","4","68","96","326","427","548","672","C0032000"
"7412","2","5","7","53","51","119","454","287","116","C0032000"
"26277","2","3","12","19","31","1","426","1","78","C0032000"
"9227","2","3","2","69","51","101","126","170","224","C0032000"
"4000","2","3","12","26","105","178","226","297","156","C0032000"
"5447","2","3","5","91","214","271","372","471","586","C0032019"
"2260","2","5","7","53","14","20","25","40","186","C0032019"
"3440","2","3","12","19","184","118","155","287","116","C0032019"
"8842","2","5","5","53","82","147","184","179","328","C0032019"
"4920","2","5","7","53","14","20","259","560","373","C0032019"
"25939","2","3","12","53","184","119","156","287","116","C0032019"
"3977","2","5","7","53","51","119","25","40","416","C0032045"
"25942","2","3","12","19","31","1","426","55","78","C0032045"
"26012","2","3","12","19","31","261","116","159","211","C0032045"
"9469","2","3","2","103","189","303","29","475","467","C0032045"
"421","2","5","7","42","51","335","444","560","373","C0032209"
"4255","2","3","12","19","31","261","116","1","86","C0032209"
"567","2","5","7","34","52","119","395","549","674","C0032209"
"6997","2","5","3","53","221","321","259","423","389","C0032209"
"617","2","3","2","48","170","50","304","167","593","C0032209"
"5627","2","5","7","53","51","342","454","573","702","C0032209"
"9990","2","5","8","45","94","199","240","415","666","C0032209"
"3552","2","3","12","53","51","119","156","489","416","C0032209"
"2022","2","5","7","53","51","342","259","423","389","C0032209"
"4968","2","3","12","19","31","261","116","1","86","C0032209"
"8799","2","3","5","43","161","305","409","208","482","C0032209"
"3373","2","3","5","80","51","342","454","573","492","C0032209"
"23414","2","3","12","19","31","118","155","287","116","C0032209"
"2255","2","5","7","53","14","20","25","40","186","C0032226"
"701","2","3","12","76","153","40","38","54","75","C0032226"
"1373","2","3","8","84","97","167","210","271","536","C0032226"
"5792","2","5","7","53","51","335","444","560","373","C0032226"
"2556","2","5","8","27","70","99","162","216","290","C0032226"
"3845","2","5","7","60","54","24","30","46","72","C0032226"
"5506","2","3","12","76","137","76","136","82","658","C0032226"
"5443","2","5","4","68","96","326","427","548","672","C0032226"
"9657","2","3","12","76","153","40","38","54","75","C0032226"
"538","2","3","8","63","45","23","103","464","187","C0032226"
"1294","2","5","7","53","51","342","454","573","492","C0032227"
"1719","2","3","2","76","153","40","116","54","75","C0032227"
"4843","2","3","5","43","161","305","409","489","416","C0032227"
"1910","2","5","4","68","96","326","427","548","672","C0032227"
"4901","2","5","3","19","151","276","91","433","673","C0032227"
"5290","2","3","7","53","14","20","25","40","186","C0032227"
"4692","2","5","7","53","51","119","402","489","416","C0032229"
"2006","2","5","7","53","51","342","454","573","492","C0032229"
"7168","2","5","8","63","45","23","103","464","187","C0032231"
"10512","2","5","3","53","51","342","79","560","373","C0032231"
"6648","2","3","2","95","151","160","378","173","229","C0032231"
"2879","2","3","5","80","81","166","378","173","229","C0032231"
"8626","2","3","3","19","221","321","428","541","667","C0032231"
"2239","2","3","2","74","51","342","454","573","492","C0032231"
"8514","2","5","7","34","52","216","395","549","674","C0032231"
"5993","2","3","12","19","31","1","426","55","78","C0032231"
"9215","2","5","2","27","36","150","430","215","628","C0032273"
"10456","2","3","2","41","170","150","304","167","593","C0032273"
"51082","2","3","2","19","31","1","426","55","78","C0032273"
"5573","2","3","12","19","184","118","155","287","116","C0032273"
"2321","2","5","7","53","14","20","25","40","186","C0032273"
"9368","2","5","7","42","36","71","177","223","219","C0032273"
"338","2","5","7","53","51","342","454","573","492","C0032273"
"26608","2","3","2","22","170","50","119","463","153","C0032273"
"54503","2","3","12","41","219","339","156","568","697","C0032273"
"9361","2","3","2","48","170","50","119","444","556","C0032273"
"4921","2","5","7","53","14","20","25","573","186","C0032273"
"1406","2","3","3","19","221","321","428","541","667","C0032273"
"5913","2","5","7","27","36","71","341","223","219","C0032273"
"4000","2","3","12","26","105","178","226","297","156","C0032273"
"26580","2","5","8","27","70","99","162","216","290","C0032290"
"1073","2","3","8","63","45","184","103","572","658","C0032290"
"6550","2","3","2","45","94","199","240","415","163","C0032326"
"8260","2","3","12","41","85","266","76","287","78","C0032326"
"26137","2","5","7","63","45","184","103","572","658","C0032326"
"3872","2","1","6","11","142","225","142","220","298","C0032326"
"4524","2","3","2","15","166","104","369","117","583","C0032326"
"3479","2","5","7","53","51","342","454","573","492","C0032326"
"10397","2","3","2","110","81","148","402","51","383","C0032326"
"3553","2","5","7","53","51","119","25","489","416","C0032461"
"338","2","5","7","53","51","342","454","573","492","C0032461"
"212","2","3","2","67","92","293","55","487","116","C0032461"
"51251","2","3","5","80","81","296","62","94","150","C0032461"
"7157","2","3","12","19","31","261","402","489","551","C0032461"
"4852","2","5","4","68","96","326","427","548","672","C0032461"
"2328","2","3","5","91","214","226","326","413","530","C0032461"
"5176","2","5","7","53","51","342","454","573","492","C0032461"
"6716","2","3","2","69","98","169","299","50","494","C0032461"
"5940","2","3","2","22","33","323","66","101","136","C0032461"
"538","2","3","8","63","45","23","103","464","187","C0032461"
"8625","2","3","12","19","31","276","91","236","118","C0032461"
"50485","2","3","12","19","31","261","116","1","86","C0032463"
"4920","2","5","7","53","14","20","259","560","373","C0032463"
"2290","2","3","3","19","221","321","428","541","667","C0032463"
"51008","2","3","12","19","31","276","91","433","118","C0032463"
"2492","2","5","4","68","96","326","427","548","672","C0032463"
"27077","2","3","12","76","153","40","38","54","75","C0032463"
"1410","2","3","12","63","45","23","38","54","187","C0032578"
"6331","2","5","8","63","36","166","341","223","158","C0032578"
"7468","2","3","12","19","31","1","426","55","78","C0032578"
"5378","2","3","12","19","31","261","116","1","86","C0032578"
"5373","2","3","2","90","167","123","158","207","278","C0032580"
"9215","2","5","2","27","36","150","430","215","628","C0032580"
"7809","2","5","8","63","45","23","34","464","187","C0032580"
"6949","2","3","2","110","85","237","164","390","311","C0032580"
"5020","2","5","4","68","96","326","427","548","672","C0032580"
"10806","2","3","12","76","153","40","38","54","75","C0032580"
"6834","2","3","2","48","170","50","119","444","556","C0032580"
"10535","2","3","12","76","153","40","38","54","75","C0032580"
"26277","2","3","12","19","31","1","426","1","78","C0032580"
"4318","2","5","7","34","52","216","395","573","492","C0032580"
"4125","2","3","7","34","52","216","395","549","674","C0032580"
"285848","2","3","12","34","137","76","136","472","435","C0032580"
"3030","2","3","2","48","57","339","44","65","31","C0032580"
"4688","2","5","7","60","14","20","25","40","215","C0032580"
"7048","2","5","7","53","51","342","259","423","389","C0032617"
"54332","2","3","2","60","170","40","98","66","203","C0032617"
"8139","2","3","12","41","116","268","434","468","213","C0032617"
"5781","2","5","7","53","14","20","25","40","186","C0032617"
"885","2","5","4","68","96","326","427","548","672","C0032617"
"9992","2","5","8","63","36","166","341","110","158","C0032617"
"9131","2","3","12","41","219","339","347","271","356","C0032617"
"6792","2","5","7","53","14","20","34","540","68","C0032617"
"4810","2","3","2","76","57","110","444","560","373","C0032617"
"51741","2","3","2","22","33","323","66","101","127","C0032617"
"5979","2","5","7","53","14","20","25","40","186","C0032617"
"2261","2","5","7","53","14","20","25","40","186","C0032617"
"1497","2","5","2","63","182","50","103","297","628","C0032617"
"8074","2","5","7","53","14","20","25","40","186","C0032617"
"701","2","3","12","76","153","40","38","54","75","C0032617"
"2263","2","5","7","53","14","20","25","40","186","C0032617"
"5160","2","3","2","67","92","293","55","75","311","C0032617"
"5130","2","3","2","85","143","286","51","488","102","C0032617"
"51360","2","3","3","26","35","276","91","433","203","C0032617"
"23363","2","3","12","41","116","268","434","468","213","C0032617"
"8200","2","5","7","53","51","342","259","423","389","C0032617"
"53335","2","3","12","19","31","1","426","55","78","C0032617"
"8036","2","5","7","60","54","296","399","359","658","C0032617"
"4337","2","3","2","80","91","75","204","267","352","C0032768"
"3047","2","3","12","19","31","118","155","287","116","C0032768"
"213","2","5","7","53","51","342","454","573","492","C0032768"
"3300","2","3","12","41","116","268","347","271","356","C0032787"
"1298","2","5","7","53","51","342","454","573","492","C0032787"
"5621","2","5","8","27","36","342","454","573","628","C0032787"
"2760","2","3","7","34","52","216","395","549","674","C0032787"
"5618","2","5","7","53","51","119","25","40","186","C0032897"
"4292","2","3","12","19","31","261","116","1","86","C0032897"
"51626","2","3","12","76","153","40","38","54","75","C0032897"
"55630","2","3","5","27","81","99","162","216","290","C0032914"
"26040","2","3","12","19","31","1","116","297","78","C0032914"
"10019","2","5","7","53","14","20","25","40","116","C0032914"
"4089","2","3","12","19","219","339","259","423","605","C0032914"
"5476","2","3","7","34","52","216","395","152","310","C0032914"
"3106","2","5","7","34","52","119","395","549","674","C0032914"
"6440","2","5","5","68","96","185","238","310","272","C0032914"
"2812","2","5","7","53","51","342","454","573","492","C0032914"
"4000","2","3","12","26","105","178","226","297","156","C0032914"
"1437","2","5","7","53","14","20","25","40","186","C0032914"
"3955","2","5","8","89","124","143","428","236","667","C0032914"
"5979","2","5","7","53","14","20","25","40","186","C0032914"
"5605","2","5","7","53","14","20","34","540","68","C0032914"
"56997","2","3","2","48","170","50","119","444","556","C0032914"
"2332","2","3","2","22","33","71","373","466","609","C0032914"
"3764","2","5","8","63","36","166","106","110","158","C0032914"
"10243","2","3","2","27","91","71","204","267","352","C0032914"
"54209","2","5","7","53","51","119","395","549","674","C0032914"
"2353","2","3","12","19","31","1","91","489","416","C0032914"
"1420","2","3","6","63","45","160","362","177","673","C0032914"
"23594","2","3","12","76","153","261","116","1","86","C0032914"
"1736","2","3","2","110","85","237","433","547","671","C0032914"
"26229","2","3","2","74","205","191","396","408","257","C0032962"
"37","2","3","2","110","105","178","226","297","380","C0032962"
"3973","2","5","4","68","96","326","427","548","672","C0032962"
"2022","2","5","7","53","51","342","259","423","389","C0032963"
"9082","2","3","12","19","31","286","51","488","102","C0032963"
"8869","2","3","2","89","124","204","272","347","451","C0032963"
"6775","2","5","7","53","14","119","25","40","186","C0032963"
"5824","2","3","5","47","144","185","238","310","392","C0033054"
"5604","2","5","7","53","14","20","34","540","68","C0033054"
"8291","2","5","8","63","45","23","103","464","187","C0033054"
"23090","2","3","12","19","151","276","91","433","118","C0033054"
"4318","2","5","7","34","52","216","395","573","492","C0033054"
"5727","2","3","12","68","221","197","259","560","422","C0033054"
"4854","2","5","7","53","51","143","428","236","667","C0033054"
"2677","2","5","7","53","51","342","454","573","492","C0033054"
"6913","2","3","3","19","221","321","428","541","667","C0033054"
"2261","2","5","7","53","14","20","25","40","186","C0033054"
"29954","2","5","2","27","206","324","430","215","290","C0033300"
"7291","2","3","12","19","151","276","91","489","416","C0033300"
"1717","2","3","2","19","151","276","48","69","204","C0033300"
"23384","2","3","12","63","45","184","103","572","658","C0033300"
"3949","2","5","7","60","14","184","341","544","669","C0033300"
"8086","2","3","12","22","33","323","66","101","664","C0033375"
"6606","2","3","2","22","33","323","66","101","136","C0033375"
"23363","2","3","12","41","116","268","434","468","213","C0033375"
"2138","2","3","12","19","31","1","426","55","78","C0033375"
"7422","2","5","7","53","51","342","454","573","702","C0033375"
"3764","2","5","8","63","36","166","106","110","158","C0033375"
"6899","2","5","7","53","184","335","259","560","373","C0033375"
"60401","2","3","12","41","219","339","156","568","697","C0033375"
"5015","2","3","3","19","221","321","428","541","667","C0033375"
"2040","2","5","7","34","52","216","395","549","674","C0033375"
"440275","2","3","2","110","85","237","433","547","671","C0033581"
"7040","2","5","7","53","51","342","454","573","492","C0033581"
"9244","2","5","7","53","51","119","25","40","416","C0033581"
"10617","2","3","12","48","57","110","141","359","462","C0033626"
"1031","2","3","12","19","31","1","426","55","78","C0033626"
"7132","2","3","12","41","219","339","156","568","697","C0033626"
"8086","2","3","12","22","33","323","66","101","664","C0033680"
"779","2","5","8","63","36","166","341","390","158","C0033680"
"7390","2","3","5","80","81","166","132","175","473","C0033680"
"60482","2","5","8","45","94","199","240","415","666","C0033790"
"3930","2","3","2","22","33","323","66","3","464","C0033790"
"5159","2","5","7","53","14","20","25","40","186","C0033790"
"7248","2","3","2","48","57","110","141","359","462","C0033790"
"10013","2","3","12","19","31","143","91","236","311","C0033805"
"1896","2","5","12","41","219","339","156","568","697","C0033805"
"55612","2","5","7","60","36","71","177","560","701","C0033805"
"5189","2","3","5","43","161","305","409","208","482","C0033805"
"2670","2","5","7","27","36","150","341","223","628","C0033805"
"10020","2","3","2","89","124","204","42","452","258","C0033805"
"7096","2","5","9","70","100","238","156","568","536","C0033805"
"3594","2","5","7","53","51","119","25","560","373","C0033805"
"23503","2","3","6","11","142","225","142","220","298","C0033805"
"51807","2","3","12","76","153","40","38","54","75","C0033805"
"10479","2","5","7","27","36","150","341","223","628","C0033806"
"10083","2","5","7","42","36","71","177","223","219","C0033806"
"657","2","5","7","53","221","342","259","423","389","C0033806"
"1029","2","3","12","19","31","1","116","1","664","C0033806"
"5428","2","3","2","48","170","50","119","167","593","C0033847"
"4487","2","3","3","19","221","321","428","541","667","C0033847"
"10908","2","3","2","97","173","275","377","473","592","C0033847"
"4352","2","5","7","53","14","20","25","40","186","C0033847"
"6913","2","3","3","19","221","321","428","541","667","C0033922"
"9897","2","3","12","76","18","75","38","1","212","C0033922"
"2629","2","3","5","80","81","250","291","152","420","C0033922"
"6496","2","3","3","19","221","321","428","541","667","C0033922"
"5979","2","5","7","53","14","20","25","40","186","C0033922"
"6892","2","3","12","41","116","119","156","568","116","C0033922"
"3674","2","5","7","53","51","342","454","573","492","C0033922"
"2316","2","5","7","53","51","342","454","573","702","C0033937"
"3766","2","5","8","63","36","166","106","110","158","C0033937"
"546","2","3","12","19","31","261","426","1","86","C0033937"
"695","2","5","7","53","14","20","25","40","186","C0033937"
"54903","2","3","12","76","153","40","38","54","75","C0033937"
"7015","2","3","12","19","31","1","426","55","78","C0033937"
"6736","2","3","12","19","31","276","91","433","667","C0033937"
"3329","2","3","2","48","170","50","304","167","593","C0033937"
"1571","2","3","5","91","214","271","372","471","26","C0033937"
"715","2","5","7","53","51","119","395","549","674","C0033941"
"7508","2","3","12","19","31","261","116","1","664","C0033941"
"54585","2","3","12","76","153","76","38","54","75","C0033941"
"1749","2","3","3","19","221","321","428","541","667","C0033941"
"351","2","5","4","68","96","326","188","145","193","C0033941"
"50943","2","3","12","19","31","1","426","129","131","C0033941"
"5831","2","3","2","101","62","189","182","566","409","C0033941"
"9632","2","3","7","60","153","40","38","54","203","C0033941"
"5566","2","3","12","76","14","20","34","540","75","C0033941"
"3508","2","3","12","19","31","261","116","1","86","C0033941"
"2290","2","3","3","19","221","321","428","541","667","C0033941"
"4519","2","3","2","48","170","50","119","508","312","C0033941"
"4878","2","3","12","19","31","1","426","55","78","C0033941"
"3767","2","5","8","63","36","166","106","110","158","C0033941"
"1300","2","5","7","53","51","342","454","573","492","C0033941"
"6868","2","5","7","53","51","342","454","236","492","C0033941"
"51151","2","3","5","23","18","138","250","332","407","C0033941"
"6239","2","3","12","19","119","330","214","454","144","C0033953"
"57167","2","3","12","19","31","1","426","55","78","C0033953"
"6011","2","5","7","53","14","20","34","540","68","C0033953"
"1021","2","3","12","19","31","1","426","55","78","C0033953"
"4688","2","5","7","60","14","20","25","40","215","C0033953"
"10939","2","3","2","48","170","50","119","444","593","C0033953"
"5080","2","3","3","19","221","321","428","541","667","C0033999"
"51025","2","3","2","48","170","50","304","167","593","C0033999"
"29887","2","3","7","60","18","110","141","198","270","C0033999"
"2261","2","5","7","53","14","20","25","40","186","C0034013"
"26227","2","3","2","41","137","44","208","81","108","C0034013"
"53339","2","3","12","41","116","268","434","468","213","C0034013"
"1440","2","5","7","53","51","119","25","489","416","C0034013"
"1031","2","3","12","19","31","1","426","55","78","C0034013"
"4209","2","3","3","19","151","276","91","433","118","C0034013"
"5130","2","3","2","85","143","286","51","488","102","C0034013"
"6862","2","5","3","53","51","335","259","560","373","C0034013"
"2775","2","5","4","68","36","150","341","223","628","C0034013"
"1145","2","5","8","27","70","99","162","216","290","C0034013"
"54880","2","3","12","19","31","1","426","55","78","C0034013"
"547","2","3","7","76","153","40","38","54","75","C0034013"
"2157","2","5","7","53","51","342","454","573","702","C0034013"
"3481","2","5","7","53","51","342","454","573","492","C0034013"
"5727","2","3","12","68","221","197","259","560","422","C0034013"
"5592","2","5","4","53","14","20","34","540","68","C0034013"
"1186","2","5","8","63","45","23","34","464","187","C0034013"
"547","2","3","7","76","153","40","38","54","75","C0034013"
"2074","2","3","12","19","31","1","426","55","78","C0034013"
"4625","2","3","8","63","45","23","103","464","187","C0034013"
"50937","2","5","7","53","51","335","444","560","373","C0034013"
"7468","2","3","12","19","31","1","426","55","78","C0034013"
"26503","2","3","2","89","124","204","272","347","442","C0034013"
"2778","2","5","4","68","96","326","427","548","672","C0034013"
"5351","2","5","7","53","51","342","454","573","492","C0034013"
"760","2","3","5","35","41","77","40","78","178","C0034013"
"10269","2","3","2","48","182","50","119","444","556","C0034013"
"7290","2","3","12","19","31","1","426","55","78","C0034050"
"1280","2","5","7","53","51","342","454","573","492","C0034050"
"4853","2","3","12","19","124","143","428","236","667","C0034050"
"1760","2","5","8","63","14","20","34","540","68","C0034050"
"10913","2","3","12","41","219","339","156","568","697","C0034050"
"1103","2","3","2","67","92","293","55","75","311","C0034050"
"9939","2","3","2","22","33","323","66","101","136","C0034063"
"30061","2","3","5","25","44","165","101","274","358","C0034063"
"355","2","3","7","41","219","339","156","568","697","C0034063"
"6524","2","5","8","45","94","199","240","415","666","C0034063"
"9150","2","3","12","19","31","261","116","159","211","C0034063"
"2703","2","3","12","76","153","40","38","54","75","C0034063"
"2896","2","5","7","34","52","216","395","549","674","C0034063"
"4214","2","3","12","41","219","339","34","540","117","C0034065"
"6473","2","3","3","19","221","321","428","541","667","C0034065"
"26608","2","3","2","22","170","50","119","463","153","C0034065"
"4088","2","3","12","19","219","339","259","423","605","C0034065"
"4088","2","3","12","19","219","339","259","423","605","C0034065"
"842","2","3","12","41","219","339","156","568","697","C0034065"
"4254","2","5","7","53","14","20","25","40","186","C0034065"
"5873","2","5","7","34","54","24","30","46","72","C0034065"
"1950","2","5","7","53","14","20","25","40","186","C0034065"
"25915","2","3","2","48","170","50","119","444","556","C0034065"
"1584","2","3","5","79","159","256","276","353","456","C0034065"
"1366","2","5","6","42","36","71","177","64","219","C0034065"
"6690","2","5","7","68","51","119","395","549","674","C0034065"
"5146","2","3","5","86","72","258","318","403","518","C0034065"
"6663","2","3","3","19","221","321","428","541","667","C0034065"
"5573","2","3","12","19","184","118","155","287","116","C0034065"
"23411","2","3","12","19","31","1","91","433","118","C0034065"
"51314","2","3","2","76","153","178","378","54","229","C0034065"
"4247","2","3","2","68","67","320","98","180","279","C0034065"
"3852","2","1","6","11","142","225","142","220","298","C0034065"
"3868","2","1","6","11","142","225","142","220","298","C0034065"
"796","2","5","4","68","96","326","427","548","672","C0034067"
"3561","2","5","7","53","14","20","25","40","186","C0034067"
"673","2","5","7","53","14","20","34","540","68","C0034067"
"26762","2","5","7","53","51","119","395","549","674","C0034067"
"2200","2","5","7","53","51","342","454","573","492","C0034067"
"2710","2","3","2","72","43","179","88","125","382","C0034067"
"3543","2","5","7","53","51","119","395","549","674","C0034067"
"55651","2","3","2","110","85","237","433","547","671","C0034067"
"8481","2","3","12","76","153","40","38","54","75","C0034067"
"5032","2","5","4","68","96","326","427","548","672","C0034067"
"182","2","5","7","53","51","143","428","236","667","C0034067"
"2077","2","3","12","76","153","40","38","54","75","C0034067"
"2077","2","3","12","76","153","40","38","54","75","C0034067"
"2072","2","3","12","19","31","261","116","1","86","C0034067"
"7436","2","5","7","53","51","342","341","544","669","C0034067"
"1959","2","3","3","19","151","276","91","433","118","C0034067"
"83706","2","5","7","53","51","342","454","573","702","C0034067"
"2318","2","5","7","53","45","23","103","464","187","C0034067"
"2317","2","5","7","63","45","23","103","287","664","C0034067"
"4915","2","5","7","53","14","20","25","40","186","C0034067"
"2161","2","5","7","68","51","119","395","549","674","C0034067"
"5340","2","5","7","53","51","342","454","573","492","C0034067"
"51062","2","5","7","27","36","150","402","489","373","C0034067"
"2776","2","5","4","68","96","326","427","548","672","C0034072"
"1028","2","3","12","19","31","1","116","1","86","C0034072"
"4318","2","5","7","34","52","216","395","573","492","C0034072"
"5019","2","3","2","67","92","293","55","75","311","C0034088"
"1301","2","5","7","53","51","342","454","573","492","C0034088"
"2798","2","5","4","68","96","326","427","548","672","C0034088"
"6521","2","5","8","35","41","199","40","415","666","C0034088"
"2033","2","3","12","19","31","1","91","433","118","C0034088"
"1487","2","3","12","19","31","1","426","55","340","C0034091"
"55630","2","3","5","27","81","99","162","216","290","C0034091"
"84530","2","5","2","22","33","323","66","101","136","C0034150"
"5293","2","3","7","53","14","20","25","40","186","C0034150"
"2147","2","5","7","68","51","342","454","573","492","C0034150"
"4322","2","5","7","53","51","342","454","573","492","C0034150"
"158","2","3","4","96","177","61","373","341","142","C0034150"
"1419","2","3","6","63","45","160","362","177","673","C0034150"
"9321","2","3","12","76","153","40","38","54","203","C0034150"
"5009","2","3","2","48","97","50","304","167","593","C0034150"
"2969","2","3","12","19","31","276","91","433","118","C0034150"
"2208","2","5","7","53","51","119","25","489","416","C0034150"
"7276","2","5","7","34","52","216","395","549","674","C0034150"
"2261","2","5","7","53","14","20","25","40","186","C0034150"
"4853","2","3","12","19","124","143","428","236","667","C0034150"
"4790","2","3","7","34","52","216","166","129","697","C0034150"
"4536","2","3","2","48","170","50","119","444","556","C0034150"
"5396","2","3","3","19","221","321","428","541","667","C0034150"
"2332","2","3","2","22","33","71","373","466","609","C0034150"
"1410","2","3","12","63","45","23","38","54","187","C0034150"
"7403","2","3","12","19","31","1","426","55","78","C0034150"
"1776","2","5","7","105","219","261","402","129","215","C0034150"
"5723","2","3","5","80","81","44","208","81","108","C0034150"
"2316","2","5","7","53","51","342","454","573","702","C0034150"
"7439","2","5","8","63","45","23","34","464","187","C0034150"
"6591","2","3","12","19","31","1","426","55","78","C0034150"
"3851","2","3","12","76","153","40","38","54","75","C0034150"
"5447","2","3","5","91","214","271","372","471","586","C0034150"
"29893","2","3","12","19","31","1","426","55","78","C0034150"
"3630","2","5","7","53","14","20","25","40","186","C0034152"
"6277","2","3","12","34","52","216","202","572","462","C0034152"
"1482","2","3","3","19","221","321","428","541","667","C0034155"
"25913","2","3","12","19","31","261","116","1","78","C0034155"
"54919","2","3","2","41","96","279","304","370","257","C0034155"
"2074","2","3","12","19","31","1","426","55","78","C0034155"
"6440","2","5","5","68","96","185","238","310","272","C0034186"
"796","2","5","4","68","96","326","427","548","672","C0034186"
"6144","2","3","2","110","85","237","433","547","671","C0034186"
"1545","2","3","5","91","175","271","372","443","558","C0034212"
"3248","2","3","2","69","83","133","167","224","301","C0034212"
"2296","2","3","3","19","221","321","428","541","667","C0034212"
"1120","2","3","2","85","143","286","51","488","102","C0034345"
"2717","2","3","7","34","52","216","395","549","674","C0034345"
"1815","2","5","4","68","96","326","427","548","672","C0034362"
"100","2","3","5","33","21","47","56","80","199","C0034362"
"4598","2","3","2","19","151","276","198","259","427","C0034362"
"6347","2","5","7","53","51","119","427","489","416","C0034362"
"9342","2","5","7","34","52","216","395","549","674","C0034362"
"135228","2","5","7","53","51","342","454","573","702","C0034372"
"5741","2","5","4","68","96","326","427","548","672","C0034372"
"3981","2","3","12","19","31","261","116","1","86","C0034372"
"1113","2","5","7","34","157","226","350","243","561","C0034372"
"56244","2","5","7","53","51","119","395","549","674","C0034372"
"9939","2","3","2","22","33","323","66","101","136","C0034372"
"9096","2","5","7","53","51","335","259","560","373","C0034372"
"8013","2","3","3","19","151","276","91","433","118","C0034372"
"546","2","3","12","19","31","261","426","1","86","C0034372"
"841","2","3","12","41","219","339","156","568","697","C0034372"
"4914","2","3","2","22","18","266","202","252","252","C0034734"
"1716","2","3","2","27","36","150","221","138","188","C0034734"
"4256","2","5","7","53","51","342","454","573","492","C0034734"
"2625","2","3","12","19","31","339","155","287","116","C0034880"
"6663","2","3","3","19","221","321","428","541","667","C0034880"
"9499","2","5","7","53","51","23","103","464","187","C0034880"
"5657","2","5","7","34","52","216","395","549","674","C0034880"
"9131","2","3","12","41","219","339","347","271","356","C0034880"
"51119","2","3","2","110","85","237","433","547","671","C0034880"
"120","2","5","2","63","182","50","103","297","628","C0034880"
"10743","2","3","3","19","151","276","91","433","118","C0034880"
"4524","2","3","2","15","166","104","369","117","583","C0034880"
"4512","2","3","2","48","170","110","141","359","8","C0034880"
"5075","2","3","3","19","221","321","428","541","667","C0034880"
"3265","2","5","7","60","54","24","30","46","72","C0034885"
"3758","2","5","8","63","36","166","106","110","158","C0034885"
"805","2","5","8","53","45","20","34","464","187","C0034885"
"7046","2","3","12","41","219","339","259","423","605","C0034885"
"5824","2","3","5","47","144","185","238","310","392","C0034885"
"538","2","3","8","63","45","23","103","464","187","C0034885"
"3094","2","3","2","48","170","266","367","500","78","C0034885"
"54209","2","5","7","53","51","119","395","549","674","C0034885"
"7466","2","5","7","53","51","342","454","573","492","C0034885"
"6875","2","3","12","19","31","261","116","159","211","C0034885"
"7473","2","5","3","68","221","197","259","560","422","C0034885"
"153090","2","5","7","60","54","24","30","46","72","C0034885"
"3636","2","3","5","80","14","20","25","40","186","C0034885"
"9241","2","5","7","53","51","342","259","423","389","C0034885"
"22897","2","3","12","76","153","40","38","54","75","C0034885"
"5015","2","3","3","19","221","321","428","541","667","C0034885"
"10300","2","3","12","76","153","40","38","54","75","C0034885"
"3558","2","5","7","53","14","20","25","40","186","C0034885"
"10491","2","5","7","53","51","342","454","573","492","C0034888"
"5896","2","3","12","41","116","268","434","568","605","C0034888"
"57822","2","3","12","19","31","1","426","55","78","C0034888"
"8878","2","3","12","41","219","339","156","568","697","C0034888"
"6913","2","3","3","19","221","321","428","541","667","C0034888"
"1299","2","5","7","53","51","342","454","573","492","C0034888"
"2720","2","3","7","34","52","216","395","21","599","C0034888"
"2767","2","5","4","68","96","326","427","548","672","C0034888"
"4645","2","3","4","67","92","293","55","75","311","C0034895"
"547","2","3","7","76","153","40","38","54","75","C0034895"
"2645","2","3","2","90","167","266","367","101","664","C0034895"
"3312","2","3","7","34","52","184","347","271","356","C0034895"
"9187","2","5","8","45","94","199","240","415","666","C0034895"
"3764","2","5","8","63","36","166","106","110","158","C0034933"
"1896","2","5","12","41","219","339","156","568","697","C0034933"
"81839","2","3","2","41","36","71","259","64","422","C0034933"
"7044","2","5","7","53","51","342","454","573","702","C0034933"
"1806","2","3","2","49","23","186","149","195","61","C0034933"
"5979","2","5","7","53","14","20","25","40","186","C0034951"
"7840","2","3","12","76","153","40","38","54","75","C0034951"
"1763","2","3","12","19","31","261","116","1","86","C0034951"
"3952","2","5","3","53","151","276","91","433","118","C0034960"
"4621","2","5","8","63","45","23","103","464","187","C0034960"
"1287","2","5","2","53","51","342","454","573","492","C0035067"
"6103","2","3","12","76","153","40","38","54","75","C0035067"
"2071","2","3","12","19","31","261","116","159","211","C0035067"
"3426","2","5","7","53","51","119","395","549","674","C0035067"
"5740","2","3","5","91","175","279","167","224","301","C0035067"
"2972","2","3","2","19","33","261","116","159","211","C0035067"
"8241","2","3","2","22","33","323","66","101","136","C0035067"
"6609","2","3","5","105","155","250","291","152","420","C0035067"
"5213","2","3","2","90","167","266","367","500","577","C0035067"
"5277","2","3","2","61","77","142","176","235","317","C0035204"
"10","2","3","12","91","214","261","116","1","86","C0035204"
"6622","2","3","7","27","36","150","341","223","628","C0035204"
"9210","2","5","7","53","51","342","454","573","492","C0035220"
"23020","2","3","2","22","33","323","66","101","136","C0035220"
"9573","2","5","7","53","51","342","259","423","389","C0035220"
"9927","2","3","12","19","31","118","155","287","116","C0035220"
"886","2","5","4","68","96","326","427","548","672","C0035228"
"10599","2","3","8","35","41","77","40","57","80","C0035228"
"54209","2","5","7","53","51","119","395","549","674","C0035228"
"7390","2","3","5","80","81","166","132","175","473","C0035228"
"55670","2","3","5","43","161","305","409","208","482","C0035228"
"51062","2","5","7","27","36","150","402","489","373","C0035228"
"1028","2","3","12","19","31","1","116","1","86","C0035228"
"9723","2","5","7","53","51","342","79","560","373","C0035228"
"5649","2","5","7","53","51","342","444","560","373","C0035228"
"3655","2","5","7","53","51","342","454","573","492","C0035228"
"6885","2","3","12","41","219","339","156","568","697","C0035228"
"10262","2","3","2","22","33","323","66","101","136","C0035228"
"2022","2","5","7","53","51","342","259","423","389","C0035228"
"3569","2","5","7","53","51","342","454","573","416","C0035228"
"3984","2","5","7","53","14","20","34","540","68","C0035228"
"58","2","5","8","63","45","23","103","464","187","C0035228"
"4952","2","3","5","60","54","184","30","544","669","C0035228"
"3553","2","5","7","53","51","119","25","489","416","C0035228"
"5551","2","5","7","53","51","119","395","549","674","C0035232"
"1376","2","3","2","19","151","276","91","433","118","C0035232"
"538","2","3","8","63","45","23","103","464","187","C0035232"
"59344","2","5","5","68","184","223","155","447","586","C0035232"
"3569","2","5","7","53","51","342","454","573","416","C0035232"
"148022","2","3","12","41","219","339","156","568","697","C0035232"
"650","2","5","7","53","51","342","259","423","389","C0035232"
"4854","2","5","7","53","51","143","428","236","667","C0035234"
"2260","2","5","7","53","14","20","25","40","186","C0035234"
"54714","2","5","8","63","36","166","106","110","158","C0035235"
"3557","2","3","12","41","219","339","156","568","697","C0035235"
"9197","2","3","2","67","92","293","55","75","311","C0035235"
"1041","2","1","6","11","142","225","142","220","298","C0035235"
"2626","2","3","12","19","31","118","155","287","116","C0035235"
"54551","2","3","12","41","219","197","156","568","422","C0035238"
"11277","2","3","12","19","31","261","116","1","86","C0035238"
"11093","2","5","7","53","51","342","454","573","492","C0035238"
"4763","2","5","7","60","54","24","30","46","214","C0035242"
"1299","2","5","7","53","51","342","454","573","492","C0035242"
"10049","2","3","12","22","219","339","347","271","356","C0035242"
"4852","2","5","4","68","96","326","427","548","672","C0035242"
"7248","2","3","2","48","57","110","141","359","462","C0035242"
"3767","2","5","8","63","36","166","106","110","158","C0035242"
"4604","2","5","8","63","45","23","103","464","187","C0035243"
"3305","2","3","12","41","219","339","347","271","356","C0035243"
"5327","2","5","7","53","51","342","454","573","492","C0035243"
"7450","2","5","7","53","51","342","454","573","492","C0035243"
"26227","2","3","2","41","137","44","208","81","108","C0035243"
"9652","2","3","2","110","85","237","433","547","671","C0035243"
"8214","2","3","6","11","142","225","142","220","298","C0035243"
"55630","2","3","5","27","81","99","162","216","290","C0035258"
"7036","2","3","5","29","88","132","85","222","346","C0035258"
"54840","2","3","12","19","31","261","116","1","86","C0035258"
"3690","2","5","7","53","51","342","454","573","492","C0035258"
"4312","2","5","7","53","51","342","454","573","492","C0035258"
"5624","2","5","7","53","51","342","454","573","492","C0035305"
"229","2","3","2","90","167","266","367","500","577","C0035305"
"3861","2","1","6","11","142","225","142","220","298","C0035305"
"3081","2","3","2","91","51","3","267","308","429","C0035305"
"659","2","5","7","53","14","20","259","423","389","C0035305"
"6736","2","3","12","19","31","276","91","433","667","C0035305"
"411","2","3","7","34","52","216","395","549","674","C0035305"
"4352","2","5","7","53","14","20","25","40","186","C0035305"
"950","2","5","7","60","14","184","341","544","669","C0035305"
"5663","2","5","7","34","52","216","395","549","667","C0035305"
"23533","2","3","2","53","14","20","25","362","468","C0035305"
"9897","2","3","12","76","18","75","38","1","212","C0035305"
"2316","2","5","7","53","51","342","454","573","702","C0035305"
"28982","2","3","5","25","44","165","101","274","358","C0035305"
"6908","2","3","12","19","31","1","116","159","211","C0035305"
"8803","2","3","8","67","92","293","55","75","311","C0035305"
"2108","2","3","2","48","170","50","119","444","556","C0035305"
"4613","2","3","12","19","31","1","426","55","78","C0035305"
"51134","2","3","12","76","153","40","38","54","75","C0035305"
"596","2","3","12","19","219","339","402","489","416","C0035305"
"58","2","5","8","63","45","23","103","464","187","C0035305"
"4920","2","5","7","53","14","20","259","560","373","C0035305"
"29851","2","5","7","53","14","20","25","40","186","C0035305"
"55135","2","3","12","76","137","76","136","472","435","C0035305"
"6916","2","3","5","91","175","119","167","224","301","C0035305"
"3321","2","5","7","53","51","119","395","549","674","C0035305"
"673","2","5","7","53","14","20","34","540","68","C0035305"
"23742","2","5","5","68","96","326","427","447","586","C0035305"
"596","2","3","12","19","219","339","402","489","416","C0035305"
"1277","2","5","7","53","51","342","454","573","492","C0035305"
"5994","2","3","12","19","31","276","91","491","118","C0035305"
"8314","2","3","12","41","31","1","426","55","78","C0035305"
"10483","2","3","7","60","54","24","30","46","72","C0035305"
"2697","2","3","7","76","153","40","38","54","75","C0035313"
"1848","2","3","5","42","81","296","399","201","274","C0035313"
"2260","2","5","7","53","14","20","25","40","186","C0035313"
"8754","2","5","7","53","51","342","454","573","492","C0035313"
"5993","2","3","12","19","31","1","426","55","78","C0035313"
"2131","2","3","2","74","58","112","148","181","416","C0035313"
"24","2","3","12","41","116","268","423","536","445","C0035313"
"269","2","5","7","53","14","20","259","423","389","C0035313"
"1123","2","5","7","60","54","24","30","46","72","C0035313"
"55636","2","3","3","19","221","321","428","423","389","C0035313"
"1512","2","5","7","34","52","216","395","549","674","C0035313"
"1298","2","5","7","53","51","342","454","573","492","C0035317"
"1281","2","5","7","53","51","342","454","573","492","C0035317"
"1605","2","5","7","53","51","342","454","573","492","C0035317"
"326","2","3","12","19","31","261","377","370","269","C0035317"
"25974","2","3","7","48","51","105","139","186","245","C0035317"
"3047","2","3","12","19","31","118","155","287","116","C0035317"
"2189","2","3","12","19","31","261","116","1","86","C0035320"
"23479","2","3","2","48","170","50","119","100","556","C0035320"
"1832","2","5","7","34","52","225","142","220","298","C0035320"
"6299","2","3","12","19","221","321","428","541","667","C0035328"
"2746","2","3","2","110","62","189","182","509","356","C0035328"
"55699","2","3","2","110","85","67","76","252","154","C0035328"
"55636","2","3","3","19","221","321","428","423","389","C0035335"
"23493","2","3","12","19","221","143","428","236","667","C0035335"
"10577","2","5","7","34","52","216","395","549","674","C0035335"
"7415","2","3","7","34","52","216","395","536","445","C0035344"
"1280","2","5","7","53","51","342","454","573","492","C0035344"
"7274","2","3","5","43","161","99","162","216","290","C0035344"
"51119","2","3","2","110","85","237","433","547","671","C0035344"
"3954","2","3","2","48","170","67","119","444","593","C0035372"
"23562","2","5","6","42","36","71","177","64","219","C0035372"
"23229","2","5","7","60","54","24","30","46","72","C0035372"
"3981","2","3","12","19","31","261","116","1","86","C0035372"
"1174","2","5","7","60","153","184","341","544","669","C0035372"
"2052","2","3","5","91","130","114","290","367","475","C0035372"
"10060","2","3","8","41","45","23","423","464","445","C0035410"
"7248","2","3","2","48","57","110","141","359","462","C0035410"
"5265","2","5","7","34","52","216","395","573","702","C0035410"
"2263","2","5","7","53","14","20","25","40","186","C0035410"
"8973","2","5","8","27","70","99","162","216","290","C0035410"
"2623","2","3","12","19","31","1","155","287","116","C0035410"
"3123","2","5","7","53","51","119","156","287","116","C0035410"
"55612","2","5","7","60","36","71","177","560","701","C0035410"
"6559","2","5","8","45","94","199","240","415","666","C0035410"
"2064","2","5","7","53","14","20","25","40","186","C0035410"
"4313","2","5","7","53","51","342","454","573","492","C0035410"
"472","2","3","12","19","31","261","116","1","86","C0035410"
"1956","2","5","7","53","14","184","45","544","669","C0035410"
"1806","2","3","2","49","23","186","149","195","61","C0035410"
"215","2","3","5","47","144","185","238","310","392","C0035410"
"5048","2","3","12","76","153","40","38","54","75","C0035412"
"5073","2","3","2","110","85","323","433","146","194","C0035412"
"10293","2","3","12","41","116","268","434","468","213","C0035412"
"5972","2","5","5","34","52","216","397","418","568","C0035412"
"3663","2","3","12","53","184","119","156","287","116","C0035412"
"6712","2","5","7","60","153","40","341","223","203","C0035412"
"7849","2","3","3","19","221","321","428","541","667","C0035412"
"546","2","3","12","19","31","261","426","1","86","C0035412"
"2200","2","5","7","53","51","342","454","573","492","C0035412"
"23746","2","3","12","41","83","101","126","271","356","C0035412"
"27232","2","3","2","19","31","105","106","14","7","C0035412"
"7355","2","3","2","78","206","324","430","429","544","C0035412"
"4519","2","3","2","48","170","50","119","508","312","C0035412"
"183","2","5","4","68","96","326","427","548","672","C0035412"
"5781","2","5","7","53","14","20","25","40","186","C0035412"
"53904","2","5","7","53","14","20","34","540","68","C0035455"
"3815","2","5","7","53","14","20","25","40","186","C0035455"
"9129","2","3","2","22","33","323","66","101","136","C0035455"
"8514","2","5","7","34","52","216","395","549","674","C0035455"
"2260","2","5","7","53","14","20","25","40","186","C0035455"
"779","2","5","8","63","36","166","341","390","158","C0035455"
"5573","2","3","12","19","184","118","155","287","116","C0035455"
"4313","2","5","7","53","51","342","454","573","492","C0035455"
"8516","2","5","7","53","51","342","454","573","492","C0035455"
"10000","2","5","7","53","14","20","34","540","68","C0035455"
"29851","2","5","7","53","14","20","25","40","186","C0035455"
"3115","2","5","7","53","184","119","156","287","116","C0035455"
"8517","2","3","12","41","219","339","156","568","697","C0035455"
"4261","2","3","12","53","184","119","156","287","116","C0035455"
"23414","2","3","12","19","31","118","155","287","116","C0035579"
"6885","2","3","12","41","219","339","156","568","697","C0035579"
"5860","2","3","2","69","91","75","204","267","352","C0035579"
"55112","2","3","12","76","153","40","38","54","75","C0035579"
"1373","2","3","8","84","97","167","210","271","536","C0035579"
"50939","2","3","12","76","153","40","38","472","435","C0035579"
"7456","2","5","7","60","14","20","25","40","215","C0035579"
"8625","2","3","12","19","31","276","91","236","118","C0035579"
"4763","2","5","7","60","54","24","30","46","214","C0035579"
"3454","2","5","7","53","184","119","156","287","116","C0035579"
"1294","2","5","7","53","51","342","454","573","492","C0035579"
"4810","2","3","2","76","57","110","444","560","373","C0035579"
"5894","2","5","7","60","54","23","34","464","187","C0035579"
"6041","2","3","12","53","184","119","156","287","116","C0035579"
"9723","2","5","7","53","51","342","79","560","373","C0035579"
"54808","2","3","12","76","153","40","38","54","75","C0035579"
"3383","2","5","7","53","51","119","454","287","116","C0035579"
"5354","2","5","7","27","36","150","341","223","628","C0035619"
"2317","2","5","7","63","45","23","103","287","664","C0035619"
"3930","2","3","2","22","33","323","66","3","464","C0035619"
"25794","2","5","6","11","142","225","142","220","673","C0035828"
"4313","2","5","7","53","51","342","454","573","492","C0035828"
"26249","2","3","12","41","116","268","434","468","213","C0035828"
"3835","2","3","12","76","153","40","38","54","75","C0035828"
"865","2","3","12","19","31","1","426","55","78","C0035828"
"411","2","3","7","34","52","216","395","549","674","C0035828"
"1778","2","3","7","76","153","40","38","54","75","C0035828"
"348","2","5","7","53","51","342","454","573","492","C0035828"
"2773","2","5","4","68","96","326","427","548","672","C0035828"
"26608","2","3","2","22","170","50","119","463","153","C0035828"
"2317","2","5","7","63","45","23","103","287","664","C0035828"
"10743","2","3","3","19","151","276","91","433","118","C0035828"
"10516","2","5","7","53","51","342","454","573","492","C0035828"
"10290","2","5","7","53","14","20","34","540","68","C0035828"
"2566","2","5","8","27","70","99","162","216","290","C0035854"
"2260","2","5","7","53","14","20","25","40","186","C0035854"
"2189","2","3","12","19","31","261","116","1","86","C0035854"
"6235","2","3","2","110","85","237","433","547","671","C0035854"
"4155","2","5","7","27","36","150","341","223","628","C0035934"
"26503","2","3","2","89","124","204","272","347","442","C0035934"
"57030","2","3","7","27","36","150","341","223","628","C0036202"
"11005","2","1","6","11","142","225","142","220","298","C0036202"
"55636","2","3","3","19","221","321","428","423","389","C0036202"
"7486","2","3","12","19","31","261","116","1","86","C0036202"
"8547","2","5","7","53","51","342","454","573","492","C0036202"
"5096","2","3","2","48","40","130","166","127","173","C0036202"
"3848","2","5","7","34","52","225","142","220","298","C0036202"
"6908","2","3","12","19","31","1","116","159","211","C0036202"
"29926","2","3","2","68","66","123","158","207","278","C0036202"
"6352","2","5","4","68","96","326","427","548","672","C0036323"
"91574","2","3","2","110","85","237","433","547","671","C0036323"
"2074","2","3","12","19","31","1","426","55","78","C0036323"
"10815","2","5","7","60","36","71","341","223","666","C0036330"
"7046","2","3","12","41","219","339","259","423","605","C0036330"
"9533","2","3","2","19","31","1","426","55","78","C0036330"
"4089","2","3","12","19","219","339","259","423","605","C0036337"
"6309","2","3","5","19","151","76","48","69","204","C0036337"
"6495","2","3","3","19","221","321","428","541","667","C0036337"
"5095","2","3","2","48","40","130","166","127","173","C0036337"
"2688","2","5","7","53","51","119","25","40","186","C0036337"
"5626","2","3","3","19","221","321","428","541","667","C0036337"
"11160","2","3","12","41","116","268","423","536","445","C0036337"
"9533","2","3","2","19","31","1","426","55","78","C0036337"
"3674","2","5","7","53","51","342","454","573","492","C0036337"
"4359","2","5","7","53","51","342","454","573","492","C0036337"
"55651","2","3","2","110","85","237","433","547","671","C0036337"
"715","2","5","7","53","51","119","395","549","674","C0036337"
"2488","2","5","4","68","96","326","427","548","672","C0036337"
"9652","2","3","2","110","85","237","433","547","671","C0036337"
"3767","2","5","8","63","36","166","106","110","158","C0036337"
"3309","2","3","12","41","219","342","347","271","702","C0036337"
"1761","2","3","3","19","221","321","428","541","667","C0036337"
"3892","2","1","6","11","142","225","142","220","298","C0036337"
"4000","2","3","12","26","105","178","226","297","156","C0036337"
"4784","2","3","2","22","33","261","116","159","211","C0036337"
"5824","2","3","5","47","144","185","238","310","392","C0036344"
"5737","2","5","4","68","96","326","427","548","672","C0036344"
"5032","2","5","4","68","96","326","427","548","672","C0036344"
"6662","2","3","3","19","221","321","428","541","667","C0036344"
"3032","2","3","2","48","57","38","347","12","145","C0036349"
"1740","2","5","7","60","36","71","341","223","219","C0036349"
"51119","2","3","2","110","85","237","433","547","671","C0036349"
"4352","2","5","7","53","14","20","25","40","186","C0036349"
"4541","2","3","2","48","170","50","119","444","24","C0036349"
"2720","2","3","7","34","52","216","395","21","599","C0036349"
"9632","2","3","7","60","153","40","38","54","203","C0036349"
"886","2","5","4","68","96","326","427","548","672","C0036349"
"2006","2","5","7","53","51","342","454","573","492","C0036349"
"8626","2","3","3","19","221","321","428","541","667","C0036349"
"23556","2","3","2","61","77","142","176","235","317","C0036349"
"10585","2","5","2","27","206","324","430","215","290","C0036349"
"29925","2","3","2","68","66","123","158","207","278","C0036349"
"7456","2","5","7","60","14","20","25","40","215","C0036349"
"10516","2","5","7","53","51","342","454","573","492","C0036349"
"11311","2","3","12","19","31","118","155","287","116","C0036349"
"1280","2","5","7","53","51","342","454","573","492","C0036349"
"356","2","5","7","53","219","339","25","489","697","C0036351"
"3146","2","5","7","34","52","216","395","549","674","C0036351"
"1277","2","5","7","53","51","342","454","573","492","C0036400"
"7443","2","3","12","19","31","261","34","540","68","C0036400"
"9897","2","3","12","76","18","75","38","1","212","C0036420"
"2200","2","5","7","53","51","342","454","573","492","C0036420"
"5351","2","5","7","53","51","342","454","573","492","C0036420"
"9401","2","3","12","76","31","261","116","1","86","C0036421"
"2316","2","5","7","53","51","342","454","573","702","C0036421"
"2200","2","5","7","53","51","342","454","573","492","C0036421"
"6662","2","3","3","19","221","321","428","541","667","C0036421"
"9031","2","3","12","19","31","1","426","55","78","C0036421"
"29110","2","3","12","41","219","339","156","568","697","C0036421"
"5830","2","3","5","43","161","305","409","208","482","C0036421"
"8314","2","3","12","41","31","1","426","55","78","C0036421"
"940","2","5","7","53","14","20","25","40","186","C0036421"
"9915","2","3","3","27","151","276","91","433","118","C0036421"
"5979","2","5","7","53","14","20","25","40","186","C0036421"
"9533","2","3","2","19","31","1","426","55","78","C0036439"
"8820","2","3","3","19","221","321","428","541","667","C0036439"
"7040","2","5","7","53","51","342","454","573","492","C0036454"
"6448","2","3","5","74","160","294","376","453","567","C0036454"
"10436","2","3","2","110","85","237","433","547","671","C0036454"
"3265","2","5","7","60","54","24","30","46","72","C0036454"
"1301","2","5","7","53","51","342","454","573","492","C0036454"
"3054","2","3","12","19","31","1","426","55","78","C0036454"
"5447","2","3","5","91","214","271","372","471","586","C0036454"
"7439","2","5","8","63","45","23","34","464","187","C0036454"
"6833","2","5","8","45","36","166","240","415","666","C0036454"
"6567","2","5","8","35","41","77","40","57","80","C0036454"
"4088","2","3","12","19","219","339","259","423","605","C0036454"
"55172","2","5","7","27","36","150","341","223","628","C0036457"
"6223","2","3","2","110","85","237","433","547","671","C0036457"
"4552","2","3","7","48","81","105","139","186","245","C0036457"
"8642","2","5","7","53","51","335","444","560","373","C0036489"
"2562","2","5","8","27","70","99","162","216","290","C0036489"
"1280","2","5","7","53","51","342","454","573","492","C0036489"
"3162","2","3","5","53","51","119","402","489","416","C0036489"
"128866","2","3","2","48","57","110","141","359","462","C0036489"
"1890","2","3","5","80","81","296","62","94","150","C0036508"
"84676","2","3","12","41","116","268","434","468","213","C0036508"
"4000","2","3","12","26","105","178","226","297","156","C0036508"
"4625","2","3","8","63","45","23","103","464","187","C0036508"
"4137","2","3","7","27","36","150","341","223","628","C0036508"
"30008","2","5","7","53","51","342","454","573","492","C0036508"
"538","2","3","8","63","45","23","103","464","187","C0036508"
"687","2","3","3","19","221","321","428","541","667","C0036508"
"3909","2","5","7","53","51","342","454","573","492","C0036508"
"7025","2","3","3","19","151","276","91","433","118","C0036508"
"2006","2","5","7","53","51","342","454","573","492","C0036508"
"2132","2","3","2","74","58","112","148","193","263","C0036508"
"1029","2","3","12","19","31","1","116","1","664","C0036508"
"1584","2","3","5","79","159","256","276","353","456","C0036601"
"5832","2","3","2","101","62","189","182","509","252","C0036601"
"4683","2","3","12","19","31","261","116","1","86","C0036601"
"8216","2","3","12","41","119","330","214","454","144","C0036601"
"8398","2","3","5","116","183","40","38","352","455","C0036601"
"55315","2","3","5","80","81","296","62","94","150","C0036601"
"4535","2","3","2","48","170","50","119","444","556","C0036601"
"23461","2","3","5","47","144","185","238","310","392","C0036601"
"27040","2","5","7","53","14","20","25","40","186","C0036601"
"9451","2","3","2","110","51","335","226","297","380","C0036601"
"8195","2","3","12","76","153","76","38","54","75","C0036601"
"8289","2","3","12","19","31","1","426","55","78","C0036601"
"28956","2","5","7","34","52","216","395","359","462","C0036601"
"2317","2","5","7","63","45","23","103","287","664","C0036601"
"3030","2","3","2","48","57","339","44","65","31","C0036631"
"5897","2","3","12","41","116","268","141","568","605","C0036631"
"208","2","5","7","53","14","20","34","540","68","C0036631"
"9401","2","3","12","76","31","261","116","1","86","C0036631"
"9829","2","5","7","60","14","184","341","544","669","C0036631"
"4867","2","5","7","76","153","40","38","54","75","C0036651"
"5994","2","3","12","19","31","276","91","491","118","C0036651"
"2261","2","5","7","53","14","20","25","40","186","C0036651"
"9640","2","3","12","19","31","261","116","159","211","C0036651"
"57510","2","3","12","76","33","323","38","54","664","C0036651"
"5146","2","3","5","86","72","258","318","403","518","C0036651"
"5657","2","5","7","34","52","216","395","549","674","C0036651"
"5080","2","3","3","19","221","321","428","541","667","C0036651"
"9786","2","3","12","76","153","40","38","54","75","C0036651"
"1062","2","3","12","76","153","40","38","54","75","C0036651"
"2260","2","5","7","53","14","20","25","40","186","C0036690"
"4547","2","5","7","53","51","342","454","573","492","C0036690"
"4313","2","5","7","53","51","342","454","573","492","C0036690"
"10269","2","3","2","48","182","50","119","444","556","C0036690"
"6103","2","3","12","76","153","40","38","54","75","C0036690"
"6340","2","5","8","63","45","23","34","464","187","C0036690"
"1908","2","5","4","68","96","326","427","548","672","C0036875"
"1301","2","5","7","53","51","342","454","573","492","C0036875"
"3775","2","5","8","63","36","166","106","110","158","C0036875"
"54361","2","5","3","68","221","197","259","560","422","C0036875"
"10461","2","5","7","53","14","20","25","40","186","C0036875"
"6890","2","3","12","41","184","119","156","568","116","C0036920"
"25782","2","5","7","60","54","24","30","46","72","C0036920"
"4683","2","3","12","19","31","261","116","1","86","C0036920"
"3565","2","5","7","53","51","119","25","489","416","C0036920"
"5144","2","3","4","68","96","326","427","548","672","C0036920"
"4644","2","5","7","60","54","184","141","359","411","C0036920"
"59","2","5","8","63","45","23","103","464","187","C0036920"
"5828","2","3","5","43","161","305","409","208","482","C0036920"
"5428","2","3","2","48","170","50","119","167","593","C0036920"
"2033","2","3","12","19","31","1","91","433","118","C0036920"
"324","2","3","12","41","219","197","70","255","422","C0036920"
"6557","2","5","8","45","94","199","240","415","666","C0036920"
"3845","2","5","7","60","54","24","30","46","72","C0036920"
"29760","2","5","7","53","14","20","25","40","186","C0036920"
"3155","2","3","5","43","161","305","409","208","482","C0036920"
"53834","2","5","7","53","51","342","454","573","492","C0036920"
"1513","2","5","7","53","51","342","454","573","492","C0036920"
"8626","2","3","3","19","221","321","428","541","667","C0036920"
"4952","2","3","5","60","54","184","30","544","669","C0036920"
"6905","2","3","12","76","153","40","38","54","75","C0036920"
"4853","2","3","12","19","124","143","428","236","667","C0036920"
"7253","2","5","4","68","96","326","427","548","672","C0036920"
"4920","2","5","7","53","14","20","259","560","373","C0036920"
"6399","2","5","7","60","54","24","30","46","72","C0036920"
"9896","2","3","5","80","81","296","399","201","274","C0036920"
"5173","2","5","4","68","96","326","427","548","672","C0036920"
"54345","2","5","3","19","221","321","428","541","667","C0036920"
"80326","2","5","3","68","221","197","259","560","422","C0036939"
"2629","2","3","5","80","81","250","291","152","420","C0036939"
"9254","2","5","8","63","36","166","341","223","158","C0036939"
"7050","2","3","12","19","31","321","428","541","667","C0036939"
"1028","2","3","12","19","31","1","116","1","86","C0036939"
"10269","2","3","2","48","182","50","119","444","556","C0036980"
"3981","2","3","12","19","31","261","116","1","86","C0036980"
"847","2","3","7","34","52","216","395","549","674","C0036980"
"2395","2","3","2","48","170","50","304","167","593","C0036982"
"1297","2","5","7","53","51","342","454","573","492","C0036982"
"2261","2","5","7","53","14","20","25","40","186","C0036982"
"8892","2","3","2","110","85","237","433","547","671","C0036982"
"6910","2","3","12","19","51","335","444","560","373","C0036982"
"4157","2","5","4","68","96","326","427","548","672","C0036982"
"64240","2","3","5","47","144","185","238","310","392","C0036982"
"356","2","5","7","53","219","339","25","489","697","C0036983"
"633","2","5","7","53","51","342","454","573","492","C0036983"
"5648","2","5","7","53","51","119","395","549","674","C0036983"
"5696","2","3","12","41","116","268","156","568","116","C0036983"
"1193","2","5","8","63","45","23","34","464","187","C0036983"
"8425","2","5","7","53","51","342","454","573","492","C0036996"
"3977","2","5","7","53","51","119","25","40","416","C0036996"
"949","2","5","5","45","94","199","240","415","666","C0037036"
"3458","2","5","7","53","184","119","156","287","116","C0037036"
"2178","2","3","12","19","31","261","116","1","86","C0037036"
"538","2","3","8","63","45","23","103","464","187","C0037036"
"5894","2","5","7","60","54","23","34","464","187","C0037036"
"1717","2","3","2","19","151","276","48","69","204","C0037036"
"2879","2","3","5","80","81","166","378","173","229","C0037036"
"567","2","5","7","34","52","119","395","549","674","C0037036"
"5573","2","3","12","19","184","118","155","287","116","C0037036"
"796","2","5","4","68","96","326","427","548","672","C0037036"
"5618","2","5","7","53","51","119","25","40","186","C0037036"
"7428","2","3","12","41","116","268","434","468","213","C0037036"
"2176","2","3","12","19","31","261","116","1","86","C0037036"
"2260","2","5","7","53","14","20","25","40","186","C0037036"
"5340","2","5","7","53","51","342","454","573","492","C0037036"
"23636","2","3","12","22","33","323","66","101","664","C0037036"
"22891","2","3","12","76","153","40","341","54","75","C0037036"
"1289","2","5","7","53","51","342","454","573","492","C0037036"
"2969","2","3","12","19","31","276","91","433","118","C0037036"
"1399","2","5","7","53","14","20","25","40","186","C0037036"
"3576","2","5","4","68","96","326","427","548","672","C0037036"
"1644","2","3","2","88","79","239","333","258","345","C0037036"
"7319","2","3","12","41","116","268","434","468","213","C0037036"
"1280","2","5","7","53","51","342","454","573","492","C0037036"
"4593","2","5","7","53","14","20","454","573","492","C0037036"
"545","2","3","12","19","31","261","116","1","86","C0037036"
"7855","2","5","3","68","221","197","259","560","422","C0037036"
"10804","2","3","12","76","153","40","38","54","75","C0037036"
"1302","2","5","7","53","51","342","454","573","492","C0037052"
"652","2","5","7","53","51","342","454","573","492","C0037052"
"1280","2","5","7","53","51","342","454","573","492","C0037052"
"1230","2","5","4","68","96","326","427","548","672","C0037052"
"2260","2","5","7","53","14","20","25","40","186","C0037116"
"2588","2","3","7","34","52","216","395","549","674","C0037116"
"55840","2","3","2","22","31","261","116","159","211","C0037116"
"8546","2","5","7","60","18","184","341","544","669","C0037116"
"4990","2","3","3","19","221","321","428","541","667","C0037116"
"2623","2","3","12","19","31","1","155","287","116","C0037116"
"4038","2","5","7","53","51","342","454","573","492","C0037116"
"6329","2","5","8","63","36","166","341","390","158","C0037198"
"2743","2","5","8","27","70","99","162","216","290","C0037198"
"4763","2","5","7","60","54","24","30","46","214","C0037221"
"54808","2","3","12","76","153","40","38","54","75","C0037221"
"204","2","3","4","72","109","182","235","307","506","C0037221"
"55704","2","3","12","76","153","40","38","54","75","C0037221"
"1062","2","3","12","76","153","40","38","54","75","C0037221"
"10019","2","5","7","53","14","20","25","40","116","C0037221"
"56916","2","3","12","76","153","40","38","54","75","C0037221"
"10290","2","5","7","53","14","20","34","540","68","C0037221"
"1778","2","3","7","76","153","40","38","54","75","C0037221"
"4538","2","3","2","48","170","50","119","444","556","C0037221"
"2623","2","3","12","19","31","1","155","287","116","C0037221"
"4618","2","3","12","19","31","276","91","433","118","C0037221"
"9101","2","3","12","41","219","339","156","568","605","C0037221"
"2719","2","5","7","53","51","342","454","573","492","C0037221"
"5745","2","5","4","68","96","326","427","548","672","C0037221"
"4893","2","5","7","34","52","24","30","46","72","C0037221"
"783","2","5","8","63","36","166","106","110","158","C0037221"
"1794","2","5","7","34","52","216","395","549","674","C0037221"
"10084","2","3","2","22","33","323","66","101","136","C0037287"
"2919","2","5","7","34","52","216","427","548","672","C0037287"
"5621","2","5","8","27","36","342","454","573","628","C0037287"
"1827","2","5","7","63","45","23","402","518","621","C0037293"
"7508","2","3","12","19","31","261","116","1","664","C0037293"
"2074","2","3","12","19","31","1","426","55","78","C0037293"
"5660","2","5","7","34","52","326","427","548","702","C0037293"
"1896","2","5","12","41","219","339","156","568","697","C0037293"
"229","2","3","2","90","167","266","367","500","577","C0037293"
"27031","2","3","6","11","142","225","38","331","506","C0037293"
"6208","2","3","2","110","85","237","433","547","671","C0037293"
"3690","2","5","7","53","51","342","454","573","492","C0037293"
"860","2","3","12","19","31","276","91","433","118","C0037293"
"25830","2","3","2","27","36","150","341","223","628","C0037301"
"5889","2","3","12","19","31","261","116","1","86","C0037301"
"25915","2","3","2","48","170","50","119","444","556","C0037301"
"8506","2","5","7","53","51","342","454","573","492","C0037301"
"1301","2","5","7","53","51","342","454","573","492","C0037301"
"3190","2","3","2","22","33","323","66","101","136","C0037301"
"6628","2","3","2","22","33","323","66","101","136","C0037301"
"7169","2","5","8","63","45","23","103","464","187","C0037315"
"4128","2","3","5","80","81","119","402","489","416","C0037315"
"779","2","5","8","63","36","166","341","390","158","C0037315"
"2950","2","5","7","34","52","216","395","549","674","C0037315"
"5429","2","3","12","19","31","261","116","1","86","C0037315"
"19","2","3","3","19","151","276","91","433","118","C0037315"
"6507","2","3","2","45","94","199","240","415","666","C0037315"
"213","2","5","7","53","51","342","454","573","492","C0037315"
"115352","2","5","7","34","52","20","25","40","186","C0037315"
"4921","2","5","7","53","14","20","25","573","186","C0037315"
"5468","2","3","3","19","151","276","91","433","118","C0037315"
"132","2","3","2","110","85","237","433","80","394","C0037315"
"8876","2","3","7","34","52","216","395","549","674","C0037315"
"2263","2","5","7","53","14","20","25","40","186","C0037315"
"331","2","3","12","41","219","339","156","568","697","C0037579"
"8504","2","3","5","47","144","185","238","310","392","C0037579"
"50615","2","5","7","53","51","119","25","40","186","C0037579"
"25836","2","3","12","76","153","40","38","54","75","C0037763"
"4148","2","5","7","53","51","342","454","573","492","C0037763"
"22900","2","3","12","41","219","339","156","568","697","C0037763"
"4043","2","5","7","60","51","342","454","544","669","C0037763"
"2798","2","5","4","68","96","326","427","548","672","C0037763"
"290","2","3","7","34","52","216","395","549","674","C0037763"
"2521","2","3","2","22","33","323","66","101","136","C0037769"
"5332","2","3","4","68","96","326","427","548","672","C0037769"
"5696","2","3","12","41","116","268","156","568","116","C0037769"
"26277","2","3","12","19","31","1","426","1","78","C0037769"
"9076","2","5","6","42","36","71","177","64","219","C0037769"
"4361","2","3","12","19","31","261","116","1","86","C0037769"
"7403","2","3","12","19","31","1","426","55","78","C0037769"
"2159","2","5","7","68","51","119","454","549","674","C0037769"
"4593","2","5","7","53","14","20","454","573","492","C0037769"
"6885","2","3","12","41","219","339","156","568","697","C0037769"
"1280","2","5","7","53","51","342","454","573","492","C0037769"
"6899","2","5","7","53","184","335","259","560","373","C0037769"
"2317","2","5","7","63","45","23","103","287","664","C0037769"
"1557","2","3","5","91","214","271","372","479","12","C0037769"
"2332","2","3","2","22","33","71","373","466","609","C0037769"
"1736","2","3","2","110","85","237","433","547","671","C0037769"
"7276","2","5","7","34","52","216","395","549","674","C0037769"
"1910","2","5","4","68","96","326","427","548","672","C0037769"
"3991","2","3","5","80","81","166","57","83","658","C0037771"
"3295","2","3","5","43","161","305","409","208","482","C0037771"
"5077","2","3","3","19","221","321","428","541","667","C0037771"
"6414","2","5","7","53","51","342","454","573","702","C0037771"
"4784","2","3","2","22","33","261","116","159","211","C0037771"
"3767","2","5","8","63","36","166","106","110","158","C0037771"
"8314","2","3","12","41","31","1","426","55","78","C0037771"
"776","2","5","8","63","36","166","341","390","158","C0037771"
"25978","2","3","2","48","57","110","141","359","462","C0037771"
"6678","2","5","7","53","51","342","454","573","492","C0037771"
"55703","2","3","2","22","33","261","116","159","211","C0037771"
"356","2","5","7","53","219","339","25","489","697","C0037771"
"9657","2","3","12","76","153","40","38","54","75","C0037771"
"1499","2","3","12","19","221","197","259","560","422","C0037771"
"5189","2","3","5","43","161","305","409","208","482","C0037771"
"23495","2","3","12","41","219","339","156","568","697","C0037771"
"1737","2","3","2","67","92","293","55","75","311","C0037773"
"70","2","5","8","63","45","23","103","464","187","C0037773"
"8200","2","5","7","53","51","342","259","423","389","C0037773"
"6915","2","5","4","68","96","326","427","548","672","C0037773"
"6310","2","3","12","22","142","225","366","362","468","C0037773"
"2773","2","5","4","68","96","326","427","548","672","C0037859"
"9662","2","3","12","76","153","40","38","54","75","C0037859"
"328","2","3","12","19","31","261","116","1","86","C0037889"
"3329","2","3","2","48","170","50","304","167","593","C0037889"
"3014","2","3","12","19","31","1","426","55","78","C0037889"
"356","2","5","7","53","219","339","25","489","697","C0037889"
"9562","2","3","5","80","81","296","248","317","405","C0037889"
"2212","2","5","7","34","52","216","395","549","674","C0037889"
"8200","2","5","7","53","51","342","259","423","389","C0037889"
"2316","2","5","7","53","51","342","454","573","702","C0037889"
"27329","2","5","7","53","51","342","454","573","492","C0037917"
"6609","2","3","5","105","155","250","291","152","420","C0037917"
"4351","2","3","2","90","167","266","367","500","577","C0037921"
"843","2","3","12","41","219","339","156","568","697","C0037921"
"9966","2","5","12","41","219","339","156","568","697","C0037921"
"4340","2","5","7","53","51","119","341","223","628","C0037921"
"10585","2","5","2","27","206","324","430","215","290","C0037921"
"1294","2","5","7","53","51","342","454","573","492","C0037926"
"2639","2","3","2","71","148","34","160","115","164","C0037926"
"546","2","3","12","19","31","261","426","1","86","C0037926"
"5922","2","5","7","60","54","24","30","46","72","C0037926"
"2022","2","5","7","53","51","342","259","423","389","C0037926"
"6916","2","3","5","91","175","119","167","224","301","C0037926"
"6654","2","5","7","60","54","24","30","46","72","C0037926"
"4998","2","3","12","76","31","261","116","1","86","C0037926"
"9569","2","3","12","19","31","276","91","433","118","C0037926"
"6606","2","3","2","22","33","323","66","101","136","C0037926"
"5159","2","5","7","53","14","20","25","40","186","C0037928"
"4141","2","3","2","110","85","237","433","547","154","C0037928"
"2108","2","3","2","48","170","50","119","444","556","C0037928"
"51626","2","3","12","76","153","40","38","54","75","C0037930"
"1103","2","3","2","67","92","293","55","75","311","C0037930"
"6414","2","5","7","53","51","342","454","573","702","C0037997"
"1813","2","5","4","68","96","326","427","548","672","C0037997"
"2879","2","3","5","80","81","166","378","173","229","C0037997"
"3728","2","5","7","34","52","225","142","220","298","C0038013"
"6648","2","3","2","95","151","160","378","173","229","C0038013"
"694","2","3","12","19","31","198","261","146","118","C0038013"
"950","2","5","7","60","14","184","341","544","669","C0038013"
"720","2","5","7","53","51","342","454","573","492","C0038013"
"5573","2","3","12","19","184","118","155","287","116","C0038013"
"1499","2","3","12","19","221","197","259","560","422","C0038013"
"3516","2","3","12","19","31","143","428","236","667","C0038013"
"788","2","3","2","45","151","199","240","415","666","C0038013"
"1643","2","3","12","41","116","268","434","468","213","C0038013"
"1513","2","5","7","53","51","342","454","573","492","C0038013"
"2617","2","3","2","110","85","237","433","252","154","C0038013"
"5314","2","3","12","76","153","40","38","54","75","C0038015"
"10019","2","5","7","53","14","20","25","40","116","C0038015"
"3371","2","5","7","53","51","342","454","573","492","C0038015"
"29851","2","5","7","53","14","20","25","40","186","C0038015"
"720","2","5","7","53","51","342","454","573","492","C0038015"
"3561","2","5","7","53","14","20","25","40","186","C0038015"
"9793","2","3","12","76","153","40","38","54","75","C0038015"
"3265","2","5","7","60","54","24","30","46","72","C0038016"
"885","2","5","4","68","96","326","427","548","672","C0038016"
"5728","2","3","5","80","81","339","156","568","605","C0038016"
"3479","2","5","7","53","51","342","454","573","492","C0038016"
"8742","2","3","12","41","219","339","156","568","697","C0038016"
"2705","2","3","12","76","153","40","38","54","75","C0038016"
"10733","2","3","12","76","153","40","38","54","75","C0038016"
"26191","2","5","7","53","14","20","25","40","186","C0038018"
"2705","2","3","12","76","153","40","38","54","75","C0038018"
"6647","2","3","2","95","2","342","378","173","702","C0038018"
"1075","2","5","7","34","52","216","395","549","674","C0038018"
"9526","2","3","2","48","69","99","162","216","290","C0038018"
"3651","2","3","3","19","221","321","428","541","667","C0038160"
"22845","2","3","2","48","68","125","161","214","288","C0038160"
"1280","2","5","7","53","51","342","454","573","492","C0038160"
"6197","2","3","12","19","14","20","34","540","68","C0038160"
"545","2","3","12","19","31","261","116","1","86","C0038238"
"2395","2","3","2","48","170","50","304","167","593","C0038238"
"7480","2","5","3","68","221","197","259","560","422","C0038238"
"7068","2","3","3","19","151","276","91","433","118","C0038238"
"2260","2","5","7","53","14","20","25","40","186","C0038238"
"8200","2","5","7","53","51","342","259","423","389","C0038238"
"10806","2","3","12","76","153","40","38","54","75","C0038238"
"2316","2","5","7","53","51","342","454","573","702","C0038238"
"8312","2","3","12","41","219","339","156","568","605","C0038238"
"5396","2","3","3","19","221","321","428","541","667","C0038238"
"7249","2","3","7","60","57","110","141","359","462","C0038238"
"3791","2","5","7","53","51","342","454","573","492","C0038238"
"1188","2","5","8","63","45","23","34","464","187","C0038238"
"7474","2","5","3","68","221","184","259","544","669","C0038238"
"7941","2","3","5","7","218","338","450","567","696","C0038238"
"7077","2","5","7","34","52","216","395","549","674","C0038238"
"1535","2","5","7","34","52","216","395","549","674","C0038238"
"7248","2","3","2","48","57","110","141","359","462","C0038325"
"80199","2","3","12","76","153","40","38","54","75","C0038325"
"2033","2","3","12","19","31","1","91","433","118","C0038325"
"10735","2","3","12","76","153","40","38","54","75","C0038325"
"6197","2","3","12","19","14","20","34","540","68","C0038325"
"4038","2","5","7","53","51","342","454","573","492","C0038325"
"1636","2","3","5","80","81","166","397","418","568","C0038325"
"3758","2","5","8","63","36","166","106","110","158","C0038325"
"5648","2","5","7","53","51","119","395","549","674","C0038325"
"3075","2","5","7","53","51","119","395","549","674","C0038325"
"1299","2","5","7","53","51","342","454","573","492","C0038325"
"2260","2","5","7","53","14","20","25","40","186","C0038325"
"7058","2","5","7","53","51","342","454","573","492","C0038325"
"2260","2","5","7","53","14","20","25","40","186","C0038325"
"5144","2","3","4","68","96","326","427","548","672","C0038325"
"25782","2","5","7","60","54","24","30","46","72","C0038325"
"7428","2","3","12","41","116","268","434","468","213","C0038325"
"4204","2","3","12","19","31","1","426","55","78","C0038325"
"7124","2","3","12","41","219","339","156","568","697","C0038325"
"5314","2","3","12","76","153","40","38","54","75","C0038325"
"10758","2","3","12","41","219","339","156","568","697","C0038325"
"7957","2","3","5","42","81","296","399","201","274","C0038325"
"11113","2","5","7","53","14","20","34","540","68","C0038325"
"712","2","5","7","53","51","119","395","549","674","C0038325"
"7157","2","3","12","19","31","261","402","489","551","C0038325"
"22930","2","5","7","60","54","24","30","46","72","C0038325"
"5873","2","5","7","34","54","24","30","46","72","C0038325"
"54938","2","3","2","110","85","67","76","252","154","C0038325"
"9414","2","5","7","42","36","71","177","223","219","C0038325"
"22868","2","3","2","48","182","67","76","463","153","C0038325"
"1896","2","5","12","41","219","339","156","568","697","C0038354"
"3934","2","5","7","34","52","216","395","549","674","C0038354"
"404672","2","3","12","19","31","1","116","159","211","C0038358"
"3984","2","5","7","53","14","20","34","540","68","C0038358"
"5617","2","5","12","19","31","1","426","55","78","C0038358"
"1848","2","3","5","42","81","296","399","201","274","C0038358"
"5314","2","3","12","76","153","40","38","54","75","C0038358"
"23586","2","3","12","41","219","339","156","568","605","C0038358"
"1401","2","5","7","53","51","119","395","573","492","C0038358"
"2200","2","5","7","53","51","342","454","573","492","C0038358"
"3630","2","5","7","53","14","20","25","40","186","C0038358"
"3265","2","5","7","60","54","24","30","46","72","C0038358"
"3955","2","5","8","89","124","143","428","236","667","C0038358"
"9632","2","3","7","60","153","40","38","54","203","C0038358"
"3988","2","3","5","98","174","277","379","476","42","C0038358"
"6927","2","3","3","19","221","321","428","541","667","C0038358"
"3845","2","5","7","60","54","24","30","46","72","C0038358"
"3312","2","3","7","34","52","184","347","271","356","C0038358"
"6772","2","3","12","53","184","119","156","287","116","C0038358"
"6885","2","3","12","41","219","339","156","568","697","C0038358"
"3199","2","3","3","19","221","321","428","541","667","C0038362"
"2146","2","3","12","19","31","1","426","55","78","C0038362"
"686","2","3","5","80","81","166","166","127","173","C0038362"
"367","2","3","12","19","31","276","91","433","118","C0038362"
"3835","2","3","12","76","153","40","38","54","75","C0038362"
"2651","2","3","2","78","184","202","124","337","434","C0038362"
"8643","2","5","3","68","221","197","259","560","422","C0038362"
"9031","2","3","12","19","31","1","426","55","78","C0038363"
"5961","2","5","7","27","51","326","126","414","702","C0038363"
"7053","2","3","6","11","142","225","142","220","298","C0038363"
"5625","2","3","2","101","103","177","225","271","356","C0038363"
"3767","2","5","8","63","36","166","106","110","158","C0038363"
"10300","2","3","12","76","153","40","38","54","75","C0038363"
"1420","2","3","6","63","45","160","362","177","673","C0038363"
"4157","2","5","4","68","96","326","427","548","672","C0038363"
"5313","2","3","2","90","167","321","428","541","115","C0038363"
"7048","2","5","7","53","51","342","259","423","389","C0038363"
"3845","2","5","7","60","54","24","30","46","72","C0038363"
"6557","2","5","8","45","94","199","240","415","666","C0038363"
"4853","2","3","12","19","124","143","428","236","667","C0038363"
"5897","2","3","12","41","116","268","141","568","605","C0038363"
"2778","2","5","4","68","96","326","427","548","672","C0038363"
"3575","2","5","7","53","51","184","341","544","669","C0038368"
"3832","2","3","12","76","153","40","38","54","75","C0038368"
"25782","2","5","7","60","54","24","30","46","72","C0038449"
"6620","2","5","7","27","36","150","341","223","628","C0038449"
"3549","2","5","3","53","51","197","259","560","422","C0038449"
"7253","2","5","4","68","96","326","427","548","672","C0038449"
"846","2","5","4","68","96","326","427","548","672","C0038450"
"9414","2","5","7","42","36","71","177","223","219","C0038450"
"54714","2","5","8","63","36","166","106","110","158","C0038450"
"3507","2","5","7","53","51","119","395","549","674","C0038450"
"7827","2","5","7","53","170","335","25","560","373","C0038450"
"5020","2","5","4","68","96","326","427","548","672","C0038505"
"50511","2","3","12","19","31","1","426","55","78","C0038505"
"3984","2","5","7","53","14","20","34","540","68","C0038525"
"3052","2","3","2","48","170","50","119","444","556","C0038525"
"9321","2","3","12","76","153","40","38","54","203","C0038525"
"2188","2","3","12","19","31","261","116","1","86","C0038525"
"4683","2","3","12","19","31","261","116","1","86","C0038525"
"2556","2","5","8","27","70","99","162","216","290","C0038525"
"2556","2","5","8","27","70","99","162","216","290","C0038525"
"2318","2","5","7","53","45","23","103","464","187","C0038605"
"2879","2","3","5","80","81","166","378","173","229","C0038605"
"5080","2","3","3","19","221","321","428","541","667","C0038644"
"3166","2","3","3","19","221","321","428","541","667","C0038644"
"55699","2","3","2","110","85","67","76","252","154","C0038644"
"10804","2","3","12","76","153","40","38","54","75","C0038644"
"5155","2","5","7","53","51","342","454","573","186","C0038644"
"4330","2","3","12","19","31","101","91","433","118","C0038644"
"26278","2","3","12","41","116","268","347","271","356","C0038644"
"6913","2","3","3","19","221","321","428","541","667","C0038644"
"10436","2","3","2","110","85","237","433","547","671","C0038868"
"582","2","3","12","76","153","76","38","54","75","C0038868"
"1140","2","5","8","27","70","99","162","216","290","C0038868"
"2316","2","5","7","53","51","342","454","573","702","C0038868"
"207","2","3","7","53","14","20","34","489","416","C0039070"
"5994","2","3","12","19","31","276","91","491","118","C0039070"
"7422","2","5","7","53","51","342","454","573","702","C0039070"
"2812","2","5","7","53","51","342","454","573","492","C0039070"
"5993","2","3","12","19","31","1","426","55","78","C0039070"
"3954","2","3","2","48","170","67","119","444","593","C0039070"
"3265","2","5","7","60","54","24","30","46","72","C0039070"
"1544","2","3","5","91","214","271","372","471","586","C0039070"
"2290","2","3","3","19","221","321","428","541","667","C0039070"
"1387","2","3","12","19","31","276","91","433","118","C0039070"
"582","2","3","12","76","153","76","38","54","75","C0039070"
"4221","2","3","12","19","31","342","454","573","492","C0039070"
"9031","2","3","12","19","31","1","426","55","78","C0039070"
"10743","2","3","3","19","151","276","91","433","118","C0039070"
"4853","2","3","12","19","124","143","428","236","667","C0039070"
"3425","2","3","5","80","81","166","454","573","492","C0039070"
"5830","2","3","5","43","161","305","409","208","482","C0039070"
"1080","2","3","12","41","219","339","156","544","669","C0039070"
"90","2","5","7","53","51","342","259","423","389","C0039070"
"6469","2","5","3","53","221","197","259","560","422","C0039070"
"5728","2","3","5","80","81","339","156","568","605","C0039070"
"23169","2","3","2","78","205","112","430","429","544","C0039070"
"673","2","5","7","53","14","20","34","540","68","C0039070"
"3912","2","5","7","53","51","342","454","573","492","C0039101"
"8419","2","3","12","48","170","50","119","198","224","C0039101"
"8546","2","5","7","60","18","184","341","544","669","C0039101"
"1340","2","3","2","48","170","50","141","359","462","C0039101"
"2316","2","5","7","53","51","342","454","573","702","C0039101"
"1594","2","3","5","92","163","96","363","460","487","C0039103"
"3630","2","5","7","53","14","20","25","40","186","C0039103"
"25836","2","3","12","76","153","40","38","54","75","C0039103"
"4591","2","3","12","41","116","268","434","468","213","C0039103"
"81501","2","3","12","26","35","276","91","433","156","C0039103"
"4638","2","5","7","53","45","23","103","464","187","C0039103"
"10558","2","3","2","50","47","39","100","321","209","C0039103"
"6390","2","3","2","48","170","50","119","444","556","C0039144"
"1401","2","5","7","53","51","119","395","573","492","C0039144"
"10269","2","3","2","48","182","50","119","444","556","C0039144"
"6785","2","3","5","67","7","5","239","311","393","C0039239"
"8292","2","5","5","27","51","342","454","573","492","C0039239"
"2719","2","5","7","53","51","342","454","573","492","C0039239"
"270","2","3","5","33","21","47","84","261","246","C0039239"
"29760","2","5","7","53","14","20","25","40","186","C0039263"
"9420","2","3","5","79","159","256","215","282","366","C0039263"
"5396","2","3","3","19","221","321","428","541","667","C0039263"
"2263","2","5","7","53","14","20","25","40","186","C0039263"
"2969","2","3","12","19","31","276","91","433","118","C0039338"
"5373","2","3","2","90","167","123","158","207","278","C0039338"
"50964","2","5","3","68","221","197","259","423","422","C0039445"
"5551","2","5","7","53","51","119","395","549","674","C0039445"
"941","2","5","7","53","51","119","25","40","186","C0039445"
"658","2","5","7","53","51","342","259","423","389","C0039445"
"4000","2","3","12","26","105","178","226","297","156","C0039446"
"23767","2","5","7","53","14","20","25","40","186","C0039446"
"7469","2","3","12","19","31","261","116","159","211","C0039446"
"2643","2","3","5","87","91","75","204","267","352","C0039446"
"421","2","5","7","42","51","335","444","560","373","C0039446"
"60","2","3","12","60","45","184","155","287","78","C0039446"
"3553","2","5","7","53","51","119","25","489","416","C0039446"
"8820","2","3","3","19","221","321","428","541","667","C0039446"
"9896","2","3","5","80","81","296","399","201","274","C0039446"
"4536","2","3","2","48","170","50","119","444","556","C0039446"
"4323","2","5","7","53","51","342","454","573","492","C0039446"
"7372","2","3","2","68","119","109","266","182","182","C0039446"
"1062","2","3","12","76","153","40","38","54","75","C0039446"
"51684","2","3","12","41","116","268","38","54","75","C0039446"
"3784","2","5","8","63","36","166","106","110","158","C0039446"
"1001","2","5","7","53","51","335","444","560","373","C0039446"
"7259","2","3","12","19","31","1","426","55","78","C0039446"
"2260","2","5","7","53","14","20","25","40","186","C0039538"
"4803","2","5","7","60","54","24","30","46","72","C0039538"
"3425","2","3","5","80","81","166","454","573","492","C0039538"
"1146","2","5","8","27","70","99","162","216","290","C0039538"
"249","2","3","5","27","51","335","444","560","373","C0039584"
"773","2","5","8","27","36","166","341","223","628","C0039584"
"1807","2","3","5","80","23","186","79","560","273","C0039584"
"3178","2","3","2","22","33","323","66","101","136","C0039584"
"5972","2","5","5","34","52","216","397","418","568","C0039590"
"1027","2","3","12","19","31","1","116","1","86","C0039590"
"5824","2","3","5","47","144","185","238","310","392","C0039590"
"5663","2","5","7","34","52","216","395","549","667","C0039590"
"2778","2","5","4","68","96","326","427","548","672","C0039590"
"19","2","3","3","19","151","276","91","433","118","C0039590"
"6910","2","3","12","19","51","335","444","560","373","C0039621"
"23556","2","3","2","61","77","142","176","235","317","C0039621"
"3735","2","3","2","110","85","237","433","252","154","C0039621"
"4214","2","3","12","41","219","339","34","540","117","C0039621"
"2626","2","3","12","19","31","118","155","287","116","C0039621"
"1896","2","5","12","41","219","339","156","568","697","C0039621"
"547","2","3","7","76","153","40","38","54","75","C0039621"
"8924","2","3","12","41","116","268","434","468","213","C0039621"
"673","2","5","7","53","14","20","34","540","68","C0039621"
"5589","2","5","7","53","51","342","454","573","492","C0039621"
"55650","2","3","2","61","77","142","176","235","557","C0039621"
"5518","2","3","12","76","153","40","38","54","435","C0039621"
"4720","2","3","2","48","170","50","119","444","556","C0039621"
"5828","2","3","5","43","161","305","409","208","482","C0039621"
"3655","2","5","7","53","51","342","454","573","492","C0039621"
"5654","2","5","7","53","51","342","454","573","492","C0039621"
"4853","2","3","12","19","124","143","428","236","667","C0039621"
"1727","2","3","7","34","52","216","395","549","197","C0039621"
"8643","2","5","3","68","221","197","259","560","422","C0039841"
"3690","2","5","7","53","51","342","454","573","492","C0039841"
"2263","2","5","7","53","14","20","25","40","186","C0039841"
"3702","2","5","7","53","14","20","25","40","186","C0039841"
"6356","2","5","7","53","51","326","427","489","416","C0039978"
"10801","2","3","12","76","108","293","141","305","387","C0039978"
"2072","2","3","12","19","31","261","116","1","86","C0039978"
"4351","2","3","2","90","167","266","367","500","577","C0039981"
"213","2","5","7","53","51","342","454","573","492","C0039981"
"3784","2","5","8","63","36","166","106","110","158","C0040015"
"2556","2","5","8","27","70","99","162","216","290","C0040015"
"4688","2","5","7","60","14","20","25","40","215","C0040015"
"5406","2","3","5","80","81","166","454","76","106","C0040015"
"4306","2","3","3","19","151","276","91","433","118","C0040028"
"4093","2","3","12","19","221","342","259","423","389","C0040028"
"55605","2","3","12","76","153","40","38","54","75","C0040028"
"1184","2","5","8","63","45","23","34","464","187","C0040028"
"2720","2","3","7","34","52","216","395","21","599","C0040028"
"3636","2","3","5","80","14","20","25","40","186","C0040028"
"8481","2","3","12","76","153","40","38","54","75","C0040028"
"526","2","3","5","29","88","132","172","199","308","C0040028"
"4860","2","3","7","34","52","216","395","549","150","C0040028"
"54714","2","5","8","63","36","166","106","110","158","C0040028"
"26227","2","3","2","41","137","44","208","81","108","C0040028"
"25970","2","5","7","53","14","20","25","40","116","C0040028"
"26277","2","3","12","19","31","1","426","1","78","C0040038"
"2316","2","5","7","53","51","342","454","573","702","C0040038"
"23426","2","5","7","42","36","71","177","223","219","C0040038"
"9652","2","3","2","110","85","237","433","547","671","C0040038"
"727","2","5","4","68","96","326","427","548","672","C0040038"
"5885","2","3","12","76","153","40","38","54","75","C0040038"
"567","2","5","7","34","52","119","395","549","674","C0040038"
"8799","2","3","5","43","161","305","409","208","482","C0040038"
"5395","2","3","12","19","31","261","116","1","86","C0040038"
"57728","2","3","12","76","153","40","38","54","75","C0040038"
"5885","2","3","12","76","153","40","38","54","75","C0040038"
"26160","2","3","12","76","153","40","38","54","75","C0040038"
"5993","2","3","12","19","31","1","426","55","78","C0040038"
"355","2","3","7","41","219","339","156","568","697","C0040038"
"5167","2","3","5","32","93","163","207","303","126","C0040038"
"22868","2","3","2","48","182","67","76","463","153","C0040046"
"1636","2","3","5","80","81","166","397","418","568","C0040046"
"6338","2","5","8","63","45","23","34","464","187","C0040046"
"8626","2","3","3","19","221","321","428","541","667","C0040100"
"1717","2","3","2","19","151","276","48","69","204","C0040100"
"8036","2","5","7","60","54","296","399","359","658","C0040100"
"9533","2","3","2","19","31","1","426","55","78","C0040100"
"4038","2","5","7","53","51","342","454","573","492","C0040100"
"5993","2","3","12","19","31","1","426","55","78","C0040128"
"3000","2","5","4","68","96","326","427","548","672","C0040128"
"5824","2","3","5","47","144","185","238","310","392","C0040128"
"5663","2","5","7","34","52","216","395","549","667","C0040128"
"8048","2","5","8","63","45","23","103","464","187","C0040128"
"5654","2","5","7","53","51","342","454","573","492","C0040128"
"54757","2","5","7","53","51","342","454","573","492","C0040128"
"3918","2","5","7","53","51","342","454","573","492","C0040128"
"6559","2","5","8","45","94","199","240","415","666","C0040128"
"3767","2","5","8","63","36","166","106","110","158","C0040128"
"8481","2","3","12","76","153","40","38","54","75","C0040128"
"7994","2","3","12","19","31","1","426","55","78","C0040128"
"7476","2","5","3","68","221","197","259","560","422","C0040128"
"103","2","3","2","110","184","119","156","287","116","C0040128"
"9487","2","3","5","80","81","142","176","235","317","C0040128"
"35","2","3","2","67","148","70","456","575","704","C0040128"
"3977","2","5","7","53","51","119","25","40","416","C0040128"
"6662","2","3","3","19","221","321","428","541","667","C0040128"
"10082","2","3","2","74","51","342","454","573","492","C0040128"
"5696","2","3","12","41","116","268","156","568","116","C0040128"
"95","2","3","5","80","81","166","400","503","625","C0040128"
"55193","2","3","12","19","31","1","426","55","78","C0040128"
"3914","2","5","7","53","51","342","454","573","492","C0040128"
"5792","2","5","7","53","51","335","444","560","373","C0040128"
"2697","2","3","7","76","153","40","38","54","75","C0040147"
"6281","2","5","7","34","52","216","395","572","327","C0040147"
"6648","2","3","2","95","151","160","378","173","229","C0040147"
"1130","2","5","7","60","54","326","141","359","462","C0040147"
"3643","2","5","7","53","14","20","25","40","186","C0040156"
"6531","2","5","8","45","94","199","240","415","666","C0040156"
"368","2","3","12","41","116","268","423","536","445","C0040188"
"24","2","3","12","41","116","268","423","536","445","C0040188"
"3617","2","5","7","86","221","321","454","311","518","C0040261"
"7042","2","5","7","53","51","342","454","573","492","C0040261"
"9419","2","5","7","60","36","71","341","223","219","C0040261"
"72","2","5","8","63","45","23","103","464","187","C0040261"
"5080","2","3","3","19","221","321","428","541","667","C0040261"
"5395","2","3","12","19","31","261","116","1","86","C0040261"
"25959","2","3","3","19","151","276","91","433","118","C0040261"
"8443","2","3","5","43","161","305","409","208","482","C0040261"
"3717","2","5","7","53","14","20","25","40","186","C0040264"
"1621","2","3","5","53","51","239","333","422","537","C0040264"
"2073","2","3","12","19","31","261","116","1","86","C0040264"
"4519","2","3","2","48","170","50","119","508","312","C0040264"
"28982","2","3","5","25","44","165","101","274","358","C0040264"
"51816","2","5","7","34","52","216","395","549","674","C0040264"
"2697","2","3","7","76","153","40","38","54","75","C0040264"
"57526","2","5","7","53","51","335","444","560","373","C0040264"
"5896","2","3","12","41","116","268","434","568","605","C0040264"
"1174","2","5","7","60","153","184","341","544","669","C0040264"
"57216","2","3","12","41","116","268","259","568","422","C0040264"
"7046","2","3","12","41","219","339","259","423","605","C0040264"
"4724","2","3","2","48","170","50","119","444","556","C0040264"
"6683","2","3","12","76","153","40","38","54","75","C0040264"
"7132","2","3","12","41","219","339","156","568","697","C0040264"
"3845","2","5","7","60","54","24","30","46","72","C0040264"
"9897","2","3","12","76","18","75","38","1","212","C0040264"
"4541","2","3","2","48","170","50","119","444","24","C0040264"
"2516","2","3","3","19","151","276","91","433","118","C0040336"
"4323","2","5","7","53","51","342","454","573","492","C0040336"
"10484","2","3","7","60","153","40","38","54","203","C0040336"
"6554","2","5","8","45","94","199","240","415","666","C0040336"
"8643","2","5","3","68","221","197","259","560","422","C0040336"
"10269","2","3","2","48","182","50","119","444","556","C0040336"
"1832","2","5","7","34","52","225","142","220","298","C0040336"
"6310","2","3","12","22","142","225","366","362","468","C0040336"
"51741","2","3","2","22","33","323","66","101","127","C0040336"
"2512","2","3","7","34","52","216","395","544","358","C0040336"
"4000","2","3","12","26","105","178","226","297","156","C0040336"
"2912","2","5","4","68","96","326","427","548","672","C0040411"
"9652","2","3","2","110","85","237","433","547","671","C0040411"
"5828","2","3","5","43","161","305","409","208","482","C0040411"
"3569","2","5","7","53","51","342","454","573","416","C0040411"
"23426","2","5","7","42","36","71","177","223","219","C0040411"
"64802","2","3","2","73","110","53","59","228","306","C0040411"
"3300","2","3","12","41","116","268","347","271","356","C0040411"
"6473","2","3","3","19","221","321","428","541","667","C0040411"
"26119","2","5","7","60","14","184","341","544","669","C0040412"
"2632","2","3","2","28","22","48","232","82","114","C0040412"
"7809","2","5","8","63","45","23","34","464","187","C0040412"
"5376","2","5","7","53","51","342","454","573","492","C0040412"
"80746","2","3","12","22","33","323","66","101","664","C0040412"
"2006","2","5","7","53","51","342","454","573","492","C0040412"
"2720","2","3","7","34","52","216","395","21","599","C0040412"
"3991","2","3","5","80","81","166","57","83","658","C0040412"
"29110","2","3","12","41","219","339","156","568","697","C0040412"
"1571","2","3","5","91","214","271","372","471","26","C0040412"
"5657","2","5","7","34","52","216","395","549","674","C0040412"
"846","2","5","4","68","96","326","427","548","672","C0040412"
"6223","2","3","2","110","85","237","433","547","671","C0040412"
"6663","2","3","3","19","221","321","428","541","667","C0040412"
"10599","2","3","8","35","41","77","40","57","80","C0040412"
"5328","2","5","7","34","52","216","395","549","674","C0040412"
"5159","2","5","7","53","14","20","25","40","186","C0040412"
"5251","2","3","5","80","81","296","474","593","722","C0040457"
"4094","2","3","12","19","31","276","91","433","118","C0040457"
"2719","2","5","7","53","51","342","454","573","492","C0040457"
"1123","2","5","7","60","54","24","30","46","72","C0040457"
"7132","2","3","12","41","219","339","156","568","697","C0040457"
"8985","2","5","7","53","51","342","454","573","492","C0040457"
"23095","2","3","7","76","153","40","38","54","75","C0040457"
"1373","2","3","8","84","97","167","210","271","536","C0040479"
"23636","2","3","12","22","33","323","66","101","664","C0040479"
"6866","2","5","4","68","96","326","427","548","672","C0040479"
"5144","2","3","4","68","96","326","427","548","672","C0040479"
"2182","2","3","2","67","92","265","284","147","235","C0040479"
"3039","2","3","5","35","41","118","155","287","116","C0040479"
"8988","2","3","8","63","45","160","103","464","187","C0040479"
"3553","2","5","7","53","51","119","25","489","416","C0040479"
"5889","2","3","12","19","31","261","116","1","86","C0040485"
"8659","2","3","2","67","103","177","225","295","378","C0040485"
"2627","2","3","12","19","31","118","155","287","116","C0040485"
"2512","2","3","7","34","52","216","395","544","358","C0040485"
"23322","2","3","12","76","153","40","38","54","75","C0040485"
"4000","2","3","12","26","105","178","226","297","156","C0040485"
"5339","2","5","7","53","51","342","454","573","492","C0040485"
"916","2","5","7","53","51","119","25","549","674","C0040485"
"9215","2","5","2","27","36","150","430","215","628","C0040485"
"7040","2","5","7","53","51","342","454","573","492","C0040485"
"10479","2","5","7","27","36","150","341","223","628","C0040485"
"50511","2","3","12","19","31","1","426","55","78","C0040485"
"3952","2","5","3","53","151","276","91","433","118","C0040485"
"26580","2","5","8","27","70","99","162","216","290","C0040485"
"6663","2","3","3","19","221","321","428","541","667","C0040485"
"1401","2","5","7","53","51","119","395","573","492","C0040485"
"2177","2","3","2","110","90","261","431","545","443","C0040485"
"55612","2","5","7","60","36","71","177","560","701","C0040485"
"5908","2","5","7","34","52","216","30","46","72","C0040517"
"26227","2","3","2","41","137","44","208","81","108","C0040517"
"7469","2","3","12","19","31","261","116","159","211","C0040583"
"9464","2","3","12","19","31","276","91","433","118","C0040583"
"2767","2","5","4","68","96","326","427","548","672","C0040583"
"207","2","3","7","53","14","20","34","489","416","C0040583"
"23426","2","5","7","42","36","71","177","223","219","C0040583"
"2697","2","3","7","76","153","40","38","54","75","C0040583"
"5144","2","3","4","68","96","326","427","548","672","C0040583"
"51259","2","3","2","76","153","40","38","54","75","C0040583"
"6607","2","3","2","22","33","323","66","101","664","C0040715"
"4287","2","3","12","41","116","268","434","468","215","C0040715"
"3845","2","5","7","60","54","24","30","46","72","C0040761"
"3909","2","5","7","53","51","342","454","573","492","C0040761"
"4508","2","3","2","48","170","50","119","444","556","C0040953"
"2006","2","5","7","53","51","342","454","573","492","C0040953"
"2316","2","5","7","53","51","342","454","573","702","C0040954"
"7037","2","5","7","60","14","184","341","544","669","C0040954"
"498","2","3","2","48","170","50","304","167","593","C0040961"
"29899","2","5","4","68","96","326","427","548","672","C0040961"
"10019","2","5","7","53","14","20","25","40","116","C0040961"
"7498","2","3","5","80","157","187","159","209","282","C0040961"
"3159","2","3","12","19","31","276","91","433","664","C0040962"
"6833","2","5","8","45","36","166","240","415","666","C0040962"
"23479","2","3","2","48","170","50","119","100","556","C0040963"
"6753","2","5","4","68","96","326","427","548","672","C0040963"
"80776","2","3","12","76","153","40","38","54","75","C0040997"
"6804","2","5","7","60","36","71","341","223","219","C0040997"
"1289","2","5","7","53","51","342","454","573","492","C0040997"
"6473","2","3","3","19","221","321","428","541","667","C0040997"
"3576","2","5","4","68","96","326","427","548","672","C0040997"
"5595","2","3","7","53","14","20","34","540","68","C0040997"
"1465","2","5","8","63","45","23","103","464","187","C0040997"
"24","2","3","12","41","116","268","423","536","445","C0040997"
"4297","2","3","12","19","31","1","426","55","78","C0040997"
"2033","2","3","12","19","31","1","91","433","118","C0040997"
"2146","2","3","12","19","31","1","426","55","78","C0040997"
"6392","2","3","2","48","170","50","119","444","556","C0040997"
"1588","2","3","5","79","159","256","350","27","44","C0041105"
"5832","2","3","2","101","62","189","182","509","252","C0041105"
"22995","2","3","12","76","153","40","38","54","75","C0041105"
"1717","2","3","2","19","151","276","48","69","204","C0041105"
"168507","2","5","7","53","51","335","444","560","373","C0041105"
"8518","2","3","12","19","31","1","426","55","78","C0041105"
"50814","2","3","2","69","221","73","360","86","119","C0041207"
"3766","2","5","8","63","36","166","106","110","158","C0041207"
"617","2","3","2","48","170","50","304","167","593","C0041207"
"4729","2","3","2","48","170","50","119","444","556","C0041296"
"1280","2","5","7","53","51","342","454","573","492","C0041296"
"3115","2","5","7","53","184","119","156","287","116","C0041296"
"55640","2","3","5","80","81","104","369","117","583","C0041296"
"9723","2","5","7","53","51","342","79","560","373","C0041327"
"8312","2","3","12","41","219","339","156","568","605","C0041327"
"7704","2","3","12","41","116","268","434","468","213","C0041327"
"51750","2","3","12","19","31","261","116","1","86","C0041341"
"2483","2","3","2","22","33","323","66","101","136","C0041341"
"2697","2","3","7","76","153","40","38","54","75","C0041341"
"8867","2","3","5","60","14","184","341","544","669","C0041349"
"4893","2","5","7","34","52","24","30","46","72","C0041349"
"2812","2","5","7","53","51","342","454","573","492","C0041349"
"5660","2","5","7","34","52","326","427","548","702","C0041349"
"79143","2","3","5","116","183","295","398","243","327","C0041349"
"2719","2","5","7","53","51","342","454","573","492","C0041349"
"5290","2","3","7","53","14","20","25","40","186","C0041349"
"8642","2","5","7","53","51","335","444","560","373","C0041349"
"9496","2","5","6","11","142","225","142","220","673","C0041408"
"4000","2","3","12","26","105","178","226","297","156","C0041408"
"3159","2","3","12","19","31","276","91","433","664","C0041408"
"3081","2","3","2","91","51","3","267","308","429","C0041408"
"2188","2","3","12","19","31","261","116","1","86","C0041408"
"51807","2","3","12","76","153","40","38","54","75","C0041582"
"9409","2","3","5","43","161","305","409","208","482","C0041582"
"5176","2","5","7","53","51","342","454","573","492","C0041657"
"7019","2","3","3","19","151","276","91","433","118","C0041657"
"144165","2","3","12","41","116","268","259","568","605","C0041657"
"6092","2","5","7","53","51","335","444","560","373","C0041667"
"7020","2","3","12","19","31","276","91","433","664","C0041667"
"3291","2","3","2","69","83","101","94","133","318","C0041667"
"1134","2","5","8","27","70","99","162","216","290","C0041667"
"4726","2","3","2","48","170","50","119","444","556","C0041667"
"2218","2","5","2","53","123","194","255","560","373","C0041667"
"6135","2","3","2","110","85","237","433","547","671","C0041667"
"1278","2","5","7","53","51","342","454","573","492","C0041667"
"7443","2","3","12","19","31","261","34","540","68","C0041667"
"5021","2","5","4","68","96","326","427","548","672","C0041667"
"538","2","3","8","63","45","23","103","464","187","C0041667"
"10733","2","3","12","76","153","40","38","54","75","C0041667"
"207","2","3","7","53","14","20","34","489","416","C0041667"
"5728","2","3","5","80","81","339","156","568","605","C0041667"
"1816","2","5","4","68","96","326","427","548","672","C0041667"
"3956","2","5","7","53","51","342","454","573","492","C0041667"
"1290","2","5","7","53","51","342","454","573","492","C0041667"
"3845","2","5","7","60","54","24","30","46","72","C0041948"
"1758","2","5","7","53","51","342","454","573","492","C0041948"
"5604","2","5","7","53","14","20","34","540","68","C0041948"
"2294","2","3","3","19","221","321","428","541","667","C0041948"
"94","2","5","7","53","51","342","259","423","389","C0041948"
"1299","2","5","7","53","51","342","454","573","492","C0041948"
"5444","2","3","5","80","147","236","328","411","229","C0041948"
"5080","2","3","3","19","221","321","428","541","667","C0041948"
"91147","2","3","12","76","153","40","38","54","75","C0041948"
"4247","2","3","2","68","67","320","98","180","279","C0041948"
"9152","2","5","8","45","94","199","240","415","666","C0041948"
"23639","2","3","12","41","219","261","136","271","356","C0041948"
"5327","2","5","7","53","51","342","454","573","492","C0041948"
"6337","2","5","8","63","45","23","34","464","187","C0041948"
"55112","2","3","12","76","153","40","38","54","75","C0041948"
"2077","2","3","12","76","153","40","38","54","75","C0041948"
"90865","2","3","12","41","219","339","156","568","605","C0041948"
"8625","2","3","12","19","31","276","91","236","118","C0041956"
"2263","2","5","7","53","14","20","25","40","186","C0041956"
"64324","2","3","12","19","31","1","426","55","78","C0041956"
"1289","2","5","7","53","51","342","454","573","492","C0041956"
"4645","2","3","4","67","92","293","55","75","311","C0041956"
"3075","2","5","7","53","51","119","395","549","674","C0041956"
"673","2","5","7","53","14","20","34","540","68","C0041960"
"435","2","3","8","84","97","167","210","278","360","C0041960"
"6696","2","5","7","53","51","342","454","573","492","C0041960"
"51684","2","3","12","41","116","268","38","54","75","C0041960"
"760","2","3","5","35","41","77","40","78","178","C0041974"
"3456","2","3","12","19","31","118","155","287","116","C0041974"
"2674","2","5","7","53","14","20","25","40","186","C0041974"
"2071","2","3","12","19","31","261","116","159","211","C0041974"
"2697","2","3","7","76","153","40","38","54","75","C0041974"
"2896","2","5","7","34","52","216","395","549","674","C0041974"
"6938","2","3","12","19","31","1","426","55","78","C0041974"
"51168","2","5","7","60","14","20","25","40","215","C0041974"
"4512","2","3","2","48","170","110","141","359","8","C0041974"
"140902","2","5","6","34","113","292","444","497","617","C0041974"
"2175","2","3","12","19","31","261","116","1","86","C0041974"
"7432","2","5","4","68","96","326","427","548","672","C0041974"
"4625","2","3","8","63","45","23","103","464","187","C0041974"
"54880","2","3","12","19","31","1","426","55","78","C0041974"
"10002","2","3","3","19","151","276","91","433","118","C0042023"
"4621","2","5","8","63","45","23","103","464","187","C0042023"
"256297","2","3","3","19","221","321","428","541","667","C0042029"
"2146","2","3","12","19","31","1","426","55","78","C0042029"
"4803","2","5","7","60","54","24","30","46","72","C0042035"
"5077","2","3","3","19","221","321","428","541","667","C0042035"
"5340","2","5","7","53","51","342","454","573","492","C0042035"
"217","2","3","5","75","120","200","75","230","309","C0042035"
"9049","2","3","3","41","151","276","378","271","356","C0042063"
"1356","2","3","7","53","51","342","454","573","492","C0042063"
"3236","2","3","3","19","221","321","428","541","667","C0042063"
"5982","2","3","12","19","31","261","116","1","86","C0042063"
"51259","2","3","2","76","153","40","38","54","75","C0042063"
"4929","2","3","3","19","151","276","91","433","118","C0042063"
"1158","2","3","2","72","115","66","72","507","35","C0042063"
"1591","2","3","5","92","163","262","136","460","566","C0042063"
"23594","2","3","12","76","153","261","116","1","86","C0042063"
"429","2","3","3","19","221","321","428","541","667","C0042065"
"175","2","3","7","34","52","216","395","549","674","C0042065"
"9573","2","5","7","53","51","342","259","423","389","C0042065"
"356","2","5","7","53","219","339","25","489","697","C0042076"
"10716","2","5","7","53","51","335","444","560","373","C0042076"
"4292","2","3","12","19","31","261","116","1","86","C0042076"
"25894","2","5","7","60","54","24","30","46","72","C0042076"
"4047","2","3","3","19","151","276","91","433","118","C0042076"
"4843","2","3","5","43","161","305","409","489","416","C0042076"
"22930","2","5","7","60","54","24","30","46","72","C0042076"
"4488","2","3","3","19","221","321","428","541","667","C0042076"
"3953","2","5","7","53","14","20","25","40","186","C0042109"
"11200","2","3","12","19","31","261","116","1","86","C0042109"
"919","2","5","7","53","14","119","25","40","186","C0042109"
"3588","2","5","7","53","51","119","25","40","186","C0042109"
"1301","2","5","7","53","51","342","454","573","492","C0042109"
"7994","2","3","12","19","31","1","426","55","78","C0042109"
"3762","2","5","8","63","36","166","106","110","158","C0042109"
"2192","2","5","7","53","51","342","454","573","492","C0042109"
"4853","2","3","12","19","124","143","428","236","667","C0042109"
"8200","2","5","7","53","51","342","259","423","389","C0042109"
"4254","2","5","7","53","14","20","25","40","186","C0042109"
"1947","2","5","7","53","51","20","25","560","373","C0042109"
"3026","2","5","7","68","51","119","395","549","674","C0042109"
"8792","2","3","12","41","219","339","156","568","697","C0042109"
"1848","2","3","5","42","81","296","399","201","274","C0042109"
"3600","2","5","7","53","51","119","25","40","186","C0042109"
"919","2","5","7","53","14","119","25","40","186","C0042109"
"9742","2","3","12","76","153","40","38","54","75","C0042109"
"1593","2","3","5","79","152","273","157","333","277","C0042109"
"658","2","5","7","53","51","342","259","423","389","C0042109"
"3265","2","5","7","60","54","24","30","46","72","C0042109"
"7153","2","3","12","19","31","261","116","1","86","C0042109"
"54361","2","5","3","68","221","197","259","560","422","C0042109"
"6899","2","5","7","53","184","335","259","560","373","C0042109"
"2296","2","3","3","19","221","321","428","541","667","C0042109"
"3240","2","5","7","34","52","216","395","549","674","C0042109"
"2627","2","3","12","19","31","118","155","287","116","C0042109"
"2261","2","5","7","53","14","20","25","40","186","C0042109"
"10195","2","3","2","48","69","99","162","216","290","C0042109"
"6736","2","3","12","19","31","276","91","433","667","C0042109"
"2261","2","5","7","53","14","20","25","40","186","C0042109"
"1497","2","5","2","63","182","50","103","297","628","C0042133"
"1482","2","3","3","19","221","321","428","541","667","C0042133"
"10948","2","3","5","54","152","273","119","100","589","C0042133"
"51119","2","3","2","110","85","237","433","547","671","C0042138"
"54790","2","3","12","19","31","1","426","55","78","C0042138"
"51702","2","3","12","19","31","1","426","55","78","C0042138"
"5818","2","5","7","53","51","335","444","560","373","C0042138"
"5141","2","3","4","68","96","326","427","548","672","C0042138"
"9342","2","5","7","34","52","216","395","549","674","C0042138"
"5328","2","5","7","34","52","216","395","549","674","C0042138"
"1893","2","5","7","53","51","342","454","573","702","C0042138"
"6016","2","5","7","60","54","24","30","46","72","C0042140"
"6683","2","3","12","76","153","40","38","54","75","C0042140"
"1106","2","3","12","19","31","1","426","55","78","C0042140"
"368","2","3","12","41","116","268","423","536","445","C0042143"
"486","2","5","8","63","45","23","103","464","187","C0042143"
"3459","2","5","7","53","184","119","156","287","116","C0042164"
"89884","2","3","3","110","221","321","428","541","667","C0042164"
"6144","2","3","2","110","85","237","433","547","671","C0042164"
"9451","2","3","2","110","51","335","226","297","380","C0042164"
"3930","2","3","2","22","33","323","66","3","464","C0042164"
"27031","2","3","6","11","142","225","38","331","506","C0042164"
"2353","2","3","12","19","31","1","91","489","416","C0042164"
"3852","2","1","6","11","142","225","142","220","298","C0042164"
"836","2","3","12","41","219","339","402","489","697","C0042164"
"2138","2","3","12","19","31","1","426","55","78","C0042164"
"5155","2","5","7","53","51","342","454","573","186","C0042164"
"5332","2","3","4","68","96","326","427","548","672","C0042164"
"2175","2","3","12","19","31","261","116","1","86","C0042164"
"2706","2","3","12","76","153","40","38","54","75","C0042170"
"2263","2","5","7","53","14","20","25","40","186","C0042170"
"6144","2","3","2","110","85","237","433","547","671","C0042170"
"6908","2","3","12","19","31","1","116","159","211","C0042258"
"26137","2","5","7","63","45","184","103","572","658","C0042258"
"3284","2","3","2","69","98","169","299","183","243","C0042341"
"6532","2","5","8","45","94","199","240","415","666","C0042341"
"23236","2","3","4","68","96","326","427","548","672","C0042341"
"4256","2","5","7","53","51","342","454","573","492","C0042345"
"5290","2","3","7","53","14","20","25","40","186","C0042345"
"1991","2","5","7","34","52","216","395","549","674","C0042345"
"6607","2","3","2","22","33","323","66","101","664","C0042345"
"5290","2","3","7","53","14","20","25","40","186","C0042345"
"7067","2","3","3","19","151","276","91","433","118","C0042345"
"1586","2","3","5","79","98","256","335","425","540","C0042345"
"26119","2","5","7","60","14","184","341","544","669","C0042345"
"6648","2","3","2","95","151","160","378","173","229","C0042345"
"7157","2","3","12","19","31","261","402","489","551","C0042345"
"3035","2","3","2","110","85","237","433","547","154","C0042345"
"7259","2","3","12","19","31","1","426","55","78","C0042345"
"18","2","3","8","67","94","199","182","509","666","C0042373"
"10516","2","5","7","53","51","342","454","573","492","C0042373"
"55112","2","3","12","76","153","40","38","54","75","C0042373"
"55704","2","3","12","76","153","40","38","54","75","C0042373"
"846","2","5","4","68","96","326","427","548","672","C0042373"
"7468","2","3","12","19","31","1","426","55","78","C0042373"
"7039","2","3","12","19","31","1","426","55","203","C0042373"
"5592","2","5","4","53","14","20","34","540","68","C0042373"
"6584","2","3","8","45","94","199","240","415","666","C0042373"
"64220","2","3","2","69","83","101","126","170","224","C0042373"
"1298","2","5","7","53","51","342","454","573","492","C0042373"
"673","2","5","7","53","14","20","34","540","68","C0042373"
"8260","2","3","12","41","85","266","76","287","78","C0042373"
"4598","2","3","2","19","151","276","198","259","427","C0042373"
"1282","2","5","7","53","51","342","454","573","492","C0042373"
"1280","2","5","7","53","51","342","454","573","492","C0042373"
"6338","2","5","8","63","45","23","34","464","187","C0042384"
"3702","2","5","7","53","14","20","25","40","186","C0042384"
"845","2","5","8","63","45","23","34","464","187","C0042384"
"7476","2","5","3","68","221","197","259","560","422","C0042384"
"7132","2","3","12","41","219","339","156","568","697","C0042384"
"9966","2","5","12","41","219","339","156","568","697","C0042384"
"23594","2","3","12","76","153","261","116","1","86","C0042384"
"8754","2","5","7","53","51","342","454","573","492","C0042384"
"26608","2","3","2","22","170","50","119","463","153","C0042384"
"6389","2","3","2","48","170","50","119","444","556","C0042384"
"7840","2","3","12","76","153","40","38","54","75","C0042384"
"51684","2","3","12","41","116","268","38","54","75","C0042384"
"7374","2","3","12","19","31","261","116","1","86","C0042384"
"2752","2","3","2","101","62","189","182","509","409","C0042384"
"6297","2","3","12","41","116","266","402","489","416","C0042384"
"4638","2","5","7","53","45","23","103","464","187","C0042384"
"26503","2","3","2","89","124","204","272","347","442","C0042384"
"81693","2","5","7","48","51","105","139","186","245","C0042384"
"2779","2","5","4","68","96","326","427","548","672","C0042384"
"23411","2","3","12","19","31","1","91","433","118","C0042384"
"1969","2","5","7","53","14","20","25","560","186","C0042384"
"6559","2","5","8","45","94","199","240","415","666","C0042384"
"10133","2","3","12","76","153","40","38","54","75","C0042384"
"83987","2","3","12","41","116","268","434","468","213","C0042454"
"6785","2","3","5","67","7","5","239","311","393","C0042454"
"2067","2","3","12","19","31","261","116","1","86","C0042454"
"4524","2","3","2","15","166","104","369","117","583","C0042454"
"6473","2","3","3","19","221","321","428","541","667","C0042454"
"443","2","3","5","80","81","189","182","509","409","C0042454"
"4353","2","3","7","34","52","216","395","549","674","C0042454"
"3850","2","1","6","11","142","225","142","220","298","C0042454"
"5194","2","3","5","43","161","305","409","208","482","C0042485"
"55572","2","3","2","48","170","50","119","444","556","C0042485"
"1280","2","5","7","53","51","342","454","573","492","C0042485"
"6712","2","5","7","60","153","40","341","223","203","C0042485"
"1591","2","3","5","92","163","262","136","460","566","C0042510"
"7148","2","5","7","53","51","342","454","573","492","C0042510"
"51196","2","3","7","60","54","24","30","46","72","C0042510"
"27019","2","3","12","76","153","40","38","54","75","C0042510"
"1812","2","5","4","68","96","326","427","548","672","C0042510"
"29119","2","5","7","11","51","335","444","560","373","C0042510"
"10913","2","3","12","41","219","339","156","568","697","C0042510"
"4194","2","3","12","19","31","339","156","568","605","C0042510"
"23426","2","5","7","42","36","71","177","223","219","C0042510"
"673","2","5","7","53","14","20","34","540","68","C0042510"
"5573","2","3","12","19","184","118","155","287","116","C0042510"
"2006","2","5","7","53","51","342","454","573","492","C0042510"
"7454","2","5","7","60","14","20","25","40","215","C0042510"
"5080","2","3","3","19","221","321","428","541","667","C0042510"
"4763","2","5","7","60","54","24","30","46","214","C0042510"
"5781","2","5","7","53","14","20","25","40","186","C0042510"
"2717","2","3","7","34","52","216","395","549","674","C0042514"
"4222","2","3","3","19","221","321","428","541","667","C0042514"
"4688","2","5","7","60","14","20","25","40","215","C0042514"
"4540","2","3","2","48","170","50","119","444","556","C0042514"
"10654","2","3","3","72","151","276","91","433","118","C0042514"
"6448","2","3","5","74","160","294","376","453","567","C0042514"
"23522","2","3","12","19","31","1","426","55","78","C0042514"
"348","2","5","7","53","51","342","454","573","492","C0042514"
"4914","2","3","2","22","18","266","202","252","252","C0042514"
"4053","2","5","7","53","51","342","454","573","492","C0042514"
"22807","2","3","12","19","119","330","214","454","144","C0042514"
"1909","2","5","4","68","96","326","427","548","672","C0042514"
"1123","2","5","7","60","54","24","30","46","72","C0042514"
"5290","2","3","7","53","14","20","25","40","186","C0042514"
"6121","2","3","2","69","83","101","126","170","224","C0042514"
"55636","2","3","3","19","221","321","428","423","389","C0042514"
"80184","2","5","7","34","52","216","38","54","75","C0042514"
"8085","2","3","12","19","31","1","426","55","78","C0042514"
"4125","2","3","7","34","52","216","395","549","674","C0042514"
"5979","2","5","7","53","14","20","25","40","186","C0042514"
"8314","2","3","12","41","31","1","426","55","78","C0042514"
"3712","2","3","2","48","170","50","119","444","556","C0042514"
"54977","2","3","2","110","85","118","155","287","116","C0042514"
"54658","2","3","2","78","205","207","67","355","138","C0042514"
"2314","2","3","12","63","45","184","103","572","658","C0042571"
"2653","2","3","2","67","104","214","234","306","388","C0042571"
"6440","2","5","5","68","96","185","238","310","272","C0042571"
"4990","2","3","3","19","221","321","428","541","667","C0042571"
"2952","2","3","5","91","175","271","372","471","586","C0042571"
"4000","2","3","12","26","105","178","226","297","156","C0042571"
"27086","2","3","12","19","221","321","428","541","667","C0042571"
"773","2","5","8","27","36","166","341","223","628","C0042571"
"4535","2","3","2","48","170","50","119","444","556","C0042571"
"1030","2","3","12","19","31","1","426","55","78","C0042571"
"5340","2","5","7","53","51","342","454","573","492","C0042571"
"4541","2","3","2","48","170","50","119","444","24","C0042571"
"11005","2","1","6","11","142","225","142","220","298","C0042571"
"4053","2","5","7","53","51","342","454","573","492","C0042571"
"8322","2","5","3","68","221","184","259","544","669","C0042571"
"1356","2","3","7","53","51","342","454","573","492","C0042571"
"11200","2","3","12","19","31","261","116","1","86","C0042571"
"1161","2","3","12","41","116","268","434","468","213","C0042571"
"6899","2","5","7","53","184","335","259","560","373","C0042571"
"4625","2","3","8","63","45","23","103","464","187","C0042571"
"185","2","5","4","68","96","326","427","548","672","C0042571"
"5915","2","3","3","19","151","276","91","433","118","C0042571"
"9094","2","5","7","27","36","150","341","331","624","C0042571"
"1311","2","5","7","53","51","342","454","573","492","C0042571"
"650","2","5","7","53","51","342","259","423","389","C0042571"
"55315","2","3","5","80","81","296","62","94","150","C0042571"
"23479","2","3","2","48","170","50","119","100","556","C0042571"
"3417","2","3","7","34","52","216","395","549","319","C0042571"
"9126","2","3","12","76","153","40","38","54","75","C0042582"
"1747","2","3","3","19","221","321","428","541","667","C0042582"
"3606","2","5","7","53","51","119","156","489","416","C0042594"
"3981","2","3","12","19","31","261","116","1","86","C0042594"
"5443","2","5","4","68","96","326","427","548","672","C0042594"
"5860","2","3","2","69","91","75","204","267","352","C0042594"
"8036","2","5","7","60","54","296","399","359","658","C0042594"
"2624","2","3","12","19","31","1","155","287","116","C0042594"
"6664","2","3","3","19","221","321","428","541","667","C0042594"
"7480","2","5","3","68","221","197","259","560","422","C0042721"
"5479","2","3","2","53","51","342","454","573","492","C0042721"
"4089","2","3","12","19","219","339","259","423","605","C0042721"
"4436","2","3","12","19","31","261","116","1","86","C0042721"
"2259","2","5","8","63","36","166","341","223","158","C0042769"
"6905","2","3","12","76","153","40","38","54","75","C0042769"
"9409","2","3","5","43","161","305","409","208","482","C0042790"
"3955","2","5","8","89","124","143","428","236","667","C0042790"
"974","2","5","7","53","51","119","395","549","674","C0042790"
"5080","2","3","3","19","221","321","428","541","667","C0042790"
"4747","2","5","7","27","36","150","341","223","628","C0042790"
"2717","2","3","7","34","52","216","395","549","674","C0042790"
"1146","2","5","8","27","70","99","162","216","290","C0042842"
"5447","2","3","5","91","214","271","372","471","586","C0042842"
"22995","2","3","12","76","153","40","38","54","75","C0042842"
"9719","2","5","7","53","51","342","454","573","492","C0042842"
"8626","2","3","3","19","221","321","428","541","667","C0042842"
"9361","2","3","2","48","170","50","119","444","556","C0042842"
"4018","2","5","7","68","51","342","454","573","492","C0042870"
"4069","2","5","7","34","52","216","395","549","674","C0042870"
"2201","2","5","7","53","51","342","454","573","492","C0042870"
"3643","2","5","7","53","14","20","25","40","186","C0042880"
"50846","2","3","3","68","221","197","259","560","422","C0042880"
"411","2","3","7","34","52","216","395","549","674","C0042880"
"7432","2","5","4","68","96","326","427","548","672","C0042900"
"9150","2","3","12","19","31","261","116","159","211","C0042900"
"7305","2","5","7","34","52","216","395","549","674","C0042900"
"54101","2","3","2","48","170","50","347","167","593","C0042900"
"1636","2","3","5","80","81","166","397","418","568","C0042900"
"8890","2","3","2","110","85","237","433","547","671","C0042900"
"2260","2","5","7","53","14","20","25","40","186","C0042900"
"51702","2","3","12","19","31","1","426","55","78","C0042900"
"3586","2","5","7","53","51","119","25","489","416","C0042900"
"1482","2","3","3","19","221","321","428","541","667","C0042900"
"2175","2","3","12","19","31","261","116","1","86","C0042900"
"51816","2","5","7","34","52","216","395","549","674","C0042900"
"4306","2","3","3","19","151","276","91","433","118","C0042900"
"4942","2","3","2","67","94","199","182","509","666","C0042900"
"1896","2","5","12","41","219","339","156","568","697","C0042900"
"29940","2","5","7","53","51","342","454","573","492","C0042900"
"5396","2","3","3","19","221","321","428","541","667","C0042900"
"4627","2","5","7","63","45","184","103","572","658","C0042900"
"6872","2","3","12","19","31","261","116","159","211","C0042900"
"1855","2","5","12","76","153","197","259","560","422","C0042909"
"3425","2","3","5","80","81","166","454","573","492","C0042909"
"6462","2","5","7","63","45","23","444","464","373","C0042909"
"51715","2","5","7","60","54","24","30","46","72","C0042909"
"7547","2","3","3","19","221","321","428","541","667","C0042909"
"8659","2","3","2","67","103","177","225","295","378","C0042909"
"894","2","3","12","19","31","1","34","540","68","C0042928"
"9863","2","5","7","42","36","71","177","223","219","C0042928"
"2177","2","3","2","110","90","261","431","545","443","C0042928"
"10166","2","3","2","84","97","167","210","278","360","C0042928"
"4983","2","5","7","60","54","24","30","46","72","C0042928"
"540","2","5","8","63","45","23","103","464","187","C0042928"
"3972","2","5","4","68","96","326","427","548","672","C0042928"
"29887","2","3","7","60","18","110","141","198","270","C0042961"
"2488","2","5","4","68","96","326","427","548","672","C0042961"
"9049","2","3","3","41","151","276","378","271","356","C0043020"
"6309","2","3","5","19","151","76","48","69","204","C0043020"
"7373","2","5","7","53","51","342","454","573","492","C0043049"
"8260","2","3","12","41","85","266","76","287","78","C0043049"
"3123","2","5","7","53","51","119","156","287","116","C0043116"
"6689","2","3","12","19","31","276","91","433","118","C0043116"
"4041","2","5","3","68","221","197","259","560","422","C0043116"
"51124","2","5","4","68","96","326","427","548","672","C0043119"
"1280","2","5","7","53","51","342","454","573","492","C0043119"
"27031","2","3","6","11","142","225","38","331","506","C0043194"
"6496","2","3","3","19","221","321","428","541","667","C0043194"
"5144","2","3","4","68","96","326","427","548","672","C0043202"
"6913","2","3","3","19","221","321","428","541","667","C0043202"
"4881","2","3","4","68","96","326","427","548","672","C0043202"
"27445","2","5","7","60","36","71","341","223","624","C0043202"
"7473","2","5","3","68","221","197","259","560","422","C0043202"
"7486","2","3","12","19","31","261","116","1","86","C0043202"
"594","2","3","2","67","92","293","55","75","311","C0043202"
"5290","2","3","7","53","14","20","25","40","186","C0043202"
"9096","2","5","7","53","51","335","259","560","373","C0043202"
"1277","2","5","7","53","51","342","454","573","492","C0043202"
"5896","2","3","12","41","116","268","434","568","605","C0043202"
"331","2","3","12","41","219","339","156","568","697","C0043202"
"23767","2","5","7","53","14","20","25","40","186","C0043202"
"10436","2","3","2","110","85","237","433","547","671","C0043207"
"2263","2","5","7","53","14","20","25","40","186","C0043207"
"6899","2","5","7","53","184","335","259","560","373","C0043325"
"617","2","3","2","48","170","50","304","167","593","C0043325"
"1285","2","5","7","53","51","342","454","573","492","C0043325"
"8820","2","3","3","19","221","321","428","541","667","C0043325"
"5605","2","5","7","53","14","20","34","540","68","C0043325"
"5445","2","3","5","80","147","236","328","411","229","C0043325"
"5189","2","3","5","43","161","305","409","208","482","C0043325"
"10806","2","3","12","76","153","40","38","54","75","C0043325"
"268","2","5","7","53","51","342","259","423","389","C0043346"
"3115","2","5","7","53","184","119","156","287","116","C0043346"
"1717","2","3","2","19","151","276","48","69","204","C0043346"
"26160","2","3","12","76","153","40","38","54","75","C0043346"
"4893","2","5","7","34","52","24","30","46","72","C0043346"
"5979","2","5","7","53","14","20","25","40","186","C0043346"
"51741","2","3","2","22","33","323","66","101","127","C0043346"
"10861","2","3","2","35","142","225","142","220","673","C0043346"
"51741","2","3","2","22","33","323","66","101","127","C0043349"
"153090","2","5","7","60","54","24","30","46","72","C0043349"
"7305","2","5","7","34","52","216","395","549","674","C0043349"
"779","2","5","8","63","36","166","341","390","158","C0043349"
"348","2","5","7","53","51","342","454","573","492","C0043349"
"5743","2","3","5","53","175","119","167","489","416","C0043349"
"5015","2","3","3","19","221","321","428","541","667","C0043459"
"6443","2","5","8","63","45","23","103","464","187","C0043459"
"54968","2","3","2","48","170","50","119","444","556","C0043459"
"940","2","5","7","53","14","20","25","40","186","C0043459"
"1716","2","3","2","27","36","150","221","138","188","C0043459"
"3853","2","1","6","11","142","225","142","220","298","C0043459"
"26471","2","3","2","110","85","237","433","547","671","C0043459"
"7048","2","5","7","53","51","342","259","423","389","C0043459"
"593","2","3","2","67","92","293","55","75","311","C0043459"
"5468","2","3","3","19","151","276","91","433","118","C0043459"
"26277","2","3","12","19","31","1","426","1","78","C0043459"
"51364","2","3","6","11","142","225","142","220","298","C0043459"
"6311","2","3","2","22","33","323","66","362","468","C0043459"
"4286","2","3","12","19","31","261","116","1","664","C0043459"
"1840","2","3","12","41","124","143","428","236","667","C0043459"
"950","2","5","7","60","14","184","341","544","669","C0043515"
"10617","2","3","12","48","57","110","141","359","462","C0043515"
"1593","2","3","5","79","152","273","157","333","277","C0043515"
"2773","2","5","4","68","96","326","427","548","672","C0043515"
"1760","2","5","8","63","14","20","34","540","68","C0043515"
"5805","2","3","2","43","91","75","204","267","352","C0078917"
"2271","2","3","5","80","81","166","170","226","305","C0078917"
"10084","2","3","2","22","33","323","66","101","136","C0078917"
"10413","2","3","12","19","36","143","177","236","321","C0078917"
"1387","2","3","12","19","31","276","91","433","118","C0078917"
"10555","2","3","7","34","52","216","395","549","622","C0078917"
"8626","2","3","3","19","221","321","428","541","667","C0078917"
"51626","2","3","12","76","153","40","38","54","75","C0078917"
"6591","2","3","12","19","31","1","426","55","78","C0078918"
"7704","2","3","12","41","116","268","434","468","213","C0078918"
"4982","2","5","12","41","219","339","156","568","697","C0078981"
"6736","2","3","12","19","31","276","91","433","667","C0078981"
"2904","2","5","7","53","14","20","25","223","219","C0078981"
"1962","2","3","5","43","161","305","409","208","482","C0078981"
"1029","2","3","12","19","31","1","116","1","664","C0078981"
"3670","2","3","2","110","85","237","433","547","671","C0078982"
"10577","2","5","7","34","52","216","395","549","674","C0078982"
"4547","2","5","7","53","51","342","454","573","492","C0078982"
"3977","2","5","7","53","51","119","25","40","416","C0078982"
"2261","2","5","7","53","14","20","25","40","186","C0078982"
"9469","2","3","2","103","189","303","29","475","467","C0079153"
"5741","2","5","4","68","96","326","427","548","672","C0079153"
"6197","2","3","12","19","14","20","34","540","68","C0079153"
"4709","2","3","2","48","170","50","119","444","556","C0079153"
"5663","2","5","7","34","52","216","395","549","667","C0079153"
"26160","2","3","12","76","153","40","38","54","75","C0079153"
"26277","2","3","12","19","31","1","426","1","78","C0079153"
"2737","2","3","12","19","116","321","428","54","667","C0079154"
"7248","2","3","2","48","57","110","141","359","462","C0079154"
"6678","2","5","7","53","51","342","454","573","492","C0079154"
"7045","2","5","12","19","51","1","426","55","78","C0079154"
"6303","2","3","2","67","118","160","261","188","423","C0079154"
"8643","2","5","3","68","221","197","259","560","422","C0079154"
"5742","2","3","5","91","175","134","167","224","301","C0079154"
"11343","2","3","5","98","213","334","57","83","658","C0079154"
"54499","2","3","2","48","170","50","119","444","593","C0079154"
"6833","2","5","8","45","36","166","240","415","666","C0079154"
"2166","2","3","2","11","142","152","142","570","298","C0079154"
"162514","2","5","8","63","45","193","306","390","158","C0079154"
"4221","2","3","12","19","31","342","454","573","492","C0079154"
"5076","2","3","3","19","221","321","428","541","667","C0079154"
"4582","2","5","7","53","206","324","430","429","544","C0079154"
"6905","2","3","12","76","153","40","38","54","75","C0079154"
"4041","2","5","3","68","221","197","259","560","422","C0079218"
"7840","2","3","12","76","153","40","38","54","75","C0079218"
"2301","2","5","6","11","142","225","142","220","673","C0079218"
"22909","2","3","12","19","31","261","116","1","86","C0079294"
"26353","2","3","12","76","45","160","347","271","356","C0079294"
"9517","2","3","2","50","47","39","100","321","638","C0079295"
"3439","2","3","12","19","184","118","155","287","116","C0079295"
"9896","2","3","5","80","81","296","399","201","274","C0079298"
"26580","2","5","8","27","70","99","162","216","290","C0079298"
"51025","2","3","2","48","170","50","304","167","593","C0079298"
"2033","2","3","12","19","31","1","91","433","118","C0079299"
"23400","2","5","8","63","45","23","103","464","187","C0079299"
"26123","2","3","2","76","153","40","38","54","75","C0079301"
"7469","2","3","12","19","31","261","116","159","211","C0079301"
"4292","2","3","12","19","31","261","116","1","86","C0079301"
"538","2","3","8","63","45","23","103","464","187","C0079301"
"9966","2","5","12","41","219","339","156","568","697","C0079352"
"1962","2","3","5","43","161","305","409","208","482","C0079352"
"7401","2","5","7","60","83","101","126","170","224","C0079352"
"7421","2","3","3","19","151","276","91","433","118","C0079352"
"1301","2","5","7","53","51","342","454","573","492","C0079352"
"4982","2","5","12","41","219","339","156","568","697","C0079352"
"6326","2","5","8","63","36","166","341","390","158","C0079474"
"4170","2","3","12","41","219","339","402","489","416","C0079474"
"779","2","5","8","63","36","166","341","390","158","C0079487"
"6647","2","3","2","95","2","342","378","173","702","C0079487"
"50506","2","3","2","36","48","89","110","400","341","C0079487"
"7474","2","5","3","68","221","184","259","544","669","C0079487"
"5396","2","3","3","19","221","321","428","541","667","C0079487"
"8626","2","3","3","19","221","321","428","541","667","C0079541"
"355","2","3","7","41","219","339","156","568","697","C0079541"
"5468","2","3","3","19","151","276","91","433","118","C0079541"
"6473","2","3","3","19","221","321","428","541","667","C0079541"
"7476","2","5","3","68","221","197","259","560","422","C0079541"
"167691","2","3","12","76","153","40","38","54","75","C0079541"
"24","2","3","12","41","116","268","423","536","445","C0079541"
"776","2","5","8","63","36","166","341","390","158","C0079541"
"7314","2","3","12","41","219","261","409","208","482","C0079541"
"3481","2","5","7","53","51","342","454","573","492","C0079541"
"6154","2","3","2","110","85","237","433","547","671","C0079541"
"23316","2","3","12","60","31","268","91","148","215","C0079541"
"2200","2","5","7","53","51","342","454","573","492","C0079541"
"2200","2","5","7","53","51","342","454","573","492","C0079541"
"1643","2","3","12","41","116","268","434","468","213","C0079541"
"6710","2","5","7","60","14","20","25","40","186","C0079583"
"9627","2","3","12","19","31","1","426","55","78","C0079583"
"4853","2","3","12","19","124","143","428","236","667","C0079583"
"54880","2","3","12","19","31","1","426","55","78","C0079583"
"2261","2","5","7","53","14","20","25","40","186","C0079583"
"3717","2","5","7","53","14","20","25","40","186","C0079583"
"3655","2","5","7","53","51","342","454","573","492","C0079683"
"5346","2","3","3","19","151","276","91","433","118","C0079683"
"50617","2","3","5","29","88","100","125","168","223","C0079683"
"2184","2","3","5","76","153","138","236","332","407","C0079731"
"5506","2","3","12","76","137","76","136","82","658","C0079731"
"6529","2","5","8","45","94","199","240","415","666","C0079731"
"51360","2","3","3","26","35","276","91","433","203","C0079731"
"10661","2","3","12","19","31","1","426","55","78","C0079731"
"7169","2","5","8","63","45","23","103","464","187","C0079731"
"1352","2","3","2","48","170","50","119","444","556","C0079731"
"7337","2","3","12","41","116","268","434","468","213","C0079731"
"3240","2","5","7","34","52","216","395","549","674","C0079731"
"5034","2","5","7","53","51","342","454","573","492","C0079731"
"7547","2","3","3","19","221","321","428","541","667","C0079731"
"54714","2","5","8","63","36","166","106","110","158","C0079731"
"3339","2","5","7","53","51","342","454","573","492","C0079772"
"2879","2","3","5","80","81","166","378","173","229","C0079772"
"5020","2","5","4","68","96","326","427","548","672","C0079772"
"2993","2","5","7","53","51","119","454","573","492","C0079772"
"5728","2","3","5","80","81","339","156","568","605","C0079772"
"54101","2","3","2","48","170","50","347","167","593","C0079772"
"3651","2","3","3","19","221","321","428","541","667","C0079772"
"7276","2","5","7","34","52","216","395","549","674","C0079772"
"1281","2","5","7","53","51","342","454","573","492","C0079772"
"6833","2","5","8","45","36","166","240","415","666","C0079772"
"998","2","5","7","60","54","24","30","46","72","C0079772"
"5189","2","3","5","43","161","305","409","208","482","C0079772"
"23166","2","5","7","53","51","342","395","549","674","C0079772"
"1302","2","5","7","53","51","342","454","573","492","C0079773"
"1674","2","5","8","63","45","23","103","464","187","C0079773"
"3553","2","5","7","53","51","119","25","489","416","C0079773"
"5631","2","3","2","72","119","109","266","336","452","C0079773"
"4000","2","3","12","26","105","178","226","297","156","C0079773"
"2624","2","3","12","19","31","1","155","287","116","C0079773"
"2706","2","3","12","76","153","40","38","54","75","C0079773"
"9640","2","3","12","19","31","261","116","159","211","C0079773"
"3861","2","1","6","11","142","225","142","220","298","C0079773"
"2737","2","3","12","19","116","321","428","54","667","C0079773"
"3730","2","5","7","53","14","20","25","40","186","C0079773"
"23090","2","3","12","19","151","276","91","433","118","C0079773"
"1311","2","5","7","53","51","342","454","573","492","C0079773"
"2896","2","5","7","34","52","216","395","549","674","C0079773"
"2332","2","3","2","22","33","71","373","466","609","C0079773"
"4358","2","3","5","43","161","305","409","208","482","C0079773"
"8643","2","5","3","68","221","197","259","560","422","C0079773"
"10058","2","3","5","44","50","209","68","11","141","C0079773"
"1410","2","3","12","63","45","23","38","54","187","C0079773"
"10395","2","5","7","60","54","24","30","46","72","C0079773"
"25978","2","3","2","48","57","110","141","359","462","C0079773"
"5296","2","5","7","53","14","20","25","40","186","C0079773"
"6655","2","5","7","60","54","24","30","46","72","C0079774"
"4221","2","3","12","19","31","342","454","573","492","C0079774"
"1759","2","5","7","60","14","184","341","544","669","C0079774"
"2317","2","5","7","63","45","23","103","287","664","C0079774"
"3106","2","5","7","34","52","119","395","549","674","C0079774"
"1906","2","5","4","68","96","326","427","548","672","C0079774"
"5728","2","3","5","80","81","339","156","568","605","C0079774"
"6926","2","5","7","53","51","335","259","560","373","C0079774"
"5627","2","5","7","53","51","342","454","573","702","C0079774"
"29123","2","3","12","19","151","276","91","433","118","C0079924"
"7045","2","5","12","19","51","1","426","55","78","C0079924"
"5728","2","3","5","80","81","339","156","568","605","C0079924"
"8929","2","3","3","19","221","321","428","541","667","C0079924"
"7040","2","5","7","53","51","342","454","573","492","C0079924"
"6531","2","5","8","45","94","199","240","415","666","C0079924"
"153","2","5","4","68","96","326","427","548","672","C0079924"
"3984","2","5","7","53","14","20","34","540","68","C0079924"
"9829","2","5","7","60","14","184","341","544","669","C0079924"
"1585","2","3","5","79","159","256","351","100","589","C0079924"
"29914","2","3","2","48","94","178","240","569","666","C0079924"
"3930","2","3","2","22","33","323","66","3","464","C0079924"
"5396","2","3","3","19","221","321","428","541","667","C0079924"
"1134","2","5","8","27","70","99","162","216","290","C0079924"
"1029","2","3","12","19","31","1","116","1","664","C0079924"
"6444","2","5","8","63","45","23","103","464","187","C0079924"
"10585","2","5","2","27","206","324","430","215","290","C0079924"
"4524","2","3","2","15","166","104","369","117","583","C0079924"
"4540","2","3","2","48","170","50","119","444","556","C0079924"
"1311","2","5","7","53","51","342","454","573","492","C0079924"
"4053","2","5","7","53","51","342","454","573","492","C0079924"
"10806","2","3","12","76","153","40","38","54","75","C0079924"
"5727","2","3","12","68","221","197","259","560","422","C0079924"
"3815","2","5","7","53","14","20","25","40","186","C0079924"
"3984","2","5","7","53","14","20","34","540","68","C0079924"
"11107","2","3","12","19","31","1","426","55","78","C0079924"
"6392","2","3","2","48","170","50","119","444","556","C0079924"
"57728","2","3","12","76","153","40","38","54","75","C0079924"
"344","2","5","7","53","51","342","454","573","492","C0079924"
"3953","2","5","7","53","14","20","25","40","186","C0079924"
"1280","2","5","7","53","51","342","454","573","492","C0079924"
"10525","2","3","2","110","105","178","226","297","380","C0079924"
"5095","2","3","2","48","40","130","166","127","173","C0080024"
"3284","2","3","2","69","98","169","299","183","243","C0080024"
"2520","2","5","4","68","96","326","427","548","672","C0080024"
"4000","2","3","12","26","105","178","226","297","156","C0080024"
"2122","2","3","12","19","31","1","426","55","78","C0080024"
"5396","2","3","3","19","221","321","428","541","667","C0080024"
"54716","2","5","8","45","94","199","240","415","666","C0080024"
"3815","2","5","7","53","14","20","25","40","186","C0080024"
"3481","2","5","7","53","51","342","454","573","492","C0080174"
"2629","2","3","5","80","81","250","291","152","420","C0080174"
"440","2","3","2","101","62","189","182","509","154","C0080174"
"5116","2","3","12","76","153","40","38","54","75","C0080174"
"64135","2","3","12","41","219","339","156","568","605","C0080174"
"6905","2","3","12","76","153","40","38","54","75","C0080174"
"10075","2","3","12","34","52","216","434","468","213","C0080174"
"4353","2","3","7","34","52","216","395","549","674","C0080174"
"1080","2","3","12","41","219","339","156","544","669","C0080174"
"161497","2","3","12","76","153","40","38","54","75","C0080174"
"54101","2","3","2","48","170","50","347","167","593","C0080174"
"2224","2","3","3","19","151","276","91","433","118","C0080174"
"6628","2","3","2","22","33","323","66","101","136","C0080178"
"27086","2","3","12","19","221","321","428","541","667","C0080178"
"8200","2","5","7","53","51","342","259","423","389","C0080178"
"7287","2","5","7","11","142","71","341","560","219","C0080178"
"9420","2","3","5","79","159","256","215","282","366","C0080178"
"7048","2","5","7","53","51","342","259","423","389","C0080178"
"2555","2","5","8","27","70","99","162","216","290","C0080178"
"51343","2","3","12","41","116","268","434","468","213","C0080178"
"5913","2","5","7","27","36","71","341","223","219","C0080178"
"1848","2","3","5","42","81","296","399","201","274","C0080178"
"6654","2","5","7","60","54","24","30","46","72","C0080178"
"3162","2","3","5","53","51","119","402","489","416","C0080178"
"55109","2","5","7","42","81","184","118","543","214","C0080178"
"5468","2","3","3","19","151","276","91","433","118","C0080178"
"23322","2","3","12","76","153","40","38","54","75","C0080178"
"5972","2","5","5","34","52","216","397","418","568","C0080178"
"2623","2","3","12","19","31","1","155","287","116","C0080178"
"3689","2","5","7","34","52","216","395","549","674","C0080178"
"6622","2","3","7","27","36","150","341","223","628","C0080178"
"8856","2","3","3","19","151","276","91","433","118","C0080218"
"2070","2","3","12","19","31","1","426","55","78","C0080218"
"23495","2","3","12","41","219","339","156","568","697","C0080218"
"1280","2","5","7","53","51","342","454","573","492","C0080218"
"3930","2","3","2","22","33","323","66","3","464","C0080218"
"5621","2","5","8","27","36","342","454","573","628","C0080218"
"2214","2","5","7","53","51","119","395","549","674","C0080218"
"760","2","3","5","35","41","77","40","78","178","C0080274"
"859","2","5","8","63","45","23","103","464","187","C0080274"
"2131","2","3","2","74","58","112","148","181","416","C0080274"
"2736","2","3","12","41","116","321","428","54","667","C0080274"
"5830","2","3","5","43","161","305","409","208","482","C0080274"
"2131","2","3","2","74","58","112","148","181","416","C0080274"
"26525","2","5","7","53","219","119","156","568","697","C0080276"
"25978","2","3","2","48","57","110","141","359","462","C0080276"
"10518","2","3","2","22","170","50","119","444","556","C0080276"
"10021","2","5","8","63","36","166","106","110","158","C0080276"
"55630","2","3","5","27","81","99","162","216","290","C0080276"
"2879","2","3","5","80","81","166","378","173","229","C0080276"
"2022","2","5","7","53","51","342","259","423","389","C0080333"
"5156","2","5","7","53","14","20","25","40","186","C0080333"
"2705","2","3","12","76","153","40","38","54","75","C0085084"
"2218","2","5","2","53","123","194","255","560","373","C0085084"
"2147","2","5","7","68","51","342","454","573","492","C0085084"
"4907","2","3","5","80","81","296","62","94","150","C0085084"
"26137","2","5","7","63","45","184","103","572","658","C0085090"
"4318","2","5","7","34","52","216","395","573","492","C0085090"
"51151","2","3","5","23","18","138","250","332","407","C0085096"
"5156","2","5","7","53","14","20","25","40","186","C0085096"
"768","2","3","5","35","41","77","40","370","303","C0085096"
"2548","2","3","7","34","52","216","395","549","674","C0085109"
"5020","2","5","4","68","96","326","427","548","672","C0085109"
"4318","2","5","7","34","52","216","395","573","492","C0085109"
"1763","2","3","12","19","31","261","116","1","86","C0085109"
"3694","2","5","7","53","51","342","454","573","492","C0085109"
"56262","2","5","2","63","182","50","103","297","628","C0085109"
"5781","2","5","7","53","14","20","25","40","186","C0085109"
"5230","2","3","12","72","167","266","367","500","577","C0085109"
"1892","2","3","2","67","148","70","456","97","395","C0085109"
"3569","2","5","7","53","51","342","454","573","416","C0085109"
"23305","2","3","2","67","92","265","284","126","171","C0085109"
"5339","2","5","7","53","51","342","454","573","492","C0085109"
"26229","2","3","2","74","205","191","396","408","257","C0085109"
"3039","2","3","5","35","41","118","155","287","116","C0085110"
"5743","2","3","5","53","175","119","167","489","416","C0085110"
"1593","2","3","5","79","152","273","157","333","277","C0085110"
"4867","2","5","7","76","153","40","38","54","75","C0085110"
"2022","2","5","7","53","51","342","259","423","389","C0085110"
"10020","2","3","2","89","124","204","42","452","258","C0085110"
"2332","2","3","2","22","33","71","373","466","609","C0085110"
"5321","2","3","5","116","183","295","398","243","327","C0085110"
"4312","2","5","7","53","51","342","454","573","492","C0085110"
"4068","2","5","7","53","51","119","25","549","674","C0085110"
"6154","2","3","2","110","85","237","433","547","671","C0085110"
"2316","2","5","7","53","51","342","454","573","702","C0085110"
"368","2","3","12","41","116","268","423","536","445","C0085110"
"1991","2","5","7","34","52","216","395","549","674","C0085110"
"355","2","3","7","41","219","339","156","568","697","C0085110"
"4318","2","5","7","34","52","216","395","573","492","C0085110"
"7355","2","3","2","78","206","324","430","429","544","C0085129"
"4683","2","3","12","19","31","261","116","1","86","C0085129"
"51196","2","3","7","60","54","24","30","46","72","C0085129"
"1030","2","3","12","19","31","1","426","55","78","C0085129"
"4089","2","3","12","19","219","339","259","423","605","C0085129"
"4489","2","5","6","27","184","261","116","287","116","C0085129"
"4893","2","5","7","34","52","24","30","46","72","C0085129"
"5777","2","5","7","34","52","216","395","40","116","C0085129"
"8557","2","5","8","63","45","23","103","464","187","C0085129"
"2690","2","5","7","53","14","20","25","40","186","C0085129"
"1717","2","3","2","19","151","276","48","69","204","C0085129"
"9533","2","3","2","19","31","1","426","55","78","C0085129"
"7157","2","3","12","19","31","261","402","489","551","C0085131"
"3930","2","3","2","22","33","323","66","3","464","C0085131"
"9096","2","5","7","53","51","335","259","560","373","C0085136"
"4204","2","3","12","19","31","1","426","55","78","C0085136"
"9215","2","5","2","27","36","150","430","215","628","C0085159"
"1021","2","3","12","19","31","1","426","55","78","C0085159"
"2263","2","5","7","53","14","20","25","40","186","C0085159"
"9569","2","3","12","19","31","276","91","433","118","C0085159"
"2554","2","5","8","27","70","99","162","216","290","C0085159"
"3938","2","3","5","80","81","337","448","565","562","C0085159"
"3892","2","1","6","11","142","225","142","220","298","C0085159"
"1832","2","5","7","34","52","225","142","220","298","C0085159"
"4750","2","5","12","76","14","20","34","540","68","C0085159"
"6335","2","5","8","63","36","166","341","390","158","C0085159"
"6786","2","5","8","63","45","23","103","464","187","C0085159"
"4922","2","5","4","68","96","326","427","548","672","C0085159"
"9533","2","3","2","19","31","1","426","55","78","C0085159"
"6870","2","5","4","68","96","326","427","548","672","C0085159"
"6223","2","3","2","110","85","237","433","547","671","C0085159"
"2248","2","5","7","53","14","20","25","40","186","C0085159"
"2670","2","5","7","27","36","150","341","223","628","C0085179"
"3552","2","3","12","53","51","119","156","489","416","C0085179"
"6309","2","3","5","19","151","76","48","69","204","C0085183"
"1300","2","5","7","53","51","342","454","573","492","C0085183"
"8600","2","5","7","41","219","339","156","568","697","C0085183"
"5339","2","5","7","53","51","342","454","573","492","C0085183"
"1062","2","3","12","76","153","40","38","54","75","C0085183"
"2623","2","3","12","19","31","1","155","287","116","C0085183"
"54919","2","3","2","41","96","279","304","370","257","C0085200"
"26525","2","5","7","53","219","119","156","568","697","C0085200"
"7046","2","3","12","41","219","339","259","423","605","C0085200"
"23384","2","3","12","63","45","184","103","572","658","C0085200"
"25886","2","3","12","76","153","76","136","472","435","C0085207"
"207","2","3","7","53","14","20","34","489","416","C0085207"
"3784","2","5","8","63","36","166","106","110","158","C0085207"
"4810","2","3","2","76","57","110","444","560","373","C0085207"
"1144","2","5","8","27","70","99","162","216","290","C0085207"
"5173","2","5","4","68","96","326","427","548","672","C0085207"
"3984","2","5","7","53","14","20","34","540","68","C0085207"
"658","2","5","7","53","51","342","259","423","389","C0085207"
"5824","2","3","5","47","144","185","238","310","392","C0085207"
"3549","2","5","3","53","51","197","259","560","422","C0085207"
"1806","2","3","2","49","23","186","149","195","61","C0085207"
"2254","2","5","7","53","14","20","25","40","186","C0085207"
"1297","2","5","7","53","51","342","454","573","492","C0085215"
"2138","2","3","12","19","31","1","426","55","78","C0085215"
"2272","2","3","12","19","170","266","367","500","577","C0085215"
"4882","2","3","4","68","96","326","427","548","672","C0085215"
"55315","2","3","5","80","81","296","62","94","150","C0085215"
"9533","2","3","2","19","31","1","426","55","78","C0085215"
"6567","2","5","8","35","41","77","40","57","80","C0085215"
"540","2","5","8","63","45","23","103","464","187","C0085215"
"1504","2","5","7","53","51","342","454","186","245","C0085215"
"55599","2","3","2","22","33","323","66","101","136","C0085220"
"4352","2","5","7","53","14","20","25","40","186","C0085220"
"1289","2","5","7","53","51","342","454","573","492","C0085220"
"2132","2","3","2","74","58","112","148","193","263","C0085220"
"2301","2","5","6","11","142","225","142","220","673","C0085220"
"2068","2","3","12","19","31","261","116","159","211","C0085261"
"6495","2","3","3","19","221","321","428","541","667","C0085261"
"3952","2","5","3","53","151","276","91","433","118","C0085269"
"6390","2","3","2","48","170","50","119","444","556","C0085269"
"5916","2","3","3","19","151","276","91","433","118","C0085271"
"1909","2","5","4","68","96","326","427","548","672","C0085271"
"5173","2","5","4","68","96","326","427","548","672","C0085271"
"4864","2","3","5","48","152","184","341","544","669","C0085271"
"5663","2","5","7","34","52","216","395","549","667","C0085271"
"3630","2","5","7","53","14","20","25","40","186","C0085271"
"5781","2","5","7","53","14","20","25","40","186","C0085271"
"1736","2","3","2","110","85","237","433","547","671","C0085271"
"5832","2","3","2","101","62","189","182","509","252","C0085271"
"348","2","5","7","53","51","342","454","573","492","C0085271"
"2313","2","3","12","19","31","276","91","433","118","C0085271"
"1280","2","5","7","53","51","342","454","573","492","C0085271"
"3026","2","5","7","68","51","119","395","549","674","C0085280"
"7015","2","3","12","19","31","1","426","55","78","C0085280"
"6622","2","3","7","27","36","150","341","223","628","C0085298"
"1301","2","5","7","53","51","342","454","573","492","C0085298"
"6121","2","3","2","69","83","101","126","170","224","C0085298"
"9150","2","3","12","19","31","261","116","159","211","C0085298"
"4723","2","3","2","48","170","50","119","444","556","C0085298"
"5155","2","5","7","53","51","342","454","573","186","C0085298"
"1588","2","3","5","79","159","256","350","27","44","C0085298"
"6392","2","3","2","48","170","50","119","444","556","C0085298"
"5396","2","3","3","19","221","321","428","541","667","C0085298"
"6532","2","5","8","45","94","199","240","415","666","C0085298"
"5580","2","5","7","34","52","216","395","287","116","C0085298"
"2944","2","3","5","91","175","271","372","471","586","C0085298"
"5308","2","3","3","19","221","321","428","541","667","C0085298"
"1186","2","5","8","63","45","23","34","464","187","C0085298"
"10585","2","5","2","27","206","324","430","215","290","C0085298"
"5444","2","3","5","80","147","236","328","411","229","C0085298"
"6197","2","3","12","19","14","20","34","540","68","C0085298"
"1736","2","3","2","110","85","237","433","547","671","C0085298"
"4683","2","3","12","19","31","261","116","1","86","C0085298"
"25782","2","5","7","60","54","24","30","46","72","C0085298"
"920","2","5","7","53","14","184","341","544","669","C0085298"
"9719","2","5","7","53","51","342","454","573","492","C0085298"
"4010","2","3","3","19","221","321","428","541","667","C0085298"
"4548","2","3","2","15","85","105","139","186","245","C0085298"
"26090","2","3","2","80","81","166","397","361","466","C0085298"
"8291","2","5","8","63","45","23","103","464","187","C0085298"
"25939","2","3","12","53","184","119","156","287","116","C0085298"
"627","2","5","7","53","51","335","444","423","373","C0085298"
"79728","2","3","12","19","31","261","116","1","86","C0085298"
"4256","2","5","7","53","51","342","454","573","492","C0085307"
"54539","2","3","2","48","170","50","119","444","556","C0085307"
"7518","2","3","12","19","31","261","116","1","86","C0085307"
"1493","2","5","7","53","51","119","25","40","186","C0085307"
"657","2","5","7","53","221","342","259","423","389","C0085307"
"7249","2","3","7","60","57","110","141","359","462","C0085307"
"3549","2","5","3","53","51","197","259","560","422","C0085390"
"5573","2","3","12","19","184","118","155","287","116","C0085390"
"3991","2","3","5","80","81","166","57","83","658","C0085390"
"23493","2","3","12","19","221","143","428","236","667","C0085396"
"8878","2","3","12","41","219","339","156","568","697","C0085396"
"1576","2","3","5","91","214","226","326","413","574","C0085396"
"6913","2","3","3","19","221","321","428","541","667","C0085397"
"6201","2","3","2","110","85","237","433","547","671","C0085397"
"51128","2","5","7","60","153","24","38","46","72","C0085397"
"5122","2","5","4","27","36","184","141","359","411","C0085400"
"10560","2","3","2","65","196","310","127","527","648","C0085400"
"54768","2","3","12","41","92","197","57","198","517","C0085400"
"7443","2","3","12","19","31","261","34","540","68","C0085400"
"53834","2","5","7","53","51","342","454","573","492","C0085400"
"50939","2","3","12","76","153","40","38","472","435","C0085400"
"6340","2","5","8","63","45","23","34","464","187","C0085400"
"652","2","5","7","53","51","342","454","573","492","C0085400"
"6785","2","3","5","67","7","5","239","311","393","C0085400"
"4054","2","5","7","53","51","342","454","573","492","C0085413"
"6335","2","5","8","63","36","166","341","390","158","C0085413"
"1186","2","5","8","63","45","23","34","464","187","C0085413"
"7291","2","3","12","19","151","276","91","489","416","C0085413"
"5837","2","3","5","80","81","23","103","464","658","C0085413"
"3748","2","5","8","63","36","166","106","110","158","C0085413"
"23509","2","3","2","89","124","143","428","236","667","C0085541"
"9820","2","3","12","41","116","268","434","468","213","C0085541"
"4210","2","3","12","41","219","339","156","568","697","C0085541"
"7291","2","3","12","19","151","276","91","489","416","C0085541"
"5116","2","3","12","76","153","40","38","54","75","C0085548"
"54968","2","3","2","48","170","50","119","444","556","C0085548"
"6440","2","5","5","68","96","185","238","310","272","C0085548"
"8450","2","3","12","41","116","268","434","468","213","C0085548"
"3594","2","5","7","53","51","119","25","560","373","C0085548"
"6575","2","3","8","45","94","199","240","415","666","C0085548"
"5979","2","5","7","53","14","20","25","40","186","C0085548"
"5605","2","5","7","53","14","20","34","540","68","C0085548"
"6925","2","3","12","19","31","225","142","220","298","C0085570"
"112752","2","3","12","76","153","40","38","54","75","C0085570"
"11160","2","3","12","41","116","268","423","536","445","C0085570"
"2077","2","3","12","76","153","40","38","54","75","C0085570"
"6531","2","5","8","45","94","199","240","415","666","C0085576"
"57282","2","3","2","45","94","199","240","415","666","C0085576"
"25886","2","3","12","76","153","76","136","472","435","C0085576"
"1280","2","5","7","53","51","342","454","573","492","C0085576"
"7132","2","3","12","41","219","339","156","568","697","C0085576"
"2668","2","5","7","53","14","20","25","40","186","C0085576"
"51182","2","3","12","22","33","323","347","271","356","C0085576"
"5189","2","3","5","43","161","305","409","208","482","C0085576"
"6866","2","5","4","68","96","326","427","548","672","C0085576"
"4952","2","3","5","60","54","184","30","544","669","C0085576"
"2245","2","5","7","60","54","24","30","46","72","C0085576"
"695","2","5","7","53","14","20","25","40","186","C0085576"
"55131","2","3","2","110","85","237","433","547","671","C0085576"
"8200","2","5","7","53","51","342","259","423","389","C0085576"
"4261","2","3","12","53","184","119","156","287","116","C0085576"
"9971","2","3","3","19","151","276","91","433","118","C0085576"
"9517","2","3","2","50","47","39","100","321","638","C0085577"
"117579","2","5","4","68","96","326","427","548","672","C0085577"
"29110","2","3","12","41","219","339","156","568","697","C0085577"
"2175","2","3","12","19","31","261","116","1","86","C0085577"
"10049","2","3","12","22","219","339","347","271","356","C0085577"
"51752","2","3","2","41","153","119","156","536","116","C0085577"
"3458","2","5","7","53","184","119","156","287","116","C0085580"
"9394","2","3","2","74","58","112","148","193","263","C0085580"
"2235","2","3","2","17","24","51","132","175","473","C0085580"
"3860","2","1","6","11","142","225","142","220","298","C0085580"
"10008","2","5","8","63","36","166","341","223","158","C0085580"
"5096","2","3","2","48","40","130","166","127","173","C0085580"
"7415","2","3","7","34","52","216","395","536","445","C0085580"
"641","2","3","12","19","31","261","116","1","86","C0085580"
"10815","2","5","7","60","36","71","341","223","666","C0085580"
"37","2","3","2","110","105","178","226","297","380","C0085580"
"2304","2","3","12","19","221","321","428","541","667","C0085580"
"2255","2","5","7","53","14","20","25","40","186","C0085580"
"1027","2","3","12","19","31","1","116","1","86","C0085580"
"7461","2","3","7","60","153","40","38","93","75","C0085581"
"53834","2","5","7","53","51","342","454","573","492","C0085581"
"2261","2","5","7","53","14","20","25","40","186","C0085581"
"6556","2","3","7","34","52","216","395","549","674","C0085581"
"8398","2","3","5","116","183","40","38","352","455","C0085581"
"2717","2","3","7","34","52","216","395","549","674","C0085581"
"1832","2","5","7","34","52","225","142","220","298","C0085581"
"94","2","5","7","53","51","342","259","423","389","C0085581"
"3119","2","5","7","53","153","119","156","287","116","C0085581"
"4920","2","5","7","53","14","20","259","560","373","C0085581"
"79728","2","3","12","19","31","261","116","1","86","C0085581"
"25953","2","3","2","67","92","293","137","75","664","C0085583"
"210","2","3","7","34","52","216","395","549","674","C0085583"
"3758","2","5","8","63","36","166","106","110","158","C0085583"
"23064","2","3","6","11","31","261","142","220","664","C0085583"
"23230","2","5","7","11","142","71","341","560","219","C0085583"
"9997","2","3","2","48","170","50","119","444","556","C0085583"
"1311","2","5","7","53","51","342","454","573","492","C0085583"
"2153","2","5","7","53","51","342","454","573","492","C0085583"
"54499","2","3","2","48","170","50","119","444","593","C0085583"
"71","2","5","7","60","14","184","103","544","669","C0085583"
"50939","2","3","12","76","153","40","38","472","435","C0085583"
"4524","2","3","2","15","166","104","369","117","583","C0085583"
"23133","2","3","12","19","31","1","426","55","78","C0085583"
"3431","2","3","12","53","184","119","156","287","116","C0085583"
"4286","2","3","12","19","31","261","116","1","664","C0085583"
"1848","2","3","5","42","81","296","399","201","274","C0085583"
"217","2","3","5","75","120","200","75","230","309","C0085583"
"4854","2","5","7","53","51","143","428","236","667","C0085583"
"10269","2","3","2","48","182","50","119","444","556","C0085583"
"5860","2","3","2","69","91","75","204","267","352","C0085583"
"27077","2","3","12","76","153","40","38","54","75","C0085583"
"10483","2","3","7","60","54","24","30","46","72","C0085583"
"427","2","3","7","34","52","216","395","549","420","C0085583"
"5396","2","3","3","19","221","321","428","541","667","C0085583"
"5932","2","3","12","19","31","261","116","1","86","C0085583"
"2200","2","5","7","53","51","342","454","573","492","C0085583"
"3075","2","5","7","53","51","119","395","549","674","C0085583"
"6521","2","5","8","35","41","199","40","415","666","C0085583"
"23729","2","3","2","90","167","148","36","51","383","C0085583"
"5873","2","5","7","34","54","24","30","46","72","C0085583"
"9662","2","3","12","76","153","40","38","54","75","C0085583"
"6335","2","5","8","63","36","166","341","390","158","C0085583"
"1584","2","3","5","79","159","256","276","353","456","C0085593"
"1589","2","3","5","79","186","215","297","379","491","C0085593"
"51317","2","3","12","19","31","1","426","55","78","C0085602"
"54487","2","3","2","22","33","323","66","101","136","C0085602"
"50484","2","3","5","80","109","182","235","307","506","C0085602"
"6334","2","5","8","63","36","166","341","223","158","C0085602"
"2263","2","5","7","53","14","20","25","40","186","C0085602"
"6786","2","5","8","63","45","23","103","464","187","C0085602"
"359787","2","3","2","22","33","323","104","146","194","C0085602"
"1290","2","5","7","53","51","342","454","573","492","C0085602"
"4089","2","3","12","19","219","339","259","423","605","C0085602"
"3975","2","3","3","19","221","321","428","541","667","C0085602"
"7841","2","3","2","41","116","178","423","536","445","C0085602"
"5605","2","5","7","53","14","20","34","540","68","C0085602"
"8842","2","5","5","53","82","147","184","179","328","C0085602"
"5296","2","5","7","53","14","20","25","40","186","C0085602"
"5743","2","3","5","53","175","119","167","489","416","C0085602"
"5832","2","3","2","101","62","189","182","509","252","C0085606"
"23363","2","3","12","41","116","268","434","468","213","C0085606"
"22995","2","3","12","76","153","40","38","54","75","C0085606"
"9150","2","3","12","19","31","261","116","159","211","C0085606"
"6531","2","5","8","45","94","199","240","415","666","C0085606"
"7249","2","3","7","60","57","110","141","359","462","C0085606"
"58","2","5","8","63","45","23","103","464","187","C0085606"
"4286","2","3","12","19","31","261","116","1","664","C0085606"
"203286","2","5","7","50","30","193","306","148","624","C0085606"
"5476","2","3","7","34","52","216","395","152","310","C0085606"
"9499","2","5","7","53","51","23","103","464","187","C0085606"
"2562","2","5","8","27","70","99","162","216","290","C0085606"
"22808","2","5","7","60","54","24","30","46","72","C0085606"
"4723","2","3","2","48","170","50","119","444","556","C0085606"
"2072","2","3","12","19","31","261","116","1","86","C0085610"
"30009","2","5","7","53","51","119","25","549","674","C0085610"
"5144","2","3","4","68","96","326","427","548","672","C0085610"
"1678","2","3","2","48","170","50","304","167","593","C0085610"
"3060","2","5","4","68","96","326","427","548","672","C0085611"
"3039","2","3","5","35","41","118","155","287","116","C0085611"
"10535","2","3","12","76","153","40","38","54","75","C0085611"
"2263","2","5","7","53","14","20","25","40","186","C0085612"
"3248","2","3","2","69","83","133","167","224","301","C0085612"
"50484","2","3","5","80","109","182","235","307","506","C0085612"
"3981","2","3","12","19","31","261","116","1","86","C0085612"
"2006","2","5","7","53","51","342","454","573","492","C0085612"
"10516","2","5","7","53","51","342","454","573","492","C0085612"
"5830","2","3","5","43","161","305","409","208","482","C0085612"
"4519","2","3","2","48","170","50","119","508","312","C0085612"
"8241","2","3","2","22","33","323","66","101","136","C0085612"
"11277","2","3","12","19","31","261","116","1","86","C0085612"
"1890","2","3","5","80","81","296","62","94","150","C0085612"
"3769","2","5","8","63","36","166","106","110","158","C0085614"
"6872","2","3","12","19","31","261","116","159","211","C0085614"
"1717","2","3","2","19","151","276","48","69","204","C0085614"
"5818","2","5","7","53","51","335","444","560","373","C0085614"
"1071","2","5","7","53","51","342","454","573","492","C0085614"
"8795","2","5","7","41","219","339","156","568","697","C0085615"
"1294","2","5","7","53","51","342","454","573","492","C0085615"
"8139","2","3","12","41","116","268","434","468","213","C0085615"
"51199","2","3","12","76","153","40","38","54","75","C0085615"
"5479","2","3","2","53","51","342","454","573","492","C0085615"
"54539","2","3","2","48","170","50","119","444","556","C0085623"
"3123","2","5","7","53","51","119","156","287","116","C0085623"
"4312","2","5","7","53","51","342","454","573","492","C0085623"
"3265","2","5","7","60","54","24","30","46","72","C0085623"
"26191","2","5","7","53","14","20","25","40","186","C0085623"
"3309","2","3","12","41","219","342","347","271","702","C0085623"
"8323","2","5","3","68","221","197","259","560","422","C0085623"
"54332","2","3","2","60","170","40","98","66","203","C0085623"
"4000","2","3","12","26","105","178","226","297","156","C0085623"
"9343","2","3","2","22","33","323","66","101","136","C0085623"
"2177","2","3","2","110","90","261","431","545","443","C0085623"
"7461","2","3","7","60","153","40","38","93","75","C0085623"
"3630","2","5","7","53","14","20","25","40","186","C0085623"
"27019","2","3","12","76","153","40","38","54","75","C0085631"
"8626","2","3","3","19","221","321","428","541","667","C0085631"
"51473","2","5","7","60","36","20","25","64","215","C0085631"
"1280","2","5","7","53","51","342","454","573","492","C0085631"
"100","2","3","5","33","21","47","56","80","199","C0085631"
"55135","2","3","12","76","137","76","136","472","435","C0085631"
"4001","2","3","12","76","31","40","38","54","75","C0085631"
"9496","2","5","6","11","142","225","142","220","673","C0085631"
"5008","2","5","7","53","51","119","25","489","416","C0085631"
"6469","2","5","3","53","221","197","259","560","422","C0085631"
"78987","2","5","4","68","96","326","162","216","290","C0085631"
"3753","2","5","8","63","36","166","341","223","158","C0085631"
"7157","2","3","12","19","31","261","402","489","551","C0085631"
"6949","2","3","2","110","85","237","164","390","311","C0085631"
"2263","2","5","7","53","14","20","25","40","186","C0085631"
"1824","2","1","6","11","142","225","142","220","298","C0085631"
"9968","2","4","3","24","119","330","214","454","144","C0085632"
"3663","2","3","12","53","184","119","156","287","116","C0085632"
"8878","2","3","12","41","219","339","156","568","697","C0085632"
"2110","2","3","2","48","170","50","119","444","556","C0085632"
"5919","2","5","7","53","51","342","454","573","702","C0085632"
"54888","2","3","2","110","85","152","129","252","154","C0085632"
"894","2","3","12","19","31","1","34","540","68","C0085632"
"2317","2","5","7","63","45","23","103","287","664","C0085632"
"271","2","3","5","33","6","241","233","304","386","C0085632"
"150094","2","3","3","53","14","20","34","540","68","C0085632"
"23639","2","3","12","41","219","261","136","271","356","C0085632"
"2629","2","3","5","80","81","250","291","152","420","C0085632"
"2516","2","3","3","19","151","276","91","433","118","C0085632"
"4703","2","5","7","60","45","23","103","464","187","C0085632"
"7291","2","3","12","19","151","276","91","489","416","C0085632"
"9401","2","3","12","76","31","261","116","1","86","C0085632"
"9719","2","5","7","53","51","342","454","573","492","C0085655"
"143689","2","3","2","22","33","323","66","101","136","C0085655"
"8626","2","3","3","19","221","321","428","541","667","C0085655"
"421","2","5","7","42","51","335","444","560","373","C0085655"
"9927","2","3","12","19","31","118","155","287","116","C0085655"
"10262","2","3","2","22","33","323","66","101","136","C0085660"
"8573","2","5","7","53","36","71","341","223","219","C0085660"
"9031","2","3","12","19","31","1","426","55","78","C0085660"
"23322","2","3","12","76","153","40","38","54","75","C0085660"
"8085","2","3","12","19","31","1","426","55","78","C0085660"
"50","2","3","5","80","81","50","304","167","593","C0085660"
"7403","2","3","12","19","31","1","426","55","78","C0085660"
"6309","2","3","5","19","151","76","48","69","204","C0085660"
"4604","2","5","8","63","45","23","103","464","187","C0085661"
"3659","2","3","12","19","184","119","156","287","116","C0085661"
"5428","2","3","2","48","170","50","119","167","593","C0085661"
"701","2","3","12","76","153","40","38","54","75","C0085661"
"3791","2","5","7","53","51","342","454","573","492","C0085661"
"9211","2","5","7","27","36","150","341","223","628","C0085661"
"25836","2","3","12","76","153","40","38","54","75","C0085669"
"79581","2","3","5","38","134","174","476","178","237","C0085669"
"23230","2","5","7","11","142","71","341","560","219","C0085669"
"7518","2","3","12","19","31","261","116","1","86","C0085669"
"5818","2","5","7","53","51","335","444","560","373","C0085669"
"8242","2","3","12","19","31","1","426","55","78","C0085669"
"5190","2","3","5","43","161","305","409","208","482","C0085679"
"51738","2","5","4","68","96","326","427","548","672","C0085679"
"4548","2","3","2","15","85","105","139","186","245","C0085680"
"1277","2","5","7","53","51","342","454","573","492","C0085680"
"6845","2","5","7","60","14","184","341","544","669","C0085680"
"3039","2","3","5","35","41","118","155","287","116","C0085680"
"190","2","3","3","19","151","276","91","433","118","C0085680"
"1482","2","3","3","19","221","321","428","541","667","C0085680"
"547","2","3","7","76","153","40","38","54","75","C0085681"
"23432","2","3","12","41","116","268","38","54","75","C0085681"
"5468","2","3","3","19","151","276","91","433","118","C0085681"
"4942","2","3","2","67","94","199","182","509","666","C0085681"
"22995","2","3","12","76","153","40","38","54","75","C0085681"
"175","2","3","7","34","52","216","395","549","674","C0085681"
"7169","2","5","8","63","45","23","103","464","187","C0085681"
"5731","2","5","4","68","96","326","427","548","672","C0085681"
"4204","2","3","12","19","31","1","426","55","78","C0085681"
"5194","2","3","5","43","161","305","409","208","482","C0085681"
"4358","2","3","5","43","161","305","409","208","482","C0085681"
"3614","2","3","7","34","52","216","395","549","674","C0085681"
"22897","2","3","12","76","153","40","38","54","75","C0085681"
"6905","2","3","12","76","153","40","38","54","75","C0085681"
"2218","2","5","2","53","123","194","255","560","373","C0085681"
"2314","2","3","12","63","45","184","103","572","658","C0085681"
"2068","2","3","12","19","31","261","116","159","211","C0085681"
"274","2","5","7","60","14","184","341","544","669","C0085682"
"3767","2","5","8","63","36","166","106","110","158","C0085682"
"9839","2","3","3","19","221","321","428","541","667","C0085682"
"4952","2","3","5","60","54","184","30","544","669","C0085682"
"4512","2","3","2","48","170","110","141","359","8","C0085682"
"2488","2","5","4","68","96","326","427","548","672","C0085682"
"538","2","3","8","63","45","23","103","464","187","C0085682"
"540","2","5","8","63","45","23","103","464","187","C0085682"
"2316","2","5","7","53","51","342","454","573","702","C0085682"
"54903","2","3","12","76","153","40","38","54","75","C0085682"
"4920","2","5","7","53","14","20","259","560","373","C0085682"
"145873","2","5","12","19","221","335","259","423","389","C0085682"
"3269","2","5","4","68","96","326","427","548","672","C0085682"
"4534","2","3","5","80","81","296","399","362","468","C0085682"
"1733","2","3","5","69","83","101","126","57","224","C0085682"
"6591","2","3","12","19","31","1","426","55","78","C0085682"
"3053","2","5","7","53","51","342","454","573","492","C0085682"
"1139","2","5","8","27","70","99","162","216","290","C0085682"
"7428","2","3","12","41","116","268","434","468","213","C0085684"
"3949","2","5","7","60","14","184","341","544","669","C0085684"
"7036","2","3","5","29","88","132","85","222","346","C0085684"
"54756","2","5","7","41","219","238","118","543","214","C0085684"
"10312","2","3","7","34","52","216","395","549","674","C0085684"
"10075","2","3","12","34","52","216","434","468","213","C0085684"
"6337","2","5","8","63","45","23","34","464","187","C0085684"
"3439","2","3","12","19","184","118","155","287","116","C0085684"
"8893","2","3","2","110","85","237","433","547","671","C0085684"
"2702","2","3","12","76","153","40","38","54","75","C0085684"
"3176","2","3","2","19","31","1","426","55","78","C0085684"
"51360","2","3","3","26","35","276","91","433","203","C0085684"
"4353","2","3","7","34","52","216","395","549","674","C0085684"
"9487","2","3","5","80","81","142","176","235","317","C0085684"
"5696","2","3","12","41","116","268","156","568","116","C0085684"
"23594","2","3","12","76","153","261","116","1","86","C0085684"
"7546","2","5","3","19","221","321","79","560","373","C0085684"
"1562","2","3","5","91","214","336","303","388","45","C0085684"
"2316","2","5","7","53","51","342","454","573","702","C0085684"
"4508","2","3","2","48","170","50","119","444","556","C0085684"
"1392","2","5","4","68","96","326","427","548","672","C0085684"
"4513","2","3","2","48","170","110","141","359","532","C0085684"
"3717","2","5","7","53","14","20","25","40","186","C0085684"
"6916","2","3","5","91","175","119","167","224","301","C0085684"
"5317","2","5","7","34","52","216","142","220","298","C0085684"
"9533","2","3","2","19","31","1","426","55","78","C0085684"
"1406","2","3","3","19","221","321","428","541","667","C0085684"
"5327","2","5","7","53","51","342","454","573","492","C0085702"
"10559","2","3","2","89","124","204","272","347","451","C0085702"
"6049","2","3","12","41","116","268","434","468","213","C0085702"
"5428","2","3","2","48","170","50","119","167","593","C0086132"
"29954","2","5","2","27","206","324","430","215","290","C0086132"
"6445","2","5","8","63","45","23","103","464","187","C0086132"
"331","2","3","12","41","219","339","156","568","697","C0086132"
"2146","2","3","12","19","31","1","426","55","78","C0086132"
"9927","2","3","12","19","31","118","155","287","116","C0086132"
"5333","2","3","5","18","16","40","417","103","58","C0086132"
"673","2","5","7","53","14","20","34","540","68","C0086132"
"5605","2","5","7","53","14","20","34","540","68","C0086132"
"25942","2","3","12","19","31","1","426","55","78","C0086132"
"4638","2","5","7","53","45","23","103","464","187","C0086132"
"90","2","5","7","53","51","342","259","423","389","C0086132"
"4221","2","3","12","19","31","342","454","573","492","C0086132"
"22858","2","3","7","53","14","20","34","540","68","C0086132"
"54463","2","3","2","48","57","110","141","359","462","C0086132"
"5830","2","3","5","43","161","305","409","208","482","C0086132"
"6833","2","5","8","45","36","166","240","415","666","C0086132"
"55109","2","5","7","42","81","184","118","543","214","C0086132"
"3425","2","3","5","80","81","166","454","573","492","C0086132"
"2056","2","5","7","53","51","119","25","40","186","C0086132"
"4322","2","5","7","53","51","342","454","573","492","C0086132"
"50964","2","5","3","68","221","197","259","423","422","C0086132"
"727","2","5","4","68","96","326","427","548","672","C0086132"
"5191","2","3","5","43","161","305","409","208","482","C0086132"
"55145","2","3","2","22","33","225","142","220","140","C0086132"
"5352","2","5","7","53","51","342","454","573","492","C0086132"
"1281","2","5","7","53","51","342","454","573","492","C0086132"
"6497","2","5","3","19","221","342","259","423","389","C0086132"
"10518","2","3","2","22","170","50","119","444","556","C0086132"
"857","2","5","7","53","45","23","57","83","422","C0086439"
"2562","2","5","8","27","70","99","162","216","290","C0086439"
"23345","2","3","12","19","31","1","426","55","78","C0086439"
"2200","2","5","7","53","51","342","454","573","492","C0086439"
"7994","2","3","12","19","31","1","426","55","78","C0086439"
"1861","2","5","7","60","14","184","341","544","669","C0086439"
"5949","2","3","2","69","83","101","126","170","224","C0086439"
"2130","2","3","2","22","33","323","66","491","609","C0086439"
"24","2","3","12","41","116","268","423","536","445","C0086439"
"10907","2","3","2","22","33","323","66","101","136","C0086439"
"8643","2","5","3","68","221","197","259","560","422","C0086439"
"545","2","3","12","19","31","261","116","1","86","C0086439"
"547","2","3","7","76","153","40","38","54","75","C0086439"
"5727","2","3","12","68","221","197","259","560","422","C0086439"
"23064","2","3","6","11","31","261","142","220","664","C0086439"
"55835","2","3","12","76","153","40","38","54","75","C0086439"
"5048","2","3","12","76","153","40","38","54","75","C0086439"
"9632","2","3","7","60","153","40","38","54","203","C0086439"
"6833","2","5","8","45","36","166","240","415","666","C0086439"
"5621","2","5","8","27","36","342","454","573","628","C0086533"
"8878","2","3","12","41","219","339","156","568","697","C0086533"
"673","2","5","7","53","14","20","34","540","68","C0086795"
"843","2","3","12","41","219","339","156","568","697","C0086795"
"79659","2","3","12","76","153","40","38","54","75","C0086795"
"1134","2","5","8","27","70","99","162","216","290","C0086795"
"5336","2","3","7","53","14","20","25","40","215","C0086795"
"3767","2","5","8","63","36","166","106","110","158","C0086795"
"10555","2","3","7","34","52","216","395","549","622","C0086795"
"367","2","3","12","19","31","276","91","433","118","C0086795"
"7274","2","3","5","43","161","99","162","216","290","C0086795"
"26191","2","5","7","53","14","20","25","40","186","C0086795"
"2239","2","3","2","74","51","342","454","573","492","C0086795"
"1294","2","5","7","53","51","342","454","573","492","C0086795"
"4519","2","3","2","48","170","50","119","508","312","C0087012"
"3756","2","5","8","63","36","166","106","110","158","C0087012"
"100","2","3","5","33","21","47","56","80","199","C0087012"
"4308","2","5","8","63","45","193","306","390","158","C0087012"
"2064","2","5","7","53","14","20","25","40","186","C0087012"
"6663","2","3","3","19","221","321","428","541","667","C0087012"
"3861","2","1","6","11","142","225","142","220","298","C0087012"
"5340","2","5","7","53","51","342","454","573","492","C0087012"
"4645","2","3","4","67","92","293","55","75","311","C0087012"
"3039","2","3","5","35","41","118","155","287","116","C0087012"
"3516","2","3","12","19","31","143","428","236","667","C0087012"
"857","2","5","7","53","45","23","57","83","422","C0087012"
"55109","2","5","7","42","81","184","118","543","214","C0087012"
"153090","2","5","7","60","54","24","30","46","72","C0087012"
"6774","2","3","12","53","14","276","25","489","416","C0087012"
"5913","2","5","7","27","36","71","341","223","219","C0087012"
"1832","2","5","7","34","52","225","142","220","298","C0149516"
"2260","2","5","7","53","14","20","25","40","186","C0149516"
"10269","2","3","2","48","182","50","119","444","556","C0149516"
"3982","2","5","8","63","45","23","103","464","187","C0149516"
"4703","2","5","7","60","45","23","103","464","187","C0149516"
"3115","2","5","7","53","184","119","156","287","116","C0149516"
"3039","2","3","5","35","41","118","155","287","116","C0149516"
"1180","2","5","8","63","45","23","34","464","187","C0149516"
"2623","2","3","12","19","31","1","155","287","116","C0149516"
"4726","2","3","2","48","170","50","119","444","556","C0149521"
"4125","2","3","7","34","52","216","395","549","674","C0149521"
"338","2","5","7","53","51","342","454","573","492","C0149521"
"54903","2","3","12","76","153","40","38","54","75","C0149521"
"7681","2","3","12","41","116","268","434","468","213","C0149521"
"4060","2","5","7","53","51","342","454","573","492","C0149521"
"9839","2","3","3","19","221","321","428","541","667","C0149521"
"6299","2","3","12","19","221","321","428","541","667","C0149521"
"6571","2","3","8","60","36","71","341","223","624","C0149521"
"51651","2","3","12","41","219","339","156","568","605","C0149630"
"5813","2","3","12","19","31","1","116","159","211","C0149630"
"7341","2","3","12","19","31","261","116","1","664","C0149630"
"3280","2","3","12","19","31","143","428","236","667","C0149630"
"3239","2","3","3","19","221","321","428","541","667","C0149630"
"2263","2","5","7","53","14","20","25","40","186","C0149630"
"5925","2","3","12","19","31","1","426","55","78","C0149630"
"2911","2","5","4","68","96","326","427","548","672","C0149630"
"7042","2","5","7","53","51","342","454","573","492","C0149630"
"22926","2","3","12","19","31","276","91","433","118","C0149630"
"6443","2","5","8","63","45","23","103","464","187","C0149630"
"2624","2","3","12","19","31","1","155","287","116","C0149630"
"4148","2","5","7","53","51","342","454","573","492","C0149630"
"3730","2","5","7","53","14","20","25","40","186","C0149630"
"2132","2","3","2","74","58","112","148","193","263","C0149630"
"9533","2","3","2","19","31","1","426","55","78","C0149630"
"8878","2","3","12","41","219","339","156","568","697","C0149645"
"3845","2","5","7","60","54","24","30","46","72","C0149645"
"9241","2","5","7","53","51","342","259","423","389","C0149645"
"3655","2","5","7","53","51","342","454","573","492","C0149645"
"4625","2","3","8","63","45","23","103","464","187","C0149645"
"9780","2","3","2","48","96","326","246","444","666","C0149645"
"1717","2","3","2","19","151","276","48","69","204","C0149649"
"3784","2","5","8","63","36","166","106","110","158","C0149649"
"10806","2","3","12","76","153","40","38","54","75","C0149651"
"627","2","5","7","53","51","335","444","423","373","C0149651"
"29954","2","5","2","27","206","324","430","215","290","C0149651"
"355","2","3","7","41","219","339","156","568","697","C0149651"
"2946","2","3","5","91","175","271","372","471","586","C0149651"
"7431","2","3","12","41","45","23","103","489","416","C0149651"
"3239","2","3","3","19","221","321","428","541","667","C0149651"
"5605","2","5","7","53","14","20","34","540","68","C0149651"
"9414","2","5","7","42","36","71","177","223","219","C0149651"
"2261","2","5","7","53","14","20","25","40","186","C0149704"
"4582","2","5","7","53","206","324","430","429","544","C0149704"
"9378","2","5","7","27","36","71","341","223","219","C0149704"
"9076","2","5","6","42","36","71","177","64","219","C0149725"
"55112","2","3","12","76","153","40","38","54","75","C0149725"
"6335","2","5","8","63","36","166","341","390","158","C0149725"
"8659","2","3","2","67","103","177","225","295","378","C0149725"
"51339","2","3","12","41","116","268","434","568","605","C0149725"
"8878","2","3","12","41","219","339","156","568","697","C0149725"
"3663","2","3","12","53","184","119","156","287","116","C0149725"
"3887","2","1","6","11","142","225","142","220","298","C0149725"
"27125","2","3","12","19","31","261","116","159","211","C0149725"
"100","2","3","5","33","21","47","56","80","199","C0149725"
"5290","2","3","7","53","14","20","25","40","186","C0149725"
"10269","2","3","2","48","182","50","119","444","556","C0149725"
"3481","2","5","7","53","51","342","454","573","492","C0149744"
"1280","2","5","7","53","51","342","454","573","492","C0149744"
"7415","2","3","7","34","52","216","395","536","445","C0149745"
"3557","2","3","12","41","219","339","156","568","697","C0149745"
"4893","2","5","7","34","52","24","30","46","72","C0149745"
"7305","2","5","7","34","52","216","395","549","674","C0149745"
"6866","2","5","4","68","96","326","427","548","672","C0149745"
"1499","2","3","12","19","221","197","259","560","422","C0149745"
"2645","2","3","2","90","167","266","367","101","664","C0149745"
"1759","2","5","7","60","14","184","341","544","669","C0149745"
"229","2","3","2","90","167","266","367","500","577","C0149745"
"673","2","5","7","53","14","20","34","540","68","C0149745"
"3749","2","5","8","63","36","166","106","110","158","C0149745"
"3208","2","5","7","27","36","150","341","223","628","C0149745"
"5265","2","5","7","34","52","216","395","573","702","C0149745"
"26047","2","5","7","27","36","335","341","223","373","C0149745"
"2099","2","3","12","19","151","276","91","433","118","C0149745"
"3764","2","5","8","63","36","166","106","110","158","C0149745"
"3845","2","5","7","60","54","24","30","46","72","C0149754"
"2218","2","5","2","53","123","194","255","560","373","C0149754"
"54657","2","3","2","78","205","207","67","355","138","C0149754"
"326","2","3","12","19","31","261","377","370","269","C0149754"
"189","2","3","5","43","161","305","409","208","482","C0149754"
"2702","2","3","12","76","153","40","38","54","75","C0149754"
"3482","2","5","7","34","52","216","395","544","669","C0149754"
"5009","2","3","2","48","97","50","304","167","593","C0149754"
"5155","2","5","7","53","51","342","454","573","186","C0149754"
"10397","2","3","2","110","81","148","402","51","383","C0149754"
"8878","2","3","12","41","219","339","156","568","697","C0149754"
"7403","2","3","12","19","31","1","426","55","78","C0149754"
"29954","2","5","2","27","206","324","430","215","290","C0149754"
"1317","2","3","7","25","44","165","101","274","358","C0149770"
"109","2","5","4","68","96","326","427","548","672","C0149770"
"8456","2","3","3","19","221","321","428","541","667","C0149770"
"207","2","3","7","53","14","20","34","489","416","C0149770"
"2812","2","5","7","53","51","342","454","573","492","C0149770"
"146862","2","3","12","41","116","268","347","271","356","C0149793"
"5896","2","3","12","41","116","268","434","568","605","C0149793"
"7170","2","5","8","63","45","23","103","464","187","C0149793"
"1080","2","3","12","41","219","339","156","544","669","C0149793"
"1281","2","5","7","53","51","342","454","573","492","C0149793"
"10059","2","3","2","48","170","50","304","167","304","C0149793"
"94160","2","3","12","41","116","268","423","536","445","C0149793"
"3181","2","3","2","22","33","323","66","101","136","C0149793"
"4193","2","3","12","19","31","1","116","89","605","C0149821"
"6899","2","5","7","53","184","335","259","560","373","C0149821"
"2778","2","5","4","68","96","326","427","548","672","C0149871"
"8398","2","3","5","116","183","40","38","352","455","C0149871"
"7466","2","5","7","53","51","342","454","573","492","C0149871"
"596","2","3","12","19","219","339","402","489","416","C0149871"
"3845","2","5","7","60","54","24","30","46","72","C0149871"
"2200","2","5","7","53","51","342","454","573","492","C0149871"
"7148","2","5","7","53","51","342","454","573","492","C0149871"
"8643","2","5","3","68","221","197","259","560","422","C0149871"
"4540","2","3","2","48","170","50","119","444","556","C0149887"
"6154","2","3","2","110","85","237","433","547","671","C0149887"
"7468","2","3","12","19","31","1","426","55","78","C0149887"
"10020","2","3","2","89","124","204","42","452","258","C0149910"
"4693","2","5","7","53","51","342","454","573","492","C0149910"
"4141","2","3","2","110","85","237","433","547","154","C0149940"
"10528","2","3","2","110","85","237","433","547","671","C0149940"
"4221","2","3","12","19","31","342","454","573","492","C0149940"
"335","2","5","7","53","51","342","454","573","492","C0149940"
"2315","2","5","8","63","45","23","141","464","187","C0149951"
"3691","2","5","7","53","51","342","454","573","492","C0149951"
"1062","2","3","12","76","153","40","38","54","75","C0149951"
"7042","2","5","7","53","51","342","454","573","492","C0149955"
"6497","2","5","3","19","221","342","259","423","389","C0149955"
"2259","2","5","8","63","36","166","341","223","158","C0149955"
"1146","2","5","8","27","70","99","162","216","290","C0149958"
"5073","2","3","2","110","85","323","433","146","194","C0149958"
"79633","2","3","7","80","51","335","444","560","373","C0149958"
"5663","2","5","7","34","52","216","395","549","667","C0149958"
"24","2","3","12","41","116","268","423","536","445","C0149958"
"2131","2","3","2","74","58","112","148","181","416","C0149958"
"5340","2","5","7","53","51","342","454","573","492","C0149958"
"10269","2","3","2","48","182","50","119","444","556","C0149958"
"29887","2","3","7","60","18","110","141","198","270","C0149958"
"9095","2","5","7","53","51","335","444","560","373","C0150055"
"1493","2","5","7","53","51","119","25","40","186","C0150055"
"1395","2","5","4","68","96","326","427","548","672","C0150080"
"2539","2","3","2","48","57","110","141","359","383","C0150080"
"5830","2","3","5","43","161","305","409","208","482","C0150080"
"2138","2","3","12","19","31","1","426","55","78","C0150993"
"8815","2","3","12","22","33","323","66","444","664","C0150993"
"9987","2","3","2","22","33","323","66","101","136","C0150993"
"1967","2","3","2","110","85","237","433","547","671","C0150993"
"7498","2","3","5","80","157","187","159","209","282","C0150993"
"5354","2","5","7","27","36","150","341","223","628","C0150993"
"585","2","3","12","76","153","40","38","54","75","C0151205"
"3630","2","5","7","53","14","20","25","40","186","C0151205"
"51360","2","3","3","26","35","276","91","433","203","C0151205"
"3953","2","5","7","53","14","20","25","40","186","C0151205"
"5621","2","5","8","27","36","342","454","573","628","C0151205"
"6121","2","3","2","69","83","101","126","170","224","C0151205"
"3559","2","5","7","53","14","20","25","40","186","C0151205"
"4015","2","5","7","53","51","342","454","573","492","C0151205"
"51057","2","3","12","76","153","40","38","54","75","C0151205"
"7084","2","3","2","72","109","115","62","268","353","C0151205"
"1301","2","5","7","53","51","342","454","573","492","C0151205"
"2132","2","3","2","74","58","112","148","193","263","C0151205"
"4693","2","5","7","53","51","342","454","573","492","C0151205"
"1959","2","3","3","19","151","276","91","433","118","C0151311"
"29954","2","5","2","27","206","324","430","215","290","C0151311"
"4000","2","3","12","26","105","178","226","297","156","C0151311"
"8139","2","3","12","41","116","268","434","468","213","C0151311"
"10013","2","3","12","19","31","143","91","236","311","C0151311"
"10210","2","3","12","41","116","268","434","468","213","C0151311"
"3756","2","5","8","63","36","166","106","110","158","C0151311"
"226","2","5","7","34","52","216","395","549","702","C0151311"
"7507","2","3","12","19","31","261","116","1","86","C0151311"
"9968","2","4","3","24","119","330","214","454","144","C0151311"
"3767","2","5","8","63","36","166","106","110","158","C0151311"
"6299","2","3","12","19","221","321","428","541","667","C0151313"
"2879","2","3","5","80","81","166","378","173","229","C0151313"
"3930","2","3","2","22","33","323","66","3","464","C0151313"
"50940","2","3","4","68","96","326","427","548","672","C0151313"
"10747","2","5","7","53","51","119","395","549","674","C0151313"
"6329","2","5","8","63","36","166","341","390","158","C0151313"
"9152","2","5","8","45","94","199","240","415","666","C0151313"
"4692","2","5","7","53","51","119","402","489","416","C0151313"
"3236","2","3","3","19","221","321","428","541","667","C0151313"
"10008","2","5","8","63","36","166","341","223","158","C0151313"
"35","2","3","2","67","148","70","456","575","704","C0151313"
"5308","2","3","3","19","221","321","428","541","667","C0151313"
"2697","2","3","7","76","153","40","38","54","75","C0151313"
"91147","2","3","12","76","153","40","38","54","75","C0151313"
"25978","2","3","2","48","57","110","141","359","462","C0151313"
"3952","2","5","3","53","151","276","91","433","118","C0151313"
"7508","2","3","12","19","31","261","116","1","664","C0151313"
"1373","2","3","8","84","97","167","210","271","536","C0151313"
"6340","2","5","8","63","45","23","34","464","187","C0151313"
"8878","2","3","12","41","219","339","156","568","697","C0151313"
"5664","2","5","7","53","219","143","428","236","667","C0151379"
"6197","2","3","12","19","14","20","34","540","68","C0151379"
"6223","2","3","2","110","85","237","433","547","671","C0151379"
"3691","2","5","7","53","51","342","454","573","492","C0151468"
"5116","2","3","12","76","153","40","38","54","75","C0151468"
"207","2","3","7","53","14","20","34","489","416","C0151468"
"6662","2","3","3","19","221","321","428","541","667","C0151468"
"5824","2","3","5","47","144","185","238","310","392","C0151468"
"10269","2","3","2","48","182","50","119","444","556","C0151468"
"54551","2","3","12","41","219","197","156","568","422","C0151468"
"686","2","3","5","80","81","166","166","127","173","C0151468"
"26012","2","3","12","19","31","261","116","159","211","C0151468"
"2131","2","3","2","74","58","112","148","181","416","C0151480"
"29089","2","3","12","41","116","268","434","468","213","C0151480"
"10020","2","3","2","89","124","204","42","452","258","C0151480"
"6326","2","5","8","63","36","166","341","390","158","C0151480"
"546","2","3","12","19","31","261","426","1","86","C0151480"
"8878","2","3","12","41","219","339","156","568","697","C0151480"
"1080","2","3","12","41","219","339","156","544","669","C0151480"
"6628","2","3","2","22","33","323","66","101","136","C0151480"
"9968","2","4","3","24","119","330","214","454","144","C0151480"
"1487","2","3","12","19","31","1","426","55","340","C0151480"
"26137","2","5","7","63","45","184","103","572","658","C0151480"
"5172","2","5","8","45","94","199","240","415","666","C0151480"
"6652","2","3","2","90","162","141","246","234","315","C0151480"
"6528","2","5","8","45","94","199","240","415","666","C0151480"
"8220","2","3","2","22","33","323","66","101","136","C0151480"
"7525","2","5","7","53","14","20","25","40","186","C0151480"
"4621","2","5","8","63","45","23","103","464","187","C0151480"
"4692","2","5","7","53","51","119","402","489","416","C0151480"
"4851","2","3","12","19","221","143","428","236","667","C0151491"
"2627","2","3","12","19","31","118","155","287","116","C0151491"
"60495","2","5","5","74","51","342","454","573","492","C0151491"
"6392","2","3","2","48","170","50","119","444","556","C0151491"
"6262","2","5","8","63","45","23","34","464","187","C0151491"
"28234","2","5","8","35","41","77","40","57","80","C0151514"
"6326","2","5","8","63","36","166","341","390","158","C0151514"
"4041","2","5","3","68","221","197","259","560","422","C0151514"
"2263","2","5","7","53","14","20","25","40","186","C0151514"
"6736","2","3","12","19","31","276","91","433","667","C0151514"
"2645","2","3","2","90","167","266","367","101","664","C0151514"
"2260","2","5","7","53","14","20","25","40","186","C0151514"
"1308","2","5","7","53","51","119","454","573","492","C0151514"
"3973","2","5","4","68","96","326","427","548","672","C0151514"
"3909","2","5","7","53","51","342","454","573","492","C0151514"
"9939","2","3","2","22","33","323","66","101","136","C0151514"
"4010","2","3","3","19","221","321","428","541","667","C0151514"
"5447","2","3","5","91","214","271","372","471","586","C0151514"
"478","2","3","8","63","45","23","366","464","187","C0151514"
"84159","2","3","12","19","31","1","426","55","78","C0151514"
"6736","2","3","12","19","31","276","91","433","667","C0151514"
"9031","2","3","12","19","31","1","426","55","78","C0151514"
"338","2","5","7","53","51","342","454","573","492","C0151514"
"3000","2","5","4","68","96","326","427","548","672","C0151514"
"4914","2","3","2","22","18","266","202","252","252","C0151514"
"6888","2","3","2","90","167","266","367","500","577","C0151514"
"208","2","5","7","53","14","20","34","540","68","C0151514"
"3549","2","5","3","53","51","197","259","560","422","C0151514"
"4921","2","5","7","53","14","20","25","573","186","C0151514"
"7030","2","3","12","19","31","276","259","423","389","C0151514"
"6201","2","3","2","110","85","237","433","547","671","C0151516"
"2719","2","5","7","53","51","342","454","573","492","C0151516"
"30813","2","3","3","19","221","321","428","541","667","C0151516"
"2271","2","3","5","80","81","166","170","226","305","C0151516"
"5727","2","3","12","68","221","197","259","560","422","C0151517"
"1513","2","5","7","53","51","342","454","573","492","C0151517"
"6335","2","5","8","63","36","166","341","390","158","C0151517"
"6331","2","5","8","63","36","166","341","223","158","C0151529"
"1261","2","5","8","63","36","166","106","110","158","C0151529"
"1186","2","5","8","63","45","23","34","464","187","C0151529"
"3074","2","3","7","34","52","216","395","549","607","C0151529"
"54209","2","5","7","53","51","119","395","549","674","C0151529"
"1493","2","5","7","53","51","119","25","40","186","C0151529"
"11160","2","3","12","41","116","268","423","536","445","C0151529"
"875","2","3","5","80","137","44","21","451","316","C0151529"
"5961","2","5","7","27","51","326","126","414","702","C0151529"
"3918","2","5","7","53","51","342","454","573","492","C0151529"
"29110","2","3","12","41","219","339","156","568","697","C0151529"
"5167","2","3","5","32","93","163","207","303","126","C0151529"
"2719","2","5","7","53","51","342","454","573","492","C0151529"
"6197","2","3","12","19","14","20","34","540","68","C0151529"
"4210","2","3","12","41","219","339","156","568","697","C0151529"
"2175","2","3","12","19","31","261","116","1","86","C0151529"
"1890","2","3","5","80","81","296","62","94","150","C0151529"
"658","2","5","7","53","51","342","259","423","389","C0151529"
"1836","2","3","2","35","41","94","260","330","375","C0151529"
"6557","2","5","8","45","94","199","240","415","666","C0151529"
"2072","2","3","12","19","31","261","116","1","86","C0151529"
"776","2","5","8","63","36","166","341","390","158","C0151529"
"10312","2","3","7","34","52","216","395","549","674","C0151529"
"5424","2","3","12","19","31","261","116","1","86","C0151529"
"51660","2","3","2","62","37","154","196","257","344","C0151529"
"10262","2","3","2","22","33","323","66","101","136","C0151529"
"3350","2","5","4","68","96","326","427","548","672","C0151529"
"701","2","3","12","76","153","40","38","54","75","C0151529"
"2767","2","5","4","68","96","326","427","548","672","C0151529"
"2071","2","3","12","19","31","261","116","159","211","C0151529"
"2697","2","3","7","76","153","40","38","54","75","C0151529"
"1301","2","5","7","53","51","342","454","573","492","C0151539"
"701","2","3","12","76","153","40","38","54","75","C0151539"
"7474","2","5","3","68","221","184","259","544","669","C0151563"
"2776","2","5","4","68","96","326","427","548","672","C0151563"
"2006","2","5","7","53","51","342","454","573","492","C0151563"
"3119","2","5","7","53","153","119","156","287","116","C0151563"
"3569","2","5","7","53","51","342","454","573","416","C0151564"
"257202","2","3","5","80","81","110","378","173","229","C0151564"
"2626","2","3","12","19","31","118","155","287","116","C0151632"
"5449","2","3","3","19","221","321","428","541","667","C0151632"
"55112","2","3","12","76","153","40","38","54","75","C0151632"
"673","2","5","7","53","14","20","34","540","68","C0151632"
"4920","2","5","7","53","14","20","259","560","373","C0151632"
"10265","2","3","3","19","221","321","428","541","667","C0151632"
"4352","2","5","7","53","14","20","25","40","186","C0151632"
"8869","2","3","2","89","124","204","272","347","451","C0151632"
"4629","2","5","8","63","45","23","103","464","187","C0151632"
"2720","2","3","7","34","52","216","395","21","599","C0151632"
"10133","2","3","12","76","153","40","38","54","75","C0151632"
"3845","2","5","7","60","54","24","30","46","72","C0151632"
"7454","2","5","7","60","14","20","25","40","215","C0151632"
"4125","2","3","7","34","52","216","395","549","674","C0151632"
"2068","2","3","12","19","31","261","116","159","211","C0151632"
"189","2","3","5","43","161","305","409","208","482","C0151632"
"8643","2","5","3","68","221","197","259","560","422","C0151632"
"5307","2","3","3","19","221","321","428","541","667","C0151632"
"1308","2","5","7","53","51","119","454","573","492","C0151632"
"54658","2","3","2","78","205","207","67","355","138","C0151632"
"196","2","3","3","19","151","276","91","433","118","C0151636"
"25836","2","3","12","76","153","40","38","54","75","C0151636"
"55650","2","3","2","61","77","142","176","235","557","C0151636"
"4538","2","3","2","48","170","50","119","444","556","C0151636"
"8200","2","5","7","53","51","342","259","423","389","C0151636"
"6335","2","5","8","63","36","166","341","390","158","C0151636"
"6716","2","3","2","69","98","169","299","50","494","C0151639"
"5277","2","3","2","61","77","142","176","235","317","C0151639"
"5605","2","5","7","53","14","20","34","540","68","C0151639"
"675","2","3","12","19","31","261","116","1","86","C0151639"
"3240","2","5","7","34","52","216","395","549","674","C0151639"
"3767","2","5","8","63","36","166","106","110","158","C0151639"
"3702","2","5","7","53","14","20","25","40","186","C0151639"
"5896","2","3","12","41","116","268","434","568","605","C0151639"
"1001","2","5","7","53","51","335","444","560","373","C0151639"
"3209","2","3","3","19","221","321","428","541","667","C0151639"
"6347","2","5","7","53","51","119","427","489","416","C0151639"
"8200","2","5","7","53","51","342","259","423","389","C0151639"
"6390","2","3","2","48","170","50","119","444","556","C0151639"
"10102","2","3","2","48","182","67","76","463","153","C0151639"
"10564","2","5","7","60","54","24","30","46","72","C0151639"
"1349","2","3","2","48","170","110","141","359","462","C0151639"
"7915","2","3","5","87","39","74","191","250","285","C0151639"
"2182","2","3","2","67","92","265","284","147","235","C0151639"
"29123","2","3","12","19","151","276","91","433","118","C0151639"
"6622","2","3","7","27","36","150","341","223","628","C0151639"
"57379","2","3","5","22","137","261","104","146","194","C0151640"
"338","2","5","7","53","51","342","454","573","492","C0151640"
"4210","2","3","12","41","219","339","156","568","697","C0151640"
"4089","2","3","12","19","219","339","259","423","605","C0151640"
"4747","2","5","7","27","36","150","341","223","628","C0151640"
"5444","2","3","5","80","147","236","328","411","229","C0151640"
"8260","2","3","12","41","85","266","76","287","78","C0151640"
"4952","2","3","5","60","54","184","30","544","669","C0151654"
"2263","2","5","7","53","14","20","25","40","186","C0151654"
"9247","2","5","7","53","221","197","259","423","389","C0151654"
"10020","2","3","2","89","124","204","42","452","258","C0151669"
"6913","2","3","3","19","221","321","428","541","667","C0151669"
"5663","2","5","7","34","52","216","395","549","667","C0151669"
"213","2","5","7","53","51","342","454","573","492","C0151669"
"3663","2","3","12","53","184","119","156","287","116","C0151669"
"3181","2","3","2","22","33","323","66","101","136","C0151669"
"183","2","5","4","68","96","326","427","548","672","C0151669"
"10806","2","3","12","76","153","40","38","54","75","C0151669"
"3313","2","3","2","48","170","50","304","167","593","C0151669"
"6569","2","3","8","45","94","199","240","415","666","C0151691"
"811","2","3","2","41","116","342","423","536","342","C0151691"
"6709","2","5","7","34","52","216","395","572","158","C0151691"
"2200","2","5","7","53","51","342","454","573","492","C0151691"
"5745","2","5","4","68","96","326","427","548","672","C0151691"
"9049","2","3","3","41","151","276","378","271","356","C0151691"
"23384","2","3","12","63","45","184","103","572","658","C0151691"
"7015","2","3","12","19","31","1","426","55","78","C0151691"
"3859","2","1","6","11","142","225","142","220","298","C0151691"
"10686","2","5","6","42","36","71","177","64","219","C0151691"
"916","2","5","7","53","51","119","25","549","674","C0151699"
"2625","2","3","12","19","31","339","155","287","116","C0151699"
"2033","2","3","12","19","31","1","91","433","118","C0151699"
"2717","2","3","7","34","52","216","395","549","674","C0151699"
"7099","2","5","7","41","219","339","156","568","697","C0151699"
"54714","2","5","8","63","36","166","106","110","158","C0151699"
"7486","2","3","12","19","31","261","116","1","86","C0151699"
"1528","2","3","5","91","214","271","372","471","586","C0151699"
"2956","2","3","12","19","31","261","116","1","86","C0151699"
"3162","2","3","5","53","51","119","402","489","416","C0151699"
"5054","2","5","7","53","51","342","454","573","492","C0151699"
"7128","2","3","12","41","219","339","156","568","697","C0151699"
"1312","2","3","2","87","79","105","426","129","25","C0151699"
"5925","2","3","12","19","31","1","426","55","78","C0151699"
"9241","2","5","7","53","51","342","259","423","389","C0151699"
"4166","2","3","2","89","60","99","7","211","217","C0151714"
"9031","2","3","12","19","31","1","426","55","78","C0151714"
"9987","2","3","2","22","33","323","66","101","136","C0151718"
"368","2","3","12","41","116","268","423","536","445","C0151718"
"3953","2","5","7","53","14","20","25","40","186","C0151718"
"6310","2","3","12","22","142","225","366","362","468","C0151718"
"860","2","3","12","19","31","276","91","433","118","C0151718"
"50484","2","3","5","80","109","182","235","307","506","C0151718"
"1308","2","5","7","53","51","119","454","573","492","C0151721"
"355","2","3","7","41","219","339","156","568","697","C0151721"
"2313","2","3","12","19","31","276","91","433","118","C0151721"
"10491","2","5","7","53","51","342","454","573","492","C0151721"
"37","2","3","2","110","105","178","226","297","380","C0151721"
"1954","2","5","7","53","51","342","454","573","492","C0151721"
"23394","2","3","12","19","31","335","444","236","373","C0151721"
"1947","2","5","7","53","51","20","25","560","373","C0151721"
"2159","2","5","7","68","51","119","454","549","674","C0151721"
"1763","2","3","12","19","31","261","116","1","86","C0151721"
"7042","2","5","7","53","51","342","454","573","492","C0151721"
"29851","2","5","7","53","14","20","25","40","186","C0151721"
"7415","2","3","7","34","52","216","395","536","445","C0151721"
"4535","2","3","2","48","170","50","119","444","556","C0151721"
"54880","2","3","12","19","31","1","426","55","78","C0151721"
"6523","2","3","8","45","216","337","448","565","562","C0151721"
"1031","2","3","12","19","31","1","426","55","78","C0151721"
"5818","2","5","7","53","51","335","444","560","373","C0151721"
"4000","2","3","12","26","105","178","226","297","156","C0151721"
"5741","2","5","4","68","96","326","427","548","672","C0151721"
"2263","2","5","7","53","14","20","25","40","186","C0151721"
"2131","2","3","2","74","58","112","148","181","416","C0151723"
"8626","2","3","3","19","221","321","428","541","667","C0151723"
"2617","2","3","2","110","85","237","433","252","154","C0151723"
"1062","2","3","12","76","153","40","38","54","75","C0151723"
"3106","2","5","7","34","52","119","395","549","674","C0151723"
"7353","2","3","12","41","219","339","156","568","605","C0151723"
"11231","2","3","2","110","105","178","226","297","380","C0151723"
"8106","2","3","2","22","33","323","66","101","136","C0151723"
"3909","2","5","7","53","51","342","454","573","492","C0151723"
"3588","2","5","7","53","51","119","25","40","186","C0151723"
"171024","2","3","2","48","45","110","141","359","462","C0151723"
"29954","2","5","2","27","206","324","430","215","290","C0151723"
"10312","2","3","7","34","52","216","395","549","674","C0151740"
"5506","2","3","12","76","137","76","136","82","658","C0151740"
"55651","2","3","2","110","85","237","433","547","671","C0151740"
"3930","2","3","2","22","33","323","66","3","464","C0151740"
"1130","2","5","7","60","54","326","141","359","462","C0151740"
"4524","2","3","2","15","166","104","369","117","583","C0151740"
"6496","2","3","3","19","221","321","428","541","667","C0151740"
"23594","2","3","12","76","153","261","116","1","86","C0151740"
"2956","2","3","12","19","31","261","116","1","86","C0151740"
"6911","2","5","6","19","142","335","259","560","373","C0151740"
"2720","2","3","7","34","52","216","395","21","599","C0151740"
"27161","2","3","2","22","33","323","141","359","194","C0151740"
"9321","2","3","12","76","153","40","38","54","203","C0151740"
"51604","2","3","2","61","77","142","176","235","317","C0151740"
"5443","2","5","4","68","96","326","427","548","672","C0151740"
"10133","2","3","12","76","153","40","38","54","75","C0151740"
"1499","2","3","12","19","221","197","259","560","422","C0151740"
"1302","2","5","7","53","51","342","454","573","492","C0151740"
"8642","2","5","7","53","51","335","444","560","373","C0151740"
"2263","2","5","7","53","14","20","25","40","186","C0151740"
"1301","2","5","7","53","51","342","454","573","492","C0151740"
"2706","2","3","12","76","153","40","38","54","75","C0151740"
"26504","2","3","5","42","81","296","399","201","274","C0151740"
"3655","2","5","7","53","51","342","454","573","492","C0151740"
"7809","2","5","8","63","45","23","34","464","187","C0151746"
"10577","2","5","7","34","52","216","395","549","674","C0151746"
"2969","2","3","12","19","31","276","91","433","118","C0151746"
"1277","2","5","7","53","51","342","454","573","492","C0151747"
"9968","2","4","3","24","119","330","214","454","144","C0151747"
"5728","2","3","5","80","81","339","156","568","605","C0151747"
"6005","2","3","2","16","197","45","155","78","695","C0151747"
"2488","2","5","4","68","96","326","427","548","672","C0151747"
"5573","2","3","12","19","184","118","155","287","116","C0151747"
"1281","2","5","7","53","51","342","454","573","492","C0151747"
"3248","2","3","2","69","83","133","167","224","301","C0151747"
"10528","2","3","2","110","85","237","433","547","671","C0151747"
"4695","2","3","2","48","170","50","119","444","556","C0151747"
"7957","2","3","5","42","81","296","399","201","274","C0151747"
"1281","2","5","7","53","51","342","454","573","492","C0151747"
"25836","2","3","12","76","153","40","38","54","75","C0151779"
"889","2","5","7","60","45","23","306","64","436","C0151779"
"567","2","5","7","34","52","119","395","549","674","C0151779"
"1499","2","3","12","19","221","197","259","560","422","C0151818"
"9829","2","5","7","60","14","184","341","544","669","C0151818"
"50717","2","3","12","41","116","268","434","468","213","C0151818"
"8220","2","3","2","22","33","323","66","101","136","C0151818"
"27286","2","5","7","53","51","342","444","560","492","C0151818"
"51091","2","3","2","110","85","237","433","547","671","C0151818"
"7421","2","3","3","19","151","276","91","433","118","C0151818"
"7291","2","3","12","19","151","276","91","489","416","C0151818"
"5176","2","5","7","53","51","342","454","573","492","C0151818"
"4535","2","3","2","48","170","50","119","444","556","C0151818"
"6303","2","3","2","67","118","160","261","188","423","C0151818"
"1302","2","5","7","53","51","342","454","573","492","C0151818"
"1717","2","3","2","19","151","276","48","69","204","C0151818"
"5308","2","3","3","19","221","321","428","541","667","C0151818"
"2067","2","3","12","19","31","261","116","1","86","C0151827"
"8626","2","3","3","19","221","321","428","541","667","C0151827"
"7546","2","5","3","19","221","321","79","560","373","C0151854"
"1967","2","3","2","110","85","237","433","547","671","C0151854"
"783","2","5","8","63","36","166","106","110","158","C0151872"
"3651","2","3","3","19","221","321","428","541","667","C0151872"
"6662","2","3","3","19","221","321","428","541","667","C0151872"
"54332","2","3","2","60","170","40","98","66","203","C0151872"
"2255","2","5","7","53","14","20","25","40","186","C0151872"
"3845","2","5","7","60","54","24","30","46","72","C0151872"
"2978","2","3","5","80","81","272","223","518","621","C0151872"
"84699","2","3","12","26","35","276","91","433","118","C0151878"
"6635","2","3","2","22","33","323","66","101","136","C0151878"
"23451","2","3","2","22","33","323","66","101","136","C0151878"
"9394","2","3","2","74","58","112","148","193","263","C0151878"
"10847","2","3","12","19","31","1","426","55","78","C0151878"
"1080","2","3","12","41","219","339","156","544","669","C0151878"
"1027","2","3","12","19","31","1","116","1","86","C0151878"
"53834","2","5","7","53","51","342","454","573","492","C0151878"
"26160","2","3","12","76","153","40","38","54","75","C0151878"
"6898","2","3","8","67","94","199","182","509","666","C0151878"
"22827","2","3","2","22","33","323","66","101","136","C0151878"
"1028","2","3","12","19","31","1","116","1","86","C0151878"
"5831","2","3","2","101","62","189","182","566","409","C0151878"
"4318","2","5","7","34","52","216","395","573","492","C0151878"
"8242","2","3","12","19","31","1","426","55","78","C0151878"
"1277","2","5","7","53","51","342","454","573","492","C0151878"
"4204","2","3","12","19","31","1","426","55","78","C0151878"
"6792","2","5","7","53","14","20","34","540","68","C0151879"
"9210","2","5","7","53","51","342","454","573","492","C0151879"
"5308","2","3","3","19","221","321","428","541","667","C0151879"
"50807","2","5","7","60","14","24","25","40","215","C0151879"
"6891","2","3","12","41","116","119","156","568","116","C0151879"
"5818","2","5","7","53","51","335","444","560","373","C0151891"
"4541","2","3","2","48","170","50","119","444","24","C0151891"
"1815","2","5","4","68","96","326","427","548","672","C0151891"
"1848","2","3","5","42","81","296","399","201","274","C0151891"
"8292","2","5","5","27","51","342","454","573","492","C0151891"
"9992","2","5","8","63","36","166","341","110","158","C0151891"
"10084","2","3","2","22","33","323","66","101","136","C0151891"
"545","2","3","12","19","31","261","116","1","86","C0151891"
"26128","2","3","12","76","153","40","38","54","154","C0151891"
"4851","2","3","12","19","221","143","428","236","667","C0151891"
"668","2","3","12","19","221","321","428","541","664","C0151891"
"1410","2","3","12","63","45","23","38","54","187","C0151891"
"5205","2","3","8","63","45","23","103","464","619","C0151900"
"3032","2","3","2","48","57","38","347","12","145","C0151900"
"51314","2","3","2","76","153","178","378","54","229","C0151934"
"190","2","3","3","19","151","276","91","433","118","C0151934"
"6622","2","3","7","27","36","150","341","223","628","C0151934"
"2566","2","5","8","27","70","99","162","216","290","C0151934"
"51025","2","3","2","48","170","50","304","167","593","C0151934"
"8242","2","3","12","19","31","1","426","55","78","C0151942"
"4000","2","3","12","26","105","178","226","297","156","C0151942"
"5896","2","3","12","41","116","268","434","568","605","C0151942"
"1280","2","5","7","53","51","342","454","573","492","C0151942"
"1293","2","5","7","53","51","342","454","573","492","C0151942"
"79823","2","3","4","68","45","272","347","518","621","C0151942"
"2896","2","5","7","34","52","216","395","549","674","C0151942"
"5395","2","3","12","19","31","261","116","1","86","C0151942"
"4054","2","5","7","53","51","342","454","573","492","C0151942"
"5696","2","3","12","41","116","268","156","568","116","C0151945"
"9076","2","5","6","42","36","71","177","64","219","C0151945"
"1203","2","3","2","41","170","342","423","536","342","C0151945"
"4261","2","3","12","53","184","119","156","287","116","C0151945"
"805","2","5","8","53","45","20","34","464","187","C0151945"
"868","2","3","12","41","116","268","434","468","213","C0151945"
"5771","2","5","7","53","14","296","25","40","186","C0152018"
"7280","2","3","12","76","153","40","38","54","75","C0152018"
"2245","2","5","7","60","54","24","30","46","72","C0152018"
"5604","2","5","7","53","14","20","34","540","68","C0152018"
"6314","2","3","12","19","31","1","426","568","78","C0152018"
"4535","2","3","2","48","170","50","119","444","556","C0152018"
"6812","2","5","7","27","36","150","341","223","628","C0152020"
"5428","2","3","2","48","170","50","119","167","593","C0152020"
"8890","2","3","2","110","85","237","433","547","671","C0152020"
"25836","2","3","12","76","153","40","38","54","75","C0152021"
"4137","2","3","7","27","36","150","341","223","628","C0152021"
"5290","2","3","7","53","14","20","25","40","186","C0152021"
"4352","2","5","7","53","14","20","25","40","186","C0152021"
"2950","2","5","7","34","52","216","395","549","674","C0152021"
"5731","2","5","4","68","96","326","427","548","672","C0152021"
"11200","2","3","12","19","31","261","116","1","86","C0152021"
"5657","2","5","7","34","52","216","395","549","674","C0152021"
"2697","2","3","7","76","153","40","38","54","75","C0152021"
"3636","2","3","5","80","14","20","25","40","186","C0152021"
"583","2","3","12","76","153","40","38","54","75","C0152021"
"5580","2","5","7","34","52","216","395","287","116","C0152021"
"51360","2","3","3","26","35","276","91","433","203","C0152021"
"3930","2","3","2","22","33","323","66","3","464","C0152021"
"51057","2","3","12","76","153","40","38","54","75","C0152021"
"3614","2","3","7","34","52","216","395","549","674","C0152021"
"5116","2","3","12","76","153","40","38","54","75","C0152021"
"2057","2","5","7","53","14","20","25","40","186","C0152021"
"658","2","5","7","53","51","342","259","423","389","C0152021"
"3763","2","5","8","63","36","166","106","110","158","C0152021"
"5594","2","5","7","34","14","20","34","540","274","C0152021"
"1201","2","3","2","48","170","50","304","167","593","C0152021"
"92482","2","3","12","76","153","76","38","54","75","C0152021"
"50616","2","5","7","53","51","119","25","40","186","C0152021"
"1836","2","3","2","35","41","94","260","330","375","C0152031"
"2720","2","3","7","34","52","216","395","21","599","C0152031"
"7169","2","5","8","63","45","23","103","464","187","C0152031"
"25970","2","5","7","53","14","20","25","40","116","C0152031"
"2158","2","5","7","68","51","119","395","549","674","C0152031"
"25836","2","3","12","76","153","40","38","54","75","C0152031"
"5518","2","3","12","76","153","40","38","54","435","C0152031"
"4893","2","5","7","34","52","24","30","46","72","C0152031"
"7415","2","3","7","34","52","216","395","536","445","C0152031"
"27316","2","3","2","22","33","323","66","101","136","C0152031"
"4170","2","3","12","41","219","339","402","489","416","C0152031"
"6392","2","3","2","48","170","50","119","444","556","C0152031"
"2737","2","3","12","19","116","321","428","54","667","C0152031"
"6662","2","3","3","19","221","321","428","541","667","C0152031"
"8260","2","3","12","41","85","266","76","287","78","C0152031"
"9200","2","3","5","80","81","166","35","49","174","C0152031"
"9049","2","3","3","41","151","276","378","271","356","C0152031"
"4860","2","3","7","34","52","216","395","549","150","C0152031"
"847","2","3","7","34","52","216","395","549","674","C0152031"
"3953","2","5","7","53","14","20","25","40","186","C0152031"
"242","2","3","5","11","142","223","142","220","298","C0152031"
"25978","2","3","2","48","57","110","141","359","462","C0152031"
"6334","2","5","8","63","36","166","341","223","158","C0152031"
"9939","2","3","2","22","33","323","66","101","136","C0152031"
"335","2","5","7","53","51","342","454","573","492","C0152031"
"51134","2","3","12","76","153","40","38","54","75","C0152031"
"10734","2","3","12","19","31","1","426","55","78","C0152101"
"7045","2","5","12","19","51","1","426","55","78","C0152101"
"4842","2","3","5","63","45","71","177","464","219","C0152101"
"4548","2","3","2","15","85","105","139","186","245","C0152101"
"3717","2","5","7","53","14","20","25","40","186","C0152101"
"2879","2","3","5","80","81","166","378","173","229","C0152101"
"3909","2","5","7","53","51","342","454","573","492","C0152101"
"5173","2","5","4","68","96","326","427","548","672","C0152101"
"9871","2","3","7","60","153","40","38","54","203","C0152109"
"9569","2","3","12","19","31","276","91","433","118","C0152109"
"8626","2","3","3","19","221","321","428","541","667","C0152109"
"3981","2","3","12","19","31","261","116","1","86","C0152115"
"91147","2","3","12","76","153","40","38","54","75","C0152115"
"4204","2","3","12","19","31","1","426","55","78","C0152115"
"2623","2","3","12","19","31","1","155","287","116","C0152115"
"29760","2","5","7","53","14","20","25","40","186","C0152115"
"2920","2","5","4","68","96","326","427","548","672","C0152116"
"23189","2","3","12","19","31","1","426","55","78","C0152116"
"4593","2","5","7","53","14","20","454","573","492","C0152116"
"5083","2","3","3","19","221","321","428","541","667","C0152116"
"919","2","5","7","53","14","119","25","40","186","C0152116"
"1482","2","3","3","19","221","321","428","541","667","C0152116"
"4621","2","5","8","63","45","23","103","464","187","C0152116"
"7490","2","3","3","19","221","321","428","541","667","C0152116"
"6005","2","3","2","16","197","45","155","78","695","C0152116"
"54463","2","3","2","48","57","110","141","359","462","C0152116"
"4627","2","5","7","63","45","184","103","572","658","C0152116"
"3073","2","3","5","105","155","250","291","152","420","C0152116"
"5167","2","3","5","32","93","163","207","303","126","C0152116"
"1130","2","5","7","60","54","326","141","359","462","C0152116"
"2078","2","3","12","19","31","276","91","148","624","C0152116"
"1832","2","5","7","34","52","225","142","220","298","C0152116"
"1299","2","5","7","53","51","342","454","573","492","C0152116"
"4893","2","5","7","34","52","24","30","46","72","C0152132"
"4893","2","5","7","34","52","24","30","46","72","C0152132"
"64127","2","3","12","41","219","339","156","568","697","C0152132"
"2110","2","3","2","48","170","50","119","444","556","C0152132"
"5023","2","5","7","34","52","216","395","549","674","C0152132"
"1289","2","5","7","53","51","342","454","573","492","C0152132"
"3425","2","3","5","80","81","166","454","573","492","C0152191"
"345","2","5","7","53","51","342","454","573","492","C0152191"
"9076","2","5","6","42","36","71","177","64","219","C0152191"
"65125","2","5","8","63","45","23","34","464","187","C0152191"
"51715","2","5","7","60","54","24","30","46","72","C0152191"
"9640","2","3","12","19","31","261","116","159","211","C0152191"
"51098","2","3","12","76","153","40","38","54","75","C0152191"
"846","2","5","4","68","96","326","427","548","672","C0152191"
"2121","2","3","12","41","116","268","434","568","605","C0152191"
"9533","2","3","2","19","31","1","426","55","78","C0152191"
"1285","2","5","7","53","51","342","454","573","492","C0152191"
"9469","2","3","2","103","189","303","29","475","467","C0152191"
"51360","2","3","3","26","35","276","91","433","203","C0152191"
"2175","2","3","12","19","31","261","116","1","86","C0152191"
"652","2","5","7","53","51","342","454","573","492","C0152191"
"673","2","5","7","53","14","20","34","540","68","C0152191"
"4803","2","5","7","60","54","24","30","46","72","C0152191"
"7040","2","5","7","53","51","342","454","573","492","C0152191"
"7066","2","5","7","53","51","119","25","573","416","C0152191"
"1409","2","3","12","76","153","40","38","54","75","C0152191"
"6638","2","3","2","22","33","323","66","101","136","C0152191"
"10491","2","5","7","53","51","342","454","573","492","C0152200"
"6648","2","3","2","95","151","160","378","173","229","C0152200"
"6330","2","5","8","63","36","166","341","223","158","C0152200"
"9731","2","3","12","76","153","40","38","54","75","C0152200"
"6334","2","5","8","63","36","166","341","223","158","C0152200"
"10908","2","3","2","97","173","275","377","473","592","C0152200"
"7461","2","3","7","60","153","40","38","93","75","C0152200"
"6514","2","5","7","90","216","337","448","565","562","C0152200"
"26580","2","5","8","27","70","99","162","216","290","C0152227"
"5621","2","5","8","27","36","342","454","573","628","C0152227"
"6557","2","5","8","45","94","199","240","415","666","C0152227"
"10516","2","5","7","53","51","342","454","573","492","C0152227"
"1380","2","5","7","53","51","119","395","549","674","C0152227"
"238","2","5","7","53","14","20","25","40","186","C0152227"
"59","2","5","8","63","45","23","103","464","187","C0152227"
"4436","2","3","12","19","31","261","116","1","86","C0152236"
"4128","2","3","5","80","81","119","402","489","416","C0152236"
"7157","2","3","12","19","31","261","402","489","551","C0152236"
"79602","2","3","2","48","57","110","141","359","462","C0152237"
"4620","2","5","8","63","45","23","103","464","187","C0152237"
"7292","2","5","12","41","219","339","156","568","697","C0152237"
"940","2","5","7","53","14","20","25","40","186","C0152237"
"4318","2","5","7","34","52","216","395","573","492","C0152237"
"1312","2","3","2","87","79","105","426","129","25","C0152237"
"23175","2","3","5","80","81","296","51","488","102","C0152240"
"2896","2","5","7","34","52","216","395","549","674","C0152240"
"7048","2","5","7","53","51","342","259","423","389","C0152240"
"9968","2","4","3","24","119","330","214","454","144","C0152415"
"875","2","3","5","80","137","44","21","451","316","C0152415"
"7317","2","3","12","41","116","268","434","468","213","C0152415"
"1188","2","5","8","63","45","23","34","464","187","C0152415"
"355","2","3","7","41","219","339","156","568","697","C0152415"
"6285","2","5","7","41","219","339","156","568","697","C0152419"
"4524","2","3","2","15","166","104","369","117","583","C0152419"
"1161","2","3","12","41","116","268","434","468","213","C0152419"
"4791","2","3","12","41","219","339","156","568","697","C0152419"
"5781","2","5","7","53","14","20","25","40","186","C0152424"
"30061","2","3","5","25","44","165","101","274","358","C0152424"
"1285","2","5","7","53","51","342","454","573","492","C0152427"
"3769","2","5","8","63","36","166","106","110","158","C0152427"
"7468","2","3","12","19","31","1","426","55","78","C0152427"
"65217","2","5","7","53","51","335","444","560","373","C0152427"
"631","2","3","12","27","45","23","103","540","664","C0152427"
"5961","2","5","7","27","51","326","126","414","702","C0152427"
"2668","2","5","7","53","14","20","25","40","186","C0152427"
"8813","2","3","2","48","116","142","136","280","363","C0152427"
"4233","2","5","7","53","14","20","25","40","186","C0152427"
"4860","2","3","7","34","52","216","395","549","150","C0152427"
"50615","2","5","7","53","51","119","25","40","186","C0152427"
"4157","2","5","4","68","96","326","427","548","672","C0152427"
"10661","2","3","12","19","31","1","426","55","78","C0152427"
"5376","2","5","7","53","51","342","454","573","492","C0152427"
"2641","2","5","4","68","96","326","427","548","672","C0152427"
"51079","2","3","2","48","170","50","119","444","556","C0152427"
"114757","2","3","8","63","45","118","155","287","116","C0152427"
"5922","2","5","7","60","54","24","30","46","72","C0152427"
"720","2","5","7","53","51","342","454","573","492","C0152427"
"208","2","5","7","53","14","20","34","540","68","C0152427"
"1139","2","5","8","27","70","99","162","216","290","C0152427"
"4952","2","3","5","60","54","184","30","544","669","C0152427"
"7809","2","5","8","63","45","23","34","464","187","C0152427"
"1588","2","3","5","79","159","256","350","27","44","C0152427"
"5894","2","5","7","60","54","23","34","464","187","C0152427"
"7299","2","3","5","23","18","138","250","332","407","C0152427"
"54453","2","5","7","60","54","24","30","46","72","C0152427"
"7045","2","5","12","19","51","1","426","55","78","C0152427"
"7045","2","5","12","19","51","1","426","55","78","C0152438"
"2261","2","5","7","53","14","20","25","40","186","C0152438"
"7249","2","3","7","60","57","110","141","359","462","C0152438"
"64220","2","3","2","69","83","101","126","170","224","C0152438"
"1548","2","3","5","91","214","226","326","447","586","C0152438"
"3728","2","5","7","34","52","225","142","220","298","C0152438"
"5447","2","3","5","91","214","271","372","471","586","C0152438"
"4703","2","5","7","60","45","23","103","464","187","C0152438"
"2767","2","5","4","68","96","326","427","548","672","C0152438"
"6662","2","3","3","19","221","321","428","541","667","C0152438"
"10269","2","3","2","48","182","50","119","444","556","C0152438"
"7248","2","3","2","48","57","110","141","359","462","C0152438"
"3973","2","5","4","68","96","326","427","548","672","C0152438"
"5116","2","3","12","76","153","40","38","54","75","C0152438"
"55651","2","3","2","110","85","237","433","547","671","C0152438"
"3115","2","5","7","53","184","119","156","287","116","C0152438"
"6495","2","3","3","19","221","321","428","541","667","C0152439"
"1493","2","5","7","53","51","119","25","40","186","C0152439"
"7422","2","5","7","53","51","342","454","573","702","C0152441"
"1278","2","5","7","53","51","342","454","573","492","C0152441"
"9401","2","3","12","76","31","261","116","1","86","C0152441"
"4689","2","5","7","60","14","20","25","40","215","C0152441"
"10516","2","5","7","53","51","342","454","573","492","C0152441"
"2720","2","3","7","34","52","216","395","21","599","C0152458"
"3762","2","5","8","63","36","166","106","110","158","C0152458"
"6499","2","3","2","110","85","237","433","547","671","C0152459"
"5456","2","3","3","19","221","321","428","541","667","C0152459"
"7124","2","3","12","41","219","339","156","568","697","C0152459"
"3990","2","3","5","26","35","178","9","414","220","C0152459"
"8915","2","3","12","41","219","339","156","568","697","C0152459"
"1103","2","3","2","67","92","293","55","75","311","C0152459"
"10165","2","3","2","48","170","50","304","167","593","C0152459"
"50618","2","5","7","60","54","24","30","544","669","C0152459"
"2255","2","5","7","53","14","20","25","40","186","C0152459"
"4318","2","5","7","34","52","216","395","573","492","C0152459"
"2629","2","3","5","80","81","250","291","152","420","C0152459"
"5009","2","3","2","48","97","50","304","167","593","C0152459"
"4148","2","5","7","53","51","342","454","573","492","C0152459"
"4297","2","3","12","19","31","1","426","55","78","C0152459"
"4591","2","3","12","41","116","268","434","468","213","C0152459"
"915","2","5","7","53","51","119","341","544","669","C0154141"
"9782","2","3","2","22","33","323","66","101","136","C0154141"
"3569","2","5","7","53","51","342","454","573","416","C0154143"
"8200","2","5","7","53","51","342","259","423","389","C0154143"
"356","2","5","7","53","219","339","25","489","697","C0154676"
"6390","2","3","2","48","170","50","119","444","556","C0154676"
"5743","2","3","5","53","175","119","167","489","416","C0154676"
"2218","2","5","2","53","123","194","255","560","373","C0154676"
"2290","2","3","3","19","221","321","428","541","667","C0154676"
"5896","2","3","12","41","116","268","434","568","605","C0154676"
"23322","2","3","12","76","153","40","38","54","75","C0154676"
"2261","2","5","7","53","14","20","25","40","186","C0154676"
"51062","2","5","7","27","36","150","402","489","373","C0154676"
"7681","2","3","12","41","116","268","434","468","213","C0154676"
"54551","2","3","12","41","219","197","156","568","422","C0154723"
"10195","2","3","2","48","69","99","162","216","290","C0154723"
"4519","2","3","2","48","170","50","119","508","312","C0154723"
"3670","2","3","2","110","85","237","433","547","671","C0154723"
"10479","2","5","7","27","36","150","341","223","628","C0154822"
"10269","2","3","2","48","182","50","119","444","556","C0154822"
"10577","2","5","7","34","52","216","395","549","674","C0154832"
"9895","2","3","2","48","57","110","141","359","462","C0154832"
"7403","2","3","12","19","31","1","426","55","78","C0154832"
"1161","2","3","12","41","116","268","434","468","213","C0154832"
"84627","2","3","2","48","170","50","347","167","593","C0154835"
"8643","2","5","3","68","221","197","259","560","422","C0154835"
"22999","2","5","7","60","36","71","341","223","219","C0154835"
"5982","2","3","12","19","31","261","116","1","86","C0154835"
"51684","2","3","12","41","116","268","38","54","75","C0154835"
"7040","2","5","7","53","51","342","454","573","492","C0154835"
"763","2","3","5","35","41","77","40","526","647","C0154835"
"843","2","3","12","41","219","339","156","568","697","C0154835"
"8813","2","3","2","48","116","142","136","280","363","C0154835"
"538","2","3","8","63","45","23","103","464","187","C0154835"
"5913","2","5","7","27","36","71","341","223","219","C0154835"
"3418","2","3","2","67","151","276","33","48","155","C0154850"
"4000","2","3","12","26","105","178","226","297","156","C0154850"
"3557","2","3","12","41","219","339","156","568","697","C0154920"
"2200","2","5","7","53","51","342","454","573","492","C0154920"
"5728","2","3","5","80","81","339","156","568","605","C0154920"
"1528","2","3","5","91","214","271","372","471","586","C0154920"
"4854","2","5","7","53","51","143","428","236","667","C0154920"
"23218","2","5","7","34","52","216","395","549","674","C0154920"
"10555","2","3","7","34","52","216","395","549","622","C0154920"
"1302","2","5","7","53","51","342","454","573","492","C0154920"
"1585","2","3","5","79","159","256","351","100","589","C0154920"
"9949","2","3","2","22","33","225","142","220","298","C0154920"
"29954","2","5","2","27","206","324","430","215","290","C0154920"
"2532","2","5","4","68","96","326","427","548","672","C0154920"
"3763","2","5","8","63","36","166","106","110","158","C0154920"
"7337","2","3","12","41","116","268","434","468","213","C0154920"
"5626","2","3","3","19","221","321","428","541","667","C0154920"
"3106","2","5","7","34","52","119","395","549","674","C0154920"
"54567","2","5","7","53","51","143","428","236","667","C0154920"
"351","2","5","4","68","96","326","188","145","193","C0154920"
"55343","2","3","4","68","69","306","410","520","639","C0154920"
"8743","2","5","12","41","219","339","156","568","697","C0154920"
"3861","2","1","6","11","142","225","142","220","298","C0154936"
"4882","2","3","4","68","96","326","427","548","672","C0154936"
"29851","2","5","7","53","14","20","25","40","186","C0154936"
"445","2","3","2","84","97","167","210","278","360","C0154936"
"8573","2","5","7","53","36","71","341","223","219","C0155016"
"4143","2","3","5","80","81","105","426","129","2","C0155016"
"4308","2","5","8","63","45","193","306","390","158","C0155016"
"6010","2","5","4","68","96","326","427","548","672","C0155016"
"10913","2","3","12","41","219","339","156","568","697","C0155017"
"1289","2","5","7","53","51","342","454","573","492","C0155017"
"5828","2","3","5","43","161","305","409","208","482","C0155017"
"10082","2","3","2","74","51","342","454","573","492","C0155119"
"2110","2","3","2","48","170","50","119","444","556","C0155119"
"374291","2","3","2","48","170","50","119","444","556","C0155119"
"26277","2","3","12","19","31","1","426","1","78","C0155119"
"9378","2","5","7","27","36","71","341","223","219","C0155119"
"3636","2","3","5","80","14","20","25","40","186","C0155119"
"9049","2","3","3","41","151","276","378","271","356","C0155119"
"4998","2","3","12","76","31","261","116","1","86","C0155119"
"50511","2","3","12","19","31","1","426","55","78","C0155119"
"6929","2","3","12","19","31","1","426","55","78","C0155119"
"1031","2","3","12","19","31","1","426","55","78","C0155119"
"3691","2","5","7","53","51","342","454","573","492","C0155119"
"1855","2","5","12","76","153","197","259","560","422","C0155120"
"1029","2","3","12","19","31","1","116","1","664","C0155120"
"1376","2","3","2","19","151","276","91","433","118","C0155127"
"9409","2","3","5","43","161","305","409","208","482","C0155127"
"5447","2","3","5","91","214","271","372","471","586","C0155127"
"2720","2","3","7","34","52","216","395","21","599","C0155210"
"1184","2","5","8","63","45","23","34","464","187","C0155210"
"2521","2","3","2","22","33","323","66","101","136","C0155210"
"2624","2","3","12","19","31","1","155","287","116","C0155210"
"2697","2","3","7","76","153","40","38","54","75","C0155210"
"1241","2","5","4","68","96","326","427","548","672","C0155285"
"5193","2","3","5","43","161","305","409","208","482","C0155285"
"6948","2","5","7","48","51","105","139","186","245","C0155285"
"208","2","5","7","53","14","20","34","540","68","C0155285"
"2521","2","3","2","22","33","323","66","101","136","C0155299"
"3636","2","3","5","80","14","20","25","40","186","C0155299"
"9897","2","3","12","76","18","75","38","1","212","C0155299"
"30008","2","5","7","53","51","342","454","573","492","C0155299"
"7473","2","5","3","68","221","197","259","560","422","C0155299"
"7010","2","5","7","53","14","20","25","40","186","C0155299"
"29954","2","5","2","27","206","324","430","215","290","C0155299"
"23384","2","3","12","63","45","184","103","572","658","C0155299"
"686","2","3","5","80","81","166","166","127","173","C0155299"
"51082","2","3","2","19","31","1","426","55","78","C0155320"
"8243","2","3","12","76","31","40","38","54","75","C0155320"
"4647","2","5","7","60","83","101","126","170","224","C0155320"
"633","2","5","7","53","51","342","454","573","492","C0155320"
"8626","2","3","3","19","221","321","428","541","667","C0155320"
"9829","2","5","7","60","14","184","341","544","669","C0155320"
"8820","2","3","3","19","221","321","428","541","667","C0155320"
"4990","2","3","3","19","221","321","428","541","667","C0155320"
"5644","2","5","7","68","51","119","395","549","674","C0155320"
"8892","2","3","2","110","85","237","433","547","671","C0155320"
"6229","2","3","2","110","85","237","433","547","671","C0155320"
"25782","2","5","7","60","54","24","30","46","72","C0155320"
"6101","2","5","7","60","116","268","434","468","215","C0155320"
"5728","2","3","5","80","81","339","156","568","605","C0155320"
"2261","2","5","7","53","14","20","25","40","186","C0155320"
"210","2","3","7","34","52","216","395","549","674","C0155320"
"8036","2","5","7","60","54","296","399","359","658","C0155320"
"8085","2","3","12","19","31","1","426","55","78","C0155320"
"23322","2","3","12","76","153","40","38","54","75","C0155320"
"55704","2","3","12","76","153","40","38","54","75","C0155320"
"4621","2","5","8","63","45","23","103","464","187","C0155320"
"8195","2","3","12","76","153","76","38","54","75","C0155320"
"788","2","3","2","45","151","199","240","415","666","C0155320"
"3440","2","3","12","19","184","118","155","287","116","C0155320"
"4041","2","5","3","68","221","197","259","560","422","C0155552"
"10312","2","3","7","34","52","216","395","549","674","C0155552"
"9509","2","5","7","53","51","342","454","573","492","C0155552"
"1822","2","3","12","19","31","1","426","55","462","C0155552"
"1387","2","3","12","19","31","276","91","433","118","C0155552"
"28976","2","3","2","48","170","50","247","322","446","C0155552"
"2263","2","5","7","53","14","20","25","40","186","C0155552"
"10479","2","5","7","27","36","150","341","223","628","C0155552"
"10342","2","3","7","60","219","40","202","66","203","C0155552"
"9037","2","5","7","53","51","342","454","560","492","C0155552"
"4001","2","3","12","76","31","40","38","54","75","C0155552"
"5648","2","5","7","53","51","119","395","549","674","C0155552"
"7054","2","3","5","80","81","166","34","258","345","C0155676"
"54880","2","3","12","19","31","1","426","55","78","C0155676"
"7067","2","3","3","19","151","276","91","433","118","C0155733"
"51091","2","3","2","110","85","237","433","547","671","C0155733"
"1296","2","5","7","53","51","342","454","573","492","C0155733"
"50809","2","3","2","110","85","237","433","547","311","C0155733"
"6197","2","3","12","19","14","20","34","540","68","C0155733"
"2317","2","5","7","63","45","23","103","287","664","C0155862"
"2064","2","5","7","53","14","20","25","40","186","C0155862"
"3295","2","3","5","43","161","305","409","208","482","C0155862"
"54903","2","3","12","76","153","40","38","54","75","C0155862"
"55738","2","5","7","60","153","40","38","544","669","C0155862"
"467","2","3","12","19","31","276","91","433","118","C0155862"
"3549","2","5","3","53","51","197","259","560","422","C0156273"
"5314","2","3","12","76","153","40","38","54","75","C0156273"
"175","2","3","7","34","52","216","395","549","674","C0156273"
"5116","2","3","12","76","153","40","38","54","75","C0156273"
"2074","2","3","12","19","31","1","426","55","78","C0156273"
"825","2","5","7","53","51","342","454","573","492","C0156273"
"4851","2","3","12","19","221","143","428","236","667","C0156273"
"717","2","5","7","53","51","119","395","549","674","C0156273"
"6331","2","5","8","63","36","166","341","223","158","C0156273"
"6201","2","3","2","110","85","237","433","547","671","C0156273"
"2314","2","3","12","63","45","184","103","572","658","C0156312"
"8260","2","3","12","41","85","266","76","287","78","C0156312"
"5443","2","5","4","68","96","326","427","548","672","C0156312"
"6689","2","3","12","19","31","276","91","433","118","C0156312"
"4803","2","5","7","60","54","24","30","46","72","C0156312"
"3459","2","5","7","53","184","119","156","287","116","C0156312"
"55636","2","3","3","19","221","321","428","423","389","C0156312"
"2065","2","5","7","53","14","20","25","40","186","C0156312"
"7476","2","5","3","68","221","197","259","560","422","C0156312"
"4803","2","5","7","60","54","24","30","46","72","C0156404"
"1287","2","5","2","53","51","342","454","573","492","C0156404"
"4744","2","3","6","27","36","150","399","223","628","C0156404"
"5191","2","3","5","43","161","305","409","208","482","C0156404"
"1261","2","5","8","63","36","166","106","110","158","C0156404"
"5122","2","5","4","27","36","184","141","359","411","C0156404"
"11277","2","3","12","19","31","261","116","1","86","C0157733"
"5832","2","3","2","101","62","189","182","509","252","C0157733"
"7097","2","5","7","34","52","216","395","549","674","C0157733"
"4750","2","5","12","76","14","20","34","540","68","C0157733"
"2629","2","3","5","80","81","250","291","152","420","C0157733"
"25978","2","3","2","48","57","110","141","359","462","C0157733"
"2261","2","5","7","53","14","20","25","40","186","C0157733"
"4141","2","3","2","110","85","237","433","547","154","C0157733"
"4915","2","5","7","53","14","20","25","40","186","C0157733"
"7140","2","5","8","63","45","23","103","464","187","C0157733"
"2334","2","5","7","53","14","20","25","40","186","C0157733"
"7048","2","5","7","53","51","342","259","423","389","C0157733"
"8626","2","3","3","19","221","321","428","541","667","C0157733"
"3040","2","5","5","53","51","342","40","78","178","C0157733"
"6611","2","3","2","58","55","25","46","329","198","C0157733"
"4000","2","3","12","26","105","178","226","297","156","C0157733"
"595","2","3","12","19","31","1","426","489","416","C0157733"
"9215","2","5","2","27","36","150","430","215","628","C0157733"
"2581","2","3","5","80","81","250","291","152","420","C0157733"
"1586","2","3","5","79","98","256","335","425","540","C0157733"
"9126","2","3","12","76","153","40","38","54","75","C0157733"
"4907","2","3","5","80","81","296","62","94","150","C0157733"
"55687","2","3","2","48","170","152","119","252","154","C0157733"
"84059","2","5","7","53","51","335","444","560","373","C0157733"
"10483","2","3","7","60","54","24","30","46","72","C0157733"
"6736","2","3","12","19","31","276","91","433","667","C0157733"
"3592","2","5","7","53","51","119","25","489","416","C0157733"
"658","2","5","7","53","51","342","259","423","389","C0157733"
"9968","2","4","3","24","119","330","214","454","144","C0157733"
"148","2","5","4","68","96","326","427","548","672","C0157733"
"4000","2","3","12","26","105","178","226","297","156","C0157917"
"5648","2","5","7","53","51","119","395","549","674","C0157917"
"359","2","3","5","80","81","166","397","374","486","C0157917"
"4247","2","3","2","68","67","320","98","180","279","C0157917"
"29899","2","5","4","68","96","326","427","548","672","C0157917"
"10484","2","3","7","60","153","40","38","54","203","C0157917"
"9445","2","3","12","19","31","1","426","55","78","C0157917"
"3977","2","5","7","53","51","119","25","40","416","C0157917"
"3664","2","5","7","53","184","119","156","287","116","C0157917"
"3035","2","3","2","110","85","237","433","547","154","C0158113"
"3845","2","5","7","60","54","24","30","46","72","C0158113"
"51750","2","3","12","19","31","261","116","1","86","C0158113"
"5230","2","3","12","72","167","266","367","500","577","C0158113"
"1785","2","5","7","60","14","184","341","544","669","C0158113"
"7290","2","3","12","19","31","1","426","55","78","C0158113"
"242","2","3","5","11","142","223","142","220","298","C0158113"
"8481","2","3","12","76","153","40","38","54","75","C0158113"
"8831","2","5","7","60","54","24","30","46","72","C0158113"
"3756","2","5","8","63","36","166","106","110","158","C0158113"
"53834","2","5","7","53","51","342","454","573","492","C0158113"
"6261","2","5","8","63","45","23","34","464","187","C0158113"
"8820","2","3","3","19","221","321","428","541","667","C0158113"
"2243","2","5","7","53","51","342","454","573","492","C0158113"
"51604","2","3","2","61","77","142","176","235","317","C0158113"
"2767","2","5","4","68","96","326","427","548","672","C0158113"
"23529","2","5","7","53","51","119","25","40","416","C0158113"
"1482","2","3","3","19","221","321","428","541","667","C0158113"
"1146","2","5","8","27","70","99","162","216","290","C0158113"
"2697","2","3","7","76","153","40","38","54","75","C0158113"
"27329","2","5","7","53","51","342","454","573","492","C0158113"
"51604","2","3","2","61","77","142","176","235","317","C0158113"
"8452","2","3","12","41","116","268","434","468","213","C0158113"
"5894","2","5","7","60","54","23","34","464","187","C0158113"
"3683","2","5","7","53","51","119","395","549","674","C0158113"
"3077","2","5","7","53","51","119","395","549","674","C0158113"
"3977","2","5","7","53","51","119","25","40","416","C0158113"
"5894","2","5","7","60","54","23","34","464","187","C0158113"
"2720","2","3","7","34","52","216","395","21","599","C0158113"
"472","2","3","12","19","31","261","116","1","86","C0158113"
"1437","2","5","7","53","14","20","25","40","186","C0158252"
"9270","2","5","7","60","51","342","454","573","492","C0158252"
"2733","2","3","2","22","33","323","66","101","664","C0158252"
"3440","2","3","12","19","184","118","155","287","116","C0158252"
"3758","2","5","8","63","36","166","106","110","158","C0158252"
"151","2","5","4","68","96","326","427","548","672","C0158252"
"3081","2","3","2","91","51","3","267","308","429","C0158252"
"3479","2","5","7","53","51","342","454","573","492","C0158266"
"25782","2","5","7","60","54","24","30","46","72","C0158266"
"7054","2","3","5","80","81","166","34","258","345","C0158266"
"4088","2","3","12","19","219","339","259","423","605","C0158266"
"5339","2","5","7","53","51","342","454","573","492","C0158266"
"7468","2","3","12","19","31","1","426","55","78","C0158465"
"7010","2","5","7","53","14","20","25","40","186","C0158465"
"7015","2","3","12","19","31","1","426","55","78","C0158465"
"3439","2","3","12","19","184","118","155","287","116","C0158465"
"1646","2","3","2","46","136","227","168","225","490","C0158465"
"5308","2","3","3","19","221","321","428","541","667","C0158465"
"10847","2","3","12","19","31","1","426","55","78","C0158465"
"8214","2","3","6","11","142","225","142","220","298","C0158465"
"5193","2","3","5","43","161","305","409","208","482","C0158465"
"9096","2","5","7","53","51","335","259","560","373","C0158465"
"23426","2","5","7","42","36","71","177","223","219","C0158465"
"24140","2","3","2","110","85","152","129","252","154","C0158465"
"2033","2","3","12","19","31","1","91","433","118","C0158465"
"2697","2","3","7","76","153","40","38","54","75","C0158465"
"540","2","5","8","63","45","23","103","464","187","C0158465"
"5194","2","3","5","43","161","305","409","208","482","C0158465"
"7454","2","5","7","60","14","20","25","40","215","C0158465"
"9786","2","3","12","76","153","40","38","54","75","C0158465"
"4780","2","3","12","19","31","276","91","433","118","C0158551"
"355","2","3","7","41","219","339","156","568","697","C0158551"
"84634","2","5","4","68","96","326","427","548","672","C0158551"
"2158","2","5","7","68","51","119","395","549","674","C0158646"
"7138","2","5","8","63","45","23","103","464","187","C0158646"
"715","2","5","7","53","51","119","395","549","674","C0158646"
"3691","2","5","7","53","51","342","454","573","492","C0158646"
"7015","2","3","12","19","31","1","426","55","78","C0158646"
"857","2","5","7","53","45","23","57","83","422","C0158646"
"9518","2","5","7","53","51","342","259","423","389","C0158646"
"51098","2","3","12","76","153","40","38","54","75","C0158646"
"2707","2","3","12","76","153","40","38","54","75","C0158646"
"2072","2","3","12","19","31","261","116","1","86","C0158646"
"4854","2","5","7","53","51","143","428","236","667","C0158646"
"6253","2","5","4","27","36","326","402","489","187","C0158646"
"54790","2","3","12","19","31","1","426","55","78","C0158646"
"7248","2","3","2","48","57","110","141","359","462","C0158646"
"7546","2","5","3","19","221","321","79","560","373","C0158646"
"5663","2","5","7","34","52","216","395","549","667","C0158646"
"5373","2","3","2","90","167","123","158","207","278","C0158646"
"5728","2","3","5","80","81","339","156","568","605","C0158646"
"2260","2","5","7","53","14","20","25","40","186","C0158646"
"1356","2","3","7","53","51","342","454","573","492","C0158646"
"4853","2","3","12","19","124","143","428","236","667","C0158646"
"3845","2","5","7","60","54","24","30","46","72","C0158646"
"26191","2","5","7","53","14","20","25","40","186","C0158646"
"6535","2","5","8","45","94","199","240","415","666","C0158683"
"6607","2","3","2","22","33","323","66","101","664","C0158683"
"582","2","3","12","76","153","76","38","54","75","C0158683"
"2138","2","3","12","19","31","1","426","55","78","C0158713"
"4968","2","3","12","19","31","261","116","1","86","C0158713"
"4893","2","5","7","34","52","24","30","46","72","C0158733"
"2260","2","5","7","53","14","20","25","40","186","C0158733"
"2301","2","5","6","11","142","225","142","220","673","C0158733"
"59","2","5","8","63","45","23","103","464","187","C0158733"
"79738","2","3","12","76","153","76","38","54","75","C0158733"
"5156","2","5","7","53","14","20","25","40","186","C0158733"
"6392","2","3","2","48","170","50","119","444","556","C0158733"
"4340","2","5","7","53","51","119","341","223","628","C0158733"
"1030","2","3","12","19","31","1","426","55","78","C0158733"
"4621","2","5","8","63","45","23","103","464","187","C0158733"
"10195","2","3","2","48","69","99","162","216","290","C0158733"
"551","2","5","4","68","96","326","427","548","672","C0158734"
"26275","2","3","2","67","92","67","76","155","153","C0158734"
"51520","2","3","2","110","85","237","433","547","154","C0158734"
"83959","2","5","2","27","36","150","136","106","628","C0158734"
"5728","2","3","5","80","81","339","156","568","605","C0158734"
"8243","2","3","12","76","31","40","38","54","75","C0158734"
"6218","2","3","2","110","85","237","433","547","671","C0158734"
"10020","2","3","2","89","124","204","42","452","258","C0158734"
"7248","2","3","2","48","57","110","141","359","462","C0158734"
"1261","2","5","8","63","36","166","106","110","158","C0158734"
"4128","2","3","5","80","81","119","402","489","416","C0158734"
"1536","2","5","7","34","52","216","395","549","674","C0158734"
"4998","2","3","12","76","31","261","116","1","86","C0158761"
"259232","2","5","8","63","45","23","34","464","187","C0158761"
"2664","2","5","7","60","54","24","30","46","72","C0158761"
"22995","2","3","12","76","153","40","38","54","75","C0158761"
"2798","2","5","4","68","96","326","427","548","672","C0158761"
"5532","2","3","4","63","45","23","402","518","621","C0158761"
"7018","2","5","7","53","51","342","454","573","669","C0158761"
"51057","2","3","12","76","153","40","38","54","75","C0158761"
"30062","2","3","3","19","221","321","428","541","667","C0158761"
"538","2","3","8","63","45","23","103","464","187","C0158761"
"859","2","5","8","63","45","23","103","464","187","C0158761"
"5155","2","5","7","53","51","342","454","573","186","C0158761"
"25814","2","3","2","48","170","110","119","444","462","C0158761"
"4214","2","3","12","41","219","339","34","540","117","C0158761"
"860","2","3","12","19","31","276","91","433","118","C0158761"
"22930","2","5","7","60","54","24","30","46","72","C0158761"
"2720","2","3","7","34","52","216","395","21","599","C0158761"
"1291","2","5","7","53","51","342","454","573","492","C0158761"
"6448","2","3","5","74","160","294","376","453","567","C0158761"
"9401","2","3","12","76","31","261","116","1","86","C0158761"
"6448","2","3","5","74","160","294","376","453","567","C0158761"
"1031","2","3","12","19","31","1","426","55","78","C0158761"
"51451","2","3","12","76","153","40","116","1","435","C0158761"
"5428","2","3","2","48","170","50","119","167","593","C0158761"
"5830","2","3","5","43","161","305","409","208","482","C0158775"
"51422","2","3","2","48","57","110","141","359","462","C0158775"
"3892","2","1","6","11","142","225","142","220","298","C0158775"
"1813","2","5","4","68","96","326","427","548","672","C0158775"
"324","2","3","12","41","219","197","70","255","422","C0158775"
"100","2","3","5","33","21","47","56","80","199","C0158775"
"4988","2","5","4","68","96","326","427","548","672","C0158775"
"2317","2","5","7","63","45","23","103","287","664","C0158775"
"59","2","5","8","63","45","23","103","464","187","C0158775"
"5290","2","3","7","53","14","20","25","40","186","C0158775"
"7461","2","3","7","60","153","40","38","93","75","C0158775"
"1497","2","5","2","63","182","50","103","297","628","C0158775"
"51128","2","5","7","60","153","24","38","46","72","C0158775"
"54808","2","3","12","76","153","40","38","54","75","C0158775"
"4582","2","5","7","53","206","324","430","429","544","C0158775"
"1528","2","3","5","91","214","271","372","471","586","C0158775"
"3146","2","5","7","34","52","216","395","549","674","C0158779"
"94","2","5","7","53","51","342","259","423","389","C0158779"
"2332","2","3","2","22","33","71","373","466","609","C0158779"
"4000","2","3","12","26","105","178","226","297","156","C0158779"
"3553","2","5","7","53","51","119","25","489","416","C0158986"
"5950","2","5","7","53","51","101","126","170","224","C0158986"
"673","2","5","7","53","14","20","34","540","68","C0158986"
"9368","2","5","7","42","36","71","177","223","219","C0158986"
"207","2","3","7","53","14","20","34","489","416","C0158986"
"94","2","5","7","53","51","342","259","423","389","C0158986"
"6331","2","5","8","63","36","166","341","223","158","C0158986"
"2313","2","3","12","19","31","276","91","433","118","C0158986"
"55145","2","3","2","22","33","225","142","220","140","C0158986"
"23556","2","3","2","61","77","142","176","235","317","C0158986"
"4353","2","3","7","34","52","216","395","549","674","C0158986"
"2074","2","3","12","19","31","1","426","55","78","C0158986"
"6341","2","3","2","48","170","50","119","444","556","C0158986"
"3239","2","3","3","19","221","321","428","541","667","C0158986"
"3930","2","3","2","22","33","323","66","3","464","C0158986"
"7306","2","5","5","23","18","138","250","332","407","C0158986"
"4000","2","3","12","26","105","178","226","297","156","C0158986"
"5339","2","5","7","53","51","342","454","573","492","C0162154"
"64327","2","5","4","68","96","326","427","548","672","C0162154"
"4338","2","3","2","110","85","75","204","267","352","C0162154"
"1528","2","3","5","91","214","271","372","471","586","C0162154"
"3889","2","1","6","11","142","225","142","220","298","C0162154"
"23600","2","3","5","80","81","305","409","208","482","C0162154"
"203","2","3","4","72","109","182","235","307","506","C0162154"
"2316","2","5","7","53","51","342","454","573","702","C0162154"
"8314","2","3","12","41","31","1","426","55","78","C0162154"
"3593","2","5","7","53","51","119","25","489","416","C0162154"
"594","2","3","2","67","92","293","55","75","311","C0162154"
"1832","2","5","7","34","52","225","142","220","298","C0162154"
"348","2","5","7","53","51","342","454","573","492","C0162154"
"7048","2","5","7","53","51","342","259","423","389","C0162154"
"8878","2","3","12","41","219","339","156","568","697","C0162154"
"2261","2","5","7","53","14","20","25","40","186","C0162154"
"1487","2","3","12","19","31","1","426","55","340","C0162154"
"65062","2","3","2","48","170","50","119","444","556","C0162154"
"1497","2","5","2","63","182","50","103","297","628","C0162275"
"4000","2","3","12","26","105","178","226","297","156","C0162275"
"340024","2","3","8","45","94","199","240","415","666","C0162275"
"5290","2","3","7","53","14","20","25","40","186","C0162275"
"475","2","3","5","80","81","110","378","173","229","C0162275"
"4864","2","3","5","48","152","184","341","544","669","C0162275"
"10262","2","3","2","22","33","323","66","101","136","C0162275"
"5781","2","5","7","53","14","20","25","40","186","C0162275"
"3590","2","5","7","53","51","119","25","40","416","C0162283"
"142","2","3","12","19","31","261","116","1","86","C0162283"
"9533","2","3","2","19","31","1","426","55","78","C0162283"
"1019","2","3","12","19","31","1","116","1","86","C0162283"
"1811","2","5","8","35","41","199","40","415","666","C0162283"
"3868","2","1","6","11","142","225","142","220","298","C0162283"
"5498","2","3","5","80","81","166","132","175","473","C0162283"
"4948","2","5","8","63","45","23","250","464","187","C0162285"
"1280","2","5","7","53","51","342","454","573","492","C0162285"
"5447","2","3","5","91","214","271","372","471","586","C0162285"
"5660","2","5","7","34","52","326","427","548","702","C0162285"
"8085","2","3","12","19","31","1","426","55","78","C0162285"
"5664","2","5","7","53","219","143","428","236","667","C0162285"
"538","2","3","8","63","45","23","103","464","187","C0162285"
"673","2","5","7","53","14","20","34","540","68","C0162285"
"3835","2","3","12","76","153","40","38","54","75","C0162285"
"71","2","5","7","60","14","184","103","544","669","C0162285"
"9469","2","3","2","103","189","303","29","475","467","C0162292"
"9401","2","3","12","76","31","261","116","1","86","C0162292"
"4654","2","3","12","19","31","276","91","433","118","C0162292"
"3954","2","3","2","48","170","67","119","444","593","C0162292"
"3172","2","3","3","19","151","276","91","433","118","C0162292"
"10743","2","3","3","19","151","276","91","433","118","C0162292"
"4053","2","5","7","53","51","342","454","573","492","C0162309"
"10908","2","3","2","97","173","275","377","473","592","C0162309"
"5728","2","3","5","80","81","339","156","568","605","C0162309"
"2222","2","3","2","19","151","276","91","433","118","C0162309"
"7469","2","3","12","19","31","261","116","159","211","C0162309"
"23363","2","3","12","41","116","268","434","468","213","C0162309"
"6513","2","5","7","90","216","337","448","565","562","C0162316"
"7369","2","5","7","53","51","119","395","549","674","C0162316"
"7515","2","3","12","19","31","261","116","1","86","C0162316"
"9856","2","5","7","60","14","184","341","544","669","C0162316"
"23426","2","5","7","42","36","71","177","223","219","C0162316"
"790","2","3","12","41","219","339","347","206","627","C0162316"
"26012","2","3","12","19","31","261","116","159","211","C0162316"
"5826","2","3","7","48","161","105","139","186","245","C0162316"
"26353","2","3","12","76","45","160","347","271","356","C0162316"
"3110","2","3","3","19","221","321","428","541","667","C0162316"
"2773","2","5","4","68","96","326","427","548","672","C0162323"
"54209","2","5","7","53","51","119","395","549","674","C0162323"
"1499","2","3","12","19","221","197","259","560","422","C0162323"
"7474","2","5","3","68","221","184","259","544","669","C0162323"
"1583","2","3","5","79","152","273","375","100","589","C0162323"
"6891","2","3","12","41","116","119","156","568","116","C0162323"
"4284","2","3","5","80","81","166","397","374","486","C0162323"
"2778","2","5","4","68","96","326","427","548","672","C0162323"
"50937","2","5","7","53","51","335","444","560","373","C0162323"
"1131","2","5","4","68","96","326","427","548","672","C0162323"
"147495","2","5","3","34","221","197","259","560","422","C0162323"
"7148","2","5","7","53","51","342","454","573","492","C0162359"
"54941","2","3","12","41","116","268","434","468","213","C0162359"
"1293","2","5","7","53","51","342","454","573","492","C0162359"
"6496","2","3","3","19","221","321","428","541","667","C0162361"
"846","2","5","4","68","96","326","427","548","672","C0162361"
"3458","2","5","7","53","184","119","156","287","116","C0162429"
"58","2","5","8","63","45","23","103","464","187","C0162429"
"2184","2","3","5","76","153","138","236","332","407","C0162429"
"23141","2","3","12","76","105","40","226","489","435","C0162429"
"9051","2","5","7","60","14","20","25","40","215","C0162429"
"1030","2","3","12","19","31","1","426","55","78","C0162429"
"23230","2","5","7","11","142","71","341","560","219","C0162429"
"1280","2","5","7","53","51","342","454","573","492","C0162429"
"5913","2","5","7","27","36","71","341","223","219","C0162429"
"3930","2","3","2","22","33","323","66","3","464","C0162429"
"6885","2","3","12","41","219","339","156","568","697","C0162429"
"2556","2","5","8","27","70","99","162","216","290","C0162530"
"10459","2","3","12","76","31","261","116","1","86","C0162530"
"54757","2","5","7","53","51","342","454","573","492","C0162538"
"7291","2","3","12","19","151","276","91","489","416","C0162538"
"3786","2","5","8","63","36","166","106","110","158","C0162538"
"4645","2","3","4","67","92","293","55","75","311","C0162538"
"2627","2","3","12","19","31","118","155","287","116","C0162538"
"3553","2","5","7","53","51","119","25","489","416","C0162538"
"6925","2","3","12","19","31","225","142","220","298","C0162538"
"2677","2","5","7","53","51","342","454","573","492","C0162538"
"1278","2","5","7","53","51","342","454","573","492","C0162538"
"2153","2","5","7","53","51","342","454","573","492","C0162538"
"94","2","5","7","53","51","342","259","423","389","C0162538"
"7468","2","3","12","19","31","1","426","55","78","C0162538"
"55112","2","3","12","76","153","40","38","54","75","C0162538"
"5277","2","3","2","61","77","142","176","235","317","C0162538"
"11281","2","3","3","19","221","321","428","541","667","C0162538"
"2138","2","3","12","19","31","1","426","55","78","C0162538"
"5167","2","3","5","32","93","163","207","303","126","C0162538"
"641","2","3","12","19","31","261","116","1","86","C0162538"
"3425","2","3","5","80","81","166","454","573","492","C0162538"
"3914","2","5","7","53","51","342","454","573","492","C0162539"
"23203","2","3","5","80","81","50","304","167","593","C0162539"
"1717","2","3","2","19","151","276","48","69","204","C0162539"
"9091","2","3","2","61","77","142","176","235","317","C0162539"
"3549","2","5","3","53","51","197","259","560","422","C0162539"
"3758","2","5","8","63","36","166","106","110","158","C0162539"
"2200","2","5","7","53","51","342","454","573","492","C0162539"
"55325","2","5","7","34","181","23","119","544","187","C0162539"
"3796","2","3","12","76","153","40","38","54","75","C0162539"
"2629","2","3","5","80","81","250","291","152","420","C0162539"
"6016","2","5","7","60","54","24","30","46","72","C0162539"
"4893","2","5","7","34","52","24","30","46","72","C0162539"
"219736","2","3","2","63","171","97","129","478","597","C0162539"
"6712","2","5","7","60","153","40","341","223","203","C0162539"
"429","2","3","3","19","221","321","428","541","667","C0162539"
"50945","2","3","3","48","170","335","347","560","373","C0162539"
"2138","2","3","12","19","31","1","426","55","78","C0162539"
"1285","2","5","7","53","51","342","454","573","492","C0162539"
"7249","2","3","7","60","57","110","141","359","462","C0162539"
"6390","2","3","2","48","170","50","119","444","556","C0162539"
"5551","2","5","7","53","51","119","395","549","674","C0162539"
"5781","2","5","7","53","14","20","25","40","186","C0162539"
"378884","2","3","12","41","116","268","434","468","213","C0162557"
"1513","2","5","7","53","51","342","454","573","492","C0162557"
"8910","2","5","8","63","45","23","103","464","187","C0162557"
"8200","2","5","7","53","51","342","259","423","389","C0162557"
"9321","2","3","12","76","153","40","38","54","203","C0162557"
"2773","2","5","4","68","96","326","427","548","672","C0162557"
"6772","2","3","12","53","184","119","156","287","116","C0162557"
"8642","2","5","7","53","51","335","444","560","373","C0162557"
"8985","2","5","7","53","51","342","454","573","492","C0162557"
"72","2","5","8","63","45","23","103","464","187","C0162557"
"9227","2","3","2","69","51","101","126","170","224","C0162557"
"6687","2","3","2","48","170","50","119","444","593","C0162557"
"5080","2","3","3","19","221","321","428","541","667","C0162557"
"6885","2","3","12","41","219","339","156","568","697","C0162557"
"54903","2","3","12","76","153","40","38","54","75","C0162557"
"7124","2","3","12","41","219","339","156","568","697","C0162557"
"4621","2","5","8","63","45","23","103","464","187","C0162557"
"2244","2","5","7","53","51","342","454","573","492","C0162557"
"2153","2","5","7","53","51","342","454","573","492","C0162557"
"242","2","3","5","11","142","223","142","220","298","C0162557"
"471","2","3","5","80","81","61","373","341","142","C0162557"
"5908","2","5","7","34","52","216","30","46","72","C0162557"
"8842","2","5","5","53","82","147","184","179","328","C0162557"
"1804","2","5","7","27","36","150","341","223","628","C0162557"
"5781","2","5","7","53","14","20","25","40","186","C0162557"
"30008","2","5","7","53","51","342","454","573","492","C0162557"
"2717","2","3","7","34","52","216","395","549","674","C0162557"
"6197","2","3","12","19","14","20","34","540","68","C0162557"
"6154","2","3","2","110","85","237","433","547","671","C0162557"
"11152","2","3","2","48","57","110","141","359","462","C0162566"
"9463","2","5","7","42","36","71","177","223","219","C0162566"
"10528","2","3","2","110","85","237","433","547","671","C0162566"
"3596","2","5","7","53","51","119","25","489","416","C0162566"
"2074","2","3","12","19","31","1","426","55","78","C0162568"
"55651","2","3","2","110","85","237","433","547","671","C0162568"
"3458","2","5","7","53","184","119","156","287","116","C0162568"
"9581","2","3","5","27","36","150","76","223","628","C0162568"
"6557","2","5","8","45","94","199","240","415","666","C0162627"
"1584","2","3","5","79","159","256","276","353","456","C0162627"
"3557","2","3","12","41","219","339","156","568","697","C0162627"
"4621","2","5","8","63","45","23","103","464","187","C0162627"
"7046","2","3","12","41","219","339","259","423","605","C0162627"
"11315","2","3","2","48","170","50","399","201","229","C0162627"
"7170","2","5","8","63","45","23","103","464","187","C0162627"
"8643","2","5","3","68","221","197","259","560","422","C0162635"
"2581","2","3","5","80","81","250","291","152","420","C0162635"
"5696","2","3","12","41","116","268","156","568","116","C0162635"
"4000","2","3","12","26","105","178","226","297","156","C0162635"
"10060","2","3","8","41","45","23","423","464","445","C0162666"
"2317","2","5","7","63","45","23","103","287","664","C0162666"
"23384","2","3","12","63","45","184","103","572","658","C0162666"
"26191","2","5","7","53","14","20","25","40","186","C0162666"
"4591","2","3","12","41","116","268","434","468","213","C0162666"
"1636","2","3","5","80","81","166","397","418","568","C0162666"
"3239","2","3","3","19","221","321","428","541","667","C0162666"
"5295","2","5","7","53","14","20","25","40","186","C0162670"
"6496","2","3","3","19","221","321","428","541","667","C0162670"
"1213","2","3","7","60","14","184","341","544","669","C0162670"
"7476","2","5","3","68","221","197","259","560","422","C0162670"
"9361","2","3","2","48","170","50","119","444","556","C0162670"
"4541","2","3","2","48","170","50","119","444","24","C0162670"
"5660","2","5","7","34","52","326","427","548","702","C0162670"
"3766","2","5","8","63","36","166","106","110","158","C0162670"
"10558","2","3","2","50","47","39","100","321","209","C0162670"
"1312","2","3","2","87","79","105","426","129","25","C0162670"
"5309","2","3","3","19","221","321","428","541","667","C0162670"
"6495","2","3","3","19","221","321","428","541","667","C0162670"
"7545","2","5","3","34","52","216","142","220","298","C0162670"
"5443","2","5","4","68","96","326","427","548","672","C0162670"
"547","2","3","7","76","153","40","38","54","75","C0162670"
"5447","2","3","5","91","214","271","372","471","586","C0162670"
"5340","2","5","7","53","51","342","454","573","492","C0162670"
"2187","2","3","12","19","31","261","116","1","86","C0162670"
"4854","2","5","7","53","51","143","428","236","667","C0162670"
"6314","2","3","12","19","31","1","426","568","78","C0162670"
"2773","2","5","4","68","96","326","427","548","672","C0162670"
"3763","2","5","8","63","36","166","106","110","158","C0162671"
"1301","2","5","7","53","51","342","454","573","492","C0162671"
"2178","2","3","12","19","31","261","116","1","86","C0162671"
"6584","2","3","8","45","94","199","240","415","666","C0162671"
"1356","2","3","7","53","51","342","454","573","492","C0162671"
"4689","2","5","7","60","14","20","25","40","215","C0162671"
"5190","2","3","5","43","161","305","409","208","482","C0162671"
"207","2","3","7","53","14","20","34","489","416","C0162671"
"4283","2","5","4","68","96","326","427","548","672","C0162671"
"2212","2","5","7","34","52","216","395","549","674","C0162671"
"3708","2","5","8","63","45","23","306","390","158","C0162671"
"7132","2","3","12","41","219","339","156","568","697","C0162672"
"1593","2","3","5","79","152","273","157","333","277","C0162672"
"4000","2","3","12","26","105","178","226","297","156","C0162672"
"5728","2","3","5","80","81","339","156","568","605","C0162674"
"5406","2","3","5","80","81","166","454","76","106","C0162674"
"5293","2","3","7","53","14","20","25","40","186","C0162674"
"10815","2","5","7","60","36","71","341","223","666","C0162674"
"846","2","5","4","68","96","326","427","548","672","C0162674"
"3073","2","3","5","105","155","250","291","152","420","C0162674"
"183","2","5","4","68","96","326","427","548","672","C0162674"
"8647","2","3","5","46","158","252","352","449","563","C0162674"
"23417","2","3","2","43","161","305","409","208","482","C0162674"
"100","2","3","5","33","21","47","56","80","199","C0162674"
"11322","2","5","7","34","52","216","395","549","674","C0162674"
"5009","2","3","2","48","97","50","304","167","593","C0162674"
"5351","2","5","7","53","51","342","454","573","492","C0162674"
"23345","2","3","12","19","31","1","426","55","78","C0162674"
"1201","2","3","2","48","170","50","304","167","593","C0162674"
"23385","2","5","7","34","52","216","395","549","674","C0162674"
"1182","2","5","8","63","45","23","34","464","187","C0162674"
"3547","2","5","7","53","51","119","395","549","674","C0162678"
"6103","2","3","12","76","153","40","38","54","75","C0162678"
"3458","2","5","7","53","184","119","156","287","116","C0162678"
"1293","2","5","7","53","51","342","454","573","492","C0162678"
"10686","2","5","6","42","36","71","177","64","219","C0162678"
"95681","2","3","12","76","153","40","38","54","75","C0162739"
"5373","2","3","2","90","167","123","158","207","278","C0162739"
"51091","2","3","2","110","85","237","433","547","671","C0162739"
"10815","2","5","7","60","36","71","341","223","666","C0162770"
"6772","2","3","12","53","184","119","156","287","116","C0162770"
"1902","2","5","4","68","96","326","427","548","672","C0162770"
"8924","2","3","12","41","116","268","434","468","213","C0162770"
"3758","2","5","8","63","36","166","106","110","158","C0162770"
"1910","2","5","4","68","96","326","427","548","672","C0162770"
"10269","2","3","2","48","182","50","119","444","556","C0162809"
"10804","2","3","12","76","153","40","38","54","75","C0162809"
"538","2","3","8","63","45","23","103","464","187","C0162809"
"7139","2","5","8","63","45","23","103","464","187","C0162809"
"3766","2","5","8","63","36","166","106","110","158","C0162809"
"2627","2","3","12","19","31","118","155","287","116","C0162809"
"1917","2","3","12","41","219","339","347","572","658","C0162809"
"7249","2","3","7","60","57","110","141","359","462","C0162809"
"4763","2","5","7","60","54","24","30","46","214","C0162809"
"54949","2","3","2","48","170","50","119","444","556","C0162809"
"3549","2","5","3","53","51","197","259","560","422","C0162809"
"435","2","3","8","84","97","167","210","278","360","C0162809"
"5961","2","5","7","27","51","326","126","414","702","C0162809"
"5994","2","3","12","19","31","276","91","491","118","C0162809"
"10806","2","3","12","76","153","40","38","54","75","C0162809"
"4069","2","5","7","34","52","216","395","549","674","C0162809"
"7015","2","3","12","19","31","1","426","55","78","C0162809"
"2052","2","3","5","91","130","114","290","367","475","C0162809"
"100","2","3","5","33","21","47","56","80","199","C0162809"
"4842","2","3","5","63","45","71","177","464","219","C0162809"
"3766","2","5","8","63","36","166","106","110","158","C0162819"
"5179","2","5","4","68","96","326","427","548","672","C0162819"
"2303","2","5","3","19","221","321","428","541","667","C0162819"
"3914","2","5","7","53","51","342","454","573","492","C0162819"
"4040","2","5","3","68","221","197","259","560","422","C0162819"
"29978","2","5","7","60","116","268","341","544","669","C0162835"
"8504","2","3","5","47","144","185","238","310","392","C0162835"
"362","2","3","5","80","81","166","397","374","486","C0162835"
"367","2","3","12","19","31","276","91","433","118","C0162835"
"1280","2","5","7","53","51","342","454","573","492","C0162835"
"8050","2","3","2","67","92","293","55","75","311","C0162835"
"54968","2","3","2","48","170","50","119","444","556","C0162835"
"4157","2","5","4","68","96","326","427","548","672","C0162835"
"5130","2","3","2","85","143","286","51","488","102","C0162835"
"27306","2","3","5","91","175","271","372","471","586","C0162835"
"8626","2","3","3","19","221","321","428","541","667","C0162835"
"4982","2","5","12","41","219","339","156","568","697","C0162835"
"5428","2","3","2","48","170","50","119","167","593","C0162835"
"3423","2","3","5","74","3","342","374","294","590","C0162835"
"2200","2","5","7","53","51","342","454","573","492","C0162835"
"54790","2","3","12","19","31","1","426","55","78","C0162835"
"3339","2","5","7","53","51","342","454","573","492","C0162835"
"4508","2","3","2","48","170","50","119","444","556","C0162835"
"8243","2","3","12","76","31","40","38","54","75","C0162835"
"10456","2","3","2","41","170","150","304","167","593","C0162835"
"10717","2","5","7","60","18","184","341","544","669","C0162835"
"4780","2","3","12","19","31","276","91","433","118","C0162835"
"3887","2","1","6","11","142","225","142","220","298","C0162835"
"7415","2","3","7","34","52","216","395","536","445","C0162835"
"1409","2","3","12","76","153","40","38","54","75","C0162835"
"5830","2","3","5","43","161","305","409","208","482","C0162836"
"8085","2","3","12","19","31","1","426","55","78","C0162836"
"875","2","3","5","80","137","44","21","451","316","C0162836"
"10082","2","3","2","74","51","342","454","573","492","C0162848"
"9731","2","3","12","76","153","40","38","54","75","C0162848"
"1387","2","3","12","19","31","276","91","433","118","C0162871"
"27249","2","3","2","48","182","50","119","186","245","C0162871"
"8050","2","3","2","67","92","293","55","75","311","C0162871"
"10059","2","3","2","48","170","50","304","167","304","C0162871"
"7037","2","5","7","60","14","184","341","544","669","C0162871"
"5873","2","5","7","34","54","24","30","46","72","C0162871"
"5422","2","3","12","19","31","261","116","1","86","C0162871"
"5156","2","5","7","53","14","20","25","40","186","C0162871"
"53834","2","5","7","53","51","342","454","573","492","C0162871"
"3077","2","5","7","53","51","119","395","549","674","C0162872"
"7099","2","5","7","41","219","339","156","568","697","C0162872"
"2261","2","5","7","53","14","20","25","40","186","C0162872"
"1756","2","5","8","63","45","23","103","464","187","C0162872"
"23411","2","3","12","19","31","1","91","433","118","C0162872"
"7169","2","5","8","63","45","23","103","464","187","C0162872"
"1392","2","5","4","68","96","326","427","548","672","C0162872"
"889","2","5","7","60","45","23","306","64","436","C0162872"
"23590","2","3","2","48","170","50","119","444","556","C0175691"
"7422","2","5","7","53","51","342","454","573","702","C0175691"
"3123","2","5","7","53","51","119","156","287","116","C0175693"
"3040","2","5","5","53","51","342","40","78","178","C0175693"
"2184","2","3","5","76","153","138","236","332","407","C0175693"
"4893","2","5","7","34","52","24","30","46","72","C0175693"
"3190","2","3","2","22","33","323","66","101","136","C0175695"
"26191","2","5","7","53","14","20","25","40","186","C0175695"
"6752","2","5","4","68","96","326","427","548","672","C0175695"
"4913","2","3","12","19","31","261","116","1","86","C0175697"
"3891","2","1","6","11","142","225","142","220","298","C0175697"
"54209","2","5","7","53","51","119","395","549","674","C0175699"
"3852","2","1","6","11","142","225","142","220","298","C0175699"
"23189","2","3","12","19","31","1","426","55","78","C0175699"
"1475","2","1","6","11","142","225","142","220","298","C0175700"
"10549","2","5","7","34","52","216","395","549","674","C0175700"
"23522","2","3","12","19","31","1","426","55","78","C0175700"
"1200","2","3","5","80","81","178","226","297","380","C0175702"
"2263","2","5","7","53","14","20","25","40","186","C0175702"
"2260","2","5","7","53","14","20","25","40","186","C0175702"
"5373","2","3","2","90","167","123","158","207","278","C0175702"
"6662","2","3","3","19","221","321","428","541","667","C0175702"
"3674","2","5","7","53","51","342","454","573","492","C0175702"
"5444","2","3","5","80","147","236","328","411","229","C0175702"
"6928","2","3","3","19","221","321","428","541","667","C0175702"
"9871","2","3","7","60","153","40","38","54","203","C0175702"
"3784","2","5","8","63","36","166","106","110","158","C0175704"
"6439","2","5","5","68","96","185","238","310","272","C0175704"
"8891","2","3","2","110","85","237","433","547","671","C0175704"
"627","2","5","7","53","51","335","444","423","373","C0175704"
"1836","2","3","2","35","41","94","260","330","375","C0175704"
"103","2","3","2","110","184","119","156","287","116","C0178416"
"5159","2","5","7","53","14","20","25","40","186","C0178416"
"25836","2","3","12","76","153","40","38","54","75","C0178416"
"4318","2","5","7","34","52","216","395","573","492","C0178417"
"26040","2","3","12","19","31","1","116","297","78","C0178417"
"6473","2","3","3","19","221","321","428","541","667","C0178417"
"9966","2","5","12","41","219","339","156","568","697","C0178417"
"5189","2","3","5","43","161","305","409","208","482","C0178417"
"9031","2","3","12","19","31","1","426","55","78","C0178417"
"4688","2","5","7","60","14","20","25","40","215","C0178417"
"7428","2","3","12","41","116","268","434","468","213","C0178417"
"1235","2","5","4","68","96","326","427","548","672","C0178417"
"5445","2","3","5","80","147","236","328","411","229","C0178417"
"5605","2","5","7","53","14","20","34","540","68","C0178417"
"1280","2","5","7","53","51","342","454","573","492","C0178417"
"2109","2","3","2","48","170","50","119","444","556","C0178417"
"9569","2","3","12","19","31","276","91","433","118","C0178417"
"10686","2","5","6","42","36","71","177","64","219","C0178417"
"5828","2","3","5","43","161","305","409","208","482","C0178417"
"2259","2","5","8","63","36","166","341","223","158","C0178417"
"5648","2","5","7","53","51","119","395","549","674","C0178417"
"4860","2","3","7","34","52","216","395","549","150","C0178417"
"7169","2","5","8","63","45","23","103","464","187","C0178417"
"6774","2","3","12","53","14","276","25","489","416","C0178417"
"176","2","5","7","53","51","342","454","573","492","C0178417"
"585","2","3","12","76","153","40","38","54","75","C0178417"
"3064","2","3","12","48","170","50","444","91","439","C0178417"
"10516","2","5","7","53","51","342","454","573","492","C0178417"
"354","2","5","7","53","51","342","454","573","492","C0178417"
"540","2","5","8","63","45","23","103","464","187","C0178417"
"2121","2","3","12","41","116","268","434","568","605","C0178421"
"4128","2","3","5","80","81","119","402","489","416","C0178421"
"9939","2","3","2","22","33","323","66","101","136","C0178421"
"51684","2","3","12","41","116","268","38","54","75","C0178664"
"3630","2","5","7","53","14","20","25","40","186","C0178664"
"8398","2","3","5","116","183","40","38","352","455","C0178664"
"2799","2","3","7","34","52","216","395","549","33","C0178664"
"8518","2","3","12","19","31","1","426","55","78","C0178664"
"51702","2","3","12","19","31","1","426","55","78","C0178664"
"2811","2","5","7","53","51","1","454","573","78","C0178664"
"4843","2","3","5","43","161","305","409","489","416","C0205700"
"5897","2","3","12","41","116","268","141","568","605","C0205700"
"27077","2","3","12","76","153","40","38","54","75","C0205700"
"860","2","3","12","19","31","276","91","433","118","C0205700"
"5982","2","3","12","19","31","261","116","1","86","C0205700"
"7337","2","3","12","41","116","268","434","468","213","C0205700"
"2978","2","3","5","80","81","272","223","518","621","C0205700"
"4212","2","3","3","19","221","321","428","541","667","C0205711"
"3081","2","3","2","91","51","3","267","308","429","C0205711"
"6905","2","3","12","76","153","40","38","54","75","C0205711"
"8626","2","3","3","19","221","321","428","541","667","C0205713"
"51317","2","3","12","19","31","1","426","55","78","C0205713"
"9652","2","3","2","110","85","237","433","547","671","C0205768"
"4353","2","3","7","34","52","216","395","549","674","C0205768"
"238","2","5","7","53","14","20","25","40","186","C0205824"
"9723","2","5","7","53","51","342","79","560","373","C0205824"
"55145","2","3","2","22","33","225","142","220","140","C0205824"
"5528","2","3","12","76","153","40","38","54","75","C0206061"
"6303","2","3","2","67","118","160","261","188","423","C0206061"
"24","2","3","12","41","116","268","423","536","445","C0206061"
"10516","2","5","7","53","51","342","454","573","492","C0206061"
"10262","2","3","2","22","33","323","66","101","136","C0206061"
"5314","2","3","12","76","153","40","38","54","75","C0206062"
"1880","2","5","4","68","96","326","427","548","672","C0206062"
"2052","2","3","5","91","130","114","290","367","475","C0206062"
"2941","2","3","5","91","175","271","372","471","586","C0206062"
"26608","2","3","2","22","170","50","119","463","153","C0206062"
"4621","2","5","8","63","45","23","103","464","187","C0206115"
"26137","2","5","7","63","45","184","103","572","658","C0206115"
"2922","2","5","4","68","96","326","427","548","672","C0206115"
"3043","2","5","7","34","52","216","395","549","116","C0206138"
"5631","2","3","2","72","119","109","266","336","452","C0206138"
"5621","2","5","8","27","36","342","454","573","628","C0206138"
"1747","2","3","3","19","221","321","428","541","667","C0206138"
"3362","2","5","4","68","96","326","427","548","672","C0206138"
"8091","2","3","12","110","109","22","262","129","638","C0206138"
"2908","2","3","12","19","151","276","91","433","118","C0206146"
"10535","2","3","12","76","153","40","38","54","75","C0206146"
"11128","2","3","2","22","33","261","116","159","211","C0206146"
"255239","2","5","8","67","36","71","177","75","311","C0206146"
"4689","2","5","7","60","14","20","25","40","215","C0206160"
"9248","2","5","4","68","96","326","427","548","672","C0206160"
"5376","2","5","7","53","51","342","454","573","492","C0206160"
"1571","2","3","5","91","214","271","372","471","26","C0206160"
"3081","2","3","2","91","51","3","267","308","429","C0206160"
"1289","2","5","7","53","51","342","454","573","492","C0206160"
"10269","2","3","2","48","182","50","119","444","556","C0206160"
"2717","2","3","7","34","52","216","395","549","674","C0206160"
"860","2","3","12","19","31","276","91","433","118","C0206160"
"3240","2","5","7","34","52","216","395","549","674","C0206160"
"4488","2","3","3","19","221","321","428","541","667","C0206160"
"4983","2","5","7","60","54","24","30","46","72","C0206160"
"3218","2","3","3","19","221","321","428","541","667","C0206160"
"6750","2","5","4","68","96","326","427","548","672","C0206160"
"37","2","3","2","110","105","178","226","297","380","C0206160"
"11284","2","3","12","19","31","261","116","1","86","C0206160"
"3239","2","3","3","19","221","321","428","541","667","C0206160"
"2120","2","3","12","19","31","193","306","148","624","C0206160"
"6399","2","5","7","60","54","24","30","46","72","C0206160"
"2067","2","3","12","19","31","261","116","1","86","C0206160"
"4000","2","3","12","26","105","178","226","297","156","C0206180"
"64240","2","3","5","47","144","185","238","310","392","C0206180"
"3606","2","5","7","53","51","119","156","489","416","C0206180"
"1585","2","3","5","79","159","256","351","100","589","C0206180"
"55612","2","5","7","60","36","71","177","560","701","C0206182"
"860","2","3","12","19","31","276","91","433","118","C0206182"
"2321","2","5","7","53","14","20","25","40","186","C0206368"
"23095","2","3","7","76","153","40","38","54","75","C0206368"
"4000","2","3","12","26","105","178","226","297","156","C0206617"
"4221","2","3","12","19","31","342","454","573","492","C0206617"
"4018","2","5","7","68","51","342","454","573","492","C0206620"
"1277","2","5","7","53","51","342","454","573","492","C0206620"
"2677","2","5","7","53","51","342","454","573","492","C0206620"
"673","2","5","7","53","14","20","34","540","68","C0206620"
"64802","2","3","2","73","110","53","59","228","306","C0206620"
"3115","2","5","7","53","184","119","156","287","116","C0206620"
"4538","2","3","2","48","170","50","119","444","556","C0206620"
"5617","2","5","12","19","31","1","426","55","78","C0206620"
"2516","2","3","3","19","151","276","91","433","118","C0206620"
"1031","2","3","12","19","31","1","426","55","78","C0206620"
"7518","2","3","12","19","31","261","116","1","86","C0206620"
"54474","2","1","6","11","142","225","142","220","298","C0206620"
"1437","2","5","7","53","14","20","25","40","186","C0206620"
"51750","2","3","12","19","31","261","116","1","86","C0206620"
"4621","2","5","8","63","45","23","103","464","187","C0206620"
"4864","2","3","5","48","152","184","341","544","669","C0206620"
"2316","2","5","7","53","51","342","454","573","702","C0206620"
"1785","2","5","7","60","14","184","341","544","669","C0206620"
"1889","2","5","4","68","96","326","427","548","672","C0206620"
"2332","2","3","2","22","33","71","373","466","609","C0206620"
"6392","2","3","2","48","170","50","119","444","556","C0206620"
"2260","2","5","7","53","14","20","25","40","186","C0206624"
"8647","2","3","5","46","158","252","352","449","563","C0206624"
"16","2","3","2","110","85","237","433","547","154","C0206624"
"3106","2","5","7","34","52","119","395","549","674","C0206624"
"2072","2","3","12","19","31","261","116","1","86","C0206624"
"4000","2","3","12","26","105","178","226","297","156","C0206624"
"4286","2","3","12","19","31","261","116","1","664","C0206624"
"80169","2","3","12","19","31","261","116","1","86","C0206624"
"5617","2","5","12","19","31","1","426","55","78","C0206630"
"5573","2","3","12","19","184","118","155","287","116","C0206630"
"1184","2","5","8","63","45","23","34","464","187","C0206630"
"26277","2","3","12","19","31","1","426","1","78","C0206630"
"445","2","3","2","84","97","167","210","278","360","C0206634"
"440","2","3","2","101","62","189","182","509","154","C0206634"
"54658","2","3","2","78","205","207","67","355","138","C0206637"
"5190","2","3","5","43","161","305","409","208","482","C0206637"
"3110","2","3","3","19","221","321","428","541","667","C0206637"
"9607","2","5","4","68","96","326","427","548","672","C0206637"
"10020","2","3","2","89","124","204","42","452","258","C0206637"
"5290","2","3","7","53","14","20","25","40","186","C0206650"
"3073","2","3","5","105","155","250","291","152","420","C0206650"
"1300","2","5","7","53","51","342","454","573","492","C0206655"
"5213","2","3","2","90","167","266","367","500","577","C0206655"
"23384","2","3","12","63","45","184","103","572","658","C0206655"
"2261","2","5","7","53","14","20","25","40","186","C0206655"
"64324","2","3","12","19","31","1","426","55","78","C0206656"
"7169","2","5","8","63","45","23","103","464","187","C0206656"
"8644","2","3","2","46","175","227","167","224","301","C0206656"
"6690","2","5","7","68","51","119","395","549","674","C0206656"
"6440","2","5","5","68","96","185","238","310","272","C0206656"
"1387","2","3","12","19","31","276","91","433","118","C0206657"
"4000","2","3","12","26","105","178","226","297","156","C0206657"
"5624","2","5","7","53","51","342","454","573","492","C0206661"
"10987","2","3","12","41","116","268","434","468","213","C0206661"
"1071","2","5","7","53","51","342","454","573","492","C0206661"
"7490","2","3","3","19","221","321","428","541","667","C0206661"
"3106","2","5","7","34","52","119","395","549","674","C0206661"
"2483","2","3","2","22","33","323","66","101","136","C0206661"
"7415","2","3","7","34","52","216","395","536","445","C0206663"
"538","2","3","8","63","45","23","103","464","187","C0206663"
"26227","2","3","2","41","137","44","208","81","108","C0206663"
"6514","2","5","7","90","216","337","448","565","562","C0206663"
"23564","2","3","2","63","45","225","243","177","236","C0206663"
"4763","2","5","7","60","54","24","30","46","214","C0206663"
"3763","2","5","8","63","36","166","106","110","158","C0206663"
"9361","2","3","2","48","170","50","119","444","556","C0206663"
"5727","2","3","12","68","221","197","259","560","422","C0206667"
"4214","2","3","12","41","219","339","34","540","117","C0206667"
"7018","2","5","7","53","51","342","454","573","669","C0206667"
"7837","2","3","5","80","51","342","454","573","492","C0206667"
"50484","2","3","5","80","109","182","235","307","506","C0206667"
"6786","2","5","8","63","45","23","103","464","187","C0206669"
"23322","2","3","12","76","153","40","38","54","75","C0206669"
"7291","2","3","12","19","151","276","91","489","416","C0206669"
"1760","2","5","8","63","14","20","34","540","68","C0206669"
"8622","2","3","4","68","96","326","427","548","672","C0206669"
"857","2","5","7","53","45","23","57","83","422","C0206669"
"2581","2","3","5","80","81","250","291","152","420","C0206669"
"7809","2","5","8","63","45","23","34","464","187","C0206677"
"6899","2","5","7","53","184","335","259","560","373","C0206677"
"7291","2","3","12","19","151","276","91","489","416","C0206681"
"213","2","5","7","53","51","342","454","573","492","C0206681"
"10060","2","3","8","41","45","23","423","464","445","C0206682"
"3972","2","5","4","68","96","326","427","548","672","C0206682"
"5296","2","5","7","53","14","20","25","40","186","C0206682"
"778","2","5","8","63","36","166","341","223","158","C0206682"
"1896","2","5","12","41","219","339","156","568","697","C0206682"
"4000","2","3","12","26","105","178","226","297","156","C0206682"
"5290","2","3","7","53","14","20","25","40","186","C0206682"
"3835","2","3","12","76","153","40","38","54","75","C0206684"
"590","2","3","5","85","143","286","51","488","604","C0206684"
"2235","2","3","2","17","24","51","132","175","473","C0206686"
"207","2","3","7","53","14","20","34","489","416","C0206686"
"6239","2","3","12","19","119","330","214","454","144","C0206686"
"3110","2","3","3","19","221","321","428","541","667","C0206686"
"26610","2","3","12","19","31","1","426","55","78","C0206686"
"6331","2","5","8","63","36","166","341","223","158","C0206686"
"6256","2","3","3","19","151","276","91","433","118","C0206686"
"6927","2","3","3","19","221","321","428","541","667","C0206686"
"5830","2","3","5","43","161","305","409","208","482","C0206686"
"220","2","3","5","75","120","10","165","432","297","C0206686"
"3636","2","3","5","80","14","20","25","40","186","C0206686"
"4000","2","3","12","26","105","178","226","297","156","C0206686"
"4089","2","3","12","19","219","339","259","423","605","C0206686"
"23742","2","5","5","68","96","326","427","447","586","C0206686"
"545","2","3","12","19","31","261","116","1","86","C0206686"
"10370","2","3","12","19","31","276","91","433","118","C0206686"
"930","2","5","7","53","14","119","25","40","186","C0206686"
"4893","2","5","7","34","52","24","30","46","72","C0206686"
"10555","2","3","7","34","52","216","395","549","622","C0206686"
"6648","2","3","2","95","151","160","378","173","229","C0206686"
"2010","2","3","12","26","105","296","226","488","156","C0206686"
"8625","2","3","12","19","31","276","91","236","118","C0206692"
"1653","2","3","2","22","33","323","66","101","664","C0206692"
"1356","2","3","7","53","51","342","454","573","492","C0206692"
"3784","2","5","8","63","36","166","106","110","158","C0206693"
"5444","2","3","5","80","147","236","328","411","229","C0206693"
"2316","2","5","7","53","51","342","454","573","702","C0206698"
"5894","2","5","7","60","54","23","34","464","187","C0206698"
"148","2","5","4","68","96","326","427","548","672","C0206698"
"2159","2","5","7","68","51","119","454","549","674","C0206698"
"324","2","3","12","41","219","197","70","255","422","C0206698"
"4306","2","3","3","19","151","276","91","433","118","C0206698"
"871","2","5","7","53","51","342","454","573","492","C0206698"
"546","2","3","12","19","31","261","426","1","86","C0206698"
"3047","2","3","12","19","31","118","155","287","116","C0206698"
"22868","2","3","2","48","182","67","76","463","153","C0206698"
"1028","2","3","12","19","31","1","116","1","86","C0206698"
"6657","2","3","12","19","221","321","428","541","667","C0206698"
"5859","2","3","2","110","85","237","433","547","154","C0206698"
"3356","2","5","4","68","96","326","427","548","672","C0206698"
"5925","2","3","12","19","31","1","426","55","78","C0206698"
"1776","2","5","7","105","219","261","402","129","215","C0206698"
"10484","2","3","7","60","153","40","38","54","203","C0206698"
"8547","2","5","7","53","51","342","454","573","492","C0206698"
"207","2","3","7","53","14","20","34","489","416","C0206698"
"6324","2","5","7","63","36","166","341","223","158","C0206698"
"701","2","3","12","76","153","40","38","54","75","C0206698"
"6521","2","5","8","35","41","199","40","415","666","C0206698"
"11235","2","3","2","76","137","76","136","472","435","C0206698"
"6138","2","3","2","110","85","237","433","547","671","C0206698"
"579","2","3","3","19","221","321","428","541","667","C0206698"
"3481","2","5","7","53","51","342","454","573","492","C0206704"
"5696","2","3","12","41","116","268","156","568","116","C0206704"
"4998","2","3","12","76","31","261","116","1","86","C0206708"
"4621","2","5","8","63","45","23","103","464","187","C0206708"
"6648","2","3","2","95","151","160","378","173","229","C0206711"
"54101","2","3","2","48","170","50","347","167","593","C0206711"
"10806","2","3","12","76","153","40","38","54","75","C0206711"
"2916","2","5","4","68","96","326","427","548","672","C0206711"
"2629","2","3","5","80","81","250","291","152","420","C0206718"
"845","2","5","8","63","45","23","34","464","187","C0206718"
"55630","2","3","5","27","81","99","162","216","290","C0206718"
"5604","2","5","7","53","14","20","34","540","68","C0206718"
"9469","2","3","2","103","189","303","29","475","467","C0206718"
"355","2","3","7","41","219","339","156","568","697","C0206718"
"55651","2","3","2","110","85","237","433","547","671","C0206718"
"5914","2","3","3","19","151","276","91","433","118","C0206720"
"50964","2","5","3","68","221","197","259","423","422","C0206720"
"23299","2","3","12","76","153","40","38","54","75","C0206720"
"3758","2","5","8","63","36","166","106","110","158","C0206726"
"5728","2","3","5","80","81","339","156","568","605","C0206726"
"4803","2","5","7","60","54","24","30","46","72","C0206726"
"6821","2","3","5","114","211","332","175","556","256","C0206726"
"9820","2","3","12","41","116","268","434","468","213","C0206726"
"3954","2","3","2","48","170","67","119","444","593","C0206726"
"5189","2","3","5","43","161","305","409","208","482","C0206726"
"2261","2","5","7","53","14","20","25","40","186","C0206726"
"5828","2","3","5","43","161","305","409","208","482","C0206726"
"1134","2","5","8","27","70","99","162","216","290","C0206726"
"3094","2","3","2","48","170","266","367","500","78","C0206726"
"7133","2","5","7","34","52","216","395","549","697","C0206726"
"2056","2","5","7","53","51","119","25","40","186","C0206726"
"4539","2","3","2","53","184","86","107","560","195","C0206726"
"2737","2","3","12","19","116","321","428","54","667","C0206726"
"1301","2","5","7","53","51","342","454","573","492","C0206726"
"11107","2","3","12","19","31","1","426","55","78","C0206727"
"2395","2","3","2","48","170","50","304","167","593","C0206727"
"80774","2","3","2","41","45","184","103","572","701","C0206727"
"9487","2","3","5","80","81","142","176","235","317","C0206727"
"2335","2","5","7","53","51","342","454","573","492","C0206727"
"5205","2","3","8","63","45","23","103","464","619","C0206729"
"54808","2","3","12","76","153","40","38","54","75","C0206729"
"6776","2","5","7","53","14","20","25","40","186","C0206729"
"2316","2","5","7","53","51","342","454","573","702","C0206729"
"6323","2","5","8","63","36","166","341","390","158","C0206729"
"3664","2","5","7","53","184","119","156","287","116","C0206731"
"9569","2","3","12","19","31","276","91","433","118","C0206731"
"2074","2","3","12","19","31","1","426","55","78","C0206731"
"10225","2","5","7","53","51","119","395","549","674","C0206731"
"23630","2","5","8","63","36","166","106","110","158","C0206731"
"3418","2","3","2","67","151","276","33","48","155","C0206731"
"8030","2","3","12","76","137","76","136","472","435","C0206731"
"1406","2","3","3","19","221","321","428","541","667","C0206732"
"215","2","3","5","47","144","185","238","310","392","C0206732"
"2068","2","3","12","19","31","261","116","159","211","C0206732"
"2296","2","3","3","19","221","321","428","541","667","C0206732"
"2313","2","3","12","19","31","276","91","433","118","C0206732"
"860","2","3","12","19","31","276","91","433","118","C0206733"
"4261","2","3","12","53","184","119","156","287","116","C0206733"
"3892","2","1","6","11","142","225","142","220","298","C0206733"
"4072","2","5","7","53","51","119","454","573","492","C0206733"
"2162","2","5","7","53","51","342","454","573","702","C0206733"
"10083","2","5","7","42","36","71","177","223","219","C0206733"
"5048","2","3","12","76","153","40","38","54","75","C0206733"
"5328","2","5","7","34","52","216","395","549","674","C0206733"
"5244","2","3","3","41","151","276","91","433","118","C0206733"
"478","2","3","8","63","45","23","366","464","187","C0206733"
"1412","2","5","6","11","142","225","243","177","673","C0206734"
"1395","2","5","4","68","96","326","427","548","672","C0206734"
"4284","2","3","5","80","81","166","397","374","486","C0206754"
"25978","2","3","2","48","57","110","141","359","462","C0206754"
"29922","2","3","2","72","109","182","235","307","506","C0206754"
"4720","2","3","2","48","170","50","119","444","556","C0206754"
"4204","2","3","12","19","31","1","426","55","78","C0206754"
"8787","2","5","4","68","96","326","427","548","672","C0206754"
"1440","2","5","7","53","51","119","25","489","416","C0206754"
"3965","2","5","7","53","51","342","454","573","492","C0206754"
"10008","2","5","8","63","36","166","341","223","158","C0206754"
"6899","2","5","7","53","184","335","259","560","373","C0206754"
"5251","2","3","5","80","81","296","474","593","722","C0206754"
"4318","2","5","7","34","52","216","395","573","492","C0206762"
"54820","2","3","12","76","153","40","38","54","75","C0206762"
"5781","2","5","7","53","14","20","25","40","186","C0206762"
"1291","2","5","7","53","51","342","454","573","492","C0206762"
"356","2","5","7","53","219","339","25","489","697","C0206762"
"2109","2","3","2","48","170","50","119","444","556","C0206762"
"1184","2","5","8","63","45","23","34","464","187","C0206762"
"4141","2","3","2","110","85","237","433","547","154","C0206762"
"3845","2","5","7","60","54","24","30","46","72","C0206762"
"473","2","3","12","19","31","1","426","55","78","C0206762"
"9227","2","3","2","69","51","101","126","170","224","C0206762"
"54551","2","3","12","41","219","197","156","568","422","C0206762"
"2706","2","3","12","76","153","40","38","54","75","C0206762"
"55130","2","3","12","76","153","76","38","54","75","C0206762"
"10804","2","3","12","76","153","40","38","54","75","C0206762"
"3239","2","3","3","19","221","321","428","541","667","C0220633"
"64240","2","3","5","47","144","185","238","310","392","C0220633"
"1021","2","3","12","19","31","1","426","55","78","C0220633"
"10269","2","3","2","48","182","50","119","444","556","C0220633"
"1896","2","5","12","41","219","339","156","568","697","C0220633"
"6392","2","3","2","48","170","50","119","444","556","C0220633"
"2995","2","5","7","53","51","119","454","573","492","C0220633"
"10059","2","3","2","48","170","50","304","167","304","C0220633"
"6017","2","3","2","69","83","101","126","170","224","C0220658"
"547","2","3","7","76","153","40","38","54","75","C0220658"
"6925","2","3","12","19","31","225","142","220","298","C0220659"
"1896","2","5","12","41","219","339","156","568","697","C0220659"
"3239","2","3","3","19","221","321","428","541","667","C0220662"
"54938","2","3","2","110","85","67","76","252","154","C0220662"
"25793","2","3","12","41","116","268","434","468","213","C0220662"
"1594","2","3","5","92","163","96","363","460","487","C0220662"
"55135","2","3","12","76","137","76","136","472","435","C0220662"
"2798","2","5","4","68","96","326","427","548","672","C0220662"
"5743","2","3","5","53","175","119","167","489","416","C0220669"
"25978","2","3","2","48","57","110","141","359","462","C0220669"
"673","2","5","7","53","14","20","34","540","68","C0220669"
"889","2","5","7","60","45","23","306","64","436","C0220669"
"857","2","5","7","53","45","23","57","83","422","C0220669"
"9896","2","3","5","80","81","296","399","201","274","C0220697"
"6261","2","5","8","63","45","23","34","464","187","C0220697"
"5696","2","3","12","41","116","268","156","568","116","C0220697"
"1373","2","3","8","84","97","167","210","271","536","C0220697"
"1311","2","5","7","53","51","342","454","573","492","C0220697"
"4609","2","3","12","19","31","1","160","107","416","C0220697"
"1184","2","5","8","63","45","23","34","464","187","C0220697"
"4487","2","3","3","19","221","321","428","541","667","C0220697"
"1440","2","5","7","53","51","119","25","489","416","C0220697"
"2263","2","5","7","53","14","20","25","40","186","C0220697"
"3423","2","3","5","74","3","342","374","294","590","C0220697"
"673","2","5","7","53","14","20","34","540","68","C0220697"
"249","2","3","5","27","51","335","444","560","373","C0220697"
"8216","2","3","12","41","119","330","214","454","144","C0220704"
"9217","2","3","2","50","47","39","100","321","255","C0220704"
"478","2","3","8","63","45","23","366","464","187","C0220704"
"7174","2","3","12","41","116","268","434","468","213","C0220704"
"10312","2","3","7","34","52","216","395","549","674","C0220704"
"26610","2","3","12","19","31","1","426","55","78","C0220704"
"2182","2","3","2","67","92","265","284","147","235","C0220704"
"3239","2","3","3","19","221","321","428","541","667","C0220704"
"6716","2","3","2","69","98","169","299","50","494","C0220704"
"1302","2","5","7","53","51","342","454","573","492","C0220708"
"7466","2","5","7","53","51","342","454","573","492","C0220708"
"3655","2","5","7","53","51","342","454","573","492","C0220721"
"1583","2","3","5","79","152","273","375","100","589","C0220721"
"51626","2","3","12","76","153","40","38","54","75","C0220722"
"4481","2","5","7","53","51","342","454","573","492","C0220722"
"3587","2","5","7","53","51","119","395","549","674","C0220722"
"9152","2","5","8","45","94","199","240","415","666","C0220722"
"5422","2","3","12","19","31","261","116","1","86","C0220723"
"5251","2","3","5","80","81","296","474","593","722","C0220723"
"26585","2","5","7","53","51","342","259","423","389","C0220756"
"1278","2","5","7","53","51","342","454","573","492","C0220756"
"1244","2","3","12","41","116","268","423","536","445","C0220763"
"51473","2","5","7","60","36","20","25","64","215","C0220763"
"6329","2","5","8","63","36","166","341","390","158","C0220766"
"3265","2","5","7","60","54","24","30","46","72","C0220766"
"8242","2","3","12","19","31","1","426","55","78","C0220769"
"3440","2","3","12","19","184","118","155","287","116","C0220769"
"4771","2","5","7","60","36","71","177","64","215","C0220769"
"133","2","5","4","68","96","326","427","548","672","C0220982"
"1630","2","5","7","53","51","335","444","560","373","C0220982"
"1130","2","5","7","60","54","326","141","359","462","C0220982"
"10262","2","3","2","22","33","323","66","101","136","C0220982"
"9722","2","5","7","60","36","71","341","223","219","C0220982"
"51604","2","3","2","61","77","142","176","235","317","C0220982"
"847","2","3","7","34","52","216","395","549","674","C0220982"
"1103","2","3","2","67","92","293","55","75","311","C0220982"
"7157","2","3","12","19","31","261","402","489","551","C0220982"
"1031","2","3","12","19","31","1","426","55","78","C0220982"
"3664","2","5","7","53","184","119","156","287","116","C0220982"
"5130","2","3","2","85","143","286","51","488","102","C0220983"
"4838","2","5","3","53","221","321","259","423","389","C0220983"
"7849","2","3","3","19","221","321","428","541","667","C0220983"
"6605","2","3","12","19","31","1","426","55","78","C0220983"
"4914","2","3","2","22","18","266","202","252","252","C0220988"
"90121","2","3","2","48","57","110","141","359","462","C0220988"
"8820","2","3","3","19","221","321","428","541","667","C0220988"
"4157","2","5","4","68","96","326","427","548","672","C0220991"
"23169","2","3","2","78","205","112","430","429","544","C0220991"
"23093","2","3","12","76","153","40","38","54","75","C0220993"
"9056","2","3","8","45","94","199","240","415","666","C0220993"
"778","2","5","8","63","36","166","341","223","158","C0220994"
"445","2","3","2","84","97","167","210","278","360","C0220994"
"4297","2","3","12","19","31","1","426","55","78","C0220994"
"2626","2","3","12","19","31","118","155","287","116","C0220994"
"1991","2","5","7","34","52","216","395","549","674","C0220994"
"5290","2","3","7","53","14","20","25","40","186","C0220994"
"1493","2","5","7","53","51","119","25","40","186","C0220994"
"5015","2","3","3","19","221","321","428","541","667","C0220994"
"1581","2","3","5","19","151","276","91","433","118","C0220994"
"208","2","5","7","53","14","20","34","540","68","C0220994"
"3431","2","3","12","53","184","119","156","287","116","C0220994"
"9382","2","5","7","60","153","40","38","66","203","C0220994"
"388585","2","3","12","19","31","143","428","236","667","C0220994"
"8092","2","3","3","19","221","321","428","541","667","C0220994"
"25978","2","3","2","48","57","110","141","359","462","C0220994"
"257","2","3","3","19","221","321","428","541","667","C0220994"
"269","2","5","7","53","14","20","259","423","389","C0220994"
"4053","2","5","7","53","51","342","454","573","492","C0220994"
"2483","2","3","2","22","33","323","66","101","136","C0220994"
"3892","2","1","6","11","142","225","142","220","298","C0220994"
"4000","2","3","12","26","105","178","226","297","156","C0220994"
"1106","2","3","12","19","31","1","426","55","78","C0220994"
"5073","2","3","2","110","85","323","433","146","194","C0220994"
"2067","2","3","12","19","31","261","116","1","86","C0220994"
"1583","2","3","5","79","152","273","375","100","589","C0220994"
"25953","2","3","2","67","92","293","137","75","664","C0220994"
"2296","2","3","3","19","221","321","428","541","667","C0220994"
"2517","2","3","7","34","52","216","395","549","674","C0220994"
"25942","2","3","12","19","31","1","426","55","78","C0220994"
"4514","2","3","2","48","57","110","141","359","5","C0220994"
"7249","2","3","7","60","57","110","141","359","462","C0221002"
"1244","2","3","12","41","116","268","423","536","445","C0221002"
"1291","2","5","7","53","51","342","454","573","492","C0221002"
"2896","2","5","7","34","52","216","395","549","674","C0221013"
"8820","2","3","3","19","221","321","428","541","667","C0221013"
"2483","2","3","2","22","33","323","66","101","136","C0221032"
"286077","2","3","12","76","153","40","38","54","75","C0221032"
"4000","2","3","12","26","105","178","226","297","156","C0221032"
"54361","2","5","3","68","221","197","259","560","422","C0221032"
"6908","2","3","12","19","31","1","116","159","211","C0221032"
"55130","2","3","12","76","153","76","38","54","75","C0221043"
"5333","2","3","5","18","16","40","417","103","58","C0221043"
"50","2","3","5","80","81","50","304","167","593","C0221043"
"25782","2","5","7","60","54","24","30","46","72","C0221043"
"29110","2","3","12","41","219","339","156","568","697","C0221054"
"5664","2","5","7","53","219","143","428","236","667","C0221054"
"6915","2","5","4","68","96","326","427","548","672","C0221060"
"658","2","5","7","53","51","342","259","423","389","C0221060"
"4638","2","5","7","53","45","23","103","464","187","C0221061"
"2984","2","3","4","68","96","326","427","548","672","C0221061"
"84152","2","3","12","76","45","23","402","518","621","C0221074"
"3763","2","5","8","63","36","166","106","110","158","C0221074"
"23321","2","5","7","53","184","119","156","287","116","C0221074"
"7040","2","5","7","53","51","342","454","573","492","C0221074"
"51004","2","3","5","48","74","135","171","227","63","C0221074"
"2184","2","3","5","76","153","138","236","332","407","C0221074"
"8626","2","3","3","19","221","321","428","541","667","C0221074"
"6235","2","3","2","110","85","237","433","547","671","C0221166"
"5332","2","3","4","68","96","326","427","548","672","C0221166"
"664","2","3","12","41","219","339","402","489","551","C0221166"
"29760","2","5","7","53","14","20","25","40","186","C0221166"
"3440","2","3","12","19","184","118","155","287","116","C0221166"
"1294","2","5","7","53","51","342","454","573","492","C0221166"
"7259","2","3","12","19","31","1","426","55","78","C0221170"
"2255","2","5","7","53","14","20","25","40","186","C0221170"
"10269","2","3","2","48","182","50","119","444","556","C0221170"
"8314","2","3","12","41","31","1","426","55","78","C0221170"
"6855","2","5","7","27","36","150","341","223","628","C0221170"
"55505","2","3","2","110","85","237","433","547","671","C0221170"
"1106","2","3","12","19","31","1","426","55","78","C0221170"
"2706","2","3","12","76","153","40","38","54","75","C0221170"
"9094","2","5","7","27","36","150","341","331","624","C0221170"
"10269","2","3","2","48","182","50","119","444","556","C0221170"
"3248","2","3","2","69","83","133","167","224","301","C0221170"
"55215","2","3","12","76","31","261","116","1","86","C0221170"
"55505","2","3","2","110","85","237","433","547","671","C0221182"
"8643","2","5","3","68","221","197","259","560","422","C0221182"
"3784","2","5","8","63","36","166","106","110","158","C0221182"
"2263","2","5","7","53","14","20","25","40","186","C0221182"
"26608","2","3","2","22","170","50","119","463","153","C0221182"
"6926","2","5","7","53","51","335","259","560","373","C0221182"
"5428","2","3","2","48","170","50","119","167","593","C0221184"
"11151","2","5","7","34","52","216","395","549","674","C0221184"
"2132","2","3","2","74","58","112","148","193","263","C0221204"
"3815","2","5","7","53","14","20","25","40","186","C0221204"
"2006","2","5","7","53","51","342","454","573","492","C0221204"
"4540","2","3","2","48","170","50","119","444","556","C0221204"
"8200","2","5","7","53","51","342","259","423","389","C0221204"
"8878","2","3","12","41","219","339","156","568","697","C0221204"
"1145","2","5","8","27","70","99","162","216","290","C0221204"
"1440","2","5","7","53","51","119","25","489","416","C0221204"
"23384","2","3","12","63","45","184","103","572","658","C0221204"
"5376","2","5","7","53","51","342","454","573","492","C0221204"
"4000","2","3","12","26","105","178","226","297","156","C0221204"
"2936","2","3","2","48","57","110","141","359","229","C0221204"
"2069","2","5","7","53","14","20","25","40","186","C0221204"
"1289","2","5","7","53","51","342","454","573","492","C0221204"
"7428","2","3","12","41","116","268","434","468","213","C0221204"
"7249","2","3","7","60","57","110","141","359","462","C0221204"
"650","2","5","7","53","51","342","259","423","389","C0221204"
"7415","2","3","7","34","52","216","395","536","445","C0221204"
"11160","2","3","12","41","116","268","423","536","445","C0221204"
"6755","2","5","4","68","96","326","427","548","672","C0221204"
"55651","2","3","2","110","85","237","433","547","671","C0221204"
"51082","2","3","2","19","31","1","426","55","78","C0221204"
"1312","2","3","2","87","79","105","426","129","25","C0221204"
"4791","2","3","12","41","219","339","156","568","697","C0221204"
"1235","2","5","4","68","96","326","427","548","672","C0221204"
"2617","2","3","2","110","85","237","433","252","154","C0221204"
"2937","2","3","2","83","171","97","381","478","597","C0221204"
"8910","2","5","8","63","45","23","103","464","187","C0221204"
"3043","2","5","7","34","52","216","395","549","116","C0221204"
"3561","2","5","7","53","14","20","25","40","186","C0221204"
"1299","2","5","7","53","51","342","454","573","492","C0221204"
"3043","2","5","7","34","52","216","395","549","116","C0221204"
"6597","2","3","12","19","31","1","426","55","78","C0221209"
"429","2","3","3","19","221","321","428","541","667","C0221209"
"673","2","5","7","53","14","20","34","540","68","C0221209"
"5420","2","5","7","34","52","342","454","64","492","C0221209"
"11019","2","3","2","67","92","293","55","75","311","C0221209"
"1759","2","5","7","60","14","184","341","544","669","C0221209"
"6928","2","3","3","19","221","321","428","541","667","C0221209"
"8784","2","3","12","41","219","339","156","568","697","C0221209"
"4149","2","3","12","19","31","1","426","55","78","C0221209"
"2263","2","5","7","53","14","20","25","40","186","C0221209"
"23600","2","3","5","80","81","305","409","208","482","C0221210"
"3425","2","3","5","80","81","166","454","573","492","C0221210"
"54919","2","3","2","41","96","279","304","370","257","C0221210"
"8626","2","3","3","19","221","321","428","541","667","C0221210"
"3110","2","3","3","19","221","321","428","541","667","C0221210"
"25914","2","3","12","41","116","339","409","359","187","C0221210"
"3040","2","5","5","53","51","342","40","78","178","C0221210"
"23171","2","3","5","116","183","295","398","552","622","C0221210"
"51082","2","3","2","19","31","1","426","55","78","C0221210"
"207","2","3","7","53","14","20","34","489","416","C0221210"
"3339","2","5","7","53","51","342","454","573","492","C0221210"
"5077","2","3","3","19","221","321","428","541","667","C0221210"
"28234","2","5","8","35","41","77","40","57","80","C0221210"
"1063","2","3","12","76","153","40","38","54","75","C0221210"
"5913","2","5","7","27","36","71","341","223","219","C0221210"
"51626","2","3","12","76","153","40","38","54","75","C0221210"
"50943","2","3","12","19","31","1","426","129","131","C0221214"
"10484","2","3","7","60","153","40","38","54","203","C0221214"
"1545","2","3","5","91","175","271","372","443","558","C0221214"
"9321","2","3","12","76","153","40","38","54","203","C0221215"
"9440","2","4","3","24","119","330","214","454","144","C0221215"
"8100","2","3","12","76","153","40","38","54","75","C0221252"
"23592","2","3","12","26","105","342","259","423","389","C0221252"
"338","2","5","7","53","51","342","454","573","492","C0221252"
"6663","2","3","3","19","221","321","428","541","667","C0221253"
"472","2","3","12","19","31","261","116","1","86","C0221253"
"2109","2","3","2","48","170","50","119","444","556","C0221253"
"673","2","5","7","53","14","20","34","540","68","C0221253"
"6885","2","3","12","41","219","339","156","568","697","C0221261"
"25861","2","5","7","42","36","71","177","223","219","C0221261"
"23426","2","5","7","42","36","71","177","223","219","C0221261"
"3815","2","5","7","53","14","20","25","40","186","C0221261"
"2178","2","3","12","19","31","261","116","1","86","C0221261"
"55112","2","3","12","76","153","40","38","54","75","C0221261"
"55315","2","3","5","80","81","296","62","94","150","C0221261"
"2301","2","5","6","11","142","225","142","220","673","C0221262"
"546","2","3","12","19","31","261","426","1","86","C0221262"
"8647","2","3","5","46","158","252","352","449","563","C0221278"
"11005","2","1","6","11","142","225","142","220","298","C0221278"
"1727","2","3","7","34","52","216","395","549","197","C0221278"
"356","2","5","7","53","219","339","25","489","697","C0221333"
"3206","2","3","3","19","221","321","428","541","667","C0221333"
"6558","2","5","8","45","94","199","240","415","666","C0221333"
"5257","2","3","7","34","45","23","103","464","187","C0221333"
"411","2","3","7","34","52","216","395","549","674","C0221333"
"5993","2","3","12","19","31","1","426","55","78","C0221347"
"3043","2","5","7","34","52","216","395","549","116","C0221347"
"1302","2","5","7","53","51","342","454","573","492","C0221347"
"94","2","5","7","53","51","342","259","423","389","C0221347"
"11311","2","3","12","19","31","118","155","287","116","C0221347"
"5428","2","3","2","48","170","50","119","167","593","C0221347"
"633","2","5","7","53","51","342","454","573","492","C0221347"
"9210","2","5","7","53","51","342","454","573","492","C0221353"
"6899","2","5","7","53","184","335","259","560","373","C0221353"
"2188","2","3","12","19","31","261","116","1","86","C0221353"
"9509","2","5","7","53","51","342","454","573","492","C0221353"
"3763","2","5","8","63","36","166","106","110","158","C0221353"
"8626","2","3","3","19","221","321","428","541","667","C0221353"
"51702","2","3","12","19","31","1","426","55","78","C0221353"
"6775","2","5","7","53","14","119","25","40","186","C0221353"
"6689","2","3","12","19","31","276","91","433","118","C0221353"
"23384","2","3","12","63","45","184","103","572","658","C0221353"
"547","2","3","7","76","153","40","38","54","75","C0221353"
"2006","2","5","7","53","51","342","454","573","492","C0221353"
"3026","2","5","7","68","51","119","395","549","674","C0221353"
"7461","2","3","7","60","153","40","38","93","75","C0221353"
"773","2","5","8","27","36","166","341","223","628","C0221353"
"10194","2","5","7","53","221","321","259","423","389","C0221353"
"64805","2","5","4","68","96","326","427","548","672","C0221355"
"6870","2","5","4","68","96","326","427","548","672","C0221355"
"9343","2","3","2","22","33","323","66","101","136","C0221355"
"1588","2","3","5","79","159","256","350","27","44","C0221355"
"5116","2","3","12","76","153","40","38","54","75","C0221355"
"1312","2","3","2","87","79","105","426","129","25","C0221355"
"29893","2","3","12","19","31","1","426","55","78","C0221355"
"4902","2","5","7","53","14","20","25","40","186","C0221355"
"5193","2","3","5","43","161","305","409","208","482","C0221365"
"9723","2","5","7","53","51","342","79","560","373","C0221365"
"3984","2","5","7","53","14","20","34","540","68","C0221365"
"6925","2","3","12","19","31","225","142","220","298","C0221365"
"2255","2","5","7","53","14","20","25","40","186","C0221365"
"4613","2","3","12","19","31","1","426","55","78","C0221365"
"4998","2","3","12","76","31","261","116","1","86","C0221373"
"9095","2","5","7","53","51","335","444","560","373","C0221373"
"9968","2","4","3","24","119","330","214","454","144","C0221373"
"7299","2","3","5","23","18","138","250","332","407","C0221373"
"59341","2","5","8","63","45","193","306","390","158","C0221373"
"6144","2","3","2","110","85","237","433","547","671","C0221373"
"55690","2","3","2","48","57","110","141","359","462","C0221373"
"3586","2","5","7","53","51","119","25","489","416","C0221373"
"1917","2","3","12","41","219","339","347","572","658","C0221373"
"2990","2","3","7","34","52","216","395","549","674","C0221373"
"1497","2","5","2","63","182","50","103","297","628","C0221373"
"5191","2","3","5","43","161","305","409","208","482","C0221373"
"3299","2","3","12","42","81","296","399","201","274","C0221373"
"3315","2","3","12","41","181","160","362","402","215","C0221373"
"10585","2","5","2","27","206","324","430","215","290","C0221373"
"6772","2","3","12","53","184","119","156","287","116","C0221373"
"7124","2","3","12","41","219","339","156","568","697","C0221373"
"2261","2","5","7","53","14","20","25","40","186","C0221373"
"11222","2","3","2","48","182","67","76","463","153","C0221373"
"213","2","5","7","53","51","342","454","573","492","C0221373"
"7040","2","5","7","53","51","342","454","573","492","C0221373"
"3759","2","5","8","63","36","166","106","110","158","C0221373"
"10516","2","5","7","53","51","342","454","573","492","C0221373"
"5860","2","3","2","69","91","75","204","267","352","C0221373"
"4000","2","3","12","26","105","178","226","297","156","C0221373"
"10142","2","3","12","76","153","40","38","54","75","C0221373"
"355","2","3","7","41","219","339","156","568","697","C0221406"
"3730","2","5","7","53","14","20","25","40","186","C0221406"
"23479","2","3","2","48","170","50","119","100","556","C0221406"
"7249","2","3","7","60","57","110","141","359","462","C0221409"
"6338","2","5","8","63","45","23","34","464","187","C0221409"
"3654","2","3","12","41","219","339","156","568","697","C0221409"
"2778","2","5","4","68","96","326","427","548","672","C0221409"
"4000","2","3","12","26","105","178","226","297","156","C0221409"
"5745","2","5","4","68","96","326","427","548","672","C0221480"
"92","2","5","7","53","14","20","259","423","389","C0221480"
"1437","2","5","7","53","14","20","25","40","186","C0221480"
"5327","2","5","7","53","51","342","454","573","492","C0221480"
"5428","2","3","2","48","170","50","119","167","593","C0221480"
"1584","2","3","5","79","159","256","276","353","456","C0221480"
"3796","2","3","12","76","153","40","38","54","75","C0221480"
"3339","2","5","7","53","51","342","454","573","492","C0221480"
"54499","2","3","2","48","170","50","119","444","593","C0221480"
"23209","2","5","8","63","45","23","103","464","187","C0221765"
"22827","2","3","2","22","33","323","66","101","136","C0221765"
"2120","2","3","12","19","31","193","306","148","624","C0221765"
"5627","2","5","7","53","51","342","454","573","702","C0221765"
"9361","2","3","2","48","170","50","119","444","556","C0221765"
"7737","2","3","12","22","33","268","434","468","213","C0221765"
"3991","2","3","5","80","81","166","57","83","658","C0221765"
"10617","2","3","12","48","57","110","141","359","462","C0221765"
"10128","2","3","2","48","170","50","119","444","556","C0221765"
"63894","2","3","2","48","81","184","202","66","203","C0221765"
"2820","2","3","2","48","170","50","119","444","556","C0221765"
"6658","2","3","12","19","221","321","428","541","667","C0221765"
"5824","2","3","5","47","144","185","238","310","392","C0221766"
"9533","2","3","2","19","31","1","426","55","78","C0221766"
"10084","2","3","2","22","33","323","66","101","136","C0221766"
"2641","2","5","4","68","96","326","427","548","672","C0221766"
"4983","2","5","7","60","54","24","30","46","72","C0221766"
"6319","2","3","5","19","151","340","45","22","698","C0221766"
"4704","2","3","2","48","170","50","119","444","556","C0221766"
"9569","2","3","12","19","31","276","91","433","118","C0221766"
"26022","2","5","8","68","45","110","98","66","203","C0221766"
"5256","2","3","7","34","45","23","103","464","187","C0222716"
"51360","2","3","3","26","35","276","91","433","203","C0222716"
"6532","2","5","8","45","94","199","240","415","666","C0222716"
"3977","2","5","7","53","51","119","25","40","416","C0222716"
"51364","2","3","6","11","142","225","142","220","298","C0222716"
"210","2","3","7","34","52","216","395","549","674","C0222716"
"2395","2","3","2","48","170","50","304","167","593","C0222716"
"25836","2","3","12","76","153","40","38","54","75","C0222716"
"10318","2","3","12","41","219","339","156","568","697","C0222716"
"83872","2","5","7","53","51","342","454","573","492","C0222716"
"1908","2","5","4","68","96","326","427","548","672","C0222716"
"8085","2","3","12","19","31","1","426","55","78","C0222716"
"10269","2","3","2","48","182","50","119","444","556","C0222716"
"9049","2","3","3","41","151","276","378","271","356","C0222716"
"673","2","5","7","53","14","20","34","540","68","C0222716"
"54808","2","3","12","76","153","40","38","54","75","C0222716"
"1281","2","5","7","53","51","342","454","573","492","C0222716"
"2668","2","5","7","53","14","20","25","40","186","C0222716"
"2132","2","3","2","74","58","112","148","193","263","C0222716"
"54567","2","5","7","53","51","143","428","236","667","C0222716"
"5192","2","3","5","43","161","305","409","208","482","C0222716"
"4893","2","5","7","34","52","24","30","46","72","C0222716"
"55325","2","5","7","34","181","23","119","544","187","C0222716"
"1758","2","5","7","53","51","342","454","573","492","C0222716"
"2302","2","3","12","76","153","40","38","54","75","C0231274"
"1482","2","3","3","19","221","321","428","541","667","C0231274"
"3207","2","3","3","19","221","321","428","541","667","C0231274"
"25836","2","3","12","76","153","40","38","54","75","C0231274"
"1736","2","3","2","110","85","237","433","547","671","C0231274"
"4359","2","5","7","53","51","342","454","573","492","C0231274"
"4000","2","3","12","26","105","178","226","297","156","C0231274"
"54941","2","3","12","41","116","268","434","468","213","C0231341"
"3858","2","1","6","11","142","225","142","220","298","C0231341"
"3845","2","5","7","60","54","24","30","46","72","C0231341"
"10157","2","3","5","71","102","175","222","290","371","C0231341"
"4524","2","3","2","15","166","104","369","117","583","C0231471"
"1717","2","3","2","19","151","276","48","69","204","C0231471"
"57545","2","3","12","76","153","40","38","54","75","C0231471"
"9451","2","3","2","110","51","335","226","297","380","C0231616"
"6017","2","3","2","69","83","101","126","170","224","C0231616"
"7297","2","5","7","53","184","119","25","40","186","C0231678"
"525","2","3","5","29","88","110","141","537","50","C0231678"
"2643","2","3","5","87","91","75","204","267","352","C0231678"
"3717","2","5","7","53","14","20","25","40","186","C0231678"
"2717","2","3","7","34","52","216","395","549","674","C0231678"
"5130","2","3","2","85","143","286","51","488","102","C0231678"
"778","2","5","8","63","36","166","341","223","158","C0231678"
"10320","2","5","7","19","119","143","214","236","389","C0231678"
"3651","2","3","3","19","221","321","428","541","667","C0231679"
"4041","2","5","3","68","221","197","259","560","422","C0231679"
"8820","2","3","3","19","221","321","428","541","667","C0231679"
"2138","2","3","12","19","31","1","426","55","78","C0231679"
"4983","2","5","7","60","54","24","30","46","72","C0231679"
"7681","2","3","12","41","116","268","434","468","213","C0231679"
"6446","2","5","8","63","45","23","34","464","187","C0231679"
"9368","2","5","7","42","36","71","177","223","219","C0231679"
"1761","2","3","3","19","221","321","428","541","667","C0231679"
"11093","2","5","7","53","51","342","454","573","492","C0231679"
"4137","2","3","7","27","36","150","341","223","628","C0231679"
"9060","2","3","2","68","18","63","69","102","143","C0231679"
"3785","2","5","8","63","36","166","106","110","158","C0231679"
"6391","2","3","2","48","170","50","119","444","556","C0231679"
"846","2","5","4","68","96","326","427","548","672","C0231679"
"5916","2","3","3","19","151","276","91","433","118","C0231679"
"1028","2","3","12","19","31","1","116","1","86","C0231679"
"83593","2","5","7","60","54","24","30","46","72","C0231679"
"6928","2","3","3","19","221","321","428","541","667","C0231679"
"257","2","3","3","19","221","321","428","541","667","C0231679"
"2146","2","3","12","19","31","1","426","55","78","C0231679"
"37","2","3","2","110","105","178","226","297","380","C0231686"
"8139","2","3","12","41","116","268","434","468","213","C0231686"
"367","2","3","12","19","31","276","91","433","118","C0231686"
"2033","2","3","12","19","31","1","91","433","118","C0231686"
"10908","2","3","2","97","173","275","377","473","592","C0231686"
"10815","2","5","7","60","36","71","341","223","666","C0231686"
"6387","2","5","4","68","96","326","427","548","672","C0231686"
"805","2","5","8","53","45","20","34","464","187","C0231686"
"8797","2","5","7","41","219","339","156","568","697","C0231686"
"7084","2","3","2","72","109","115","62","268","353","C0231686"
"5889","2","3","12","19","31","261","116","1","86","C0231686"
"79001","2","5","2","48","52","342","240","569","666","C0231686"
"161582","2","3","2","48","57","110","141","359","462","C0231686"
"4214","2","3","12","41","219","339","34","540","117","C0231686"
"6660","2","3","3","19","221","321","428","541","667","C0231686"
"55572","2","3","2","48","170","50","119","444","556","C0231686"
"540","2","5","8","63","45","23","103","464","187","C0231686"
"2896","2","5","7","34","52","216","395","549","674","C0231686"
"9496","2","5","6","11","142","225","142","220","673","C0231686"
"7048","2","5","7","53","51","342","259","423","389","C0231686"
"7020","2","3","12","19","31","276","91","433","664","C0231686"
"2720","2","3","7","34","52","216","395","21","599","C0231686"
"54345","2","5","3","19","221","321","428","541","667","C0231686"
"5317","2","5","7","34","52","216","142","220","298","C0231686"
"6628","2","3","2","22","33","323","66","101","136","C0231686"
"2969","2","3","12","19","31","276","91","433","118","C0231686"
"4893","2","5","7","34","52","24","30","46","72","C0231686"
"545","2","3","12","19","31","261","116","1","86","C0231686"
"9469","2","3","2","103","189","303","29","475","467","C0231686"
"6772","2","3","12","53","184","119","156","287","116","C0231687"
"720","2","5","7","53","51","342","454","573","492","C0231687"
"4920","2","5","7","53","14","20","259","560","373","C0231687"
"9152","2","5","8","45","94","199","240","415","666","C0231687"
"3814","2","5","4","68","96","326","427","548","672","C0231687"
"4338","2","3","2","110","85","75","204","267","352","C0231687"
"4000","2","3","12","26","105","178","226","297","156","C0231687"
"8076","2","5","7","53","51","342","454","573","492","C0231687"
"4535","2","3","2","48","170","50","119","444","556","C0231687"
"2271","2","3","5","80","81","166","170","226","305","C0231687"
"25885","2","3","12","19","31","1","426","55","78","C0231687"
"2252","2","5","7","53","14","20","25","40","186","C0231687"
"23384","2","3","12","63","45","184","103","572","658","C0231687"
"10225","2","5","7","53","51","119","395","549","674","C0231687"
"5073","2","3","2","110","85","323","433","146","194","C0231687"
"23495","2","3","12","41","219","339","156","568","697","C0231687"
"3081","2","3","2","91","51","3","267","308","429","C0231687"
"22845","2","3","2","48","68","125","161","214","288","C0231687"
"10758","2","3","12","41","219","339","156","568","697","C0231687"
"3949","2","5","7","60","14","184","341","544","669","C0231687"
"1605","2","5","7","53","51","342","454","573","492","C0231687"
"4535","2","3","2","48","170","50","119","444","556","C0231687"
"644","2","3","2","42","49","93","192","253","338","C0231687"
"6622","2","3","7","27","36","150","341","223","628","C0231688"
"8818","2","3","2","61","77","142","176","280","363","C0231688"
"673","2","5","7","53","14","20","34","540","68","C0231688"
"2260","2","5","7","53","14","20","25","40","186","C0231688"
"8557","2","5","8","63","45","23","103","464","187","C0231688"
"4514","2","3","2","48","57","110","141","359","5","C0231688"
"596","2","3","12","19","219","339","402","489","416","C0231688"
"1352","2","3","2","48","170","50","119","444","556","C0231688"
"2937","2","3","2","83","171","97","381","478","597","C0231698"
"3507","2","5","7","53","51","119","395","549","674","C0231698"
"3265","2","5","7","60","54","24","30","46","72","C0231698"
"5145","2","3","4","68","45","272","259","518","621","C0231791"
"4998","2","3","12","76","31","261","116","1","86","C0231791"
"267012","2","3","5","80","81","305","409","208","482","C0231791"
"3679","2","5","7","53","51","342","454","573","492","C0231791"
"8419","2","3","12","48","170","50","119","198","224","C0231791"
"51702","2","3","12","19","31","1","426","55","78","C0231791"
"359","2","3","5","80","81","166","397","374","486","C0231791"
"1482","2","3","3","19","221","321","428","541","667","C0231791"
"23218","2","5","7","34","52","216","395","549","674","C0231791"
"4010","2","3","3","19","221","321","428","541","667","C0231791"
"4853","2","3","12","19","124","143","428","236","667","C0231791"
"6337","2","5","8","63","45","23","34","464","187","C0231791"
"9517","2","3","2","50","47","39","100","321","638","C0231791"
"9187","2","5","8","45","94","199","240","415","666","C0231791"
"5424","2","3","12","19","31","261","116","1","86","C0231791"
"55505","2","3","2","110","85","237","433","547","671","C0231791"
"4540","2","3","2","48","170","50","119","444","556","C0231791"
"2155","2","5","7","53","51","119","454","549","674","C0231791"
"594","2","3","2","67","92","293","55","75","311","C0231791"
"25970","2","5","7","53","14","20","25","40","116","C0231791"
"2737","2","3","12","19","116","321","428","54","667","C0231791"
"2517","2","3","7","34","52","216","395","549","674","C0231791"
"7518","2","3","12","19","31","261","116","1","86","C0231791"
"9786","2","3","12","76","153","40","38","54","75","C0231791"
"51360","2","3","3","26","35","276","91","433","203","C0231807"
"1277","2","5","7","53","51","342","454","573","492","C0231807"
"5888","2","3","12","19","31","261","116","1","86","C0231807"
"3798","2","3","7","76","153","40","38","54","75","C0231807"
"7040","2","5","7","53","51","342","454","573","492","C0231807"
"3481","2","5","7","53","51","342","454","573","492","C0231807"
"1302","2","5","7","53","51","342","454","573","492","C0231807"
"23435","2","3","2","22","33","323","66","101","136","C0231807"
"773","2","5","8","27","36","166","341","223","628","C0231807"
"9992","2","5","8","63","36","166","341","110","158","C0231807"
"6899","2","5","7","53","184","335","259","560","373","C0231807"
"3984","2","5","7","53","14","20","34","540","68","C0231807"
"54664","2","5","2","48","90","110","395","549","674","C0231807"
"5982","2","3","12","19","31","261","116","1","86","C0231807"
"9897","2","3","12","76","18","75","38","1","212","C0231807"
"4647","2","5","7","60","83","101","126","170","224","C0231807"
"2157","2","5","7","53","51","342","454","573","702","C0231807"
"8929","2","3","3","19","221","321","428","541","667","C0231807"
"8481","2","3","12","76","153","40","38","54","75","C0231807"
"8195","2","3","12","76","153","76","38","54","75","C0231807"
"8200","2","5","7","53","51","342","259","423","389","C0231807"
"8822","2","5","7","53","14","20","25","40","186","C0231807"
"7259","2","3","12","19","31","1","426","55","78","C0231807"
"175","2","3","7","34","52","216","395","549","674","C0231807"
"8805","2","3","3","19","151","276","91","433","118","C0231835"
"4000","2","3","12","26","105","178","226","297","156","C0231835"
"9419","2","5","7","60","36","71","341","223","219","C0231835"
"3759","2","5","8","63","36","166","106","110","158","C0231835"
"11253","2","3","2","41","116","268","423","536","445","C0231835"
"54386","2","3","12","19","31","261","116","1","78","C0231835"
"348","2","5","7","53","51","342","454","573","492","C0231835"
"6927","2","3","3","19","221","321","428","541","667","C0231835"
"6532","2","5","8","45","94","199","240","415","666","C0231835"
"8518","2","3","12","19","31","1","426","55","78","C0231835"
"51684","2","3","12","41","116","268","38","54","75","C0231835"
"9581","2","3","5","27","36","150","76","223","628","C0231835"
"2492","2","5","4","68","96","326","427","548","672","C0231835"
"10743","2","3","3","19","151","276","91","433","118","C0231835"
"6262","2","5","8","63","45","23","34","464","187","C0231835"
"348","2","5","7","53","51","342","454","573","492","C0231835"
"6531","2","5","8","45","94","199","240","415","666","C0231835"
"4998","2","3","12","76","31","261","116","1","86","C0231835"
"2263","2","5","7","53","14","20","25","40","186","C0231835"
"8822","2","5","7","53","14","20","25","40","186","C0231835"
"5818","2","5","7","53","51","335","444","560","373","C0232347"
"6573","2","3","5","80","81","166","369","117","583","C0232347"
"2073","2","3","12","19","31","261","116","1","86","C0232347"
"5896","2","3","12","41","116","268","434","568","605","C0232370"
"51206","2","5","7","53","51","119","454","573","492","C0232370"
"6336","2","5","8","63","36","166","341","390","158","C0232370"
"4351","2","3","2","90","167","266","367","500","577","C0232461"
"54903","2","3","12","76","153","40","38","54","75","C0232461"
"5663","2","5","7","34","52","216","395","549","667","C0232461"
"1487","2","3","12","19","31","1","426","55","340","C0232461"
"9049","2","3","3","41","151","276","378","271","356","C0232461"
"1356","2","3","7","53","51","342","454","573","492","C0232461"
"4855","2","5","7","53","51","143","428","236","667","C0232461"
"54903","2","3","12","76","153","40","38","54","75","C0232461"
"2316","2","5","7","53","51","342","454","573","702","C0232461"
"4948","2","5","8","63","45","23","250","464","187","C0232461"
"8792","2","3","12","41","219","339","156","568","697","C0232461"
"3976","2","5","7","53","51","119","25","489","416","C0232461"
"3299","2","3","12","42","81","296","399","201","274","C0232461"
"5663","2","5","7","34","52","216","395","549","667","C0232461"
"51124","2","5","4","68","96","326","427","548","672","C0232461"
"6103","2","3","12","76","153","40","38","54","75","C0232461"
"595","2","3","12","19","31","1","426","489","416","C0232461"
"4719","2","3","2","48","170","50","119","444","556","C0232461"
"7042","2","5","7","53","51","342","454","573","492","C0232461"
"10269","2","3","2","48","182","50","119","444","556","C0232461"
"5518","2","3","12","76","153","40","38","54","435","C0232461"
"55145","2","3","2","22","33","225","142","220","140","C0232461"
"3690","2","5","7","53","51","342","454","573","492","C0232461"
"1499","2","3","12","19","221","197","259","560","422","C0232461"
"4916","2","5","7","53","14","20","25","447","186","C0232462"
"3284","2","3","2","69","98","169","299","183","243","C0232462"
"2033","2","3","12","19","31","1","91","433","118","C0232462"
"2796","2","5","4","68","96","326","427","548","672","C0232462"
"6786","2","5","8","63","45","23","103","464","187","C0232462"
"23414","2","3","12","19","31","118","155","287","116","C0232462"
"10585","2","5","2","27","206","324","430","215","290","C0232462"
"23299","2","3","12","76","153","40","38","54","75","C0232462"
"4000","2","3","12","26","105","178","226","297","156","C0232475"
"25839","2","5","7","60","153","40","38","66","203","C0232475"
"6812","2","5","7","27","36","150","341","223","628","C0232513"
"4952","2","3","5","60","54","184","30","544","669","C0232513"
"7415","2","3","7","34","52","216","395","536","445","C0232513"
"3958","2","5","7","34","52","216","395","549","674","C0232513"
"1277","2","5","7","53","51","342","454","573","492","C0232513"
"1896","2","5","12","41","219","339","156","568","697","C0232513"
"4221","2","3","12","19","31","342","454","573","492","C0232513"
"8988","2","3","8","63","45","160","103","464","187","C0232513"
"60529","2","3","3","19","221","321","428","541","667","C0232513"
"367","2","3","12","19","31","276","91","433","118","C0232513"
"2821","2","5","7","34","52","216","395","549","577","C0232513"
"673","2","5","7","53","14","20","34","540","68","C0232513"
"12","2","5","7","34","52","216","395","549","674","C0232513"
"27130","2","3","12","48","45","143","38","236","69","C0232513"
"10743","2","3","3","19","151","276","91","433","118","C0232513"
"2334","2","5","7","53","14","20","25","40","186","C0232513"
"9993","2","5","7","53","51","342","454","573","492","C0232513"
"1292","2","5","7","53","51","342","454","573","492","C0232744"
"3854","2","1","6","11","142","225","142","220","298","C0232744"
"176","2","5","7","53","51","342","454","573","492","C0232744"
"1114","2","5","7","53","51","342","454","573","492","C0232744"
"4137","2","3","7","27","36","150","341","223","628","C0232744"
"2065","2","5","7","53","14","20","25","40","186","C0232744"
"5518","2","3","12","76","153","40","38","54","435","C0232744"
"5818","2","5","7","53","51","335","444","560","373","C0232744"
"3284","2","3","2","69","98","169","299","183","243","C0232744"
"7516","2","3","12","19","31","261","116","1","86","C0232744"
"72","2","5","8","63","45","23","103","464","187","C0232744"
"5728","2","3","5","80","81","339","156","568","605","C0232744"
"29954","2","5","2","27","206","324","430","215","290","C0232744"
"7840","2","3","12","76","153","40","38","54","75","C0232744"
"1280","2","5","7","53","51","342","454","573","492","C0232744"
"51601","2","3","2","67","92","293","55","75","311","C0232744"
"4715","2","3","2","48","170","50","119","444","556","C0232744"
"6714","2","5","7","53","14","20","25","40","186","C0232744"
"2255","2","5","7","53","14","20","25","40","186","C0232744"
"5573","2","3","12","19","184","118","155","287","116","C0232744"
"10269","2","3","2","48","182","50","119","444","556","C0232744"
"6949","2","3","2","110","85","237","164","390","311","C0232744"
"6311","2","3","2","22","33","323","66","362","468","C0232744"
"9401","2","3","12","76","31","261","116","1","86","C0232744"
"3561","2","5","7","53","14","20","25","40","186","C0232831"
"2263","2","5","7","53","14","20","25","40","186","C0232831"
"540","2","5","8","63","45","23","103","464","187","C0232831"
"3240","2","5","7","34","52","216","395","549","674","C0232831"
"27286","2","5","7","53","51","342","444","560","492","C0232831"
"287","2","5","7","76","153","40","38","54","203","C0232940"
"9791","2","3","8","45","94","199","240","415","666","C0232940"
"3251","2","3","4","68","96","326","427","341","150","C0232940"
"6736","2","3","12","19","31","276","91","433","667","C0232940"
"4921","2","5","7","53","14","20","25","573","186","C0232940"
"6452","2","5","7","53","14","20","25","40","186","C0232940"
"1001","2","5","7","53","51","335","444","560","373","C0232940"
"6495","2","3","3","19","221","321","428","541","667","C0232940"
"10293","2","3","12","41","116","268","434","468","213","C0232940"
"182","2","5","7","53","51","143","428","236","667","C0232940"
"2778","2","5","4","68","96","326","427","548","672","C0232940"
"3643","2","5","7","53","14","20","25","40","186","C0232940"
"8517","2","3","12","41","219","339","156","568","697","C0232940"
"2131","2","3","2","74","58","112","148","181","416","C0232940"
"4481","2","5","7","53","51","342","454","573","492","C0232940"
"22948","2","3","12","76","137","76","136","472","435","C0232940"
"9179","2","5","7","60","18","184","341","544","669","C0232940"
"81624","2","3","12","76","153","40","38","54","75","C0232940"
"2068","2","3","12","19","31","261","116","159","211","C0232940"
"7248","2","3","2","48","57","110","141","359","462","C0232940"
"23532","2","3","12","41","116","152","129","252","154","C0232940"
"51128","2","5","7","60","153","24","38","46","72","C0232940"
"4763","2","5","7","60","54","24","30","46","214","C0232940"
"8036","2","5","7","60","54","296","399","359","658","C0232943"
"7305","2","5","7","34","52","216","395","549","674","C0232943"
"396","2","5","7","60","54","24","30","46","72","C0232943"
"11128","2","3","2","22","33","261","116","159","211","C0232943"
"2516","2","3","3","19","151","276","91","433","118","C0233477"
"2260","2","5","7","53","14","20","25","40","186","C0233477"
"8878","2","3","12","41","219","339","156","568","697","C0233477"
"2645","2","3","2","90","167","266","367","101","664","C0233477"
"79633","2","3","7","80","51","335","444","560","373","C0233477"
"57724","2","3","2","42","36","71","177","148","219","C0233477"
"10491","2","5","7","53","51","342","454","573","492","C0233477"
"8195","2","3","12","76","153","76","38","54","75","C0233593"
"5594","2","5","7","34","14","20","34","540","274","C0233593"
"4292","2","3","12","19","31","261","116","1","86","C0233762"
"7200","2","5","4","68","96","326","427","548","672","C0233762"
"1605","2","5","7","53","51","342","454","573","492","C0233763"
"9688","2","3","12","22","33","323","66","101","664","C0233763"
"2308","2","3","12","19","151","276","91","489","416","C0233763"
"2260","2","5","7","53","14","20","25","40","186","C0233763"
"8642","2","5","7","53","51","335","444","560","373","C0233763"
"5873","2","5","7","34","54","24","30","46","72","C0233763"
"1584","2","3","5","79","159","256","276","353","456","C0233844"
"1588","2","3","5","79","159","256","350","27","44","C0233844"
"26608","2","3","2","22","170","50","119","463","153","C0233844"
"4148","2","5","7","53","51","342","454","573","492","C0233844"
"5193","2","3","5","43","161","305","409","208","482","C0233844"
"78989","2","5","7","53","51","119","395","573","674","C0233844"
"5781","2","5","7","53","14","20","25","40","186","C0233844"
"6389","2","3","2","48","170","50","119","444","556","C0234132"
"9791","2","3","8","45","94","199","240","415","666","C0234132"
"25782","2","5","7","60","54","24","30","46","72","C0234132"
"55505","2","3","2","110","85","237","433","547","671","C0234132"
"10166","2","3","2","84","97","167","210","278","360","C0234132"
"55624","2","3","2","78","123","194","255","215","412","C0234132"
"9791","2","3","8","45","94","199","240","415","666","C0234132"
"1410","2","3","12","63","45","23","38","54","187","C0234132"
"1147","2","3","12","41","219","339","156","568","697","C0234132"
"5591","2","3","12","19","31","261","116","1","86","C0234132"
"1302","2","5","7","53","51","342","454","573","492","C0234132"
"10082","2","3","2","74","51","342","454","573","492","C0234132"
"2033","2","3","12","19","31","1","91","433","118","C0234132"
"546","2","3","12","19","31","261","426","1","86","C0234132"
"238","2","5","7","53","14","20","25","40","186","C0234132"
"595","2","3","12","19","31","1","426","489","416","C0234132"
"4524","2","3","2","15","166","104","369","117","583","C0234132"
"23204","2","3","2","48","57","110","141","359","462","C0234132"
"4582","2","5","7","53","206","324","430","429","544","C0234132"
"6786","2","5","8","63","45","23","103","464","187","C0234132"
"55507","2","5","5","68","96","326","427","447","586","C0234132"
"3077","2","5","7","53","51","119","395","549","674","C0234132"
"7403","2","3","12","19","31","1","426","55","78","C0234132"
"5573","2","3","12","19","184","118","155","287","116","C0234132"
"22995","2","3","12","76","153","40","38","54","75","C0234132"
"4436","2","3","12","19","31","261","116","1","86","C0234132"
"2542","2","3","5","80","81","296","399","500","577","C0234132"
"4869","2","3","12","110","85","237","433","547","664","C0234132"
"2705","2","3","12","76","153","40","38","54","75","C0234133"
"4524","2","3","2","15","166","104","369","117","583","C0234133"
"10847","2","3","12","19","31","1","426","55","78","C0234133"
"3664","2","5","7","53","184","119","156","287","116","C0234133"
"5743","2","3","5","53","175","119","167","489","416","C0234133"
"3953","2","5","7","53","14","20","25","40","186","C0234133"
"4054","2","5","7","53","51","342","454","573","492","C0234133"
"9570","2","3","7","60","153","40","38","66","203","C0234133"
"4952","2","3","5","60","54","184","30","544","669","C0234133"
"5648","2","5","7","53","51","119","395","549","674","C0234133"
"6514","2","5","7","90","216","337","448","565","562","C0234133"
"23495","2","3","12","41","219","339","156","568","697","C0234133"
"5479","2","3","2","53","51","342","454","573","492","C0234133"
"4541","2","3","2","48","170","50","119","444","24","C0234133"
"3106","2","5","7","34","52","119","395","549","674","C0234133"
"9031","2","3","12","19","31","1","426","55","78","C0234133"
"5604","2","5","7","53","14","20","34","540","68","C0234133"
"4000","2","3","12","26","105","178","226","297","156","C0234133"
"3339","2","5","7","53","51","342","454","573","492","C0234133"
"1401","2","5","7","53","51","119","395","573","492","C0234133"
"3561","2","5","7","53","14","20","25","40","186","C0234133"
"4990","2","3","3","19","221","321","428","541","667","C0234133"
"3239","2","3","3","19","221","321","428","541","667","C0234133"
"1027","2","3","12","19","31","1","116","1","86","C0234133"
"427","2","3","7","34","52","216","395","549","420","C0234133"
"3425","2","3","5","80","81","166","454","573","492","C0234133"
"2812","2","5","7","53","51","342","454","573","492","C0234133"
"8803","2","3","8","67","92","293","55","75","311","C0234133"
"8195","2","3","12","76","153","76","38","54","75","C0234133"
"2263","2","5","7","53","14","20","25","40","186","C0234144"
"4920","2","5","7","53","14","20","259","560","373","C0234144"
"3930","2","3","2","22","33","323","66","3","464","C0234144"
"1855","2","5","12","76","153","197","259","560","422","C0234144"
"5295","2","5","7","53","14","20","25","40","186","C0234144"
"51317","2","3","12","19","31","1","426","55","78","C0234144"
"1436","2","5","7","53","14","20","25","40","186","C0234144"
"3756","2","5","8","63","36","166","106","110","158","C0234144"
"1837","2","5","8","63","45","23","103","464","187","C0234144"
"55651","2","3","2","110","85","237","433","547","671","C0234144"
"4747","2","5","7","27","36","150","341","223","628","C0234144"
"50484","2","3","5","80","109","182","235","307","506","C0234144"
"2736","2","3","12","41","116","321","428","54","667","C0234144"
"1294","2","5","7","53","51","342","454","573","492","C0234144"
"2332","2","3","2","22","33","71","373","466","609","C0234144"
"5573","2","3","12","19","184","118","155","287","116","C0234144"
"28962","2","5","8","63","45","23","34","464","187","C0234166"
"5274","2","5","7","68","51","342","454","573","492","C0234166"
"11277","2","3","12","19","31","261","116","1","86","C0234166"
"7066","2","5","7","53","51","119","25","573","416","C0234166"
"6736","2","3","12","19","31","276","91","433","667","C0234166"
"1001","2","5","7","53","51","335","444","560","373","C0234166"
"9469","2","3","2","103","189","303","29","475","467","C0234166"
"3954","2","3","2","48","170","67","119","444","593","C0234166"
"2956","2","3","12","19","31","261","116","1","86","C0234182"
"65109","2","3","2","22","33","323","66","101","136","C0234182"
"196","2","3","3","19","151","276","91","433","118","C0234182"
"9211","2","5","7","27","36","150","341","223","628","C0234182"
"26047","2","5","7","27","36","335","341","223","373","C0234182"
"1440","2","5","7","53","51","119","25","489","416","C0234182"
"9897","2","3","12","76","18","75","38","1","212","C0234182"
"4488","2","3","3","19","221","321","428","541","667","C0234182"
"10630","2","5","7","53","14","20","25","40","186","C0234182"
"2627","2","3","12","19","31","118","155","287","116","C0234182"
"6663","2","3","3","19","221","321","428","541","667","C0234182"
"5625","2","3","2","101","103","177","225","271","356","C0234182"
"5328","2","5","7","34","52","216","395","549","674","C0234182"
"3507","2","5","7","53","51","119","395","549","674","C0234182"
"894","2","3","12","19","31","1","34","540","68","C0234182"
"3643","2","5","7","53","14","20","25","40","186","C0234182"
"9915","2","3","3","27","151","276","91","433","118","C0234182"
"3516","2","3","12","19","31","143","428","236","667","C0234182"
"64802","2","3","2","73","110","53","59","228","306","C0234182"
"8322","2","5","3","68","221","184","259","544","669","C0234182"
"613","2","5","7","60","54","24","30","46","72","C0234182"
"7169","2","5","8","63","45","23","103","464","187","C0234182"
"23426","2","5","7","42","36","71","177","223","219","C0234182"
"3756","2","5","8","63","36","166","106","110","158","C0234182"
"6899","2","5","7","53","184","335","259","560","373","C0234376"
"3822","2","5","7","53","51","119","395","549","674","C0234376"
"10891","2","3","3","19","151","276","91","433","118","C0234376"
"4683","2","3","12","19","31","261","116","1","86","C0234376"
"6011","2","5","7","53","14","20","34","540","68","C0234376"
"6125","2","3","2","110","85","237","433","547","671","C0234376"
"1278","2","5","7","53","51","342","454","573","492","C0234376"
"8086","2","3","12","22","33","323","66","101","664","C0234376"
"1906","2","5","4","68","96","326","427","548","672","C0234376"
"2261","2","5","7","53","14","20","25","40","186","C0234376"
"54567","2","5","7","53","51","143","428","236","667","C0234376"
"4952","2","3","5","60","54","184","30","544","669","C0234376"
"367","2","3","12","19","31","276","91","433","118","C0234376"
"10397","2","3","2","110","81","148","402","51","383","C0234376"
"948","2","5","7","34","52","216","91","433","702","C0234376"
"8202","2","3","12","19","151","276","91","433","118","C0234376"
"1981","2","3","2","110","85","237","433","547","671","C0234376"
"857","2","5","7","53","45","23","57","83","422","C0234376"
"8481","2","3","12","76","153","40","38","54","75","C0234376"
"5468","2","3","3","19","151","276","91","433","118","C0234376"
"4351","2","3","2","90","167","266","367","500","577","C0234376"
"51360","2","3","3","26","35","276","91","433","203","C0234376"
"55630","2","3","5","27","81","99","162","216","290","C0234378"
"5831","2","3","2","101","62","189","182","566","409","C0234378"
"7280","2","3","12","76","153","40","38","54","75","C0234378"
"6597","2","3","12","19","31","1","426","55","78","C0234378"
"5015","2","3","3","19","221","321","428","541","667","C0234378"
"2556","2","5","8","27","70","99","162","216","290","C0234378"
"2653","2","3","2","67","104","214","234","306","388","C0234378"
"3567","2","5","7","53","14","20","25","40","186","C0234378"
"3265","2","5","7","60","54","24","30","46","72","C0234378"
"6295","2","3","4","68","45","272","427","518","621","C0234378"
"2138","2","3","12","19","31","1","426","55","78","C0234378"
"54","2","3","5","80","81","178","195","256","342","C0234378"
"5194","2","3","5","43","161","305","409","208","482","C0234378"
"1584","2","3","5","79","159","256","276","353","456","C0234378"
"7053","2","3","6","11","142","225","142","220","298","C0234378"
"60","2","3","12","60","45","184","155","287","78","C0234378"
"6017","2","3","2","69","83","101","126","170","224","C0234378"
"6647","2","3","2","95","2","342","378","173","702","C0234378"
"4618","2","3","12","19","31","276","91","433","118","C0234378"
"2138","2","3","12","19","31","1","426","55","78","C0234378"
"4512","2","3","2","48","170","110","141","359","8","C0234378"
"5176","2","5","7","53","51","342","454","573","492","C0234379"
"6314","2","3","12","19","31","1","426","568","78","C0234379"
"5828","2","3","5","43","161","305","409","208","482","C0234379"
"5339","2","5","7","53","51","342","454","573","492","C0234379"
"3835","2","3","12","76","153","40","38","54","75","C0234379"
"1584","2","3","5","79","159","256","276","353","456","C0234379"
"207","2","3","7","53","14","20","34","489","416","C0234379"
"2261","2","5","7","53","14","20","25","40","186","C0234379"
"5888","2","3","12","19","31","261","116","1","86","C0234379"
"6154","2","3","2","110","85","237","433","547","671","C0234428"
"22891","2","3","12","76","153","40","341","54","75","C0234428"
"4729","2","3","2","48","170","50","119","444","556","C0234428"
"7020","2","3","12","19","31","276","91","433","664","C0234428"
"1075","2","5","7","34","52","216","395","549","674","C0234428"
"547","2","3","7","76","153","40","38","54","75","C0234428"
"1277","2","5","7","53","51","342","454","573","492","C0234428"
"1836","2","3","2","35","41","94","260","330","375","C0234428"
"3918","2","5","7","53","51","342","454","573","492","C0234428"
"51601","2","3","2","67","92","293","55","75","311","C0234428"
"50964","2","5","3","68","221","197","259","423","422","C0234428"
"8924","2","3","12","41","116","268","434","468","213","C0234428"
"5076","2","3","3","19","221","321","428","541","667","C0234517"
"9632","2","3","7","60","153","40","38","54","203","C0234517"
"10892","2","5","7","53","219","119","156","568","697","C0234518"
"2263","2","5","7","53","14","20","25","40","186","C0234518"
"8481","2","3","12","76","153","40","38","54","75","C0234518"
"9963","2","3","8","45","142","71","142","220","219","C0234518"
"2176","2","3","12","19","31","261","116","1","86","C0234518"
"8216","2","3","12","41","119","330","214","454","144","C0234518"
"4233","2","5","7","53","14","20","25","40","186","C0234518"
"9790","2","3","2","110","85","237","433","547","671","C0234533"
"658","2","5","7","53","51","342","259","423","389","C0234533"
"2720","2","3","7","34","52","216","395","21","599","C0234533"
"3930","2","3","2","22","33","323","66","3","464","C0234533"
"5194","2","3","5","43","161","305","409","208","482","C0234533"
"4094","2","3","12","19","31","276","91","433","118","C0234533"
"3558","2","5","7","53","14","20","25","40","186","C0234533"
"51103","2","3","2","48","170","50","119","444","556","C0234533"
"5648","2","5","7","53","51","119","395","549","674","C0234533"
"2969","2","3","12","19","31","276","91","433","118","C0234629"
"27130","2","3","12","48","45","143","38","236","69","C0234629"
"4361","2","3","12","19","31","261","116","1","86","C0234629"
"5396","2","3","3","19","221","321","428","541","667","C0234629"
"54903","2","3","12","76","153","40","38","54","75","C0234629"
"51259","2","3","2","76","153","40","38","54","75","C0234629"
"4361","2","3","12","19","31","261","116","1","86","C0234629"
"91647","2","3","2","48","170","50","119","220","298","C0234629"
"5605","2","5","7","53","14","20","34","540","68","C0234629"
"2073","2","3","12","19","31","261","116","1","86","C0234629"
"1813","2","5","4","68","96","326","427","548","672","C0234629"
"60468","2","3","12","19","31","276","91","433","118","C0234629"
"1639","2","3","12","76","153","40","38","54","75","C0234629"
"55636","2","3","3","19","221","321","428","423","389","C0234629"
"7227","2","3","12","19","31","276","91","433","118","C0234629"
"1490","2","5","7","53","51","342","454","573","492","C0234629"
"6786","2","5","8","63","45","23","103","464","187","C0234629"
"54463","2","3","2","48","57","110","141","359","462","C0234629"
"3691","2","5","7","53","51","342","454","573","492","C0234629"
"6949","2","3","2","110","85","237","164","390","311","C0234629"
"6899","2","5","7","53","184","335","259","560","373","C0234629"
"6616","2","5","7","34","52","216","341","223","628","C0234629"
"5149","2","3","5","68","38","16","477","596","725","C0234629"
"6326","2","5","8","63","36","166","341","390","158","C0234629"
"7225","2","5","8","63","45","193","306","390","158","C0234629"
"1134","2","5","8","27","70","99","162","216","290","C0234629"
"7837","2","3","5","80","51","342","454","573","492","C0234629"
"4436","2","3","12","19","31","261","116","1","86","C0234629"
"5889","2","3","12","19","31","261","116","1","86","C0234629"
"7547","2","3","3","19","221","321","428","541","667","C0234629"
"4688","2","5","7","60","14","20","25","40","215","C0234629"
"6473","2","3","3","19","221","321","428","541","667","C0234708"
"4322","2","5","7","53","51","342","454","573","492","C0234708"
"23247","2","3","12","76","153","71","34","540","68","C0234708"
"554","2","5","4","68","96","326","427","548","672","C0234708"
"5340","2","5","7","53","51","342","454","573","492","C0234853"
"6487","2","3","2","89","124","204","272","236","667","C0234853"
"1401","2","5","7","53","51","119","395","573","492","C0234853"
"55612","2","5","7","60","36","71","177","560","701","C0234860"
"126133","2","3","2","41","119","266","136","341","182","C0234860"
"7132","2","3","12","41","219","339","156","568","697","C0234860"
"8626","2","3","3","19","221","321","428","541","667","C0234860"
"10058","2","3","5","44","50","209","68","11","141","C0234860"
"2006","2","5","7","53","51","342","454","573","492","C0234860"
"2773","2","5","4","68","96","326","427","548","672","C0234860"
"6310","2","3","12","22","142","225","366","362","468","C0234860"
"3892","2","1","6","11","142","225","142","220","298","C0234860"
"2952","2","3","5","91","175","271","372","471","586","C0234860"
"2796","2","5","4","68","96","326","427","548","672","C0234860"
"421","2","5","7","42","51","335","444","560","373","C0234860"
"10568","2","3","8","45","94","199","240","415","666","C0234860"
"4261","2","3","12","53","184","119","156","287","116","C0234860"
"7846","2","3","12","76","153","40","38","54","75","C0234860"
"1131","2","5","4","68","96","326","427","548","672","C0234860"
"9575","2","3","3","19","151","276","91","433","118","C0234860"
"5176","2","5","7","53","51","342","454","573","492","C0234861"
"4204","2","3","12","19","31","1","426","55","78","C0234861"
"3767","2","5","8","63","36","166","106","110","158","C0234967"
"6310","2","3","12","22","142","225","366","362","468","C0234967"
"1278","2","5","7","53","51","342","454","573","492","C0234967"
"1836","2","3","2","35","41","94","260","330","375","C0234967"
"3815","2","5","7","53","14","20","25","40","186","C0234967"
"6326","2","5","8","63","36","166","341","390","158","C0234967"
"9149","2","5","7","53","14","20","34","540","68","C0234967"
"717","2","5","7","53","51","119","395","549","674","C0234967"
"3145","2","3","5","80","81","166","132","175","473","C0234967"
"29123","2","3","12","19","151","276","91","433","118","C0234967"
"847","2","3","7","34","52","216","395","549","674","C0234967"
"2444","2","5","7","34","52","216","395","549","674","C0234967"
"2006","2","5","7","53","51","342","454","573","492","C0234967"
"471","2","3","5","80","81","61","373","341","142","C0234967"
"26137","2","5","7","63","45","184","103","572","658","C0234967"
"2245","2","5","7","60","54","24","30","46","72","C0234967"
"9791","2","3","8","45","94","199","240","415","666","C0234967"
"7415","2","3","7","34","52","216","395","536","445","C0234967"
"860","2","3","12","19","31","276","91","433","118","C0234967"
"652","2","5","7","53","51","342","454","573","492","C0234967"
"54345","2","5","3","19","221","321","428","541","667","C0234967"
"1280","2","5","7","53","51","342","454","573","492","C0234967"
"3972","2","5","4","68","96","326","427","548","672","C0234967"
"10661","2","3","12","19","31","1","426","55","78","C0234967"
"2736","2","3","12","41","116","321","428","54","667","C0234967"
"6794","2","3","12","53","14","20","34","540","68","C0234967"
"4089","2","3","12","19","219","339","259","423","605","C0234967"
"5159","2","5","7","53","14","20","25","40","186","C0234967"
"19","2","3","3","19","151","276","91","433","118","C0234967"
"51660","2","3","2","62","37","154","196","257","344","C0234967"
"2260","2","5","7","53","14","20","25","40","186","C0234967"
"5244","2","3","3","41","151","276","91","433","118","C0234967"
"8314","2","3","12","41","31","1","426","55","78","C0234974"
"4287","2","3","12","41","116","268","434","468","215","C0234974"
"6331","2","5","8","63","36","166","341","223","158","C0234979"
"4810","2","3","2","76","57","110","444","560","373","C0234979"
"4613","2","3","12","19","31","1","426","55","78","C0234979"
"9382","2","5","7","60","153","40","38","66","203","C0234979"
"1991","2","5","7","34","52","216","395","549","674","C0234979"
"4041","2","5","3","68","221","197","259","560","422","C0234979"
"55750","2","3","2","42","18","184","118","543","214","C0234979"
"51594","2","3","7","76","153","40","38","54","75","C0234979"
"9469","2","3","2","103","189","303","29","475","467","C0234979"
"4000","2","3","12","26","105","178","226","297","156","C0234979"
"9241","2","5","7","53","51","342","259","423","389","C0234979"
"3035","2","3","2","110","85","237","433","547","154","C0234979"
"3691","2","5","7","53","51","342","454","573","492","C0234979"
"6223","2","3","2","110","85","237","433","547","671","C0234979"
"3636","2","3","5","80","14","20","25","40","186","C0234979"
"6462","2","5","7","63","45","23","444","464","373","C0234979"
"55005","2","3","2","68","96","326","427","429","544","C0234979"
"3763","2","5","8","63","36","166","106","110","158","C0234979"
"1277","2","5","7","53","51","342","454","573","492","C0234979"
"2701","2","3","12","76","153","40","38","54","75","C0234979"
"2796","2","5","4","68","96","326","427","548","672","C0234979"
"2235","2","3","2","17","24","51","132","175","473","C0234979"
"11093","2","5","7","53","51","342","454","573","492","C0234979"
"635","2","3","8","45","94","199","240","415","666","C0234979"
"9573","2","5","7","53","51","342","259","423","389","C0234979"
"213","2","5","7","53","51","342","454","573","492","C0234985"
"3690","2","5","7","53","51","342","454","573","492","C0234985"
"1294","2","5","7","53","51","342","454","573","492","C0234985"
"29920","2","3","2","101","62","189","182","497","617","C0234985"
"9152","2","5","8","45","94","199","240","415","666","C0234985"
"10577","2","5","7","34","52","216","395","549","674","C0234985"
"7157","2","3","12","19","31","261","402","489","551","C0234985"
"3800","2","5","7","27","36","150","341","223","628","C0234985"
"6866","2","5","4","68","96","326","427","548","672","C0234985"
"2743","2","5","8","27","70","99","162","216","290","C0234985"
"2255","2","5","7","53","14","20","25","40","186","C0234985"
"7290","2","3","12","19","31","1","426","55","78","C0234985"
"3955","2","5","8","89","124","143","428","236","667","C0234985"
"2189","2","3","12","19","31","261","116","1","86","C0234985"
"10413","2","3","12","19","36","143","177","236","321","C0234985"
"55651","2","3","2","110","85","237","433","547","671","C0234985"
"26040","2","3","12","19","31","1","116","297","78","C0234985"
"7040","2","5","7","53","51","342","454","573","492","C0234985"
"4088","2","3","12","19","219","339","259","423","605","C0234985"
"8074","2","5","7","53","14","20","25","40","186","C0234985"
"5961","2","5","7","27","51","326","126","414","702","C0234985"
"2260","2","5","7","53","14","20","25","40","186","C0234985"
"54551","2","3","12","41","219","197","156","568","422","C0234985"
"29123","2","3","12","19","151","276","91","433","118","C0234985"
"2239","2","3","2","74","51","342","454","573","492","C0234985"
"9289","2","5","4","68","96","326","427","548","672","C0234985"
"4709","2","3","2","48","170","50","119","444","556","C0234985"
"5745","2","5","4","68","96","326","427","548","672","C0234985"
"5538","2","3","2","115","18","340","269","342","444","C0234985"
"2643","2","3","5","87","91","75","204","267","352","C0234985"
"1355","2","3","2","48","170","50","119","444","556","C0234985"
"948","2","5","7","34","52","216","91","433","702","C0234985"
"7292","2","5","12","41","219","339","156","568","697","C0235025"
"6710","2","5","7","60","14","20","25","40","186","C0235025"
"7227","2","3","12","19","31","276","91","433","118","C0235025"
"3440","2","3","12","19","184","118","155","287","116","C0235025"
"1147","2","3","12","41","219","339","156","568","697","C0235032"
"57761","2","3","7","53","14","20","34","540","68","C0235032"
"2178","2","3","12","19","31","261","116","1","86","C0235032"
"2876","2","3","5","80","81","110","378","173","229","C0235032"
"1612","2","3","12","53","14","20","34","540","68","C0235032"
"5002","2","5","8","45","94","199","240","415","666","C0235032"
"2068","2","3","12","19","31","261","116","159","211","C0235032"
"3239","2","3","3","19","221","321","428","541","667","C0235032"
"2956","2","3","12","19","31","261","116","1","86","C0235032"
"29072","2","3","12","19","31","1","426","55","78","C0235032"
"55704","2","3","12","76","153","40","38","54","75","C0235032"
"2316","2","5","7","53","51","342","454","573","702","C0235032"
"4747","2","5","7","27","36","150","341","223","628","C0235032"
"1690","2","5","7","27","51","342","454","573","492","C0235032"
"120892","2","3","2","110","85","28","164","85","522","C0235032"
"1282","2","5","7","53","51","342","454","573","492","C0235032"
"5130","2","3","2","85","143","286","51","488","102","C0235032"
"22868","2","3","2","48","182","67","76","463","153","C0235032"
"9569","2","3","12","19","31","276","91","433","118","C0235032"
"208","2","5","7","53","14","20","34","540","68","C0235032"
"23495","2","3","12","41","219","339","156","568","697","C0235032"
"7170","2","5","8","63","45","23","103","464","187","C0235032"
"5605","2","5","7","53","14","20","34","540","68","C0235032"
"51604","2","3","2","61","77","142","176","235","317","C0235032"
"203228","2","3","2","48","57","110","141","359","462","C0235032"
"4000","2","3","12","26","105","178","226","297","156","C0235032"
"2261","2","5","7","53","14","20","25","40","186","C0235063"
"2068","2","3","12","19","31","261","116","159","211","C0235063"
"3954","2","3","2","48","170","67","119","444","593","C0235063"
"3208","2","5","7","27","36","150","341","223","628","C0235063"
"5601","2","3","12","19","14","20","34","540","68","C0235063"
"7957","2","3","5","42","81","296","399","201","274","C0235063"
"1374","2","3","2","19","151","276","91","433","118","C0235063"
"7287","2","5","7","11","142","71","341","560","219","C0235063"
"9536","2","3","5","91","175","119","167","224","301","C0235063"
"4626","2","5","8","63","45","23","103","464","187","C0235063"
"23165","2","3","12","22","33","323","66","101","664","C0235063"
"54567","2","5","7","53","51","143","428","236","667","C0235081"
"11285","2","3","2","74","205","191","396","408","620","C0235081"
"7297","2","5","7","53","184","119","25","40","186","C0235259"
"3852","2","1","6","11","142","225","142","220","298","C0235259"
"9031","2","3","12","19","31","1","426","55","78","C0235259"
"9622","2","5","7","68","51","119","395","549","674","C0235259"
"1439","2","5","7","53","14","20","25","40","186","C0235259"
"7915","2","3","5","87","39","74","191","250","285","C0235357"
"9759","2","3","12","19","31","276","91","433","118","C0235357"
"7390","2","3","5","80","81","166","132","175","473","C0235357"
"1959","2","3","3","19","151","276","91","433","118","C0235357"
"10516","2","5","7","53","51","342","454","573","492","C0235357"
"2303","2","5","3","19","221","321","428","541","667","C0235357"
"675","2","3","12","19","31","261","116","1","86","C0235357"
"1293","2","5","7","53","51","342","454","573","492","C0235430"
"5376","2","5","7","53","51","342","454","573","492","C0235430"
"6926","2","5","7","53","51","335","259","560","373","C0235430"
"1747","2","3","3","19","221","321","428","541","667","C0235430"
"9469","2","3","2","103","189","303","29","475","467","C0235430"
"10913","2","3","12","41","219","339","156","568","697","C0235430"
"5335","2","3","7","53","14","20","25","40","186","C0235430"
"4990","2","3","3","19","221","321","428","541","667","C0235430"
"8050","2","3","2","67","92","293","55","75","311","C0235430"
"3587","2","5","7","53","51","119","395","549","674","C0235430"
"6197","2","3","12","19","14","20","34","540","68","C0235430"
"54209","2","5","7","53","51","119","395","549","674","C0235480"
"23742","2","5","5","68","96","326","427","447","586","C0235480"
"1278","2","5","7","53","51","342","454","573","492","C0235480"
"4179","2","5","7","53","51","119","395","549","674","C0235480"
"2629","2","3","5","80","81","250","291","152","420","C0235480"
"1497","2","5","2","63","182","50","103","297","628","C0235480"
"5644","2","5","7","68","51","119","395","549","674","C0235480"
"9627","2","3","12","19","31","1","426","55","78","C0235480"
"1493","2","5","7","53","51","119","25","40","186","C0235480"
"6499","2","3","2","110","85","237","433","547","671","C0235752"
"10555","2","3","7","34","52","216","395","549","622","C0235752"
"7351","2","3","2","20","29","98","123","166","221","C0235752"
"6714","2","5","7","53","14","20","25","40","186","C0235752"
"2260","2","5","7","53","14","20","25","40","186","C0235752"
"1644","2","3","2","88","79","239","333","258","345","C0235752"
"2303","2","5","3","19","221","321","428","541","667","C0235752"
"4893","2","5","7","34","52","24","30","46","72","C0235752"
"25836","2","3","12","76","153","40","38","54","75","C0235857"
"5922","2","5","7","60","54","24","30","46","72","C0235857"
"2737","2","3","12","19","116","321","428","54","667","C0235857"
"1305","2","5","7","53","51","342","454","573","492","C0235886"
"90411","2","3","7","60","153","40","202","66","203","C0235886"
"2733","2","3","2","22","33","323","66","101","664","C0235886"
"5978","2","3","12","19","31","1","426","55","78","C0235896"
"4893","2","5","7","34","52","24","30","46","72","C0235896"
"51364","2","3","6","11","142","225","142","220","298","C0235896"
"5605","2","5","7","53","14","20","34","540","68","C0235896"
"111","2","5","4","68","96","326","427","548","672","C0235896"
"64109","2","3","12","53","14","20","25","40","186","C0235896"
"3909","2","5","7","53","51","342","454","573","492","C0235896"
"8292","2","5","5","27","51","342","454","573","492","C0235896"
"547","2","3","7","76","153","40","38","54","75","C0235896"
"1605","2","5","7","53","51","342","454","573","492","C0235896"
"6899","2","5","7","53","184","335","259","560","373","C0235896"
"3458","2","5","7","53","184","119","156","287","116","C0235896"
"3977","2","5","7","53","51","119","25","40","416","C0235896"
"1621","2","3","5","53","51","239","333","422","537","C0235896"
"843","2","3","12","41","219","339","156","568","697","C0235896"
"51","2","3","5","43","151","276","91","433","482","C0235896"
"51259","2","3","2","76","153","40","38","54","75","C0235896"
"6662","2","3","3","19","221","321","428","541","667","C0235971"
"336","2","5","7","53","51","342","454","573","492","C0235971"
"54209","2","5","7","53","51","119","395","549","674","C0235983"
"25782","2","5","7","60","54","24","30","46","72","C0235983"
"54795","2","5","8","63","45","193","306","390","158","C0235983"
"360","2","3","5","80","81","166","397","374","486","C0235983"
"3691","2","5","7","53","51","342","454","573","492","C0235983"
"1406","2","3","3","19","221","321","428","541","667","C0235983"
"51741","2","3","2","22","33","323","66","101","127","C0235986"
"5192","2","3","5","43","161","305","409","208","482","C0235986"
"26580","2","5","8","27","70","99","162","216","290","C0235986"
"2200","2","5","7","53","51","342","454","573","492","C0235986"
"10342","2","3","7","60","219","40","202","66","203","C0235986"
"3891","2","1","6","11","142","225","142","220","298","C0235986"
"2263","2","5","7","53","14","20","25","40","186","C0235986"
"3508","2","3","12","19","31","261","116","1","86","C0235986"
"546","2","3","12","19","31","261","426","1","86","C0235986"
"1487","2","3","12","19","31","1","426","55","340","C0235986"
"51062","2","5","7","27","36","150","402","489","373","C0235986"
"4261","2","3","12","53","184","119","156","287","116","C0235986"
"6638","2","3","2","22","33","323","66","101","136","C0235986"
"1312","2","3","2","87","79","105","426","129","25","C0235986"
"7045","2","5","12","19","51","1","426","55","78","C0236000"
"6663","2","3","3","19","221","321","428","541","667","C0236000"
"3459","2","5","7","53","184","119","156","287","116","C0236048"
"23218","2","5","7","34","52","216","395","549","674","C0236048"
"6662","2","3","3","19","221","321","428","541","667","C0236048"
"7227","2","3","12","19","31","276","91","433","118","C0236048"
"7468","2","3","12","19","31","1","426","55","78","C0236175"
"2043","2","5","7","53","14","20","25","560","373","C0236175"
"4488","2","3","3","19","221","321","428","541","667","C0236175"
"2316","2","5","7","53","51","342","454","573","702","C0236175"
"2588","2","3","7","34","52","216","395","549","674","C0236175"
"28976","2","3","2","48","170","50","247","322","446","C0236175"
"3814","2","5","4","68","96","326","427","548","672","C0236175"
"2178","2","3","12","19","31","261","116","1","86","C0236175"
"6683","2","3","12","76","153","40","38","54","75","C0236175"
"1630","2","5","7","53","51","335","444","560","373","C0236175"
"7200","2","5","4","68","96","326","427","548","672","C0236642"
"3852","2","1","6","11","142","225","142","220","298","C0236642"
"6100","2","3","2","22","33","323","66","101","136","C0236663"
"6223","2","3","2","110","85","237","433","547","671","C0236663"
"1991","2","5","7","34","52","216","395","549","674","C0236663"
"2332","2","3","2","22","33","71","373","466","609","C0236663"
"3921","2","3","2","110","85","237","433","547","671","C0236663"
"2395","2","3","2","48","170","50","304","167","593","C0236663"
"5621","2","5","8","27","36","342","454","573","628","C0236663"
"7248","2","3","2","48","57","110","141","359","462","C0236663"
"9968","2","4","3","24","119","330","214","454","144","C0236663"
"26608","2","3","2","22","170","50","119","463","153","C0236663"
"22796","2","5","7","60","153","40","38","66","203","C0236663"
"3569","2","5","7","53","51","342","454","573","416","C0236664"
"1290","2","5","7","53","51","342","454","573","492","C0236664"
"1497","2","5","2","63","182","50","103","297","628","C0236664"
"3845","2","5","7","60","54","24","30","46","72","C0236664"
"10800","2","5","4","68","96","326","427","548","672","C0236664"
"4000","2","3","12","26","105","178","226","297","156","C0236792"
"8516","2","5","7","53","51","342","454","573","492","C0236792"
"7227","2","3","12","19","31","276","91","433","118","C0236811"
"788","2","3","2","45","151","199","240","415","666","C0236811"
"25778","2","3","2","41","51","138","79","160","385","C0236811"
"4210","2","3","12","41","219","339","156","568","697","C0236964"
"51259","2","3","2","76","153","40","38","54","75","C0236964"
"4068","2","5","7","53","51","119","25","549","674","C0237304"
"26608","2","3","2","22","170","50","119","463","153","C0237304"
"7048","2","5","7","53","51","342","259","423","389","C0237304"
"5982","2","3","12","19","31","261","116","1","86","C0237304"
"673","2","5","7","53","14","20","34","540","68","C0237304"
"2239","2","3","2","74","51","342","454","573","492","C0237653"
"4221","2","3","12","19","31","342","454","573","492","C0237653"
"2632","2","3","2","28","22","48","232","82","114","C0237653"
"284058","2","3","12","19","31","1","426","55","78","C0237653"
"7010","2","5","7","53","14","20","25","40","186","C0237653"
"3984","2","5","7","53","14","20","34","540","68","C0237653"
"2629","2","3","5","80","81","250","291","152","420","C0237653"
"2969","2","3","12","19","31","276","91","433","118","C0237653"
"6662","2","3","3","19","221","321","428","541","667","C0237653"
"5524","2","3","12","76","137","76","402","489","435","C0237653"
"11200","2","3","12","19","31","261","116","1","86","C0237653"
"54902","2","3","2","48","182","50","119","444","556","C0237849"
"2639","2","3","2","71","148","34","160","115","164","C0237849"
"26278","2","3","12","41","116","268","347","271","356","C0237849"
"10484","2","3","7","60","153","40","38","54","203","C0237849"
"3284","2","3","2","69","98","169","299","183","243","C0237849"
"1286","2","5","7","53","51","342","454","573","492","C0237849"
"7076","2","5","7","53","51","342","454","573","492","C0237849"
"11231","2","3","2","110","105","178","226","297","380","C0237849"
"1594","2","3","5","92","163","96","363","460","487","C0237873"
"54840","2","3","12","19","31","261","116","1","86","C0237873"
"5573","2","3","12","19","184","118","155","287","116","C0237873"
"5075","2","3","3","19","221","321","428","541","667","C0237873"
"1544","2","3","5","91","214","271","372","471","586","C0238111"
"8076","2","5","7","53","51","342","454","573","492","C0238111"
"860","2","3","12","19","31","276","91","433","118","C0238111"
"6915","2","5","4","68","96","326","427","548","672","C0238111"
"593","2","3","2","67","92","293","55","75","311","C0238111"
"1586","2","3","5","79","98","256","335","425","540","C0238198"
"1280","2","5","7","53","51","342","454","573","492","C0238198"
"3284","2","3","2","69","98","169","299","183","243","C0238198"
"2778","2","5","4","68","96","326","427","548","672","C0238198"
"5449","2","3","3","19","221","321","428","541","667","C0238198"
"50717","2","3","12","41","116","268","434","468","213","C0238198"
"7415","2","3","7","34","52","216","395","536","445","C0238198"
"55135","2","3","12","76","137","76","136","472","435","C0238207"
"9241","2","5","7","53","51","342","259","423","389","C0238207"
"2317","2","5","7","63","45","23","103","287","664","C0238207"
"4803","2","5","7","60","54","24","30","46","72","C0238207"
"5327","2","5","7","53","51","342","454","573","492","C0238207"
"2719","2","5","7","53","51","342","454","573","492","C0238207"
"9499","2","5","7","53","51","23","103","464","187","C0238207"
"23767","2","5","7","53","14","20","25","40","186","C0238207"
"6901","2","3","2","48","170","50","304","167","593","C0238207"
"6253","2","5","4","27","36","326","402","489","187","C0238207"
"170680","2","1","6","11","142","225","142","220","298","C0238207"
"8985","2","5","7","53","51","342","454","573","492","C0238210"
"207","2","3","7","53","14","20","34","489","416","C0238210"
"7048","2","5","7","53","51","342","259","423","389","C0238288"
"3785","2","5","8","63","36","166","106","110","158","C0238288"
"3073","2","3","5","105","155","250","291","152","420","C0238288"
"7290","2","3","12","19","31","1","426","55","78","C0238288"
"538","2","3","8","63","45","23","103","464","187","C0238288"
"8869","2","3","2","89","124","204","272","347","451","C0238288"
"2623","2","3","12","19","31","1","155","287","116","C0238288"
"673","2","5","7","53","14","20","34","540","68","C0238288"
"7249","2","3","7","60","57","110","141","359","462","C0238288"
"147183","2","1","6","11","142","225","142","220","298","C0238288"
"1959","2","3","3","19","151","276","91","433","118","C0238288"
"5354","2","5","7","27","36","150","341","223","628","C0238288"
"2619","2","5","3","53","221","197","259","560","422","C0238300"
"3481","2","5","7","53","51","342","454","573","492","C0238300"
"64132","2","3","2","74","205","191","98","66","203","C0238300"
"596","2","3","12","19","219","339","402","489","416","C0238300"
"2950","2","5","7","34","52","216","395","549","674","C0238339"
"4053","2","5","7","53","51","342","454","573","492","C0238339"
"2812","2","5","7","53","51","342","454","573","492","C0238339"
"6497","2","5","3","19","221","342","259","423","389","C0238339"
"595","2","3","12","19","31","1","426","489","416","C0238339"
"60","2","3","12","60","45","184","155","287","78","C0238339"
"4990","2","3","3","19","221","321","428","541","667","C0238357"
"3850","2","1","6","11","142","225","142","220","298","C0238357"
"1291","2","5","7","53","51","342","454","573","492","C0238357"
"9896","2","3","5","80","81","296","399","201","274","C0238358"
"8792","2","3","12","41","219","339","156","568","697","C0238358"
"9723","2","5","7","53","51","342","79","560","373","C0238358"
"3045","2","3","12","19","31","118","155","287","116","C0238378"
"53632","2","3","2","48","57","110","141","359","462","C0238378"
"2492","2","5","4","68","96","326","427","548","672","C0238394"
"5573","2","3","12","19","184","118","155","287","116","C0238394"
"7432","2","5","4","68","96","326","427","548","672","C0238394"
"1302","2","5","7","53","51","342","454","573","492","C0238394"
"29887","2","3","7","60","18","110","141","198","270","C0238394"
"1666","2","3","2","69","83","58","64","98","134","C0238395"
"5395","2","3","12","19","31","261","116","1","86","C0238395"
"3887","2","1","6","11","142","225","142","220","298","C0238395"
"3605","2","5","7","53","51","119","25","489","416","C0238395"
"8878","2","3","12","41","219","339","156","568","697","C0238395"
"6844","2","5","7","60","36","184","341","544","669","C0238395"
"11154","2","5","7","60","18","184","341","544","669","C0238395"
"25978","2","3","2","48","57","110","141","359","462","C0238395"
"30008","2","5","7","53","51","342","454","573","492","C0238395"
"9569","2","3","12","19","31","276","91","433","118","C0238395"
"2720","2","3","7","34","52","216","395","21","599","C0238395"
"23426","2","5","7","42","36","71","177","223","219","C0238395"
"2690","2","5","7","53","14","20","25","40","186","C0238395"
"5631","2","3","2","72","119","109","266","336","452","C0238395"
"7476","2","5","3","68","221","197","259","560","422","C0238395"
"478","2","3","8","63","45","23","366","464","187","C0238395"
"472","2","3","12","19","31","261","116","1","86","C0238395"
"9343","2","3","2","22","33","323","66","101","136","C0238395"
"5346","2","3","3","19","151","276","91","433","118","C0238395"
"8878","2","3","12","41","219","339","156","568","697","C0238397"
"7048","2","5","7","53","51","342","259","423","389","C0238397"
"8481","2","3","12","76","153","40","38","54","75","C0238397"
"6927","2","3","3","19","221","321","428","541","667","C0238397"
"8878","2","3","12","41","219","339","156","568","697","C0238397"
"1299","2","5","7","53","51","342","454","573","492","C0238397"
"8869","2","3","2","89","124","204","272","347","451","C0238397"
"3265","2","5","7","60","54","24","30","46","72","C0238397"
"374569","2","3","5","80","81","189","182","509","409","C0238397"
"2175","2","3","12","19","31","261","116","1","86","C0238397"
"1991","2","5","7","34","52","216","395","549","674","C0238397"
"9719","2","5","7","53","51","342","454","573","492","C0238397"
"9247","2","5","7","53","221","197","259","423","389","C0238397"
"55135","2","3","12","76","137","76","136","472","435","C0238397"
"151","2","5","4","68","96","326","427","548","672","C0238397"
"930","2","5","7","53","14","119","25","40","186","C0238397"
"538","2","3","8","63","45","23","103","464","187","C0238397"
"3481","2","5","7","53","51","342","454","573","492","C0238397"
"5080","2","3","3","19","221","321","428","541","667","C0238397"
"1146","2","5","8","27","70","99","162","216","290","C0238397"
"1144","2","5","8","27","70","99","162","216","290","C0238399"
"6628","2","3","2","22","33","323","66","101","136","C0238399"
"410","2","3","7","34","52","216","395","549","674","C0238441"
"7274","2","3","5","43","161","99","162","216","290","C0238441"
"4952","2","3","5","60","54","184","30","544","669","C0238462"
"4352","2","5","7","53","14","20","25","40","186","C0238462"
"540","2","5","8","63","45","23","103","464","187","C0238463"
"4921","2","5","7","53","14","20","25","573","186","C0238463"
"6716","2","3","2","69","98","169","299","50","494","C0238463"
"974","2","5","7","53","51","119","395","549","674","C0238463"
"9968","2","4","3","24","119","330","214","454","144","C0238463"
"3845","2","5","7","60","54","24","30","46","72","C0238463"
"8260","2","3","12","41","85","266","76","287","78","C0238463"
"9573","2","5","7","53","51","342","259","423","389","C0238463"
"7390","2","3","5","80","81","166","132","175","473","C0238463"
"7390","2","3","5","80","81","166","132","175","473","C0238463"
"79583","2","5","8","27","70","99","38","54","75","C0238463"
"5422","2","3","12","19","31","261","116","1","86","C0238463"
"3872","2","1","6","11","142","225","142","220","298","C0238463"
"2261","2","5","7","53","14","20","25","40","186","C0238463"
"4336","2","5","7","27","36","150","341","223","628","C0238463"
"2006","2","5","7","53","51","342","454","573","492","C0238463"
"26040","2","3","12","19","31","1","116","297","78","C0238463"
"5781","2","5","7","53","14","20","25","40","186","C0238463"
"2542","2","3","5","80","81","296","399","500","577","C0238463"
"3458","2","5","7","53","184","119","156","287","116","C0238463"
"9215","2","5","2","27","36","150","430","215","628","C0238463"
"54808","2","3","12","76","153","40","38","54","75","C0238463"
"658","2","5","7","53","51","342","259","423","389","C0238463"
"60","2","3","12","60","45","184","155","287","78","C0238463"
"2588","2","3","7","34","52","216","395","549","674","C0238463"
"55505","2","3","2","110","85","237","433","547","671","C0238463"
"5346","2","3","3","19","151","276","91","433","118","C0238463"
"5982","2","3","12","19","31","261","116","1","86","C0238463"
"8813","2","3","2","48","116","142","136","280","363","C0238463"
"4099","2","5","7","27","51","150","444","223","628","C0238463"
"2260","2","5","7","53","14","20","25","40","186","C0238463"
"2719","2","5","7","53","51","342","454","573","492","C0238506"
"4719","2","3","2","48","170","50","119","444","556","C0238506"
"9051","2","5","7","60","14","20","25","40","215","C0238651"
"4541","2","3","2","48","170","50","119","444","24","C0238651"
"57135","2","3","2","22","33","323","66","101","136","C0238651"
"2779","2","5","4","68","96","326","427","548","672","C0238651"
"10161","2","5","4","68","96","326","427","548","672","C0238651"
"617","2","3","2","48","170","50","304","167","593","C0238651"
"4000","2","3","12","26","105","178","226","297","156","C0238669"
"1499","2","3","12","19","221","197","259","560","422","C0238669"
"5922","2","5","7","60","54","24","30","46","72","C0238669"
"6335","2","5","8","63","36","166","341","390","158","C0238669"
"8050","2","3","2","67","92","293","55","75","311","C0238669"
"9210","2","5","7","53","51","342","454","573","492","C0238669"
"23418","2","5","7","53","36","71","177","560","373","C0238669"
"8220","2","3","2","22","33","323","66","101","136","C0238669"
"1282","2","5","7","53","51","342","454","573","492","C0238669"
"1380","2","5","7","53","51","119","395","549","674","C0238669"
"5605","2","5","7","53","14","20","34","540","68","C0238669"
"55636","2","3","3","19","221","321","428","423","389","C0238801"
"4669","2","3","5","80","81","166","454","453","492","C0238801"
"2261","2","5","7","53","14","20","25","40","186","C0238801"
"857","2","5","7","53","45","23","57","83","422","C0239043"
"2516","2","3","3","19","151","276","91","433","118","C0239043"
"2255","2","5","7","53","14","20","25","40","186","C0239043"
"1663","2","3","12","76","105","178","226","297","380","C0239067"
"10804","2","3","12","76","153","40","38","54","75","C0239067"
"5562","2","3","2","48","57","110","141","359","462","C0239067"
"84631","2","5","7","53","51","335","444","560","373","C0239067"
"5824","2","3","5","47","144","185","238","310","392","C0239067"
"488","2","5","8","63","45","23","103","464","187","C0239067"
"54658","2","3","2","78","205","207","67","355","138","C0239067"
"4091","2","3","12","53","219","342","259","423","389","C0239067"
"175","2","3","7","34","52","216","395","549","674","C0239067"
"8243","2","3","12","76","31","40","38","54","75","C0239067"
"240","2","3","7","34","52","216","395","489","416","C0239067"
"919","2","5","7","53","14","119","25","40","186","C0239067"
"2706","2","3","12","76","153","40","38","54","75","C0239105"
"241","2","5","5","34","52","216","395","549","229","C0239105"
"23479","2","3","2","48","170","50","119","100","556","C0239105"
"23141","2","3","12","76","105","40","226","489","435","C0239105"
"2969","2","3","12","19","31","276","91","433","118","C0239105"
"5077","2","3","3","19","221","321","428","541","667","C0239105"
"138050","2","5","7","34","52","216","395","549","674","C0239105"
"7124","2","3","12","41","219","339","156","568","697","C0239105"
"2064","2","5","7","53","14","20","25","40","186","C0239105"
"5781","2","5","7","53","14","20","25","40","186","C0239105"
"1019","2","3","12","19","31","1","116","1","86","C0239105"
"2531","2","3","2","69","47","39","100","321","255","C0239105"
"10586","2","3","3","11","221","321","428","541","667","C0239105"
"9049","2","3","3","41","151","276","378","271","356","C0239105"
"7248","2","3","2","48","57","110","141","359","462","C0239137"
"51339","2","3","12","41","116","268","434","568","605","C0239137"
"27249","2","3","2","48","182","50","119","186","245","C0239137"
"7253","2","5","4","68","96","326","427","548","672","C0239137"
"4436","2","3","12","19","31","261","116","1","86","C0239137"
"358","2","3","5","80","81","166","397","374","486","C0239137"
"9719","2","5","7","53","51","342","454","573","492","C0239137"
"2774","2","2","1","9","15","21","28","42","62","C0239137"
"23534","2","3","2","22","33","323","66","101","136","C0239137"
"7249","2","3","7","60","57","110","141","359","462","C0239137"
"2317","2","5","7","63","45","23","103","287","664","C0239137"
"1827","2","5","7","63","45","23","402","518","621","C0239137"
"2066","2","5","7","53","14","20","25","40","186","C0239137"
"4952","2","3","5","60","54","184","30","544","669","C0239137"
"3977","2","5","7","53","51","119","25","40","416","C0239137"
"5897","2","3","12","41","116","268","141","568","605","C0239137"
"5116","2","3","12","76","153","40","38","54","75","C0239137"
"5308","2","3","3","19","221","321","428","541","667","C0239137"
"1588","2","3","5","79","159","256","350","27","44","C0239137"
"3636","2","3","5","80","14","20","25","40","186","C0239137"
"6647","2","3","2","95","2","342","378","173","702","C0239137"
"55636","2","3","3","19","221","321","428","423","389","C0239137"
"4629","2","5","8","63","45","23","103","464","187","C0239138"
"5573","2","3","12","19","184","118","155","287","116","C0239138"
"6866","2","5","4","68","96","326","427","548","672","C0239138"
"5328","2","5","7","34","52","216","395","549","674","C0239138"
"4629","2","5","8","63","45","23","103","464","187","C0239138"
"3643","2","5","7","53","14","20","25","40","186","C0239138"
"9255","2","3","2","110","85","237","433","547","154","C0239138"
"55505","2","3","2","110","85","237","433","547","671","C0239138"
"3350","2","5","4","68","96","326","427","548","672","C0239138"
"3852","2","1","6","11","142","225","142","220","298","C0239138"
"1639","2","3","12","76","153","40","38","54","75","C0239138"
"3074","2","3","7","34","52","216","395","549","607","C0239138"
"26258","2","5","7","60","18","184","341","544","669","C0239138"
"5314","2","3","12","76","153","40","38","54","75","C0239138"
"7547","2","3","3","19","221","321","428","541","667","C0239138"
"554","2","5","4","68","96","326","427","548","672","C0239138"
"6424","2","5","7","53","51","342","454","573","492","C0239138"
"5732","2","5","4","68","96","326","427","548","672","C0239138"
"1666","2","3","2","69","83","58","64","98","134","C0239138"
"6496","2","3","3","19","221","321","428","541","667","C0239138"
"6584","2","3","8","45","94","199","240","415","666","C0239138"
"2697","2","3","7","76","153","40","38","54","75","C0239138"
"7046","2","3","12","41","219","339","259","423","605","C0239138"
"26040","2","3","12","19","31","1","116","297","78","C0239138"
"2260","2","5","7","53","14","20","25","40","186","C0239181"
"5314","2","3","12","76","153","40","38","54","75","C0239181"
"2266","2","5","7","53","51","342","454","573","492","C0239181"
"1296","2","5","7","53","51","342","454","573","492","C0239181"
"3026","2","5","7","68","51","119","395","549","674","C0239181"
"4838","2","5","3","53","221","321","259","423","389","C0239340"
"6567","2","5","8","35","41","77","40","57","80","C0239340"
"3295","2","3","5","43","161","305","409","208","482","C0239340"
"11154","2","5","7","60","18","184","341","544","669","C0239399"
"3763","2","5","8","63","36","166","106","110","158","C0239399"
"54749","2","3","5","41","119","1","214","454","401","C0239399"
"5743","2","3","5","53","175","119","167","489","416","C0239399"
"10913","2","3","12","41","219","339","156","568","697","C0239399"
"6331","2","5","8","63","36","166","341","223","158","C0239399"
"6689","2","3","12","19","31","276","91","433","118","C0239399"
"4137","2","3","7","27","36","150","341","223","628","C0239488"
"23742","2","5","5","68","96","326","427","447","586","C0239488"
"7299","2","3","5","23","18","138","250","332","407","C0239488"
"8243","2","3","12","76","31","40","38","54","75","C0239488"
"9702","2","3","12","76","153","40","38","54","75","C0239548"
"611","2","5","4","68","96","326","427","548","672","C0239548"
"2068","2","3","12","19","31","261","116","159","211","C0239548"
"348980","2","5","8","63","36","166","106","110","158","C0239548"
"25793","2","3","12","41","116","268","434","468","213","C0239548"
"4340","2","5","7","53","51","119","341","223","628","C0239548"
"27130","2","3","12","48","45","143","38","236","69","C0239548"
"6389","2","3","2","48","170","50","119","444","556","C0239548"
"157","2","5","4","68","14","326","427","548","672","C0239548"
"6310","2","3","12","22","142","225","366","362","468","C0239594"
"30813","2","3","3","19","221","321","428","541","667","C0239594"
"2313","2","3","12","19","31","276","91","433","118","C0239594"
"5191","2","3","5","43","161","305","409","208","482","C0239594"
"9829","2","5","7","60","14","184","341","544","669","C0239594"
"1356","2","3","7","53","51","342","454","573","492","C0239594"
"392255","2","5","7","53","51","342","259","423","389","C0239594"
"627","2","5","7","53","51","335","444","423","373","C0239594"
"55131","2","3","2","110","85","237","433","547","671","C0239594"
"538","2","3","8","63","45","23","103","464","187","C0239594"
"6261","2","5","8","63","45","23","34","464","187","C0239594"
"567","2","5","7","34","52","119","395","549","674","C0239594"
"7038","2","5","7","60","18","184","98","66","203","C0239594"
"2778","2","5","4","68","96","326","427","548","672","C0239594"
"9031","2","3","12","19","31","1","426","55","78","C0239594"
"2068","2","3","12","19","31","261","116","159","211","C0239594"
"6299","2","3","12","19","221","321","428","541","667","C0239594"
"5828","2","3","5","43","161","305","409","208","482","C0239761"
"10747","2","5","7","53","51","119","395","549","674","C0239761"
"5605","2","5","7","53","14","20","34","540","68","C0239801"
"3507","2","5","7","53","51","119","395","549","674","C0239801"
"30813","2","3","3","19","221","321","428","541","667","C0239801"
"1641","2","5","7","60","221","321","428","560","373","C0239801"
"8518","2","3","12","19","31","1","426","55","78","C0239801"
"6662","2","3","3","19","221","321","428","541","667","C0239801"
"4015","2","5","7","53","51","342","454","573","492","C0239801"
"3718","2","5","7","53","14","20","25","40","186","C0239803"
"9970","2","3","3","19","151","276","91","433","118","C0239803"
"26154","2","3","5","47","144","185","238","310","392","C0239803"
"51259","2","3","2","76","153","40","38","54","75","C0239803"
"4982","2","5","12","41","219","339","156","568","697","C0239803"
"7403","2","3","12","19","31","1","426","55","78","C0239803"
"7345","2","3","12","41","116","268","341","223","628","C0239804"
"4750","2","5","12","76","14","20","34","540","68","C0239804"
"54332","2","3","2","60","170","40","98","66","203","C0239804"
"4041","2","5","3","68","221","197","259","560","422","C0239804"
"1584","2","3","5","79","159","256","276","353","456","C0239804"
"3977","2","5","7","53","51","119","25","40","416","C0239804"
"23746","2","3","12","41","83","101","126","271","356","C0239804"
"23230","2","5","7","11","142","71","341","560","219","C0239815"
"6772","2","3","12","53","184","119","156","287","116","C0239815"
"10195","2","3","2","48","69","99","162","216","290","C0239815"
"335","2","5","7","53","51","342","454","573","492","C0239815"
"2736","2","3","12","41","116","321","428","54","667","C0239815"
"6664","2","3","3","19","221","321","428","541","667","C0239815"
"8626","2","3","3","19","221","321","428","541","667","C0239830"
"254251","2","3","6","11","142","225","304","490","606","C0239830"
"644","2","3","2","42","49","93","192","253","338","C0239842"
"11200","2","3","12","19","31","261","116","1","86","C0239842"
"1536","2","5","7","34","52","216","395","549","674","C0239842"
"1001","2","5","7","53","51","335","444","560","373","C0239842"
"2245","2","5","7","60","54","24","30","46","72","C0239882"
"80704","2","3","2","65","35","35","189","237","156","C0239882"
"2261","2","5","7","53","14","20","25","40","186","C0239882"
"2261","2","5","7","53","14","20","25","40","186","C0239882"
"1583","2","3","5","79","152","273","375","100","589","C0239882"
"4689","2","5","7","60","14","20","25","40","215","C0239935"
"2733","2","3","2","22","33","323","66","101","664","C0239935"
"54938","2","3","2","110","85","67","76","252","154","C0239935"
"158","2","3","4","96","177","61","373","341","142","C0239935"
"25861","2","5","7","42","36","71","177","223","219","C0239935"
"6440","2","5","5","68","96","185","238","310","272","C0239937"
"324","2","3","12","41","219","197","70","255","422","C0239937"
"10262","2","3","2","22","33","323","66","101","136","C0239937"
"1147","2","3","12","41","219","339","156","568","697","C0239937"
"3930","2","3","2","22","33","323","66","3","464","C0239937"
"23064","2","3","6","11","31","261","142","220","664","C0239937"
"5195","2","3","5","43","161","305","409","208","482","C0239937"
"22926","2","3","12","19","31","276","91","433","118","C0239937"
"6567","2","5","8","35","41","77","40","57","80","C0239937"
"54982","2","3","2","48","170","50","399","167","593","C0239941"
"3767","2","5","8","63","36","166","106","110","158","C0239941"
"1376","2","3","2","19","151","276","91","433","118","C0239941"
"4148","2","5","7","53","51","342","454","573","492","C0239941"
"9632","2","3","7","60","153","40","38","54","203","C0239941"
"2146","2","3","12","19","31","1","426","55","78","C0239941"
"6901","2","3","2","48","170","50","304","167","593","C0239941"
"6165","2","3","2","110","85","237","433","547","671","C0239946"
"444","2","5","8","63","45","23","34","464","187","C0239946"
"4286","2","3","12","19","31","261","116","1","664","C0239946"
"55505","2","3","2","110","85","237","433","547","671","C0239946"
"26022","2","5","8","68","45","110","98","66","203","C0239946"
"344","2","5","7","53","51","342","454","573","492","C0239946"
"3178","2","3","2","22","33","323","66","101","136","C0239946"
"7033","2","3","12","19","31","1","426","55","78","C0239946"
"5449","2","3","3","19","221","321","428","541","667","C0239946"
"272","2","3","7","34","52","216","395","549","674","C0239946"
"6687","2","3","2","48","170","50","119","444","593","C0239946"
"1758","2","5","7","53","51","342","454","573","492","C0239946"
"51085","2","3","2","48","57","110","141","359","462","C0239946"
"55275","2","5","7","60","54","24","98","66","203","C0239946"
"53","2","3","5","80","81","166","62","66","225","C0239946"
"54903","2","3","12","76","153","40","38","54","75","C0239946"
"6662","2","3","3","19","221","321","428","541","667","C0239946"
"583","2","3","12","76","153","40","38","54","75","C0239946"
"2132","2","3","2","74","58","112","148","193","263","C0239946"
"3239","2","3","3","19","221","321","428","541","667","C0239946"
"672","2","3","12","19","31","261","116","1","86","C0239946"
"151","2","5","4","68","96","326","427","548","672","C0239946"
"60","2","3","12","60","45","184","155","287","78","C0239946"
"7490","2","3","3","19","221","321","428","541","667","C0239946"
"3030","2","3","2","48","57","339","44","65","31","C0239946"
"9723","2","5","7","53","51","342","79","560","373","C0239946"
"1146","2","5","8","27","70","99","162","216","290","C0239946"
"3763","2","5","8","63","36","166","106","110","158","C0239946"
"6532","2","5","8","45","94","199","240","415","666","C0239946"
"27077","2","3","12","76","153","40","38","54","75","C0239946"
"51259","2","3","2","76","153","40","38","54","75","C0239946"
"6144","2","3","2","110","85","237","433","547","671","C0239946"
"8200","2","5","7","53","51","342","259","423","389","C0239981"
"7436","2","5","7","53","51","342","341","544","669","C0239981"
"9533","2","3","2","19","31","1","426","55","78","C0239981"
"1373","2","3","8","84","97","167","210","271","536","C0239981"
"5824","2","3","5","47","144","185","238","310","392","C0239981"
"1593","2","3","5","79","152","273","157","333","277","C0239981"
"8842","2","5","5","53","82","147","184","179","328","C0239981"
"3664","2","5","7","53","184","119","156","287","116","C0239981"
"6498","2","5","7","53","221","342","259","423","389","C0239981"
"1778","2","3","7","76","153","40","38","54","75","C0239981"
"779","2","5","8","63","36","166","341","390","158","C0239981"
"5428","2","3","2","48","170","50","119","167","593","C0239981"
"441478","2","3","12","19","221","143","428","236","667","C0239981"
"701","2","3","12","76","153","40","38","54","75","C0239981"
"10758","2","3","12","41","219","339","156","568","697","C0239981"
"8557","2","5","8","63","45","23","103","464","187","C0239981"
"3172","2","3","3","19","151","276","91","433","118","C0239981"
"4041","2","5","3","68","221","197","259","560","422","C0239981"
"9321","2","3","12","76","153","40","38","54","203","C0239981"
"4864","2","3","5","48","152","184","341","544","669","C0239981"
"7516","2","3","12","19","31","261","116","1","86","C0239981"
"7048","2","5","7","53","51","342","259","423","389","C0239981"
"4313","2","5","7","53","51","342","454","573","492","C0239981"
"2737","2","3","12","19","116","321","428","54","667","C0239981"
"204","2","3","4","72","109","182","235","307","506","C0239984"
"6663","2","3","3","19","221","321","428","541","667","C0239984"
"2778","2","5","4","68","96","326","427","548","672","C0239984"
"4803","2","5","7","60","54","24","30","46","72","C0239984"
"6295","2","3","4","68","45","272","427","518","621","C0239984"
"673","2","5","7","53","14","20","34","540","68","C0239989"
"6899","2","5","7","53","184","335","259","560","373","C0239989"
"5994","2","3","12","19","31","276","91","491","118","C0239989"
"4351","2","3","2","90","167","266","367","500","577","C0239989"
"7124","2","3","12","41","219","339","156","568","697","C0239989"
"2773","2","5","4","68","96","326","427","548","672","C0239989"
"55505","2","3","2","110","85","237","433","547","671","C0239989"
"1761","2","3","3","19","221","321","428","541","667","C0239989"
"1906","2","5","4","68","96","326","427","548","672","C0239989"
"5296","2","5","7","53","14","20","25","40","186","C0239989"
"2542","2","3","5","80","81","296","399","500","577","C0239989"
"1528","2","3","5","91","214","271","372","471","586","C0240083"
"6497","2","5","3","19","221","342","259","423","389","C0240083"
"6331","2","5","8","63","36","166","341","223","158","C0240083"
"6515","2","5","7","34","52","216","395","549","674","C0240083"
"51099","2","3","2","67","92","293","55","75","311","C0240083"
"1954","2","5","7","53","51","342","454","573","492","C0240182"
"51524","2","5","7","45","94","199","240","415","666","C0240182"
"2697","2","3","7","76","153","40","38","54","75","C0240182"
"2316","2","5","7","53","51","342","454","573","702","C0240182"
"9343","2","3","2","22","33","323","66","101","136","C0240182"
"9445","2","3","12","19","31","1","426","55","78","C0240182"
"4538","2","3","2","48","170","50","119","444","556","C0240231"
"3549","2","5","3","53","51","197","259","560","422","C0240231"
"4088","2","3","12","19","219","339","259","423","605","C0240278"
"5449","2","3","3","19","221","321","428","541","667","C0240278"
"4286","2","3","12","19","31","261","116","1","664","C0240278"
"50846","2","3","3","68","221","197","259","560","422","C0240278"
"857","2","5","7","53","45","23","57","83","422","C0240278"
"4297","2","3","12","19","31","1","426","55","78","C0240278"
"6323","2","5","8","63","36","166","341","390","158","C0240278"
"3973","2","5","4","68","96","326","427","548","672","C0240278"
"10815","2","5","7","60","36","71","341","223","666","C0240278"
"1824","2","1","6","11","142","225","142","220","298","C0240278"
"4233","2","5","7","53","14","20","25","40","186","C0240278"
"3908","2","5","7","53","51","342","454","573","492","C0240278"
"6647","2","3","2","95","2","342","378","173","702","C0240278"
"5428","2","3","2","48","170","50","119","167","593","C0240278"
"2214","2","5","7","53","51","119","395","549","674","C0240278"
"1836","2","3","2","35","41","94","260","330","375","C0240278"
"4625","2","3","8","63","45","23","103","464","187","C0240278"
"8772","2","3","12","41","219","339","156","568","697","C0240278"
"29123","2","3","12","19","151","276","91","433","118","C0240278"
"54567","2","5","7","53","51","143","428","236","667","C0240278"
"4650","2","5","7","60","54","24","30","46","72","C0240278"
"3875","2","1","6","11","142","225","142","220","298","C0240412"
"1293","2","5","7","53","51","342","454","573","492","C0240412"
"5296","2","5","7","53","14","20","25","40","186","C0240414"
"6715","2","3","2","69","98","85","189","247","333","C0240414"
"3586","2","5","7","53","51","119","25","489","416","C0240414"
"7507","2","3","12","19","31","261","116","1","86","C0240414"
"7555","2","3","2","110","85","237","433","547","671","C0240414"
"3914","2","5","7","53","51","342","454","573","492","C0240421"
"3759","2","5","8","63","36","166","106","110","158","C0240421"
"6103","2","3","12","76","153","40","38","54","75","C0240421"
"8626","2","3","3","19","221","321","428","541","667","C0240421"
"2719","2","5","7","53","51","342","454","573","492","C0240421"
"26608","2","3","2","22","170","50","119","463","153","C0240421"
"1499","2","3","12","19","221","197","259","560","422","C0240421"
"8818","2","3","2","61","77","142","176","280","363","C0240421"
"5573","2","3","12","19","184","118","155","287","116","C0240421"
"6390","2","3","2","48","170","50","119","444","556","C0240421"
"5728","2","3","5","80","81","339","156","568","605","C0240421"
"4784","2","3","2","22","33","261","116","159","211","C0240421"
"5604","2","5","7","53","14","20","34","540","68","C0240421"
"5071","2","3","12","41","116","268","434","468","213","C0240421"
"2006","2","5","7","53","51","342","454","573","492","C0240421"
"7546","2","5","3","19","221","321","79","560","373","C0240421"
"3440","2","3","12","19","184","118","155","287","116","C0240421"
"1487","2","3","12","19","31","1","426","55","340","C0240421"
"5429","2","3","12","19","31","261","116","1","86","C0240421"
"4361","2","3","12","19","31","261","116","1","86","C0240421"
"774","2","5","8","63","36","166","341","390","158","C0240421"
"6598","2","3","12","19","31","1","426","55","78","C0240421"
"7468","2","3","12","19","31","1","426","55","78","C0240479"
"8856","2","3","3","19","151","276","91","433","118","C0240479"
"1030","2","3","12","19","31","1","426","55","78","C0240479"
"23269","2","3","12","19","31","1","426","55","78","C0240479"
"3456","2","3","12","19","31","118","155","287","116","C0240479"
"50717","2","3","12","41","116","268","434","468","213","C0240479"
"2328","2","3","5","91","214","226","326","413","530","C0240479"
"8260","2","3","12","41","85","266","76","287","78","C0240479"
"5395","2","3","12","19","31","261","116","1","86","C0240479"
"23414","2","3","12","19","31","118","155","287","116","C0240479"
"2263","2","5","7","53","14","20","25","40","186","C0240479"
"6909","2","5","7","53","51","335","444","560","373","C0240479"
"90","2","5","7","53","51","342","259","423","389","C0240479"
"2272","2","3","12","19","170","266","367","500","577","C0240479"
"25782","2","5","7","60","54","24","30","46","72","C0240479"
"5309","2","3","3","19","221","321","428","541","667","C0240479"
"10060","2","3","8","41","45","23","423","464","445","C0240479"
"54567","2","5","7","53","51","143","428","236","667","C0240547"
"4286","2","3","12","19","31","261","116","1","664","C0240547"
"26005","2","3","12","76","153","40","38","54","75","C0240547"
"5159","2","5","7","53","14","20","25","40","186","C0240547"
"675","2","3","12","19","31","261","116","1","86","C0240671"
"590","2","3","5","85","143","286","51","488","604","C0240671"
"2335","2","5","7","53","51","342","454","573","492","C0240671"
"57728","2","3","12","76","153","40","38","54","75","C0240671"
"4763","2","5","7","60","54","24","30","46","214","C0240671"
"3035","2","3","2","110","85","237","433","547","154","C0240671"
"2332","2","3","2","22","33","71","373","466","609","C0240671"
"4513","2","3","2","48","170","110","141","359","532","C0240671"
"2261","2","5","7","53","14","20","25","40","186","C0240671"
"4358","2","3","5","43","161","305","409","208","482","C0240671"
"5979","2","5","7","53","14","20","25","40","186","C0240671"
"51067","2","3","2","110","85","67","76","252","154","C0240679"
"207","2","3","7","53","14","20","34","489","416","C0240679"
"857","2","5","7","53","45","23","57","83","422","C0240679"
"65062","2","3","2","48","170","50","119","444","556","C0240701"
"54903","2","3","12","76","153","40","38","54","75","C0240701"
"7097","2","5","7","34","52","216","395","549","674","C0240701"
"7015","2","3","12","19","31","1","426","55","78","C0240701"
"9451","2","3","2","110","51","335","226","297","380","C0240701"
"2261","2","5","7","53","14","20","25","40","186","C0240735"
"30008","2","5","7","53","51","342","454","573","492","C0240735"
"3759","2","5","8","63","36","166","106","110","158","C0240735"
"3239","2","3","3","19","221","321","428","541","667","C0240735"
"1577","2","3","5","91","214","226","400","204","264","C0240735"
"7166","2","3","5","80","81","166","307","258","345","C0240735"
"5080","2","3","3","19","221","321","428","541","667","C0240735"
"658","2","5","7","53","51","342","259","423","389","C0240735"
"7259","2","3","12","19","31","1","426","55","78","C0240735"
"3930","2","3","2","22","33","323","66","3","464","C0240735"
"4792","2","3","12","41","219","339","156","568","605","C0240735"
"2074","2","3","12","19","31","1","426","55","78","C0240735"
"7252","2","5","4","68","96","326","427","548","672","C0240735"
"5781","2","5","7","53","14","20","25","40","186","C0240735"
"25942","2","3","12","19","31","1","426","55","78","C0240735"
"2492","2","5","4","68","96","326","427","548","672","C0240735"
"9031","2","3","12","19","31","1","426","55","78","C0240735"
"9939","2","3","2","22","33","323","66","101","136","C0240735"
"4921","2","5","7","53","14","20","25","573","186","C0240735"
"8425","2","5","7","53","51","342","454","573","492","C0240735"
"2316","2","5","7","53","51","342","454","573","702","C0240735"
"3569","2","5","7","53","51","342","454","573","416","C0240735"
"5621","2","5","8","27","36","342","454","573","628","C0240735"
"4758","2","3","7","34","52","216","395","549","517","C0240783"
"2737","2","3","12","19","116","321","428","54","667","C0240783"
"3236","2","3","3","19","221","321","428","541","667","C0240783"
"5521","2","3","12","76","137","76","136","472","435","C0240783"
"4041","2","5","3","68","221","197","259","560","422","C0240783"
"5573","2","3","12","19","184","118","155","287","116","C0240783"
"79823","2","3","4","68","45","272","347","518","621","C0240783"
"2200","2","5","7","53","51","342","454","573","492","C0240783"
"123624","2","3","12","76","153","40","38","54","75","C0240783"
"585","2","3","12","76","153","40","38","54","75","C0240896"
"9361","2","3","2","48","170","50","119","444","556","C0240896"
"5972","2","5","5","34","52","216","397","418","568","C0240896"
"5908","2","5","7","34","52","216","30","46","72","C0240896"
"3141","2","3","2","68","40","130","166","127","173","C0240896"
"6197","2","3","12","19","14","20","34","540","68","C0240896"
"4487","2","3","3","19","221","321","428","541","667","C0240896"
"182","2","5","7","53","51","143","428","236","667","C0240896"
"10815","2","5","7","60","36","71","341","223","666","C0240896"
"5727","2","3","12","68","221","197","259","560","422","C0240896"
"1311","2","5","7","53","51","342","454","573","492","C0240896"
"5428","2","3","2","48","170","50","119","167","593","C0240896"
"2697","2","3","7","76","153","40","38","54","75","C0240896"
"1281","2","5","7","53","51","342","454","573","492","C0240896"
"9187","2","5","8","45","94","199","240","415","666","C0240896"
"57496","2","3","12","19","31","276","91","433","118","C0240896"
"3763","2","5","8","63","36","166","106","110","158","C0240896"
"26227","2","3","2","41","137","44","208","81","108","C0240896"
"5743","2","3","5","53","175","119","167","489","416","C0240897"
"7421","2","3","3","19","151","276","91","433","118","C0240897"
"5340","2","5","7","53","51","342","454","573","492","C0240897"
"5321","2","3","5","116","183","295","398","243","327","C0240897"
"10743","2","3","3","19","151","276","91","433","118","C0240897"
"2778","2","5","4","68","96","326","427","548","672","C0240897"
"51684","2","3","12","41","116","268","38","54","75","C0240897"
"2299","2","3","3","19","221","321","428","541","667","C0240897"
"701","2","3","12","76","153","40","38","54","75","C0240897"
"5506","2","3","12","76","137","76","136","82","658","C0240897"
"1509","2","5","7","34","52","216","395","549","568","C0240897"
"6609","2","3","5","105","155","250","291","152","420","C0240912"
"8085","2","3","12","19","31","1","426","55","78","C0240912"
"6648","2","3","2","95","151","160","378","173","229","C0240912"
"2799","2","3","7","34","52","216","395","549","33","C0240912"
"3954","2","3","2","48","170","67","119","444","593","C0240912"
"2896","2","5","7","34","52","216","395","549","674","C0240912"
"6899","2","5","7","53","184","335","259","560","373","C0240912"
"6662","2","3","3","19","221","321","428","541","667","C0240912"
"2896","2","5","7","34","52","216","395","549","674","C0240912"
"7040","2","5","7","53","51","342","454","573","492","C0240912"
"7415","2","3","7","34","52","216","395","536","445","C0240912"
"3848","2","5","7","34","52","225","142","220","298","C0240912"
"50939","2","3","12","76","153","40","38","472","435","C0240912"
"10269","2","3","2","48","182","50","119","444","556","C0240912"
"29851","2","5","7","53","14","20","25","40","186","C0240912"
"9533","2","3","2","19","31","1","426","55","78","C0240912"
"4620","2","5","8","63","45","23","103","464","187","C0240912"
"4193","2","3","12","19","31","1","116","89","605","C0240912"
"6311","2","3","2","22","33","323","66","362","468","C0240912"
"8050","2","3","2","67","92","293","55","75","311","C0240912"
"9333","2","1","6","11","142","225","142","220","298","C0240912"
"3040","2","5","5","53","51","342","40","78","178","C0240912"
"8322","2","5","3","68","221","184","259","544","669","C0240912"
"7849","2","3","3","19","221","321","428","541","667","C0240912"
"675","2","3","12","19","31","261","116","1","86","C0240912"
"5144","2","3","4","68","96","326","427","548","672","C0240914"
"3939","2","3","2","62","37","28","52","105","349","C0240914"
"4175","2","3","12","76","31","261","116","1","86","C0240914"
"6654","2","5","7","60","54","24","30","46","72","C0240914"
"3728","2","5","7","34","52","225","142","220","298","C0240953"
"207","2","3","7","53","14","20","34","489","416","C0240953"
"5468","2","3","3","19","151","276","91","433","118","C0240953"
"7454","2","5","7","60","14","20","25","40","215","C0240953"
"9342","2","5","7","34","52","216","395","549","674","C0240953"
"1629","2","3","2","67","92","293","55","75","311","C0240953"
"3458","2","5","7","53","184","119","156","287","116","C0240953"
"8653","2","3","12","110","85","237","136","472","127","C0240953"
"3853","2","1","6","11","142","225","142","220","298","C0240953"
"5077","2","3","3","19","221","321","428","541","667","C0240953"
"9401","2","3","12","76","31","261","116","1","86","C0240953"
"2703","2","3","12","76","153","40","38","54","75","C0240953"
"5728","2","3","5","80","81","339","156","568","605","C0240953"
"673","2","5","7","53","14","20","34","540","68","C0240953"
"207","2","3","7","53","14","20","34","489","416","C0240953"
"2969","2","3","12","19","31","276","91","433","118","C0240953"
"5351","2","5","7","53","51","342","454","573","492","C0240953"
"1387","2","3","12","19","31","276","91","433","118","C0240953"
"5422","2","3","12","19","31","261","116","1","86","C0240953"
"5987","2","3","12","41","116","225","142","220","298","C0240953"
"7879","2","5","7","34","54","24","30","46","72","C0240953"
"6341","2","3","2","48","170","50","119","444","556","C0240953"
"2074","2","3","12","19","31","1","426","55","78","C0240953"
"55704","2","3","12","76","153","40","38","54","75","C0240991"
"3339","2","5","7","53","51","342","454","573","492","C0240991"
"2627","2","3","12","19","31","118","155","287","116","C0240991"
"10479","2","5","7","27","36","150","341","223","628","C0240991"
"4621","2","5","8","63","45","23","103","464","187","C0240991"
"5311","2","5","8","63","45","166","306","390","158","C0240997"
"5447","2","3","5","91","214","271","372","471","586","C0240997"
"50943","2","3","12","19","31","1","426","129","131","C0240997"
"3630","2","5","7","53","14","20","25","40","186","C0240997"
"406","2","3","3","19","151","276","91","433","118","C0241011"
"6218","2","3","2","110","85","237","433","547","671","C0241011"
"4853","2","3","12","19","124","143","428","236","667","C0241011"
"4854","2","5","7","53","51","143","428","236","667","C0241011"
"1032","2","3","12","19","31","1","426","55","78","C0241011"
"4990","2","3","3","19","221","321","428","541","667","C0241011"
"3145","2","3","5","80","81","166","132","175","473","C0241011"
"7130","2","5","7","34","52","216","395","549","674","C0241011"
"9401","2","3","12","76","31","261","116","1","86","C0241011"
"4000","2","3","12","26","105","178","226","297","156","C0241011"
"1409","2","3","12","76","153","40","38","54","75","C0241011"
"857","2","5","7","53","45","23","57","83","422","C0241011"
"3643","2","5","7","53","14","20","25","40","186","C0241011"
"55505","2","3","2","110","85","237","433","547","671","C0241011"
"1356","2","3","7","53","51","342","454","573","492","C0241011"
"28956","2","5","7","34","52","216","395","359","462","C0241011"
"4175","2","3","12","76","31","261","116","1","86","C0241011"
"5830","2","3","5","43","161","305","409","208","482","C0241011"
"1296","2","5","7","53","51","342","454","573","492","C0241011"
"131669","2","3","5","80","81","166","43","63","87","C0241011"
"9343","2","3","2","22","33","323","66","101","136","C0241011"
"2706","2","3","12","76","153","40","38","54","75","C0241011"
"26276","2","3","7","60","81","184","341","66","203","C0241013"
"6696","2","5","7","53","51","342","454","573","492","C0241013"
"9247","2","5","7","53","221","197","259","423","389","C0241013"
"10269","2","3","2","48","182","50","119","444","556","C0241013"
"51702","2","3","12","19","31","1","426","55","78","C0241013"
"3594","2","5","7","53","51","119","25","560","373","C0241013"
"831","2","5","7","53","51","342","454","573","492","C0241013"
"7461","2","3","7","60","153","40","38","93","75","C0241013"
"9095","2","5","7","53","51","335","444","560","373","C0241013"
"5592","2","5","4","53","14","20","34","540","68","C0241013"
"6514","2","5","7","90","216","337","448","565","562","C0241013"
"5621","2","5","8","27","36","342","454","573","628","C0241013"
"2992","2","3","7","34","52","216","395","549","674","C0241013"
"613","2","5","7","60","54","24","30","46","72","C0241013"
"7132","2","3","12","41","219","339","156","568","697","C0241074"
"4724","2","3","2","48","170","50","119","444","556","C0241074"
"6499","2","3","2","110","85","237","433","547","671","C0241074"
"3576","2","5","4","68","96","326","427","548","672","C0241074"
"4038","2","5","7","53","51","342","454","573","492","C0241074"
"3764","2","5","8","63","36","166","106","110","158","C0241074"
"2317","2","5","7","63","45","23","103","287","664","C0241074"
"6391","2","3","2","48","170","50","119","444","556","C0241074"
"1420","2","3","6","63","45","160","362","177","673","C0241074"
"3845","2","5","7","60","54","24","30","46","72","C0241074"
"4862","2","3","3","19","151","276","91","433","118","C0241074"
"3674","2","5","7","53","51","342","454","573","492","C0241074"
"2006","2","5","7","53","51","342","454","573","492","C0241074"
"2218","2","5","2","53","123","194","255","560","373","C0241074"
"5243","2","3","12","41","116","268","423","536","445","C0241074"
"943","2","3","12","41","219","339","156","568","697","C0241074"
"7353","2","3","12","41","219","339","156","568","605","C0241074"
"7840","2","3","12","76","153","40","38","54","75","C0241074"
"9419","2","5","7","60","36","71","341","223","219","C0241074"
"6792","2","5","7","53","14","20","34","540","68","C0241074"
"2773","2","5","4","68","96","326","427","548","672","C0241074"
"1146","2","5","8","27","70","99","162","216","290","C0241074"
"5591","2","3","12","19","31","261","116","1","86","C0241074"
"50484","2","3","5","80","109","182","235","307","506","C0241074"
"5932","2","3","12","19","31","261","116","1","86","C0241074"
"3073","2","3","5","105","155","250","291","152","420","C0241074"
"6664","2","3","3","19","221","321","428","541","667","C0241074"
"6326","2","5","8","63","36","166","341","390","158","C0241074"
"1584","2","3","5","79","159","256","276","353","456","C0241074"
"2702","2","3","12","76","153","40","38","54","75","C0241074"
"3786","2","5","8","63","36","166","106","110","158","C0241074"
"5728","2","3","5","80","81","339","156","568","605","C0241074"
"2255","2","5","7","53","14","20","25","40","186","C0241128"
"2296","2","3","3","19","221","321","428","541","667","C0241128"
"5447","2","3","5","91","214","271","372","471","586","C0241128"
"51684","2","3","12","41","116","268","38","54","75","C0241128"
"5727","2","3","12","68","221","197","259","560","422","C0241128"
"7170","2","5","8","63","45","23","103","464","187","C0241128"
"7124","2","3","12","41","219","339","156","568","697","C0241148"
"2131","2","3","2","74","58","112","148","181","416","C0241148"
"2643","2","3","5","87","91","75","204","267","352","C0241148"
"84197","2","5","2","53","14","20","25","215","186","C0241148"
"2773","2","5","4","68","96","326","427","548","672","C0241148"
"5167","2","3","5","32","93","163","207","303","126","C0241157"
"846","2","5","4","68","96","326","427","548","672","C0241157"
"8600","2","5","7","41","219","339","156","568","697","C0241157"
"2155","2","5","7","53","51","119","454","549","674","C0241157"
"401","2","3","3","19","221","321","428","541","667","C0241157"
"9992","2","5","8","63","36","166","341","110","158","C0241157"
"4853","2","3","12","19","124","143","428","236","667","C0241157"
"5828","2","3","5","43","161","305","409","208","482","C0241157"
"53834","2","5","7","53","51","342","454","573","492","C0241157"
"3557","2","3","12","41","219","339","156","568","697","C0241157"
"4089","2","3","12","19","219","339","259","423","605","C0241178"
"5446","2","3","5","80","147","236","328","411","528","C0241178"
"7299","2","3","5","23","18","138","250","332","407","C0241178"
"3663","2","3","12","53","184","119","156","287","116","C0241178"
"5970","2","3","12","19","31","276","91","433","118","C0241178"
"3909","2","5","7","53","51","342","454","573","492","C0241178"
"4683","2","3","12","19","31","261","116","1","86","C0241178"
"5159","2","5","7","53","14","20","25","40","186","C0241178"
"51204","2","3","2","48","170","50","119","444","556","C0241178"
"2492","2","5","4","68","96","326","427","548","672","C0241178"
"1030","2","3","12","19","31","1","426","55","78","C0241178"
"37","2","3","2","110","105","178","226","297","380","C0241178"
"3848","2","5","7","34","52","225","142","220","298","C0241178"
"27130","2","3","12","48","45","143","38","236","69","C0241178"
"526","2","3","5","29","88","132","172","199","308","C0241178"
"1387","2","3","12","19","31","276","91","433","118","C0241178"
"6323","2","5","8","63","36","166","341","390","158","C0241178"
"55112","2","3","12","76","153","40","38","54","75","C0241181"
"9227","2","3","2","69","51","101","126","170","224","C0241181"
"860","2","3","12","19","31","276","91","433","118","C0241181"
"1277","2","5","7","53","51","342","454","573","492","C0241181"
"4810","2","3","2","76","57","110","444","560","373","C0241181"
"335","2","5","7","53","51","342","454","573","492","C0241181"
"3576","2","5","4","68","96","326","427","548","672","C0241181"
"5727","2","3","12","68","221","197","259","560","422","C0241181"
"6237","2","5","7","60","54","24","30","46","72","C0241181"
"11284","2","3","12","19","31","261","116","1","86","C0241181"
"4210","2","3","12","41","219","339","156","568","697","C0241181"
"1813","2","5","4","68","96","326","427","548","672","C0241181"
"3265","2","5","7","60","54","24","30","46","72","C0241181"
"713","2","5","7","53","51","119","395","549","674","C0241181"
"4593","2","5","7","53","14","20","454","573","492","C0241181"
"175","2","3","7","34","52","216","395","549","674","C0241181"
"2261","2","5","7","53","14","20","25","40","186","C0241181"
"2697","2","3","7","76","153","40","38","54","75","C0241181"
"8029","2","5","7","53","51","105","139","186","245","C0241185"
"3339","2","5","7","53","51","342","454","573","492","C0241185"
"4158","2","5","4","68","96","326","427","548","672","C0241185"
"2022","2","5","7","53","51","342","259","423","389","C0241237"
"3954","2","3","2","48","170","67","119","444","593","C0241237"
"229","2","3","2","90","167","266","367","500","577","C0241237"
"1376","2","3","2","19","151","276","91","433","118","C0241267"
"54386","2","3","12","19","31","261","116","1","78","C0241267"
"4322","2","5","7","53","51","342","454","573","492","C0241267"
"5336","2","3","7","53","14","20","25","40","215","C0241358"
"190","2","3","3","19","151","276","91","433","118","C0241358"
"7469","2","3","12","19","31","261","116","159","211","C0241358"
"7140","2","5","8","63","45","23","103","464","187","C0241358"
"2255","2","5","7","53","14","20","25","40","186","C0241395"
"10555","2","3","7","34","52","216","395","549","622","C0241395"
"1896","2","5","12","41","219","339","156","568","697","C0241395"
"860","2","3","12","19","31","276","91","433","118","C0241397"
"2132","2","3","2","74","58","112","148","193","263","C0241397"
"6495","2","3","3","19","221","321","428","541","667","C0241397"
"1374","2","3","2","19","151","276","91","433","118","C0241397"
"2218","2","5","2","53","123","194","255","560","373","C0241397"
"4000","2","3","12","26","105","178","226","297","156","C0241397"
"860","2","3","12","19","31","276","91","433","118","C0241397"
"284654","2","3","3","68","221","197","259","499","422","C0241397"
"5573","2","3","12","19","184","118","155","287","116","C0241397"
"81027","2","3","12","76","153","40","38","54","75","C0241423"
"5728","2","3","5","80","81","339","156","568","605","C0241423"
"5982","2","3","12","19","31","261","116","1","86","C0241423"
"4625","2","3","8","63","45","23","103","464","187","C0241423"
"1029","2","3","12","19","31","1","116","1","664","C0241438"
"7466","2","5","7","53","51","342","454","573","492","C0241438"
"6295","2","3","4","68","45","272","427","518","621","C0241438"
"2006","2","5","7","53","51","342","454","573","492","C0241442"
"4703","2","5","7","60","45","23","103","464","187","C0241442"
"22995","2","3","12","76","153","40","38","54","75","C0241442"
"1644","2","3","2","88","79","239","333","258","345","C0241442"
"6473","2","3","3","19","221","321","428","541","667","C0241442"
"1690","2","5","7","27","51","342","454","573","492","C0241442"
"50943","2","3","12","19","31","1","426","129","131","C0241442"
"8076","2","5","7","53","51","342","454","573","492","C0241442"
"1909","2","5","4","68","96","326","427","548","672","C0241442"
"2261","2","5","7","53","14","20","25","40","186","C0241442"
"7172","2","3","5","80","81","105","426","129","586","C0241442"
"23479","2","3","2","48","170","50","119","100","556","C0241521"
"4221","2","3","12","19","31","342","454","573","492","C0241521"
"6497","2","5","3","19","221","342","259","423","389","C0241521"
"4286","2","3","12","19","31","261","116","1","664","C0241521"
"9915","2","3","3","27","151","276","91","433","118","C0241521"
"6310","2","3","12","22","142","225","366","362","468","C0241521"
"7428","2","3","12","41","116","268","434","468","213","C0241521"
"10013","2","3","12","19","31","143","91","236","311","C0241521"
"1806","2","3","2","49","23","186","149","195","61","C0241521"
"3110","2","3","3","19","221","321","428","541","667","C0241577"
"2006","2","5","7","53","51","342","454","573","492","C0241577"
"4613","2","3","12","19","31","1","426","55","78","C0241577"
"64135","2","3","12","41","219","339","156","568","605","C0241577"
"27247","2","3","2","48","170","50","119","100","556","C0241577"
"54768","2","3","12","41","92","197","57","198","517","C0241654"
"23483","2","3","2","28","191","306","143","452","258","C0241654"
"1015","2","5","7","53","51","335","444","560","373","C0241654"
"7043","2","5","7","53","51","342","454","573","492","C0241654"
"25778","2","3","2","41","51","138","79","160","385","C0241654"
"10320","2","5","7","19","119","143","214","236","389","C0241654"
"8600","2","5","7","41","219","339","156","568","697","C0241654"
"2006","2","5","7","53","51","342","454","573","492","C0241654"
"10661","2","3","12","19","31","1","426","55","78","C0241654"
"51204","2","3","2","48","170","50","119","444","556","C0241654"
"4041","2","5","3","68","221","197","259","560","422","C0241654"
"10815","2","5","7","60","36","71","341","223","666","C0241654"
"2778","2","5","4","68","96","326","427","548","672","C0241688"
"2259","2","5","8","63","36","166","341","223","158","C0241688"
"1644","2","3","2","88","79","239","333","258","345","C0241688"
"1230","2","5","4","68","96","326","427","548","672","C0241688"
"4692","2","5","7","53","51","119","402","489","416","C0241688"
"2218","2","5","2","53","123","194","255","560","373","C0241700"
"7043","2","5","7","53","51","342","454","573","492","C0241700"
"2896","2","5","7","34","52","216","395","549","674","C0241700"
"26608","2","3","2","22","170","50","119","463","153","C0241700"
"3757","2","5","8","63","36","166","106","110","158","C0241700"
"3586","2","5","7","53","51","119","25","489","416","C0241700"
"4750","2","5","12","76","14","20","34","540","68","C0241700"
"23426","2","5","7","42","36","71","177","223","219","C0241703"
"1408","2","3","3","19","151","276","91","433","118","C0241703"
"6813","2","5","7","53","51","342","454","573","702","C0241703"
"7299","2","3","5","23","18","138","250","332","407","C0241703"
"1758","2","5","7","53","51","342","454","573","492","C0241703"
"2492","2","5","4","68","96","326","427","548","672","C0241703"
"25836","2","3","12","76","153","40","38","54","75","C0241703"
"667","2","5","7","53","51","342","454","573","492","C0241703"
"3284","2","3","2","69","98","169","299","183","243","C0241703"
"6285","2","5","7","41","219","339","156","568","697","C0241703"
"6845","2","5","7","60","14","184","341","544","669","C0241703"
"6566","2","3","2","67","37","316","422","535","660","C0241703"
"7276","2","5","7","34","52","216","395","549","674","C0241703"
"5781","2","5","7","53","14","20","25","40","186","C0241703"
"4540","2","3","2","48","170","50","119","444","556","C0241703"
"30009","2","5","7","53","51","119","25","549","674","C0241703"
"6770","2","5","7","27","36","273","341","100","589","C0241703"
"6299","2","3","12","19","221","321","428","541","667","C0241703"
"5604","2","5","7","53","14","20","34","540","68","C0241703"
"1947","2","5","7","53","51","20","25","560","373","C0241703"
"3728","2","5","7","34","52","225","142","220","298","C0241703"
"5339","2","5","7","53","51","342","454","573","492","C0241703"
"7507","2","3","12","19","31","261","116","1","86","C0241703"
"10342","2","3","7","60","219","40","202","66","203","C0241760"
"1277","2","5","7","53","51","342","454","573","492","C0241760"
"5654","2","5","7","53","51","342","454","573","492","C0241775"
"26277","2","3","12","19","31","1","426","1","78","C0241775"
"3769","2","5","8","63","36","166","106","110","158","C0241775"
"7253","2","5","4","68","96","326","427","548","672","C0241775"
"2255","2","5","7","53","14","20","25","40","186","C0241775"
"5192","2","3","5","43","161","305","409","208","482","C0241775"
"3440","2","3","12","19","184","118","155","287","116","C0241816"
"4010","2","3","3","19","221","321","428","541","667","C0241816"
"4724","2","3","2","48","170","50","119","444","556","C0241816"
"79823","2","3","4","68","45","272","347","518","621","C0241816"
"3909","2","5","7","53","51","342","454","573","492","C0241816"
"356","2","5","7","53","219","339","25","489","697","C0241816"
"64327","2","5","4","68","96","326","427","548","672","C0241816"
"5290","2","3","7","53","14","20","25","40","186","C0241908"
"2335","2","5","7","53","51","342","454","573","492","C0241908"
"5009","2","3","2","48","97","50","304","167","593","C0241910"
"1280","2","5","7","53","51","342","454","573","492","C0241910"
"5450","2","3","12","19","221","261","116","159","211","C0241910"
"5265","2","5","7","34","52","216","395","573","702","C0241910"
"1910","2","5","4","68","96","326","427","548","672","C0241910"
"27316","2","3","2","22","33","323","66","101","136","C0241910"
"629","2","5","7","53","51","119","395","549","674","C0241910"
"7476","2","5","3","68","221","197","259","560","422","C0241910"
"7132","2","3","12","41","219","339","156","568","697","C0241910"
"4089","2","3","12","19","219","339","259","423","605","C0241910"
"3785","2","5","8","63","36","166","106","110","158","C0241910"
"1026","2","3","12","19","31","1","116","489","416","C0241910"
"2652","2","5","4","68","96","326","427","548","672","C0241910"
"1836","2","3","2","35","41","94","260","330","375","C0241910"
"4846","2","3","5","41","219","75","243","44","64","C0241910"
"55023","2","3","12","41","116","268","434","468","213","C0241910"
"3110","2","3","3","19","221","321","428","541","667","C0241910"
"2073","2","3","12","19","31","261","116","1","86","C0241961"
"1543","2","3","5","91","151","276","91","433","118","C0241961"
"5376","2","5","7","53","51","342","454","573","492","C0241961"
"4854","2","5","7","53","51","143","428","236","667","C0242184"
"2719","2","5","7","53","51","342","454","573","492","C0242184"
"23133","2","3","12","19","31","1","426","55","78","C0242184"
"3912","2","5","7","53","51","342","454","573","492","C0242184"
"6335","2","5","8","63","36","166","341","390","158","C0242184"
"7040","2","5","7","53","51","342","454","573","492","C0242184"
"4535","2","3","2","48","170","50","119","444","556","C0242184"
"6519","2","3","5","45","94","199","240","415","666","C0242184"
"10008","2","5","8","63","36","166","341","223","158","C0242184"
"5396","2","3","3","19","221","321","428","541","667","C0242184"
"5122","2","5","4","27","36","184","141","359","411","C0242184"
"1186","2","5","8","63","45","23","34","464","187","C0242184"
"1281","2","5","7","53","51","342","454","573","492","C0242184"
"1289","2","5","7","53","51","342","454","573","492","C0242184"
"4361","2","3","12","19","31","261","116","1","86","C0242184"
"4087","2","3","12","19","219","339","259","423","605","C0242184"
"894","2","3","12","19","31","1","34","540","68","C0242184"
"4598","2","3","2","19","151","276","198","259","427","C0242184"
"6785","2","3","5","67","7","5","239","311","393","C0242184"
"9723","2","5","7","53","51","342","79","560","373","C0242184"
"1145","2","5","8","27","70","99","162","216","290","C0242184"
"23503","2","3","6","11","142","225","142","220","298","C0242184"
"2035","2","5","7","60","36","71","341","223","219","C0242184"
"1586","2","3","5","79","98","256","335","425","540","C0242184"
"4907","2","3","5","80","81","296","62","94","150","C0242184"
"54551","2","3","12","41","219","197","156","568","422","C0242184"
"4878","2","3","12","19","31","1","426","55","78","C0242184"
"5728","2","3","5","80","81","339","156","568","605","C0242184"
"7148","2","5","7","53","51","342","454","573","492","C0242184"
"2969","2","3","12","19","31","276","91","433","118","C0242184"
"2052","2","3","5","91","130","114","290","367","475","C0242184"
"2064","2","5","7","53","14","20","25","40","186","C0242184"
"50964","2","5","3","68","221","197","259","423","422","C0242184"
"60","2","3","12","60","45","184","155","287","78","C0242216"
"51124","2","5","4","68","96","326","427","548","672","C0242216"
"1187","2","5","8","63","45","23","34","464","187","C0242216"
"28962","2","5","8","63","45","23","34","464","187","C0242216"
"1355","2","3","2","48","170","50","119","444","556","C0242231"
"4308","2","5","8","63","45","193","306","390","158","C0242231"
"54808","2","3","12","76","153","40","38","54","75","C0242231"
"213","2","5","7","53","51","342","454","573","492","C0242231"
"443","2","3","5","80","81","189","182","509","409","C0242231"
"9966","2","5","12","41","219","339","156","568","697","C0242231"
"7372","2","3","2","68","119","109","266","182","182","C0242231"
"204219","2","3","2","50","47","39","100","321","255","C0242339"
"10082","2","3","2","74","51","342","454","573","492","C0242339"
"6442","2","5","8","63","45","23","103","464","187","C0242339"
"5648","2","5","7","53","51","119","395","549","674","C0242339"
"26040","2","3","12","19","31","1","116","297","78","C0242339"
"9990","2","5","8","45","94","199","240","415","666","C0242339"
"55509","2","3","12","19","31","276","91","433","118","C0242339"
"111","2","5","4","68","96","326","427","548","672","C0242339"
"182","2","5","7","53","51","143","428","236","667","C0242339"
"6875","2","3","12","19","31","261","116","159","211","C0242339"
"25939","2","3","12","53","184","119","156","287","116","C0242339"
"7421","2","3","3","19","151","276","91","433","118","C0242339"
"2629","2","3","5","80","81","250","291","152","420","C0242339"
"1281","2","5","7","53","51","342","454","573","492","C0242339"
"5428","2","3","2","48","170","50","119","167","593","C0242339"
"3814","2","5","4","68","96","326","427","548","672","C0242339"
"1646","2","3","2","46","136","227","168","225","490","C0242339"
"2131","2","3","2","74","58","112","148","181","416","C0242339"
"64094","2","5","7","68","51","119","395","549","674","C0242339"
"2316","2","5","7","53","51","342","454","573","702","C0242339"
"2289","2","3","12","76","219","339","347","271","356","C0242339"
"182","2","5","7","53","51","143","428","236","667","C0242339"
"4669","2","3","5","80","81","166","454","453","492","C0242339"
"2353","2","3","12","19","31","1","91","489","416","C0242339"
"4846","2","3","5","41","219","75","243","44","64","C0242339"
"5604","2","5","7","53","14","20","34","540","68","C0242339"
"883","2","3","5","80","81","189","182","509","290","C0242339"
"6647","2","3","2","95","2","342","378","173","702","C0242343"
"4001","2","3","12","76","31","40","38","54","75","C0242343"
"5447","2","3","5","91","214","271","372","471","586","C0242343"
"547","2","3","7","76","153","40","38","54","75","C0242343"
"8842","2","5","5","53","82","147","184","179","328","C0242343"
"6833","2","5","8","45","36","166","240","415","666","C0242350"
"1537","2","3","2","48","170","50","304","167","593","C0242350"
"8642","2","5","7","53","51","335","444","560","373","C0242350"
"3052","2","3","2","48","170","50","119","444","556","C0242350"
"2990","2","3","7","34","52","216","395","549","674","C0242350"
"29968","2","3","8","67","94","199","182","509","666","C0242350"
"6261","2","5","8","63","45","23","34","464","187","C0242350"
"5340","2","5","7","53","51","342","454","573","492","C0242350"
"2073","2","3","12","19","31","261","116","1","86","C0242350"
"538","2","3","8","63","45","23","103","464","187","C0242350"
"6608","2","3","3","68","221","321","428","560","667","C0242350"
"6440","2","5","5","68","96","185","238","310","272","C0242350"
"5443","2","5","4","68","96","326","427","548","672","C0242350"
"4990","2","3","3","19","221","321","428","541","667","C0242350"
"811","2","3","2","41","116","342","423","536","342","C0242350"
"9401","2","3","12","76","31","261","116","1","86","C0242350"
"9775","2","3","2","22","33","323","66","101","136","C0242350"
"1954","2","5","7","53","51","342","454","573","492","C0242350"
"4015","2","5","7","53","51","342","454","573","492","C0242350"
"2657","2","5","7","53","51","342","259","423","389","C0242350"
"773","2","5","8","27","36","166","341","223","628","C0242350"
"6331","2","5","8","63","36","166","341","223","158","C0242350"
"4041","2","5","3","68","221","197","259","560","422","C0242350"
"3861","2","1","6","11","142","225","142","220","298","C0242350"
"6949","2","3","2","110","85","237","164","390","311","C0242350"
"7259","2","3","12","19","31","1","426","55","78","C0242350"
"9370","2","5","3","41","151","276","91","433","118","C0242350"
"7369","2","5","7","53","51","119","395","549","674","C0242350"
"10262","2","3","2","22","33","323","66","101","136","C0242350"
"410","2","3","7","34","52","216","395","549","674","C0242350"
"7852","2","5","4","68","96","326","427","548","672","C0242350"
"3949","2","5","7","60","14","184","341","544","669","C0242350"
"8195","2","3","12","76","153","76","38","54","75","C0242383"
"7248","2","3","2","48","57","110","141","359","462","C0242383"
"8050","2","3","2","67","92","293","55","75","311","C0242383"
"10084","2","3","2","22","33","323","66","101","136","C0242383"
"182","2","5","7","53","51","143","428","236","667","C0242383"
"627","2","5","7","53","51","335","444","423","373","C0242383"
"5172","2","5","8","45","94","199","240","415","666","C0242383"
"9361","2","3","2","48","170","50","119","444","556","C0242383"
"1583","2","3","5","79","152","273","375","100","589","C0242383"
"3172","2","3","3","19","151","276","91","433","118","C0242383"
"5251","2","3","5","80","81","296","474","593","722","C0242383"
"2239","2","3","2","74","51","342","454","573","492","C0242383"
"1290","2","5","7","53","51","342","454","573","492","C0242383"
"6343","2","5","4","68","96","326","427","548","672","C0242383"
"1082","2","5","4","68","96","342","259","423","389","C0242383"
"3265","2","5","7","60","54","24","30","46","72","C0242383"
"3640","2","5","4","68","96","326","427","548","672","C0242383"
"3295","2","3","5","43","161","305","409","208","482","C0242383"
"6697","2","3","2","69","91","75","204","267","352","C0242387"
"952","2","3","5","73","110","155","384","263","348","C0242387"
"2956","2","3","12","19","31","261","116","1","86","C0242387"
"6751","2","5","4","68","96","326","427","548","672","C0242387"
"9031","2","3","12","19","31","1","426","55","78","C0242387"
"7353","2","3","12","41","219","339","156","568","605","C0242488"
"2099","2","3","12","19","151","276","91","433","118","C0242488"
"6833","2","5","8","45","36","166","240","415","666","C0242488"
"23592","2","3","12","26","105","342","259","423","389","C0242488"
"51371","2","3","12","41","116","268","434","568","605","C0242488"
"1785","2","5","7","60","14","184","341","544","669","C0242488"
"54805","2","5","7","26","94","85","189","247","333","C0242488"
"55630","2","3","5","27","81","99","162","216","290","C0242488"
"1476","2","5","7","34","52","216","395","549","674","C0242488"
"7468","2","3","12","19","31","1","426","55","78","C0242488"
"538","2","3","8","63","45","23","103","464","187","C0242488"
"4286","2","3","12","19","31","261","116","1","664","C0242488"
"2055","2","3","2","27","36","150","402","223","628","C0242488"
"5917","2","3","2","110","85","237","433","547","154","C0242488"
"9568","2","5","4","68","96","326","427","548","672","C0242488"
"3730","2","5","7","53","14","20","25","40","186","C0242488"
"4921","2","5","7","53","14","20","25","573","186","C0242488"
"2771","2","5","4","68","96","326","427","548","672","C0242488"
"9927","2","3","12","19","31","118","155","287","116","C0242528"
"1272","2","5","7","53","51","335","444","236","373","C0242528"
"7994","2","3","12","19","31","1","426","55","78","C0242528"
"4000","2","3","12","26","105","178","226","297","156","C0242567"
"4036","2","5","7","60","14","184","341","544","669","C0242567"
"51259","2","3","2","76","153","40","38","54","75","C0242567"
"54345","2","5","3","19","221","321","428","541","667","C0242567"
"11005","2","1","6","11","142","225","142","220","298","C0242567"
"4148","2","5","7","53","51","342","454","573","492","C0242584"
"29078","2","3","2","48","170","50","119","444","556","C0242584"
"958","2","5","7","53","51","119","156","568","697","C0242584"
"4158","2","5","4","68","96","326","427","548","672","C0242584"
"1312","2","3","2","87","79","105","426","129","25","C0242584"
"9896","2","3","5","80","81","296","399","201","274","C0242584"
"6281","2","5","7","34","52","216","395","572","327","C0242584"
"185","2","5","4","68","96","326","427","548","672","C0242584"
"10558","2","3","2","50","47","39","100","321","209","C0242584"
"5111","2","3","12","19","31","261","116","1","86","C0242584"
"11005","2","1","6","11","142","225","142","220","298","C0242584"
"3763","2","5","8","63","36","166","106","110","158","C0242584"
"10312","2","3","7","34","52","216","395","549","674","C0242584"
"51360","2","3","3","26","35","276","91","433","203","C0242584"
"3239","2","3","3","19","221","321","428","541","667","C0242584"
"9401","2","3","12","76","31","261","116","1","86","C0242584"
"85480","2","3","12","53","14","20","25","40","186","C0242584"
"2178","2","3","12","19","31","261","116","1","86","C0242584"
"429","2","3","3","19","221","321","428","541","667","C0242584"
"4624","2","5","8","63","45","23","103","464","187","C0242584"
"23111","2","3","12","41","219","339","156","568","697","C0242584"
"5663","2","5","7","34","52","216","395","549","667","C0242584"
"8546","2","5","7","60","18","184","341","544","669","C0242596"
"8048","2","5","8","63","45","23","103","464","187","C0242596"
"1535","2","5","7","34","52","216","395","549","674","C0242647"
"1591","2","3","5","92","163","262","136","460","566","C0242647"
"1889","2","5","4","68","96","326","427","548","672","C0242647"
"84735","2","3","5","80","81","166","162","269","248","C0242647"
"4141","2","3","2","110","85","237","433","547","154","C0242666"
"6662","2","3","3","19","221","321","428","541","667","C0242666"
"1186","2","5","8","63","45","23","34","464","187","C0242698"
"4000","2","3","12","26","105","178","226","297","156","C0242698"
"5160","2","3","2","67","92","293","55","75","311","C0242698"
"5189","2","3","5","43","161","305","409","208","482","C0242698"
"2952","2","3","5","91","175","271","372","471","586","C0242698"
"1137","2","5","8","27","70","99","162","216","290","C0242698"
"5015","2","3","3","19","221","321","428","541","667","C0242698"
"4000","2","3","12","26","105","178","226","297","156","C0242698"
"2990","2","3","7","34","52","216","395","549","674","C0242698"
"4539","2","3","2","53","184","86","107","560","195","C0242698"
"701","2","3","12","76","153","40","38","54","75","C0242698"
"5476","2","3","7","34","52","216","395","152","310","C0242698"
"2563","2","5","8","27","70","99","162","216","290","C0242698"
"51816","2","5","7","34","52","216","395","549","674","C0242698"
"3679","2","5","7","53","51","342","454","573","492","C0242698"
"2243","2","5","7","53","51","342","454","573","492","C0242698"
"5592","2","5","4","53","14","20","34","540","68","C0242698"
"3553","2","5","7","53","51","119","25","489","416","C0242698"
"7879","2","5","7","34","54","24","30","46","72","C0242698"
"3549","2","5","3","53","51","197","259","560","422","C0242706"
"10484","2","3","7","60","153","40","38","54","203","C0242706"
"10111","2","3","12","19","31","261","116","1","86","C0242706"
"5728","2","3","5","80","81","339","156","568","605","C0242788"
"2937","2","3","2","83","171","97","381","478","597","C0242788"
"185","2","5","4","68","96","326","427","548","672","C0242788"
"26580","2","5","8","27","70","99","162","216","290","C0242788"
"54345","2","5","3","19","221","321","428","541","667","C0242852"
"11222","2","3","2","48","182","67","76","463","153","C0242852"
"2","2","5","7","53","51","342","454","573","72","C0242973"
"7249","2","3","7","60","57","110","141","359","462","C0242973"
"5961","2","5","7","27","51","326","126","414","702","C0242973"
"4615","2","3","12","41","219","339","156","568","697","C0242973"
"51086","2","3","2","68","45","232","321","406","520","C0242973"
"6886","2","3","12","19","31","1","426","55","78","C0242973"
"2304","2","3","12","19","221","321","428","541","667","C0242973"
"5624","2","5","7","53","51","342","454","573","492","C0242979"
"8195","2","3","12","76","153","76","38","54","75","C0242979"
"23129","2","5","7","53","51","342","79","560","373","C0242979"
"4893","2","5","7","34","52","24","30","46","72","C0242979"
"1828","2","5","7","34","52","216","142","220","298","C0243026"
"25914","2","3","12","41","116","339","409","359","187","C0243026"
"1436","2","5","7","53","14","20","25","40","186","C0243026"
"3039","2","3","5","35","41","118","155","287","116","C0243026"
"846","2","5","4","68","96","326","427","548","672","C0243026"
"8878","2","3","12","41","219","339","156","568","697","C0243026"
"8878","2","3","12","41","219","339","156","568","697","C0243026"
"1146","2","5","8","27","70","99","162","216","290","C0243026"
"2538","2","3","5","90","216","333","438","561","689","C0243026"
"3575","2","5","7","53","51","184","341","544","669","C0243026"
"551","2","5","4","68","96","326","427","548","672","C0243026"
"338","2","5","7","53","51","342","454","573","492","C0243026"
"1442","2","5","7","53","14","20","25","40","186","C0243026"
"477","2","3","8","63","45","23","103","464","187","C0243026"
"7157","2","3","12","19","31","261","402","489","551","C0243026"
"30813","2","3","3","19","221","321","428","541","667","C0243026"
"3418","2","3","2","67","151","276","33","48","155","C0243026"
"8481","2","3","12","76","153","40","38","54","75","C0243026"
"8772","2","3","12","41","219","339","156","568","697","C0243026"
"4750","2","5","12","76","14","20","34","540","68","C0243026"
"4524","2","3","2","15","166","104","369","117","583","C0243026"
"1376","2","3","2","19","151","276","91","433","118","C0243050"
"5034","2","5","7","53","51","342","454","573","492","C0243050"
"1584","2","3","5","79","159","256","276","353","456","C0243050"
"3553","2","5","7","53","51","119","25","489","416","C0243050"
"7173","2","3","5","36","48","89","110","400","400","C0243050"
"477","2","3","8","63","45","23","103","464","187","C0243050"
"5146","2","3","5","86","72","258","318","403","518","C0243050"
"5621","2","5","8","27","36","342","454","573","628","C0243050"
"6373","2","5","4","68","96","326","427","548","672","C0243050"
"421","2","5","7","42","51","335","444","560","373","C0243050"
"1019","2","3","12","19","31","1","116","1","86","C0243050"
"3643","2","5","7","53","14","20","25","40","186","C0243050"
"1717","2","3","2","19","151","276","48","69","204","C0243050"
"5272","2","5","7","68","51","342","454","573","492","C0243050"
"1643","2","3","12","41","116","268","434","468","213","C0243050"
"845","2","5","8","63","45","23","34","464","187","C0243050"
"142","2","3","12","19","31","261","116","1","86","C0243050"
"25782","2","5","7","60","54","24","30","46","72","C0243050"
"3339","2","5","7","53","51","342","454","573","492","C0243050"
"10847","2","3","12","19","31","1","426","55","78","C0243050"
"3949","2","5","7","60","14","184","341","544","669","C0243050"
"1290","2","5","7","53","51","342","454","573","492","C0243050"
"10232","2","5","7","53","51","342","454","573","492","C0243050"
"875","2","3","5","80","137","44","21","451","316","C0243050"
"2890","2","5","8","63","36","166","106","110","158","C0243050"
"2752","2","3","2","101","62","189","182","509","409","C0243050"
"7248","2","3","2","48","57","110","141","359","462","C0243050"
"4318","2","5","7","34","52","216","395","573","492","C0243050"
"2006","2","5","7","53","51","342","454","573","492","C0243050"
"1131","2","5","4","68","96","326","427","548","672","C0243050"
"6908","2","3","12","19","31","1","116","159","211","C0243050"
"5982","2","3","12","19","31","261","116","1","86","C0259771"
"5551","2","5","7","53","51","119","395","549","674","C0259771"
"2538","2","3","5","90","216","333","438","561","689","C0260662"
"6303","2","3","2","67","118","160","261","188","423","C0260662"
"2969","2","3","12","19","31","276","91","433","118","C0260662"
"1261","2","5","8","63","36","166","106","110","158","C0262374"
"23590","2","3","2","48","170","50","119","444","556","C0262374"
"3914","2","5","7","53","51","342","454","573","492","C0262374"
"1188","2","5","8","63","45","23","34","464","187","C0262374"
"3730","2","5","7","53","14","20","25","40","186","C0262374"
"2074","2","3","12","19","31","1","426","55","78","C0262374"
"2263","2","5","7","53","14","20","25","40","186","C0262374"
"1836","2","3","2","35","41","94","260","330","375","C0262374"
"7084","2","3","2","72","109","115","62","268","353","C0262374"
"3239","2","3","3","19","221","321","428","541","667","C0262374"
"2812","2","5","7","53","51","342","454","573","492","C0262374"
"4621","2","5","8","63","45","23","103","464","187","C0262374"
"51057","2","3","12","76","153","40","38","54","75","C0262374"
"5192","2","3","5","43","161","305","409","208","482","C0262431"
"1571","2","3","5","91","214","271","372","471","26","C0262431"
"2705","2","3","12","76","153","40","38","54","75","C0262431"
"54567","2","5","7","53","51","143","428","236","667","C0262431"
"9289","2","5","4","68","96","326","427","548","672","C0262431"
"3694","2","5","7","53","51","342","454","573","492","C0262431"
"6905","2","3","12","76","153","40","38","54","75","C0262431"
"4514","2","3","2","48","57","110","141","359","5","C0262431"
"1373","2","3","8","84","97","167","210","271","536","C0262431"
"3553","2","5","7","53","51","119","25","489","416","C0262431"
"84892","2","5","2","27","36","150","430","215","628","C0262431"
"3845","2","5","7","60","54","24","30","46","72","C0262431"
"2719","2","5","7","53","51","342","454","573","492","C0262431"
"25942","2","3","12","19","31","1","426","55","78","C0262431"
"478","2","3","8","63","45","23","366","464","187","C0262478"
"6567","2","5","8","35","41","77","40","57","80","C0262478"
"1609","2","3","2","63","30","193","306","390","158","C0262527"
"7136","2","5","8","63","45","23","103","464","187","C0262527"
"4322","2","5","7","53","51","342","454","573","492","C0262527"
"2908","2","3","12","19","151","276","91","433","118","C0262527"
"1543","2","3","5","91","151","276","91","433","118","C0262527"
"1280","2","5","7","53","51","342","454","573","492","C0262527"
"10049","2","3","12","22","219","339","347","271","356","C0262527"
"2261","2","5","7","53","14","20","25","40","186","C0262527"
"5076","2","3","3","19","221","321","428","541","667","C0262527"
"6338","2","5","8","63","45","23","34","464","187","C0262584"
"2260","2","5","7","53","14","20","25","40","186","C0262584"
"5447","2","3","5","91","214","271","372","471","586","C0262584"
"2643","2","3","5","87","91","75","204","267","352","C0262584"
"9775","2","3","2","22","33","323","66","101","136","C0262584"
"968","2","5","7","34","52","216","395","549","674","C0262584"
"26608","2","3","2","22","170","50","119","463","153","C0262584"
"8085","2","3","12","19","31","1","426","55","78","C0262584"
"207","2","3","7","53","14","20","34","489","416","C0262587"
"3796","2","3","12","76","153","40","38","54","75","C0262587"
"5732","2","5","4","68","96","326","427","548","672","C0262587"
"50640","2","3","5","116","183","295","398","243","327","C0262587"
"5429","2","3","12","19","31","261","116","1","86","C0262587"
"3949","2","5","7","60","14","184","341","544","669","C0262587"
"7428","2","3","12","41","116","268","434","468","213","C0262587"
"2706","2","3","12","76","153","40","38","54","75","C0262621"
"3835","2","3","12","76","153","40","38","54","75","C0262621"
"4882","2","3","4","68","96","326","427","548","672","C0262630"
"7040","2","5","7","53","51","342","454","573","492","C0262630"
"23111","2","3","12","41","219","339","156","568","697","C0262630"
"25861","2","5","7","42","36","71","177","223","219","C0262630"
"6916","2","3","5","91","175","119","167","224","301","C0262630"
"7415","2","3","7","34","52","216","395","536","445","C0262630"
"7476","2","5","3","68","221","197","259","560","422","C0262630"
"2260","2","5","7","53","14","20","25","40","186","C0262630"
"415","2","3","5","105","155","250","291","152","420","C0262630"
"8242","2","3","12","19","31","1","426","55","78","C0262650"
"55605","2","3","12","76","153","40","38","54","75","C0262650"
"6578","2","3","5","35","41","77","40","57","80","C0262650"
"4851","2","3","12","19","221","143","428","236","667","C0262655"
"55109","2","5","7","42","81","184","118","543","214","C0262655"
"9573","2","5","7","53","51","342","259","423","389","C0262655"
"6239","2","3","12","19","119","330","214","454","144","C0262655"
"3918","2","5","7","53","51","342","454","573","492","C0262655"
"5167","2","3","5","32","93","163","207","303","126","C0262655"
"1280","2","5","7","53","51","342","454","573","492","C0262655"
"6628","2","3","2","22","33","323","66","101","136","C0262655"
"54714","2","5","8","63","36","166","106","110","158","C0262655"
"55534","2","3","12","19","31","143","428","236","667","C0262655"
"1280","2","5","7","53","51","342","454","573","492","C0262655"
"7026","2","3","3","19","151","276","91","433","118","C0262655"
"8722","2","3","7","76","153","40","38","54","75","C0262655"
"54808","2","3","12","76","153","40","38","54","75","C0262655"
"2182","2","3","2","67","92","265","284","147","235","C0262655"
"3329","2","3","2","48","170","50","304","167","593","C0262655"
"2629","2","3","5","80","81","250","291","152","420","C0262655"
"2956","2","3","12","19","31","261","116","1","86","C0262655"
"5144","2","3","4","68","96","326","427","548","672","C0262655"
"2593","2","3","2","19","31","1","426","55","78","C0262655"
"29887","2","3","7","60","18","110","141","198","270","C0262655"
"4351","2","3","2","90","167","266","367","500","577","C0262655"
"2619","2","5","3","53","221","197","259","560","422","C0262655"
"85416","2","3","3","19","221","321","428","541","667","C0262655"
"51684","2","3","12","41","116","268","38","54","75","C0262988"
"1387","2","3","12","19","31","276","91","433","118","C0262988"
"5972","2","5","5","34","52","216","397","418","568","C0263401"
"51305","2","5","8","63","36","166","106","110","158","C0263401"
"1499","2","3","12","19","221","197","259","560","422","C0263401"
"5468","2","3","3","19","151","276","91","433","118","C0263401"
"341640","2","5","7","53","51","335","444","560","373","C0263401"
"5308","2","3","3","19","221","321","428","541","667","C0263401"
"3126","2","5","7","53","153","119","156","287","116","C0263401"
"10269","2","3","2","48","182","50","119","444","556","C0263401"
"1836","2","3","2","35","41","94","260","330","375","C0263401"
"2517","2","3","7","34","52","216","395","549","674","C0263401"
"1282","2","5","7","53","51","342","454","573","492","C0263401"
"846","2","5","4","68","96","326","427","548","672","C0263401"
"29954","2","5","2","27","206","324","430","215","290","C0263401"
"5265","2","5","7","34","52","216","395","573","702","C0263401"
"116","2","5","4","68","96","326","427","548","672","C0263401"
"5009","2","3","2","48","97","50","304","167","593","C0263401"
"5111","2","3","12","19","31","261","116","1","86","C0263401"
"3339","2","5","7","53","51","342","454","573","492","C0263401"
"3426","2","5","7","53","51","119","395","549","674","C0263401"
"1855","2","5","12","76","153","197","259","560","422","C0263401"
"10269","2","3","2","48","182","50","119","444","556","C0263401"
"3852","2","1","6","11","142","225","142","220","298","C0263401"
"5192","2","3","5","43","161","305","409","208","482","C0263401"
"203228","2","3","2","48","57","110","141","359","462","C0263401"
"4487","2","3","3","19","221","321","428","541","667","C0263401"
"29954","2","5","2","27","206","324","430","215","290","C0263401"
"4072","2","5","7","53","51","119","454","573","492","C0263401"
"5617","2","5","12","19","31","1","426","55","78","C0263401"
"672","2","3","12","19","31","261","116","1","86","C0263401"
"7416","2","3","2","48","170","339","304","167","593","C0263401"
"6103","2","3","12","76","153","40","38","54","75","C0263401"
"54487","2","3","2","22","33","323","66","101","136","C0263401"
"6647","2","3","2","95","2","342","378","173","702","C0263417"
"3655","2","5","7","53","51","342","454","573","492","C0263417"
"4626","2","5","8","63","45","23","103","464","187","C0263454"
"9791","2","3","8","45","94","199","240","415","666","C0263454"
"22926","2","3","12","19","31","276","91","433","118","C0263454"
"11155","2","5","7","63","45","23","103","464","187","C0263454"
"27019","2","3","12","76","153","40","38","54","75","C0263454"
"7846","2","3","12","76","153","40","38","54","75","C0263454"
"9368","2","5","7","42","36","71","177","223","219","C0263454"
"7461","2","3","7","60","153","40","38","93","75","C0263454"
"7037","2","5","7","60","14","184","341","544","669","C0263454"
"9742","2","3","12","76","153","40","38","54","75","C0263454"
"53834","2","5","7","53","51","342","454","573","492","C0263454"
"1536","2","5","7","34","52","216","395","549","674","C0263454"
"4057","2","5","7","34","52","216","395","549","674","C0263454"
"3543","2","5","7","53","51","119","395","549","674","C0263454"
"4351","2","3","2","90","167","266","367","500","577","C0263454"
"5727","2","3","12","68","221","197","259","560","422","C0263454"
"5961","2","5","7","27","51","326","126","414","702","C0263454"
"4256","2","5","7","53","51","342","454","573","492","C0263454"
"2239","2","3","2","74","51","342","454","573","492","C0263454"
"286","2","5","7","60","153","40","38","54","203","C0263454"
"8675","2","5","7","60","54","24","98","66","203","C0263454"
"8289","2","3","12","19","31","1","426","55","78","C0263454"
"6611","2","3","2","58","55","25","46","329","198","C0263454"
"9791","2","3","8","45","94","199","240","415","666","C0263454"
"5592","2","5","4","53","14","20","34","540","68","C0263454"
"5771","2","5","7","53","14","296","25","40","186","C0263454"
"4286","2","3","12","19","31","261","116","1","664","C0263454"
"5644","2","5","7","68","51","119","395","549","674","C0263454"
"26053","2","3","12","19","31","1","426","55","78","C0263454"
"8891","2","3","2","110","85","237","433","547","671","C0263454"
"11107","2","3","12","19","31","1","426","55","78","C0263454"
"55102","2","3","12","76","153","266","367","500","462","C0263454"
"8878","2","3","12","41","219","339","156","568","697","C0263485"
"5015","2","3","3","19","221","321","428","541","667","C0263485"
"2239","2","3","2","74","51","342","454","573","492","C0263485"
"1581","2","3","5","19","151","276","91","433","118","C0263485"
"460","2","5","7","27","36","150","341","223","628","C0263490"
"4719","2","3","2","48","170","50","119","444","556","C0263490"
"5309","2","3","3","19","221","321","428","541","667","C0263490"
"2521","2","3","2","22","33","323","66","101","136","C0263490"
"71","2","5","7","60","14","184","103","544","669","C0263490"
"1282","2","5","7","53","51","342","454","573","492","C0263490"
"9516","2","3","2","48","116","110","141","152","462","C0263490"
"1301","2","5","7","53","51","342","454","573","492","C0263490"
"4692","2","5","7","53","51","119","402","489","416","C0263490"
"1723","2","3","2","48","170","50","119","444","556","C0263490"
"25939","2","3","12","53","184","119","156","287","116","C0263490"
"6899","2","5","7","53","184","335","259","560","373","C0263490"
"3248","2","3","2","69","83","133","167","224","301","C0263490"
"2176","2","3","12","19","31","261","116","1","86","C0263490"
"3930","2","3","2","22","33","323","66","3","464","C0263490"
"100507436","2","5","7","53","51","119","395","549","674","C0263490"
"4591","2","3","12","41","116","268","434","468","213","C0263490"
"4000","2","3","12","26","105","178","226","297","156","C0263490"
"5130","2","3","2","85","143","286","51","488","102","C0263490"
"367","2","3","12","19","31","276","91","433","118","C0263490"
"10269","2","3","2","48","182","50","119","444","556","C0263490"
"54938","2","3","2","110","85","67","76","252","154","C0263490"
"28952","2","3","12","41","116","268","434","468","213","C0263490"
"5660","2","5","7","34","52","326","427","548","702","C0263490"
"51114","2","5","5","68","96","326","162","216","290","C0263490"
"23209","2","5","8","63","45","23","103","464","187","C0263491"
"3889","2","1","6","11","142","225","142","220","298","C0263491"
"4089","2","3","12","19","219","339","259","423","605","C0263491"
"1528","2","3","5","91","214","271","372","471","586","C0263491"
"3075","2","5","7","53","51","119","395","549","674","C0263491"
"8643","2","5","3","68","221","197","259","560","422","C0263491"
"4094","2","3","12","19","31","276","91","433","118","C0263498"
"6708","2","5","7","60","14","20","25","40","186","C0263498"
"54386","2","3","12","19","31","261","116","1","78","C0263498"
"55670","2","3","5","43","161","305","409","208","482","C0263498"
"51715","2","5","7","60","54","24","30","46","72","C0263498"
"26012","2","3","12","19","31","261","116","159","211","C0263498"
"5373","2","3","2","90","167","123","158","207","278","C0263498"
"9321","2","3","12","76","153","40","38","54","203","C0263498"
"4843","2","3","5","43","161","305","409","489","416","C0263498"
"1363","2","5","7","27","36","184","141","359","411","C0263498"
"3849","2","1","6","11","142","225","142","220","298","C0263498"
"641","2","3","12","19","31","261","116","1","86","C0263498"
"7046","2","3","12","41","219","339","259","423","605","C0263498"
"55624","2","3","2","78","123","194","255","215","412","C0263498"
"3553","2","5","7","53","51","119","25","489","416","C0263498"
"538","2","3","8","63","45","23","103","464","187","C0263498"
"30008","2","5","7","53","51","342","454","573","492","C0263498"
"5213","2","3","2","90","167","266","367","500","577","C0263498"
"6584","2","3","8","45","94","199","240","415","666","C0263498"
"6638","2","3","2","22","33","323","66","101","136","C0263498"
"526","2","3","5","29","88","132","172","199","308","C0263498"
"5994","2","3","12","19","31","276","91","491","118","C0263498"
"2629","2","3","5","80","81","250","291","152","420","C0263498"
"8504","2","3","5","47","144","185","238","310","392","C0263498"
"3952","2","5","3","53","151","276","91","433","118","C0263504"
"1462","2","5","7","53","51","342","454","573","492","C0263504"
"2316","2","5","7","53","51","342","454","573","702","C0263504"
"51371","2","3","12","41","116","268","434","568","605","C0263505"
"30061","2","3","5","25","44","165","101","274","358","C0263505"
"4535","2","3","2","48","170","50","119","444","556","C0263505"
"9241","2","5","7","53","51","342","259","423","389","C0263505"
"6578","2","3","5","35","41","77","40","57","80","C0263523"
"8086","2","3","12","22","33","323","66","101","664","C0263523"
"2260","2","5","7","53","14","20","25","40","186","C0263523"
"6469","2","5","3","53","221","197","259","560","422","C0263523"
"57697","2","3","12","19","31","261","116","1","86","C0263523"
"4004","2","3","12","19","31","1","426","55","78","C0263523"
"2775","2","5","4","68","36","150","341","223","628","C0263523"
"3575","2","5","7","53","51","184","341","544","669","C0263523"
"773","2","5","8","27","36","166","341","223","628","C0263523"
"355","2","3","7","41","219","339","156","568","697","C0263523"
"3953","2","5","7","53","14","20","25","40","186","C0263523"
"6683","2","3","12","76","153","40","38","54","75","C0263523"
"25793","2","3","12","41","116","268","434","468","213","C0263523"
"2261","2","5","7","53","14","20","25","40","186","C0263523"
"9968","2","4","3","24","119","330","214","454","144","C0263523"
"715","2","5","7","53","51","119","395","549","674","C0263523"
"7066","2","5","7","53","51","119","25","573","416","C0263523"
"1280","2","5","7","53","51","342","454","573","492","C0263523"
"1760","2","5","8","63","14","20","34","540","68","C0263523"
"55172","2","5","7","27","36","150","341","223","628","C0263523"
"1639","2","3","12","76","153","40","38","54","75","C0263523"
"29851","2","5","7","53","14","20","25","40","186","C0263523"
"8540","2","3","5","43","161","305","409","208","482","C0263523"
"8289","2","3","12","19","31","1","426","55","78","C0263523"
"84667","2","3","12","19","31","1","426","55","78","C0263530"
"10312","2","3","7","34","52","216","395","549","674","C0263530"
"8626","2","3","3","19","221","321","428","541","667","C0263536"
"29887","2","3","7","60","18","110","141","198","270","C0263536"
"7428","2","3","12","41","116","268","434","468","213","C0263537"
"415","2","3","5","105","155","250","291","152","420","C0263537"
"2263","2","5","7","53","14","20","25","40","186","C0263537"
"54821","2","3","12","76","153","40","38","54","75","C0263537"
"4625","2","3","8","63","45","23","103","464","187","C0263537"
"5581","2","5","7","53","14","20","34","540","68","C0263537"
"3589","2","5","7","53","51","119","25","40","416","C0263537"
"1513","2","5","7","53","51","342","454","573","492","C0263537"
"8517","2","3","12","41","219","339","156","568","697","C0263537"
"950","2","5","7","60","14","184","341","544","669","C0263537"
"8799","2","3","5","43","161","305","409","208","482","C0263537"
"5063","2","5","7","53","14","20","34","540","68","C0263537"
"29078","2","3","2","48","170","50","119","444","556","C0263537"
"1293","2","5","7","53","51","342","454","573","492","C0263625"
"1272","2","5","7","53","51","335","444","236","373","C0263625"
"1134","2","5","8","27","70","99","162","216","290","C0263870"
"3053","2","5","7","53","51","342","454","573","492","C0263870"
"54101","2","3","2","48","170","50","347","167","593","C0263870"
"9939","2","3","2","22","33","323","66","101","136","C0264080"
"958","2","5","7","53","51","119","156","568","697","C0264080"
"8838","2","5","7","53","51","342","259","423","389","C0264080"
"4361","2","3","12","19","31","261","116","1","86","C0264080"
"6329","2","5","8","63","36","166","341","390","158","C0264112"
"8438","2","3","12","76","153","261","116","1","86","C0264112"
"182","2","5","7","53","51","143","428","236","667","C0264112"
"5745","2","5","4","68","96","326","427","548","672","C0264112"
"8842","2","5","5","53","82","147","184","179","328","C0264112"
"3383","2","5","7","53","51","119","454","287","116","C0264112"
"6016","2","5","7","60","54","24","30","46","72","C0264112"
"8988","2","3","8","63","45","160","103","464","187","C0264112"
"1131","2","5","4","68","96","326","427","548","672","C0264112"
"4247","2","3","2","68","67","320","98","180","279","C0264142"
"4137","2","3","7","27","36","150","341","223","628","C0264142"
"2629","2","3","5","80","81","250","291","152","420","C0264142"
"10105","2","3","2","48","170","50","304","167","593","C0264142"
"25886","2","3","12","76","153","76","136","472","435","C0264142"
"54187","2","3","5","80","81","296","272","452","148","C0264142"
"50506","2","3","2","36","48","89","110","400","341","C0264142"
"673","2","5","7","53","14","20","34","540","68","C0264142"
"1432","2","3","7","34","52","216","34","540","68","C0264142"
"2074","2","3","12","19","31","1","426","55","78","C0264142"
"27086","2","3","12","19","221","321","428","541","667","C0264142"
"5727","2","3","12","68","221","197","259","560","422","C0264142"
"729262","2","3","12","22","142","225","366","362","468","C0264142"
"2516","2","3","3","19","151","276","91","433","118","C0264142"
"4054","2","5","7","53","51","342","454","573","492","C0264142"
"2153","2","5","7","53","51","342","454","573","492","C0264142"
"701","2","3","12","76","153","40","38","54","75","C0264169"
"977","2","5","7","53","51","342","454","573","492","C0264169"
"5734","2","5","4","68","96","326","427","548","672","C0264169"
"55159","2","3","12","41","116","268","434","468","213","C0264169"
"5110","2","3","2","41","75","139","175","111","312","C0264169"
"5995","2","5","4","68","96","326","427","548","672","C0264169"
"6331","2","5","8","63","36","166","341","223","158","C0264172"
"10484","2","3","7","60","153","40","38","54","203","C0264172"
"6229","2","3","2","110","85","237","433","547","671","C0264172"
"221037","2","3","12","19","31","118","155","287","116","C0264172"
"4952","2","3","5","60","54","184","30","544","669","C0264172"
"10752","2","5","7","53","51","335","444","560","373","C0264172"
"4540","2","3","2","48","170","50","119","444","556","C0264172"
"4255","2","3","12","19","31","261","116","1","86","C0264172"
"5621","2","5","8","27","36","342","454","573","628","C0264172"
"3073","2","3","5","105","155","250","291","152","420","C0264172"
"1896","2","5","12","41","219","339","156","568","697","C0264172"
"8573","2","5","7","53","36","71","341","223","219","C0264172"
"2175","2","3","12","19","31","261","116","1","86","C0264303"
"80169","2","3","12","19","31","261","116","1","86","C0264303"
"3043","2","5","7","34","52","216","395","549","116","C0264303"
"8292","2","5","5","27","51","342","454","573","492","C0264303"
"10195","2","3","2","48","69","99","162","216","290","C0264303"
"7136","2","5","8","63","45","23","103","464","187","C0264303"
"2077","2","3","12","76","153","40","38","54","75","C0264303"
"4784","2","3","2","22","33","261","116","159","211","C0264303"
"6948","2","5","7","48","51","105","139","186","245","C0264303"
"2261","2","5","7","53","14","20","25","40","186","C0264303"
"1437","2","5","7","53","14","20","25","40","186","C0264303"
"7138","2","5","8","63","45","23","103","464","187","C0264303"
"9569","2","3","12","19","31","276","91","433","118","C0264303"
"5925","2","3","12","19","31","1","426","55","78","C0264303"
"4541","2","3","2","48","170","50","119","444","24","C0264324"
"5824","2","3","5","47","144","185","238","310","392","C0264324"
"54453","2","5","7","60","54","24","30","46","72","C0264324"
"857","2","5","7","53","45","23","57","83","422","C0264353"
"6473","2","3","3","19","221","321","428","541","667","C0264353"
"3594","2","5","7","53","51","119","25","560","373","C0264353"
"4000","2","3","12","26","105","178","226","297","156","C0264353"
"23533","2","3","2","53","14","20","25","362","468","C0264353"
"429","2","3","3","19","221","321","428","541","667","C0264353"
"5191","2","3","5","43","161","305","409","208","482","C0264353"
"7099","2","5","7","41","219","339","156","568","697","C0264423"
"23098","2","3","12","41","219","339","156","568","697","C0264423"
"10370","2","3","12","19","31","276","91","433","118","C0264423"
"3549","2","5","3","53","51","197","259","560","422","C0264423"
"28952","2","3","12","41","116","268","434","468","213","C0264423"
"1301","2","5","7","53","51","342","454","573","492","C0264423"
"1610","2","3","5","80","81","305","409","208","482","C0264423"
"9871","2","3","7","60","153","40","38","54","203","C0264611"
"51085","2","3","2","48","57","110","141","359","462","C0264611"
"4214","2","3","12","41","219","339","34","540","117","C0264611"
"2253","2","5","7","53","14","20","25","40","186","C0264611"
"6334","2","5","8","63","36","166","341","223","158","C0264611"
"2218","2","5","2","53","123","194","255","560","373","C0264912"
"1289","2","5","7","53","51","342","454","573","492","C0264912"
"4513","2","3","2","48","170","110","141","359","532","C0264912"
"1756","2","5","8","63","45","23","103","464","187","C0264955"
"594","2","3","2","67","92","293","55","75","311","C0264955"
"2657","2","5","7","53","51","342","259","423","389","C0265004"
"1639","2","3","12","76","153","40","38","54","75","C0265004"
"175","2","3","7","34","52","216","395","549","674","C0265004"
"5727","2","3","12","68","221","197","259","560","422","C0265004"
"1186","2","5","8","63","45","23","34","464","187","C0265004"
"100","2","3","5","33","21","47","56","80","199","C0265004"
"54808","2","3","12","76","153","40","38","54","75","C0265004"
"7468","2","3","12","19","31","1","426","55","78","C0265004"
"8200","2","5","7","53","51","342","259","423","389","C0265004"
"3052","2","3","2","48","170","50","119","444","556","C0265202"
"2077","2","3","12","76","153","40","38","54","75","C0265202"
"4221","2","3","12","19","31","342","454","573","492","C0265202"
"5373","2","3","2","90","167","123","158","207","278","C0265202"
"23545","2","3","5","29","88","132","85","222","346","C0265202"
"50940","2","3","4","68","96","326","427","548","672","C0265202"
"3930","2","3","2","22","33","323","66","3","464","C0265202"
"4986","2","5","4","68","96","326","427","548","672","C0265202"
"6532","2","5","8","45","94","199","240","415","666","C0265202"
"3643","2","5","7","53","14","20","25","40","186","C0265205"
"5889","2","3","12","19","31","261","116","1","86","C0265205"
"1290","2","5","7","53","51","342","454","573","492","C0265205"
"3145","2","3","5","80","81","166","132","175","473","C0265210"
"847","2","3","7","34","52","216","395","549","674","C0265210"
"410","2","3","7","34","52","216","395","549","674","C0265213"
"59344","2","5","5","68","184","223","155","447","586","C0265213"
"1545","2","3","5","91","175","271","372","443","558","C0265213"
"3832","2","3","12","76","153","40","38","54","75","C0265213"
"221037","2","3","12","19","31","118","155","287","116","C0265213"
"6261","2","5","8","63","45","23","34","464","187","C0265213"
"190","2","3","3","19","151","276","91","433","118","C0265213"
"1145","2","5","8","27","70","99","162","216","290","C0265213"
"356","2","5","7","53","219","339","25","489","697","C0265215"
"2260","2","5","7","53","14","20","25","40","186","C0265215"
"2263","2","5","7","53","14","20","25","40","186","C0265215"
"3458","2","5","7","53","184","119","156","287","116","C0265215"
"4668","2","3","5","21","111","188","242","313","396","C0265215"
"5566","2","3","12","76","14","20","34","540","75","C0265215"
"5290","2","3","7","53","14","20","25","40","186","C0265215"
"8626","2","3","3","19","221","321","428","541","667","C0265215"
"444","2","5","8","63","45","23","34","464","187","C0265215"
"1495","2","5","7","53","51","335","444","560","373","C0265215"
"6392","2","3","2","48","170","50","119","444","556","C0265215"
"4843","2","3","5","43","161","305","409","489","416","C0265215"
"429","2","3","3","19","221","321","428","541","667","C0265215"
"4843","2","3","5","43","161","305","409","489","416","C0265218"
"7737","2","3","12","22","33","268","434","468","213","C0265218"
"6261","2","5","8","63","45","23","34","464","187","C0265219"
"4256","2","5","7","53","51","342","454","573","492","C0265219"
"23435","2","3","2","22","33","323","66","101","136","C0265219"
"3861","2","1","6","11","142","225","142","220","298","C0265220"
"2263","2","5","7","53","14","20","25","40","186","C0265220"
"915","2","5","7","53","51","119","341","544","669","C0265221"
"25886","2","3","12","76","153","76","136","472","435","C0265221"
"7421","2","3","3","19","151","276","91","433","118","C0265221"
"2892","2","5","8","63","36","166","106","110","158","C0265221"
"567","2","5","7","34","52","119","395","549","674","C0265221"
"5828","2","3","5","43","161","305","409","208","482","C0265221"
"5551","2","5","7","53","51","119","395","549","674","C0265221"
"50937","2","5","7","53","51","335","444","560","373","C0265221"
"7504","2","5","4","68","96","326","427","548","672","C0265221"
"3636","2","3","5","80","14","20","25","40","186","C0265221"
"596","2","3","12","19","219","339","402","489","416","C0265221"
"4327","2","5","7","53","51","342","454","573","492","C0265221"
"54903","2","3","12","76","153","40","38","54","75","C0265221"
"4204","2","3","12","19","31","1","426","55","78","C0265221"
"6935","2","3","3","19","221","321","428","541","667","C0265224"
"5781","2","5","7","53","14","20","25","40","186","C0265224"
"2670","2","5","7","27","36","150","341","223","628","C0265233"
"4017","2","3","2","53","51","342","454","573","492","C0265233"
"6499","2","3","2","110","85","237","433","547","671","C0265233"
"4724","2","3","2","48","170","50","119","444","556","C0265234"
"4247","2","3","2","68","67","320","98","180","279","C0265234"
"83481","2","3","2","41","219","339","304","167","593","C0265234"
"55651","2","3","2","110","85","237","433","547","671","C0265234"
"627","2","5","7","53","51","335","444","423","373","C0265241"
"6303","2","3","2","67","118","160","261","188","423","C0265241"
"1593","2","3","5","79","152","273","157","333","277","C0265241"
"538","2","3","8","63","45","23","103","464","187","C0265251"
"10019","2","5","7","53","14","20","25","40","116","C0265251"
"9968","2","4","3","24","119","330","214","454","144","C0265260"
"6608","2","3","3","68","221","321","428","560","667","C0265260"
"5506","2","3","12","76","137","76","136","82","658","C0265268"
"1482","2","3","3","19","221","321","428","541","667","C0265268"
"4214","2","3","12","41","219","339","34","540","117","C0265268"
"1816","2","5","4","68","96","326","427","548","672","C0265268"
"715","2","5","7","53","51","119","395","549","674","C0265268"
"4638","2","5","7","53","45","23","103","464","187","C0265268"
"5339","2","5","7","53","51","342","454","573","492","C0265269"
"11284","2","3","12","19","31","261","116","1","86","C0265269"
"1028","2","3","12","19","31","1","116","1","86","C0265269"
"7403","2","3","12","19","31","1","426","55","78","C0265275"
"6938","2","3","12","19","31","1","426","55","78","C0265275"
"7020","2","3","12","19","31","276","91","433","664","C0265275"
"9742","2","3","12","76","153","40","38","54","75","C0265275"
"790","2","3","12","41","219","339","347","206","627","C0265275"
"2562","2","5","8","27","70","99","162","216","290","C0265275"
"2697","2","3","7","76","153","40","38","54","75","C0265275"
"1387","2","3","12","19","31","276","91","433","118","C0265275"
"9487","2","3","5","80","81","142","176","235","317","C0265275"
"2260","2","5","7","53","14","20","25","40","186","C0265275"
"3691","2","5","7","53","51","342","454","573","492","C0265280"
"5447","2","3","5","91","214","271","372","471","586","C0265280"
"2317","2","5","7","63","45","23","103","287","664","C0265282"
"2263","2","5","7","53","14","20","25","40","186","C0265282"
"1387","2","3","12","19","31","276","91","433","118","C0265287"
"3930","2","3","2","22","33","323","66","3","464","C0265287"
"8504","2","3","5","47","144","185","238","310","392","C0265287"
"2006","2","5","7","53","51","342","454","573","492","C0265287"
"7169","2","5","8","63","45","23","103","464","187","C0265287"
"4166","2","3","2","89","60","99","7","211","217","C0265290"
"2067","2","3","12","19","31","261","116","1","86","C0265290"
"2720","2","3","7","34","52","216","395","21","599","C0265290"
"54714","2","5","8","63","36","166","106","110","158","C0265290"
"27077","2","3","12","76","153","40","38","54","75","C0265290"
"6899","2","5","7","53","184","335","259","560","373","C0265290"
"4803","2","5","7","60","54","24","30","46","72","C0265290"
"1813","2","5","4","68","96","326","427","548","672","C0265291"
"5728","2","3","5","80","81","339","156","568","605","C0265291"
"6532","2","5","8","45","94","199","240","415","666","C0265292"
"2920","2","5","4","68","96","326","427","548","672","C0265292"
"6598","2","3","12","19","31","1","426","55","78","C0265293"
"7439","2","5","8","63","45","23","34","464","187","C0265293"
"3664","2","5","7","53","184","119","156","287","116","C0265294"
"94","2","5","7","53","51","342","259","423","389","C0265294"
"26277","2","3","12","19","31","1","426","1","78","C0265294"
"5979","2","5","7","53","14","20","25","40","186","C0265294"
"3516","2","3","12","19","31","143","428","236","667","C0265294"
"846","2","5","4","68","96","326","427","548","672","C0265294"
"29926","2","3","2","68","66","123","158","207","278","C0265294"
"7369","2","5","7","53","51","119","395","549","674","C0265294"
"3208","2","5","7","27","36","150","341","223","628","C0265301"
"3425","2","3","5","80","81","166","454","573","492","C0265301"
"50485","2","3","12","19","31","261","116","1","86","C0265312"
"5621","2","5","8","27","36","342","454","573","628","C0265312"
"2006","2","5","7","53","51","342","454","573","492","C0265313"
"29929","2","3","2","48","69","99","162","216","290","C0265313"
"51715","2","5","7","60","54","24","30","46","72","C0265313"
"7389","2","3","2","17","24","51","132","210","123","C0265319"
"7504","2","5","4","68","96","326","427","548","672","C0265319"
"773","2","5","8","27","36","166","341","223","628","C0265319"
"6870","2","5","4","68","96","326","427","548","672","C0265319"
"1584","2","3","5","79","159","256","276","353","456","C0265319"
"5521","2","3","12","76","137","76","136","472","435","C0265319"
"55120","2","3","12","19","31","261","116","1","86","C0265319"
"5395","2","3","12","19","31","261","116","1","86","C0265319"
"6663","2","3","3","19","221","321","428","541","667","C0265319"
"7314","2","3","12","41","219","261","409","208","482","C0265319"
"594","2","3","2","67","92","293","55","75","311","C0265319"
"324","2","3","12","41","219","197","70","255","422","C0265319"
"2263","2","5","7","53","14","20","25","40","186","C0265319"
"4893","2","5","7","34","52","24","30","46","72","C0265319"
"9895","2","3","2","48","57","110","141","359","462","C0265319"
"6335","2","5","8","63","36","166","341","390","158","C0265319"
"285489","2","5","7","60","36","71","341","223","219","C0265319"
"4792","2","3","12","41","219","339","156","568","605","C0265319"
"2245","2","5","7","60","54","24","30","46","72","C0265325"
"710","2","5","7","53","51","342","454","573","702","C0265325"
"2998","2","3","2","28","22","48","232","82","114","C0265325"
"1544","2","3","5","91","214","271","372","471","586","C0265325"
"2218","2","5","2","53","123","194","255","560","373","C0265325"
"4359","2","5","7","53","51","342","454","573","492","C0265331"
"54903","2","3","12","76","153","40","38","54","75","C0265331"
"7473","2","5","3","68","221","197","259","560","422","C0265331"
"6531","2","5","8","45","94","199","240","415","666","C0265334"
"5157","2","5","7","80","81","342","367","500","577","C0265334"
"5961","2","5","7","27","51","326","126","414","702","C0265334"
"5244","2","3","3","41","151","276","91","433","118","C0265334"
"6311","2","3","2","22","33","323","66","362","468","C0265336"
"1056","2","3","5","98","194","309","415","524","645","C0265336"
"2317","2","5","7","63","45","23","103","287","664","C0265338"
"4843","2","3","5","43","161","305","409","489","416","C0265338"
"6775","2","5","7","53","14","119","25","40","186","C0265338"
"26128","2","3","12","76","153","40","38","54","154","C0265338"
"4000","2","3","12","26","105","178","226","297","156","C0265338"
"462","2","5","7","53","51","342","454","573","492","C0265338"
"51057","2","3","12","76","153","40","38","54","75","C0265338"
"2516","2","3","3","19","151","276","91","433","118","C0265341"
"54551","2","3","12","41","219","197","156","568","422","C0265341"
"6905","2","3","12","76","153","40","38","54","75","C0265341"
"27245","2","3","6","22","142","225","366","362","468","C0265341"
"3481","2","5","7","53","51","342","454","573","492","C0265341"
"8942","2","3","5","52","212","183","307","391","507","C0265341"
"54101","2","3","2","48","170","50","347","167","593","C0265341"
"2705","2","3","12","76","153","40","38","54","75","C0265341"
"10908","2","3","2","97","173","275","377","473","592","C0265343"
"5156","2","5","7","53","14","20","25","40","186","C0265343"
"55636","2","3","3","19","221","321","428","423","389","C0265343"
"6299","2","3","12","19","221","321","428","541","667","C0265343"
"27032","2","5","8","63","45","23","103","464","187","C0265343"
"2304","2","3","12","19","221","321","428","541","667","C0265354"
"2629","2","3","5","80","81","250","291","152","420","C0265354"
"7415","2","3","7","34","52","216","395","536","445","C0265529"
"8431","2","3","3","19","151","276","91","433","118","C0265529"
"7474","2","5","3","68","221","184","259","544","669","C0265529"
"1301","2","5","7","53","51","342","454","573","492","C0265529"
"10683","2","5","7","53","51","143","428","560","667","C0265529"
"4851","2","3","12","19","221","143","428","236","667","C0265529"
"10262","2","3","2","22","33","323","66","101","136","C0265529"
"50846","2","3","3","68","221","197","259","560","422","C0265529"
"2798","2","5","4","68","96","326","427","548","672","C0265529"
"1387","2","3","12","19","31","276","91","433","118","C0265529"
"2736","2","3","12","41","116","321","428","54","667","C0265529"
"1032","2","3","12","19","31","1","426","55","78","C0265529"
"6135","2","3","2","110","85","237","433","547","671","C0265529"
"2623","2","3","12","19","31","1","155","287","116","C0265529"
"4763","2","5","7","60","54","24","30","46","214","C0265529"
"1462","2","5","7","53","51","342","454","573","492","C0265529"
"6497","2","5","3","19","221","342","259","423","389","C0265529"
"190","2","3","3","19","151","276","91","433","118","C0265529"
"10060","2","3","8","41","45","23","423","464","445","C0265529"
"2218","2","5","2","53","123","194","255","560","373","C0265529"
"4860","2","3","7","34","52","216","395","549","150","C0265535"
"5972","2","5","5","34","52","216","397","418","568","C0265535"
"2052","2","3","5","91","130","114","290","367","475","C0265535"
"2203","2","3","5","80","81","266","367","500","577","C0265535"
"5818","2","5","7","53","51","335","444","560","373","C0265535"
"8517","2","3","12","41","219","339","156","568","697","C0265535"
"5075","2","3","3","19","221","321","428","541","667","C0265535"
"3383","2","5","7","53","51","119","454","287","116","C0265535"
"9570","2","3","7","60","153","40","38","66","203","C0265535"
"1187","2","5","8","63","45","23","34","464","187","C0265535"
"8831","2","5","7","60","54","24","30","46","72","C0265552"
"3107","2","5","7","34","52","119","395","549","674","C0265552"
"11081","2","3","2","89","60","342","430","429","544","C0265552"
"5604","2","5","7","53","14","20","34","540","68","C0265552"
"26580","2","5","8","27","70","99","162","216","290","C0265554"
"10939","2","3","2","48","170","50","119","444","593","C0265554"
"4000","2","3","12","26","105","178","226","297","156","C0265554"
"3383","2","5","7","53","51","119","454","287","116","C0265554"
"26040","2","3","12","19","31","1","116","297","78","C0265554"
"81839","2","3","2","41","36","71","259","64","422","C0265554"
"2239","2","3","2","74","51","342","454","573","492","C0265554"
"26580","2","5","8","27","70","99","162","216","290","C0265563"
"5994","2","3","12","19","31","276","91","491","118","C0265563"
"1106","2","3","12","19","31","1","426","55","78","C0265563"
"4089","2","3","12","19","219","339","259","423","605","C0265563"
"10262","2","3","2","22","33","323","66","101","136","C0265563"
"7422","2","5","7","53","51","342","454","573","702","C0265563"
"940","2","5","7","53","14","20","25","40","186","C0265563"
"23545","2","3","5","29","88","132","85","222","346","C0265563"
"55624","2","3","2","78","123","194","255","215","412","C0265563"
"1785","2","5","7","60","14","184","341","544","669","C0265563"
"6495","2","3","3","19","221","321","428","541","667","C0265563"
"10654","2","3","3","72","151","276","91","433","118","C0265563"
"9244","2","5","7","53","51","119","25","40","416","C0265563"
"3691","2","5","7","53","51","342","454","573","492","C0265563"
"6495","2","3","3","19","221","321","428","541","667","C0265594"
"3827","2","5","4","68","96","326","427","548","672","C0265594"
"55315","2","3","5","80","81","296","62","94","150","C0265594"
"6716","2","3","2","69","98","169","299","50","494","C0265609"
"3423","2","3","5","74","3","342","374","294","590","C0265609"
"4292","2","3","12","19","31","261","116","1","86","C0265642"
"1145","2","5","8","27","70","99","162","216","290","C0265642"
"6772","2","3","12","53","184","119","156","287","116","C0265642"
"4137","2","3","7","27","36","150","341","223","628","C0265642"
"3098","2","3","2","90","167","266","367","500","577","C0265646"
"7051","2","1","6","11","142","225","142","220","298","C0265646"
"3630","2","5","7","53","14","20","25","40","186","C0265654"
"2314","2","3","12","63","45","184","103","572","658","C0265654"
"6094","2","3","2","27","83","326","126","414","702","C0265654"
"207","2","3","7","53","14","20","34","489","416","C0265654"
"8000","2","5","8","53","51","342","259","423","389","C0265654"
"1639","2","3","12","76","153","40","38","54","75","C0265654"
"54902","2","3","2","48","182","50","119","444","556","C0265654"
"860","2","3","12","19","31","276","91","433","118","C0265654"
"140691","2","3","12","41","116","268","434","468","213","C0265654"
"2006","2","5","7","53","51","342","454","573","492","C0265654"
"2261","2","5","7","53","14","20","25","40","186","C0265654"
"4524","2","3","2","15","166","104","369","117","583","C0265654"
"1184","2","5","8","63","45","23","34","464","187","C0265677"
"103","2","3","2","110","184","119","156","287","116","C0265677"
"5290","2","3","7","53","14","20","25","40","186","C0265677"
"8242","2","3","12","19","31","1","426","55","78","C0265677"
"54829","2","5","7","53","51","342","454","573","492","C0265677"
"595","2","3","12","19","31","1","426","489","416","C0265677"
"4508","2","3","2","48","170","50","119","444","556","C0265677"
"1152","2","3","2","72","115","66","72","507","152","C0265677"
"7174","2","3","12","41","116","268","434","468","213","C0265677"
"429","2","3","3","19","221","321","428","541","667","C0265677"
"547","2","3","7","76","153","40","38","54","75","C0265677"
"2033","2","3","12","19","31","1","91","433","118","C0265677"
"5159","2","5","7","53","14","20","25","40","186","C0265677"
"2263","2","5","7","53","14","20","25","40","186","C0265677"
"6927","2","3","3","19","221","321","428","541","667","C0265677"
"7157","2","3","12","19","31","261","402","489","551","C0265677"
"3549","2","5","3","53","51","197","259","560","422","C0265677"
"10585","2","5","2","27","206","324","430","215","290","C0265677"
"1621","2","3","5","53","51","239","333","422","537","C0265677"
"11160","2","3","12","41","116","268","423","536","445","C0265677"
"5340","2","5","7","53","51","342","454","573","492","C0265677"
"9742","2","3","12","76","153","40","38","54","75","C0265677"
"8289","2","3","12","19","31","1","426","55","78","C0265677"
"200728","2","5","7","45","94","199","240","415","666","C0265677"
"2697","2","3","7","76","153","40","38","54","75","C0265677"
"974","2","5","7","53","51","119","395","549","674","C0265681"
"2006","2","5","7","53","51","342","454","573","492","C0265681"
"1548","2","3","5","91","214","226","326","447","586","C0265695"
"55624","2","3","2","78","123","194","255","215","412","C0265695"
"4627","2","5","7","63","45","184","103","572","658","C0265695"
"6862","2","5","3","53","51","335","259","560","373","C0265695"
"5327","2","5","7","53","51","342","454","573","492","C0265706"
"10165","2","3","2","48","170","50","304","167","593","C0265706"
"137814","2","5","7","53","184","335","259","560","373","C0265736"
"51259","2","3","2","76","153","40","38","54","75","C0265736"
"778","2","5","8","63","36","166","341","223","158","C0265736"
"2033","2","3","12","19","31","1","91","433","118","C0265736"
"4157","2","5","4","68","96","326","427","548","672","C0265740"
"3759","2","5","8","63","36","166","106","110","158","C0265740"
"9569","2","3","12","19","31","276","91","433","118","C0265881"
"4599","2","3","12","53","184","119","156","287","116","C0265881"
"9031","2","3","12","19","31","1","426","55","78","C0265886"
"2213","2","5","7","53","51","119","395","549","674","C0265886"
"958","2","5","7","53","51","119","156","568","697","C0265886"
"5194","2","3","5","43","161","305","409","208","482","C0265908"
"4688","2","5","7","60","14","20","25","40","215","C0265908"
"7170","2","5","8","63","45","23","103","464","187","C0265908"
"2896","2","5","7","34","52","216","395","549","674","C0265908"
"10008","2","5","8","63","36","166","341","223","158","C0265908"
"2760","2","3","7","34","52","216","395","549","674","C0265961"
"51524","2","5","7","45","94","199","240","415","666","C0265961"
"3763","2","5","8","63","36","166","106","110","158","C0265961"
"2990","2","3","7","34","52","216","395","549","674","C0265961"
"10585","2","5","2","27","206","324","430","215","290","C0265962"
"10265","2","3","3","19","221","321","428","541","667","C0265962"
"387357","2","5","7","53","14","20","25","40","186","C0265965"
"4879","2","5","4","68","96","326","427","548","672","C0265965"
"1387","2","3","12","19","31","276","91","433","118","C0265965"
"585","2","3","12","76","153","40","38","54","75","C0265965"
"1355","2","3","2","48","170","50","119","444","556","C0265965"
"2767","2","5","4","68","96","326","427","548","672","C0265965"
"673","2","5","7","53","14","20","34","540","68","C0265965"
"6347","2","5","7","53","51","119","427","489","416","C0265965"
"5880","2","5","7","60","54","24","30","46","72","C0265965"
"3251","2","3","4","68","96","326","427","341","150","C0265965"
"3207","2","3","3","19","221","321","428","541","667","C0265965"
"8864","2","3","3","19","151","276","91","433","118","C0265970"
"3891","2","1","6","11","142","225","142","220","298","C0265970"
"3561","2","5","7","53","14","20","25","40","186","C0265970"
"775","2","5","8","63","36","166","341","223","158","C0265970"
"1278","2","5","7","53","51","342","454","573","492","C0265989"
"2187","2","3","12","19","31","261","116","1","86","C0265989"
"23175","2","3","5","80","81","296","51","488","102","C0265989"
"2707","2","3","12","76","153","40","38","54","75","C0265989"
"5551","2","5","7","53","51","119","395","549","674","C0265989"
"2629","2","3","5","80","81","250","291","152","420","C0265989"
"4842","2","3","5","63","45","71","177","464","219","C0265989"
"5290","2","3","7","53","14","20","25","40","186","C0265989"
"1356","2","3","7","53","51","342","454","573","492","C0265989"
"10020","2","3","2","89","124","204","42","452","258","C0265989"
"4158","2","5","4","68","96","326","427","548","672","C0265989"
"5727","2","3","12","68","221","197","259","560","422","C0265989"
"2619","2","5","3","53","221","197","259","560","422","C0265989"
"4935","2","5","4","68","96","326","427","548","672","C0265998"
"2255","2","5","7","53","14","20","25","40","186","C0265998"
"7369","2","5","7","53","51","119","395","549","674","C0265998"
"9499","2","5","7","53","51","23","103","464","187","C0265998"
"54840","2","3","12","19","31","261","116","1","86","C0265998"
"4313","2","5","7","53","51","342","454","573","492","C0265998"
"4868","2","5","7","53","51","335","25","560","373","C0265998"
"5189","2","3","5","43","161","305","409","208","482","C0265998"
"2184","2","3","5","76","153","138","236","332","407","C0265998"
"9973","2","3","5","80","81","110","378","173","229","C0265998"
"65980","2","3","12","19","31","1","426","55","78","C0265998"
"8260","2","3","12","41","85","266","76","287","78","C0265998"
"3680","2","5","7","53","51","342","454","573","492","C0265998"
"545","2","3","12","19","31","261","116","1","86","C0265998"
"1836","2","3","2","35","41","94","260","330","375","C0265998"
"4193","2","3","12","19","31","1","116","89","605","C0265998"
"6794","2","3","12","53","14","20","34","540","68","C0265998"
"2563","2","5","8","27","70","99","162","216","290","C0265998"
"1144","2","5","8","27","70","99","162","216","290","C0265998"
"4148","2","5","7","53","51","342","454","573","492","C0265998"
"2006","2","5","7","53","51","342","454","573","492","C0266003"
"1028","2","3","12","19","31","1","116","1","86","C0266003"
"716","2","5","7","53","51","119","395","549","674","C0266011"
"53834","2","5","7","53","51","342","454","573","492","C0266011"
"242","2","3","5","11","142","223","142","220","298","C0266011"
"5982","2","3","12","19","31","261","116","1","86","C0266011"
"4089","2","3","12","19","219","339","259","423","605","C0266011"
"9993","2","5","7","53","51","342","454","573","492","C0266011"
"1356","2","3","7","53","51","342","454","573","492","C0266011"
"5189","2","3","5","43","161","305","409","208","482","C0266011"
"1594","2","3","5","92","163","96","363","460","487","C0266011"
"658","2","5","7","53","51","342","259","423","389","C0266011"
"8493","2","3","12","19","31","293","116","201","664","C0266011"
"54903","2","3","12","76","153","40","38","54","75","C0266013"
"9241","2","5","7","53","51","342","259","423","389","C0266013"
"3717","2","5","7","53","14","20","25","40","186","C0266013"
"55033","2","3","2","110","105","178","226","297","380","C0266013"
"3913","2","5","7","53","51","342","454","573","492","C0266013"
"5193","2","3","5","43","161","305","409","208","482","C0266013"
"1300","2","5","7","53","51","342","454","573","492","C0266013"
"53834","2","5","7","53","51","342","454","573","492","C0266013"
"1583","2","3","5","79","152","273","375","100","589","C0266013"
"5925","2","3","12","19","31","1","426","55","78","C0266013"
"581","2","3","12","41","219","339","402","489","551","C0266013"
"6235","2","3","2","110","85","237","433","547","671","C0266013"
"2010","2","3","12","26","105","296","226","488","156","C0266013"
"1559","2","3","5","91","214","226","11","348","172","C0266013"
"4853","2","3","12","19","124","143","428","236","667","C0266013"
"2263","2","5","7","53","14","20","25","40","186","C0266013"
"10804","2","3","12","76","153","40","38","54","75","C0266013"
"7284","2","3","2","48","182","67","76","463","153","C0266013"
"1612","2","3","12","53","14","20","34","540","68","C0266013"
"10269","2","3","2","48","182","50","119","444","556","C0266013"
"158","2","3","4","96","177","61","373","341","142","C0266013"
"7473","2","5","3","68","221","197","259","560","422","C0266013"
"5621","2","5","8","27","36","342","454","573","628","C0266013"
"3930","2","3","2","22","33","323","66","3","464","C0266013"
"134430","2","3","2","110","85","237","433","547","671","C0266013"
"5328","2","5","7","34","52","216","395","549","674","C0266034"
"23418","2","5","7","53","36","71","177","560","373","C0266034"
"2263","2","5","7","53","14","20","25","40","186","C0266034"
"7474","2","5","3","68","221","184","259","544","669","C0266036"
"7490","2","3","3","19","221","321","428","541","667","C0266036"
"1493","2","5","7","53","51","119","25","40","186","C0266037"
"2736","2","3","12","41","116","321","428","54","667","C0266037"
"5450","2","3","12","19","221","261","116","159","211","C0266037"
"6664","2","3","3","19","221","321","428","541","667","C0266037"
"10861","2","3","2","35","142","225","142","220","673","C0266037"
"7020","2","3","12","19","31","276","91","433","664","C0266037"
"2200","2","5","7","53","51","342","454","573","492","C0266037"
"6591","2","3","12","19","31","1","426","55","78","C0266037"
"30009","2","5","7","53","51","119","25","549","674","C0266039"
"3207","2","3","3","19","221","321","428","541","667","C0266039"
"1788","2","3","12","19","31","1","426","55","78","C0266039"
"6495","2","3","3","19","221","321","428","541","667","C0266039"
"11280","2","5","8","63","36","166","341","390","158","C0266039"
"2812","2","5","7","53","51","342","454","573","492","C0266039"
"54332","2","3","2","60","170","40","98","66","203","C0266039"
"11285","2","3","2","74","205","191","396","408","620","C0266039"
"55505","2","3","2","110","85","237","433","547","671","C0266039"
"7469","2","3","12","19","31","261","116","159","211","C0266039"
"7128","2","3","12","41","219","339","156","568","697","C0266039"
"3240","2","5","7","34","52","216","395","549","674","C0266039"
"7403","2","3","12","19","31","1","426","55","78","C0266039"
"8260","2","3","12","41","85","266","76","287","78","C0266039"
"5961","2","5","7","27","51","326","126","414","702","C0266050"
"6683","2","3","12","76","153","40","38","54","75","C0266050"
"4000","2","3","12","26","105","178","226","297","156","C0266050"
"5573","2","3","12","19","184","118","155","287","116","C0266050"
"10165","2","3","2","48","170","50","304","167","593","C0266050"
"269","2","5","7","53","14","20","259","423","389","C0266050"
"1278","2","5","7","53","51","342","454","573","492","C0266050"
"5069","2","5","7","53","51","342","454","573","492","C0266050"
"2947","2","3","5","91","175","271","372","471","586","C0266052"
"11280","2","5","8","63","36","166","341","390","158","C0266052"
"6571","2","3","8","60","36","71","341","223","624","C0266052"
"324","2","3","12","41","219","197","70","255","422","C0266052"
"1789","2","3","12","19","31","1","426","55","78","C0266052"
"7153","2","3","12","19","31","261","116","1","86","C0266052"
"53834","2","5","7","53","51","342","454","573","492","C0266052"
"7415","2","3","7","34","52","216","395","536","445","C0266052"
"959","2","5","7","53","51","119","395","549","674","C0266052"
"5373","2","3","2","90","167","123","158","207","278","C0266052"
"788","2","3","2","45","151","199","240","415","666","C0266052"
"5048","2","3","12","76","153","40","38","54","75","C0266054"
"2200","2","5","7","53","51","342","454","573","492","C0266054"
"5995","2","5","4","68","96","326","427","548","672","C0266054"
"5595","2","3","7","53","14","20","34","540","68","C0266054"
"51473","2","5","7","60","36","20","25","64","215","C0266054"
"8575","2","3","2","22","33","323","66","101","194","C0266061"
"5649","2","5","7","53","51","342","444","560","373","C0266061"
"23417","2","3","2","43","161","305","409","208","482","C0266061"
"22858","2","3","7","53","14","20","34","540","68","C0266061"
"27031","2","3","6","11","142","225","38","331","506","C0266061"
"25974","2","3","7","48","51","105","139","186","245","C0266061"
"51259","2","3","2","76","153","40","38","54","75","C0266061"
"445","2","3","2","84","97","167","210","278","360","C0266061"
"3295","2","3","5","43","161","305","409","208","482","C0266061"
"775","2","5","8","63","36","166","341","223","158","C0266061"
"4791","2","3","12","41","219","339","156","568","697","C0266061"
"3659","2","3","12","19","184","119","156","287","116","C0266061"
"1493","2","5","7","53","51","119","25","40","186","C0266061"
"7136","2","5","8","63","45","23","103","464","187","C0266061"
"51085","2","3","2","48","57","110","141","359","462","C0266061"
"594","2","3","2","67","92","293","55","75","311","C0266061"
"5624","2","5","7","53","51","342","454","573","492","C0266061"
"10585","2","5","2","27","206","324","430","215","290","C0266061"
"9652","2","3","2","110","85","237","433","547","671","C0266061"
"3730","2","5","7","53","14","20","25","40","186","C0266061"
"4514","2","3","2","48","57","110","141","359","5","C0266061"
"229","2","3","2","90","167","266","367","500","577","C0266063"
"2737","2","3","12","19","116","321","428","54","667","C0266063"
"4292","2","3","12","19","31","261","116","1","86","C0266063"
"4099","2","5","7","27","51","150","444","223","628","C0266063"
"3265","2","5","7","60","54","24","30","46","72","C0266067"
"4000","2","3","12","26","105","178","226","297","156","C0266067"
"9051","2","5","7","60","14","20","25","40","215","C0266067"
"10002","2","3","3","19","151","276","91","433","118","C0266067"
"843","2","3","12","41","219","339","156","568","697","C0266111"
"5602","2","3","12","19","14","150","34","540","68","C0266111"
"3798","2","3","7","76","153","40","38","54","75","C0266111"
"3914","2","5","7","53","51","342","454","573","492","C0266122"
"22861","2","3","12","41","219","339","156","568","697","C0266122"
"23152","2","3","6","22","142","225","366","362","468","C0266122"
"1822","2","3","12","19","31","1","426","55","462","C0266122"
"5727","2","3","12","68","221","197","259","560","422","C0266122"
"9742","2","3","12","76","153","40","38","54","75","C0266122"
"4540","2","3","2","48","170","50","119","444","556","C0266122"
"9451","2","3","2","110","51","335","226","297","380","C0266122"
"51339","2","3","12","41","116","268","434","568","605","C0266122"
"5743","2","3","5","53","175","119","167","489","416","C0266122"
"81622","2","3","2","48","219","50","156","444","697","C0266122"
"7389","2","3","2","17","24","51","132","210","123","C0266122"
"19","2","3","3","19","151","276","91","433","118","C0266122"
"22931","2","5","7","34","54","24","30","46","72","C0266122"
"1807","2","3","5","80","23","186","79","560","273","C0266122"
"2074","2","3","12","19","31","1","426","55","78","C0266122"
"5328","2","5","7","34","52","216","395","549","674","C0266122"
"3861","2","1","6","11","142","225","142","220","298","C0266122"
"7068","2","3","3","19","151","276","91","433","118","C0266122"
"57096","2","3","12","76","153","40","38","54","75","C0266122"
"351","2","5","4","68","96","326","188","145","193","C0266122"
"4860","2","3","7","34","52","216","395","549","150","C0266122"
"2218","2","5","2","53","123","194","255","560","373","C0266122"
"3425","2","3","5","80","81","166","454","573","492","C0266122"
"3265","2","5","7","60","54","24","30","46","72","C0266122"
"283989","2","3","12","22","33","323","66","101","664","C0266122"
"472","2","3","12","19","31","261","116","1","86","C0266122"
"2100","2","3","3","19","151","276","91","433","118","C0266174"
"4536","2","3","2","48","170","50","119","444","556","C0266174"
"100288687","2","3","2","110","85","237","433","547","671","C0266174"
"3930","2","3","2","22","33","323","66","3","464","C0266174"
"3339","2","5","7","53","51","342","454","573","492","C0266174"
"2652","2","5","4","68","96","326","427","548","672","C0266174"
"4851","2","3","12","19","221","143","428","236","667","C0266196"
"5241","2","3","3","19","151","276","91","433","118","C0266196"
"54714","2","5","8","63","36","166","106","110","158","C0266200"
"1959","2","3","3","19","151","276","91","433","118","C0266200"
"8694","2","5","7","34","52","216","395","549","674","C0266200"
"54822","2","5","8","63","45","193","306","390","158","C0266200"
"476","2","3","8","63","45","23","103","464","187","C0266267"
"1308","2","5","7","53","51","119","454","573","492","C0266267"
"6638","2","3","2","22","33","323","66","101","136","C0266273"
"9927","2","3","12","19","31","118","155","287","116","C0266273"
"4914","2","3","2","22","18","266","202","252","252","C0266275"
"3930","2","3","2","22","33","323","66","3","464","C0266275"
"8139","2","3","12","41","116","268","434","468","213","C0266283"
"8518","2","3","12","19","31","1","426","55","78","C0266283"
"10913","2","3","12","41","219","339","156","568","697","C0266292"
"5922","2","5","7","60","54","24","30","46","72","C0266292"
"4088","2","3","12","19","219","339","259","423","605","C0266292"
"50617","2","3","5","29","88","100","125","168","223","C0266292"
"2811","2","5","7","53","51","1","454","573","78","C0266292"
"5921","2","5","7","60","14","24","25","40","215","C0266292"
"196","2","3","3","19","151","276","91","433","118","C0266292"
"5897","2","3","12","41","116","268","141","568","605","C0266292"
"1187","2","5","8","63","45","23","34","464","187","C0266292"
"27113","2","3","12","41","219","339","402","489","551","C0266292"
"2908","2","3","12","19","151","276","91","433","118","C0266292"
"4908","2","5","7","53","51","342","259","423","389","C0266292"
"23556","2","3","2","61","77","142","176","235","317","C0266294"
"26227","2","3","2","41","137","44","208","81","108","C0266294"
"8517","2","3","12","41","219","339","156","568","697","C0266294"
"190","2","3","3","19","151","276","91","433","118","C0266294"
"10577","2","5","7","34","52","216","395","549","674","C0266294"
"1294","2","5","7","53","51","342","454","573","492","C0266294"
"2720","2","3","7","34","52","216","395","21","599","C0266294"
"9569","2","3","12","19","31","276","91","433","118","C0266294"
"3081","2","3","2","91","51","3","267","308","429","C0266294"
"675","2","3","12","19","31","261","116","1","86","C0266294"
"9968","2","4","3","24","119","330","214","454","144","C0266294"
"8200","2","5","7","53","51","342","259","423","389","C0266294"
"2811","2","5","7","53","51","1","454","573","78","C0266294"
"6391","2","3","2","48","170","50","119","444","556","C0266294"
"9241","2","5","7","53","51","342","259","423","389","C0266294"
"2263","2","5","7","53","14","20","25","40","186","C0266294"
"1277","2","5","7","53","51","342","454","573","492","C0266294"
"7038","2","5","7","60","18","184","98","66","203","C0266294"
"5332","2","3","4","68","96","326","427","548","672","C0266294"
"4920","2","5","7","53","14","20","259","560","373","C0266294"
"51750","2","3","12","19","31","261","116","1","86","C0266295"
"4683","2","3","12","19","31","261","116","1","86","C0266295"
"2332","2","3","2","22","33","71","373","466","609","C0266295"
"8287","2","3","12","41","219","339","156","568","605","C0266295"
"11280","2","5","8","63","36","166","341","390","158","C0266295"
"3265","2","5","7","60","54","24","30","46","72","C0266295"
"4854","2","5","7","53","51","143","428","236","667","C0266295"
"2697","2","3","7","76","153","40","38","54","75","C0266295"
"51752","2","3","2","41","153","119","156","536","116","C0266295"
"7466","2","5","7","53","51","342","454","573","492","C0266295"
"9844","2","5","7","60","14","20","25","40","72","C0266295"
"3909","2","5","7","53","51","342","454","573","492","C0266295"
"22931","2","5","7","34","54","24","30","46","72","C0266295"
"7436","2","5","7","53","51","342","341","544","669","C0266295"
"9451","2","3","2","110","51","335","226","297","380","C0266295"
"1947","2","5","7","53","51","20","25","560","373","C0266295"
"2294","2","3","3","19","221","321","428","541","667","C0266295"
"2798","2","5","4","68","96","326","427","548","672","C0266295"
"7372","2","3","2","68","119","109","266","182","182","C0266295"
"51259","2","3","2","76","153","40","38","54","75","C0266295"
"9215","2","5","2","27","36","150","430","215","628","C0266295"
"2109","2","3","2","48","170","50","119","444","556","C0266295"
"652","2","5","7","53","51","342","454","573","492","C0266295"
"4854","2","5","7","53","51","143","428","236","667","C0266295"
"10157","2","3","5","71","102","175","222","290","371","C0266295"
"7353","2","3","12","41","219","339","156","568","605","C0266295"
"5328","2","5","7","34","52","216","395","549","674","C0266295"
"3209","2","3","3","19","221","321","428","541","667","C0266295"
"1031","2","3","12","19","31","1","426","55","78","C0266295"
"4292","2","3","12","19","31","261","116","1","86","C0266295"
"3930","2","3","2","22","33","323","66","3","464","C0266295"
"1440","2","5","7","53","51","119","25","489","416","C0266295"
"79944","2","3","2","48","170","50","119","220","298","C0266298"
"1493","2","5","7","53","51","119","25","40","186","C0266298"
"4851","2","3","12","19","221","143","428","236","667","C0266298"
"5830","2","3","5","43","161","305","409","208","482","C0266298"
"6197","2","3","12","19","14","20","34","540","68","C0266298"
"2697","2","3","7","76","153","40","38","54","75","C0266313"
"5251","2","3","5","80","81","296","474","593","722","C0266313"
"6712","2","5","7","60","153","40","341","223","203","C0266313"
"1839","2","5","7","53","14","20","25","40","186","C0266313"
"10892","2","5","7","53","219","119","156","568","697","C0266361"
"5873","2","5","7","34","54","24","30","46","72","C0266361"
"29760","2","5","7","53","14","20","25","40","186","C0266361"
"9378","2","5","7","27","36","71","341","223","219","C0266361"
"1813","2","5","4","68","96","326","427","548","672","C0266362"
"3977","2","5","7","53","51","119","25","40","416","C0266362"
"2160","2","5","7","68","51","119","395","549","674","C0266362"
"4878","2","3","12","19","31","1","426","55","78","C0266362"
"1836","2","3","2","35","41","94","260","330","375","C0266362"
"4920","2","5","7","53","14","20","259","560","373","C0266362"
"3981","2","3","12","19","31","261","116","1","86","C0266362"
"26191","2","5","7","53","14","20","25","40","186","C0266362"
"5538","2","3","2","115","18","340","269","342","444","C0266362"
"3897","2","5","7","53","51","335","444","560","373","C0266362"
"51099","2","3","2","67","92","293","55","75","311","C0266362"
"3043","2","5","7","34","52","216","395","549","116","C0266362"
"118429","2","5","8","53","51","197","454","540","422","C0266362"
"6926","2","5","7","53","51","335","259","560","373","C0266362"
"2316","2","5","7","53","51","342","454","573","702","C0266362"
"4286","2","3","12","19","31","261","116","1","664","C0266362"
"10908","2","3","2","97","173","275","377","473","592","C0266362"
"10516","2","5","7","53","51","342","454","573","492","C0266362"
"6794","2","3","12","53","14","20","34","540","68","C0266362"
"6097","2","3","3","19","151","276","91","433","118","C0266362"
"6640","2","5","7","42","36","71","177","223","219","C0266362"
"4000","2","3","12","26","105","178","226","297","156","C0266362"
"1278","2","5","7","53","51","342","454","573","492","C0266362"
"9244","2","5","7","53","51","119","25","40","416","C0266362"
"652","2","5","7","53","51","342","454","573","492","C0266371"
"51305","2","5","8","63","36","166","106","110","158","C0266371"
"355","2","3","7","41","219","339","156","568","697","C0266371"
"1497","2","5","2","63","182","50","103","297","628","C0266371"
"950","2","5","7","60","14","184","341","544","669","C0266371"
"10891","2","3","3","19","151","276","91","433","118","C0266371"
"4322","2","5","7","53","51","342","454","573","492","C0266371"
"5925","2","3","12","19","31","1","426","55","78","C0266371"
"546","2","3","12","19","31","261","426","1","86","C0266371"
"4487","2","3","3","19","221","321","428","541","667","C0266371"
"7287","2","5","7","11","142","71","341","560","219","C0266371"
"54903","2","3","12","76","153","40","38","54","75","C0266371"
"10653","2","5","7","68","51","114","162","321","475","C0266371"
"4882","2","3","4","68","96","326","427","548","672","C0266371"
"1280","2","5","7","53","51","342","454","573","492","C0266371"
"51360","2","3","3","26","35","276","91","433","203","C0266383"
"116519","2","5","7","53","51","342","454","573","492","C0266383"
"5167","2","3","5","32","93","163","207","303","126","C0266383"
"8626","2","3","3","19","221","321","428","541","667","C0266383"
"6261","2","5","8","63","45","23","34","464","187","C0266383"
"10269","2","3","2","48","182","50","119","444","556","C0266387"
"1293","2","5","7","53","51","342","454","573","492","C0266387"
"23230","2","5","7","11","142","71","341","560","219","C0266387"
"51816","2","5","7","34","52","216","395","549","674","C0266387"
"411","2","3","7","34","52","216","395","549","674","C0266387"
"5073","2","3","2","110","85","323","433","146","194","C0266387"
"182","2","5","7","53","51","143","428","236","667","C0266387"
"4514","2","3","2","48","57","110","141","359","5","C0266387"
"26227","2","3","2","41","137","44","208","81","108","C0266387"
"2950","2","5","7","34","52","216","395","549","674","C0266387"
"5979","2","5","7","53","14","20","25","40","186","C0266387"
"8200","2","5","7","53","51","342","259","423","389","C0266393"
"5192","2","3","5","43","161","305","409","208","482","C0266393"
"2317","2","5","7","63","45","23","103","287","664","C0266393"
"54902","2","3","2","48","182","50","119","444","556","C0266399"
"9101","2","3","12","41","219","339","156","568","605","C0266399"
"4893","2","5","7","34","52","24","30","46","72","C0266399"
"5034","2","5","7","53","51","342","454","573","492","C0266399"
"54361","2","5","3","68","221","197","259","560","422","C0266399"
"1487","2","3","12","19","31","1","426","55","340","C0266399"
"3848","2","5","7","34","52","225","142","220","298","C0266399"
"5979","2","5","7","53","14","20","25","40","186","C0266399"
"3105","2","5","7","53","51","119","156","287","116","C0266399"
"5332","2","3","4","68","96","326","427","548","672","C0266399"
"2312","2","1","6","11","142","225","142","220","298","C0266399"
"6469","2","5","3","53","221","197","259","560","422","C0266399"
"6834","2","3","2","48","170","50","119","444","556","C0266399"
"5290","2","3","7","53","14","20","25","40","186","C0266399"
"3284","2","3","2","69","98","169","299","183","243","C0266399"
"2153","2","5","7","53","51","342","454","573","492","C0266399"
"5307","2","3","3","19","221","321","428","541","667","C0266399"
"1282","2","5","7","53","51","342","454","573","492","C0266399"
"3299","2","3","12","42","81","296","399","201","274","C0266399"
"5604","2","5","7","53","14","20","34","540","68","C0266399"
"30817","2","5","3","68","221","197","259","560","422","C0266399"
"55670","2","3","5","43","161","305","409","208","482","C0266399"
"4338","2","3","2","110","85","75","204","267","352","C0266399"
"27235","2","3","2","48","170","50","304","167","593","C0266411"
"805","2","5","8","53","45","20","34","464","187","C0266411"
"672","2","3","12","19","31","261","116","1","86","C0266411"
"6049","2","3","12","41","116","268","434","468","213","C0266427"
"5457","2","3","3","19","221","321","428","541","667","C0266427"
"5993","2","3","12","19","31","1","426","55","78","C0266427"
"10002","2","3","3","19","151","276","91","433","118","C0266427"
"1382","2","3","3","67","92","293","55","75","311","C0266427"
"3239","2","3","3","19","221","321","428","541","667","C0266427"
"5728","2","3","5","80","81","339","156","568","605","C0266427"
"3891","2","1","6","11","142","225","142","220","298","C0266427"
"617","2","3","2","48","170","50","304","167","593","C0266427"
"1513","2","5","7","53","51","342","454","573","492","C0266444"
"6736","2","3","12","19","31","276","91","433","667","C0266444"
"635","2","3","8","45","94","199","240","415","666","C0266444"
"1378","2","5","7","34","52","216","395","549","674","C0266456"
"7169","2","5","8","63","45","23","103","464","187","C0266456"
"2693","2","5","4","68","96","326","427","548","672","C0266456"
"1134","2","5","8","27","70","99","162","216","290","C0266456"
"462","2","5","7","53","51","342","454","573","492","C0266463"
"2697","2","3","7","76","153","40","38","54","75","C0266463"
"1294","2","5","7","53","51","342","454","573","492","C0266463"
"5243","2","3","12","41","116","268","423","536","445","C0266463"
"7471","2","5","3","68","221","197","259","560","422","C0266463"
"54757","2","5","7","53","51","342","454","573","492","C0266463"
"54840","2","3","12","19","31","261","116","1","86","C0266463"
"7319","2","3","12","41","116","268","434","468","213","C0266463"
"10491","2","5","7","53","51","342","454","573","492","C0266463"
"2068","2","3","12","19","31","261","116","159","211","C0266463"
"54551","2","3","12","41","219","197","156","568","422","C0266463"
"5627","2","5","7","53","51","342","454","573","702","C0266463"
"959","2","5","7","53","51","119","395","549","674","C0266463"
"9640","2","3","12","19","31","261","116","159","211","C0266463"
"355","2","3","7","41","219","339","156","568","697","C0266463"
"3861","2","1","6","11","142","225","142","220","298","C0266484"
"4010","2","3","3","19","221","321","428","541","667","C0266484"
"1286","2","5","7","53","51","342","454","573","492","C0266484"
"5290","2","3","7","53","14","20","25","40","186","C0266484"
"1027","2","3","12","19","31","1","116","1","86","C0266491"
"652","2","5","7","53","51","342","454","573","492","C0266491"
"51259","2","3","2","76","153","40","38","54","75","C0266491"
"27077","2","3","12","76","153","40","38","54","75","C0266525"
"10262","2","3","2","22","33","323","66","101","136","C0266525"
"4318","2","5","7","34","52","216","395","573","492","C0266537"
"64581","2","5","7","53","51","119","395","549","674","C0266537"
"2239","2","3","2","74","51","342","454","573","492","C0266539"
"10617","2","3","12","48","57","110","141","359","462","C0266539"
"5781","2","5","7","53","14","20","25","40","186","C0266539"
"51604","2","3","2","61","77","142","176","235","317","C0266539"
"51010","2","3","2","110","85","237","433","547","671","C0266539"
"6324","2","5","7","63","36","166","341","223","158","C0266539"
"477","2","3","8","63","45","23","103","464","187","C0266539"
"7490","2","3","3","19","221","321","428","541","667","C0266539"
"326","2","3","12","19","31","261","377","370","269","C0266539"
"3988","2","3","5","98","174","277","379","476","42","C0266539"
"55997","2","5","3","53","221","321","259","423","389","C0266539"
"8626","2","3","3","19","221","321","428","541","667","C0266539"
"4053","2","5","7","53","51","342","454","573","492","C0266539"
"2244","2","5","7","53","51","342","454","573","492","C0266539"
"7389","2","3","2","17","24","51","132","210","123","C0266539"
"4810","2","3","2","76","57","110","444","560","373","C0266541"
"5076","2","3","3","19","221","321","428","541","667","C0266541"
"9723","2","5","7","53","51","342","79","560","373","C0266548"
"7428","2","3","12","41","116","268","434","468","213","C0266548"
"2248","2","5","7","53","14","20","25","40","186","C0266548"
"6323","2","5","8","63","36","166","341","390","158","C0266551"
"64131","2","3","2","74","205","191","98","66","203","C0266551"
"5167","2","3","5","32","93","163","207","303","126","C0266551"
"8635","2","5","7","34","52","216","395","549","674","C0266551"
"3299","2","3","12","42","81","296","399","201","274","C0266568"
"3798","2","3","7","76","153","40","38","54","75","C0266568"
"658","2","5","7","53","51","342","259","423","389","C0266568"
"3329","2","3","2","48","170","50","304","167","593","C0266568"
"7015","2","3","12","19","31","1","426","55","78","C0266589"
"3718","2","5","7","53","14","20","25","40","186","C0266589"
"5696","2","3","12","41","116","268","156","568","116","C0266589"
"715","2","5","7","53","51","119","395","549","674","C0266589"
"6496","2","3","3","19","221","321","428","541","667","C0266589"
"50615","2","5","7","53","51","119","25","40","186","C0266589"
"2556","2","5","8","27","70","99","162","216","290","C0266589"
"5327","2","5","7","53","51","342","454","573","492","C0266589"
"8200","2","5","7","53","51","342","259","423","389","C0266589"
"1280","2","5","7","53","51","342","454","573","492","C0266589"
"2672","2","3","3","19","221","321","259","423","389","C0266589"
"2690","2","5","7","53","14","20","25","40","186","C0266589"
"3930","2","3","2","22","33","323","66","3","464","C0266589"
"8493","2","3","12","19","31","293","116","201","664","C0266589"
"4879","2","5","4","68","96","326","427","548","672","C0266589"
"6569","2","3","8","45","94","199","240","415","666","C0266589"
"4000","2","3","12","26","105","178","226","297","156","C0266589"
"123041","2","5","8","45","94","199","240","415","666","C0266589"
"10381","2","3","12","76","153","40","38","54","75","C0266589"
"133","2","5","4","68","96","326","427","548","672","C0266589"
"4867","2","5","7","76","153","40","38","54","75","C0266589"
"4322","2","5","7","53","51","342","454","573","492","C0266589"
"2626","2","3","12","19","31","118","155","287","116","C0266589"
"1763","2","3","12","19","31","261","116","1","86","C0266589"
"54361","2","5","3","68","221","197","259","560","422","C0266589"
"6507","2","3","2","45","94","199","240","415","666","C0266589"
"6899","2","5","7","53","184","335","259","560","373","C0266589"
"5144","2","3","4","68","96","326","427","548","672","C0266589"
"23590","2","3","2","48","170","50","119","444","556","C0266589"
"23363","2","3","12","41","116","268","434","468","213","C0266610"
"5728","2","3","5","80","81","339","156","568","605","C0266610"
"9940","2","3","5","68","221","321","428","447","586","C0266610"
"10908","2","3","2","97","173","275","377","473","592","C0266610"
"103","2","3","2","110","184","119","156","287","116","C0266610"
"1639","2","3","12","76","153","40","38","54","75","C0266610"
"26123","2","3","2","76","153","40","38","54","75","C0266610"
"5159","2","5","7","53","14","20","25","40","186","C0266610"
"6387","2","5","4","68","96","326","427","548","672","C0266610"
"3284","2","3","2","69","98","169","299","183","243","C0266610"
"7015","2","3","12","19","31","1","426","55","78","C0266610"
"2353","2","3","12","19","31","1","91","489","416","C0266610"
"55650","2","3","2","61","77","142","176","235","557","C0266610"
"8200","2","5","7","53","51","342","259","423","389","C0266610"
"2178","2","3","12","19","31","261","116","1","86","C0266610"
"6866","2","5","4","68","96","326","427","548","672","C0266610"
"843","2","3","12","41","219","339","156","568","697","C0266610"
"5589","2","5","7","53","51","342","454","573","492","C0266610"
"7132","2","3","12","41","219","339","156","568","697","C0266610"
"4803","2","5","7","60","54","24","30","46","72","C0266610"
"4160","2","5","4","68","96","326","427","548","672","C0266610"
"4534","2","3","5","80","81","296","399","362","468","C0266610"
"5913","2","5","7","27","36","71","341","223","219","C0266610"
"3691","2","5","7","53","51","342","454","573","492","C0266610"
"6103","2","3","12","76","153","40","38","54","75","C0266610"
"5830","2","3","5","43","161","305","409","208","482","C0266610"
"1280","2","5","7","53","51","342","454","573","492","C0266610"
"258","2","5","7","53","51","342","454","573","492","C0266614"
"55717","2","3","12","41","116","268","434","468","213","C0266614"
"846","2","5","4","68","96","326","427","548","672","C0266614"
"23090","2","3","12","19","151","276","91","433","118","C0266619"
"6927","2","3","3","19","221","321","428","541","667","C0266619"
"84631","2","5","7","53","51","335","444","560","373","C0266619"
"2892","2","5","8","63","36","166","106","110","158","C0266619"
"5894","2","5","7","60","54","23","34","464","187","C0266619"
"27077","2","3","12","76","153","40","38","54","75","C0266619"
"55215","2","3","12","76","31","261","116","1","86","C0266619"
"26276","2","3","7","60","81","184","341","66","203","C0266619"
"4000","2","3","12","26","105","178","226","297","156","C0266619"
"1144","2","5","8","27","70","99","162","216","290","C0266619"
"10891","2","3","3","19","151","276","91","433","118","C0266623"
"5908","2","5","7","34","52","216","30","46","72","C0266623"
"1586","2","3","5","79","98","256","335","425","540","C0266623"
"2260","2","5","7","53","14","20","25","40","186","C0266623"
"2187","2","3","12","19","31","261","116","1","86","C0266623"
"7450","2","5","7","53","51","342","454","573","492","C0266623"
"10683","2","5","7","53","51","143","428","560","667","C0266623"
"1161","2","3","12","41","116","268","434","468","213","C0266623"
"6899","2","5","7","53","184","335","259","560","373","C0266623"
"4000","2","3","12","26","105","178","226","297","156","C0266623"
"5243","2","3","12","41","116","268","423","536","445","C0266623"
"2316","2","5","7","53","51","342","454","573","702","C0266623"
"5015","2","3","3","19","221","321","428","541","667","C0266623"
"10801","2","3","12","76","108","293","141","305","387","C0266623"
"346288","2","3","12","76","108","225","141","305","387","C0266623"
"6011","2","5","7","53","14","20","34","540","68","C0266623"
"10216","2","3","2","48","170","50","304","167","593","C0266623"
"7469","2","3","12","19","31","261","116","159","211","C0266623"
"3479","2","5","7","53","51","342","454","573","492","C0266623"
"7468","2","3","12","19","31","1","426","55","78","C0266625"
"55651","2","3","2","110","85","237","433","547","671","C0266625"
"5994","2","3","12","19","31","276","91","491","118","C0266625"
"5728","2","3","5","80","81","339","156","568","605","C0266625"
"3265","2","5","7","60","54","24","30","46","72","C0266625"
"1629","2","3","2","67","92","293","55","75","311","C0266625"
"8891","2","3","2","110","85","237","433","547","671","C0266625"
"11107","2","3","12","19","31","1","426","55","78","C0266625"
"5582","2","5","7","53","14","20","34","540","68","C0266625"
"7056","2","5","7","53","51","119","454","573","492","C0266625"
"8438","2","3","12","76","153","261","116","1","86","C0266625"
"6135","2","3","2","110","85","237","433","547","671","C0266625"
"10585","2","5","2","27","206","324","430","215","290","C0266625"
"7466","2","5","7","53","51","342","454","573","492","C0266625"
"347733","2","3","12","76","153","40","38","54","75","C0266625"
"5224","2","3","5","90","167","266","367","500","577","C0266625"
"132884","2","3","12","41","116","268","434","568","605","C0266625"
"1758","2","5","7","53","51","342","454","573","492","C0266625"
"5774","2","5","7","60","81","296","399","201","274","C0266625"
"3984","2","5","7","53","14","20","34","540","68","C0266625"
"5053","2","3","5","80","81","166","236","308","390","C0266625"
"2074","2","3","12","19","31","1","426","55","78","C0266625"
"2074","2","3","12","19","31","1","426","55","78","C0266625"
"4763","2","5","7","60","54","24","30","46","214","C0266625"
"287","2","5","7","76","153","40","38","54","203","C0266625"
"11200","2","3","12","19","31","261","116","1","86","C0266625"
"1736","2","3","2","110","85","237","433","547","671","C0266625"
"729","2","5","7","53","51","119","395","549","219","C0266631"
"6340","2","5","8","63","45","23","34","464","187","C0266631"
"4668","2","3","5","21","111","188","242","313","396","C0266631"
"5479","2","3","2","53","51","342","454","573","492","C0266631"
"641","2","3","12","19","31","261","116","1","86","C0266631"
"8838","2","5","7","53","51","342","259","423","389","C0266631"
"9871","2","3","7","60","153","40","38","54","203","C0266631"
"3606","2","5","7","53","51","119","156","489","416","C0266642"
"9031","2","3","12","19","31","1","426","55","78","C0266642"
"23064","2","3","6","11","31","261","142","220","664","C0266642"
"547","2","3","7","76","153","40","38","54","75","C0266642"
"1146","2","5","8","27","70","99","162","216","290","C0266642"
"51057","2","3","12","76","153","40","38","54","75","C0266642"
"54209","2","5","7","53","51","119","395","549","674","C0266642"
"2627","2","3","12","19","31","118","155","287","116","C0266642"
"9723","2","5","7","53","51","342","79","560","373","C0266642"
"79042","2","3","12","22","33","323","66","101","664","C0266642"
"54714","2","5","8","63","36","166","106","110","158","C0266642"
"7780","2","5","4","68","96","326","141","359","586","C0266642"
"5376","2","5","7","53","51","342","454","573","492","C0266642"
"4893","2","5","7","34","52","24","30","46","72","C0266642"
"6786","2","5","8","63","45","23","103","464","187","C0266642"
"54361","2","5","3","68","221","197","259","560","422","C0266642"
"7468","2","3","12","19","31","1","426","55","78","C0266642"
"4000","2","3","12","26","105","178","226","297","156","C0266642"
"3043","2","5","7","34","52","216","395","549","116","C0266642"
"2773","2","5","4","68","96","326","427","548","672","C0266642"
"3891","2","1","6","11","142","225","142","220","298","C0266642"
"1789","2","3","12","19","31","1","426","55","78","C0266642"
"57539","2","3","12","76","153","40","38","54","75","C0266642"
"1535","2","5","7","34","52","216","395","549","674","C0266642"
"6606","2","3","2","22","33","323","66","101","136","C0266642"
"9896","2","3","5","80","81","296","399","201","274","C0266667"
"4990","2","3","3","19","221","321","428","541","667","C0266667"
"54585","2","3","12","76","153","76","38","54","75","C0266667"
"23169","2","3","2","78","205","112","430","429","544","C0266667"
"3145","2","3","5","80","81","166","132","175","473","C0266677"
"1499","2","3","12","19","221","197","259","560","422","C0266677"
"6239","2","3","12","19","119","330","214","454","144","C0266781"
"27077","2","3","12","76","153","40","38","54","75","C0266781"
"7473","2","5","3","68","221","197","259","560","422","C0266781"
"4255","2","3","12","19","31","261","116","1","86","C0266781"
"54757","2","5","7","53","51","342","454","573","492","C0266781"
"10908","2","3","2","97","173","275","377","473","592","C0266781"
"1476","2","5","7","34","52","216","395","549","674","C0266786"
"3998","2","3","7","60","153","40","202","66","203","C0266786"
"658","2","5","7","53","51","342","259","423","389","C0266786"
"8091","2","3","12","110","109","22","262","129","638","C0266786"
"3949","2","5","7","60","14","184","341","544","669","C0266786"
"7306","2","5","5","23","18","138","250","332","407","C0266929"
"6718","2","3","2","46","136","227","168","225","490","C0266929"
"3339","2","5","7","53","51","342","454","573","492","C0266981"
"3981","2","3","12","19","31","261","116","1","86","C0266981"
"3514","2","5","7","53","51","119","395","549","674","C0267048"
"4758","2","3","7","34","52","216","395","549","517","C0267048"
"3339","2","5","7","53","51","342","454","573","492","C0267048"
"3664","2","5","7","53","184","119","156","287","116","C0267048"
"7291","2","3","12","19","151","276","91","489","416","C0267048"
"3664","2","5","7","53","184","119","156","287","116","C0267048"
"23592","2","3","12","26","105","342","259","423","389","C0267048"
"3814","2","5","4","68","96","326","427","548","672","C0267048"
"51114","2","5","5","68","96","326","162","216","290","C0267048"
"3663","2","3","12","53","184","119","156","287","116","C0267048"
"23435","2","3","2","22","33","323","66","101","136","C0267373"
"4703","2","5","7","60","45","23","103","464","187","C0267373"
"4791","2","3","12","41","219","339","156","568","697","C0267456"
"3664","2","5","7","53","184","119","156","287","116","C0267456"
"55699","2","3","2","110","85","67","76","252","154","C0267456"
"26160","2","3","12","76","153","40","38","54","75","C0267456"
"9775","2","3","2","22","33","323","66","101","136","C0267456"
"1959","2","3","3","19","151","276","91","433","118","C0267456"
"396","2","5","7","60","54","24","30","46","72","C0267456"
"3827","2","5","4","68","96","326","427","548","672","C0267456"
"4621","2","5","8","63","45","23","103","464","187","C0267456"
"4982","2","5","12","41","219","339","156","568","697","C0267456"
"2623","2","3","12","19","31","1","155","287","116","C0267456"
"7072","2","3","2","22","33","323","66","101","136","C0267456"
"50846","2","3","3","68","221","197","259","560","422","C0267456"
"8517","2","3","12","41","219","339","156","568","697","C0267456"
"1583","2","3","5","79","152","273","375","100","589","C0267456"
"3861","2","1","6","11","142","225","142","220","298","C0267456"
"3043","2","5","7","34","52","216","395","549","116","C0267566"
"10269","2","3","2","48","182","50","119","444","556","C0267566"
"3284","2","3","2","69","98","169","299","183","243","C0267566"
"5923","2","5","7","53","14","20","25","40","186","C0267566"
"2626","2","3","12","19","31","118","155","287","116","C0267566"
"1146","2","5","8","27","70","99","162","216","290","C0267663"
"7227","2","3","12","19","31","276","91","433","118","C0267663"
"9640","2","3","12","19","31","261","116","159","211","C0267797"
"5339","2","5","7","53","51","342","454","573","492","C0267797"
"2332","2","3","2","22","33","71","373","466","609","C0267812"
"7026","2","3","3","19","151","276","91","433","118","C0267812"
"79664","2","3","2","22","33","261","116","159","211","C0267812"
"4613","2","3","12","19","31","1","426","55","78","C0267812"
"6496","2","3","3","19","221","321","428","541","667","C0267812"
"8514","2","5","7","34","52","216","395","549","674","C0267812"
"3239","2","3","3","19","221","321","428","541","667","C0267812"
"540","2","5","8","63","45","23","103","464","187","C0267812"
"3508","2","3","12","19","31","261","116","1","86","C0267812"
"706","2","3","5","48","170","273","119","100","589","C0267812"
"3630","2","5","7","53","14","20","25","40","186","C0267812"
"7169","2","5","8","63","45","23","103","464","187","C0267812"
"359","2","3","5","80","81","166","397","374","486","C0267818"
"3852","2","1","6","11","142","225","142","220","298","C0267818"
"9126","2","3","12","76","153","40","38","54","75","C0267818"
"9829","2","5","7","60","14","184","341","544","669","C0267818"
"7432","2","5","4","68","96","326","427","548","672","C0267818"
"54463","2","3","2","48","57","110","141","359","462","C0267818"
"3954","2","3","2","48","170","67","119","444","593","C0267818"
"26040","2","3","12","19","31","1","116","297","78","C0267818"
"51099","2","3","2","67","92","293","55","75","311","C0267818"
"3483","2","5","7","53","51","342","454","573","492","C0267834"
"2896","2","5","7","34","52","216","395","549","674","C0267834"
"9652","2","3","2","110","85","237","433","547","671","C0267834"
"7421","2","3","3","19","151","276","91","433","118","C0267834"
"7040","2","5","7","53","51","342","454","573","492","C0267952"
"4538","2","3","2","48","170","50","119","444","556","C0267952"
"668","2","3","12","19","221","321","428","541","664","C0267952"
"3643","2","5","7","53","14","20","25","40","186","C0267963"
"2316","2","5","7","53","51","342","454","573","702","C0267963"
"2178","2","3","12","19","31","261","116","1","86","C0267963"
"5190","2","3","5","43","161","305","409","208","482","C0267963"
"3043","2","5","7","34","52","216","395","549","116","C0267963"
"5573","2","3","12","19","184","118","155","287","116","C0267963"
"2067","2","3","12","19","31","261","116","1","86","C0267963"
"29760","2","5","7","53","14","20","25","40","186","C0267963"
"25942","2","3","12","19","31","1","426","55","78","C0267963"
"1311","2","5","7","53","51","342","454","573","492","C0267963"
"50814","2","3","2","69","221","73","360","86","119","C0267963"
"5296","2","5","7","53","14","20","25","40","186","C0267963"
"5224","2","3","5","90","167","266","367","500","577","C0267963"
"1807","2","3","5","80","23","186","79","560","273","C0267963"
"6622","2","3","7","27","36","150","341","223","628","C0268024"
"6223","2","3","2","110","85","237","433","547","671","C0268024"
"54757","2","5","7","53","51","342","454","573","492","C0268060"
"6927","2","3","3","19","221","321","428","541","667","C0268060"
"1292","2","5","7","53","51","342","454","573","492","C0268070"
"2022","2","5","7","53","51","342","259","423","389","C0268070"
"5648","2","5","7","53","51","119","395","549","674","C0268079"
"7020","2","3","12","19","31","276","91","433","664","C0268079"
"1678","2","3","2","48","170","50","304","167","593","C0268079"
"5251","2","3","5","80","81","296","474","593","722","C0268079"
"9469","2","3","2","103","189","303","29","475","467","C0268079"
"10555","2","3","7","34","52","216","395","549","622","C0268079"
"930","2","5","7","53","14","119","25","40","186","C0268079"
"55005","2","3","2","68","96","326","427","429","544","C0268079"
"1829","2","1","6","11","142","225","142","220","298","C0268079"
"8292","2","5","5","27","51","342","454","573","492","C0268079"
"1289","2","5","7","53","51","342","454","573","492","C0268079"
"6664","2","3","3","19","221","321","428","541","667","C0268079"
"8898","2","3","5","80","81","296","399","362","468","C0268079"
"7227","2","3","12","19","31","276","91","433","118","C0268079"
"9573","2","5","7","53","51","342","259","423","389","C0268079"
"2876","2","3","5","80","81","110","378","173","229","C0268079"
"3569","2","5","7","53","51","342","454","573","416","C0268079"
"2068","2","3","12","19","31","261","116","159","211","C0268079"
"5443","2","5","4","68","96","326","427","548","672","C0268079"
"2316","2","5","7","53","51","342","454","573","702","C0268079"
"716","2","5","7","53","51","119","395","549","674","C0268079"
"2639","2","3","2","71","148","34","160","115","164","C0268117"
"2153","2","5","7","53","51","342","454","573","492","C0268117"
"5602","2","3","12","19","14","150","34","540","68","C0268118"
"5602","2","3","12","19","14","150","34","540","68","C0268118"
"249","2","3","5","27","51","335","444","560","373","C0268119"
"54790","2","3","12","19","31","1","426","55","78","C0268119"
"51091","2","3","2","110","85","237","433","547","671","C0268119"
"570","2","3","5","43","161","305","409","255","56","C0268123"
"2178","2","3","12","19","31","261","116","1","86","C0268123"
"7043","2","5","7","53","51","342","454","573","492","C0268128"
"182","2","5","7","53","51","143","428","236","667","C0268128"
"9095","2","5","7","53","51","335","444","560","373","C0268128"
"283","2","5","7","53","51","335","444","560","373","C0268128"
"8085","2","3","12","19","31","1","426","55","78","C0268128"
"8626","2","3","3","19","221","321","428","541","667","C0268157"
"6712","2","5","7","60","153","40","341","223","203","C0268157"
"673","2","5","7","53","14","20","34","540","68","C0268157"
"7428","2","3","12","41","116","268","434","468","213","C0268157"
"367","2","3","12","19","31","276","91","433","118","C0268181"
"7046","2","3","12","41","219","339","259","423","605","C0268181"
"1487","2","3","12","19","31","1","426","55","340","C0268193"
"6774","2","3","12","53","14","276","25","489","416","C0268193"
"11152","2","3","2","48","57","110","141","359","462","C0268194"
"9896","2","3","5","80","81","296","399","201","274","C0268194"
"189","2","3","5","43","161","305","409","208","482","C0268237"
"9940","2","3","5","68","221","321","428","447","586","C0268237"
"23394","2","3","12","19","31","335","444","236","373","C0268237"
"3028","2","3","2","67","92","152","32","252","154","C0268237"
"4358","2","3","5","43","161","305","409","208","482","C0268237"
"5961","2","5","7","27","51","326","126","414","702","C0268237"
"8792","2","3","12","41","219","339","156","568","697","C0268237"
"7297","2","5","7","53","184","119","25","40","186","C0268237"
"6519","2","3","5","45","94","199","240","415","666","C0268237"
"1999","2","3","3","19","221","321","428","148","667","C0268237"
"538","2","3","8","63","45","23","103","464","187","C0268237"
"6908","2","3","12","19","31","1","116","159","211","C0268237"
"675","2","3","12","19","31","261","116","1","86","C0268237"
"54209","2","5","7","53","51","119","395","549","674","C0268255"
"54332","2","3","2","60","170","40","98","66","203","C0268255"
"51360","2","3","3","26","35","276","91","433","203","C0268285"
"10617","2","3","12","48","57","110","141","359","462","C0268285"
"5328","2","5","7","34","52","216","395","549","674","C0268306"
"4904","2","3","2","22","33","323","66","101","136","C0268306"
"9742","2","3","12","76","153","40","38","54","75","C0268306"
"5048","2","3","12","76","153","40","38","54","75","C0268306"
"8200","2","5","7","53","51","342","259","423","389","C0268307"
"2903","2","5","7","53","14","20","25","223","219","C0268307"
"6329","2","5","8","63","36","166","341","390","158","C0268307"
"23389","2","3","3","19","151","276","91","433","118","C0268307"
"5648","2","5","7","53","51","119","395","549","674","C0268307"
"55315","2","3","5","80","81","296","62","94","150","C0268307"
"5155","2","5","7","53","51","342","454","573","186","C0268307"
"9987","2","3","2","22","33","323","66","101","136","C0268307"
"6473","2","3","3","19","221","321","428","541","667","C0268307"
"595","2","3","12","19","31","1","426","489","416","C0268307"
"10269","2","3","2","48","182","50","119","444","556","C0268307"
"9469","2","3","2","103","189","303","29","475","467","C0268307"
"116","2","5","4","68","96","326","427","548","672","C0268307"
"4436","2","3","12","19","31","261","116","1","86","C0268307"
"6901","2","3","2","48","170","50","304","167","593","C0268312"
"5116","2","3","12","76","153","40","38","54","75","C0268312"
"36","2","3","2","48","170","50","119","444","556","C0268312"
"6329","2","5","8","63","36","166","341","390","158","C0268318"
"5617","2","5","12","19","31","1","426","55","78","C0268318"
"94","2","5","7","53","51","342","259","423","389","C0268318"
"207","2","3","7","53","14","20","34","489","416","C0268318"
"1280","2","5","7","53","51","342","454","573","492","C0268318"
"1487","2","3","12","19","31","1","426","55","340","C0268335"
"23261","2","5","7","27","36","150","341","223","628","C0268335"
"2697","2","3","7","76","153","40","38","54","75","C0268335"
"1737","2","3","2","67","92","293","55","75","311","C0268336"
"1280","2","5","7","53","51","342","454","573","492","C0268336"
"4313","2","5","7","53","51","342","454","573","492","C0268336"
"1646","2","3","2","46","136","227","168","225","490","C0268337"
"6440","2","5","5","68","96","185","238","310","272","C0268337"
"7248","2","3","2","48","57","110","141","359","462","C0268338"
"3162","2","3","5","53","51","119","402","489","416","C0268338"
"3458","2","5","7","53","184","119","156","287","116","C0268344"
"23443","2","3","2","78","206","324","430","429","544","C0268344"
"10479","2","5","7","27","36","150","341","223","628","C0268345"
"4758","2","3","7","34","52","216","395","549","517","C0268345"
"7035","2","5","7","68","51","119","395","549","674","C0268347"
"4322","2","5","7","53","51","342","454","573","492","C0268347"
"2896","2","5","7","34","52","216","395","549","674","C0268350"
"10329","2","3","2","63","123","194","423","536","544","C0268350"
"1617","2","3","2","22","33","323","66","101","468","C0268350"
"8878","2","3","12","41","219","339","156","568","697","C0268351"
"55624","2","3","2","78","123","194","255","215","412","C0268351"
"2697","2","3","7","76","153","40","38","54","75","C0268351"
"51750","2","3","12","19","31","261","116","1","86","C0268358"
"2317","2","5","7","63","45","23","103","287","664","C0268358"
"6138","2","3","2","110","85","237","433","547","671","C0268358"
"1594","2","3","5","92","163","96","363","460","487","C0268358"
"24","2","3","12","41","116","268","423","536","445","C0268358"
"5784","2","5","7","42","81","296","399","201","274","C0268362"
"51057","2","3","12","76","153","40","38","54","75","C0268362"
"4982","2","5","12","41","219","339","156","568","697","C0268362"
"1289","2","5","7","53","51","342","454","573","492","C0268362"
"1299","2","5","7","53","51","342","454","573","492","C0268362"
"9775","2","3","2","22","33","323","66","101","136","C0268362"
"950","2","5","7","60","14","184","341","544","669","C0268362"
"7439","2","5","8","63","45","23","34","464","187","C0268362"
"2316","2","5","7","53","51","342","454","573","702","C0268362"
"3835","2","3","12","76","153","40","38","54","75","C0268362"
"5888","2","3","12","19","31","261","116","1","86","C0268362"
"2006","2","5","7","53","51","342","454","573","492","C0268363"
"27030","2","3","12","19","31","1","426","55","78","C0268363"
"2067","2","3","12","19","31","261","116","1","86","C0268363"
"1352","2","3","2","48","170","50","119","444","556","C0268363"
"9343","2","3","2","22","33","323","66","101","136","C0268363"
"1584","2","3","5","79","159","256","276","353","456","C0268363"
"9370","2","5","3","41","151","276","91","433","118","C0268363"
"1180","2","5","8","63","45","23","34","464","187","C0268363"
"1482","2","3","3","19","221","321","428","541","667","C0268363"
"2316","2","5","7","53","51","342","454","573","702","C0268363"
"7421","2","3","3","19","151","276","91","433","118","C0268374"
"1146","2","5","8","27","70","99","162","216","290","C0268374"
"8216","2","3","12","41","119","330","214","454","144","C0268374"
"1594","2","3","5","92","163","96","363","460","487","C0268374"
"51062","2","5","7","27","36","150","402","489","373","C0268374"
"10161","2","5","4","68","96","326","427","548","672","C0268389"
"7490","2","3","3","19","221","321","428","541","667","C0268389"
"3767","2","5","8","63","36","166","106","110","158","C0268389"
"3115","2","5","7","53","184","119","156","287","116","C0268389"
"6772","2","3","12","53","184","119","156","287","116","C0268398"
"7139","2","5","8","63","45","23","103","464","187","C0268398"
"1020","2","3","12","19","14","118","34","540","68","C0268435"
"2200","2","5","7","53","51","342","454","573","492","C0268435"
"6218","2","3","2","110","85","237","433","547","671","C0268435"
"7412","2","5","7","53","51","119","454","287","116","C0268435"
"4842","2","3","5","63","45","71","177","464","219","C0268446"
"3425","2","3","5","80","81","166","454","573","492","C0268446"
"23126","2","3","12","19","31","276","426","55","78","C0268446"
"1201","2","3","2","48","170","50","304","167","593","C0268448"
"5781","2","5","7","53","14","20","25","40","186","C0268448"
"8815","2","3","12","22","33","323","66","444","664","C0268450"
"8200","2","5","7","53","51","342","259","423","389","C0268450"
"4502","2","5","7","53","184","119","156","287","116","C0268464"
"2316","2","5","7","53","51","342","454","573","702","C0268464"
"1130","2","5","7","60","54","326","141","359","462","C0268464"
"23592","2","3","12","26","105","342","259","423","389","C0268483"
"4173","2","3","12","76","31","261","116","1","86","C0268483"
"613","2","5","7","60","54","24","30","46","72","C0268483"
"8867","2","3","5","60","14","184","341","544","669","C0268495"
"2261","2","5","7","53","14","20","25","40","186","C0268495"
"6439","2","5","5","68","96","185","238","310","272","C0268528"
"22948","2","3","12","76","137","76","136","472","435","C0268528"
"6144","2","3","2","110","85","237","433","547","671","C0268534"
"7490","2","3","3","19","221","321","428","541","667","C0268534"
"55703","2","3","2","22","33","261","116","159","211","C0268534"
"1280","2","5","7","53","51","342","454","573","492","C0268534"
"4313","2","5","7","53","51","342","454","573","492","C0268559"
"4072","2","5","7","53","51","119","454","573","492","C0268559"
"287","2","5","7","76","153","40","38","54","203","C0268559"
"4214","2","3","12","41","219","339","34","540","117","C0268559"
"5428","2","3","2","48","170","50","119","167","593","C0268559"
"10157","2","3","5","71","102","175","222","290","371","C0268559"
"2006","2","5","7","53","51","342","454","573","492","C0268568"
"22930","2","5","7","60","54","24","30","46","72","C0268568"
"2324","2","5","7","53","14","20","25","40","186","C0268568"
"7456","2","5","7","60","14","20","25","40","215","C0268569"
"9095","2","5","7","53","51","335","444","560","373","C0268569"
"6648","2","3","2","95","151","160","378","173","229","C0268569"
"5096","2","3","2","48","40","130","166","127","173","C0268579"
"2316","2","5","7","53","51","342","454","573","702","C0268579"
"1392","2","5","4","68","96","326","427","548","672","C0268583"
"2625","2","3","12","19","31","339","155","287","116","C0268583"
"2539","2","3","2","48","57","110","141","359","383","C0268583"
"26503","2","3","2","89","124","204","272","347","442","C0268583"
"23129","2","5","7","53","51","342","79","560","373","C0268583"
"5073","2","3","2","110","85","323","433","146","194","C0268583"
"4744","2","3","6","27","36","150","399","223","628","C0268583"
"54888","2","3","2","110","85","152","129","252","154","C0268583"
"6578","2","3","5","35","41","77","40","57","80","C0268583"
"2290","2","3","3","19","221","321","428","541","667","C0268583"
"3977","2","5","7","53","51","119","25","40","416","C0268583"
"3730","2","5","7","53","14","20","25","40","186","C0268583"
"4137","2","3","7","27","36","150","341","223","628","C0268583"
"6908","2","3","12","19","31","1","116","159","211","C0268583"
"54476","2","3","12","41","219","339","156","568","697","C0268583"
"4010","2","3","3","19","221","321","428","541","667","C0268583"
"2175","2","3","12","19","31","261","116","1","86","C0268594"
"1401","2","5","7","53","51","119","395","573","492","C0268594"
"6049","2","3","12","41","116","268","434","468","213","C0268594"
"59","2","5","8","63","45","23","103","464","187","C0268594"
"5443","2","5","4","68","96","326","427","548","672","C0268594"
"55670","2","3","5","43","161","305","409","208","482","C0268596"
"10587","2","3","2","95","2","60","378","37","55","C0268596"
"1729","2","5","7","34","52","216","395","549","674","C0268596"
"23363","2","3","12","41","116","268","434","468","213","C0268600"
"3861","2","1","6","11","142","225","142","220","298","C0268600"
"11186","2","5","7","60","54","24","30","46","72","C0268621"
"58","2","5","8","63","45","23","103","464","187","C0268621"
"2033","2","3","12","19","31","1","91","433","118","C0268621"
"1026","2","3","12","19","31","1","116","489","416","C0268621"
"54345","2","5","3","19","221","321","428","541","667","C0268621"
"5147","2","3","5","60","54","24","30","46","72","C0268621"
"579","2","3","3","19","221","321","428","541","667","C0268621"
"7248","2","3","2","48","57","110","141","359","462","C0268624"
"4729","2","3","2","48","170","50","119","444","556","C0268624"
"50640","2","3","5","116","183","295","398","243","327","C0268630"
"4519","2","3","2","48","170","50","119","508","312","C0268630"
"4522","2","3","5","15","166","104","262","121","167","C0268630"
"4286","2","3","12","19","31","261","116","1","664","C0268630"
"2700","2","3","6","76","153","40","38","54","75","C0268630"
"3105","2","5","7","53","51","119","156","287","116","C0268630"
"26146","2","3","12","76","153","40","38","54","75","C0268630"
"5605","2","5","7","53","14","20","34","540","68","C0268630"
"445","2","3","2","84","97","167","210","278","360","C0268630"
"5654","2","5","7","53","51","342","454","573","492","C0268654"
"1373","2","3","8","84","97","167","210","271","536","C0268654"
"3766","2","5","8","63","36","166","106","110","158","C0268654"
"2299","2","3","3","19","221","321","428","541","667","C0268654"
"6674","2","3","12","48","57","50","38","54","462","C0268689"
"3784","2","5","8","63","36","166","106","110","158","C0268689"
"7021","2","3","12","19","31","261","91","433","664","C0268731"
"3930","2","3","2","22","33","323","66","3","464","C0268731"
"5091","2","3","2","35","40","130","166","57","435","C0268731"
"9786","2","3","12","76","153","40","38","54","75","C0268731"
"2115","2","3","12","19","31","276","91","433","118","C0268731"
"50846","2","3","3","68","221","197","259","560","422","C0268731"
"9409","2","3","5","43","161","305","409","208","482","C0268731"
"6331","2","5","8","63","36","166","341","223","158","C0268731"
"5420","2","5","7","34","52","342","454","64","492","C0268731"
"51119","2","3","2","110","85","237","433","547","671","C0268731"
"6497","2","5","3","19","221","342","259","423","389","C0268731"
"4920","2","5","7","53","14","20","259","560","373","C0268731"
"1836","2","3","2","35","41","94","260","330","375","C0268742"
"6926","2","5","7","53","51","335","259","560","373","C0268742"
"5261","2","5","7","53","14","20","34","540","68","C0268743"
"2937","2","3","2","83","171","97","381","478","597","C0268743"
"847","2","3","7","34","52","216","395","549","674","C0268747"
"8924","2","3","12","41","116","268","434","468","213","C0268747"
"3861","2","1","6","11","142","225","142","220","298","C0268747"
"10269","2","3","2","48","182","50","119","444","556","C0268747"
"60","2","3","12","60","45","184","155","287","78","C0268747"
"355","2","3","7","41","219","339","156","568","697","C0268747"
"2149","2","5","4","68","96","326","427","548","672","C0268747"
"3284","2","3","2","69","98","169","299","183","243","C0269011"
"10157","2","3","5","71","102","175","222","290","371","C0269011"
"2155","2","5","7","53","51","119","454","549","674","C0269011"
"51259","2","3","2","76","153","40","38","54","75","C0269011"
"51807","2","3","12","76","153","40","38","54","75","C0269011"
"9820","2","3","12","41","116","268","434","468","213","C0269011"
"10913","2","3","12","41","219","339","156","568","697","C0269011"
"1029","2","3","12","19","31","1","116","1","664","C0269269"
"6521","2","5","8","35","41","199","40","415","666","C0269269"
"9031","2","3","12","19","31","1","426","55","78","C0269269"
"2261","2","5","7","53","14","20","25","40","186","C0269269"
"4734","2","3","12","41","116","268","434","468","213","C0269269"
"6794","2","3","12","53","14","20","34","540","68","C0269269"
"1723","2","3","2","48","170","50","119","444","556","C0269269"
"8867","2","3","5","60","14","184","341","544","669","C0270254"
"5192","2","3","5","43","161","305","409","208","482","C0270254"
"8647","2","3","5","46","158","252","352","449","563","C0270458"
"1643","2","3","12","41","116","268","434","468","213","C0270458"
"6792","2","5","7","53","14","20","34","540","68","C0270458"
"846","2","5","4","68","96","326","427","548","672","C0270458"
"7421","2","3","3","19","151","276","91","433","118","C0270458"
"6309","2","3","5","19","151","76","48","69","204","C0270458"
"4282","2","5","7","34","52","216","395","549","674","C0270458"
"348","2","5","7","53","51","342","454","573","492","C0270496"
"4359","2","5","7","53","51","342","454","573","492","C0270496"
"3861","2","1","6","11","142","225","142","220","298","C0270612"
"582","2","3","12","76","153","76","38","54","75","C0270612"
"6391","2","3","2","48","170","50","119","444","556","C0270612"
"4000","2","3","12","26","105","178","226","297","156","C0270612"
"7840","2","3","12","76","153","40","38","54","75","C0270612"
"6529","2","5","8","45","94","199","240","415","666","C0270612"
"53834","2","5","7","53","51","342","454","573","492","C0270612"
"23230","2","5","7","11","142","71","341","560","219","C0270612"
"8878","2","3","12","41","219","339","156","568","697","C0270612"
"5917","2","3","2","110","85","237","433","547","154","C0270612"
"4221","2","3","12","19","31","342","454","573","492","C0270612"
"8200","2","5","7","53","51","342","259","423","389","C0270612"
"64131","2","3","2","74","205","191","98","66","203","C0270612"
"3458","2","5","7","53","184","119","156","287","116","C0270612"
"6888","2","3","2","90","167","266","367","500","577","C0270612"
"26270","2","3","12","41","116","268","434","468","213","C0270612"
"7517","2","3","12","19","31","261","116","1","86","C0270612"
"249","2","3","5","27","51","335","444","560","373","C0270612"
"8820","2","3","3","19","221","321","428","541","667","C0270612"
"50506","2","3","2","36","48","89","110","400","341","C0270612"
"9401","2","3","12","76","31","261","116","1","86","C0270612"
"7251","2","3","2","48","57","110","141","359","462","C0270612"
"28514","2","5","7","53","51","143","428","236","667","C0270612"
"8626","2","3","3","19","221","321","428","541","667","C0270612"
"1954","2","5","7","53","51","342","454","573","492","C0270612"
"3106","2","5","7","34","52","119","395","549","674","C0270612"
"2778","2","5","4","68","96","326","427","548","672","C0270612"
"26119","2","5","7","60","14","184","341","544","669","C0270612"
"8546","2","5","7","60","18","184","341","544","669","C0270612"
"207","2","3","7","53","14","20","34","489","416","C0270680"
"6399","2","5","7","60","54","24","30","46","72","C0270680"
"4683","2","3","12","19","31","261","116","1","86","C0270726"
"51164","2","3","7","76","153","40","38","54","75","C0270726"
"23095","2","3","7","76","153","40","38","54","75","C0270736"
"4693","2","5","7","53","51","342","454","573","492","C0270736"
"5290","2","3","7","53","14","20","25","40","186","C0270790"
"2969","2","3","12","19","31","276","91","433","118","C0270790"
"9939","2","3","2","22","33","323","66","101","136","C0270790"
"10661","2","3","12","19","31","1","426","55","78","C0270790"
"3845","2","5","7","60","54","24","30","46","72","C0270790"
"100134444","2","5","7","60","36","71","341","223","219","C0270790"
"1278","2","5","7","53","51","342","454","573","492","C0270790"
"8518","2","3","12","19","31","1","426","55","78","C0270790"
"8600","2","5","7","41","219","339","156","568","697","C0270834"
"51010","2","3","2","110","85","237","433","547","671","C0270834"
"6662","2","3","3","19","221","321","428","541","667","C0270834"
"940","2","5","7","53","14","20","25","40","186","C0270834"
"1357","2","3","5","80","81","166","397","418","568","C0270834"
"2175","2","3","12","19","31","261","116","1","86","C0270834"
"392255","2","5","7","53","51","342","259","423","389","C0270834"
"5781","2","5","7","53","14","20","25","40","186","C0270834"
"1280","2","5","7","53","51","342","454","573","492","C0270834"
"8787","2","5","4","68","96","326","427","548","672","C0270846"
"4715","2","3","2","48","170","50","119","444","556","C0270846"
"1317","2","3","7","25","44","165","101","274","358","C0270846"
"4978","2","5","7","27","51","335","444","560","373","C0270846"
"10002","2","3","3","19","151","276","91","433","118","C0270846"
"57393","2","3","8","45","94","199","240","415","666","C0270846"
"3908","2","5","7","53","51","342","454","573","492","C0270846"
"2332","2","3","2","22","33","71","373","466","609","C0270846"
"3752","2","5","8","63","36","166","106","110","158","C0270846"
"7518","2","3","12","19","31","261","116","1","86","C0270846"
"6648","2","3","2","95","151","160","378","173","229","C0270846"
"7476","2","5","3","68","221","197","259","560","422","C0270850"
"1499","2","3","12","19","221","197","259","560","422","C0270850"
"9321","2","3","12","76","153","40","38","54","203","C0270850"
"2033","2","3","12","19","31","1","91","433","118","C0270850"
"2074","2","3","12","19","31","1","426","55","78","C0270850"
"23334","2","3","5","48","179","289","133","179","476","C0270850"
"6736","2","3","12","19","31","276","91","433","667","C0270853"
"22926","2","3","12","19","31","276","91","433","118","C0270853"
"94","2","5","7","53","51","342","259","423","389","C0270853"
"2969","2","3","12","19","31","276","91","433","118","C0270853"
"3972","2","5","4","68","96","326","427","548","672","C0270853"
"9215","2","5","2","27","36","150","430","215","628","C0270853"
"11285","2","3","2","74","205","191","396","408","620","C0270853"
"26277","2","3","12","19","31","1","426","1","78","C0270855"
"5119","2","3","2","48","57","110","141","359","462","C0270855"
"3748","2","5","8","63","36","166","106","110","158","C0270871"
"4921","2","5","7","53","14","20","25","573","186","C0270871"
"23090","2","3","12","19","151","276","91","433","118","C0270871"
"285489","2","5","7","60","36","71","341","223","219","C0270871"
"8517","2","3","12","41","219","339","156","568","697","C0270914"
"5351","2","5","7","53","51","342","454","573","492","C0270914"
"53834","2","5","7","53","51","342","454","573","492","C0270914"
"1281","2","5","7","53","51","342","454","573","492","C0270914"
"411","2","3","7","34","52","216","395","549","674","C0270921"
"3549","2","5","3","53","51","197","259","560","422","C0270921"
"6870","2","5","4","68","96","326","427","548","672","C0270921"
"3561","2","5","7","53","14","20","25","40","186","C0270921"
"54901","2","3","2","110","85","152","129","252","154","C0270921"
"773","2","5","8","27","36","166","341","223","628","C0270921"
"4626","2","5","8","63","45","23","103","464","187","C0270921"
"51085","2","3","2","48","57","110","141","359","462","C0270921"
"9927","2","3","12","19","31","118","155","287","116","C0270921"
"2077","2","3","12","76","153","40","38","54","75","C0270921"
"4088","2","3","12","19","219","339","259","423","605","C0270921"
"7273","2","5","7","53","51","342","103","464","702","C0270921"
"2562","2","5","8","27","70","99","162","216","290","C0270921"
"51095","2","3","12","22","33","323","66","101","664","C0270921"
"4591","2","3","12","41","116","268","434","468","213","C0270921"
"22930","2","5","7","60","54","24","30","46","72","C0270921"
"81494","2","5","6","53","51","119","395","549","673","C0270921"
"332","2","3","12","76","153","40","38","54","75","C0270921"
"4982","2","5","12","41","219","339","156","568","697","C0270922"
"2316","2","5","7","53","51","342","454","573","702","C0270922"
"1302","2","5","7","53","51","342","454","573","492","C0270922"
"26191","2","5","7","53","14","20","25","40","186","C0270922"
"80224","2","3","2","48","170","50","119","444","556","C0270922"
"2316","2","5","7","53","51","342","454","573","702","C0270922"
"1760","2","5","8","63","14","20","34","540","68","C0270922"
"25974","2","3","7","48","51","105","139","186","245","C0270972"
"7681","2","3","12","41","116","268","434","468","213","C0270972"
"593","2","3","2","67","92","293","55","75","311","C0270972"
"2187","2","3","12","19","31","261","116","1","86","C0270972"
"25959","2","3","3","19","151","276","91","433","118","C0270972"
"6135","2","3","2","110","85","237","433","547","671","C0271007"
"673","2","5","7","53","14","20","34","540","68","C0271007"
"1789","2","3","12","19","31","1","426","55","78","C0271007"
"10269","2","3","2","48","182","50","119","444","556","C0271007"
"5888","2","3","12","19","31","261","116","1","86","C0271007"
"23462","2","3","12","19","31","143","428","236","667","C0271051"
"7461","2","3","7","60","153","40","38","93","75","C0271051"
"1836","2","3","2","35","41","94","260","330","375","C0271051"
"2146","2","3","12","19","31","1","426","55","78","C0271092"
"8842","2","5","5","53","82","147","184","179","328","C0271092"
"54361","2","5","3","68","221","197","259","560","422","C0271092"
"6016","2","5","7","60","54","24","30","46","72","C0271092"
"4488","2","3","3","19","221","321","428","541","667","C0271093"
"5159","2","5","7","53","14","20","25","40","186","C0271093"
"2592","2","3","2","68","117","196","257","326","419","C0271093"
"1300","2","5","7","53","51","342","454","573","492","C0271093"
"672","2","3","12","19","31","261","116","1","86","C0271093"
"9241","2","5","7","53","51","342","259","423","389","C0271097"
"5167","2","3","5","32","93","163","207","303","126","C0271097"
"79648","2","3","12","19","31","1","426","55","78","C0271183"
"3643","2","5","7","53","14","20","25","40","186","C0271183"
"10459","2","3","12","76","31","261","116","1","86","C0271183"
"80324","2","3","2","110","85","152","129","252","154","C0271183"
"1130","2","5","7","60","54","326","141","359","462","C0271183"
"24","2","3","12","41","116","268","423","536","445","C0271183"
"3952","2","5","3","53","151","276","91","433","118","C0271183"
"4747","2","5","7","27","36","150","341","223","628","C0271183"
"4337","2","3","2","80","91","75","204","267","352","C0271183"
"50485","2","3","12","19","31","261","116","1","86","C0271183"
"4000","2","3","12","26","105","178","226","297","156","C0271183"
"6897","2","3","2","110","85","237","433","252","154","C0271183"
"4089","2","3","12","19","219","339","259","423","605","C0271183"
"1030","2","3","12","19","31","1","426","55","78","C0271183"
"9049","2","3","3","41","151","276","378","271","356","C0271183"
"5982","2","3","12","19","31","261","116","1","86","C0271183"
"4692","2","5","7","53","51","119","402","489","416","C0271183"
"3575","2","5","7","53","51","184","341","544","669","C0271183"
"261734","2","3","12","76","153","40","38","54","75","C0271183"
"1991","2","5","7","34","52","216","395","549","674","C0271183"
"1374","2","3","2","19","151","276","91","433","118","C0271183"
"5745","2","5","4","68","96","326","427","548","672","C0271183"
"8195","2","3","12","76","153","76","38","54","75","C0271185"
"1991","2","5","7","34","52","216","395","549","674","C0271185"
"7169","2","5","8","63","45","23","103","464","187","C0271196"
"6938","2","3","12","19","31","1","426","55","78","C0271196"
"64711","2","3","2","74","58","112","148","499","665","C0271196"
"5310","2","5","7","53","51","335","444","560","373","C0271196"
"5573","2","3","12","19","184","118","155","287","116","C0271196"
"9409","2","3","5","43","161","305","409","208","482","C0271196"
"3265","2","5","7","60","54","24","30","46","72","C0271196"
"3553","2","5","7","53","51","119","25","489","416","C0271196"
"720","2","5","7","53","51","342","454","573","492","C0271196"
"10459","2","3","12","76","31","261","116","1","86","C0271196"
"2492","2","5","4","68","96","326","427","548","672","C0271196"
"7298","2","3","12","76","153","40","38","54","75","C0271288"
"6689","2","3","12","19","31","276","91","433","118","C0271288"
"56899","2","5","7","50","30","193","306","148","624","C0271321"
"6949","2","3","2","110","85","237","164","390","311","C0271321"
"5828","2","3","5","43","161","305","409","208","482","C0271321"
"4312","2","5","7","53","51","342","454","573","492","C0271344"
"9179","2","5","7","60","18","184","341","544","669","C0271344"
"4780","2","3","12","19","31","276","91","433","118","C0271344"
"55636","2","3","3","19","221","321","428","423","389","C0271344"
"55315","2","3","5","80","81","296","62","94","150","C0271344"
"26580","2","5","8","27","70","99","162","216","290","C0271344"
"6569","2","3","8","45","94","199","240","415","666","C0271344"
"7084","2","3","2","72","109","115","62","268","353","C0271385"
"2657","2","5","7","53","51","342","259","423","389","C0271385"
"7295","2","3","2","48","57","110","141","359","229","C0271385"
"8797","2","5","7","41","219","339","156","568","697","C0271385"
"2077","2","3","12","76","153","40","38","54","75","C0271385"
"356","2","5","7","53","219","339","25","489","697","C0271385"
"8289","2","3","12","19","31","1","426","55","78","C0271385"
"2255","2","5","7","53","14","20","25","40","186","C0271385"
"4038","2","5","7","53","51","342","454","573","492","C0271385"
"2657","2","5","7","53","51","342","259","423","389","C0271385"
"7291","2","3","12","19","151","276","91","489","416","C0271388"
"2879","2","3","5","80","81","166","378","173","229","C0271388"
"3604","2","3","12","41","219","339","156","568","697","C0271388"
"55129","2","5","8","63","45","23","34","464","187","C0271388"
"1763","2","3","12","19","31","261","116","1","86","C0271388"
"2566","2","5","8","27","70","99","162","216","290","C0271388"
"1848","2","3","5","42","81","296","399","201","274","C0271388"
"1896","2","5","12","41","219","339","156","568","697","C0271388"
"1380","2","5","7","53","51","119","395","549","674","C0271388"
"4193","2","3","12","19","31","1","116","89","605","C0271388"
"1297","2","5","7","53","51","342","454","573","492","C0271388"
"4921","2","5","7","53","14","20","25","573","186","C0271388"
"2879","2","3","5","80","81","166","378","173","229","C0271388"
"6926","2","5","7","53","51","335","259","560","373","C0271388"
"4724","2","3","2","48","170","50","119","444","556","C0271390"
"4514","2","3","2","48","57","110","141","359","5","C0271390"
"51752","2","3","2","41","153","119","156","536","116","C0271390"
"5896","2","3","12","41","116","268","434","568","605","C0271390"
"29954","2","5","2","27","206","324","430","215","290","C0271390"
"7421","2","3","3","19","151","276","91","433","118","C0271390"
"5076","2","3","3","19","221","321","428","541","667","C0271390"
"3159","2","3","12","19","31","276","91","433","664","C0271390"
"25978","2","3","2","48","57","110","141","359","462","C0271390"
"5251","2","3","5","80","81","296","474","593","722","C0271390"
"4621","2","5","8","63","45","23","103","464","187","C0271390"
"4281","2","5","7","53","184","119","156","287","116","C0271390"
"5781","2","5","7","53","14","20","25","40","186","C0271567"
"2131","2","3","2","74","58","112","148","181","416","C0271567"
"3998","2","3","7","60","153","40","202","66","203","C0271578"
"2638","2","5","8","63","45","23","103","464","187","C0271578"
"5573","2","3","12","19","184","118","155","287","116","C0271578"
"3586","2","5","7","53","51","119","25","489","416","C0271578"
"25978","2","3","2","48","57","110","141","359","462","C0271578"
"9368","2","5","7","42","36","71","177","223","219","C0271578"
"3425","2","3","5","80","81","166","454","573","492","C0271578"
"10815","2","5","7","60","36","71","341","223","666","C0271578"
"1293","2","5","7","53","51","342","454","573","492","C0271578"
"54463","2","3","2","48","57","110","141","359","462","C0271578"
"6443","2","5","8","63","45","23","103","464","187","C0271578"
"1413","2","3","6","63","45","160","362","177","673","C0271578"
"6774","2","3","12","53","14","276","25","489","416","C0271578"
"2263","2","5","7","53","14","20","25","40","186","C0271578"
"4053","2","5","7","53","51","342","454","573","492","C0271578"
"3655","2","5","7","53","51","342","454","573","492","C0271578"
"1144","2","5","8","27","70","99","162","216","290","C0271578"
"2737","2","3","12","19","116","321","428","54","667","C0271578"
"23090","2","3","12","19","151","276","91","433","118","C0271582"
"3861","2","1","6","11","142","225","142","220","298","C0271582"
"3229","2","3","3","19","221","321","428","541","667","C0271583"
"3736","2","5","8","63","36","166","106","110","158","C0271583"
"538","2","3","8","63","45","23","103","464","187","C0271650"
"10982","2","3","12","76","153","40","38","54","75","C0271650"
"3691","2","5","7","53","51","342","454","573","492","C0271650"
"2639","2","3","2","71","148","34","160","115","164","C0271650"
"10436","2","3","2","110","85","237","433","547","671","C0271650"
"95681","2","3","12","76","153","40","38","54","75","C0271650"
"9215","2","5","2","27","36","150","430","215","628","C0271650"
"10743","2","3","3","19","151","276","91","433","118","C0271650"
"7486","2","3","12","19","31","261","116","1","86","C0271650"
"4221","2","3","12","19","31","342","454","573","492","C0271650"
"3035","2","3","2","110","85","237","433","547","154","C0271650"
"1401","2","5","7","53","51","119","395","573","492","C0271650"
"57057","2","5","7","53","51","342","444","560","373","C0271650"
"23414","2","3","12","19","31","118","155","287","116","C0271650"
"4763","2","5","7","60","54","24","30","46","214","C0271650"
"2969","2","3","12","19","31","276","91","433","118","C0271650"
"5189","2","3","5","43","161","305","409","208","482","C0271650"
"7248","2","3","2","48","57","110","141","359","462","C0271650"
"6535","2","5","8","45","94","199","240","415","666","C0271650"
"4200","2","3","2","67","92","293","55","75","311","C0271650"
"5447","2","3","5","91","214","271","372","471","586","C0271650"
"22995","2","3","12","76","153","40","38","54","75","C0271650"
"6638","2","3","2","22","33","323","66","101","136","C0271650"
"1028","2","3","12","19","31","1","116","1","86","C0271650"
"9101","2","3","12","41","219","339","156","568","605","C0271650"
"8322","2","5","3","68","221","184","259","544","669","C0271650"
"3074","2","3","7","34","52","216","395","549","607","C0271650"
"25814","2","3","2","48","170","110","119","444","462","C0271650"
"3909","2","5","7","53","51","342","454","573","492","C0271683"
"7275","2","5","7","53","14","20","25","40","186","C0271683"
"675","2","3","12","19","31","261","116","1","86","C0271683"
"6911","2","5","6","19","142","335","259","560","373","C0271683"
"5199","2","5","7","34","52","216","395","549","674","C0271694"
"2253","2","5","7","53","14","20","25","40","186","C0271694"
"5599","2","3","12","19","31","1","34","540","68","C0271694"
"24","2","3","12","41","116","268","423","536","445","C0271694"
"6497","2","5","3","19","221","342","259","423","389","C0271694"
"6566","2","3","2","67","37","316","422","535","660","C0271708"
"5648","2","5","7","53","51","119","395","549","674","C0271708"
"3239","2","3","3","19","221","321","428","541","667","C0271708"
"1836","2","3","2","35","41","94","260","330","375","C0271708"
"4763","2","5","7","60","54","24","30","46","214","C0271708"
"8085","2","3","12","19","31","1","426","55","78","C0271708"
"55212","2","3","12","76","153","76","38","54","75","C0271708"
"7432","2","5","4","68","96","326","427","548","672","C0271708"
"2260","2","5","7","53","14","20","25","40","186","C0271710"
"1969","2","5","7","53","14","20","25","560","186","C0271710"
"111","2","5","4","68","96","326","427","548","672","C0271742"
"1144","2","5","8","27","70","99","162","216","290","C0271742"
"11005","2","1","6","11","142","225","142","220","298","C0271801"
"4638","2","5","7","53","45","23","103","464","187","C0271801"
"27031","2","3","6","11","142","225","38","331","506","C0271801"
"3423","2","3","5","74","3","342","374","294","590","C0271801"
"6261","2","5","8","63","45","23","34","464","187","C0271801"
"7048","2","5","7","53","51","342","259","423","389","C0271801"
"675","2","3","12","19","31","261","116","1","86","C0271829"
"4524","2","3","2","15","166","104","369","117","583","C0271829"
"6295","2","3","4","68","45","272","427","518","621","C0271829"
"8996","2","3","12","41","219","339","156","568","697","C0271844"
"5605","2","5","7","53","14","20","34","540","68","C0271844"
"1636","2","3","5","80","81","166","397","418","568","C0271844"
"4094","2","3","12","19","31","276","91","433","118","C0271844"
"1807","2","3","5","80","23","186","79","560","273","C0271844"
"1788","2","3","12","19","31","1","426","55","78","C0271844"
"3845","2","5","7","60","54","24","30","46","72","C0271901"
"1906","2","5","4","68","96","326","427","548","672","C0271901"
"7124","2","3","12","41","219","339","156","568","697","C0271901"
"9420","2","3","5","79","159","256","215","282","366","C0271901"
"6689","2","3","12","19","31","276","91","433","118","C0271901"
"1716","2","3","2","27","36","150","221","138","188","C0271901"
"410","2","3","7","34","52","216","395","549","674","C0271901"
"6948","2","5","7","48","51","105","139","186","245","C0271901"
"4597","2","3","3","72","151","276","91","433","118","C0271901"
"10019","2","5","7","53","14","20","25","40","116","C0271901"
"26504","2","3","5","42","81","296","399","201","274","C0271901"
"9790","2","3","2","110","85","237","433","547","671","C0271933"
"3949","2","5","7","60","14","184","341","544","669","C0271933"
"55214","2","5","7","53","51","342","454","573","492","C0271985"
"79955","2","5","7","42","36","71","177","223","219","C0271985"
"6736","2","3","12","19","31","276","91","433","667","C0271985"
"9031","2","3","12","19","31","1","426","55","78","C0272027"
"10892","2","5","7","53","219","119","156","568","697","C0272027"
"23384","2","3","12","63","45","184","103","572","658","C0272027"
"1285","2","5","7","53","51","342","454","573","492","C0272027"
"54106","2","5","7","53","219","20","156","40","697","C0272027"
"2184","2","3","5","76","153","138","236","332","407","C0272027"
"208","2","5","7","53","14","20","34","540","68","C0272027"
"6010","2","5","4","68","96","326","427","548","672","C0272027"
"51651","2","3","12","41","219","339","156","568","605","C0272027"
"9401","2","3","12","76","31","261","116","1","86","C0272027"
"2990","2","3","7","34","52","216","395","549","674","C0272027"
"1027","2","3","12","19","31","1","116","1","86","C0272027"
"1071","2","5","7","53","51","342","454","573","492","C0272027"
"1292","2","5","7","53","51","342","454","573","492","C0272027"
"26278","2","3","12","41","116","268","347","271","356","C0272027"
"4593","2","5","7","53","14","20","454","573","492","C0272027"
"2690","2","5","7","53","14","20","25","40","186","C0272051"
"4976","2","3","2","48","170","50","119","444","556","C0272051"
"23630","2","5","8","63","36","166","106","110","158","C0272051"
"5447","2","3","5","91","214","271","372","471","586","C0272052"
"9215","2","5","2","27","36","150","430","215","628","C0272052"
"6913","2","3","3","19","221","321","428","541","667","C0272052"
"9742","2","3","12","76","153","40","38","54","75","C0272087"
"7399","2","5","7","53","51","342","454","573","492","C0272087"
"6439","2","5","5","68","96","185","238","310","272","C0272199"
"9871","2","3","7","60","153","40","38","54","203","C0272199"
"4221","2","3","12","19","31","342","454","573","492","C0272199"
"51684","2","3","12","41","116","268","38","54","75","C0272199"
"55240","2","3","5","29","88","132","402","489","551","C0272236"
"4023","2","3","5","24","51","342","91","20","27","C0272236"
"54209","2","5","7","53","51","119","395","549","674","C0272236"
"10166","2","3","2","84","97","167","210","278","360","C0272242"
"2121","2","3","12","41","116","268","434","568","605","C0272242"
"9343","2","3","2","22","33","323","66","101","136","C0272242"
"3559","2","5","7","53","14","20","25","40","186","C0272242"
"10083","2","5","7","42","36","71","177","223","219","C0272242"
"617","2","3","2","48","170","50","304","167","593","C0272242"
"85366","2","5","7","41","14","20","34","540","68","C0272242"
"3845","2","5","7","60","54","24","30","46","72","C0272278"
"1717","2","3","2","19","151","276","48","69","204","C0272278"
"8573","2","5","7","53","36","71","341","223","219","C0272278"
"79577","2","3","12","19","31","261","116","159","211","C0272302"
"51761","2","5","8","63","45","23","103","464","187","C0272302"
"8813","2","3","2","48","116","142","136","280","363","C0272350"
"6792","2","5","7","53","14","20","34","540","68","C0272350"
"4023","2","3","5","24","51","342","91","20","27","C0272350"
"8988","2","3","8","63","45","160","103","464","187","C0272375"
"2642","2","5","4","68","96","326","427","548","672","C0272375"
"477","2","3","8","63","45","23","103","464","187","C0272375"
"5339","2","5","7","53","51","342","454","573","492","C0272375"
"5521","2","3","12","76","137","76","136","472","435","C0272375"
"1717","2","3","2","19","151","276","48","69","204","C0272375"
"286","2","5","7","60","153","40","38","54","203","C0273115"
"9051","2","5","7","60","14","20","25","40","215","C0273115"
"585","2","3","12","76","153","40","38","54","75","C0273115"
"5624","2","5","7","53","51","342","454","573","492","C0273115"
"26277","2","3","12","19","31","1","426","1","78","C0273115"
"1969","2","5","7","53","14","20","25","560","186","C0273115"
"11136","2","3","5","80","94","199","240","415","666","C0273115"
"57505","2","3","2","110","85","67","76","252","154","C0273115"
"5149","2","3","5","68","38","16","477","596","725","C0273115"
"4335","2","3","12","19","31","1","426","55","78","C0273115"
"6391","2","3","2","48","170","50","119","444","556","C0273115"
"4668","2","3","5","21","111","188","242","313","396","C0273115"
"23765","2","3","12","41","219","238","252","489","416","C0273115"
"4771","2","5","7","60","36","71","177","64","215","C0273115"
"7461","2","3","7","60","153","40","38","93","75","C0273115"
"9632","2","3","7","60","153","40","38","54","203","C0273115"
"7466","2","5","7","53","51","342","454","573","492","C0273115"
"1080","2","3","12","41","219","339","156","544","669","C0273115"
"7480","2","5","3","68","221","197","259","560","422","C0273115"
"701","2","3","12","76","153","40","38","54","75","C0273115"
"29954","2","5","2","27","206","324","430","215","290","C0276226"
"5972","2","5","5","34","52","216","397","418","568","C0276226"
"54840","2","3","12","19","31","261","116","1","86","C0276226"
"26227","2","3","2","41","137","44","208","81","108","C0276226"
"3417","2","3","7","34","52","216","395","549","319","C0276226"
"5932","2","3","12","19","31","261","116","1","86","C0276226"
"1896","2","5","12","41","219","339","156","568","697","C0277799"
"183","2","5","4","68","96","326","427","548","672","C0277799"
"6154","2","3","2","110","85","237","433","547","671","C0277799"
"6863","2","5","4","68","96","326","427","548","672","C0277799"
"372","2","3","7","76","153","40","38","54","75","C0277799"
"8481","2","3","12","76","153","40","38","54","75","C0277799"
"3172","2","3","3","19","151","276","91","433","118","C0277799"
"6197","2","3","12","19","14","20","34","540","68","C0277799"
"9420","2","3","5","79","159","256","215","282","366","C0277799"
"6391","2","3","2","48","170","50","119","444","556","C0277799"
"22909","2","3","12","19","31","261","116","1","86","C0277799"
"2736","2","3","12","41","116","321","428","54","667","C0277799"
"1543","2","3","5","91","151","276","91","433","118","C0277799"
"51684","2","3","12","41","116","268","38","54","75","C0277799"
"7421","2","3","3","19","151","276","91","433","118","C0277799"
"7080","2","3","3","19","221","321","428","541","667","C0277827"
"773","2","5","8","27","36","166","341","223","628","C0277827"
"1499","2","3","12","19","221","197","259","560","422","C0277828"
"2067","2","3","12","19","31","261","116","1","86","C0277828"
"23545","2","3","5","29","88","132","85","222","346","C0277828"
"6899","2","5","7","53","184","335","259","560","373","C0277828"
"3588","2","5","7","53","51","119","25","40","186","C0277828"
"7421","2","3","3","19","151","276","91","433","118","C0277828"
"2592","2","3","2","68","117","196","257","326","419","C0277828"
"10397","2","3","2","110","81","148","402","51","383","C0277828"
"1406","2","3","3","19","221","321","428","541","667","C0277828"
"673","2","5","7","53","14","20","34","540","68","C0277828"
"8642","2","5","7","53","51","335","444","560","373","C0277828"
"26005","2","3","12","76","153","40","38","54","75","C0277828"
"1028","2","3","12","19","31","1","116","1","86","C0277828"
"867","2","5","7","53","14","184","25","40","669","C0277828"
"1644","2","3","2","88","79","239","333","258","345","C0277828"
"54209","2","5","7","53","51","119","395","549","674","C0277828"
"5443","2","5","4","68","96","326","427","548","672","C0277828"
"6583","2","3","2","85","36","107","139","186","654","C0277828"
"7415","2","3","7","34","52","216","395","536","445","C0277828"
"355","2","3","7","41","219","339","156","568","697","C0277828"
"2184","2","3","5","76","153","138","236","332","407","C0277828"
"4000","2","3","12","26","105","178","226","297","156","C0277828"
"4000","2","3","12","26","105","178","226","297","156","C0277828"
"9235","2","5","7","53","51","119","25","40","186","C0277828"
"2035","2","5","7","60","36","71","341","223","219","C0277828"
"8600","2","5","7","41","219","339","156","568","697","C0277828"
"23529","2","5","7","53","51","119","25","40","416","C0277828"
"948","2","5","7","34","52","216","91","433","702","C0277828"
"7827","2","5","7","53","170","335","25","560","373","C0277873"
"1280","2","5","7","53","51","342","454","573","492","C0277873"
"7170","2","5","8","63","45","23","103","464","187","C0277959"
"2261","2","5","7","53","14","20","25","40","186","C0277959"
"5444","2","3","5","80","147","236","328","411","229","C0277959"
"2592","2","3","2","68","117","196","257","326","419","C0277959"
"28982","2","3","5","25","44","165","101","274","358","C0277959"
"54941","2","3","12","41","116","268","434","468","213","C0277959"
"1758","2","5","7","53","51","342","454","573","492","C0277959"
"2316","2","5","7","53","51","342","454","573","702","C0277959"
"4668","2","3","5","21","111","188","242","313","396","C0277959"
"4853","2","3","12","19","124","143","428","236","667","C0277959"
"2261","2","5","7","53","14","20","25","40","186","C0277959"
"2653","2","3","2","67","104","214","234","306","388","C0277959"
"6271","2","5","7","34","52","23","103","464","187","C0277959"
"3420","2","3","2","67","34","198","33","107","3","C0277959"
"2108","2","3","2","48","170","50","119","444","556","C0277959"
"9927","2","3","12","19","31","118","155","287","116","C0277959"
"5321","2","3","5","116","183","295","398","243","327","C0277959"
"9420","2","3","5","79","159","256","215","282","366","C0277959"
"4763","2","5","7","60","54","24","30","46","214","C0277959"
"4322","2","5","7","53","51","342","454","573","492","C0277959"
"4351","2","3","2","90","167","266","367","500","577","C0277959"
"185","2","5","4","68","96","326","427","548","672","C0277959"
"9627","2","3","12","19","31","1","426","55","78","C0277959"
"51684","2","3","12","41","116","268","38","54","75","C0277959"
"7390","2","3","5","80","81","166","132","175","473","C0277959"
"23322","2","3","12","76","153","40","38","54","75","C0277959"
"2923","2","3","2","41","116","178","378","536","229","C0277959"
"1646","2","3","2","46","136","227","168","225","490","C0277959"
"4261","2","3","12","53","184","119","156","287","116","C0277959"
"2694","2","5","7","48","51","105","139","186","245","C0277959"
"7681","2","3","12","41","116","268","434","468","213","C0277959"
"54888","2","3","2","110","85","152","129","252","154","C0277960"
"3909","2","5","7","53","51","342","454","573","492","C0277960"
"3785","2","5","8","63","36","166","106","110","158","C0277960"
"5728","2","3","5","80","81","339","156","568","605","C0277960"
"2162","2","5","7","53","51","342","454","573","702","C0277960"
"5144","2","3","4","68","96","326","427","548","672","C0277960"
"55315","2","3","5","80","81","296","62","94","150","C0277960"
"51741","2","3","2","22","33","323","66","101","127","C0278184"
"4148","2","5","7","53","51","342","454","573","492","C0278184"
"5116","2","3","12","76","153","40","38","54","75","C0278184"
"51360","2","3","3","26","35","276","91","433","203","C0278184"
"7177","2","3","5","80","51","119","454","549","674","C0278184"
"8878","2","3","12","41","219","339","156","568","697","C0278184"
"1145","2","5","8","27","70","99","162","216","290","C0278184"
"6885","2","3","12","41","219","339","156","568","697","C0278184"
"4143","2","3","5","80","81","105","426","129","2","C0278184"
"9990","2","5","8","45","94","199","240","415","666","C0278804"
"3417","2","3","7","34","52","216","395","549","319","C0278804"
"367","2","3","12","19","31","276","91","433","118","C0278996"
"54361","2","5","3","68","221","197","259","560","422","C0278996"
"1906","2","5","4","68","96","326","427","548","672","C0279628"
"51604","2","3","2","61","77","142","176","235","317","C0279628"
"213","2","5","7","53","51","342","454","573","492","C0279628"
"9380","2","3","2","67","128","208","289","366","472","C0279628"
"9451","2","3","2","110","51","335","226","297","380","C0279628"
"51114","2","5","5","68","96","326","162","216","290","C0279628"
"10269","2","3","2","48","182","50","119","444","556","C0279628"
"4552","2","3","7","48","81","105","139","186","245","C0279628"
"128178","2","3","12","41","219","339","156","568","697","C0279628"
"7422","2","5","7","53","51","342","454","573","702","C0279628"
"22845","2","3","2","48","68","125","161","214","288","C0279628"
"2627","2","3","12","19","31","118","155","287","116","C0279628"
"10269","2","3","2","48","182","50","119","444","556","C0279628"
"3560","2","5","7","53","14","20","25","40","186","C0279628"
"650","2","5","7","53","51","342","259","423","389","C0279680"
"801","2","5","8","63","45","23","103","464","187","C0279680"
"54928","2","3","2","37","105","92","113","154","201","C0279680"
"1605","2","5","7","53","51","342","454","573","492","C0279680"
"551","2","5","4","68","96","326","427","548","672","C0279680"
"23426","2","5","7","42","36","71","177","223","219","C0279680"
"2969","2","3","12","19","31","276","91","433","118","C0279680"
"3759","2","5","8","63","36","166","106","110","158","C0279680"
"79465","2","5","7","53","51","119","395","549","674","C0279680"
"5002","2","5","8","45","94","199","240","415","666","C0279680"
"6303","2","3","2","67","118","160","261","188","423","C0279680"
"401","2","3","3","19","221","321","428","541","667","C0279680"
"2697","2","3","7","76","153","40","38","54","75","C0279680"
"26227","2","3","2","41","137","44","208","81","108","C0279680"
"1999","2","3","3","19","221","321","428","148","667","C0279680"
"25978","2","3","2","48","57","110","141","359","462","C0279680"
"16","2","3","2","110","85","237","433","547","154","C0279680"
"182","2","5","7","53","51","143","428","236","667","C0279702"
"177","2","5","7","53","51","339","156","568","697","C0279702"
"54","2","3","5","80","81","178","195","256","342","C0279702"
"4843","2","3","5","43","161","305","409","489","416","C0279702"
"8398","2","3","5","116","183","40","38","352","455","C0279702"
"2260","2","5","7","53","14","20","25","40","186","C0279702"
"8516","2","5","7","53","51","342","454","573","492","C0279980"
"6597","2","3","12","19","31","1","426","55","78","C0279980"
"2248","2","5","7","53","14","20","25","40","186","C0279980"
"6531","2","5","8","45","94","199","240","415","666","C0279980"
"9049","2","3","3","41","151","276","378","271","356","C0280631"
"9496","2","5","6","11","142","225","142","220","673","C0280631"
"2260","2","5","7","53","14","20","25","40","186","C0280631"
"54209","2","5","7","53","51","119","395","549","674","C0280631"
"6335","2","5","8","63","36","166","341","390","158","C0280631"
"10019","2","5","7","53","14","20","25","40","116","C0280631"
"5193","2","3","5","43","161","305","409","208","482","C0280631"
"4508","2","3","2","48","170","50","119","444","556","C0280631"
"4000","2","3","12","26","105","178","226","297","156","C0280631"
"3953","2","5","7","53","14","20","25","40","186","C0280631"
"23503","2","3","6","11","142","225","142","220","298","C0280631"
"3586","2","5","7","53","51","119","25","489","416","C0280631"
"23411","2","3","12","19","31","1","91","433","118","C0280631"
"54808","2","3","12","76","153","40","38","54","75","C0281508"
"5144","2","3","4","68","96","326","427","548","672","C0281508"
"3052","2","3","2","48","170","50","119","444","556","C0281966"
"673","2","5","7","53","14","20","34","540","68","C0281966"
"183","2","5","4","68","96","326","427","548","672","C0281966"
"5318","2","1","6","11","142","225","142","220","298","C0281966"
"6311","2","3","2","22","33","323","66","362","468","C0281966"
"644","2","3","2","42","49","93","192","253","338","C0281966"
"959","2","5","7","53","51","119","395","549","674","C0281966"
"7080","2","3","3","19","221","321","428","541","667","C0281966"
"6314","2","3","12","19","31","1","426","568","78","C0281966"
"55135","2","3","12","76","137","76","136","472","435","C0281966"
"6934","2","3","12","19","31","1","428","541","667","C0281966"
"3630","2","5","7","53","14","20","25","40","186","C0281966"
"11136","2","3","5","80","94","199","240","415","666","C0281966"
"673","2","5","7","53","14","20","34","540","68","C0281966"
"54209","2","5","7","53","51","119","395","549","674","C0281966"
"1106","2","3","12","19","31","1","426","55","78","C0281966"
"55151","2","3","2","26","35","85","38","54","75","C0281966"
"3178","2","3","2","22","33","323","66","101","136","C0282160"
"4668","2","3","5","21","111","188","242","313","396","C0282160"
"4645","2","3","4","67","92","293","55","75","311","C0282160"
"286","2","5","7","60","153","40","38","54","203","C0282160"
"7471","2","5","3","68","221","197","259","560","422","C0282160"
"1277","2","5","7","53","51","342","454","573","492","C0282160"
"1280","2","5","7","53","51","342","454","573","492","C0282160"
"6391","2","3","2","48","170","50","119","444","556","C0282160"
"6772","2","3","12","53","184","119","156","287","116","C0282160"
"3730","2","5","7","53","14","20","25","40","186","C0282160"
"3060","2","5","4","68","96","326","427","548","672","C0282160"
"79728","2","3","12","19","31","261","116","1","86","C0282160"
"2316","2","5","7","53","51","342","454","573","702","C0282160"
"200879","2","3","5","116","183","295","398","552","622","C0282160"
"3908","2","5","7","53","51","342","454","573","492","C0282193"
"4920","2","5","7","53","14","20","259","560","373","C0282193"
"2542","2","3","5","80","81","296","399","500","577","C0282193"
"1291","2","5","7","53","51","342","454","573","492","C0282193"
"1837","2","5","8","63","45","23","103","464","187","C0282193"
"6531","2","5","8","45","94","199","240","415","666","C0282488"
"673","2","5","7","53","14","20","34","540","68","C0282488"
"5159","2","5","7","53","14","20","25","40","186","C0282488"
"7518","2","3","12","19","31","261","116","1","86","C0282525"
"54880","2","3","12","19","31","1","426","55","78","C0282525"
"7249","2","3","7","60","57","110","141","359","462","C0282525"
"3758","2","5","8","63","36","166","106","110","158","C0282525"
"6452","2","5","7","53","14","20","25","40","186","C0282525"
"27130","2","3","12","48","45","143","38","236","69","C0282525"
"1588","2","3","5","79","159","256","350","27","44","C0282525"
"5447","2","3","5","91","214","271","372","471","586","C0282525"
"5290","2","3","7","53","14","20","25","40","186","C0282525"
"1482","2","3","3","19","221","321","428","541","667","C0282525"
"5594","2","5","7","34","14","20","34","540","274","C0282525"
"348","2","5","7","53","51","342","454","573","492","C0282525"
"5745","2","5","4","68","96","326","427","548","672","C0282525"
"5521","2","3","12","76","137","76","136","472","435","C0282527"
"249","2","3","5","27","51","335","444","560","373","C0282527"
"843","2","3","12","41","219","339","156","568","697","C0282527"
"4976","2","3","2","48","170","50","119","444","556","C0282527"
"3763","2","5","8","63","36","166","106","110","158","C0282527"
"2109","2","3","2","48","170","50","119","444","556","C0282527"
"8398","2","3","5","116","183","40","38","352","455","C0282527"
"1717","2","3","2","19","151","276","48","69","204","C0282527"
"51128","2","5","7","60","153","24","38","46","72","C0282527"
"26229","2","3","2","74","205","191","396","408","257","C0282527"
"80339","2","3","5","2","213","334","443","559","687","C0282527"
"805","2","5","8","53","45","20","34","464","187","C0282527"
"9935","2","3","12","19","31","1","426","55","78","C0282527"
"4629","2","5","8","63","45","23","103","464","187","C0282528"
"5465","2","3","3","19","151","276","91","433","118","C0282528"
"8195","2","3","12","76","153","76","38","54","75","C0282548"
"2033","2","3","12","19","31","1","91","433","118","C0282548"
"7051","2","1","6","11","142","225","142","220","298","C0282612"
"1938","2","3","7","34","52","216","395","549","671","C0282612"
"5657","2","5","7","34","52","216","395","549","674","C0282612"
"249","2","3","5","27","51","335","444","560","373","C0282612"
"54903","2","3","12","76","153","40","38","54","75","C0282612"
"10555","2","3","7","34","52","216","395","549","622","C0282612"
"23418","2","5","7","53","36","71","177","560","373","C0282612"
"1134","2","5","8","27","70","99","162","216","290","C0282612"
"51062","2","5","7","27","36","150","402","489","373","C0282612"
"7547","2","3","3","19","221","321","428","541","667","C0282612"
"23746","2","3","12","41","83","101","126","271","356","C0282612"
"5447","2","3","5","91","214","271","372","471","586","C0282631"
"658","2","5","7","53","51","342","259","423","389","C0282631"
"3955","2","5","8","89","124","143","428","236","667","C0282631"
"1371","2","3","5","17","24","261","116","164","6","C0282631"
"9742","2","3","12","76","153","40","38","54","75","C0282631"
"3973","2","5","4","68","96","326","427","548","672","C0282631"
"6569","2","3","8","45","94","199","240","415","666","C0282631"
"5727","2","3","12","68","221","197","259","560","422","C0282631"
"7066","2","5","7","53","51","119","25","573","416","C0300948"
"7518","2","3","12","19","31","261","116","1","86","C0300948"
"3284","2","3","2","69","98","169","299","183","243","C0302129"
"7436","2","5","7","53","51","342","341","544","669","C0302129"
"7290","2","3","12","19","31","1","426","55","78","C0302129"
"7555","2","3","2","110","85","237","433","547","671","C0302280"
"8243","2","3","12","76","31","40","38","54","75","C0302280"
"2184","2","3","5","76","153","138","236","332","407","C0302280"
"54","2","3","5","80","81","178","195","256","342","C0302280"
"8450","2","3","12","41","116","268","434","468","213","C0302280"
"7476","2","5","3","68","221","197","259","560","422","C0302280"
"26585","2","5","7","53","51","342","259","423","389","C0302314"
"585","2","3","12","76","153","40","38","54","75","C0302314"
"7020","2","3","12","19","31","276","91","433","664","C0302314"
"10804","2","3","12","76","153","40","38","54","75","C0302314"
"25814","2","3","2","48","170","110","119","444","462","C0302314"
"2538","2","3","5","90","216","333","438","561","689","C0302809"
"2720","2","3","7","34","52","216","395","21","599","C0302809"
"3908","2","5","7","53","51","342","454","573","492","C0302859"
"4921","2","5","7","53","14","20","25","573","186","C0302859"
"7015","2","3","12","19","31","1","426","55","78","C0302859"
"7443","2","3","12","19","31","261","34","540","68","C0302885"
"2700","2","3","6","76","153","40","38","54","75","C0302885"
"10013","2","3","12","19","31","143","91","236","311","C0302885"
"26137","2","5","7","63","45","184","103","572","658","C0302885"
"23395","2","3","2","110","85","67","76","252","154","C0302885"
"6323","2","5","8","63","36","166","341","390","158","C0302885"
"1280","2","5","7","53","51","342","454","573","492","C0302885"
"2776","2","5","4","68","96","326","427","548","672","C0302885"
"3426","2","5","7","53","51","119","395","549","674","C0302885"
"1281","2","5","7","53","51","342","454","573","492","C0311277"
"8820","2","3","3","19","221","321","428","541","667","C0311277"
"7456","2","5","7","60","14","20","25","40","215","C0311277"
"6469","2","5","3","53","221","197","259","560","422","C0311277"
"1280","2","5","7","53","51","342","454","573","492","C0311277"
"7422","2","5","7","53","51","342","454","573","702","C0311277"
"4705","2","3","2","48","170","50","119","444","556","C0311277"
"7042","2","5","7","53","51","342","454","573","492","C0311277"
"10013","2","3","12","19","31","143","91","236","311","C0311277"
"7299","2","3","5","23","18","138","250","332","407","C0311277"
"3861","2","1","6","11","142","225","142","220","298","C0311277"
"2261","2","5","7","53","14","20","25","40","186","C0311277"
"3481","2","5","7","53","51","342","454","573","492","C0311277"
"6638","2","3","2","22","33","323","66","101","136","C0311277"
"8890","2","3","2","110","85","237","433","547","671","C0311277"
"4913","2","3","12","19","31","261","116","1","86","C0311277"
"54345","2","5","3","19","221","321","428","541","667","C0311277"
"3295","2","3","5","43","161","305","409","208","482","C0311277"
"594","2","3","2","67","92","293","55","75","311","C0311277"
"257","2","3","3","19","221","321","428","541","667","C0311277"
"6566","2","3","2","67","37","316","422","535","660","C0311277"
"5728","2","3","5","80","81","339","156","568","605","C0311277"
"183","2","5","4","68","96","326","427","548","672","C0311277"
"5450","2","3","12","19","221","261","116","159","211","C0311277"
"2990","2","3","7","34","52","216","395","549","674","C0311277"
"6324","2","5","7","63","36","166","341","223","158","C0311298"
"3172","2","3","3","19","151","276","91","433","118","C0311298"
"51626","2","3","12","76","153","40","38","54","75","C0311338"
"8516","2","5","7","53","51","342","454","573","492","C0311338"
"27436","2","3","12","76","153","40","38","54","75","C0311338"
"3651","2","3","3","19","221","321","428","541","667","C0311338"
"5444","2","3","5","80","147","236","328","411","229","C0311394"
"3239","2","3","3","19","221","321","428","541","667","C0311394"
"629","2","5","7","53","51","119","395","549","674","C0311394"
"8195","2","3","12","76","153","76","38","54","75","C0311394"
"7332","2","3","12","41","116","268","434","468","213","C0311394"
"3060","2","5","4","68","96","326","427","548","672","C0311394"
"673","2","5","7","53","14","20","34","540","68","C0311394"
"25978","2","3","2","48","57","110","141","359","462","C0311394"
"6926","2","5","7","53","51","335","259","560","373","C0311394"
"383","2","3","7","34","52","216","395","549","674","C0311394"
"23742","2","5","5","68","96","326","427","447","586","C0311394"
"54209","2","5","7","53","51","119","395","549","674","C0311394"
"1591","2","3","5","92","163","262","136","460","566","C0311394"
"221037","2","3","12","19","31","118","155","287","116","C0311394"
"421","2","5","7","42","51","335","444","560","373","C0311394"
"4214","2","3","12","41","219","339","34","540","117","C0311394"
"10516","2","5","7","53","51","342","454","573","492","C0311394"
"1832","2","5","7","34","52","225","142","220","298","C0311394"
"29760","2","5","7","53","14","20","25","40","186","C0311394"
"10128","2","3","2","48","170","50","119","444","556","C0311394"
"29123","2","3","12","19","151","276","91","433","118","C0311394"
"7274","2","3","5","43","161","99","162","216","290","C0311394"
"10269","2","3","2","48","182","50","119","444","556","C0311394"
"9037","2","5","7","53","51","342","454","560","492","C0311394"
"23526","2","5","7","34","52","216","395","549","72","C0311394"
"54903","2","3","12","76","153","40","38","54","75","C0311394"
"2483","2","3","2","22","33","323","66","101","136","C0311394"
"3717","2","5","7","53","14","20","25","40","186","C0311394"
"7547","2","3","3","19","221","321","428","541","667","C0311468"
"1293","2","5","7","53","51","342","454","573","492","C0311468"
"9723","2","5","7","53","51","342","79","560","373","C0311468"
"478","2","3","8","63","45","23","366","464","187","C0311468"
"727","2","5","4","68","96","326","427","548","672","C0311468"
"26580","2","5","8","27","70","99","162","216","290","C0311468"
"189","2","3","5","43","161","305","409","208","482","C0311468"
"6866","2","5","4","68","96","326","427","548","672","C0311468"
"5818","2","5","7","53","51","335","444","560","373","C0311468"
"4982","2","5","12","41","219","339","156","568","697","C0311468"
"29893","2","3","12","19","31","1","426","55","78","C0311468"
"4352","2","5","7","53","14","20","25","40","186","C0311468"
"28952","2","3","12","41","116","268","434","468","213","C0311468"
"2657","2","5","7","53","51","342","259","423","389","C0311468"
"4041","2","5","3","68","221","197","259","560","422","C0311468"
"9496","2","5","6","11","142","225","142","220","673","C0311468"
"1798","2","3","2","48","69","99","162","216","290","C0311468"
"8302","2","5","7","53","51","119","395","549","674","C0311468"
"2176","2","3","12","19","31","261","116","1","86","C0312420"
"1146","2","5","8","27","70","99","162","216","290","C0312420"
"3614","2","3","7","34","52","216","395","549","674","C0332573"
"53947","2","3","2","78","114","192","254","319","408","C0332573"
"26580","2","5","8","27","70","99","162","216","290","C0332573"
"51057","2","3","12","76","153","40","38","54","75","C0332573"
"3737","2","5","8","63","36","166","106","110","158","C0332573"
"26503","2","3","2","89","124","204","272","347","442","C0332573"
"3891","2","1","6","11","142","225","142","220","298","C0332573"
"1807","2","3","5","80","23","186","79","560","273","C0332573"
"7136","2","5","8","63","45","23","103","464","187","C0332573"
"2074","2","3","12","19","31","1","426","55","78","C0332573"
"2629","2","3","5","80","81","250","291","152","420","C0332573"
"23414","2","3","12","19","31","118","155","287","116","C0332573"
"51305","2","5","8","63","36","166","106","110","158","C0332573"
"190","2","3","3","19","151","276","91","433","118","C0332573"
"351","2","5","4","68","96","326","188","145","193","C0332573"
"5105","2","3","3","67","151","276","91","433","118","C0332573"
"208","2","5","7","53","14","20","34","540","68","C0332573"
"53335","2","3","12","19","31","1","426","55","78","C0332573"
"2737","2","3","12","19","116","321","428","54","667","C0332573"
"6392","2","3","2","48","170","50","119","444","556","C0332606"
"8600","2","5","7","41","219","339","156","568","697","C0332606"
"5194","2","3","5","43","161","305","409","208","482","C0332606"
"4668","2","3","5","21","111","188","242","313","396","C0332606"
"6736","2","3","12","19","31","276","91","433","667","C0332606"
"6532","2","5","8","45","94","199","240","415","666","C0332606"
"54476","2","3","12","41","219","339","156","568","697","C0332606"
"9049","2","3","3","41","151","276","378","271","356","C0332606"
"207","2","3","7","53","14","20","34","489","416","C0332606"
"2626","2","3","12","19","31","118","155","287","116","C0332606"
"283234","2","3","3","42","81","296","177","362","468","C0332615"
"3240","2","5","7","34","52","216","395","549","674","C0332615"
"4594","2","3","7","48","92","261","116","186","245","C0332615"
"10002","2","3","3","19","151","276","91","433","118","C0332615"
"857","2","5","7","53","45","23","57","83","422","C0332615"
"5314","2","3","12","76","153","40","38","54","75","C0332615"
"5744","2","5","4","68","96","326","427","548","672","C0332615"
"22954","2","3","12","41","116","268","434","468","213","C0332615"
"2247","2","5","7","53","14","20","25","40","186","C0332615"
"4286","2","3","12","19","31","261","116","1","664","C0332615"
"1778","2","3","7","76","153","40","38","54","75","C0332615"
"1311","2","5","7","53","51","342","454","573","492","C0332615"
"2261","2","5","7","53","14","20","25","40","186","C0332615"
"4015","2","5","7","53","51","342","454","573","492","C0332878"
"1528","2","3","5","91","214","271","372","471","586","C0332878"
"54658","2","3","2","78","205","207","67","355","138","C0332878"
"3952","2","5","3","53","151","276","91","433","118","C0332878"
"23400","2","5","8","63","45","23","103","464","187","C0332878"
"7020","2","3","12","19","31","276","91","433","664","C0332878"
"54806","2","5","7","76","153","40","38","54","75","C0332878"
"1368","2","5","5","27","51","335","444","560","373","C0332878"
"9723","2","5","7","53","51","342","79","560","373","C0332878"
"5396","2","3","3","19","221","321","428","541","667","C0332890"
"1499","2","3","12","19","221","197","259","560","422","C0332890"
"2072","2","3","12","19","31","261","116","1","86","C0332890"
"7157","2","3","12","19","31","261","402","489","551","C0332890"
"2720","2","3","7","34","52","216","395","21","599","C0332890"
"5155","2","5","7","53","51","342","454","573","186","C0332890"
"4010","2","3","3","19","221","321","428","541","667","C0333355"
"6469","2","5","3","53","221","197","259","560","422","C0333355"
"6885","2","3","12","41","219","339","156","568","697","C0333355"
"5290","2","3","7","53","14","20","25","40","186","C0333355"
"25885","2","3","12","19","31","1","426","55","78","C0333355"
"4638","2","5","7","53","45","23","103","464","187","C0333355"
"27077","2","3","12","76","153","40","38","54","75","C0333355"
"857","2","5","7","53","45","23","57","83","422","C0333355"
"5000","2","3","12","76","31","261","116","1","86","C0333641"
"3078","2","5","7","53","51","119","395","549","674","C0333641"
"10479","2","5","7","27","36","150","341","223","628","C0333641"
"2263","2","5","7","53","14","20","25","40","186","C0333641"
"7169","2","5","8","63","45","23","103","464","187","C0333641"
"6678","2","5","7","53","51","342","454","573","492","C0333641"
"1879","2","3","3","19","151","276","91","433","118","C0333641"
"8985","2","5","7","53","51","342","454","573","492","C0333641"
"3745","2","5","8","63","36","166","106","110","158","C0333641"
"6392","2","3","2","48","170","50","119","444","556","C0333641"
"2752","2","3","2","101","62","189","182","509","409","C0333751"
"6473","2","3","3","19","221","321","428","541","667","C0333751"
"8085","2","3","12","19","31","1","426","55","78","C0333751"
"11005","2","1","6","11","142","225","142","220","298","C0333864"
"4784","2","3","2","22","33","261","116","159","211","C0333864"
"6519","2","3","5","45","94","199","240","415","666","C0333864"
"1392","2","5","4","68","96","326","427","548","672","C0333864"
"4536","2","3","2","48","170","50","119","444","556","C0333864"
"7099","2","5","7","41","219","339","156","568","697","C0333913"
"2138","2","3","12","19","31","1","426","55","78","C0333913"
"2778","2","5","4","68","96","326","427","548","672","C0333913"
"23556","2","3","2","61","77","142","176","235","317","C0333913"
"367","2","3","12","19","31","276","91","433","118","C0333913"
"2316","2","5","7","53","51","342","454","573","702","C0333913"
"23247","2","3","12","76","153","71","34","540","68","C0333913"
"79068","2","3","2","72","81","42","52","105","349","C0333913"
"54982","2","3","2","48","170","50","399","167","593","C0333913"
"2253","2","5","7","53","14","20","25","40","186","C0333913"
"2627","2","3","12","19","31","118","155","287","116","C0333913"
"6845","2","5","7","60","14","184","341","544","669","C0334008"
"54840","2","3","12","19","31","261","116","1","86","C0334008"
"7287","2","5","7","11","142","71","341","560","219","C0334008"
"1145","2","5","8","27","70","99","162","216","290","C0334008"
"9394","2","3","2","74","58","112","148","193","263","C0334008"
"94","2","5","7","53","51","342","259","423","389","C0334008"
"6391","2","3","2","48","170","50","119","444","556","C0334008"
"3082","2","5","7","53","51","342","25","40","186","C0334008"
"83716","2","5","7","34","52","216","395","549","674","C0334008"
"2184","2","3","5","76","153","138","236","332","407","C0334008"
"5621","2","5","8","27","36","342","454","573","628","C0334008"
"3350","2","5","4","68","96","326","427","548","672","C0334008"
"6776","2","5","7","53","14","20","25","40","186","C0334008"
"1717","2","3","2","19","151","276","48","69","204","C0334008"
"3630","2","5","7","53","14","20","25","40","186","C0334008"
"1947","2","5","7","53","51","20","25","560","373","C0334008"
"8292","2","5","5","27","51","342","454","573","492","C0334008"
"1756","2","5","8","63","45","23","103","464","187","C0334008"
"2048","2","5","7","53","14","20","25","560","373","C0334008"
"4306","2","3","3","19","151","276","91","433","118","C0334008"
"55636","2","3","3","19","221","321","428","423","389","C0334013"
"2074","2","3","12","19","31","1","426","55","78","C0334013"
"26005","2","3","12","76","153","40","38","54","75","C0334013"
"64087","2","3","2","35","40","130","166","57","435","C0334013"
"51134","2","3","12","76","153","40","38","54","75","C0334013"
"2273","2","5","8","63","45","23","103","464","187","C0334013"
"8625","2","3","12","19","31","276","91","236","118","C0334013"
"4311","2","5","7","34","52","216","395","549","674","C0334013"
"9632","2","3","7","60","153","40","38","54","203","C0334013"
"4256","2","5","7","53","51","342","454","573","492","C0334013"
"4998","2","3","12","76","31","261","116","1","86","C0334013"
"5443","2","5","4","68","96","326","427","548","672","C0334082"
"9378","2","5","7","27","36","71","341","223","219","C0334082"
"7252","2","5","4","68","96","326","427","548","672","C0334082"
"3930","2","3","2","22","33","323","66","3","464","C0334082"
"2318","2","5","7","53","45","23","103","464","187","C0334082"
"54903","2","3","12","76","153","40","38","54","75","C0334092"
"3569","2","5","7","53","51","342","454","573","416","C0334092"
"686","2","3","5","80","81","166","166","127","173","C0334092"
"150","2","5","4","68","96","326","427","548","672","C0334092"
"9829","2","5","7","60","14","184","341","544","669","C0334092"
"2705","2","3","12","76","153","40","38","54","75","C0334092"
"5479","2","3","2","53","51","342","454","573","492","C0334092"
"10060","2","3","8","41","45","23","423","464","445","C0334092"
"2539","2","3","2","48","57","110","141","359","383","C0334092"
"3315","2","3","12","41","181","160","362","402","215","C0334092"
"1120","2","3","2","85","143","286","51","488","102","C0334121"
"6605","2","3","12","19","31","1","426","55","78","C0334121"
"3845","2","5","7","60","54","24","30","46","72","C0334121"
"9569","2","3","12","19","31","276","91","433","118","C0334121"
"3315","2","3","12","41","181","160","362","402","215","C0334121"
"30061","2","3","5","25","44","165","101","274","358","C0334121"
"2811","2","5","7","53","51","1","454","573","78","C0334166"
"4222","2","3","3","19","221","321","428","541","667","C0334166"
"54968","2","3","2","48","170","50","119","444","556","C0334166"
"3762","2","5","8","63","36","166","106","110","158","C0334166"
"7547","2","3","3","19","221","321","428","541","667","C0334287"
"2261","2","5","7","53","14","20","25","40","186","C0334287"
"7494","2","3","2","110","105","178","226","297","380","C0334488"
"4538","2","3","2","48","170","50","119","444","556","C0334488"
"55670","2","3","5","43","161","305","409","208","482","C0334488"
"10269","2","3","2","48","182","50","119","444","556","C0334488"
"624","2","5","4","68","96","326","427","548","672","C0334488"
"23169","2","3","2","78","205","112","430","429","544","C0334583"
"3172","2","3","3","19","151","276","91","433","118","C0334583"
"5605","2","5","7","53","14","20","34","540","68","C0334583"
"10587","2","3","2","95","2","60","378","37","55","C0334583"
"25836","2","3","12","76","153","40","38","54","75","C0334583"
"5604","2","5","7","53","14","20","34","540","68","C0334583"
"10011","2","3","12","19","31","276","91","433","118","C0334583"
"8625","2","3","12","19","31","276","91","236","118","C0334588"
"1294","2","5","7","53","51","342","454","573","492","C0334588"
"23435","2","3","2","22","33","323","66","101","136","C0334588"
"5932","2","3","12","19","31","261","116","1","86","C0334588"
"6662","2","3","3","19","221","321","428","541","667","C0334588"
"7421","2","3","3","19","151","276","91","433","118","C0334588"
"2717","2","3","7","34","52","216","395","549","674","C0334588"
"1145","2","5","8","27","70","99","162","216","290","C0334588"
"3663","2","3","12","53","184","119","156","287","116","C0334588"
"1106","2","3","12","19","31","1","426","55","78","C0334588"
"1857","2","3","12","76","153","40","38","54","422","C0334588"
"7504","2","5","4","68","96","326","427","548","672","C0334588"
"5663","2","5","7","34","52","216","395","549","667","C0334590"
"5077","2","3","3","19","221","321","428","541","667","C0334590"
"54209","2","5","7","53","51","119","395","549","674","C0334634"
"23746","2","3","12","41","83","101","126","271","356","C0334634"
"6597","2","3","12","19","31","1","426","55","78","C0334634"
"5048","2","3","12","76","153","40","38","54","75","C0334634"
"54332","2","3","2","60","170","40","98","66","203","C0334634"
"2261","2","5","7","53","14","20","25","40","186","C0334634"
"3588","2","5","7","53","51","119","25","40","186","C0334634"
"7428","2","3","12","41","116","268","434","468","213","C0334634"
"6197","2","3","12","19","14","20","34","540","68","C0334634"
"7469","2","3","12","19","31","261","116","159","211","C0334634"
"26128","2","3","12","76","153","40","38","54","154","C0334634"
"10483","2","3","7","60","54","24","30","46","72","C0334634"
"2629","2","3","5","80","81","250","291","152","420","C0334660"
"5428","2","3","2","48","170","50","119","167","593","C0334660"
"324","2","3","12","41","219","197","70","255","422","C0338078"
"28952","2","3","12","41","116","268","434","468","213","C0338078"
"51816","2","5","7","34","52","216","395","549","674","C0338078"
"8220","2","3","2","22","33","323","66","101","136","C0338078"
"8481","2","3","12","76","153","40","38","54","75","C0338078"
"4137","2","3","7","27","36","150","341","223","628","C0338078"
"5625","2","3","2","101","103","177","225","271","356","C0338451"
"2182","2","3","2","67","92","265","284","147","235","C0338451"
"1295","2","5","7","53","51","342","454","573","492","C0338451"
"5184","2","3","5","80","81","166","52","105","349","C0338451"
"50964","2","5","3","68","221","197","259","423","422","C0338451"
"29954","2","5","2","27","206","324","430","215","290","C0338451"
"5894","2","5","7","60","54","23","34","464","187","C0338451"
"590","2","3","5","85","143","286","51","488","604","C0338451"
"5468","2","3","3","19","151","276","91","433","118","C0338451"
"5527","2","3","12","76","153","40","38","54","75","C0338451"
"5096","2","3","2","48","40","130","166","127","173","C0338455"
"2778","2","5","4","68","96","326","427","548","672","C0338455"
"4541","2","3","2","48","170","50","119","444","24","C0338455"
"2260","2","5","7","53","14","20","25","40","186","C0338455"
"6812","2","5","7","27","36","150","341","223","628","C0338455"
"3593","2","5","7","53","51","119","25","489","416","C0338455"
"291","2","3","2","48","170","50","304","167","593","C0338462"
"215","2","3","5","47","144","185","238","310","392","C0338462"
"3123","2","5","7","53","51","119","156","287","116","C0338462"
"6165","2","3","2","110","85","237","433","547","671","C0338462"
"9095","2","5","7","53","51","335","444","560","373","C0338462"
"23400","2","5","8","63","45","23","103","464","187","C0338462"
"4157","2","5","4","68","96","326","427","548","672","C0338462"
"3954","2","3","2","48","170","67","119","444","593","C0338473"
"2538","2","3","5","90","216","333","438","561","689","C0338473"
"6535","2","5","8","45","94","199","240","415","666","C0338474"
"2176","2","3","12","19","31","261","116","1","86","C0338474"
"6285","2","5","7","41","219","339","156","568","697","C0338474"
"3758","2","5","8","63","36","166","106","110","158","C0338474"
"5922","2","5","7","60","54","24","30","46","72","C0338474"
"7415","2","3","7","34","52","216","395","536","445","C0338474"
"2332","2","3","2","22","33","71","373","466","609","C0338474"
"3930","2","3","2","22","33","323","66","3","464","C0338474"
"10466","2","5","7","60","153","40","38","66","203","C0338474"
"8626","2","3","3","19","221","321","428","541","667","C0338474"
"1233","2","5","4","68","96","326","427","548","672","C0338474"
"1026","2","3","12","19","31","1","116","489","416","C0338474"
"50940","2","3","4","68","96","326","427","548","672","C0338474"
"7547","2","3","3","19","221","321","428","541","667","C0338474"
"8517","2","3","12","41","219","339","156","568","697","C0338474"
"3248","2","3","2","69","83","133","167","224","301","C0338474"
"22796","2","5","7","60","153","40","38","66","203","C0338474"
"5443","2","5","4","68","96","326","427","548","672","C0338474"
"9456","2","5","7","60","36","71","341","223","219","C0338474"
"4221","2","3","12","19","31","342","454","573","492","C0338474"
"1280","2","5","7","53","51","342","454","573","492","C0338474"
"338","2","5","7","53","51","342","454","573","492","C0338474"
"4170","2","3","12","41","219","339","402","489","416","C0338474"
"10262","2","3","2","22","33","323","66","101","136","C0338474"
"54903","2","3","12","76","153","40","38","54","75","C0338474"
"2990","2","3","7","34","52","216","395","549","674","C0338474"
"3043","2","5","7","34","52","216","395","549","116","C0338474"
"22931","2","5","7","34","54","24","30","46","72","C0338474"
"10019","2","5","7","53","14","20","25","40","116","C0338480"
"5424","2","3","12","19","31","261","116","1","86","C0338480"
"4747","2","5","7","27","36","150","341","223","628","C0338480"
"1836","2","3","2","35","41","94","260","330","375","C0338480"
"3891","2","1","6","11","142","225","142","220","298","C0338480"
"6310","2","3","12","22","142","225","366","362","468","C0338480"
"6628","2","3","2","22","33","323","66","101","136","C0338480"
"8600","2","5","7","41","219","339","156","568","697","C0338488"
"1280","2","5","7","53","51","342","454","573","492","C0338488"
"22858","2","3","7","53","14","20","34","540","68","C0338488"
"5009","2","3","2","48","97","50","304","167","593","C0338488"
"5728","2","3","5","80","81","339","156","568","605","C0338502"
"579","2","3","3","19","221","321","428","541","667","C0338502"
"1536","2","5","7","34","52","216","395","549","674","C0338502"
"7140","2","5","8","63","45","23","103","464","187","C0338502"
"23022","2","5","7","53","45","342","103","464","187","C0338502"
"8820","2","3","3","19","221","321","428","541","667","C0338502"
"355","2","3","7","41","219","339","156","568","697","C0338502"
"5787","2","5","7","34","52","216","395","549","674","C0338502"
"51604","2","3","2","61","77","142","176","235","317","C0338502"
"190","2","3","3","19","151","276","91","433","118","C0338502"
"5932","2","3","12","19","31","261","116","1","86","C0338502"
"207","2","3","7","53","14","20","34","489","416","C0338502"
"6522","2","5","8","35","41","199","40","415","666","C0338502"
"3106","2","5","7","34","52","119","395","549","674","C0338502"
"4668","2","3","5","21","111","188","242","313","396","C0338502"
"5428","2","3","2","48","170","50","119","167","593","C0338502"
"2200","2","5","7","53","51","342","454","573","492","C0338502"
"26503","2","3","2","89","124","204","272","347","442","C0338503"
"805","2","5","8","53","45","20","34","464","187","C0338503"
"10084","2","3","2","22","33","323","66","101","136","C0338503"
"5573","2","3","12","19","184","118","155","287","116","C0338503"
"4689","2","5","7","60","14","20","25","40","215","C0338503"
"4683","2","3","12","19","31","261","116","1","86","C0338503"
"3977","2","5","7","53","51","119","25","40","416","C0338503"
"2248","2","5","7","53","14","20","25","40","186","C0338503"
"182","2","5","7","53","51","143","428","236","667","C0338503"
"4000","2","3","12","26","105","178","226","297","156","C0338503"
"7428","2","3","12","41","116","268","434","468","213","C0338503"
"1789","2","3","12","19","31","1","426","55","78","C0338575"
"6772","2","3","12","53","184","119","156","287","116","C0338575"
"673","2","5","7","53","14","20","34","540","68","C0338575"
"8200","2","5","7","53","51","342","259","423","389","C0338591"
"6496","2","3","3","19","221","321","428","541","667","C0338591"
"4163","2","3","2","110","167","266","367","500","577","C0338591"
"5573","2","3","12","19","184","118","155","287","116","C0338591"
"4210","2","3","12","41","219","339","156","568","697","C0338591"
"3759","2","5","8","63","36","166","106","110","158","C0338591"
"1947","2","5","7","53","51","20","25","560","373","C0338591"
"2626","2","3","12","19","31","118","155","287","116","C0338591"
"130340","2","5","7","60","153","184","341","544","669","C0338591"
"51085","2","3","2","48","57","110","141","359","462","C0338597"
"5925","2","3","12","19","31","1","426","55","78","C0338597"
"2109","2","3","2","48","170","50","119","444","556","C0338614"
"50484","2","3","5","80","109","182","235","307","506","C0338614"
"22931","2","5","7","34","54","24","30","46","72","C0338614"
"8822","2","5","7","53","14","20","25","40","186","C0338715"
"4361","2","3","12","19","31","261","116","1","86","C0338715"
"2697","2","3","7","76","153","40","38","54","75","C0338715"
"3728","2","5","7","34","52","225","142","220","298","C0338715"
"1134","2","5","8","27","70","99","162","216","290","C0338715"
"56475","2","3","12","19","31","1","116","489","551","C0338715"
"3592","2","5","7","53","51","119","25","489","416","C0338715"
"22909","2","3","12","19","31","261","116","1","86","C0338715"
"7015","2","3","12","19","31","1","426","55","78","C0338715"
"5155","2","5","7","53","51","342","454","573","186","C0338715"
"55612","2","5","7","60","36","71","177","560","701","C0338715"
"7010","2","5","7","53","14","20","25","40","186","C0338715"
"23600","2","3","5","80","81","305","409","208","482","C0338715"
"6531","2","5","8","45","94","199","240","415","666","C0338715"
"5447","2","3","5","91","214","271","372","471","586","C0338831"
"9094","2","5","7","27","36","150","341","331","624","C0338831"
"5921","2","5","7","60","14","24","25","40","215","C0338831"
"54361","2","5","3","68","221","197","259","560","422","C0338831"
"1027","2","3","12","19","31","1","116","1","86","C0338831"
"2516","2","3","3","19","151","276","91","433","118","C0338831"
"257","2","3","3","19","221","321","428","541","667","C0338831"
"4929","2","3","3","19","151","276","91","433","118","C0338831"
"1285","2","5","7","53","51","342","454","573","492","C0338831"
"2736","2","3","12","41","116","321","428","54","667","C0338831"
"554","2","5","4","68","96","326","427","548","672","C0338831"
"1278","2","5","7","53","51","342","454","573","492","C0338831"
"2263","2","5","7","53","14","20","25","40","186","C0338831"
"26503","2","3","2","89","124","204","272","347","442","C0338831"
"1280","2","5","7","53","51","342","454","573","492","C0338908"
"3815","2","5","7","53","14","20","25","40","186","C0338908"
"356","2","5","7","53","219","339","25","489","697","C0339063"
"6792","2","5","7","53","14","20","34","540","68","C0339063"
"54808","2","3","12","76","153","40","38","54","75","C0339063"
"10195","2","3","2","48","69","99","162","216","290","C0339063"
"3845","2","5","7","60","54","24","30","46","72","C0339063"
"4359","2","5","7","53","51","342","454","573","492","C0339063"
"5346","2","3","3","19","151","276","91","433","118","C0339063"
"2657","2","5","7","53","51","342","259","423","389","C0339063"
"2108","2","3","2","48","170","50","119","444","556","C0339063"
"3123","2","5","7","53","51","119","156","287","116","C0339063"
"11200","2","3","12","19","31","261","116","1","86","C0339063"
"4846","2","3","5","41","219","75","243","44","64","C0339063"
"4791","2","3","12","41","219","339","156","568","697","C0339063"
"5625","2","3","2","101","103","177","225","271","356","C0339063"
"538","2","3","8","63","45","23","103","464","187","C0339063"
"1230","2","5","4","68","96","326","427","548","672","C0339063"
"3815","2","5","7","53","14","20","25","40","186","C0339063"
"4255","2","3","12","19","31","261","116","1","86","C0339143"
"9409","2","3","5","43","161","305","409","208","482","C0339143"
"4683","2","3","12","19","31","261","116","1","86","C0339182"
"79633","2","3","7","80","51","335","444","560","373","C0339182"
"5538","2","3","2","115","18","340","269","342","444","C0339182"
"55505","2","3","2","110","85","237","433","547","671","C0339182"
"7424","2","5","7","53","51","342","454","573","702","C0339268"
"30061","2","3","5","25","44","165","101","274","358","C0339268"
"641","2","3","12","19","31","261","116","1","86","C0339268"
"6945","2","3","12","19","31","110","141","488","102","C0339268"
"2556","2","5","8","27","70","99","162","216","290","C0339268"
"29899","2","5","4","68","96","326","427","548","672","C0339277"
"4221","2","3","12","19","31","342","454","573","492","C0339277"
"5982","2","3","12","19","31","261","116","1","86","C0339277"
"2643","2","3","5","87","91","75","204","267","352","C0339284"
"54583","2","3","12","41","116","268","434","568","605","C0339284"
"22856","2","3","2","78","189","303","251","320","403","C0339284"
"1181","2","5","8","63","45","23","34","464","187","C0339284"
"4247","2","3","2","68","67","320","98","180","279","C0339477"
"22854","2","5","5","27","51","335","444","560","373","C0339477"
"3835","2","3","12","76","153","40","38","54","75","C0339477"
"2168","2","3","3","19","151","276","91","433","118","C0339477"
"355","2","3","7","41","219","339","156","568","697","C0339510"
"22930","2","5","7","60","54","24","30","46","72","C0339510"
"2572","2","3","2","67","57","190","152","197","93","C0339510"
"9518","2","5","7","53","51","342","259","423","389","C0339510"
"6495","2","3","3","19","221","321","428","541","667","C0339527"
"4967","2","3","2","67","92","293","55","75","311","C0339527"
"6399","2","5","7","60","54","24","30","46","72","C0339527"
"10763","2","3","12","76","36","150","74","73","100","C0339527"
"6900","2","5","7","53","51","342","454","223","373","C0339527"
"4540","2","3","2","48","170","50","119","444","556","C0339527"
"2562","2","5","8","27","70","99","162","216","290","C0339527"
"5095","2","3","2","48","40","130","166","127","173","C0339527"
"1289","2","5","7","53","51","342","454","573","492","C0339527"
"275","2","3","5","106","104","214","70","377","488","C0339527"
"6772","2","3","12","53","184","119","156","287","116","C0339527"
"1203","2","3","2","41","170","342","423","536","342","C0339527"
"7157","2","3","12","19","31","261","402","489","551","C0339527"
"6229","2","3","2","110","85","237","433","547","671","C0339527"
"94233","2","5","4","68","96","326","427","548","672","C0339527"
"51741","2","3","2","22","33","323","66","101","127","C0339527"
"7507","2","3","12","19","31","261","116","1","86","C0339527"
"4638","2","5","7","53","45","23","103","464","187","C0339527"
"5339","2","5","7","53","51","342","454","573","492","C0339527"
"10842","2","3","12","76","153","40","38","472","435","C0339534"
"5428","2","3","2","48","170","50","119","167","593","C0339534"
"5144","2","3","4","68","96","326","427","548","672","C0339534"
"965","2","5","7","34","52","216","395","549","674","C0339534"
"3295","2","3","5","43","161","305","409","208","482","C0339534"
"2260","2","5","7","53","14","20","25","40","186","C0339535"
"54101","2","3","2","48","170","50","347","167","593","C0339535"
"50484","2","3","5","80","109","182","235","307","506","C0339535"
"4830","2","3","2","72","109","182","235","307","506","C0339535"
"4000","2","3","12","26","105","178","226","297","156","C0339535"
"7020","2","3","12","19","31","276","91","433","664","C0339535"
"9632","2","3","7","60","153","40","38","54","203","C0339535"
"7015","2","3","12","19","31","1","426","55","78","C0339535"
"158","2","3","4","96","177","61","373","341","142","C0339535"
"1278","2","5","7","53","51","342","454","573","492","C0339535"
"538","2","3","8","63","45","23","103","464","187","C0339535"
"4068","2","5","7","53","51","119","25","549","674","C0339535"
"5075","2","3","3","19","221","321","428","541","667","C0339535"
"55704","2","3","12","76","153","40","38","54","75","C0339537"
"29089","2","3","12","41","116","268","434","468","213","C0339537"
"3576","2","5","4","68","96","326","427","548","672","C0339539"
"8878","2","3","12","41","219","339","156","568","697","C0339539"
"54880","2","3","12","19","31","1","426","55","78","C0339539"
"1576","2","3","5","91","214","226","326","413","574","C0339539"
"51185","2","3","2","22","33","323","66","101","136","C0339539"
"1471","2","5","7","34","52","216","395","549","492","C0339543"
"3643","2","5","7","53","14","20","25","40","186","C0339543"
"2200","2","5","7","53","51","342","454","573","492","C0339573"
"6275","2","3","12","34","52","216","156","572","697","C0339573"
"259","2","5","7","53","51","119","395","549","674","C0339573"
"8604","2","3","2","48","170","50","304","167","593","C0339573"
"6609","2","3","5","105","155","250","291","152","420","C0339573"
"5290","2","3","7","53","14","20","25","40","186","C0339573"
"55600","2","5","7","34","157","226","350","243","561","C0339573"
"5621","2","5","8","27","36","342","454","573","628","C0339573"
"1281","2","5","7","53","51","342","454","573","492","C0339652"
"1536","2","5","7","34","52","216","395","549","674","C0339652"
"8600","2","5","7","41","219","339","156","568","697","C0339652"
"7258","2","3","12","19","36","1","426","55","78","C0339864"
"1376","2","3","2","19","151","276","91","433","118","C0339864"
"5277","2","3","2","61","77","142","176","235","317","C0339985"
"100","2","3","5","33","21","47","56","80","199","C0339985"
"9652","2","3","2","110","85","237","433","547","671","C0339985"
"3238","2","5","6","11","142","225","142","220","673","C0339985"
"10484","2","3","7","60","153","40","38","54","203","C0340231"
"2121","2","3","12","41","116","268","434","568","605","C0340231"
"930","2","5","7","53","14","119","25","40","186","C0340279"
"808","2","5","8","63","45","23","103","464","187","C0340279"
"4704","2","3","2","48","170","50","119","444","556","C0340279"
"4000","2","3","12","26","105","178","226","297","156","C0340279"
"5573","2","3","12","19","184","118","155","287","116","C0340279"
"2263","2","5","7","53","14","20","25","40","186","C0340279"
"1585","2","3","5","79","159","256","351","100","589","C0340288"
"5339","2","5","7","53","51","342","454","573","492","C0340288"
"1528","2","3","5","91","214","271","372","471","586","C0340288"
"3630","2","5","7","53","14","20","25","40","186","C0340375"
"1027","2","3","12","19","31","1","116","1","86","C0340375"
"3984","2","5","7","53","14","20","34","540","68","C0340375"
"7098","2","5","7","41","219","339","156","568","697","C0340375"
"8842","2","5","5","53","82","147","184","179","328","C0340375"
"8867","2","3","5","60","14","184","341","544","669","C0340375"
"9241","2","5","7","53","51","342","259","423","389","C0340375"
"5149","2","3","5","68","38","16","477","596","725","C0340375"
"5664","2","5","7","53","219","143","428","236","667","C0340375"
"3149","2","3","2","48","57","110","378","370","664","C0340493"
"9968","2","4","3","24","119","330","214","454","144","C0340493"
"1021","2","3","12","19","31","1","426","55","78","C0340543"
"3074","2","3","7","34","52","216","395","549","607","C0340543"
"2263","2","5","7","53","14","20","25","40","186","C0340543"
"2717","2","3","7","34","52","216","395","549","674","C0340543"
"2516","2","3","3","19","151","276","91","433","118","C0340543"
"1312","2","3","2","87","79","105","426","129","25","C0340543"
"1281","2","5","7","53","51","342","454","573","492","C0340543"
"10082","2","3","2","74","51","342","454","573","492","C0340543"
"1281","2","5","7","53","51","342","454","573","492","C0340543"
"7054","2","3","5","80","81","166","34","258","345","C0340543"
"8139","2","3","12","41","116","268","434","468","213","C0340543"
"977","2","5","7","53","51","342","454","573","492","C0340548"
"9420","2","3","5","79","159","256","215","282","366","C0340548"
"54345","2","5","3","19","221","321","428","541","667","C0340643"
"54888","2","3","2","110","85","152","129","252","154","C0340643"
"1290","2","5","7","53","51","342","454","573","492","C0340643"
"6866","2","5","4","68","96","326","427","548","672","C0340643"
"2261","2","5","7","53","14","20","25","40","186","C0340643"
"7054","2","3","5","80","81","166","34","258","345","C0340643"
"23169","2","3","2","78","205","112","430","429","544","C0340643"
"2184","2","3","5","76","153","138","236","332","407","C0340643"
"7015","2","3","12","19","31","1","426","55","78","C0340643"
"4929","2","3","3","19","151","276","91","433","118","C0340834"
"7531","2","3","2","48","170","110","329","251","533","C0340834"
"23230","2","5","7","11","142","71","341","560","219","C0340971"
"54820","2","3","12","76","153","40","38","54","75","C0340971"
"2596","2","5","7","27","36","150","341","223","628","C0340971"
"6913","2","3","3","19","221","321","428","541","667","C0340971"
"27232","2","3","2","19","31","105","106","14","7","C0340971"
"39","2","3","2","67","92","293","55","75","311","C0341106"
"526","2","3","5","29","88","132","172","199","308","C0341106"
"4988","2","5","4","68","96","326","427","548","672","C0341106"
"2702","2","3","12","76","153","40","38","54","75","C0341306"
"51816","2","5","7","34","52","216","395","549","674","C0341306"
"4864","2","3","5","48","152","184","341","544","669","C0341703"
"26281","2","5","7","53","14","20","25","40","186","C0341703"
"3700","2","5","7","53","51","342","454","573","702","C0341703"
"6662","2","3","3","19","221","321","428","541","667","C0341703"
"5277","2","3","2","61","77","142","176","235","317","C0341703"
"4141","2","3","2","110","85","237","433","547","154","C0341703"
"7291","2","3","12","19","151","276","91","489","416","C0341703"
"4514","2","3","2","48","57","110","141","359","5","C0341703"
"27315","2","5","6","34","52","225","142","220","298","C0341703"
"3119","2","5","7","53","153","119","156","287","116","C0341703"
"8642","2","5","7","53","51","335","444","560","373","C0341703"
"3440","2","3","12","19","184","118","155","287","116","C0341703"
"3835","2","3","12","76","153","40","38","54","75","C0341706"
"5663","2","5","7","34","52","216","395","549","667","C0341706"
"26277","2","3","12","19","31","1","426","1","78","C0341706"
"22880","2","3","2","115","151","340","451","569","698","C0341706"
"1305","2","5","7","53","51","342","454","573","492","C0341706"
"2072","2","3","12","19","31","261","116","1","86","C0341706"
"26040","2","3","12","19","31","1","116","297","78","C0341706"
"3977","2","5","7","53","51","119","25","40","416","C0341706"
"4644","2","5","7","60","54","184","141","359","411","C0341706"
"10297","2","3","12","27","36","150","444","223","628","C0341706"
"6663","2","3","3","19","221","321","428","541","667","C0341787"
"79153","2","3","2","97","173","275","377","473","592","C0341787"
"51816","2","5","7","34","52","216","395","549","674","C0341787"
"635","2","3","8","45","94","199","240","415","666","C0341787"
"7248","2","3","2","48","57","110","141","359","462","C0341787"
"3859","2","1","6","11","142","225","142","220","298","C0341787"
"3930","2","3","2","22","33","323","66","3","464","C0341787"
"2072","2","3","12","19","31","261","116","1","86","C0341787"
"1278","2","5","7","53","51","342","454","573","492","C0341787"
"4513","2","3","2","48","170","110","141","359","532","C0341787"
"8518","2","3","12","19","31","1","426","55","78","C0341787"
"2146","2","3","12","19","31","1","426","55","78","C0341787"
"3043","2","5","7","34","52","216","395","549","116","C0341787"
"29893","2","3","12","19","31","1","426","55","78","C0341787"
"3363","2","5","4","68","96","326","427","548","672","C0341787"
"7072","2","3","2","22","33","323","66","101","136","C0341787"
"5130","2","3","2","85","143","286","51","488","102","C0342162"
"1585","2","3","5","79","159","256","351","100","589","C0342162"
"6834","2","3","2","48","170","50","119","444","556","C0342162"
"5449","2","3","3","19","221","321","428","541","667","C0342162"
"10479","2","5","7","27","36","150","341","223","628","C0342162"
"4920","2","5","7","53","14","20","259","560","373","C0342208"
"3339","2","5","7","53","51","342","454","573","492","C0342208"
"10585","2","5","2","27","206","324","430","215","290","C0342257"
"7498","2","3","5","80","157","187","159","209","282","C0342257"
"1834","2","5","7","53","51","342","454","573","492","C0342257"
"5080","2","3","3","19","221","321","428","541","667","C0342257"
"6392","2","3","2","48","170","50","119","444","556","C0342257"
"2353","2","3","12","19","31","1","91","489","416","C0342273"
"23513","2","5","7","42","36","71","177","223","219","C0342273"
"5743","2","3","5","53","175","119","167","489","416","C0342273"
"5979","2","5","7","53","14","20","25","40","186","C0342273"
"9401","2","3","12","76","31","261","116","1","86","C0342276"
"2260","2","5","7","53","14","20","25","40","186","C0342276"
"2730","2","3","2","83","171","97","381","478","597","C0342276"
"6663","2","3","3","19","221","321","428","541","667","C0342276"
"25942","2","3","12","19","31","1","426","55","78","C0342276"
"4609","2","3","12","19","31","1","160","107","416","C0342276"
"841","2","3","12","41","219","339","156","568","697","C0342276"
"699","2","3","12","76","153","40","38","54","75","C0342276"
"919","2","5","7","53","14","119","25","40","186","C0342276"
"241","2","5","5","34","52","216","395","549","229","C0342276"
"6648","2","3","2","95","151","160","378","173","229","C0342276"
"3694","2","5","7","53","51","342","454","573","492","C0342282"
"2353","2","3","12","19","31","1","91","489","416","C0342282"
"4688","2","5","7","60","14","20","25","40","215","C0342282"
"7124","2","3","12","41","219","339","156","568","697","C0342384"
"23321","2","5","7","53","184","119","156","287","116","C0342384"
"6683","2","3","12","76","153","40","38","54","75","C0342384"
"3181","2","3","2","22","33","323","66","101","136","C0342384"
"8516","2","5","7","53","51","342","454","573","492","C0342384"
"5696","2","3","12","41","116","268","156","568","116","C0342384"
"9241","2","5","7","53","51","342","259","423","389","C0342384"
"5277","2","3","2","61","77","142","176","235","317","C0342384"
"5727","2","3","12","68","221","197","259","560","422","C0342384"
"6469","2","5","3","53","221","197","259","560","422","C0342388"
"2018","2","3","3","19","221","321","428","541","667","C0342388"
"1130","2","5","7","60","54","326","141","359","462","C0342388"
"5317","2","5","7","34","52","216","142","220","298","C0342388"
"6311","2","3","2","22","33","323","66","362","468","C0342418"
"7454","2","5","7","60","14","20","25","40","215","C0342418"
"5873","2","5","7","34","54","24","30","46","72","C0342418"
"3480","2","5","7","53","14","20","25","40","186","C0342418"
"55640","2","3","5","80","81","104","369","117","583","C0342422"
"8425","2","5","7","53","51","342","454","573","492","C0342422"
"55612","2","5","7","60","36","71","177","560","701","C0342474"
"2629","2","3","5","80","81","250","291","152","420","C0342474"
"8575","2","3","2","22","33","323","66","101","194","C0342491"
"8200","2","5","7","53","51","342","259","423","389","C0342491"
"6833","2","5","8","45","36","166","240","415","666","C0342491"
"54209","2","5","7","53","51","119","395","549","674","C0342491"
"55636","2","3","3","19","221","321","428","423","389","C0342491"
"1411","2","3","6","63","45","160","362","177","673","C0342491"
"5447","2","3","5","91","214","271","372","471","586","C0342491"
"5122","2","5","4","27","36","184","141","359","411","C0342491"
"2263","2","5","7","53","14","20","25","40","186","C0342491"
"3329","2","3","2","48","170","50","304","167","593","C0342491"
"3107","2","5","7","34","52","119","395","549","674","C0342491"
"1289","2","5","7","53","51","342","454","573","492","C0342491"
"3741","2","5","8","63","36","166","106","110","158","C0342527"
"3373","2","3","5","80","51","342","454","573","492","C0342527"
"773","2","5","8","27","36","166","341","223","628","C0342527"
"2177","2","3","2","110","90","261","431","545","443","C0342543"
"843","2","3","12","41","219","339","156","568","697","C0342543"
"1756","2","5","8","63","45","23","103","464","187","C0342546"
"5528","2","3","12","76","153","40","38","54","75","C0342546"
"3816","2","5","7","53","51","342","454","573","492","C0342546"
"7043","2","5","7","53","51","342","454","573","492","C0342549"
"22995","2","3","12","76","153","40","38","54","75","C0342549"
"2253","2","5","7","53","14","20","25","40","186","C0342549"
"10577","2","5","7","34","52","216","395","549","674","C0342573"
"6521","2","5","8","35","41","199","40","415","666","C0342573"
"5621","2","5","8","27","36","342","454","573","628","C0342643"
"50964","2","5","3","68","221","197","259","423","422","C0342643"
"5950","2","5","7","53","51","101","126","170","224","C0342649"
"1906","2","5","4","68","96","326","427","548","672","C0342649"
"3977","2","5","7","53","51","119","25","40","416","C0342793"
"8139","2","3","12","41","116","268","434","468","213","C0342793"
"669","2","3","5","90","167","266","441","106","616","C0342853"
"55699","2","3","2","110","85","67","76","252","154","C0342853"
"2914","2","5","4","68","96","326","427","548","672","C0342870"
"2778","2","5","4","68","96","326","427","548","672","C0342870"
"1111","2","3","12","19","31","261","116","1","86","C0342870"
"990","2","3","12","76","31","261","116","1","86","C0342881"
"3543","2","5","7","53","51","119","395","549","674","C0342881"
"1776","2","5","7","105","219","261","402","129","215","C0342881"
"6913","2","3","3","19","221","321","428","541","667","C0342881"
"3265","2","5","7","60","54","24","30","46","72","C0342883"
"6899","2","5","7","53","184","335","259","560","373","C0342883"
"10743","2","3","3","19","151","276","91","433","118","C0342883"
"7042","2","5","7","53","51","342","454","573","492","C0342898"
"120892","2","3","2","110","85","28","164","85","522","C0342898"
"2896","2","5","7","34","52","216","395","549","674","C0342907"
"3561","2","5","7","53","14","20","25","40","186","C0342907"
"4036","2","5","7","60","14","184","341","544","669","C0343055"
"1586","2","3","5","79","98","256","335","425","540","C0343055"
"5743","2","3","5","53","175","119","167","489","416","C0343057"
"4593","2","5","7","53","14","20","454","573","492","C0343057"
"5155","2","5","7","53","51","342","454","573","186","C0343057"
"3190","2","3","2","22","33","323","66","101","136","C0343065"
"6337","2","5","8","63","45","23","34","464","187","C0343065"
"3984","2","5","7","53","14","20","34","540","68","C0343065"
"5663","2","5","7","34","52","216","395","549","667","C0343065"
"3857","2","1","6","11","142","225","142","220","298","C0343065"
"54101","2","3","2","48","170","50","347","167","593","C0343065"
"5015","2","3","3","19","221","321","428","541","667","C0343065"
"26040","2","3","12","19","31","1","116","297","78","C0343068"
"6597","2","3","12","19","31","1","426","55","78","C0343068"
"147409","2","1","6","11","142","225","142","220","298","C0343073"
"6654","2","5","7","60","54","24","30","46","72","C0343073"
"6125","2","3","2","110","85","237","433","547","671","C0343073"
"10758","2","3","12","41","219","339","156","568","697","C0343073"
"2668","2","5","7","53","14","20","25","40","186","C0343073"
"3251","2","3","4","68","96","326","427","341","150","C0343073"
"51151","2","3","5","23","18","138","250","332","407","C0343073"
"3242","2","3","5","67","92","293","55","308","390","C0343073"
"875","2","3","5","80","137","44","21","451","316","C0343073"
"355","2","3","7","41","219","339","156","568","697","C0343073"
"4952","2","3","5","60","54","184","30","544","669","C0343073"
"3897","2","5","7","53","51","335","444","560","373","C0343073"
"28952","2","3","12","41","116","268","434","468","213","C0343073"
"2588","2","3","7","34","52","216","395","549","674","C0343073"
"59341","2","5","8","63","45","193","306","390","158","C0343073"
"23169","2","3","2","78","205","112","430","429","544","C0343073"
"6868","2","5","7","53","51","342","454","236","492","C0343073"
"10654","2","3","3","72","151","276","91","433","118","C0343110"
"1103","2","3","2","67","92","293","55","75","311","C0343110"
"6239","2","3","12","19","119","330","214","454","144","C0343110"
"1280","2","5","7","53","51","342","454","573","492","C0343755"
"26012","2","3","12","19","31","261","116","159","211","C0343755"
"950","2","5","7","60","14","184","341","544","669","C0343755"
"5443","2","5","4","68","96","326","427","548","672","C0343755"
"2200","2","5","7","53","51","342","454","573","492","C0344232"
"8287","2","3","12","41","219","339","156","568","605","C0344232"
"4143","2","3","5","80","81","105","426","129","2","C0344232"
"3265","2","5","7","60","54","24","30","46","72","C0344232"
"1201","2","3","2","48","170","50","304","167","593","C0344232"
"3172","2","3","3","19","151","276","91","433","118","C0344232"
"25942","2","3","12","19","31","1","426","55","78","C0344232"
"51761","2","5","8","63","45","23","103","464","187","C0344232"
"10682","2","5","4","68","96","326","48","69","204","C0344232"
"6324","2","5","7","63","36","166","341","223","158","C0344232"
"4791","2","3","12","41","219","339","156","568","697","C0344232"
"940","2","5","7","53","14","20","25","40","186","C0344232"
"4292","2","3","12","19","31","261","116","1","86","C0344232"
"55651","2","3","2","110","85","237","433","547","671","C0344232"
"10560","2","3","2","65","196","310","127","527","648","C0344232"
"5627","2","5","7","53","51","342","454","573","702","C0344232"
"2950","2","5","7","34","52","216","395","549","674","C0344232"
"175","2","3","7","34","52","216","395","549","674","C0344232"
"1278","2","5","7","53","51","342","454","573","492","C0344232"
"56652","2","3","3","19","151","276","91","433","118","C0344233"
"55630","2","3","5","27","81","99","162","216","290","C0344233"
"8048","2","5","8","63","45","23","103","464","187","C0344233"
"3753","2","5","8","63","36","166","341","223","158","C0344233"
"3759","2","5","8","63","36","166","106","110","158","C0344233"
"10243","2","3","2","27","91","71","204","267","352","C0344233"
"5894","2","5","7","60","54","23","34","464","187","C0344233"
"8878","2","3","12","41","219","339","156","568","697","C0344233"
"51752","2","3","2","41","153","119","156","536","116","C0344233"
"404672","2","3","12","19","31","1","116","159","211","C0344233"
"26235","2","3","12","41","116","268","434","468","213","C0344233"
"3717","2","5","7","53","14","20","25","40","186","C0344262"
"641","2","3","12","19","31","261","116","1","86","C0344262"
"3784","2","5","8","63","36","166","106","110","158","C0344262"
"22948","2","3","12","76","137","76","136","472","435","C0344290"
"2624","2","3","12","19","31","1","155","287","116","C0344290"
"3569","2","5","7","53","51","342","454","573","416","C0344290"
"3425","2","3","5","80","81","166","454","573","492","C0344290"
"6531","2","5","8","45","94","199","240","415","666","C0344290"
"1674","2","5","8","63","45","23","103","464","187","C0344290"
"5781","2","5","7","53","14","20","25","40","186","C0344290"
"2200","2","5","7","53","51","342","454","573","492","C0344290"
"1280","2","5","7","53","51","342","454","573","492","C0344290"
"9409","2","3","5","43","161","305","409","208","482","C0344297"
"9049","2","3","3","41","151","276","378","271","356","C0344297"
"7136","2","5","8","63","45","23","103","464","187","C0344307"
"3098","2","3","2","90","167","266","367","500","577","C0344307"
"356","2","5","7","53","219","339","25","489","697","C0344307"
"6772","2","3","12","53","184","119","156","287","116","C0344307"
"7473","2","5","3","68","221","197","259","560","422","C0344307"
"10763","2","3","12","76","36","150","74","73","100","C0344312"
"4843","2","3","5","43","161","305","409","489","416","C0344312"
"3949","2","5","7","60","14","184","341","544","669","C0344312"
"1134","2","5","8","27","70","99","162","216","290","C0344312"
"2033","2","3","12","19","31","1","91","433","118","C0344312"
"4625","2","3","8","63","45","23","103","464","187","C0344312"
"8878","2","3","12","41","219","339","156","568","697","C0344312"
"1586","2","3","5","79","98","256","335","425","540","C0344312"
"1674","2","5","8","63","45","23","103","464","187","C0344312"
"658","2","5","7","53","51","342","259","423","389","C0344312"
"2255","2","5","7","53","14","20","25","40","186","C0344312"
"7148","2","5","7","53","51","342","454","573","492","C0344312"
"9627","2","3","12","19","31","1","426","55","78","C0344315"
"6499","2","3","2","110","85","237","433","547","671","C0344315"
"4017","2","3","2","53","51","342","454","573","492","C0344315"
"2239","2","3","2","74","51","342","454","573","492","C0344315"
"2626","2","3","12","19","31","118","155","287","116","C0344315"
"10804","2","3","12","76","153","40","38","54","75","C0344315"
"3606","2","5","7","53","51","119","156","489","416","C0344315"
"6448","2","3","5","74","160","294","376","453","567","C0344315"
"10585","2","5","2","27","206","324","430","215","290","C0344315"
"2316","2","5","7","53","51","342","454","573","702","C0344315"
"3815","2","5","7","53","14","20","25","40","186","C0344315"
"6559","2","5","8","45","94","199","240","415","666","C0344315"
"4535","2","3","2","48","170","50","119","444","556","C0344315"
"3074","2","3","7","34","52","216","395","549","607","C0344315"
"2077","2","3","12","76","153","40","38","54","75","C0344315"
"54880","2","3","12","19","31","1","426","55","78","C0344315"
"2033","2","3","12","19","31","1","91","433","118","C0344315"
"6667","2","3","12","19","31","276","91","433","118","C0344386"
"7066","2","5","7","53","51","119","25","573","416","C0344386"
"6521","2","5","8","35","41","199","40","415","666","C0344490"
"5826","2","3","7","48","161","105","139","186","245","C0344490"
"6663","2","3","3","19","221","321","428","541","667","C0344490"
"7737","2","3","12","22","33","268","434","468","213","C0344505"
"4000","2","3","12","26","105","178","226","297","156","C0344505"
"6658","2","3","12","19","221","321","428","541","667","C0344505"
"715","2","5","7","53","51","119","395","549","674","C0344505"
"959","2","5","7","53","51","119","395","549","674","C0344505"
"11285","2","3","2","74","205","191","396","408","620","C0344505"
"8243","2","3","12","76","31","40","38","54","75","C0344505"
"1947","2","5","7","53","51","20","25","560","373","C0344505"
"8360","2","3","12","19","31","1","426","55","78","C0344505"
"4512","2","3","2","48","170","110","141","359","8","C0344509"
"6862","2","5","3","53","51","335","259","560","373","C0344509"
"58","2","5","8","63","45","23","103","464","187","C0344509"
"8575","2","3","2","22","33","323","66","101","194","C0344509"
"1301","2","5","7","53","51","342","454","573","492","C0344511"
"1289","2","5","7","53","51","342","454","573","492","C0344511"
"23476","2","3","12","19","31","1","426","159","211","C0344511"
"1297","2","5","7","53","51","342","454","573","492","C0344511"
"7124","2","3","12","41","219","339","156","568","697","C0344516"
"9569","2","3","12","19","31","276","91","433","118","C0344516"
"3818","2","5","7","68","51","119","395","549","674","C0344516"
"7490","2","3","3","19","221","321","428","541","667","C0344516"
"54756","2","5","7","41","219","238","118","543","214","C0344523"
"3984","2","5","7","53","14","20","34","540","68","C0344523"
"203286","2","5","7","50","30","193","306","148","624","C0344523"
"788","2","3","2","45","151","199","240","415","666","C0344523"
"5982","2","3","12","19","31","261","116","1","86","C0344530"
"5080","2","3","3","19","221","321","428","541","667","C0344530"
"10743","2","3","3","19","151","276","91","433","118","C0344530"
"3758","2","5","8","63","36","166","106","110","158","C0344530"
"10117","2","5","7","53","51","342","454","573","492","C0344530"
"9990","2","5","8","45","94","199","240","415","666","C0344530"
"5340","2","5","7","53","51","342","454","573","492","C0344530"
"10484","2","3","7","60","153","40","38","54","203","C0344530"
"9394","2","3","2","74","58","112","148","193","263","C0344530"
"43","2","3","5","85","143","286","51","488","389","C0344530"
"25914","2","3","12","41","116","339","409","359","187","C0344530"
"6557","2","5","8","45","94","199","240","415","666","C0344530"
"10161","2","5","4","68","96","326","427","548","672","C0344530"
"55670","2","3","5","43","161","305","409","208","482","C0344530"
"4893","2","5","7","34","52","24","30","46","72","C0344531"
"8557","2","5","8","63","45","23","103","464","187","C0344531"
"7518","2","3","12","19","31","261","116","1","86","C0344531"
"1497","2","5","2","63","182","50","103","297","628","C0344531"
"6323","2","5","8","63","36","166","341","390","158","C0344531"
"658","2","5","7","53","51","342","259","423","389","C0344531"
"1415","2","3","6","63","45","160","362","177","673","C0344531"
"324","2","3","12","41","219","197","70","255","422","C0344531"
"3257","2","5","7","60","54","24","30","46","72","C0344531"
"9049","2","3","3","41","151","276","378","271","356","C0344531"
"3508","2","3","12","19","31","261","116","1","86","C0344531"
"1749","2","3","3","19","221","321","428","541","667","C0344531"
"23495","2","3","12","41","219","339","156","568","697","C0344531"
"8314","2","3","12","41","31","1","426","55","78","C0344531"
"2778","2","5","4","68","96","326","427","548","672","C0344531"
"1855","2","5","12","76","153","197","259","560","422","C0344531"
"5447","2","3","5","91","214","271","372","471","586","C0344531"
"11234","2","3","5","60","18","184","341","544","669","C0344531"
"4843","2","3","5","43","161","305","409","489","416","C0344531"
"2253","2","5","7","53","14","20","25","40","186","C0344531"
"5663","2","5","7","34","52","216","395","549","667","C0344531"
"653361","2","5","7","60","14","20","25","40","215","C0344531"
"10269","2","3","2","48","182","50","119","444","556","C0344531"
"26277","2","3","12","19","31","1","426","1","78","C0344531"
"23483","2","3","2","28","191","306","143","452","258","C0344531"
"29760","2","5","7","53","14","20","25","40","186","C0344531"
"4593","2","5","7","53","14","20","454","573","492","C0344531"
"2006","2","5","7","53","51","342","454","573","492","C0344531"
"23522","2","3","12","19","31","1","426","55","78","C0344539"
"2625","2","3","12","19","31","339","155","287","116","C0344539"
"2395","2","3","2","48","170","50","304","167","593","C0344539"
"9401","2","3","12","76","31","261","116","1","86","C0344539"
"9096","2","5","7","53","51","335","259","560","373","C0344539"
"2006","2","5","7","53","51","342","454","573","492","C0344539"
"2261","2","5","7","53","14","20","25","40","186","C0344539"
"6572","2","3","7","60","14","184","341","544","669","C0344539"
"3617","2","5","7","86","221","321","454","311","518","C0344539"
"1356","2","3","7","53","51","342","454","573","492","C0344539"
"658","2","5","7","53","51","342","259","423","389","C0344550"
"5079","2","3","3","19","221","321","428","541","667","C0344550"
"1723","2","3","2","48","170","50","119","444","556","C0344550"
"2263","2","5","7","53","14","20","25","40","186","C0344559"
"5071","2","3","12","41","116","268","434","468","213","C0344559"
"2263","2","5","7","53","14","20","25","40","186","C0344559"
"1311","2","5","7","53","51","342","454","573","492","C0344559"
"2316","2","5","7","53","51","342","454","573","702","C0344559"
"116443","2","5","8","63","36","166","106","223","219","C0344559"
"3736","2","5","8","63","36","166","106","110","158","C0344559"
"2697","2","3","7","76","153","40","38","54","75","C0344559"
"9487","2","3","5","80","81","142","176","235","317","C0344559"
"6885","2","3","12","41","219","339","156","568","697","C0344559"
"4487","2","3","3","19","221","321","428","541","667","C0344724"
"776","2","5","8","63","36","166","341","390","158","C0344724"
"5649","2","5","7","53","51","342","444","560","373","C0344724"
"7421","2","3","3","19","151","276","91","433","118","C0344724"
"5728","2","3","5","80","81","339","156","568","605","C0344724"
"4221","2","3","12","19","31","342","454","573","492","C0344724"
"4204","2","3","12","19","31","1","426","55","78","C0344724"
"344","2","5","7","53","51","342","454","573","492","C0344724"
"3952","2","5","3","53","151","276","91","433","118","C0344724"
"2581","2","3","5","80","81","250","291","152","420","C0344735"
"6608","2","3","3","68","221","321","428","560","667","C0344735"
"3458","2","5","7","53","184","119","156","287","116","C0344735"
"658","2","5","7","53","51","342","259","423","389","C0344735"
"5784","2","5","7","42","81","296","399","201","274","C0344735"
"22948","2","3","12","76","137","76","136","472","435","C0344760"
"7157","2","3","12","19","31","261","402","489","551","C0344760"
"715","2","5","7","53","51","119","395","549","674","C0344925"
"3630","2","5","7","53","14","20","25","40","186","C0344925"
"4780","2","3","12","19","31","276","91","433","118","C0344925"
"4000","2","3","12","26","105","178","226","297","156","C0345030"
"9829","2","5","7","60","14","184","341","544","669","C0345030"
"50485","2","3","12","19","31","261","116","1","86","C0345030"
"5444","2","3","5","80","147","236","328","411","229","C0345030"
"1959","2","3","3","19","151","276","91","433","118","C0345030"
"3040","2","5","5","53","51","342","40","78","178","C0345030"
"1583","2","3","5","79","152","273","375","100","589","C0345030"
"999","2","5","7","53","51","342","444","560","373","C0345030"
"54714","2","5","8","63","36","166","106","110","158","C0345030"
"7020","2","3","12","19","31","276","91","433","664","C0345030"
"2056","2","5","7","53","51","119","25","40","186","C0345030"
"3569","2","5","7","53","51","342","454","573","416","C0345030"
"5265","2","5","7","34","52","216","395","573","702","C0345030"
"1278","2","5","7","53","51","342","454","573","492","C0345030"
"4047","2","3","3","19","151","276","91","433","118","C0345049"
"5894","2","5","7","60","54","23","34","464","187","C0345049"
"4125","2","3","7","34","52","216","395","549","674","C0345049"
"2074","2","3","12","19","31","1","426","55","78","C0345049"
"6324","2","5","7","63","36","166","341","223","158","C0345049"
"1301","2","5","7","53","51","342","454","573","492","C0345309"
"710","2","5","7","53","51","342","454","573","702","C0345309"
"6347","2","5","7","53","51","119","427","489","416","C0345309"
"3440","2","3","12","19","184","118","155","287","116","C0345309"
"10262","2","3","2","22","33","323","66","101","136","C0345309"
"4643","2","5","7","60","14","20","25","40","215","C0345309"
"79867","2","3","2","76","153","40","38","54","75","C0345309"
"9382","2","5","7","60","153","40","38","66","203","C0345309"
"4990","2","3","3","19","221","321","428","541","667","C0345309"
"23169","2","3","2","78","205","112","430","429","544","C0345309"
"6853","2","5","7","27","36","150","341","223","628","C0345309"
"2159","2","5","7","68","51","119","454","549","674","C0345309"
"4286","2","3","12","19","31","261","116","1","664","C0345309"
"23431","2","5","7","60","18","184","341","544","669","C0345309"
"7486","2","3","12","19","31","261","116","1","86","C0345326"
"83259","2","5","7","53","51","335","444","560","373","C0345326"
"8653","2","3","12","110","85","237","136","472","127","C0345326"
"3861","2","1","6","11","142","225","142","220","298","C0345326"
"5159","2","5","7","53","14","20","25","40","186","C0345354"
"3549","2","5","3","53","51","197","259","560","422","C0345354"
"2731","2","3","2","106","104","214","234","67","53","C0345354"
"51360","2","3","3","26","35","276","91","433","203","C0345354"
"9871","2","3","7","60","153","40","38","54","203","C0345354"
"581","2","3","12","41","219","339","402","489","551","C0345354"
"5518","2","3","12","76","153","40","38","54","435","C0345354"
"10058","2","3","5","44","50","209","68","11","141","C0345354"
"5327","2","5","7","53","51","342","454","573","492","C0345371"
"3284","2","3","2","69","98","169","299","183","243","C0345371"
"54808","2","3","12","76","153","40","38","54","75","C0345371"
"4088","2","3","12","19","219","339","259","423","605","C0345371"
"695","2","5","7","53","14","20","25","40","186","C0345375"
"1050","2","3","12","19","151","276","91","433","118","C0345375"
"6338","2","5","8","63","45","23","34","464","187","C0345375"
"1290","2","5","7","53","51","342","454","573","492","C0345375"
"94","2","5","7","53","51","342","259","423","389","C0345375"
"9573","2","5","7","53","51","342","259","423","389","C0345375"
"1031","2","3","12","19","31","1","426","55","78","C0345375"
"54345","2","5","3","19","221","321","428","541","667","C0345375"
"79809","2","3","12","76","153","40","38","54","75","C0345394"
"25836","2","3","12","76","153","40","38","54","75","C0345394"
"4703","2","5","7","60","45","23","103","464","187","C0345397"
"6399","2","5","7","60","54","24","30","46","72","C0345397"
"5184","2","3","5","80","81","166","52","105","349","C0345397"
"5444","2","3","5","80","147","236","328","411","229","C0345397"
"5371","2","3","12","19","31","1","91","287","116","C0345397"
"51010","2","3","2","110","85","237","433","547","671","C0345397"
"5745","2","5","4","68","96","326","427","548","672","C0345397"
"6223","2","3","2","110","85","237","433","547","671","C0345397"
"7167","2","3","2","90","167","266","367","500","577","C0345397"
"1028","2","3","12","19","31","1","116","1","86","C0345397"
"10535","2","3","12","76","153","40","38","54","75","C0345427"
"5604","2","5","7","53","14","20","34","540","68","C0345427"
"26053","2","3","12","19","31","1","426","55","78","C0345427"
"9321","2","3","12","76","153","40","38","54","203","C0345427"
"10982","2","3","12","76","153","40","38","54","75","C0345427"
"6309","2","3","5","19","151","76","48","69","204","C0345893"
"9723","2","5","7","53","51","342","79","560","373","C0345893"
"5982","2","3","12","19","31","261","116","1","86","C0345893"
"6548","2","3","2","45","94","199","240","415","326","C0345893"
"4359","2","5","7","53","51","342","454","573","492","C0345996"
"8626","2","3","3","19","221","321","428","541","667","C0345996"
"54765","2","3","12","48","182","50","119","444","556","C0345996"
"29851","2","5","7","53","14","20","25","40","186","C0345996"
"3549","2","5","3","53","51","197","259","560","422","C0345996"
"10479","2","5","7","27","36","150","341","223","628","C0345996"
"6390","2","3","2","48","170","50","119","444","556","C0345996"
"2773","2","5","4","68","96","326","427","548","672","C0345996"
"65217","2","5","7","53","51","335","444","560","373","C0345996"
"1490","2","5","7","53","51","342","454","573","492","C0345996"
"2263","2","5","7","53","14","20","25","40","186","C0345996"
"5077","2","3","3","19","221","321","428","541","667","C0345996"
"9152","2","5","8","45","94","199","240","415","666","C0345996"
"7036","2","3","5","29","88","132","85","222","346","C0345996"
"9620","2","5","7","53","51","335","444","560","373","C0345996"
"9031","2","3","12","19","31","1","426","55","78","C0345996"
"3954","2","3","2","48","170","67","119","444","593","C0346153"
"6662","2","3","3","19","221","321","428","541","667","C0346153"
"10262","2","3","2","22","33","323","66","101","136","C0346153"
"24","2","3","12","41","116","268","423","536","445","C0346153"
"54840","2","3","12","19","31","261","116","1","86","C0346153"
"7015","2","3","12","19","31","1","426","55","78","C0346153"
"348","2","5","7","53","51","342","454","573","492","C0346153"
"23111","2","3","12","41","219","339","156","568","697","C0346302"
"60","2","3","12","60","45","184","155","287","78","C0346302"
"6648","2","3","2","95","151","160","378","173","229","C0346302"
"6390","2","3","2","48","170","50","119","444","556","C0346302"
"2643","2","3","5","87","91","75","204","267","352","C0346302"
"10585","2","5","2","27","206","324","430","215","290","C0346326"
"203286","2","5","7","50","30","193","306","148","624","C0346326"
"4851","2","3","12","19","221","143","428","236","667","C0346326"
"7461","2","3","7","60","153","40","38","93","75","C0346373"
"22999","2","5","7","60","36","71","341","223","219","C0346373"
"55612","2","5","7","60","36","71","177","560","701","C0346373"
"6716","2","3","2","69","98","169","299","50","494","C0346373"
"6662","2","3","3","19","221","321","428","541","667","C0346379"
"6927","2","3","3","19","221","321","428","541","667","C0346379"
"7476","2","5","3","68","221","197","259","560","422","C0346379"
"9896","2","3","5","80","81","296","399","201","274","C0346388"
"7169","2","5","8","63","45","23","103","464","187","C0346388"
"5908","2","5","7","34","52","216","30","46","72","C0346388"
"5119","2","3","2","48","57","110","141","359","462","C0346421"
"51715","2","5","7","60","54","24","30","46","72","C0346421"
"8200","2","5","7","53","51","342","259","423","389","C0346647"
"6392","2","3","2","48","170","50","119","444","556","C0346647"
"410","2","3","7","34","52","216","395","549","674","C0346647"
"4583","2","3","3","89","206","324","430","429","544","C0346647"
"5972","2","5","5","34","52","216","397","418","568","C0346647"
"2911","2","5","4","68","96","326","427","548","672","C0346647"
"2811","2","5","7","53","51","1","454","573","78","C0346647"
"7439","2","5","8","63","45","23","34","464","187","C0346647"
"5993","2","3","12","19","31","1","426","55","78","C0346647"
"538","2","3","8","63","45","23","103","464","187","C0347509"
"3418","2","3","2","67","151","276","33","48","155","C0347509"
"2314","2","3","12","63","45","184","103","572","658","C0348023"
"5728","2","3","5","80","81","339","156","568","605","C0348023"
"55704","2","3","12","76","153","40","38","54","75","C0348616"
"6662","2","3","3","19","221","321","428","541","667","C0348616"
"1277","2","5","7","53","51","342","454","573","492","C0348616"
"3425","2","3","5","80","81","166","454","573","492","C0348616"
"54806","2","5","7","76","153","40","38","54","75","C0348890"
"7134","2","5","8","63","45","23","103","464","187","C0348890"
"1184","2","5","8","63","45","23","34","464","187","C0348890"
"11005","2","1","6","11","142","225","142","220","298","C0348890"
"6299","2","3","12","19","221","321","428","541","667","C0349217"
"7555","2","3","2","110","85","237","433","547","671","C0349217"
"1493","2","5","7","53","51","119","25","40","186","C0349218"
"1387","2","3","12","19","31","276","91","433","118","C0349218"
"3977","2","5","7","53","51","119","25","40","416","C0349231"
"4860","2","3","7","34","52","216","395","549","150","C0349231"
"2239","2","3","2","74","51","342","454","573","492","C0349391"
"7351","2","3","2","20","29","98","123","166","221","C0349391"
"1758","2","5","7","53","51","342","454","573","492","C0349391"
"3569","2","5","7","53","51","342","454","573","416","C0349391"
"5193","2","3","5","43","161","305","409","208","482","C0349391"
"3565","2","5","7","53","51","119","25","489","416","C0349464"
"6295","2","3","4","68","45","272","427","518","621","C0349464"
"6529","2","5","8","45","94","199","240","415","666","C0349464"
"5604","2","5","7","53","14","20","34","540","68","C0349464"
"6197","2","3","12","19","14","20","34","540","68","C0349639"
"6392","2","3","2","48","170","50","119","444","556","C0349639"
"1233","2","5","4","68","96","326","427","548","672","C0349639"
"29887","2","3","7","60","18","110","141","198","270","C0349639"
"8878","2","3","12","41","219","339","156","568","697","C0349639"
"54949","2","3","2","48","170","50","119","444","556","C0349639"
"860","2","3","12","19","31","276","91","433","118","C0349639"
"6557","2","5","8","45","94","199","240","415","666","C0349639"
"8287","2","3","12","41","219","339","156","568","605","C0349639"
"5830","2","3","5","43","161","305","409","208","482","C0349639"
"3040","2","5","5","53","51","342","40","78","178","C0349639"
"1499","2","3","12","19","221","197","259","560","422","C0349639"
"7469","2","3","12","19","31","261","116","159","211","C0349639"
"9573","2","5","7","53","51","342","259","423","389","C0349639"
"4221","2","3","12","19","31","342","454","573","492","C0349639"
"5921","2","5","7","60","14","24","25","40","215","C0349639"
"6567","2","5","8","35","41","77","40","57","80","C0349639"
"3930","2","3","2","22","33","323","66","3","464","C0349639"
"658","2","5","7","53","51","342","259","423","389","C0349639"
"7473","2","5","3","68","221","197","259","560","422","C0349639"
"6557","2","5","8","45","94","199","240","415","666","C0349702"
"3636","2","3","5","80","14","20","25","40","186","C0349702"
"224","2","3","5","50","47","39","202","19","233","C0349702"
"1591","2","3","5","92","163","262","136","460","566","C0349702"
"6654","2","5","7","60","54","24","30","46","72","C0349702"
"5828","2","3","5","43","161","305","409","208","482","C0349702"
"5314","2","3","12","76","153","40","38","54","75","C0349702"
"4647","2","5","7","60","83","101","126","170","224","C0349705"
"9469","2","3","2","103","189","303","29","475","467","C0349705"
"8818","2","3","2","61","77","142","176","280","363","C0349705"
"3426","2","5","7","53","51","119","395","549","674","C0349705"
"8626","2","3","3","19","221","321","428","541","667","C0349705"
"7840","2","3","12","76","153","40","38","54","75","C0349705"
"23118","2","3","12","41","219","339","156","568","697","C0349705"
"2892","2","5","8","63","36","166","106","110","158","C0349705"
"846","2","5","4","68","96","326","427","548","672","C0349705"
"1289","2","5","7","53","51","342","454","573","492","C0376358"
"4292","2","3","12","19","31","261","116","1","86","C0376358"
"2771","2","5","4","68","96","326","427","548","672","C0376358"
"5457","2","3","3","19","221","321","428","541","667","C0376358"
"10084","2","3","2","22","33","323","66","101","136","C0376358"
"5605","2","5","7","53","14","20","34","540","68","C0376358"
"10342","2","3","7","60","219","40","202","66","203","C0376358"
"6390","2","3","2","48","170","50","119","444","556","C0376358"
"6239","2","3","12","19","119","330","214","454","144","C0376358"
"2551","2","3","3","19","151","276","91","433","118","C0376358"
"6134","2","3","2","110","85","237","433","547","671","C0376358"
"2187","2","3","12","19","31","261","116","1","86","C0376480"
"2071","2","3","12","19","31","261","116","159","211","C0376480"
"3766","2","5","8","63","36","166","106","110","158","C0376480"
"10661","2","3","12","19","31","1","426","55","78","C0376480"
"841","2","3","12","41","219","339","156","568","697","C0376480"
"3889","2","1","6","11","142","225","142","220","298","C0376480"
"3284","2","3","2","69","98","169","299","183","243","C0376480"
"51715","2","5","7","60","54","24","30","46","72","C0376480"
"1340","2","3","2","48","170","50","141","359","462","C0376480"
"7704","2","3","12","41","116","268","434","468","213","C0376480"
"3565","2","5","7","53","51","119","25","489","416","C0376480"
"80310","2","5","7","53","51","342","454","573","492","C0376480"
"7401","2","5","7","60","83","101","126","170","224","C0376480"
"7137","2","5","8","63","45","23","103","464","187","C0376480"
"7840","2","3","12","76","153","40","38","54","75","C0376480"
"2334","2","5","7","53","14","20","25","40","186","C0376480"
"348","2","5","7","53","51","342","454","573","492","C0376480"
"7443","2","3","12","19","31","261","34","540","68","C0376480"
"6335","2","5","8","63","36","166","341","390","158","C0376480"
"10345","2","5","8","63","45","23","34","464","187","C0376480"
"84991","2","3","2","22","33","323","66","101","136","C0376480"
"9791","2","3","8","45","94","199","240","415","666","C0376480"
"207","2","3","7","53","14","20","34","489","416","C0376480"
"6812","2","5","7","27","36","150","341","223","628","C0376480"
"29887","2","3","7","60","18","110","141","198","270","C0376480"
"4247","2","3","2","68","67","320","98","180","279","C0376480"
"5077","2","3","3","19","221","321","428","541","667","C0376480"
"5192","2","3","5","43","161","305","409","208","482","C0376480"
"5982","2","3","12","19","31","261","116","1","86","C0376480"
"23322","2","3","12","76","153","40","38","54","75","C0376480"
"2074","2","3","12","19","31","1","426","55","78","C0376480"
"657","2","5","7","53","221","342","259","423","389","C0376480"
"673","2","5","7","53","14","20","34","540","68","C0376545"
"5317","2","5","7","34","52","216","142","220","298","C0376545"
"3239","2","3","3","19","221","321","428","541","667","C0376545"
"2153","2","5","7","53","51","342","454","573","492","C0376545"
"2239","2","3","2","74","51","342","454","573","492","C0376545"
"2896","2","5","7","34","52","216","395","549","674","C0376545"
"50717","2","3","12","41","116","268","434","468","213","C0376545"
"5290","2","3","7","53","14","20","25","40","186","C0376545"
"844","2","5","8","63","45","23","34","464","187","C0376545"
"7040","2","5","7","53","51","342","454","573","492","C0376545"
"5189","2","3","5","43","161","305","409","208","482","C0376545"
"2584","2","3","2","72","117","196","257","326","46","C0376545"
"3702","2","5","7","53","14","20","25","40","186","C0376545"
"8200","2","5","7","53","51","342","259","423","389","C0376545"
"4582","2","5","7","53","206","324","430","429","544","C0376545"
"3984","2","5","7","53","14","20","34","540","68","C0376545"
"5216","2","5","7","76","153","342","38","54","702","C0376545"
"4000","2","3","12","26","105","178","226","297","156","C0376545"
"5728","2","3","5","80","81","339","156","568","605","C0376545"
"10699","2","5","7","68","51","119","395","549","674","C0376545"
"9731","2","3","12","76","153","40","38","54","75","C0376545"
"11322","2","5","7","34","52","216","395","549","674","C0376545"
"3028","2","3","2","67","92","152","32","252","154","C0376618"
"10682","2","5","4","68","96","326","48","69","204","C0376618"
"3759","2","5","8","63","36","166","106","110","158","C0376618"
"3845","2","5","7","60","54","24","30","46","72","C0376618"
"3329","2","3","2","48","170","50","304","167","593","C0376618"
"54101","2","3","2","48","170","50","347","167","593","C0376618"
"5979","2","5","7","53","14","20","25","40","186","C0376618"
"7015","2","3","12","19","31","1","426","55","78","C0376618"
"5663","2","5","7","34","52","216","395","549","667","C0376628"
"8200","2","5","7","53","51","342","259","423","389","C0376628"
"8216","2","3","12","41","119","330","214","454","144","C0376628"
"2332","2","3","2","22","33","71","373","466","609","C0376628"
"3561","2","5","7","53","14","20","25","40","186","C0376628"
"54941","2","3","12","41","116","268","434","468","213","C0376628"
"2879","2","3","5","80","81","166","378","173","229","C0376628"
"2653","2","3","2","67","104","214","234","306","388","C0376628"
"6709","2","5","7","34","52","216","395","572","158","C0376628"
"673","2","5","7","53","14","20","34","540","68","C0376628"
"3458","2","5","7","53","184","119","156","287","116","C0376628"
"1959","2","3","3","19","151","276","91","433","118","C0376628"
"5728","2","3","5","80","81","339","156","568","605","C0376628"
"23363","2","3","12","41","116","268","434","468","213","C0376628"
"1286","2","5","7","53","51","342","454","573","492","C0376628"
"4318","2","5","7","34","52","216","395","573","492","C0376628"
"6658","2","3","12","19","221","321","428","541","667","C0376628"
"4281","2","5","7","53","184","119","156","287","116","C0376628"
"2956","2","3","12","19","31","261","116","1","86","C0376628"
"1280","2","5","7","53","51","342","454","573","492","C0376628"
"7490","2","3","3","19","221","321","428","541","667","C0376628"
"1788","2","3","12","19","31","1","426","55","78","C0376628"
"4000","2","3","12","26","105","178","226","297","156","C0376628"
"3039","2","3","5","35","41","118","155","287","116","C0376628"
"4088","2","3","12","19","219","339","259","423","605","C0376628"
"11253","2","3","2","41","116","268","423","536","445","C0376628"
"3845","2","5","7","60","54","24","30","46","72","C0376628"
"2554","2","5","8","27","70","99","162","216","290","C0376628"
"51","2","3","5","43","151","276","91","433","482","C0376628"
"8462","2","3","6","22","142","225","366","362","468","C0376628"
"2778","2","5","4","68","96","326","427","548","672","C0376628"
"1493","2","5","7","53","51","119","25","40","186","C0376628"
"54903","2","3","12","76","153","40","38","54","75","C0392163"
"55624","2","3","2","78","123","194","255","215","412","C0392163"
"6314","2","3","12","19","31","1","426","568","78","C0392163"
"8260","2","3","12","41","85","266","76","287","78","C0392163"
"4087","2","3","12","19","219","339","259","423","605","C0392163"
"5191","2","3","5","43","161","305","409","208","482","C0392163"
"2316","2","5","7","53","51","342","454","573","702","C0392163"
"50485","2","3","12","19","31","261","116","1","86","C0392163"
"10269","2","3","2","48","182","50","119","444","556","C0392163"
"1759","2","5","7","60","14","184","341","544","669","C0392163"
"23767","2","5","7","53","14","20","25","40","186","C0392163"
"5830","2","3","5","43","161","305","409","208","482","C0392163"
"54345","2","5","3","19","221","321","428","541","667","C0392163"
"8878","2","3","12","41","219","339","156","568","697","C0392163"
"1736","2","3","2","110","85","237","433","547","671","C0392163"
"4629","2","5","8","63","45","23","103","464","187","C0392163"
"175","2","3","7","34","52","216","395","549","674","C0392188"
"23322","2","3","12","76","153","40","38","54","75","C0392188"
"1294","2","5","7","53","51","342","454","573","492","C0392188"
"2263","2","5","7","53","14","20","25","40","186","C0392188"
"3930","2","3","2","22","33","323","66","3","464","C0392188"
"26276","2","3","7","60","81","184","341","66","203","C0392188"
"6913","2","3","3","19","221","321","428","541","667","C0392188"
"4323","2","5","7","53","51","342","454","573","492","C0392188"
"8929","2","3","3","19","221","321","428","541","667","C0392464"
"2879","2","3","5","80","81","166","378","173","229","C0392464"
"55690","2","3","2","48","57","110","141","359","462","C0392476"
"2071","2","3","12","19","31","261","116","159","211","C0392476"
"4204","2","3","12","19","31","1","426","55","78","C0392476"
"3954","2","3","2","48","170","67","119","444","593","C0392476"
"421","2","5","7","42","51","335","444","560","373","C0392476"
"2110","2","3","2","48","170","50","119","444","556","C0392476"
"51199","2","3","12","76","153","40","38","54","75","C0392476"
"2071","2","3","12","19","31","261","116","159","211","C0392476"
"6595","2","3","12","19","31","1","426","55","78","C0392476"
"5831","2","3","2","101","62","189","182","566","409","C0392476"
"8772","2","3","12","41","219","339","156","568","697","C0392476"
"2273","2","5","8","63","45","23","103","464","187","C0392476"
"3759","2","5","8","63","36","166","106","110","158","C0392476"
"5130","2","3","2","85","143","286","51","488","102","C0392476"
"2483","2","3","2","22","33","323","66","101","136","C0392482"
"8242","2","3","12","19","31","1","426","55","78","C0392482"
"8822","2","5","7","53","14","20","25","40","186","C0392525"
"5002","2","5","8","45","94","199","240","415","666","C0392525"
"5837","2","3","5","80","81","23","103","464","658","C0392525"
"4683","2","3","12","19","31","261","116","1","86","C0392525"
"4214","2","3","12","41","219","339","34","540","117","C0392525"
"55636","2","3","3","19","221","321","428","423","389","C0392525"
"7378","2","3","5","80","81","296","62","94","150","C0392525"
"23522","2","3","12","19","31","1","426","55","78","C0392525"
"8481","2","3","12","76","153","40","38","54","75","C0392525"
"9150","2","3","12","19","31","261","116","159","211","C0392525"
"7248","2","3","2","48","57","110","141","359","462","C0392525"
"6663","2","3","3","19","221","321","428","541","667","C0392525"
"54209","2","5","7","53","51","119","395","549","674","C0392525"
"132","2","3","2","110","85","237","433","80","394","C0392525"
"717","2","5","7","53","51","119","395","549","674","C0392525"
"2138","2","3","12","19","31","1","426","55","78","C0392525"
"4000","2","3","12","26","105","178","226","297","156","C0392525"
"4541","2","3","2","48","170","50","119","444","24","C0392525"
"7273","2","5","7","53","51","342","103","464","702","C0392525"
"6323","2","5","8","63","36","166","341","390","158","C0392525"
"847","2","3","7","34","52","216","395","549","674","C0392525"
"355","2","3","7","41","219","339","156","568","697","C0392525"
"10847","2","3","12","19","31","1","426","55","78","C0392525"
"3872","2","1","6","11","142","225","142","220","298","C0392525"
"9573","2","5","7","53","51","342","259","423","389","C0392525"
"9897","2","3","12","76","18","75","38","1","212","C0392525"
"4838","2","5","3","53","221","321","259","423","389","C0392525"
"9321","2","3","12","76","153","40","38","54","203","C0392525"
"5663","2","5","7","34","52","216","395","549","667","C0392525"
"10911","2","5","4","68","96","326","427","548","672","C0392525"
"6611","2","3","2","58","55","25","46","329","198","C0392525"
"3717","2","5","7","53","14","20","25","40","186","C0392525"
"5828","2","3","5","43","161","305","409","208","482","C0392557"
"2146","2","3","12","19","31","1","426","55","78","C0392557"
"1041","2","1","6","11","142","225","142","220","298","C0392557"
"2263","2","5","7","53","14","20","25","40","186","C0392557"
"10559","2","3","2","89","124","204","272","347","451","C0392557"
"2022","2","5","7","53","51","342","259","423","389","C0392557"
"5979","2","5","7","53","14","20","25","40","186","C0392557"
"5077","2","3","3","19","221","321","428","541","667","C0392557"
"3861","2","1","6","11","142","225","142","220","298","C0392557"
"3105","2","5","7","53","51","119","156","287","116","C0392557"
"10491","2","5","7","53","51","342","454","573","492","C0392557"
"3553","2","5","7","53","51","119","25","489","416","C0392557"
"54790","2","3","12","19","31","1","426","55","78","C0392557"
"5422","2","3","12","19","31","261","116","1","86","C0392557"
"23384","2","3","12","63","45","184","103","572","658","C0392557"
"4842","2","3","5","63","45","71","177","464","219","C0392557"
"51604","2","3","2","61","77","142","176","235","317","C0392557"
"7276","2","5","7","34","52","216","395","549","674","C0392557"
"5521","2","3","12","76","137","76","136","472","435","C0392557"
"4222","2","3","3","19","221","321","428","541","667","C0392622"
"10484","2","3","7","60","153","40","38","54","203","C0392622"
"4256","2","5","7","53","51","342","454","573","492","C0392699"
"2934","2","5","7","34","52","216","395","549","674","C0392699"
"54808","2","3","12","76","153","40","38","54","75","C0392699"
"26277","2","3","12","19","31","1","426","1","78","C0392699"
"2697","2","3","7","76","153","40","38","54","75","C0392699"
"2239","2","3","2","74","51","342","454","573","492","C0392699"
"5173","2","5","4","68","96","326","427","548","672","C0392708"
"9990","2","5","8","45","94","199","240","415","666","C0392708"
"547","2","3","7","76","153","40","38","54","75","C0392708"
"526","2","3","5","29","88","132","172","199","308","C0392775"
"650","2","5","7","53","51","342","259","423","389","C0392775"
"6674","2","3","12","48","57","50","38","54","462","C0392775"
"23236","2","3","4","68","96","326","427","548","672","C0392775"
"1890","2","3","5","80","81","296","62","94","150","C0392775"
"4338","2","3","2","110","85","75","204","267","352","C0392775"
"5445","2","3","5","80","147","236","328","411","229","C0392775"
"3566","2","5","7","53","51","119","25","489","416","C0392775"
"4846","2","3","5","41","219","75","243","44","64","C0392775"
"794","2","5","8","27","36","150","341","223","593","C0392775"
"1421","2","3","6","63","45","160","362","177","673","C0392775"
"6555","2","5","8","45","94","199","240","415","666","C0392775"
"6261","2","5","8","63","45","23","34","464","187","C0392775"
"1910","2","5","4","68","96","326","427","548","672","C0392777"
"1493","2","5","7","53","51","119","25","40","186","C0392777"
"55630","2","3","5","27","81","99","162","216","290","C0392777"
"2736","2","3","12","41","116","321","428","54","667","C0392777"
"3954","2","3","2","48","170","67","119","444","593","C0392777"
"867","2","5","7","53","14","184","25","40","669","C0392777"
"10397","2","3","2","110","81","148","402","51","383","C0392777"
"5277","2","3","2","61","77","142","176","235","317","C0392777"
"8200","2","5","7","53","51","342","259","423","389","C0392777"
"3643","2","5","7","53","14","20","25","40","186","C0392777"
"5351","2","5","7","53","51","342","454","573","492","C0392777"
"6911","2","5","6","19","142","335","259","560","373","C0392777"
"4998","2","3","12","76","31","261","116","1","86","C0392777"
"657","2","5","7","53","221","342","259","423","389","C0392777"
"2643","2","3","5","87","91","75","204","267","352","C0392784"
"4041","2","5","3","68","221","197","259","560","422","C0392784"
"5743","2","3","5","53","175","119","167","489","416","C0393441"
"2260","2","5","7","53","14","20","25","40","186","C0393441"
"50846","2","3","3","68","221","197","259","560","422","C0393441"
"26040","2","3","12","19","31","1","116","297","78","C0393441"
"6390","2","3","2","48","170","50","119","444","556","C0393525"
"1203","2","3","2","41","170","342","423","536","342","C0393525"
"526","2","3","5","29","88","132","172","199","308","C0393525"
"9241","2","5","7","53","51","342","259","423","389","C0393525"
"1410","2","3","12","63","45","23","38","54","187","C0393525"
"7170","2","5","8","63","45","23","103","464","187","C0393525"
"9180","2","5","7","53","51","119","25","549","416","C0393525"
"1832","2","5","7","34","52","225","142","220","298","C0393525"
"6521","2","5","8","35","41","199","40","415","666","C0393525"
"583","2","3","12","76","153","40","38","54","75","C0393525"
"2733","2","3","2","22","33","323","66","101","664","C0393525"
"6678","2","5","7","53","51","342","454","573","492","C0393525"
"1848","2","3","5","42","81","296","399","201","274","C0393538"
"2516","2","3","3","19","151","276","91","433","118","C0393538"
"26227","2","3","2","41","137","44","208","81","108","C0393538"
"207","2","3","7","53","14","20","34","489","416","C0393576"
"30008","2","5","7","53","51","342","454","573","492","C0393576"
"23545","2","3","5","29","88","132","85","222","346","C0393584"
"2643","2","3","5","87","91","75","204","267","352","C0393584"
"5295","2","5","7","53","14","20","25","40","186","C0393588"
"633","2","5","7","53","51","342","454","573","492","C0393588"
"2147","2","5","7","68","51","342","454","573","492","C0393590"
"5307","2","3","3","19","221","321","428","541","667","C0393590"
"5015","2","3","3","19","221","321","428","541","667","C0393590"
"55112","2","3","12","76","153","40","38","54","75","C0393590"
"51816","2","5","7","34","52","216","395","549","674","C0393591"
"2737","2","3","12","19","116","321","428","54","667","C0393591"
"8671","2","5","8","45","94","199","240","415","666","C0393591"
"5727","2","3","12","68","221","197","259","560","422","C0393591"
"3939","2","3","2","62","37","28","52","105","349","C0393591"
"2588","2","3","7","34","52","216","395","549","674","C0393591"
"5728","2","3","5","80","81","339","156","568","605","C0393591"
"5774","2","5","7","60","81","296","399","201","274","C0393593"
"3098","2","3","2","90","167","266","367","500","577","C0393593"
"351","2","5","4","68","96","326","188","145","193","C0393593"
"3930","2","3","2","22","33","323","66","3","464","C0393593"
"3759","2","5","8","63","36","166","106","110","158","C0393593"
"4548","2","3","2","15","85","105","139","186","245","C0393593"
"4000","2","3","12","26","105","178","226","297","156","C0393702"
"2262","2","3","2","74","51","342","454","573","492","C0393702"
"6559","2","5","8","45","94","199","240","415","666","C0393706"
"2022","2","5","7","53","51","342","259","423","389","C0393706"
"3065","2","3","12","19","31","1","426","55","78","C0393706"
"9313","2","5","7","53","51","342","454","573","492","C0393706"
"2483","2","3","2","22","33","323","66","101","136","C0393706"
"285489","2","5","7","60","36","71","341","223","219","C0393706"
"2006","2","5","7","53","51","342","454","573","492","C0393706"
"3350","2","5","4","68","96","326","427","548","672","C0393706"
"7547","2","3","3","19","221","321","428","541","667","C0393706"
"551","2","5","4","68","96","326","427","548","672","C0393706"
"4000","2","3","12","26","105","178","226","297","156","C0393756"
"6440","2","5","5","68","96","185","238","310","272","C0393756"
"706","2","3","5","48","170","273","119","100","589","C0393807"
"10309","2","3","12","19","31","261","116","1","86","C0393807"
"1586","2","3","5","79","98","256","335","425","540","C0393818"
"1581","2","3","5","19","151","276","91","433","118","C0393818"
"4313","2","5","7","53","51","342","454","573","492","C0394006"
"4629","2","5","8","63","45","23","103","464","187","C0394006"
"5728","2","3","5","80","81","339","156","568","605","C0394006"
"2261","2","5","7","53","14","20","25","40","186","C0394006"
"6469","2","5","3","53","221","197","259","560","422","C0395837"
"8291","2","5","8","63","45","23","103","464","187","C0395837"
"126133","2","3","2","41","119","266","136","341","182","C0395837"
"3265","2","5","7","60","54","24","30","46","72","C0395837"
"2717","2","3","7","34","52","216","395","549","674","C0395837"
"6389","2","3","2","48","170","50","119","444","556","C0395837"
"2697","2","3","7","76","153","40","38","54","75","C0395837"
"9791","2","3","8","45","94","199","240","415","666","C0395837"
"54790","2","3","12","19","31","1","426","55","78","C0395837"
"54101","2","3","2","48","170","50","347","167","593","C0395837"
"5194","2","3","5","43","161","305","409","208","482","C0395837"
"5192","2","3","5","43","161","305","409","208","482","C0395837"
"4893","2","5","7","34","52","24","30","46","72","C0395837"
"1293","2","5","7","53","51","342","454","573","492","C0398349"
"3691","2","5","7","53","51","342","454","573","492","C0398349"
"5054","2","5","7","53","51","342","454","573","492","C0398623"
"6303","2","3","2","67","118","160","261","188","423","C0398623"
"7248","2","3","2","48","57","110","141","359","462","C0398623"
"5336","2","3","7","53","14","20","25","40","215","C0398623"
"8398","2","3","5","116","183","40","38","352","455","C0398623"
"1144","2","5","8","27","70","99","162","216","290","C0398623"
"9496","2","5","6","11","142","225","142","220","673","C0398623"
"9241","2","5","7","53","51","342","259","423","389","C0398623"
"57644","2","3","8","63","45","23","103","464","187","C0398623"
"3725","2","3","12","19","31","261","116","336","152","C0398623"
"26154","2","3","5","47","144","185","238","310","392","C0398623"
"166379","2","3","12","76","153","76","38","54","75","C0398623"
"3482","2","5","7","34","52","216","395","544","669","C0398623"
"7046","2","3","12","41","219","339","259","423","605","C0398623"
"1969","2","5","7","53","14","20","25","560","186","C0398623"
"3949","2","5","7","60","14","184","341","544","669","C0398623"
"8910","2","5","8","63","45","23","103","464","187","C0398625"
"1421","2","3","6","63","45","160","362","177","673","C0398625"
"9723","2","5","7","53","51","342","79","560","373","C0398639"
"7140","2","5","8","63","45","23","103","464","187","C0398639"
"2780","2","5","4","68","96","326","427","548","672","C0398639"
"4647","2","5","7","60","83","101","126","170","224","C0398639"
"10978","2","3","2","22","33","323","66","101","136","C0398639"
"2719","2","5","7","53","51","342","454","573","492","C0398639"
"4541","2","3","2","48","170","50","119","444","24","C0398650"
"4088","2","3","12","19","219","339","259","423","605","C0398650"
"731","2","5","7","53","51","119","395","549","674","C0398650"
"8216","2","3","12","41","119","330","214","454","144","C0398650"
"6347","2","5","7","53","51","119","427","489","416","C0398650"
"9759","2","3","12","19","31","276","91","433","118","C0398650"
"9839","2","3","3","19","221","321","428","541","667","C0398650"
"7428","2","3","12","41","116","268","434","468","213","C0398650"
"8838","2","5","7","53","51","342","259","423","389","C0398650"
"7879","2","5","7","34","54","24","30","46","72","C0398650"
"59341","2","5","8","63","45","193","306","390","158","C0398650"
"585","2","3","12","76","153","40","38","54","75","C0398650"
"8517","2","3","12","41","219","339","156","568","697","C0398650"
"5339","2","5","7","53","51","342","454","573","492","C0398650"
"11005","2","1","6","11","142","225","142","220","298","C0398650"
"2263","2","5","7","53","14","20","25","40","186","C0398650"
"5277","2","3","2","61","77","142","176","235","317","C0398650"
"9723","2","5","7","53","51","342","79","560","373","C0398650"
"5604","2","5","7","53","14","20","34","540","68","C0398650"
"388531","2","5","4","68","45","272","427","518","621","C0398650"
"3897","2","5","7","53","51","335","444","560","373","C0398650"
"472","2","3","12","19","31","261","116","1","86","C0398650"
"5831","2","3","2","101","62","189","182","566","409","C0398650"
"4000","2","3","12","26","105","178","226","297","156","C0398650"
"1280","2","5","7","53","51","342","454","573","492","C0399352"
"2623","2","3","12","19","31","1","155","287","116","C0399352"
"7469","2","3","12","19","31","261","116","159","211","C0399352"
"1717","2","3","2","19","151","276","48","69","204","C0399352"
"9841","2","3","6","11","142","225","142","220","298","C0399352"
"6239","2","3","12","19","119","330","214","454","144","C0399352"
"3717","2","5","7","53","14","20","25","40","186","C0399352"
"4864","2","3","5","48","152","184","341","544","669","C0399357"
"4000","2","3","12","26","105","178","226","297","156","C0399357"
"57560","2","3","12","76","153","40","38","54","75","C0399357"
"29954","2","5","2","27","206","324","430","215","290","C0399372"
"3725","2","3","12","19","31","261","116","336","152","C0399372"
"4593","2","5","7","53","14","20","454","573","492","C0399372"
"54790","2","3","12","19","31","1","426","55","78","C0399372"
"580","2","3","12","19","31","261","116","1","86","C0399372"
"5144","2","3","4","68","96","326","427","548","672","C0399372"
"4322","2","5","7","53","51","342","454","573","492","C0399376"
"2629","2","3","5","80","81","250","291","152","420","C0399376"
"1758","2","5","7","53","51","342","454","573","492","C0399376"
"1028","2","3","12","19","31","1","116","1","86","C0399379"
"29954","2","5","2","27","206","324","430","215","290","C0399379"
"6335","2","5","8","63","36","166","341","390","158","C0399385"
"3891","2","1","6","11","142","225","142","220","298","C0399385"
"29954","2","5","2","27","206","324","430","215","290","C0399385"
"3237","2","3","3","19","221","321","428","541","667","C0399385"
"4653","2","5","7","34","51","342","454","573","492","C0399385"
"4041","2","5","3","68","221","197","259","560","422","C0399385"
"2131","2","3","2","74","58","112","148","181","416","C0399385"
"846","2","5","4","68","96","326","427","548","672","C0399385"
"2512","2","3","7","34","52","216","395","544","358","C0399385"
"8942","2","3","5","52","212","183","307","391","507","C0399385"
"54332","2","3","2","60","170","40","98","66","203","C0399385"
"6239","2","3","12","19","119","330","214","454","144","C0399385"
"1548","2","3","5","91","214","226","326","447","586","C0399385"
"2263","2","5","7","53","14","20","25","40","186","C0399385"
"7200","2","5","4","68","96","326","427","548","672","C0399385"
"7157","2","3","12","19","31","261","402","489","551","C0399385"
"4338","2","3","2","110","85","75","204","267","352","C0399385"
"2733","2","3","2","22","33","323","66","101","664","C0399440"
"8787","2","5","4","68","96","326","427","548","672","C0399440"
"3897","2","5","7","53","51","335","444","560","373","C0399440"
"4514","2","3","2","48","57","110","141","359","5","C0399440"
"1647","2","3","12","19","31","1","116","1","86","C0399440"
"8878","2","3","12","41","219","339","156","568","697","C0399440"
"841","2","3","12","41","219","339","156","568","697","C0399440"
"1806","2","3","2","49","23","186","149","195","61","C0399440"
"5015","2","3","3","19","221","321","428","541","667","C0399570"
"2189","2","3","12","19","31","261","116","1","86","C0399570"
"5645","2","5","7","34","52","216","395","549","674","C0399572"
"8626","2","3","3","19","221","321","428","541","667","C0399572"
"1497","2","5","2","63","182","50","103","297","628","C0401149"
"9031","2","3","12","19","31","1","426","55","78","C0401149"
"26608","2","3","2","22","170","50","119","463","153","C0401149"
"2778","2","5","4","68","96","326","427","548","672","C0401149"
"6247","2","5","7","53","51","342","454","573","492","C0401149"
"26040","2","3","12","19","31","1","116","297","78","C0401149"
"2702","2","3","12","76","153","40","38","54","75","C0401151"
"4000","2","3","12","26","105","178","226","297","156","C0401151"
"55812","2","3","12","76","181","160","38","54","75","C0401151"
"93986","2","3","12","19","221","321","428","541","667","C0401151"
"55605","2","3","12","76","153","40","38","54","75","C0401151"
"650","2","5","7","53","51","342","259","423","389","C0401151"
"2778","2","5","4","68","96","326","427","548","672","C0401151"
"79048","2","3","2","110","85","237","433","547","671","C0401151"
"1736","2","3","2","110","85","237","433","547","671","C0401151"
"6683","2","3","12","76","153","40","38","54","75","C0401151"
"23426","2","5","7","42","36","71","177","223","219","C0401151"
"3630","2","5","7","53","14","20","25","40","186","C0401151"
"57038","2","3","2","110","85","67","76","252","154","C0401151"
"10743","2","3","3","19","151","276","91","433","118","C0401151"
"7048","2","5","7","53","51","342","259","423","389","C0401151"
"6911","2","5","6","19","142","335","259","560","373","C0401151"
"27086","2","3","12","19","221","321","428","541","667","C0401151"
"6253","2","5","4","27","36","326","402","489","187","C0401151"
"2896","2","5","7","34","52","216","395","549","674","C0401151"
"6863","2","5","4","68","96","326","427","548","672","C0401151"
"4221","2","3","12","19","31","342","454","573","492","C0401151"
"58","2","5","8","63","45","23","103","464","187","C0401151"
"8622","2","3","4","68","96","326","427","548","672","C0401151"
"2068","2","3","12","19","31","261","116","159","211","C0401151"
"8481","2","3","12","76","153","40","38","54","75","C0401151"
"9742","2","3","12","76","153","40","38","54","75","C0401151"
"2911","2","5","4","68","96","326","427","548","672","C0401151"
"6949","2","3","2","110","85","237","164","390","311","C0401151"
"2187","2","3","12","19","31","261","116","1","86","C0401151"
"134","2","5","4","68","96","326","427","548","672","C0403447"
"462","2","5","7","53","51","342","454","573","492","C0403447"
"2629","2","3","5","80","81","250","291","152","420","C0403447"
"2138","2","3","12","19","31","1","426","55","78","C0403447"
"1545","2","3","5","91","175","271","372","443","558","C0403447"
"4337","2","3","2","80","91","75","204","267","352","C0403447"
"1029","2","3","12","19","31","1","116","1","664","C0403553"
"27286","2","5","7","53","51","342","444","560","492","C0403553"
"4256","2","5","7","53","51","342","454","573","492","C0403553"
"3984","2","5","7","53","14","20","34","540","68","C0403553"
"6916","2","3","5","91","175","119","167","224","301","C0403553"
"4853","2","3","12","19","124","143","428","236","667","C0403553"
"55209","2","3","12","11","142","225","142","220","298","C0403553"
"22930","2","5","7","60","54","24","30","46","72","C0403553"
"27130","2","3","12","48","45","143","38","236","69","C0403553"
"55505","2","3","2","110","85","237","433","547","671","C0403553"
"396","2","5","7","60","54","24","30","46","72","C0403555"
"23418","2","5","7","53","36","71","177","560","373","C0403555"
"1301","2","5","7","53","51","342","454","573","492","C0403814"
"2273","2","5","8","63","45","23","103","464","187","C0403814"
"7468","2","3","12","19","31","1","426","55","78","C0403823"
"9197","2","3","2","67","92","293","55","75","311","C0403823"
"55703","2","3","2","22","33","261","116","159","211","C0403823"
"5274","2","5","7","68","51","342","454","573","492","C0404531"
"6663","2","3","3","19","221","321","428","541","667","C0404531"
"5605","2","5","7","53","14","20","34","540","68","C0405580"
"2155","2","5","7","53","51","119","454","549","674","C0405580"
"4038","2","5","7","53","51","342","454","573","492","C0405580"
"776","2","5","8","63","36","166","341","390","158","C0405580"
"6299","2","3","12","19","221","321","428","541","667","C0405580"
"3516","2","3","12","19","31","143","428","236","667","C0405580"
"4283","2","5","4","68","96","326","427","548","672","C0405580"
"65057","2","3","12","19","31","1","426","55","78","C0405580"
"1586","2","3","5","79","98","256","335","425","540","C0405580"
"1380","2","5","7","53","51","119","395","549","674","C0405580"
"64581","2","5","7","53","51","119","395","549","674","C0405580"
"6497","2","5","3","19","221","342","259","423","389","C0405580"
"7494","2","3","2","110","105","178","226","297","380","C0405580"
"9786","2","3","12","76","153","40","38","54","75","C0405580"
"2201","2","5","7","53","51","342","454","573","492","C0405580"
"23218","2","5","7","34","52","216","395","549","674","C0405580"
"1028","2","3","12","19","31","1","116","1","86","C0406438"
"3953","2","5","7","53","14","20","25","40","186","C0406438"
"966","2","5","7","34","52","216","395","549","674","C0406438"
"6442","2","5","8","63","45","23","103","464","187","C0406585"
"9370","2","5","3","41","151","276","91","433","118","C0406585"
"4287","2","3","12","41","116","268","434","468","215","C0406702"
"2132","2","3","2","74","58","112","148","193","263","C0406702"
"5551","2","5","7","53","51","119","395","549","674","C0406702"
"25978","2","3","2","48","57","110","141","359","462","C0409336"
"2200","2","5","7","53","51","342","454","573","492","C0409336"
"6329","2","5","8","63","36","166","341","390","158","C0409336"
"10020","2","3","2","89","124","204","42","452","258","C0409338"
"1956","2","5","7","53","14","184","45","544","669","C0409338"
"1437","2","5","7","53","14","20","25","40","186","C0409338"
"6899","2","5","7","53","184","335","259","560","373","C0409338"
"6197","2","3","12","19","14","20","34","540","68","C0409338"
"2006","2","5","7","53","51","342","454","573","492","C0409338"
"5119","2","3","2","48","57","110","141","359","462","C0409338"
"28952","2","3","12","41","116","268","434","468","213","C0409338"
"10939","2","3","2","48","170","50","119","444","593","C0409338"
"5468","2","3","3","19","151","276","91","433","118","C0409338"
"2916","2","5","4","68","96","326","427","548","672","C0409338"
"3753","2","5","8","63","36","166","341","223","158","C0409338"
"596","2","3","12","19","219","339","402","489","416","C0409338"
"360","2","3","5","80","81","166","397","374","486","C0409338"
"1280","2","5","7","53","51","342","454","573","492","C0409338"
"1289","2","5","7","53","51","342","454","573","492","C0409338"
"7249","2","3","7","60","57","110","141","359","462","C0409338"
"7450","2","5","7","53","51","342","454","573","492","C0409338"
"5602","2","3","12","19","14","150","34","540","68","C0409338"
"80224","2","3","2","48","170","50","119","444","556","C0409338"
"4036","2","5","7","60","14","184","341","544","669","C0409338"
"6231","2","3","2","110","85","237","433","547","671","C0409338"
"6785","2","3","5","67","7","5","239","311","393","C0409338"
"1030","2","3","12","19","31","1","426","55","78","C0409338"
"3848","2","5","7","34","52","225","142","220","298","C0409338"
"11284","2","3","12","19","31","261","116","1","86","C0409338"
"3630","2","5","7","53","14","20","25","40","186","C0409338"
"9640","2","3","12","19","31","261","116","159","211","C0409338"
"2200","2","5","7","53","51","342","454","573","492","C0409338"
"25978","2","3","2","48","57","110","141","359","462","C0409338"
"5892","2","3","12","19","31","261","116","1","86","C0409338"
"860","2","3","12","19","31","276","91","433","118","C0409338"
"27235","2","3","2","48","170","50","304","167","593","C0409345"
"3209","2","3","3","19","221","321","428","541","667","C0409345"
"1294","2","5","7","53","51","342","454","573","492","C0409345"
"7248","2","3","2","48","57","110","141","359","462","C0409345"
"5189","2","3","5","43","161","305","409","208","482","C0409345"
"1636","2","3","5","80","81","166","397","418","568","C0409345"
"337","2","5","7","11","51","342","454","573","492","C0409354"
"650","2","5","7","53","51","342","259","423","389","C0409354"
"58495","2","5","3","19","221","321","259","560","422","C0409354"
"9516","2","3","2","48","116","110","141","152","462","C0409354"
"546","2","3","12","19","31","261","426","1","86","C0409354"
"478","2","3","8","63","45","23","366","464","187","C0409354"
"4000","2","3","12","26","105","178","226","297","156","C0409354"
"3636","2","3","5","80","14","20","25","40","186","C0409354"
"9820","2","3","12","41","116","268","434","468","213","C0409354"
"55624","2","3","2","78","123","194","255","215","412","C0409354"
"657","2","5","7","53","221","342","259","423","389","C0409477"
"9427","2","5","5","53","51","119","252","489","416","C0409477"
"5826","2","3","7","48","161","105","139","186","245","C0409477"
"859","2","5","8","63","45","23","103","464","187","C0409477"
"80184","2","5","7","34","52","216","38","54","75","C0409477"
"5144","2","3","4","68","96","326","427","548","672","C0409477"
"22995","2","3","12","76","153","40","38","54","75","C0409477"
"3043","2","5","7","34","52","216","395","549","116","C0409495"
"2255","2","5","7","53","14","20","25","40","186","C0409495"
"23545","2","3","5","29","88","132","85","222","346","C0409495"
"5831","2","3","2","101","62","189","182","566","409","C0409495"
"2146","2","3","12","19","31","1","426","55","78","C0409495"
"3853","2","1","6","11","142","225","142","220","298","C0409495"
"1280","2","5","7","53","51","342","454","573","492","C0409495"
"4128","2","3","5","80","81","119","402","489","416","C0409959"
"367","2","3","12","19","31","276","91","433","118","C0409959"
"93589","2","5","8","63","36","166","341","223","158","C0409959"
"7809","2","5","8","63","45","23","34","464","187","C0410179"
"11277","2","3","12","19","31","261","116","1","86","C0410179"
"6347","2","5","7","53","51","119","427","489","416","C0410179"
"857","2","5","7","53","45","23","57","83","422","C0410179"
"5327","2","5","7","53","51","342","454","573","492","C0410180"
"5396","2","3","3","19","221","321","428","541","667","C0410180"
"7471","2","5","3","68","221","197","259","560","422","C0410180"
"3717","2","5","7","53","14","20","25","40","186","C0410180"
"860","2","3","12","19","31","276","91","433","118","C0410189"
"26154","2","3","5","47","144","185","238","310","392","C0410189"
"2990","2","3","7","34","52","216","395","549","674","C0410189"
"164656","2","5","7","53","51","342","454","573","492","C0410189"
"8625","2","3","12","19","31","276","91","236","118","C0410190"
"55014","2","3","7","60","153","40","202","66","203","C0410190"
"1848","2","3","5","42","81","296","399","201","274","C0410190"
"3043","2","5","7","34","52","216","395","549","116","C0410190"
"6578","2","3","5","35","41","77","40","57","80","C0410192"
"8200","2","5","7","53","51","342","259","423","389","C0410192"
"7157","2","3","12","19","31","261","402","489","551","C0410204"
"95","2","3","5","80","81","166","400","503","625","C0410204"
"10269","2","3","2","48","182","50","119","444","556","C0410204"
"7353","2","3","12","41","219","339","156","568","605","C0410207"
"695","2","5","7","53","14","20","25","40","186","C0410207"
"7461","2","3","7","60","153","40","38","93","75","C0410264"
"2316","2","5","7","53","51","342","454","573","702","C0410264"
"23230","2","5","7","11","142","71","341","560","219","C0410264"
"551","2","5","4","68","96","326","427","548","672","C0410264"
"51741","2","3","2","22","33","323","66","101","127","C0410264"
"6786","2","5","8","63","45","23","103","464","187","C0410264"
"55275","2","5","7","60","54","24","98","66","203","C0410264"
"2969","2","3","12","19","31","276","91","433","118","C0410264"
"6571","2","3","8","60","36","71","341","223","624","C0410264"
"4638","2","5","7","53","45","23","103","464","187","C0410264"
"6329","2","5","8","63","36","166","341","390","158","C0410550"
"6016","2","5","7","60","54","24","30","46","72","C0410550"
"3098","2","3","2","90","167","266","367","500","577","C0410550"
"2067","2","3","12","19","31","261","116","1","86","C0410550"
"5696","2","3","12","41","116","268","156","568","116","C0410550"
"9076","2","5","6","42","36","71","177","64","219","C0410550"
"2200","2","5","7","53","51","342","454","573","492","C0410550"
"9569","2","3","12","19","31","276","91","433","118","C0410550"
"22954","2","3","12","41","116","268","434","468","213","C0410550"
"2200","2","5","7","53","51","342","454","573","492","C0410550"
"26277","2","3","12","19","31","1","426","1","78","C0410550"
"6885","2","3","12","41","219","339","156","568","697","C0410550"
"9657","2","3","12","76","153","40","38","54","75","C0410550"
"121391","2","1","6","11","142","225","142","220","298","C0410550"
"3149","2","3","2","48","57","110","378","370","664","C0410632"
"10806","2","3","12","76","153","40","38","54","75","C0410632"
"7140","2","5","8","63","45","23","103","464","187","C0410653"
"4210","2","3","12","41","219","339","156","568","697","C0410653"
"338","2","5","7","53","51","342","454","573","492","C0410653"
"2492","2","5","4","68","96","326","427","548","672","C0410740"
"3126","2","5","7","53","153","119","156","287","116","C0410740"
"64072","2","5","7","53","51","335","444","560","373","C0410740"
"51259","2","3","2","76","153","40","38","54","75","C0410916"
"55343","2","3","4","68","69","306","410","520","639","C0410916"
"7546","2","5","3","19","221","321","79","560","373","C0410916"
"3929","2","5","7","53","51","119","25","489","416","C0410916"
"2316","2","5","7","53","51","342","454","573","702","C0410916"
"26040","2","3","12","19","31","1","116","297","78","C0410916"
"6324","2","5","7","63","36","166","341","223","158","C0410916"
"3123","2","5","7","53","51","119","156","287","116","C0410916"
"26040","2","3","12","19","31","1","116","297","78","C0410916"
"54567","2","5","7","53","51","143","428","236","667","C0410916"
"50485","2","3","12","19","31","261","116","1","86","C0410916"
"4137","2","3","7","27","36","150","341","223","628","C0410916"
"2903","2","5","7","53","14","20","25","223","219","C0410916"
"4594","2","3","7","48","92","261","116","186","245","C0410916"
"2890","2","5","8","63","36","166","106","110","158","C0410935"
"5290","2","3","7","53","14","20","25","40","186","C0410935"
"9096","2","5","7","53","51","335","259","560","373","C0410935"
"1301","2","5","7","53","51","342","454","573","492","C0410935"
"4853","2","3","12","19","124","143","428","236","667","C0423082"
"8546","2","5","7","60","18","184","341","544","669","C0423082"
"715","2","5","7","53","51","119","395","549","674","C0423082"
"1027","2","3","12","19","31","1","116","1","86","C0423082"
"1277","2","5","7","53","51","342","454","573","492","C0423221"
"5194","2","3","5","43","161","305","409","208","482","C0423221"
"1312","2","3","2","87","79","105","426","129","25","C0423221"
"4878","2","3","12","19","31","1","426","55","78","C0423221"
"4948","2","5","8","63","45","23","250","464","187","C0423221"
"5745","2","5","4","68","96","326","427","548","672","C0423221"
"10716","2","5","7","53","51","335","444","560","373","C0423221"
"673","2","5","7","53","14","20","34","540","68","C0423221"
"5076","2","3","3","19","221","321","428","541","667","C0423221"
"54345","2","5","3","19","221","321","428","541","667","C0423221"
"4688","2","5","7","60","14","20","25","40","215","C0423221"
"11005","2","1","6","11","142","225","142","220","298","C0423221"
"6583","2","3","2","85","36","107","139","186","654","C0423221"
"1145","2","5","8","27","70","99","162","216","290","C0423221"
"9496","2","5","6","11","142","225","142","220","673","C0423221"
"3845","2","5","7","60","54","24","30","46","72","C0423221"
"7124","2","3","12","41","219","339","156","568","697","C0423221"
"51524","2","5","7","45","94","199","240","415","666","C0423221"
"9966","2","5","12","41","219","339","156","568","697","C0423221"
"1503","2","3","2","76","109","182","235","307","411","C0423221"
"6341","2","3","2","48","170","50","119","444","556","C0423250"
"4340","2","5","7","53","51","119","341","223","628","C0423250"
"617","2","3","2","48","170","50","304","167","593","C0423250"
"1032","2","3","12","19","31","1","426","55","78","C0423250"
"613","2","5","7","60","54","24","30","46","72","C0423250"
"22909","2","3","12","19","31","261","116","1","86","C0423250"
"6606","2","3","2","22","33","323","66","101","136","C0423250"
"9968","2","4","3","24","119","330","214","454","144","C0423250"
"6774","2","3","12","53","14","276","25","489","416","C0423250"
"3569","2","5","7","53","51","342","454","573","416","C0423250"
"5251","2","3","5","80","81","296","474","593","722","C0423250"
"6497","2","5","3","19","221","342","259","423","389","C0423250"
"6295","2","3","4","68","45","272","427","518","621","C0423250"
"5238","2","3","2","80","141","221","111","385","501","C0423250"
"949","2","5","5","45","94","199","240","415","666","C0423250"
"1409","2","3","12","76","153","40","38","54","75","C0423250"
"23556","2","3","2","61","77","142","176","235","317","C0423250"
"2969","2","3","12","19","31","276","91","433","118","C0423250"
"4514","2","3","2","48","57","110","141","359","5","C0423250"
"11277","2","3","12","19","31","261","116","1","86","C0423250"
"6390","2","3","2","48","170","50","119","444","556","C0423250"
"658","2","5","7","53","51","342","259","423","389","C0423250"
"6347","2","5","7","53","51","119","427","489","416","C0423250"
"894","2","3","12","19","31","1","34","540","68","C0423250"
"7274","2","3","5","43","161","99","162","216","290","C0423250"
"4089","2","3","12","19","219","339","259","423","605","C0423250"
"2261","2","5","7","53","14","20","25","40","186","C0423250"
"1301","2","5","7","53","51","342","454","573","492","C0423250"
"26278","2","3","12","41","116","268","347","271","356","C0423250"
"3848","2","5","7","34","52","225","142","220","298","C0423250"
"10225","2","5","7","53","51","119","395","549","674","C0423250"
"6654","2","5","7","60","54","24","30","46","72","C0423250"
"2316","2","5","7","53","51","342","454","573","702","C0423250"
"54101","2","3","2","48","170","50","347","167","593","C0423276"
"1308","2","5","7","53","51","119","454","573","492","C0423276"
"10342","2","3","7","60","219","40","202","66","203","C0423276"
"2178","2","3","12","19","31","261","116","1","86","C0423276"
"219844","2","3","5","60","18","184","356","544","669","C0423318"
"55145","2","3","2","22","33","225","142","220","140","C0423318"
"652","2","5","7","53","51","342","454","573","492","C0423318"
"182","2","5","7","53","51","143","428","236","667","C0423318"
"3845","2","5","7","60","54","24","30","46","72","C0423318"
"335","2","5","7","53","51","342","454","573","492","C0423318"
"4668","2","3","5","21","111","188","242","313","396","C0423318"
"1001","2","5","7","53","51","335","444","560","373","C0423318"
"55120","2","3","12","19","31","261","116","1","86","C0423318"
"51750","2","3","12","19","31","261","116","1","86","C0423319"
"55572","2","3","2","48","170","50","119","444","556","C0423319"
"5179","2","5","4","68","96","326","427","548","672","C0423361"
"4000","2","3","12","26","105","178","226","297","156","C0423361"
"189","2","3","5","43","161","305","409","208","482","C0423414"
"8557","2","5","8","63","45","23","103","464","187","C0423414"
"701","2","3","12","76","153","40","38","54","75","C0423414"
"5732","2","5","4","68","96","326","427","548","672","C0423414"
"4598","2","3","2","19","151","276","198","259","427","C0423414"
"1605","2","5","7","53","51","342","454","573","492","C0423414"
"3458","2","5","7","53","184","119","156","287","116","C0423414"
"4000","2","3","12","26","105","178","226","297","156","C0423428"
"4705","2","3","2","48","170","50","119","444","556","C0423428"
"3284","2","3","2","69","98","169","299","183","243","C0423428"
"8813","2","3","2","48","116","142","136","280","363","C0423776"
"8924","2","3","12","41","116","268","434","468","213","C0423776"
"3265","2","5","7","60","54","24","30","46","72","C0423776"
"22995","2","3","12","76","153","40","38","54","75","C0423776"
"2812","2","5","7","53","51","342","454","573","492","C0423807"
"8626","2","3","3","19","221","321","428","541","667","C0423807"
"1285","2","5","7","53","51","342","454","573","492","C0423807"
"7140","2","5","8","63","45","23","103","464","187","C0423807"
"3763","2","5","8","63","36","166","106","110","158","C0423807"
"2263","2","5","7","53","14","20","25","40","186","C0423807"
"4729","2","3","2","48","170","50","119","444","556","C0423808"
"6575","2","3","8","45","94","199","240","415","666","C0423808"
"26580","2","5","8","27","70","99","162","216","290","C0423808"
"5168","2","3","5","32","93","163","207","324","415","C0423808"
"9217","2","3","2","50","47","39","100","321","255","C0423808"
"4297","2","3","12","19","31","1","426","55","78","C0423808"
"8456","2","3","3","19","221","321","428","541","667","C0423820"
"3239","2","3","3","19","221","321","428","541","667","C0423820"
"5243","2","3","12","41","116","268","423","536","445","C0423820"
"54903","2","3","12","76","153","40","38","54","75","C0423820"
"26123","2","3","2","76","153","40","38","54","75","C0423820"
"196","2","3","3","19","151","276","91","433","118","C0423820"
"7291","2","3","12","19","151","276","91","489","416","C0423820"
"11155","2","5","7","63","45","23","103","464","187","C0423820"
"2260","2","5","7","53","14","20","25","40","186","C0423820"
"5956","2","5","4","68","96","326","427","548","672","C0423820"
"10797","2","3","5","15","166","104","369","117","583","C0423820"
"7015","2","3","12","19","31","1","426","55","78","C0423820"
"6575","2","3","8","45","94","199","240","415","666","C0423820"
"8481","2","3","12","76","153","40","38","54","75","C0423820"
"5339","2","5","7","53","51","342","454","573","492","C0423823"
"9394","2","3","2","74","58","112","148","193","263","C0423823"
"8050","2","3","2","67","92","293","55","75","311","C0423823"
"7139","2","5","8","63","45","23","103","464","187","C0423823"
"488","2","5","8","63","45","23","103","464","187","C0423823"
"2592","2","3","2","68","117","196","257","326","419","C0423848"
"8929","2","3","3","19","221","321","428","541","667","C0423848"
"51715","2","5","7","60","54","24","30","46","72","C0424290"
"8878","2","3","12","41","219","339","156","568","697","C0424290"
"5860","2","3","2","69","91","75","204","267","352","C0424290"
"27249","2","3","2","48","182","50","119","186","245","C0424290"
"6654","2","5","7","60","54","24","30","46","72","C0424290"
"3586","2","5","7","53","51","119","25","489","416","C0424290"
"2737","2","3","12","19","116","321","428","54","667","C0424290"
"7290","2","3","12","19","31","1","426","55","78","C0424296"
"2317","2","5","7","63","45","23","103","287","664","C0424296"
"311","2","3","2","48","142","40","202","359","462","C0424296"
"2702","2","3","12","76","153","40","38","54","75","C0424296"
"6556","2","3","7","34","52","216","395","549","674","C0424296"
"5307","2","3","3","19","221","321","428","541","667","C0424296"
"5194","2","3","5","43","161","305","409","208","482","C0424296"
"590","2","3","5","85","143","286","51","488","604","C0424296"
"64072","2","5","7","53","51","335","444","560","373","C0424296"
"25978","2","3","2","48","57","110","141","359","462","C0424296"
"6531","2","5","8","45","94","199","240","415","666","C0424296"
"6888","2","3","2","90","167","266","367","500","577","C0424296"
"2773","2","5","4","68","96","326","427","548","672","C0424296"
"23400","2","5","8","63","45","23","103","464","187","C0424296"
"9927","2","3","12","19","31","118","155","287","116","C0424304"
"8200","2","5","7","53","51","342","259","423","389","C0424304"
"5324","2","3","12","19","31","261","116","1","664","C0424304"
"6731","2","3","2","110","85","237","433","547","671","C0424304"
"6519","2","3","5","45","94","199","240","415","666","C0424448"
"4524","2","3","2","15","166","104","369","117","583","C0424448"
"9896","2","3","5","80","81","296","399","201","274","C0424448"
"1663","2","3","12","76","105","178","226","297","380","C0424448"
"3708","2","5","8","63","45","23","306","390","158","C0424448"
"2200","2","5","7","53","51","342","454","573","492","C0424448"
"2218","2","5","2","53","123","194","255","560","373","C0424448"
"1584","2","3","5","79","159","256","276","353","456","C0424448"
"9","2","3","2","22","214","261","76","1","86","C0424448"
"6469","2","5","3","53","221","197","259","560","422","C0424448"
"4524","2","3","2","15","166","104","369","117","583","C0424448"
"3418","2","3","2","67","151","276","33","48","155","C0424448"
"23529","2","5","7","53","51","119","25","40","416","C0424448"
"1497","2","5","2","63","182","50","103","297","628","C0424448"
"6875","2","3","12","19","31","261","116","159","211","C0424448"
"9401","2","3","12","76","31","261","116","1","86","C0424448"
"2626","2","3","12","19","31","118","155","287","116","C0424448"
"54","2","3","5","80","81","178","195","256","342","C0424448"
"387","2","5","7","60","54","24","30","46","72","C0424448"
"54880","2","3","12","19","31","1","426","55","78","C0424448"
"6638","2","3","2","22","33","323","66","101","136","C0424448"
"3643","2","5","7","53","14","20","25","40","186","C0424448"
"6341","2","3","2","48","170","50","119","444","556","C0424448"
"760","2","3","5","35","41","77","40","78","178","C0424448"
"10939","2","3","2","48","170","50","119","444","593","C0424448"
"9440","2","4","3","24","119","330","214","454","144","C0424585"
"3106","2","5","7","34","52","119","395","549","674","C0424585"
"598","2","3","12","41","219","339","402","489","416","C0424585"
"10269","2","3","2","48","182","50","119","444","556","C0424585"
"9786","2","3","12","76","153","40","38","54","75","C0424585"
"4000","2","3","12","26","105","178","226","297","156","C0424585"
"7681","2","3","12","41","116","268","434","468","213","C0424585"
"10483","2","3","7","60","54","24","30","46","72","C0424585"
"579","2","3","3","19","221","321","428","541","667","C0424585"
"55215","2","3","12","76","31","261","116","1","86","C0424585"
"3717","2","5","7","53","14","20","25","40","186","C0424585"
"1351","2","3","2","48","170","110","141","359","462","C0424585"
"57084","2","3","5","10","180","176","224","292","159","C0424585"
"3320","2","3","7","34","52","75","347","271","356","C0424585"
"1356","2","3","7","53","51","342","454","573","492","C0424585"
"9499","2","5","7","53","51","23","103","464","187","C0424585"
"604","2","3","12","19","151","276","91","489","416","C0424585"
"7425","2","5","7","53","51","342","454","573","492","C0424585"
"213","2","5","7","53","51","342","454","573","492","C0424690"
"83394","2","5","7","68","89","273","399","92","129","C0424690"
"11231","2","3","2","110","105","178","226","297","380","C0424690"
"3784","2","5","8","63","36","166","106","110","158","C0424693"
"6473","2","3","3","19","221","321","428","541","667","C0424693"
"5256","2","3","7","34","45","23","103","464","187","C0424711"
"3352","2","5","4","68","96","326","427","548","672","C0424711"
"51106","2","3","3","19","151","276","91","433","118","C0424711"
"2719","2","5","7","53","51","342","454","573","492","C0424711"
"4312","2","5","7","53","51","342","454","573","492","C0424711"
"6262","2","5","8","63","45","23","34","464","187","C0424711"
"4000","2","3","12","26","105","178","226","297","156","C0424711"
"7840","2","3","12","76","153","40","38","54","75","C0424711"
"25814","2","3","2","48","170","110","119","444","462","C0424711"
"2658","2","5","7","53","51","342","259","423","389","C0424711"
"26137","2","5","7","63","45","184","103","572","658","C0424711"
"1836","2","3","2","35","41","94","260","330","375","C0424711"
"4351","2","3","2","90","167","266","367","500","577","C0424711"
"4313","2","5","7","53","51","342","454","573","492","C0424711"
"7287","2","5","7","11","142","71","341","560","219","C0424711"
"5422","2","3","12","19","31","261","116","1","86","C0424711"
"2697","2","3","7","76","153","40","38","54","75","C0424711"
"23395","2","3","2","110","85","67","76","252","154","C0424711"
"4072","2","5","7","53","51","119","454","573","492","C0424711"
"3664","2","5","7","53","184","119","156","287","116","C0424711"
"2146","2","3","12","19","31","1","426","55","78","C0424711"
"36","2","3","2","48","170","50","119","444","556","C0424711"
"3663","2","3","12","53","184","119","156","287","116","C0424711"
"9049","2","3","3","41","151","276","378","271","356","C0424731"
"54","2","3","5","80","81","178","195","256","342","C0424731"
"10342","2","3","7","60","219","40","202","66","203","C0424731"
"554","2","5","4","68","96","326","427","548","672","C0424731"
"9719","2","5","7","53","51","342","454","573","492","C0424731"
"1080","2","3","12","41","219","339","156","544","669","C0424731"
"3248","2","3","2","69","83","133","167","224","301","C0424731"
"3240","2","5","7","34","52","216","395","549","674","C0424731"
"7299","2","3","5","23","18","138","250","332","407","C0424731"
"6335","2","5","8","63","36","166","341","390","158","C0424731"
"60","2","3","12","60","45","184","155","287","78","C0424731"
"23347","2","3","12","41","116","268","434","468","213","C0424731"
"23400","2","5","8","63","45","23","103","464","187","C0424731"
"29926","2","3","2","68","66","123","158","207","278","C0424731"
"5015","2","3","3","19","221","321","428","541","667","C0424731"
"3655","2","5","7","53","51","342","454","573","492","C0424731"
"5621","2","5","8","27","36","342","454","573","628","C0424731"
"287","2","5","7","76","153","40","38","54","203","C0424731"
"8945","2","3","12","41","116","268","434","468","213","C0424731"
"5443","2","5","4","68","96","326","427","548","672","C0424731"
"10686","2","5","6","42","36","71","177","64","219","C0424731"
"3757","2","5","8","63","36","166","106","110","158","C0424731"
"8481","2","3","12","76","153","40","38","54","75","C0424731"
"2566","2","5","8","27","70","99","162","216","290","C0424731"
"3181","2","3","2","22","33","323","66","101","136","C0424731"
"4313","2","5","7","53","51","342","454","573","492","C0424731"
"1235","2","5","4","68","96","326","427","548","672","C0424731"
"55033","2","3","2","110","105","178","226","297","380","C0424731"
"9451","2","3","2","110","51","335","226","297","380","C0424731"
"50485","2","3","12","19","31","261","116","1","86","C0424810"
"10083","2","5","7","42","36","71","177","223","219","C0424810"
"2303","2","5","3","19","221","321","428","541","667","C0424810"
"9131","2","3","12","41","219","339","347","271","356","C0424810"
"2516","2","3","3","19","151","276","91","433","118","C0424810"
"6885","2","3","12","41","219","339","156","568","697","C0424810"
"6521","2","5","8","35","41","199","40","415","666","C0424810"
"6660","2","3","3","19","221","321","428","541","667","C0424810"
"9569","2","3","12","19","31","276","91","433","118","C0424810"
"55703","2","3","2","22","33","261","116","159","211","C0424810"
"4329","2","3","2","67","92","293","229","381","496","C0424810"
"4536","2","3","2","48","170","50","119","444","556","C0424810"
"3758","2","5","8","63","36","166","106","110","158","C0424810"
"6888","2","3","2","90","167","266","367","500","577","C0425772"
"4790","2","3","7","34","52","216","166","129","697","C0425772"
"10752","2","5","7","53","51","335","444","560","373","C0425772"
"9365","2","3","7","53","14","20","25","40","186","C0425772"
"3321","2","5","7","53","51","119","395","549","674","C0425772"
"91942","2","3","2","48","170","50","119","444","556","C0425795"
"3931","2","3","5","116","183","295","454","243","327","C0425795"
"8200","2","5","7","53","51","342","259","423","389","C0425795"
"1719","2","3","2","76","153","40","116","54","75","C0425795"
"9896","2","3","5","80","81","296","399","201","274","C0425913"
"5073","2","3","2","110","85","323","433","146","194","C0425913"
"6575","2","3","8","45","94","199","240","415","666","C0425913"
"4852","2","5","4","68","96","326","427","548","672","C0425913"
"6492","2","3","3","19","151","276","91","433","118","C0426415"
"4351","2","3","2","90","167","266","367","500","577","C0426415"
"919","2","5","7","53","14","119","25","40","186","C0426415"
"11277","2","3","12","19","31","261","116","1","86","C0426415"
"57539","2","3","12","76","153","40","38","54","75","C0426415"
"930","2","5","7","53","14","119","25","40","186","C0426415"
"3730","2","5","7","53","14","20","25","40","186","C0426415"
"6622","2","3","7","27","36","150","341","223","628","C0426415"
"2720","2","3","7","34","52","216","395","21","599","C0426415"
"5604","2","5","7","53","14","20","34","540","68","C0426415"
"2335","2","5","7","53","51","342","454","573","492","C0426415"
"617","2","3","2","48","170","50","304","167","593","C0426415"
"1371","2","3","5","17","24","261","116","164","6","C0426415"
"4222","2","3","3","19","221","321","428","541","667","C0426415"
"5831","2","3","2","101","62","189","182","566","409","C0426415"
"2324","2","5","7","53","14","20","25","40","186","C0426415"
"2110","2","3","2","48","170","50","119","444","556","C0426415"
"336","2","5","7","53","51","342","454","573","492","C0426415"
"8813","2","3","2","48","116","142","136","280","363","C0426415"
"2263","2","5","7","53","14","20","25","40","186","C0426415"
"8626","2","3","3","19","221","321","428","541","667","C0426415"
"4842","2","3","5","63","45","71","177","464","219","C0426415"
"845","2","5","8","63","45","23","34","464","187","C0426415"
"5982","2","3","12","19","31","261","116","1","86","C0426422"
"3236","2","3","3","19","221","321","428","541","667","C0426422"
"5373","2","3","2","90","167","123","158","207","278","C0426422"
"2737","2","3","12","19","116","321","428","54","667","C0426422"
"9885","2","3","3","50","151","276","91","321","255","C0426422"
"23322","2","3","12","76","153","40","38","54","75","C0426422"
"7476","2","5","3","68","221","197","259","560","422","C0426422"
"2700","2","3","6","76","153","40","38","54","75","C0426422"
"1026","2","3","12","19","31","1","116","489","416","C0426422"
"6926","2","5","7","53","51","335","259","560","373","C0426422"
"4582","2","5","7","53","206","324","430","429","544","C0426422"
"6138","2","3","2","110","85","237","433","547","671","C0426422"
"1588","2","3","5","79","159","256","350","27","44","C0426422"
"25778","2","3","2","41","51","138","79","160","385","C0426422"
"7403","2","3","12","19","31","1","426","55","78","C0426422"
"7849","2","3","3","19","221","321","428","541","667","C0426422"
"3075","2","5","7","53","51","119","395","549","674","C0426422"
"547","2","3","7","76","153","40","38","54","75","C0426422"
"3848","2","5","7","34","52","225","142","220","298","C0426422"
"6908","2","3","12","19","31","1","116","159","211","C0426422"
"3295","2","3","5","43","161","305","409","208","482","C0426422"
"4536","2","3","2","48","170","50","119","444","556","C0426428"
"5831","2","3","2","101","62","189","182","566","409","C0426428"
"1340","2","3","2","48","170","50","141","359","462","C0426428"
"5745","2","5","4","68","96","326","427","548","672","C0426428"
"2260","2","5","7","53","14","20","25","40","186","C0426429"
"5111","2","3","12","19","31","261","116","1","86","C0426429"
"5314","2","3","12","76","153","40","38","54","75","C0426429"
"11200","2","3","12","19","31","261","116","1","86","C0426429"
"8050","2","3","2","67","92","293","55","75","311","C0426429"
"5897","2","3","12","41","116","268","141","568","605","C0426429"
"5781","2","5","7","53","14","20","25","40","186","C0426429"
"22930","2","5","7","60","54","24","30","46","72","C0426429"
"6261","2","5","8","63","45","23","34","464","187","C0426429"
"55325","2","5","7","34","181","23","119","544","187","C0426429"
"55131","2","3","2","110","85","237","433","547","671","C0426429"
"3064","2","3","12","48","170","50","444","91","439","C0426429"
"3459","2","5","7","53","184","119","156","287","116","C0426429"
"10060","2","3","8","41","45","23","423","464","445","C0426429"
"5602","2","3","12","19","14","150","34","540","68","C0426429"
"1019","2","3","12","19","31","1","116","1","86","C0426429"
"1908","2","5","4","68","96","326","427","548","672","C0426429"
"8842","2","5","5","53","82","147","184","179","328","C0426429"
"3547","2","5","7","53","51","119","395","549","674","C0426429"
"8029","2","5","7","53","51","105","139","186","245","C0426429"
"54","2","3","5","80","81","178","195","256","342","C0426429"
"58","2","5","8","63","45","23","103","464","187","C0426429"
"1280","2","5","7","53","51","342","454","573","492","C0426429"
"7169","2","5","8","63","45","23","103","464","187","C0426429"
"1028","2","3","12","19","31","1","116","1","86","C0426429"
"3784","2","5","8","63","36","166","106","110","158","C0426429"
"3758","2","5","8","63","36","166","106","110","158","C0426429"
"3912","2","5","7","53","51","342","454","573","492","C0426429"
"2706","2","3","12","76","153","40","38","54","75","C0426433"
"1961","2","3","12","19","31","1","426","55","340","C0426433"
"7421","2","3","3","19","151","276","91","433","118","C0426492"
"3064","2","3","12","48","170","50","444","91","439","C0426492"
"4000","2","3","12","26","105","178","226","297","156","C0426492"
"5346","2","3","3","19","151","276","91","433","118","C0426492"
"3483","2","5","7","53","51","342","454","573","492","C0426492"
"343035","2","5","4","68","96","326","427","330","304","C0426492"
"83990","2","3","12","19","31","261","116","1","86","C0426492"
"4843","2","3","5","43","161","305","409","489","416","C0426492"
"22856","2","3","2","78","189","303","251","320","403","C0426492"
"8777","2","5","7","42","36","71","177","223","219","C0426492"
"1415","2","3","6","63","45","160","362","177","673","C0426494"
"3339","2","5","7","53","51","342","454","573","492","C0426494"
"4914","2","3","2","22","18","266","202","252","252","C0426494"
"1585","2","3","5","79","159","256","351","100","589","C0426494"
"1889","2","5","4","68","96","326","427","548","672","C0426789"
"7253","2","5","4","68","96","326","427","548","672","C0426789"
"11160","2","3","12","41","116","268","423","536","445","C0426789"
"658","2","5","7","53","51","342","259","423","389","C0426789"
"6499","2","3","2","110","85","237","433","547","671","C0426789"
"55654","2","3","2","22","33","323","66","198","270","C0426789"
"3861","2","1","6","11","142","225","142","220","298","C0426789"
"3930","2","3","2","22","33","323","66","3","464","C0426789"
"5308","2","3","3","19","221","321","428","541","667","C0426789"
"5518","2","3","12","76","153","40","38","54","435","C0426789"
"2064","2","5","7","53","14","20","25","40","186","C0426789"
"6772","2","3","12","53","184","119","156","287","116","C0426789"
"58","2","5","8","63","45","23","103","464","187","C0426789"
"54820","2","3","12","76","153","40","38","54","75","C0426789"
"5159","2","5","7","53","14","20","25","40","186","C0426789"
"1281","2","5","7","53","51","342","454","573","492","C0426789"
"8836","2","3","7","34","52","216","395","549","674","C0426789"
"776","2","5","8","63","36","166","341","390","158","C0426789"
"5568","2","3","12","53","14","20","34","540","68","C0426789"
"6648","2","3","2","95","151","160","378","173","229","C0426789"
"1294","2","5","7","53","51","342","454","573","492","C0426789"
"6535","2","5","8","45","94","199","240","415","666","C0426799"
"9531","2","3","12","41","219","339","347","271","356","C0426799"
"673","2","5","7","53","14","20","34","540","68","C0426799"
"1716","2","3","2","27","36","150","221","138","188","C0426799"
"7782","2","5","4","68","96","326","141","359","586","C0426799"
"50485","2","3","12","19","31","261","116","1","86","C0426799"
"9627","2","3","12","19","31","1","426","55","78","C0426799"
"2261","2","5","7","53","14","20","25","40","186","C0426799"
"4000","2","3","12","26","105","178","226","297","156","C0426799"
"5824","2","3","5","47","144","185","238","310","392","C0426799"
"2033","2","3","12","19","31","1","91","433","118","C0426799"
"9365","2","3","7","53","14","20","25","40","186","C0426799"
"7681","2","3","12","41","116","268","434","468","213","C0426799"
"5663","2","5","7","34","52","216","395","549","667","C0426799"
"26227","2","3","2","41","137","44","208","81","108","C0426799"
"10617","2","3","12","48","57","110","141","359","462","C0426799"
"3559","2","5","7","53","14","20","25","40","186","C0426799"
"2328","2","3","5","91","214","226","326","413","530","C0426799"
"22900","2","3","12","41","219","339","156","568","697","C0426801"
"2260","2","5","7","53","14","20","25","40","186","C0426801"
"1798","2","3","2","48","69","99","162","216","290","C0426801"
"493856","2","3","2","48","219","110","141","359","462","C0426801"
"2896","2","5","7","34","52","216","395","549","674","C0426801"
"11285","2","3","2","74","205","191","396","408","620","C0426805"
"3248","2","3","2","69","83","133","167","224","301","C0426805"
"4538","2","3","2","48","170","50","119","444","556","C0426805"
"9632","2","3","7","60","153","40","38","54","203","C0426805"
"5195","2","3","5","43","161","305","409","208","482","C0426805"
"6559","2","5","8","45","94","199","240","415","666","C0426806"
"4792","2","3","12","41","219","339","156","568","605","C0426806"
"6635","2","3","2","22","33","323","66","101","136","C0426806"
"9401","2","3","12","76","31","261","116","1","86","C0426806"
"1828","2","5","7","34","52","216","142","220","298","C0426806"
"6678","2","5","7","53","51","342","454","573","492","C0426808"
"11311","2","3","12","19","31","118","155","287","116","C0426808"
"4041","2","5","3","68","221","197","259","560","422","C0426808"
"6908","2","3","12","19","31","1","116","159","211","C0426808"
"3205","2","3","3","19","221","321","428","541","667","C0426808"
"3717","2","5","7","53","14","20","25","40","186","C0426808"
"4162","2","5","7","53","51","342","454","573","492","C0426808"
"1337","2","3","2","48","170","110","141","359","462","C0426811"
"38","2","3","2","67","92","293","55","75","311","C0426811"
"8893","2","3","2","110","85","237","433","547","671","C0426811"
"2736","2","3","12","41","116","321","428","54","667","C0426811"
"1136","2","5","8","27","70","99","162","216","290","C0426811"
"7428","2","3","12","41","116","268","434","468","213","C0426816"
"11284","2","3","12","19","31","261","116","1","86","C0426816"
"3166","2","3","3","19","221","321","428","541","667","C0426816"
"1583","2","3","5","79","152","273","375","100","589","C0426816"
"6329","2","5","8","63","36","166","341","390","158","C0426816"
"1387","2","3","12","19","31","276","91","433","118","C0426816"
"3593","2","5","7","53","51","119","25","489","416","C0426816"
"10459","2","3","12","76","31","261","116","1","86","C0426817"
"5189","2","3","5","43","161","305","409","208","482","C0426817"
"116519","2","5","7","53","51","342","454","573","492","C0426817"
"3560","2","5","7","53","14","20","25","40","186","C0426817"
"55130","2","3","12","76","153","76","38","54","75","C0426817"
"7026","2","3","3","19","151","276","91","433","118","C0426817"
"11005","2","1","6","11","142","225","142","220","298","C0426817"
"29954","2","5","2","27","206","324","430","215","290","C0426817"
"730","2","5","7","53","51","119","395","549","674","C0426817"
"7248","2","3","2","48","57","110","141","359","462","C0426817"
"1910","2","5","4","68","96","326","427","548","672","C0426817"
"7298","2","3","12","76","153","40","38","54","75","C0426817"
"1130","2","5","7","60","54","326","141","359","462","C0426817"
"26040","2","3","12","19","31","1","116","297","78","C0426817"
"9247","2","5","7","53","221","197","259","423","389","C0426817"
"7545","2","5","3","34","52","216","142","220","298","C0426817"
"7050","2","3","12","19","31","321","428","541","667","C0426817"
"4693","2","5","7","53","51","342","454","573","492","C0426817"
"8216","2","3","12","41","119","330","214","454","144","C0426817"
"3043","2","5","7","34","52","216","395","549","116","C0426817"
"7157","2","3","12","19","31","261","402","489","551","C0426817"
"5428","2","3","2","48","170","50","119","167","593","C0426817"
"4990","2","3","3","19","221","321","428","541","667","C0426817"
"29958","2","3","5","19","31","1","325","410","527","C0426817"
"6497","2","5","3","19","221","342","259","423","389","C0426817"
"1674","2","5","8","63","45","23","103","464","187","C0426817"
"4723","2","3","2","48","170","50","119","444","556","C0426817"
"673","2","5","7","53","14","20","34","540","68","C0426817"
"7138","2","5","8","63","45","23","103","464","187","C0426817"
"5318","2","1","6","11","142","225","142","220","298","C0426817"
"3872","2","1","6","11","142","225","142","220","298","C0426818"
"7080","2","3","3","19","221","321","428","541","667","C0426818"
"4621","2","5","8","63","45","23","103","464","187","C0426818"
"779","2","5","8","63","36","166","341","390","158","C0426818"
"81848","2","5","7","53","14","20","25","40","186","C0426818"
"2627","2","3","12","19","31","118","155","287","116","C0426818"
"207","2","3","7","53","14","20","34","489","416","C0426818"
"5277","2","3","2","61","77","142","176","235","317","C0426818"
"421","2","5","7","42","51","335","444","560","373","C0426818"
"6235","2","3","2","110","85","237","433","547","671","C0426818"
"175","2","3","7","34","52","216","395","549","674","C0426818"
"5106","2","3","2","67","92","293","55","500","577","C0426818"
"1294","2","5","7","53","51","342","454","573","492","C0426818"
"4221","2","3","12","19","31","342","454","573","492","C0426818"
"4627","2","5","7","63","45","184","103","572","658","C0426818"
"4724","2","3","2","48","170","50","119","444","556","C0426818"
"286","2","5","7","60","153","40","38","54","203","C0426818"
"1690","2","5","7","27","51","342","454","573","492","C0426818"
"23259","2","3","5","116","183","295","398","552","622","C0426818"
"27077","2","3","12","76","153","40","38","54","75","C0426818"
"11285","2","3","2","74","205","191","396","408","620","C0426818"
"59341","2","5","8","63","45","193","306","390","158","C0426820"
"5443","2","5","4","68","96","326","427","548","672","C0426820"
"3984","2","5","7","53","14","20","34","540","68","C0426820"
"4750","2","5","12","76","14","20","34","540","68","C0426820"
"1277","2","5","7","53","51","342","454","573","492","C0426820"
"7415","2","3","7","34","52","216","395","536","445","C0426824"
"7248","2","3","2","48","57","110","141","359","462","C0426824"
"2483","2","3","2","22","33","323","66","101","136","C0426824"
"10585","2","5","2","27","206","324","430","215","290","C0426824"
"25953","2","3","2","67","92","293","137","75","664","C0426824"
"2780","2","5","4","68","96","326","427","548","672","C0426824"
"3954","2","3","2","48","170","67","119","444","593","C0426826"
"25","2","3","12","19","14","20","25","287","116","C0426826"
"1312","2","3","2","87","79","105","426","129","25","C0426826"
"1284","2","5","7","53","51","342","454","573","492","C0426848"
"3762","2","5","8","63","36","166","106","110","158","C0426848"
"5443","2","5","4","68","96","326","427","548","672","C0426848"
"3767","2","5","8","63","36","166","106","110","158","C0426848"
"1161","2","3","12","41","116","268","434","468","213","C0426848"
"60","2","3","12","60","45","184","155","287","78","C0426848"
"6663","2","3","3","19","221","321","428","541","667","C0426848"
"596","2","3","12","19","219","339","402","489","416","C0426848"
"5048","2","3","12","76","153","40","38","54","75","C0426848"
"54840","2","3","12","19","31","261","116","1","86","C0426848"
"8892","2","3","2","110","85","237","433","547","671","C0426848"
"7021","2","3","12","19","31","261","91","433","664","C0426848"
"6736","2","3","12","19","31","276","91","433","667","C0426848"
"5077","2","3","3","19","221","321","428","541","667","C0426848"
"779","2","5","8","63","36","166","341","390","158","C0426848"
"6899","2","5","7","53","184","335","259","560","373","C0426848"
"847","2","3","7","34","52","216","395","549","674","C0426848"
"7468","2","3","12","19","31","1","426","55","78","C0426848"
"5771","2","5","7","53","14","296","25","40","186","C0426870"
"51259","2","3","2","76","153","40","38","54","75","C0426870"
"324","2","3","12","41","219","197","70","255","422","C0426870"
"860","2","3","12","19","31","276","91","433","118","C0426870"
"5447","2","3","5","91","214","271","372","471","586","C0426870"
"5745","2","5","4","68","96","326","427","548","672","C0426870"
"5908","2","5","7","34","52","216","30","46","72","C0426870"
"4868","2","5","7","53","51","335","25","560","373","C0426870"
"9031","2","3","12","19","31","1","426","55","78","C0426870"
"3868","2","1","6","11","142","225","142","220","298","C0426870"
"26123","2","3","2","76","153","40","38","54","75","C0426870"
"7832","2","3","12","110","85","198","261","146","118","C0426870"
"3938","2","3","5","80","81","337","448","565","562","C0426870"
"10484","2","3","7","60","153","40","38","54","203","C0426870"
"6638","2","3","2","22","33","323","66","101","136","C0426870"
"875","2","3","5","80","137","44","21","451","316","C0426870"
"2562","2","5","8","27","70","99","162","216","290","C0426870"
"6775","2","5","7","53","14","119","25","40","186","C0426870"
"29899","2","5","4","68","96","326","427","548","672","C0426886"
"9213","2","5","7","68","96","184","219","380","666","C0426886"
"3694","2","5","7","53","51","342","454","573","492","C0426886"
"2316","2","5","7","53","51","342","454","573","702","C0426886"
"7507","2","3","12","19","31","261","116","1","86","C0426886"
"5644","2","5","7","68","51","119","395","549","674","C0426886"
"2033","2","3","12","19","31","1","91","433","118","C0426886"
"4771","2","5","7","60","36","71","177","64","215","C0426886"
"29110","2","3","12","41","219","339","156","568","697","C0426886"
"5195","2","3","5","43","161","305","409","208","482","C0426886"
"22978","2","3","5","80","81","296","373","341","150","C0426886"
"3783","2","5","8","63","36","166","106","110","158","C0426886"
"2177","2","3","2","110","90","261","431","545","443","C0426886"
"4193","2","3","12","19","31","1","116","89","605","C0426886"
"5077","2","3","3","19","221","321","428","541","667","C0426886"
"673","2","5","7","53","14","20","34","540","68","C0426886"
"5340","2","5","7","53","51","342","454","573","492","C0426886"
"1161","2","3","12","41","116","268","434","468","213","C0426886"
"4338","2","3","2","110","85","75","204","267","352","C0426886"
"4358","2","3","5","43","161","305","409","208","482","C0426886"
"3679","2","5","7","53","51","342","454","573","492","C0426886"
"7287","2","5","7","11","142","71","341","560","219","C0426886"
"27089","2","3","2","48","170","50","119","444","542","C0426886"
"4118","2","5","7","27","36","150","397","248","628","C0426886"
"977","2","5","7","53","51","342","454","573","492","C0426886"
"3835","2","3","12","76","153","40","38","54","75","C0426891"
"3691","2","5","7","53","51","342","454","573","492","C0426891"
"2743","2","5","8","27","70","99","162","216","290","C0426891"
"10479","2","5","7","27","36","150","341","223","628","C0426891"
"10585","2","5","2","27","206","324","430","215","290","C0426891"
"6833","2","5","8","45","36","166","240","415","666","C0426891"
"23438","2","3","2","110","85","67","76","252","154","C0426891"
"2072","2","3","12","19","31","261","116","1","86","C0426891"
"55699","2","3","2","110","85","67","76","252","154","C0426891"
"5728","2","3","5","80","81","339","156","568","605","C0426891"
"5888","2","3","12","19","31","261","116","1","86","C0426891"
"1290","2","5","7","53","51","342","454","573","492","C0426891"
"2177","2","3","2","110","90","261","431","545","443","C0426891"
"6949","2","3","2","110","85","237","164","390","311","C0426891"
"9897","2","3","12","76","18","75","38","1","212","C0426891"
"1298","2","5","7","53","51","342","454","573","492","C0426891"
"56623","2","3","5","80","81","296","118","543","214","C0426891"
"9049","2","3","3","41","151","276","378","271","356","C0426891"
"6231","2","3","2","110","85","237","433","547","671","C0426891"
"29110","2","3","12","41","219","339","156","568","697","C0426891"
"2969","2","3","12","19","31","276","91","433","118","C0426891"
"2067","2","3","12","19","31","261","116","1","86","C0426891"
"10008","2","5","8","63","36","166","341","223","158","C0426891"
"3383","2","5","7","53","51","119","454","287","116","C0426891"
"5728","2","3","5","80","81","339","156","568","605","C0426891"
"54361","2","5","3","68","221","197","259","560","422","C0426891"
"7010","2","5","7","53","14","20","25","40","186","C0426891"
"4314","2","5","7","53","51","342","454","573","492","C0426891"
"7273","2","5","7","53","51","342","103","464","702","C0426901"
"867","2","5","7","53","14","184","25","40","669","C0426901"
"7169","2","5","8","63","45","23","103","464","187","C0426901"
"4915","2","5","7","53","14","20","25","40","186","C0426934"
"383","2","3","7","34","52","216","395","549","674","C0426934"
"1161","2","3","12","41","116","268","434","468","213","C0426934"
"4853","2","3","12","19","124","143","428","236","667","C0426934"
"567","2","5","7","34","52","119","395","549","674","C0427063"
"10585","2","5","2","27","206","324","430","215","290","C0427063"
"2263","2","5","7","53","14","20","25","40","186","C0427063"
"29951","2","5","7","53","51","119","91","549","674","C0427063"
"5979","2","5","7","53","14","20","25","40","186","C0427063"
"54209","2","5","7","53","51","119","395","549","674","C0427063"
"2077","2","3","12","76","153","40","38","54","75","C0427063"
"55612","2","5","7","60","36","71","177","560","701","C0427063"
"5340","2","5","7","53","51","342","454","573","492","C0427063"
"4001","2","3","12","76","31","40","38","54","75","C0427063"
"2218","2","5","2","53","123","194","255","560","373","C0427064"
"1080","2","3","12","41","219","339","156","544","669","C0427064"
"9509","2","5","7","53","51","342","454","573","492","C0427064"
"27031","2","3","6","11","142","225","38","331","506","C0427064"
"7414","2","5","7","34","52","216","395","549","702","C0427064"
"2201","2","5","7","53","51","342","454","573","492","C0427064"
"2260","2","5","7","53","14","20","25","40","186","C0427064"
"3576","2","5","4","68","96","326","427","548","672","C0427068"
"54903","2","3","12","76","153","40","38","54","75","C0427068"
"5189","2","3","5","43","161","305","409","208","482","C0427068"
"57030","2","3","7","27","36","150","341","223","628","C0427068"
"421","2","5","7","42","51","335","444","560","373","C0427068"
"282808","2","5","7","60","54","24","30","46","72","C0427068"
"2934","2","5","7","34","52","216","395","549","674","C0427068"
"5660","2","5","7","34","52","326","427","548","702","C0427068"
"4539","2","3","2","53","184","86","107","560","195","C0427068"
"4361","2","3","12","19","31","261","116","1","86","C0427068"
"3757","2","5","8","63","36","166","106","110","158","C0427068"
"7737","2","3","12","22","33","268","434","468","213","C0427068"
"3123","2","5","7","53","51","119","156","287","116","C0427068"
"9531","2","3","12","41","219","339","347","271","356","C0427068"
"3106","2","5","7","34","52","119","395","549","674","C0427068"
"3778","2","5","8","63","36","166","106","110","158","C0427068"
"2153","2","5","7","53","51","342","454","573","492","C0427068"
"5002","2","5","8","45","94","199","240","415","666","C0427068"
"55240","2","3","5","29","88","132","402","489","551","C0427068"
"4535","2","3","2","48","170","50","119","444","556","C0427068"
"10042","2","3","12","19","31","1","426","55","78","C0427068"
"1299","2","5","7","53","51","342","454","573","492","C0427068"
"23384","2","3","12","63","45","184","103","572","658","C0427068"
"5192","2","3","5","43","161","305","409","208","482","C0427068"
"7353","2","3","12","41","219","339","156","568","605","C0427068"
"51360","2","3","3","26","35","276","91","433","203","C0427068"
"54880","2","3","12","19","31","1","426","55","78","C0427068"
"7174","2","3","12","41","116","268","434","468","213","C0427144"
"1071","2","5","7","53","51","342","454","573","492","C0427144"
"6774","2","3","12","53","14","276","25","489","416","C0427144"
"558","2","5","7","53","14","20","25","40","186","C0427144"
"23308","2","5","7","53","51","119","25","549","674","C0427149"
"2201","2","5","7","53","51","342","454","573","492","C0427149"
"7486","2","3","12","19","31","261","116","1","86","C0427149"
"50964","2","5","3","68","221","197","259","423","422","C0427149"
"3643","2","5","7","53","14","20","25","40","186","C0427149"
"2263","2","5","7","53","14","20","25","40","186","C0427149"
"55532","2","3","7","25","44","165","101","274","358","C0427149"
"2072","2","3","12","19","31","261","116","1","86","C0427149"
"79574","2","5","7","60","14","20","25","40","215","C0427149"
"2010","2","3","12","26","105","296","226","488","156","C0427149"
"5447","2","3","5","91","214","271","372","471","586","C0427149"
"5824","2","3","5","47","144","185","238","310","392","C0427149"
"25836","2","3","12","76","153","40","38","54","75","C0427149"
"4137","2","3","7","27","36","150","341","223","628","C0427149"
"55651","2","3","2","110","85","237","433","547","671","C0427149"
"710","2","5","7","53","51","342","454","573","702","C0427149"
"2516","2","3","3","19","151","276","91","433","118","C0427149"
"64170","2","3","12","41","219","339","156","568","697","C0427149"
"6531","2","5","8","45","94","199","240","415","666","C0427149"
"6575","2","3","8","45","94","199","240","415","666","C0427149"
"5354","2","5","7","27","36","150","341","223","628","C0427149"
"5982","2","3","12","19","31","261","116","1","86","C0427149"
"3984","2","5","7","53","14","20","34","540","68","C0427149"
"9469","2","3","2","103","189","303","29","475","467","C0427149"
"9421","2","3","12","19","31","276","91","433","118","C0427190"
"7345","2","3","12","41","116","268","341","223","628","C0427190"
"58508","2","3","12","19","31","1","426","55","78","C0427190"
"5092","2","3","5","80","81","166","236","308","390","C0427190"
"779","2","5","8","63","36","166","341","390","158","C0427190"
"1186","2","5","8","63","45","23","34","464","187","C0427190"
"5743","2","3","5","53","175","119","167","489","416","C0427190"
"3239","2","3","3","19","221","321","428","541","667","C0427190"
"11200","2","3","12","19","31","261","116","1","86","C0427190"
"114609","2","3","12","41","219","339","156","568","697","C0427190"
"5293","2","3","7","53","14","20","25","40","186","C0427190"
"348","2","5","7","53","51","342","454","573","492","C0427190"
"6531","2","5","8","45","94","199","240","415","666","C0427190"
"5885","2","3","12","76","153","40","38","54","75","C0427190"
"5195","2","3","5","43","161","305","409","208","482","C0427190"
"5443","2","5","4","68","96","326","427","548","672","C0427190"
"5950","2","5","7","53","51","101","126","170","224","C0427190"
"4137","2","3","7","27","36","150","341","223","628","C0427190"
"7469","2","3","12","19","31","261","116","159","211","C0427190"
"55612","2","5","7","60","36","71","177","560","701","C0427190"
"4771","2","5","7","60","36","71","177","64","215","C0427190"
"7136","2","5","8","63","45","23","103","464","187","C0427480"
"10166","2","3","2","84","97","167","210","278","360","C0427480"
"23204","2","3","2","48","57","110","141","359","462","C0427480"
"2956","2","3","12","19","31","261","116","1","86","C0427480"
"3052","2","3","2","48","170","50","119","444","556","C0427480"
"8647","2","3","5","46","158","252","352","449","563","C0427480"
"26160","2","3","12","76","153","40","38","54","75","C0427480"
"2263","2","5","7","53","14","20","25","40","186","C0427515"
"6911","2","5","6","19","142","335","259","560","373","C0427515"
"7249","2","3","7","60","57","110","141","359","462","C0427515"
"3593","2","5","7","53","51","119","25","489","416","C0427515"
"3845","2","5","7","60","54","24","30","46","72","C0427515"
"23530","2","3","2","88","34","234","322","505","523","C0427515"
"5743","2","3","5","53","175","119","167","489","416","C0427515"
"6535","2","5","8","45","94","199","240","415","666","C0427515"
"5420","2","5","7","34","52","342","454","64","492","C0427515"
"25","2","3","12","19","14","20","25","287","116","C0427515"
"3728","2","5","7","34","52","225","142","220","298","C0427515"
"1028","2","3","12","19","31","1","116","1","86","C0427515"
"5728","2","3","5","80","81","339","156","568","605","C0427515"
"5538","2","3","2","115","18","340","269","342","444","C0427515"
"22909","2","3","12","19","31","261","116","1","86","C0427515"
"4534","2","3","5","80","81","296","399","362","468","C0427515"
"7421","2","3","3","19","151","276","91","433","118","C0427515"
"8028","2","3","12","76","153","40","214","454","144","C0427515"
"27130","2","3","12","48","45","143","38","236","69","C0427515"
"5518","2","3","12","76","153","40","38","54","435","C0427515"
"54332","2","3","2","60","170","40","98","66","203","C0427544"
"28952","2","3","12","41","116","268","434","468","213","C0427544"
"51684","2","3","12","41","116","268","38","54","75","C0427546"
"4214","2","3","12","41","219","339","34","540","117","C0427546"
"6535","2","5","8","45","94","199","240","415","666","C0427546"
"5146","2","3","5","86","72","258","318","403","518","C0427546"
"80326","2","5","3","68","221","197","259","560","422","C0427546"
"7461","2","3","7","60","153","40","38","93","75","C0427546"
"774","2","5","8","63","36","166","341","390","158","C0427546"
"3800","2","5","7","27","36","150","341","223","628","C0427546"
"50717","2","3","12","41","116","268","434","468","213","C0427546"
"6663","2","3","3","19","221","321","428","541","667","C0427546"
"23418","2","5","7","53","36","71","177","560","373","C0428791"
"6862","2","5","3","53","51","335","259","560","373","C0428791"
"8792","2","3","12","41","219","339","156","568","697","C0428791"
"2780","2","5","4","68","96","326","427","548","672","C0428791"
"35","2","3","2","67","148","70","456","575","704","C0428791"
"54768","2","3","12","41","92","197","57","198","517","C0428851"
"2200","2","5","7","53","51","342","454","573","492","C0428851"
"90","2","5","7","53","51","342","259","423","389","C0428871"
"6817","2","3","2","37","105","92","113","154","201","C0428871"
"3239","2","3","3","19","221","321","428","541","667","C0428871"
"51684","2","3","12","41","116","268","38","54","75","C0429349"
"84894","2","5","7","27","51","335","444","560","373","C0429349"
"9440","2","4","3","24","119","330","214","454","144","C0431109"
"2068","2","3","12","19","31","261","116","159","211","C0431109"
"4282","2","5","7","34","52","216","395","549","674","C0431362"
"10020","2","3","2","89","124","204","42","452","258","C0431362"
"10479","2","5","7","27","36","150","341","223","628","C0431362"
"207","2","3","7","53","14","20","34","489","416","C0431362"
"3251","2","3","4","68","96","326","427","341","150","C0431362"
"5428","2","3","2","48","170","50","119","167","593","C0431362"
"3596","2","5","7","53","51","119","25","489","416","C0431362"
"3592","2","5","7","53","51","119","25","489","416","C0431362"
"10483","2","3","7","60","54","24","30","46","72","C0431362"
"3815","2","5","7","53","14","20","25","40","186","C0431362"
"6094","2","3","2","27","83","326","126","414","702","C0431362"
"5340","2","5","7","53","51","342","454","573","492","C0431362"
"55904","2","3","12","19","31","1","426","55","78","C0431362"
"10913","2","3","12","41","219","339","156","568","697","C0431362"
"860","2","3","12","19","31","276","91","433","118","C0431362"
"3077","2","5","7","53","51","119","395","549","674","C0431362"
"6926","2","5","7","53","51","335","259","560","373","C0431362"
"8799","2","3","5","43","161","305","409","208","482","C0431362"
"2582","2","3","2","78","206","324","430","429","544","C0431362"
"9620","2","5","7","53","51","335","444","560","373","C0431362"
"4000","2","3","12","26","105","178","226","297","156","C0431363"
"7373","2","5","7","53","51","342","454","573","492","C0431363"
"3814","2","5","4","68","96","326","427","548","672","C0431363"
"7227","2","3","12","19","31","276","91","433","118","C0431363"
"23400","2","5","8","63","45","23","103","464","187","C0431363"
"598","2","3","12","41","219","339","402","489","416","C0431363"
"7148","2","5","7","53","51","342","454","573","492","C0431363"
"3763","2","5","8","63","36","166","106","110","158","C0431363"
"2304","2","3","12","19","221","321","428","541","667","C0431363"
"7353","2","3","12","41","219","339","156","568","605","C0431363"
"5518","2","3","12","76","153","40","38","54","435","C0431363"
"4000","2","3","12","26","105","178","226","297","156","C0431363"
"3674","2","5","7","53","51","342","454","573","492","C0431363"
"22868","2","3","2","48","182","67","76","463","153","C0431363"
"19","2","3","3","19","151","276","91","433","118","C0431368"
"4534","2","3","5","80","81","296","399","362","468","C0431368"
"27032","2","5","8","63","45","23","103","464","187","C0431368"
"3984","2","5","7","53","14","20","34","540","68","C0431368"
"2645","2","3","2","90","167","266","367","101","664","C0431368"
"774","2","5","8","63","36","166","341","390","158","C0431368"
"53834","2","5","7","53","51","342","454","573","492","C0431368"
"489","2","5","8","63","45","23","103","464","187","C0431368"
"547","2","3","7","76","153","40","38","54","75","C0431368"
"843","2","3","12","41","219","339","156","568","697","C0431369"
"6223","2","3","2","110","85","237","433","547","671","C0431369"
"9990","2","5","8","45","94","199","240","415","666","C0431369"
"540","2","5","8","63","45","23","103","464","187","C0431370"
"4072","2","5","7","53","51","119","454","573","492","C0431370"
"2239","2","3","2","74","51","342","454","573","492","C0431370"
"4593","2","5","7","53","14","20","454","573","492","C0431370"
"10907","2","3","2","22","33","323","66","101","136","C0431371"
"3767","2","5","8","63","36","166","106","110","158","C0431371"
"859","2","5","8","63","45","23","103","464","187","C0431371"
"7169","2","5","8","63","45","23","103","464","187","C0431371"
"3663","2","3","12","53","184","119","156","287","116","C0431371"
"23384","2","3","12","63","45","184","103","572","658","C0431371"
"1289","2","5","7","53","51","342","454","573","492","C0431371"
"2068","2","3","12","19","31","261","116","159","211","C0431371"
"859","2","5","8","63","45","23","103","464","187","C0431371"
"5578","2","5","7","53","14","20","34","540","621","C0431371"
"3098","2","3","2","90","167","266","367","500","577","C0431371"
"7422","2","5","7","53","51","342","454","573","702","C0431371"
"50484","2","3","5","80","109","182","235","307","506","C0431371"
"23418","2","5","7","53","36","71","177","560","373","C0431375"
"8626","2","3","3","19","221","321","428","541","667","C0431375"
"5080","2","3","3","19","221","321","428","541","667","C0431376"
"9211","2","5","7","27","36","150","341","223","628","C0431376"
"2720","2","3","7","34","52","216","395","21","599","C0431376"
"29108","2","5","7","34","52","216","395","549","674","C0431376"
"2033","2","3","12","19","31","1","91","433","118","C0431376"
"58157","2","3","8","63","45","118","155","287","116","C0431376"
"8450","2","3","12","41","116","268","434","468","213","C0431376"
"8643","2","5","3","68","221","197","259","560","422","C0431376"
"5660","2","5","7","34","52","326","427","548","702","C0431380"
"859","2","5","8","63","45","23","103","464","187","C0431380"
"5781","2","5","7","53","14","20","25","40","186","C0431380"
"26128","2","3","12","76","153","40","38","54","154","C0431380"
"51151","2","3","5","23","18","138","250","332","407","C0431380"
"5190","2","3","5","43","161","305","409","208","482","C0431380"
"51750","2","3","12","19","31","261","116","1","86","C0431380"
"5982","2","3","12","19","31","261","116","1","86","C0431380"
"5443","2","5","4","68","96","326","427","548","672","C0431380"
"3908","2","5","7","53","51","342","454","573","492","C0431380"
"337867","2","3","2","48","170","50","119","167","593","C0431380"
"2646","2","3","12","22","33","323","66","101","664","C0431380"
"2811","2","5","7","53","51","1","454","573","78","C0431380"
"6201","2","3","2","110","85","237","433","547","671","C0431384"
"79694","2","5","5","80","81","150","162","269","354","C0431384"
"801","2","5","8","63","45","23","103","464","187","C0431384"
"3507","2","5","7","53","51","119","395","549","674","C0431384"
"3257","2","5","7","60","54","24","30","46","72","C0431391"
"6521","2","5","8","35","41","199","40","415","666","C0431391"
"5915","2","3","3","19","151","276","91","433","118","C0431391"
"2492","2","5","4","68","96","326","427","548","672","C0431391"
"79650","2","3","2","22","33","323","66","101","136","C0431391"
"1536","2","5","7","34","52","216","395","549","674","C0431399"
"1906","2","5","4","68","96","326","427","548","672","C0431399"
"843","2","3","12","41","219","339","156","568","697","C0431399"
"338","2","5","7","53","51","342","454","573","492","C0431399"
"9820","2","3","12","41","116","268","434","468","213","C0431399"
"182","2","5","7","53","51","143","428","236","667","C0431399"
"6390","2","3","2","48","170","50","119","444","556","C0431399"
"51082","2","3","2","19","31","1","426","55","78","C0431399"
"4864","2","3","5","48","152","184","341","544","669","C0431399"
"22858","2","3","7","53","14","20","34","540","68","C0431399"
"5130","2","3","2","85","143","286","51","488","102","C0431399"
"2625","2","3","12","19","31","339","155","287","116","C0431399"
"5961","2","5","7","27","51","326","126","414","702","C0431399"
"7422","2","5","7","53","51","342","454","573","702","C0431399"
"2316","2","5","7","53","51","342","454","573","702","C0431399"
"538","2","3","8","63","45","23","103","464","187","C0431399"
"2138","2","3","12","19","31","1","426","55","78","C0431399"
"5352","2","5","7","53","51","342","454","573","492","C0431399"
"846","2","5","4","68","96","326","427","548","672","C0431399"
"4015","2","5","7","53","51","342","454","573","492","C0431401"
"3778","2","5","8","63","36","166","106","110","158","C0431401"
"8200","2","5","7","53","51","342","259","423","389","C0431448"
"435","2","3","8","84","97","167","210","278","360","C0431448"
"4598","2","3","2","19","151","276","198","259","427","C0431448"
"2006","2","5","7","53","51","342","454","573","492","C0431448"
"1137","2","5","8","27","70","99","162","216","290","C0431448"
"7249","2","3","7","60","57","110","141","359","462","C0431448"
"2078","2","3","12","19","31","276","91","148","624","C0431448"
"8398","2","3","5","116","183","40","38","352","455","C0431448"
"5195","2","3","5","43","161","305","409","208","482","C0431448"
"5244","2","3","3","41","151","276","91","433","118","C0431448"
"10587","2","3","2","95","2","60","378","37","55","C0431448"
"546","2","3","12","19","31","261","426","1","86","C0431448"
"1294","2","5","7","53","51","342","454","573","492","C0431448"
"1261","2","5","8","63","36","166","106","110","158","C0431527"
"5015","2","3","3","19","221","321","428","541","667","C0431527"
"8626","2","3","3","19","221","321","428","541","667","C0431564"
"6662","2","3","3","19","221","321","428","541","667","C0431564"
"4010","2","3","3","19","221","321","428","541","667","C0431564"
"4004","2","3","12","19","31","1","426","55","78","C0431564"
"55325","2","5","7","34","181","23","119","544","187","C0431565"
"8863","2","3","3","19","151","276","91","208","118","C0431565"
"1282","2","5","7","53","51","342","454","573","492","C0431565"
"26275","2","3","2","67","92","67","76","155","153","C0431565"
"4204","2","3","12","19","31","1","426","55","78","C0431659"
"6581","2","3","8","45","94","199","240","415","666","C0431659"
"3589","2","5","7","53","51","119","25","40","416","C0431659"
"5652","2","1","6","11","142","225","142","220","298","C0431659"
"4359","2","5","7","53","51","342","454","573","492","C0431659"
"8626","2","3","3","19","221","321","428","541","667","C0431659"
"7010","2","5","7","53","14","20","25","40","186","C0431659"
"2314","2","3","12","63","45","184","103","572","658","C0431659"
"7841","2","3","2","41","116","178","423","536","445","C0431659"
"2006","2","5","7","53","51","342","454","573","492","C0431659"
"2316","2","5","7","53","51","342","454","573","702","C0431659"
"5176","2","5","7","53","51","342","454","573","492","C0431659"
"2074","2","3","12","19","31","1","426","55","78","C0431659"
"6834","2","3","2","48","170","50","119","444","556","C0431659"
"4683","2","3","12","19","31","261","116","1","86","C0431659"
"1636","2","3","5","80","81","166","397","418","568","C0431659"
"811","2","3","2","41","116","342","423","536","342","C0431659"
"9640","2","3","12","19","31","261","116","159","211","C0431659"
"5573","2","3","12","19","184","118","155","287","116","C0431659"
"5592","2","5","4","53","14","20","34","540","68","C0431659"
"1294","2","5","7","53","51","342","454","573","492","C0431659"
"11311","2","3","12","19","31","118","155","287","116","C0431659"
"8815","2","3","12","22","33","323","66","444","664","C0431659"
"4000","2","3","12","26","105","178","226","297","156","C0431659"
"6662","2","3","3","19","221","321","428","541","667","C0431663"
"10804","2","3","12","76","153","40","38","54","75","C0431663"
"2542","2","3","5","80","81","296","399","500","577","C0431663"
"1576","2","3","5","91","214","226","326","413","574","C0431664"
"55636","2","3","3","19","221","321","428","423","389","C0431664"
"7507","2","3","12","19","31","261","116","1","86","C0431693"
"1548","2","3","5","91","214","226","326","447","586","C0431693"
"7124","2","3","12","41","219","339","156","568","697","C0431718"
"10269","2","3","2","48","182","50","119","444","556","C0431718"
"4323","2","5","7","53","51","342","454","573","492","C0431718"
"175","2","3","7","34","52","216","395","549","674","C0431718"
"4148","2","5","7","53","51","342","454","573","492","C0431718"
"10585","2","5","2","27","206","324","430","215","290","C0431863"
"54487","2","3","2","22","33","323","66","101","136","C0431863"
"7227","2","3","12","19","31","276","91","433","118","C0431863"
"5803","2","5","7","53","36","296","399","201","373","C0431863"
"10395","2","5","7","60","54","24","30","46","72","C0431863"
"23096","2","5","7","60","54","24","30","46","72","C0431863"
"6664","2","3","3","19","221","321","428","541","667","C0431863"
"6492","2","3","3","19","151","276","91","433","118","C0431863"
"8924","2","3","12","41","116","268","434","468","213","C0431863"
"1290","2","5","7","53","51","342","454","573","492","C0431863"
"1293","2","5","7","53","51","342","454","573","492","C0431863"
"3481","2","5","7","53","51","342","454","573","492","C0431863"
"2263","2","5","7","53","14","20","25","40","186","C0431890"
"26229","2","3","2","74","205","191","396","408","257","C0431890"
"3074","2","3","7","34","52","216","395","549","607","C0431890"
"2627","2","3","12","19","31","118","155","287","116","C0431890"
"3762","2","5","8","63","36","166","106","110","158","C0431890"
"7454","2","5","7","60","14","20","25","40","215","C0431890"
"4854","2","5","7","53","51","143","428","236","667","C0431890"
"7545","2","5","3","34","52","216","142","220","298","C0431890"
"10815","2","5","7","60","36","71","341","223","666","C0431890"
"4318","2","5","7","34","52","216","395","573","492","C0431890"
"2261","2","5","7","53","14","20","25","40","186","C0431890"
"2625","2","3","12","19","31","339","155","287","116","C0431890"
"3889","2","1","6","11","142","225","142","220","298","C0431890"
"7050","2","3","12","19","31","321","428","541","667","C0431890"
"4322","2","5","7","53","51","342","454","573","492","C0431890"
"545","2","3","12","19","31","261","116","1","86","C0431890"
"1808","2","3","7","76","153","157","79","64","436","C0431890"
"50964","2","5","3","68","221","197","259","423","422","C0431890"
"338","2","5","7","53","51","342","454","573","492","C0431890"
"5327","2","5","7","53","51","342","454","573","492","C0431890"
"7157","2","3","12","19","31","261","402","489","551","C0431890"
"6770","2","5","7","27","36","273","341","100","589","C0431890"
"55612","2","5","7","60","36","71","177","560","701","C0431890"
"860","2","3","12","19","31","276","91","433","118","C0431890"
"7305","2","5","7","34","52","216","395","549","674","C0431890"
"10293","2","3","12","41","116","268","434","468","213","C0431890"
"5189","2","3","5","43","161","305","409","208","482","C0431943"
"9820","2","3","12","41","116","268","434","468","213","C0431943"
"1286","2","5","7","53","51","342","454","573","492","C0432028"
"8643","2","5","3","68","221","197","259","560","422","C0432028"
"2720","2","3","7","34","52","216","395","21","599","C0432028"
"8642","2","5","7","53","51","335","444","560","373","C0432040"
"7994","2","3","12","19","31","1","426","55","78","C0432040"
"4014","2","1","6","11","142","225","142","220","298","C0432040"
"974","2","5","7","53","51","119","395","549","674","C0432040"
"1499","2","3","12","19","221","197","259","560","422","C0432040"
"5728","2","3","5","80","81","339","156","568","605","C0432040"
"51626","2","3","12","76","153","40","38","54","75","C0432040"
"23230","2","5","7","11","142","71","341","560","219","C0432040"
"2146","2","3","12","19","31","1","426","55","78","C0432040"
"1261","2","5","8","63","36","166","106","110","158","C0432040"
"9968","2","4","3","24","119","330","214","454","144","C0432040"
"2706","2","3","12","76","153","40","38","54","75","C0432040"
"7157","2","3","12","19","31","261","402","489","551","C0432040"
"26608","2","3","2","22","170","50","119","463","153","C0432040"
"54658","2","3","2","78","205","207","67","355","138","C0432040"
"3815","2","5","7","53","14","20","25","40","186","C0432040"
"51684","2","3","12","41","116","268","38","54","75","C0432040"
"29110","2","3","12","41","219","339","156","568","697","C0432040"
"189","2","3","5","43","161","305","409","208","482","C0432040"
"841","2","3","12","41","219","339","156","568","697","C0432040"
"1756","2","5","8","63","45","23","103","464","187","C0432040"
"25915","2","3","2","48","170","50","119","444","556","C0432040"
"10908","2","3","2","97","173","275","377","473","592","C0432040"
"5376","2","5","7","53","51","342","454","573","492","C0432055"
"221496","2","3","5","27","105","99","226","216","156","C0432055"
"26229","2","3","2","74","205","191","396","408","257","C0432055"
"51067","2","3","2","110","85","67","76","252","154","C0432055"
"7516","2","3","12","19","31","261","116","1","86","C0432055"
"1277","2","5","7","53","51","342","454","573","492","C0432055"
"3663","2","3","12","53","184","119","156","287","116","C0432055"
"10815","2","5","7","60","36","71","341","223","666","C0432055"
"611","2","5","4","68","96","326","427","548","672","C0432055"
"28962","2","5","8","63","45","23","34","464","187","C0432073"
"778","2","5","8","63","36","166","341","223","158","C0432073"
"10269","2","3","2","48","182","50","119","444","556","C0432073"
"3952","2","5","3","53","151","276","91","433","118","C0432073"
"9049","2","3","3","41","151","276","378","271","356","C0432073"
"5290","2","3","7","53","14","20","25","40","186","C0432073"
"55605","2","3","12","76","153","40","38","54","75","C0432073"
"3094","2","3","2","48","170","266","367","500","78","C0432073"
"22909","2","3","12","19","31","261","116","1","86","C0432073"
"330","2","3","12","41","219","339","156","568","697","C0432073"
"8398","2","3","5","116","183","40","38","352","455","C0432090"
"1356","2","3","7","53","51","342","454","573","492","C0432090"
"2304","2","3","12","19","221","321","428","541","667","C0432098"
"9928","2","3","12","76","153","40","38","54","75","C0432098"
"53834","2","5","7","53","51","342","454","573","492","C0432098"
"4982","2","5","12","41","219","339","156","568","697","C0432103"
"8626","2","3","3","19","221","321","428","541","667","C0432103"
"5339","2","5","7","53","51","342","454","573","492","C0432103"
"5080","2","3","3","19","221","321","428","541","667","C0432103"
"5728","2","3","5","80","81","339","156","568","605","C0432103"
"115019","2","5","8","35","41","199","40","415","666","C0432103"
"2261","2","5","7","53","14","20","25","40","186","C0432103"
"27286","2","5","7","53","51","342","444","560","492","C0432103"
"6469","2","5","3","53","221","197","259","560","422","C0432103"
"3845","2","5","7","60","54","24","30","46","72","C0432103"
"1001","2","5","7","53","51","335","444","560","373","C0432103"
"4256","2","5","7","53","51","342","454","573","492","C0432122"
"55699","2","3","2","110","85","67","76","252","154","C0432122"
"2775","2","5","4","68","36","150","341","223","628","C0432123"
"4001","2","3","12","76","31","40","38","54","75","C0432123"
"4292","2","3","12","19","31","261","116","1","86","C0432123"
"1356","2","3","7","53","51","342","454","573","492","C0432123"
"5982","2","3","12","19","31","261","116","1","86","C0432123"
"2934","2","5","7","34","52","216","395","549","674","C0432123"
"6531","2","5","8","45","94","199","240","415","666","C0432163"
"259232","2","5","8","63","45","23","34","464","187","C0432163"
"6628","2","3","2","22","33","323","66","101","136","C0432163"
"3146","2","5","7","34","52","216","395","549","674","C0432163"
"1824","2","1","6","11","142","225","142","220","298","C0432163"
"57369","2","3","12","76","153","40","38","54","75","C0432163"
"5657","2","5","7","34","52","216","395","549","674","C0432163"
"51524","2","5","7","45","94","199","240","415","666","C0432163"
"10806","2","3","12","76","153","40","38","54","75","C0432163"
"51","2","3","5","43","151","276","91","433","482","C0432163"
"2972","2","3","2","19","33","261","116","159","211","C0432163"
"116519","2","5","7","53","51","342","454","573","492","C0432163"
"4867","2","5","7","76","153","40","38","54","75","C0432163"
"4893","2","5","7","34","52","24","30","46","72","C0432163"
"9907","2","3","5","27","142","335","444","560","214","C0432163"
"10555","2","3","7","34","52","216","395","549","622","C0432163"
"2896","2","5","7","34","52","216","395","549","674","C0432163"
"9719","2","5","7","53","51","342","454","573","492","C0432185"
"4538","2","3","2","48","170","50","119","444","556","C0432185"
"4914","2","3","2","22","18","266","202","252","252","C0432185"
"7169","2","5","8","63","45","23","103","464","187","C0432194"
"875","2","3","5","80","137","44","21","451","316","C0432194"
"5573","2","3","12","19","184","118","155","287","116","C0432197"
"583","2","3","12","76","153","40","38","54","75","C0432197"
"1736","2","3","2","110","85","237","433","547","671","C0432197"
"5741","2","5","4","68","96","326","427","548","672","C0432197"
"3569","2","5","7","53","51","342","454","573","416","C0432197"
"6812","2","5","7","27","36","150","341","223","628","C0432211"
"10585","2","5","2","27","206","324","430","215","290","C0432211"
"53834","2","5","7","53","51","342","454","573","492","C0432211"
"8892","2","3","2","110","85","237","433","547","671","C0432211"
"2629","2","3","5","80","81","250","291","152","420","C0432211"
"476","2","3","8","63","45","23","103","464","187","C0432211"
"10019","2","5","7","53","14","20","25","40","116","C0432211"
"11315","2","3","2","48","170","50","399","201","229","C0432211"
"554","2","5","4","68","96","326","427","548","672","C0432211"
"3239","2","3","3","19","221","321","428","541","667","C0432226"
"6571","2","3","8","60","36","71","341","223","624","C0432226"
"8260","2","3","12","41","85","266","76","287","78","C0432235"
"335","2","5","7","53","51","342","454","573","492","C0432235"
"1487","2","3","12","19","31","1","426","55","340","C0432235"
"624","2","5","4","68","96","326","427","548","672","C0432235"
"55172","2","5","7","27","36","150","341","223","628","C0432235"
"7681","2","3","12","41","116","268","434","468","213","C0432242"
"3586","2","5","7","53","51","119","25","489","416","C0432242"
"23414","2","3","12","19","31","118","155","287","116","C0432253"
"5333","2","3","5","18","16","40","417","103","58","C0432253"
"11231","2","3","2","110","105","178","226","297","380","C0432255"
"51085","2","3","2","48","57","110","141","359","462","C0432255"
"540","2","5","8","63","45","23","103","464","187","C0432261"
"6945","2","3","12","19","31","110","141","488","102","C0432261"
"8260","2","3","12","41","85","266","76","287","78","C0432272"
"4358","2","3","5","43","161","305","409","208","482","C0432272"
"5321","2","3","5","116","183","295","398","243","327","C0432284"
"6775","2","5","7","53","14","119","25","40","186","C0432284"
"2314","2","3","12","63","45","184","103","572","658","C0432291"
"5077","2","3","3","19","221","321","428","541","667","C0432291"
"1954","2","5","7","53","51","342","454","573","492","C0432316"
"23321","2","5","7","53","184","119","156","287","116","C0432316"
"6609","2","3","5","105","155","250","291","152","420","C0432321"
"22868","2","3","2","48","182","67","76","463","153","C0432321"
"1896","2","5","12","41","219","339","156","568","697","C0432321"
"7306","2","5","5","23","18","138","250","332","407","C0432333"
"1281","2","5","7","53","51","342","454","573","492","C0432333"
"114781","2","3","12","41","116","268","434","468","213","C0432333"
"3458","2","5","7","53","184","119","156","287","116","C0432333"
"54332","2","3","2","60","170","40","98","66","203","C0432333"
"3728","2","5","7","34","52","225","142","220","298","C0432333"
"9839","2","3","3","19","221","321","428","541","667","C0432333"
"1292","2","5","7","53","51","342","454","573","492","C0432333"
"3549","2","5","3","53","51","197","259","560","422","C0432333"
"1289","2","5","7","53","51","342","454","573","492","C0432333"
"10324","2","3","12","41","116","268","434","468","213","C0432333"
"4000","2","3","12","26","105","178","226","297","156","C0432333"
"6736","2","3","12","19","31","276","91","433","667","C0432333"
"2260","2","5","7","53","14","20","25","40","186","C0432333"
"5449","2","3","3","19","221","321","428","541","667","C0432333"
"54808","2","3","12","76","153","40","38","54","75","C0432333"
"23746","2","3","12","41","83","101","126","271","356","C0432333"
"6648","2","3","2","95","151","160","378","173","229","C0432333"
"9927","2","3","12","19","31","118","155","287","116","C0432333"
"6578","2","3","5","35","41","77","40","57","80","C0432333"
"4538","2","3","2","48","170","50","119","444","556","C0432333"
"8506","2","5","7","53","51","342","454","573","492","C0432333"
"774","2","5","8","63","36","166","341","390","158","C0432333"
"1855","2","5","12","76","153","197","259","560","422","C0432333"
"1559","2","3","5","91","214","226","11","348","172","C0432336"
"596","2","3","12","19","219","339","402","489","416","C0432336"
"3892","2","1","6","11","142","225","142","220","298","C0432347"
"176","2","5","7","53","51","342","454","573","492","C0432347"
"54903","2","3","12","76","153","40","38","54","75","C0432355"
"861","2","3","12","19","31","1","426","55","78","C0432355"
"5832","2","3","2","101","62","189","182","509","252","C0432355"
"4851","2","3","12","19","221","143","428","236","667","C0432355"
"6905","2","3","12","76","153","40","38","54","75","C0432355"
"3630","2","5","7","53","14","20","25","40","186","C0432355"
"79955","2","5","7","42","36","71","177","223","219","C0432355"
"673","2","5","7","53","14","20","34","540","68","C0432355"
"673","2","5","7","53","14","20","34","540","68","C0432355"
"23742","2","5","5","68","96","326","427","447","586","C0432355"
"4036","2","5","7","60","14","184","341","544","669","C0432355"
"30008","2","5","7","53","51","342","454","573","492","C0432355"
"1535","2","5","7","34","52","216","395","549","674","C0432355"
"2316","2","5","7","53","51","342","454","573","702","C0432355"
"7274","2","3","5","43","161","99","162","216","290","C0432355"
"338","2","5","7","53","51","342","454","573","492","C0432355"
"2664","2","5","7","60","54","24","30","46","72","C0432363"
"338","2","5","7","53","51","342","454","573","492","C0432363"
"1130","2","5","7","60","54","326","141","359","462","C0432363"
"178","2","3","7","34","52","216","395","549","674","C0432475"
"4854","2","5","7","53","51","143","428","236","667","C0432475"
"4054","2","5","7","53","51","342","454","573","492","C0432475"
"5268","2","3","6","11","142","225","142","220","298","C0442880"
"23093","2","3","12","76","153","40","38","54","75","C0442880"
"7227","2","3","12","19","31","276","91","433","118","C0445347"
"51422","2","3","2","48","57","110","141","359","462","C0445347"
"6335","2","5","8","63","36","166","341","390","158","C0445347"
"3425","2","3","5","80","81","166","454","573","492","C0445347"
"5083","2","3","3","19","221","321","428","541","667","C0445347"
"3593","2","5","7","53","51","119","25","489","416","C0445347"
"960","2","5","7","34","52","216","454","573","492","C0445347"
"83932","2","3","12","19","31","261","116","1","86","C0447996"
"7469","2","3","12","19","31","261","116","159","211","C0447996"
"585","2","3","12","76","153","40","38","54","75","C0451641"
"2395","2","3","2","48","170","50","304","167","593","C0451641"
"2658","2","5","7","53","51","342","259","423","389","C0451695"
"8878","2","3","12","41","219","339","156","568","697","C0451695"
"1301","2","5","7","53","51","342","454","573","492","C0451695"
"478","2","3","8","63","45","23","366","464","187","C0451695"
"1440","2","5","7","53","51","119","25","489","416","C0451696"
"7518","2","3","12","19","31","261","116","1","86","C0451696"
"26137","2","5","7","63","45","184","103","572","658","C0451696"
"25782","2","5","7","60","54","24","30","46","72","C0451696"
"3557","2","3","12","41","219","339","156","568","697","C0452138"
"26276","2","3","7","60","81","184","341","66","203","C0452138"
"257","2","3","3","19","221","321","428","541","667","C0452138"
"641","2","3","12","19","31","261","116","1","86","C0452138"
"7157","2","3","12","19","31","261","402","489","551","C0452138"
"2542","2","3","5","80","81","296","399","500","577","C0452138"
"2077","2","3","12","76","153","40","38","54","75","C0452138"
"4692","2","5","7","53","51","119","402","489","416","C0452138"
"2068","2","3","12","19","31","261","116","159","211","C0452138"
"9131","2","3","12","41","219","339","347","271","356","C0452138"
"6910","2","3","12","19","51","335","444","560","373","C0452138"
"7314","2","3","12","41","219","261","409","208","482","C0452138"
"6926","2","5","7","53","51","335","259","560","373","C0452138"
"4000","2","3","12","26","105","178","226","297","156","C0452138"
"10878","2","5","7","53","51","119","395","549","674","C0452138"
"4255","2","3","12","19","31","261","116","1","86","C0452138"
"1301","2","5","7","53","51","342","454","573","492","C0452138"
"760","2","3","5","35","41","77","40","78","178","C0452138"
"55699","2","3","2","110","85","67","76","252","154","C0452147"
"4791","2","3","12","41","219","339","156","568","697","C0452147"
"1311","2","5","7","53","51","342","454","573","492","C0452148"
"7337","2","3","12","41","116","268","434","468","213","C0452148"
"3569","2","5","7","53","51","342","454","573","416","C0452148"
"4514","2","3","2","48","57","110","141","359","5","C0452148"
"7415","2","3","7","34","52","216","395","536","445","C0452148"
"9469","2","3","2","103","189","303","29","475","467","C0452168"
"7473","2","5","3","68","221","197","259","560","422","C0452168"
"4920","2","5","7","53","14","20","259","560","373","C0454455"
"2588","2","3","7","34","52","216","395","549","674","C0454455"
"3998","2","3","7","60","153","40","202","66","203","C0454455"
"338382","2","5","7","60","54","24","30","46","72","C0454455"
"5889","2","3","12","19","31","261","116","1","86","C0454455"
"1285","2","5","7","53","51","342","454","573","492","C0454455"
"5741","2","5","4","68","96","326","427","548","672","C0454455"
"1026","2","3","12","19","31","1","116","489","416","C0454455"
"5573","2","3","12","19","184","118","155","287","116","C0454596"
"8085","2","3","12","19","31","1","426","55","78","C0454596"
"3549","2","5","3","53","51","197","259","560","422","C0454641"
"5894","2","5","7","60","54","23","34","464","187","C0454641"
"2138","2","3","12","19","31","1","426","55","78","C0455503"
"9469","2","3","2","103","189","303","29","475","467","C0455503"
"440","2","3","2","101","62","189","182","509","154","C0455988"
"871","2","5","7","53","51","342","454","573","492","C0455988"
"26580","2","5","8","27","70","99","162","216","290","C0455988"
"1807","2","3","5","80","23","186","79","560","273","C0455988"
"673","2","5","7","53","14","20","34","540","68","C0455988"
"1889","2","5","4","68","96","326","427","548","672","C0455988"
"6223","2","3","2","110","85","237","433","547","671","C0455988"
"2184","2","3","5","76","153","138","236","332","407","C0455988"
"8398","2","3","5","116","183","40","38","352","455","C0455988"
"4129","2","3","5","63","63","120","197","203","350","C0457013"
"3075","2","5","7","53","51","119","395","549","674","C0457013"
"1440","2","5","7","53","51","119","25","489","416","C0457133"
"8516","2","5","7","53","51","342","454","573","492","C0457133"
"9076","2","5","6","42","36","71","177","64","219","C0457133"
"51062","2","5","7","27","36","150","402","489","373","C0457133"
"9782","2","3","2","22","33","323","66","101","136","C0457133"
"5832","2","3","2","101","62","189","182","509","252","C0457133"
"6774","2","3","12","53","14","276","25","489","416","C0457133"
"7046","2","3","12","41","219","339","259","423","605","C0457133"
"6448","2","3","5","74","160","294","376","453","567","C0457756"
"2778","2","5","4","68","96","326","427","548","672","C0457756"
"1834","2","5","7","53","51","342","454","573","492","C0457756"
"2100","2","3","3","19","151","276","91","433","118","C0457756"
"2741","2","5","8","27","70","99","162","216","290","C0457756"
"6523","2","3","8","45","216","337","448","565","562","C0457756"
"3918","2","5","7","53","51","342","454","573","492","C0472813"
"51128","2","5","7","60","153","24","38","46","72","C0472813"
"3868","2","1","6","11","142","225","142","220","298","C0473133"
"6529","2","5","8","45","94","199","240","415","666","C0473133"
"175","2","3","7","34","52","216","395","549","674","C0473133"
"6899","2","5","7","53","184","335","259","560","373","C0473133"
"4547","2","5","7","53","51","342","454","573","492","C0473133"
"3340","2","3","2","74","58","112","148","193","525","C0473133"
"1019","2","3","12","19","31","1","116","1","86","C0473219"
"27077","2","3","12","76","153","40","38","54","75","C0473219"
"735","2","5","7","53","51","119","395","549","674","C0473311"
"4722","2","3","2","48","170","50","119","444","556","C0473311"
"871","2","5","7","53","51","342","454","573","492","C0473527"
"2348","2","3","7","60","153","40","38","54","203","C0473527"
"2033","2","3","12","19","31","1","91","433","118","C0473527"
"7531","2","3","2","48","170","110","329","251","533","C0473527"
"6496","2","3","3","19","221","321","428","541","667","C0473527"
"8929","2","3","3","19","221","321","428","541","667","C0473527"
"5885","2","3","12","76","153","40","38","54","75","C0473527"
"987","2","3","6","48","94","279","347","330","304","C0473527"
"478","2","3","8","63","45","23","366","464","187","C0473527"
"1836","2","3","2","35","41","94","260","330","375","C0473527"
"2218","2","5","2","53","123","194","255","560","373","C0473586"
"10806","2","3","12","76","153","40","38","54","75","C0473586"
"6916","2","3","5","91","175","119","167","224","301","C0474420"
"6391","2","3","2","48","170","50","119","444","556","C0474420"
"58484","2","3","12","41","219","339","156","568","697","C0474585"
"6899","2","5","7","53","184","335","259","560","373","C0474585"
"6647","2","3","2","95","2","342","378","173","702","C0474819"
"2395","2","3","2","48","170","50","304","167","593","C0474819"
"4810","2","3","2","76","57","110","444","560","373","C0475732"
"4982","2","5","12","41","219","339","156","568","697","C0475732"
"326","2","3","12","19","31","261","377","370","269","C0475732"
"1804","2","5","7","27","36","150","341","223","628","C0475813"
"2067","2","3","12","19","31","261","116","1","86","C0475813"
"367","2","3","12","19","31","276","91","433","118","C0476089"
"5573","2","3","12","19","184","118","155","287","116","C0476089"
"5189","2","3","5","43","161","305","409","208","482","C0476089"
"25978","2","3","2","48","57","110","141","359","462","C0476089"
"5589","2","5","7","53","51","342","454","573","492","C0476089"
"1030","2","3","12","19","31","1","426","55","78","C0476089"
"176","2","5","7","53","51","342","454","573","492","C0476254"
"54658","2","3","2","78","205","207","67","355","138","C0476254"
"10559","2","3","2","89","124","204","272","347","451","C0476254"
"2294","2","3","3","19","221","321","428","541","667","C0476254"
"1277","2","5","7","53","51","342","454","573","492","C0476254"
"54487","2","3","2","22","33","323","66","101","136","C0476254"
"9790","2","3","2","110","85","237","433","547","671","C0476254"
"5192","2","3","5","43","161","305","409","208","482","C0476254"
"8085","2","3","12","19","31","1","426","55","78","C0476254"
"2554","2","5","8","27","70","99","162","216","290","C0476254"
"57560","2","3","12","76","153","40","38","54","75","C0476369"
"10060","2","3","8","41","45","23","423","464","445","C0476369"
"54487","2","3","2","22","33","323","66","101","136","C0476408"
"5144","2","3","4","68","96","326","427","548","672","C0476408"
"79633","2","3","7","80","51","335","444","560","373","C0476489"
"5346","2","3","3","19","151","276","91","433","118","C0476489"
"29110","2","3","12","41","219","339","156","568","697","C0477341"
"2737","2","3","12","19","116","321","428","54","667","C0477341"
"7040","2","5","7","53","51","342","454","573","492","C0477341"
"351","2","5","4","68","96","326","188","145","193","C0477341"
"16","2","3","2","110","85","237","433","547","154","C0477341"
"3949","2","5","7","60","14","184","341","544","669","C0494261"
"2737","2","3","12","19","116","321","428","54","667","C0494261"
"7545","2","5","3","34","52","216","142","220","298","C0494261"
"23729","2","3","2","90","167","148","36","51","383","C0494261"
"5015","2","3","3","19","221","321","428","541","667","C0494261"
"5728","2","3","5","80","81","339","156","568","605","C0496897"
"6611","2","3","2","58","55","25","46","329","198","C0496897"
"64135","2","3","12","41","219","339","156","568","605","C0496897"
"3845","2","5","7","60","54","24","30","46","72","C0497202"
"11200","2","3","12","19","31","261","116","1","86","C0497202"
"2741","2","5","8","27","70","99","162","216","290","C0497202"
"4695","2","3","2","48","170","50","119","444","556","C0497202"
"2639","2","3","2","71","148","34","160","115","164","C0497202"
"3861","2","1","6","11","142","225","142","220","298","C0497202"
"9702","2","3","12","76","153","40","38","54","75","C0497202"
"10483","2","3","7","60","54","24","30","46","72","C0497202"
"5327","2","5","7","53","51","342","454","573","492","C0497202"
"5167","2","3","5","32","93","163","207","303","126","C0497202"
"9855","2","5","7","60","54","24","30","46","72","C0497202"
"1759","2","5","7","60","14","184","341","544","669","C0497202"
"10342","2","3","7","60","219","40","202","66","203","C0497202"
"54756","2","5","7","41","219","238","118","543","214","C0497202"
"10084","2","3","2","22","33","323","66","101","136","C0497202"
"8838","2","5","7","53","51","342","259","423","389","C0497202"
"4049","2","3","12","41","219","339","156","568","697","C0497202"
"2010","2","3","12","26","105","296","226","488","156","C0497202"
"10907","2","3","2","22","33","323","66","101","136","C0497202"
"3784","2","5","8","63","36","166","106","110","158","C0497538"
"5743","2","3","5","53","175","119","167","489","416","C0497538"
"5076","2","3","3","19","221","321","428","541","667","C0497552"
"2673","2","3","2","110","94","178","226","297","380","C0497552"
"2189","2","3","12","19","31","261","116","1","86","C0497552"
"5015","2","3","3","19","221","321","428","541","667","C0497552"
"2639","2","3","2","71","148","34","160","115","164","C0497552"
"3425","2","3","5","80","81","166","454","573","492","C0497552"
"5428","2","3","2","48","170","50","119","167","593","C0497552"
"7021","2","3","12","19","31","261","91","433","664","C0497552"
"860","2","3","12","19","31","276","91","433","118","C0497552"
"6103","2","3","12","76","153","40","38","54","75","C0497552"
"4693","2","5","7","53","51","342","454","573","492","C0497552"
"1161","2","3","12","41","116","268","434","468","213","C0497552"
"4860","2","3","7","34","52","216","395","549","150","C0497552"
"4210","2","3","12","41","219","339","156","568","697","C0497552"
"25913","2","3","12","19","31","261","116","1","78","C0497552"
"1639","2","3","12","76","153","40","38","54","75","C0497552"
"4882","2","3","4","68","96","326","427","548","672","C0497552"
"4893","2","5","7","34","52","24","30","46","72","C0497552"
"729920","2","3","2","48","170","110","329","251","533","C0497552"
"26123","2","3","2","76","153","40","38","54","75","C0497552"
"5917","2","3","2","110","85","237","433","547","154","C0518988"
"8573","2","5","7","53","36","71","341","223","219","C0518988"
"3636","2","3","5","80","14","20","25","40","186","C0520459"
"5224","2","3","5","90","167","266","367","500","577","C0520459"
"1277","2","5","7","53","51","342","454","573","492","C0520459"
"7547","2","3","3","19","221","321","428","541","667","C0520459"
"2200","2","5","7","53","51","342","454","573","492","C0520459"
"3861","2","1","6","11","142","225","142","220","298","C0520459"
"6329","2","5","8","63","36","166","341","390","158","C0520459"
"5076","2","3","3","19","221","321","428","541","667","C0520459"
"2316","2","5","7","53","51","342","454","573","702","C0520459"
"649","2","5","7","53","51","342","454","573","492","C0520459"
"7372","2","3","2","68","119","109","266","182","182","C0520459"
"2316","2","5","7","53","51","342","454","573","702","C0520459"
"8622","2","3","4","68","96","326","427","548","672","C0520459"
"2657","2","5","7","53","51","342","259","423","389","C0520459"
"212","2","3","2","67","92","293","55","487","116","C0520459"
"51750","2","3","12","19","31","261","116","1","86","C0520459"
"8450","2","3","12","41","116","268","434","468","213","C0520459"
"10516","2","5","7","53","51","342","454","573","492","C0520463"
"2263","2","5","7","53","14","20","25","40","186","C0520463"
"7466","2","5","7","53","51","342","454","573","492","C0520463"
"6868","2","5","7","53","51","342","454","236","492","C0520474"
"29887","2","3","7","60","18","110","141","198","270","C0520474"
"9150","2","3","12","19","31","261","116","159","211","C0520474"
"1027","2","3","12","19","31","1","116","1","86","C0520474"
"2990","2","3","7","34","52","216","395","549","674","C0520474"
"9382","2","5","7","60","153","40","38","66","203","C0520474"
"617","2","3","2","48","170","50","304","167","593","C0520474"
"871","2","5","7","53","51","342","454","573","492","C0520474"
"990","2","3","12","76","31","261","116","1","86","C0520557"
"6391","2","3","2","48","170","50","119","444","556","C0520557"
"1717","2","3","2","19","151","276","48","69","204","C0520679"
"23426","2","5","7","42","36","71","177","223","219","C0520679"
"185","2","5","4","68","96","326","427","548","672","C0520679"
"3417","2","3","7","34","52","216","395","549","319","C0520679"
"190","2","3","3","19","151","276","91","433","118","C0520679"
"843","2","3","12","41","219","339","156","568","697","C0520679"
"8200","2","5","7","53","51","342","259","423","389","C0520679"
"2071","2","3","12","19","31","261","116","159","211","C0520679"
"1301","2","5","7","53","51","342","454","573","492","C0520679"
"8292","2","5","5","27","51","342","454","573","492","C0520679"
"4593","2","5","7","53","14","20","454","573","492","C0520680"
"7170","2","5","8","63","45","23","103","464","187","C0520680"
"8291","2","5","8","63","45","23","103","464","187","C0520680"
"1146","2","5","8","27","70","99","162","216","290","C0520680"
"5443","2","5","4","68","96","326","427","548","672","C0520680"
"27031","2","3","6","11","142","225","38","331","506","C0520680"
"55112","2","3","12","76","153","40","38","54","75","C0520680"
"3249","2","5","7","68","51","119","395","549","674","C0520680"
"4882","2","3","4","68","96","326","427","548","672","C0520736"
"3977","2","5","7","53","51","119","25","40","416","C0520736"
"4204","2","3","12","19","31","1","426","55","78","C0520736"
"51750","2","3","12","19","31","261","116","1","86","C0520736"
"8200","2","5","7","53","51","342","259","423","389","C0520743"
"2263","2","5","7","53","14","20","25","40","186","C0520743"
"5396","2","3","3","19","221","321","428","541","667","C0520743"
"54808","2","3","12","76","153","40","38","54","75","C0520743"
"221037","2","3","12","19","31","118","155","287","116","C0520743"
"8626","2","3","3","19","221","321","428","541","667","C0520743"
"2591","2","3","2","89","206","324","430","429","544","C0520743"
"2033","2","3","12","19","31","1","91","433","118","C0520743"
"2796","2","5","4","68","96","326","427","548","672","C0520743"
"1586","2","3","5","79","98","256","335","425","540","C0520743"
"4990","2","3","3","19","221","321","428","541","667","C0520757"
"1896","2","5","12","41","219","339","156","568","697","C0520757"
"84133","2","3","3","68","221","197","259","499","422","C0520823"
"1029","2","3","12","19","31","1","116","1","664","C0520823"
"3955","2","5","8","89","124","143","428","236","667","C0520823"
"2495","2","3","7","34","52","216","395","274","358","C0520831"
"3977","2","5","7","53","51","119","25","40","416","C0520831"
"1187","2","5","8","63","45","23","34","464","187","C0520878"
"8242","2","3","12","19","31","1","426","55","78","C0520878"
"55806","2","3","12","19","31","1","426","55","78","C0520878"
"3110","2","3","3","19","221","321","428","541","667","C0520886"
"6926","2","5","7","53","51","335","259","560","373","C0520886"
"9150","2","3","12","19","31","261","116","159","211","C0520886"
"5190","2","3","5","43","161","305","409","208","482","C0520927"
"7516","2","3","12","19","31","261","116","1","86","C0520927"
"4880","2","3","4","19","96","326","427","548","672","C0520927"
"9829","2","5","7","60","14","184","341","544","669","C0520927"
"3630","2","5","7","53","14","20","25","40","186","C0520927"
"23426","2","5","7","42","36","71","177","223","219","C0520927"
"3758","2","5","8","63","36","166","106","110","158","C0520927"
"50943","2","3","12","19","31","1","426","129","131","C0520927"
"10743","2","3","3","19","151","276","91","433","118","C0520927"
"1203","2","3","2","41","170","342","423","536","342","C0520927"
"6452","2","5","7","53","14","20","25","40","186","C0520927"
"4633","2","5","8","63","45","23","103","464","187","C0520927"
"351","2","5","4","68","96","326","188","145","193","C0520927"
"1291","2","5","7","53","51","342","454","573","492","C0520927"
"2798","2","5","4","68","96","326","427","548","672","C0520927"
"22909","2","3","12","19","31","261","116","1","86","C0520927"
"2969","2","3","12","19","31","276","91","433","118","C0520927"
"8600","2","5","7","41","219","339","156","568","697","C0520927"
"5696","2","3","12","41","116","268","156","568","116","C0520927"
"8200","2","5","7","53","51","342","259","423","389","C0520927"
"2248","2","5","7","53","14","20","25","40","186","C0520927"
"10371","2","5","7","53","51","342","79","560","373","C0520927"
"5663","2","5","7","34","52","216","395","549","667","C0520927"
"388","2","5","7","60","54","24","30","46","72","C0520927"
"3145","2","3","5","80","81","166","132","175","473","C0520927"
"2316","2","5","7","53","51","342","454","573","702","C0520927"
"2934","2","5","7","34","52","216","395","549","674","C0520927"
"4000","2","3","12","26","105","178","226","297","156","C0520927"
"844","2","5","8","63","45","23","34","464","187","C0520927"
"50964","2","5","3","68","221","197","259","423","422","C0520927"
"2737","2","3","12","19","116","321","428","54","667","C0520927"
"3767","2","5","8","63","36","166","106","110","158","C0520927"
"857","2","5","7","53","45","23","57","83","422","C0520927"
"1641","2","5","7","60","221","321","428","560","373","C0520966"
"3339","2","5","7","53","51","342","454","573","492","C0520966"
"1291","2","5","7","53","51","342","454","573","492","C0520966"
"7403","2","3","12","19","31","1","426","55","78","C0520966"
"3859","2","1","6","11","142","225","142","220","298","C0520966"
"8626","2","3","3","19","221","321","428","541","667","C0520966"
"2071","2","3","12","19","31","261","116","159","211","C0520966"
"29123","2","3","12","19","151","276","91","433","118","C0520966"
"23230","2","5","7","11","142","71","341","560","219","C0520966"
"7290","2","3","12","19","31","1","426","55","78","C0520966"
"2520","2","5","4","68","96","326","427","548","672","C0520966"
"5961","2","5","7","27","51","326","126","414","702","C0520966"
"999","2","5","7","53","51","342","444","560","373","C0520966"
"5743","2","3","5","53","175","119","167","489","416","C0520966"
"9420","2","3","5","79","159","256","215","282","366","C0521007"
"3030","2","3","2","48","57","339","44","65","31","C0521007"
"9663","2","3","5","80","81","296","51","488","102","C0521007"
"8924","2","3","12","41","116","268","434","468","213","C0521007"
"8822","2","5","7","53","14","20","25","40","186","C0521007"
"238","2","5","7","53","14","20","25","40","186","C0521007"
"6335","2","5","8","63","36","166","341","390","158","C0521007"
"2705","2","3","12","76","153","40","38","54","75","C0521173"
"4221","2","3","12","19","31","342","454","573","492","C0521173"
"7015","2","3","12","19","31","1","426","55","78","C0521173"
"1947","2","5","7","53","51","20","25","560","373","C0521173"
"2516","2","3","3","19","151","276","91","433","118","C0521173"
"9949","2","3","2","22","33","225","142","220","298","C0521173"
"4000","2","3","12","26","105","178","226","297","156","C0521173"
"1030","2","3","12","19","31","1","426","55","78","C0521533"
"4893","2","5","7","34","52","24","30","46","72","C0521533"
"1302","2","5","7","53","51","342","454","573","492","C0521573"
"2542","2","3","5","80","81","296","399","500","577","C0521573"
"5194","2","3","5","43","161","305","409","208","482","C0521573"
"4162","2","5","7","53","51","342","454","573","492","C0521573"
"4988","2","5","4","68","96","326","427","548","672","C0521573"
"1832","2","5","7","34","52","225","142","220","298","C0521573"
"6647","2","3","2","95","2","342","378","173","702","C0521573"
"26608","2","3","2","22","170","50","119","463","153","C0521573"
"5649","2","5","7","53","51","342","444","560","373","C0521573"
"7461","2","3","7","60","153","40","38","93","75","C0521573"
"1910","2","5","4","68","96","326","427","548","672","C0521573"
"23384","2","3","12","63","45","184","103","572","658","C0521573"
"593","2","3","2","67","92","293","55","75","311","C0521573"
"429","2","3","3","19","221","321","428","541","667","C0521573"
"5243","2","3","12","41","116","268","423","536","445","C0521573"
"594","2","3","2","67","92","293","55","75","311","C0521618"
"8260","2","3","12","41","85","266","76","287","78","C0521618"
"1509","2","5","7","34","52","216","395","549","568","C0521619"
"25942","2","3","12","19","31","1","426","55","78","C0521619"
"4292","2","3","12","19","31","261","116","1","86","C0521619"
"7852","2","5","4","68","96","326","427","548","672","C0521619"
"7227","2","3","12","19","31","276","91","433","118","C0521619"
"7531","2","3","2","48","170","110","329","251","533","C0521619"
"6340","2","5","8","63","45","23","34","464","187","C0521619"
"27130","2","3","12","48","45","143","38","236","69","C0521619"
"1690","2","5","7","27","51","342","454","573","492","C0521620"
"4160","2","5","4","68","96","326","427","548","672","C0521620"
"54903","2","3","12","76","153","40","38","54","75","C0521620"
"5354","2","5","7","27","36","150","341","223","628","C0521620"
"57447","2","3","2","63","45","148","402","51","383","C0521620"
"3856","2","1","6","11","142","225","142","220","298","C0521620"
"114902","2","5","7","41","219","339","156","568","697","C0521620"
"6689","2","3","12","19","31","276","91","433","118","C0521620"
"6262","2","5","8","63","45","23","34","464","187","C0521620"
"6334","2","5","8","63","36","166","341","223","158","C0521620"
"4893","2","5","7","34","52","24","30","46","72","C0521620"
"1565","2","3","5","91","214","226","326","413","530","C0521620"
"2475","2","3","2","48","57","110","141","359","462","C0521620"
"23592","2","3","12","26","105","342","259","423","389","C0521620"
"1193","2","5","8","63","45","23","34","464","187","C0521620"
"2187","2","3","12","19","31","261","116","1","86","C0521683"
"1030","2","3","12","19","31","1","426","55","78","C0521683"
"5290","2","3","7","53","14","20","25","40","186","C0521683"
"9928","2","3","12","76","153","40","38","54","75","C0521694"
"51752","2","3","2","41","153","119","156","536","116","C0521694"
"3123","2","5","7","53","51","119","156","287","116","C0521694"
"2706","2","3","12","76","153","40","38","54","75","C0521694"
"8200","2","5","7","53","51","342","259","423","389","C0521694"
"10683","2","5","7","53","51","143","428","560","667","C0521694"
"4842","2","3","5","63","45","71","177","464","219","C0521694"
"7249","2","3","7","60","57","110","141","359","462","C0522153"
"55505","2","3","2","110","85","237","433","547","671","C0522153"
"4810","2","3","2","76","57","110","444","560","373","C0522153"
"27077","2","3","12","76","153","40","38","54","75","C0522153"
"6927","2","3","3","19","221","321","428","541","667","C0522153"
"3035","2","3","2","110","85","237","433","547","154","C0522153"
"3897","2","5","7","53","51","335","444","560","373","C0522198"
"3418","2","3","2","67","151","276","33","48","155","C0522198"
"3977","2","5","7","53","51","119","25","40","416","C0522198"
"7124","2","3","12","41","219","339","156","568","697","C0522198"
"5580","2","5","7","34","52","216","395","287","116","C0522198"
"1080","2","3","12","41","219","339","156","544","669","C0522198"
"7038","2","5","7","60","18","184","98","66","203","C0522198"
"8200","2","5","7","53","51","342","259","423","389","C0522198"
"55612","2","5","7","60","36","71","177","560","701","C0522198"
"51119","2","3","2","110","85","237","433","547","671","C0522214"
"10847","2","3","12","19","31","1","426","55","78","C0522214"
"215","2","3","5","47","144","185","238","310","392","C0522214"
"26229","2","3","2","74","205","191","396","408","257","C0522214"
"26524","2","3","12","76","153","143","177","54","75","C0522214"
"10999","2","3","8","45","94","298","401","506","626","C0522214"
"7259","2","3","12","19","31","1","426","55","78","C0522214"
"2668","2","5","7","53","14","20","25","40","186","C0522214"
"1956","2","5","7","53","14","184","45","544","669","C0522214"
"5162","2","3","2","67","92","293","55","75","311","C0522214"
"23431","2","5","7","60","18","184","341","544","669","C0522214"
"5994","2","3","12","19","31","276","91","491","118","C0522214"
"54","2","3","5","80","81","178","195","256","342","C0522214"
"9569","2","3","12","19","31","276","91","433","118","C0522214"
"6648","2","3","2","95","151","160","378","173","229","C0522214"
"2068","2","3","12","19","31","261","116","159","211","C0522214"
"10815","2","5","7","60","36","71","341","223","666","C0522214"
"8647","2","3","5","46","158","252","352","449","563","C0522214"
"2200","2","5","7","53","51","342","454","573","492","C0522214"
"8802","2","3","8","67","92","293","55","75","311","C0522214"
"6772","2","3","12","53","184","119","156","287","116","C0522214"
"2629","2","3","5","80","81","250","291","152","420","C0522214"
"2263","2","5","7","53","14","20","25","40","186","C0522214"
"8557","2","5","8","63","45","23","103","464","187","C0522214"
"3703","2","3","2","78","26","54","283","118","124","C0522214"
"2535","2","5","3","68","221","197","259","560","422","C0522214"
"5194","2","3","5","43","161","305","409","208","482","C0522216"
"8289","2","3","12","19","31","1","426","55","78","C0522216"
"5327","2","5","7","53","51","342","454","573","492","C0522216"
"2146","2","3","12","19","31","1","426","55","78","C0522216"
"65062","2","3","2","48","170","50","119","444","556","C0522216"
"3675","2","5","7","53","51","342","454","573","492","C0522216"
"5906","2","5","7","34","52","216","30","46","72","C0522216"
"3508","2","3","12","19","31","261","116","1","86","C0524620"
"27031","2","3","6","11","142","225","38","331","506","C0524620"
"10000","2","5","7","53","14","20","34","540","68","C0524620"
"51082","2","3","2","19","31","1","426","55","78","C0524620"
"5745","2","5","4","68","96","326","427","548","672","C0524620"
"627","2","5","7","53","51","335","444","423","373","C0524620"
"10618","2","5","7","60","51","184","341","544","669","C0524620"
"7249","2","3","7","60","57","110","141","359","462","C0524620"
"6011","2","5","7","53","14","20","34","540","68","C0524620"
"25923","2","3","2","48","184","50","119","444","116","C0524620"
"7291","2","3","12","19","151","276","91","489","416","C0524620"
"25814","2","3","2","48","170","110","119","444","462","C0524620"
"23418","2","5","7","53","36","71","177","560","373","C0524620"
"5076","2","3","3","19","221","321","428","541","667","C0524620"
"9652","2","3","2","110","85","237","433","547","671","C0524620"
"664","2","3","12","41","219","339","402","489","551","C0524620"
"54209","2","5","7","53","51","119","395","549","674","C0524620"
"547","2","3","7","76","153","40","38","54","75","C0524620"
"4436","2","3","12","19","31","261","116","1","86","C0524620"
"8924","2","3","12","41","116","268","434","468","213","C0524620"
"9150","2","3","12","19","31","261","116","159","211","C0524801"
"79944","2","3","2","48","170","50","119","220","298","C0524801"
"26160","2","3","12","76","153","40","38","54","75","C0524801"
"54332","2","3","2","60","170","40","98","66","203","C0524909"
"2623","2","3","12","19","31","1","155","287","116","C0524909"
"3624","2","5","7","53","51","342","259","423","389","C0524909"
"5184","2","3","5","80","81","166","52","105","349","C0524909"
"2317","2","5","7","63","45","23","103","287","664","C0524909"
"4715","2","3","2","48","170","50","119","444","556","C0524909"
"22900","2","3","12","41","219","339","156","568","697","C0524909"
"4893","2","5","7","34","52","24","30","46","72","C0524910"
"1420","2","3","6","63","45","160","362","177","673","C0524910"
"6916","2","3","5","91","175","119","167","224","301","C0524910"
"10481","2","3","3","19","221","321","428","541","667","C0525041"
"9131","2","3","12","41","219","339","347","271","356","C0525041"
"6390","2","3","2","48","170","50","119","444","556","C0525041"
"163","2","5","7","60","14","184","341","544","669","C0525041"
"55572","2","3","2","48","170","50","119","444","556","C0525041"
"6559","2","5","8","45","94","199","240","415","666","C0525041"
"6575","2","3","8","45","94","199","240","415","666","C0525041"
"6938","2","3","12","19","31","1","426","55","78","C0541912"
"1387","2","3","12","19","31","276","91","433","118","C0541912"
"5468","2","3","3","19","151","276","91","433","118","C0541985"
"2176","2","3","12","19","31","261","116","1","86","C0541985"
"55532","2","3","7","25","44","165","101","274","358","C0541985"
"4541","2","3","2","48","170","50","119","444","24","C0541985"
"2176","2","3","12","19","31","261","116","1","86","C0541985"
"5980","2","3","12","19","31","261","116","1","86","C0541985"
"2629","2","3","5","80","81","250","291","152","420","C0541985"
"23522","2","3","12","19","31","1","426","55","78","C0541985"
"29110","2","3","12","41","219","339","156","568","697","C0541985"
"148738","2","5","7","53","51","342","444","560","373","C0542035"
"1806","2","3","2","49","23","186","149","195","61","C0542035"
"54187","2","3","5","80","81","296","272","452","148","C0542035"
"3077","2","5","7","53","51","119","395","549","674","C0542037"
"3339","2","5","7","53","51","342","454","573","492","C0542037"
"1268","2","5","4","68","96","326","427","548","672","C0542037"
"3880","2","1","6","11","142","225","142","220","298","C0542223"
"10806","2","3","12","76","153","40","38","54","75","C0542223"
"875","2","3","5","80","137","44","21","451","316","C0542223"
"25942","2","3","12","19","31","1","426","55","78","C0542223"
"7167","2","3","2","90","167","266","367","500","577","C0542223"
"207","2","3","7","53","14","20","34","489","416","C0542223"
"6231","2","3","2","110","85","237","433","547","671","C0542223"
"1581","2","3","5","19","151","276","91","433","118","C0542223"
"1565","2","3","5","91","214","226","326","413","530","C0542223"
"2263","2","5","7","53","14","20","25","40","186","C0542223"
"207","2","3","7","53","14","20","34","489","416","C0542223"
"4921","2","5","7","53","14","20","25","573","186","C0542223"
"5631","2","3","2","72","119","109","266","336","452","C0542223"
"11315","2","3","2","48","170","50","399","201","229","C0542223"
"23384","2","3","12","63","45","184","103","572","658","C0542223"
"410","2","3","7","34","52","216","395","549","674","C0542223"
"23405","2","3","2","22","33","323","66","146","194","C0542346"
"8220","2","3","2","22","33","323","66","101","136","C0542346"
"2697","2","3","7","76","153","40","38","54","75","C0542346"
"4852","2","5","4","68","96","326","427","548","672","C0542346"
"2009","2","3","12","76","153","40","38","54","75","C0542346"
"6521","2","5","8","35","41","199","40","415","666","C0542346"
"4282","2","5","7","34","52","216","395","549","674","C0542346"
"776","2","5","8","63","36","166","341","390","158","C0542346"
"3077","2","5","7","53","51","119","395","549","674","C0542346"
"5290","2","3","7","53","14","20","25","40","186","C0542346"
"10483","2","3","7","60","54","24","30","46","72","C0542514"
"4920","2","5","7","53","14","20","259","560","373","C0542514"
"715","2","5","7","53","51","119","395","549","674","C0542514"
"3984","2","5","7","53","14","20","34","540","68","C0542514"
"57178","2","3","12","19","31","276","91","433","118","C0542514"
"9409","2","3","5","43","161","305","409","208","482","C0542514"
"55752","2","3","2","76","108","293","141","305","387","C0542514"
"5340","2","5","7","53","51","342","454","573","492","C0542514"
"7840","2","3","12","76","153","40","38","54","75","C0542514"
"94","2","5","7","53","51","342","259","423","389","C0542514"
"10269","2","3","2","48","182","50","119","444","556","C0542514"
"2879","2","3","5","80","81","166","378","173","229","C0542514"
"1103","2","3","2","67","92","293","55","75","311","C0542514"
"26277","2","3","12","19","31","1","426","1","78","C0542514"
"5727","2","3","12","68","221","197","259","560","422","C0542514"
"29851","2","5","7","53","14","20","25","40","186","C0542514"
"5309","2","3","3","19","221","321","428","541","667","C0542514"
"4068","2","5","7","53","51","119","25","549","674","C0542514"
"26040","2","3","12","19","31","1","116","297","78","C0542514"
"2356","2","3","5","15","166","85","314","397","513","C0542514"
"10913","2","3","12","41","219","339","156","568","697","C0542514"
"10060","2","3","8","41","45","23","423","464","445","C0542514"
"344","2","5","7","53","51","342","454","573","492","C0542514"
"1514","2","5","7","53","51","342","454","573","492","C0542514"
"1027","2","3","12","19","31","1","116","1","86","C0542514"
"4893","2","5","7","34","52","24","30","46","72","C0542514"
"54345","2","5","3","19","221","321","428","541","667","C0542514"
"2255","2","5","7","53","14","20","25","40","186","C0542514"
"7421","2","3","3","19","151","276","91","433","118","C0542514"
"4088","2","3","12","19","219","339","259","423","605","C0542514"
"9469","2","3","2","103","189","303","29","475","467","C0542514"
"2316","2","5","7","53","51","342","454","573","702","C0542514"
"3508","2","3","12","19","31","261","116","1","86","C0542518"
"2247","2","5","7","53","14","20","25","40","186","C0542518"
"5160","2","3","2","67","92","293","55","75","311","C0542518"
"2263","2","5","7","53","14","20","25","40","186","C0542518"
"1290","2","5","7","53","51","342","454","573","492","C0542518"
"10149","2","5","5","63","36","166","332","220","158","C0542518"
"1387","2","3","12","19","31","276","91","433","118","C0542518"
"6247","2","5","7","53","51","342","454","573","492","C0542518"
"9499","2","5","7","53","51","23","103","464","187","C0542518"
"3636","2","3","5","80","14","20","25","40","186","C0542518"
"1965","2","3","2","110","85","237","433","547","671","C0542518"
"3949","2","5","7","60","14","184","341","544","669","C0542518"
"715","2","5","7","53","51","119","395","549","674","C0542518"
"7389","2","3","2","17","24","51","132","210","123","C0542518"
"3265","2","5","7","60","54","24","30","46","72","C0542519"
"6638","2","3","2","22","33","323","66","101","136","C0542519"
"1528","2","3","5","91","214","271","372","471","586","C0542519"
"3117","2","5","7","53","153","119","156","287","116","C0542519"
"5745","2","5","4","68","96","326","427","548","672","C0542519"
"8200","2","5","7","53","51","342","259","423","389","C0542519"
"4292","2","3","12","19","31","261","116","1","86","C0542519"
"100288687","2","3","2","110","85","237","433","547","671","C0542519"
"7508","2","3","12","19","31","261","116","1","664","C0542519"
"3043","2","5","7","34","52","216","395","549","116","C0542519"
"51085","2","3","2","48","57","110","141","359","462","C0542519"
"6648","2","3","2","95","151","160","378","173","229","C0542519"
"54757","2","5","7","53","51","342","454","573","492","C0542519"
"2318","2","5","7","53","45","23","103","464","187","C0542519"
"51185","2","3","2","22","33","323","66","101","136","C0542519"
"51586","2","4","3","24","119","330","214","454","144","C0542519"
"5788","2","5","7","34","52","216","395","549","674","C0542519"
"1300","2","5","7","53","51","342","454","573","492","C0542519"
"5192","2","3","5","43","161","305","409","208","482","C0542519"
"55343","2","3","4","68","69","306","410","520","639","C0542519"
"4534","2","3","5","80","81","296","399","362","468","C0542519"
"5159","2","5","7","53","14","20","25","40","186","C0542519"
"6813","2","5","7","53","51","342","454","573","702","C0542519"
"8220","2","3","2","22","33","323","66","101","136","C0542519"
"8195","2","3","12","76","153","76","38","54","75","C0542519"
"2812","2","5","7","53","51","342","454","573","492","C0542519"
"5982","2","3","12","19","31","261","116","1","86","C0542519"
"5824","2","3","5","47","144","185","238","310","392","C0542519"
"23400","2","5","8","63","45","23","103","464","187","C0542519"
"25836","2","3","12","76","153","40","38","54","75","C0542519"
"1289","2","5","7","53","51","342","454","573","492","C0542519"
"7048","2","5","7","53","51","342","259","423","389","C0543541"
"1759","2","5","7","60","14","184","341","544","669","C0543541"
"2317","2","5","7","63","45","23","103","287","664","C0543541"
"50964","2","5","3","68","221","197","259","423","422","C0543541"
"2548","2","3","7","34","52","216","395","549","674","C0543541"
"8260","2","3","12","41","85","266","76","287","78","C0543541"
"2068","2","3","12","19","31","261","116","159","211","C0543541"
"3586","2","5","7","53","51","119","25","489","416","C0543541"
"9364","2","5","7","60","54","24","30","46","72","C0543541"
"4893","2","5","7","34","52","24","30","46","72","C0543541"
"10804","2","3","12","76","153","40","38","54","75","C0543541"
"2671","2","3","2","48","170","50","304","167","593","C0543541"
"10479","2","5","7","27","36","150","341","223","628","C0543859"
"2260","2","5","7","53","14","20","25","40","186","C0543859"
"3155","2","3","5","43","161","305","409","208","482","C0543888"
"2261","2","5","7","53","14","20","25","40","186","C0543888"
"8504","2","3","5","47","144","185","238","310","392","C0543888"
"27032","2","5","8","63","45","23","103","464","187","C0543888"
"9990","2","5","8","45","94","199","240","415","666","C0543888"
"114327","2","3","12","11","142","225","142","220","298","C0543888"
"7067","2","3","3","19","151","276","91","433","118","C0543888"
"2261","2","5","7","53","14","20","25","40","186","C0543888"
"8626","2","3","3","19","221","321","428","541","667","C0543888"
"4893","2","5","7","34","52","24","30","46","72","C0543888"
"5159","2","5","7","53","14","20","25","40","186","C0543888"
"2260","2","5","7","53","14","20","25","40","186","C0543888"
"10913","2","3","12","41","219","339","156","568","697","C0543888"
"26503","2","3","2","89","124","204","272","347","442","C0543888"
"1588","2","3","5","79","159","256","350","27","44","C0543888"
"3763","2","5","8","63","36","166","106","110","158","C0543888"
"4284","2","3","5","80","81","166","397","374","486","C0543888"
"2147","2","5","7","68","51","342","454","573","492","C0543888"
"658","2","5","7","53","51","342","259","423","389","C0543888"
"6261","2","5","8","63","45","23","34","464","187","C0543888"
"54101","2","3","2","48","170","50","347","167","593","C0543888"
"10140","2","3","12","19","31","198","261","146","118","C0543888"
"4125","2","3","7","34","52","216","395","549","674","C0543888"
"215","2","3","5","47","144","185","238","310","392","C0543888"
"185","2","5","4","68","96","326","427","548","672","C0543888"
"2668","2","5","7","53","14","20","25","40","186","C0543888"
"5449","2","3","3","19","221","321","428","541","667","C0544755"
"5831","2","3","2","101","62","189","182","566","409","C0544755"
"5189","2","3","5","43","161","305","409","208","482","C0544755"
"6499","2","3","2","110","85","237","433","547","671","C0544755"
"5290","2","3","7","53","14","20","25","40","186","C0544755"
"1535","2","5","7","34","52","216","395","549","674","C0544755"
"55670","2","3","5","43","161","305","409","208","482","C0544755"
"8878","2","3","12","41","219","339","156","568","697","C0544755"
"2121","2","3","12","41","116","268","434","568","605","C0544755"
"81622","2","3","2","48","219","50","156","444","697","C0544755"
"3576","2","5","4","68","96","326","427","548","672","C0544755"
"4803","2","5","7","60","54","24","30","46","72","C0544755"
"2146","2","3","12","19","31","1","426","55","78","C0544755"
"2033","2","3","12","19","31","1","91","433","118","C0544755"
"5116","2","3","12","76","153","40","38","54","75","C0544755"
"3000","2","5","4","68","96","326","427","548","672","C0544755"
"207","2","3","7","53","14","20","34","489","416","C0544755"
"2990","2","3","7","34","52","216","395","549","674","C0544755"
"3265","2","5","7","60","54","24","30","46","72","C0544755"
"4143","2","3","5","80","81","105","426","129","2","C0544755"
"4792","2","3","12","41","219","339","156","568","605","C0544755"
"1376","2","3","2","19","151","276","91","433","118","C0544755"
"948","2","5","7","34","52","216","91","433","702","C0544755"
"4671","2","3","12","41","219","339","156","568","697","C0544755"
"3248","2","3","2","69","83","133","167","224","301","C0544755"
"5290","2","3","7","53","14","20","25","40","186","C0544755"
"10693","2","3","12","76","137","76","136","472","435","C0544755"
"5626","2","3","3","19","221","321","428","541","667","C0544755"
"8200","2","5","7","53","51","342","259","423","389","C0544755"
"4791","2","3","12","41","219","339","156","568","697","C0544820"
"9588","2","3","7","34","52","216","395","173","229","C0544820"
"3694","2","5","7","53","51","342","454","573","492","C0544820"
"5605","2","5","7","53","14","20","34","540","68","C0544820"
"100","2","3","5","33","21","47","56","80","199","C0544820"
"5048","2","3","12","76","153","40","38","54","75","C0544820"
"207","2","3","7","53","14","20","34","489","416","C0544820"
"29089","2","3","12","41","116","268","434","468","213","C0544820"
"5077","2","3","3","19","221","321","428","541","667","C0544820"
"3586","2","5","7","53","51","119","25","489","416","C0544820"
"23461","2","3","5","47","144","185","238","310","392","C0544820"
"2950","2","5","7","34","52","216","395","549","674","C0544820"
"8260","2","3","12","41","85","266","76","287","78","C0544820"
"3690","2","5","7","53","51","342","454","573","492","C0544820"
"421","2","5","7","42","51","335","444","560","373","C0544820"
"79823","2","3","4","68","45","272","347","518","621","C0544820"
"5002","2","5","8","45","94","199","240","415","666","C0544820"
"4900","2","5","7","27","36","150","341","223","628","C0544966"
"25814","2","3","2","48","170","110","119","444","462","C0544966"
"113235","2","3","2","15","44","165","101","274","651","C0544966"
"5885","2","3","12","76","153","40","38","54","75","C0546125"
"25886","2","3","12","76","153","76","136","472","435","C0546125"
"7040","2","5","7","53","51","342","454","573","492","C0546125"
"3930","2","3","2","22","33","323","66","3","464","C0546125"
"7450","2","5","7","53","51","342","454","573","492","C0546125"
"478","2","3","8","63","45","23","366","464","187","C0546125"
"7538","2","3","2","22","33","323","66","101","136","C0546264"
"55131","2","3","2","110","85","237","433","547","671","C0546264"
"4313","2","5","7","53","51","342","454","573","492","C0546264"
"7038","2","5","7","60","18","184","98","66","203","C0546264"
"7298","2","3","12","76","153","40","38","54","75","C0546264"
"8200","2","5","7","53","51","342","259","423","389","C0546264"
"1272","2","5","7","53","51","335","444","236","373","C0546264"
"54567","2","5","7","53","51","143","428","236","667","C0546297"
"10518","2","3","2","22","170","50","119","444","556","C0546297"
"2208","2","5","7","53","51","119","25","489","416","C0546297"
"1028","2","3","12","19","31","1","116","1","86","C0546389"
"4771","2","5","7","60","36","71","177","64","215","C0546389"
"5422","2","3","12","19","31","261","116","1","86","C0546389"
"5624","2","5","7","53","51","342","454","573","492","C0546817"
"2073","2","3","12","19","31","261","116","1","86","C0546817"
"6611","2","3","2","58","55","25","46","329","198","C0546884"
"54880","2","3","12","19","31","1","426","55","78","C0546884"
"23314","2","3","3","19","221","321","428","541","667","C0546884"
"1041","2","1","6","11","142","225","142","220","298","C0546884"
"4214","2","3","12","41","219","339","34","540","117","C0546884"
"1414","2","5","6","11","45","160","362","177","673","C0546884"
"3694","2","5","7","53","51","342","454","573","492","C0546884"
"1969","2","5","7","53","14","20","25","560","186","C0546884"
"220296","2","5","7","53","51","119","444","549","674","C0546964"
"1356","2","3","7","53","51","342","454","573","492","C0546964"
"8892","2","3","2","110","85","237","433","547","671","C0546964"
"6335","2","5","8","63","36","166","341","390","158","C0546964"
"6576","2","3","2","45","94","199","240","569","666","C0546964"
"659","2","5","7","53","14","20","259","423","389","C0546964"
"207","2","3","7","53","14","20","34","489","416","C0546964"
"10019","2","5","7","53","14","20","25","40","116","C0546964"
"7504","2","5","4","68","96","326","427","548","672","C0546964"
"9791","2","3","8","45","94","199","240","415","666","C0546964"
"9622","2","5","7","68","51","119","395","549","674","C0546964"
"7056","2","5","7","53","51","119","454","573","492","C0546964"
"9227","2","3","2","69","51","101","126","170","224","C0546966"
"1145","2","5","8","27","70","99","162","216","290","C0546966"
"6311","2","3","2","22","33","323","66","362","468","C0546966"
"7174","2","3","12","41","116","268","434","468","213","C0546966"
"2263","2","5","7","53","14","20","25","40","186","C0546967"
"2312","2","1","6","11","142","225","142","220","298","C0546967"
"221037","2","3","12","19","31","118","155","287","116","C0546967"
"8517","2","3","12","41","219","339","156","568","697","C0546967"
"25923","2","3","2","48","184","50","119","444","116","C0546967"
"93986","2","3","12","19","221","321","428","541","667","C0546967"
"477","2","3","8","63","45","23","103","464","187","C0546967"
"169792","2","3","12","19","116","330","214","454","144","C0546967"
"3953","2","5","7","53","14","20","25","40","186","C0546967"
"2121","2","3","12","41","116","268","434","568","605","C0546967"
"673","2","5","7","53","14","20","34","540","68","C0546967"
"23483","2","3","2","28","191","306","143","452","258","C0546967"
"7001","2","3","5","80","81","110","141","359","229","C0546967"
"4137","2","3","7","27","36","150","341","223","628","C0546967"
"596","2","3","12","19","219","339","402","489","416","C0546967"
"7508","2","3","12","19","31","261","116","1","664","C0546967"
"2068","2","3","12","19","31","261","116","159","211","C0546967"
"6628","2","3","2","22","33","323","66","101","136","C0546967"
"3248","2","3","2","69","83","133","167","224","301","C0546967"
"2799","2","3","7","34","52","216","395","549","33","C0546967"
"368","2","3","12","41","116","268","423","536","445","C0546967"
"1829","2","1","6","11","142","225","142","220","298","C0546967"
"9469","2","3","2","103","189","303","29","475","467","C0546967"
"7305","2","5","7","34","52","216","395","549","674","C0546967"
"54714","2","5","8","63","36","166","106","110","158","C0546967"
"26580","2","5","8","27","70","99","162","216","290","C0546967"
"5318","2","1","6","11","142","225","142","220","298","C0546967"
"51447","2","3","12","53","184","119","156","287","116","C0546967"
"554","2","5","4","68","96","326","427","548","672","C0546968"
"10269","2","3","2","48","182","50","119","444","556","C0546968"
"8216","2","3","12","41","119","330","214","454","144","C0546969"
"4214","2","3","12","41","219","339","34","540","117","C0546969"
"8626","2","3","3","19","221","321","428","541","667","C0546969"
"3284","2","3","2","69","98","169","299","183","243","C0546969"
"5167","2","3","5","32","93","163","207","303","126","C0546969"
"7248","2","3","2","48","57","110","141","359","462","C0546969"
"8988","2","3","8","63","45","160","103","464","187","C0546969"
"23322","2","3","12","76","153","40","38","54","75","C0546969"
"1528","2","3","5","91","214","271","372","471","586","C0546969"
"7167","2","3","2","90","167","266","367","500","577","C0546969"
"3991","2","3","5","80","81","166","57","83","658","C0546969"
"7353","2","3","12","41","219","339","156","568","605","C0546969"
"4069","2","5","7","34","52","216","395","549","674","C0546969"
"10269","2","3","2","48","182","50","119","444","556","C0546969"
"9569","2","3","12","19","31","276","91","433","118","C0546969"
"10479","2","5","7","27","36","150","341","223","628","C0546969"
"1380","2","5","7","53","51","119","395","549","674","C0546969"
"5573","2","3","12","19","184","118","155","287","116","C0546969"
"3930","2","3","2","22","33","323","66","3","464","C0546969"
"6774","2","3","12","53","14","276","25","489","416","C0546969"
"11322","2","5","7","34","52","216","395","549","674","C0546969"
"4724","2","3","2","48","170","50","119","444","556","C0546969"
"291","2","3","2","48","170","50","304","167","593","C0546969"
"6821","2","3","5","114","211","332","175","556","256","C0546969"
"91942","2","3","2","48","170","50","119","444","556","C0546969"
"5896","2","3","12","41","116","268","434","568","605","C0546969"
"3977","2","5","7","53","51","119","25","40","416","C0546969"
"1499","2","3","12","19","221","197","259","560","422","C0548883"
"4256","2","5","7","53","51","342","454","573","492","C0548883"
"51259","2","3","2","76","153","40","38","54","75","C0549306"
"7043","2","5","7","53","51","342","454","573","492","C0549306"
"9939","2","3","2","22","33","323","66","101","136","C0549306"
"3418","2","3","2","67","151","276","33","48","155","C0549306"
"5626","2","3","3","19","221","321","428","541","667","C0549306"
"2176","2","3","12","19","31","261","116","1","86","C0549306"
"7461","2","3","7","60","153","40","38","93","75","C0549306"
"3066","2","3","12","19","31","1","426","55","78","C0549306"
"51626","2","3","12","76","153","40","38","54","75","C0549397"
"84522","2","3","2","48","170","50","119","444","155","C0549397"
"9401","2","3","12","76","31","261","116","1","86","C0549399"
"5573","2","3","12","19","184","118","155","287","116","C0549399"
"3756","2","5","8","63","36","166","106","110","158","C0549399"
"4352","2","5","7","53","14","20","25","40","186","C0549399"
"2815","2","5","7","53","51","342","454","573","492","C0549399"
"5741","2","5","4","68","96","326","427","548","672","C0549399"
"170302","2","3","3","19","221","321","428","541","667","C0549399"
"3557","2","3","12","41","219","339","156","568","697","C0549399"
"5243","2","3","12","41","116","268","423","536","445","C0549448"
"5325","2","3","12","19","31","198","261","146","118","C0549448"
"3643","2","5","7","53","14","20","25","40","186","C0549448"
"338","2","5","7","53","51","342","454","573","492","C0549448"
"2697","2","3","7","76","153","40","38","54","75","C0549448"
"6905","2","3","12","76","153","40","38","54","75","C0549448"
"6197","2","3","12","19","14","20","34","540","68","C0549463"
"5354","2","5","7","27","36","150","341","223","628","C0549463"
"7421","2","3","3","19","151","276","91","433","118","C0549473"
"6927","2","3","3","19","221","321","428","541","667","C0549473"
"5573","2","3","12","19","184","118","155","287","116","C0549473"
"5160","2","3","2","67","92","293","55","75","311","C0549473"
"135","2","5","4","68","96","326","427","548","672","C0549473"
"4000","2","3","12","26","105","178","226","297","156","C0549567"
"7020","2","3","12","19","31","276","91","433","664","C0549567"
"5190","2","3","5","43","161","305","409","208","482","C0549567"
"8653","2","3","12","110","85","237","136","472","127","C0549567"
"1437","2","5","7","53","14","20","25","40","186","C0549567"
"8820","2","3","3","19","221","321","428","541","667","C0549613"
"5743","2","3","5","53","175","119","167","489","416","C0549613"
"427","2","3","7","34","52","216","395","549","420","C0549613"
"7994","2","3","12","19","31","1","426","55","78","C0549613"
"3248","2","3","2","69","83","133","167","224","301","C0549613"
"7428","2","3","12","41","116","268","434","468","213","C0549613"
"1536","2","5","7","34","52","216","395","549","674","C0549613"
"2304","2","3","12","19","221","321","428","541","667","C0549613"
"6736","2","3","12","19","31","276","91","433","667","C0549613"
"133396","2","5","7","53","51","119","25","40","416","C0549613"
"6674","2","3","12","48","57","50","38","54","462","C0549613"
"5781","2","5","7","53","14","20","25","40","186","C0549613"
"6336","2","5","8","63","36","166","341","390","158","C0549613"
"5573","2","3","12","19","184","118","155","287","116","C0549613"
"1493","2","5","7","53","51","119","25","40","186","C0549613"
"596","2","3","12","19","219","339","402","489","416","C0549613"
"54903","2","3","12","76","153","40","38","54","75","C0553580"
"3586","2","5","7","53","51","119","25","489","416","C0553580"
"8777","2","5","7","42","36","71","177","223","219","C0553580"
"1585","2","3","5","79","159","256","351","100","589","C0553580"
"1947","2","5","7","53","51","20","25","560","373","C0553580"
"1813","2","5","4","68","96","326","427","548","672","C0553580"
"23169","2","3","2","78","205","112","430","429","544","C0553580"
"6094","2","3","2","27","83","326","126","414","702","C0553580"
"7015","2","3","12","19","31","1","426","55","78","C0553586"
"2065","2","5","7","53","14","20","25","40","186","C0553586"
"23236","2","3","4","68","96","326","427","548","672","C0553604"
"6770","2","5","7","27","36","273","341","100","589","C0553604"
"718","2","5","7","34","51","119","395","549","674","C0553681"
"1146","2","5","8","27","70","99","162","216","290","C0553681"
"1027","2","3","12","19","31","1","116","1","86","C0553681"
"3265","2","5","7","60","54","24","30","46","72","C0553681"
"8195","2","3","12","76","153","76","38","54","75","C0553692"
"7253","2","5","4","68","96","326","427","548","672","C0553692"
"8573","2","5","7","53","36","71","341","223","219","C0553692"
"6439","2","5","5","68","96","185","238","310","272","C0553692"
"5447","2","3","5","91","214","271","372","471","586","C0553692"
"867","2","5","7","53","14","184","25","40","669","C0553692"
"3265","2","5","7","60","54","24","30","46","72","C0553692"
"54332","2","3","2","60","170","40","98","66","203","C0553692"
"5727","2","3","12","68","221","197","259","560","422","C0553692"
"55135","2","3","12","76","137","76","136","472","435","C0553692"
"54209","2","5","7","53","51","119","395","549","674","C0553692"
"10743","2","3","3","19","151","276","91","433","118","C0553692"
"5648","2","5","7","53","51","119","395","549","674","C0553692"
"673","2","5","7","53","14","20","34","540","68","C0553692"
"7515","2","3","12","19","31","261","116","1","86","C0553706"
"7871","2","3","12","76","137","76","136","472","435","C0553706"
"1301","2","5","7","53","51","342","454","573","492","C0553706"
"25782","2","5","7","60","54","24","30","46","72","C0553706"
"3371","2","5","7","53","51","342","454","573","492","C0553706"
"2705","2","3","12","76","153","40","38","54","75","C0553706"
"23767","2","5","7","53","14","20","25","40","186","C0553706"
"22861","2","3","12","41","219","339","156","568","697","C0553706"
"1836","2","3","2","35","41","94","260","330","375","C0553706"
"23592","2","3","12","26","105","342","259","423","389","C0553706"
"2697","2","3","7","76","153","40","38","54","75","C0553706"
"23322","2","3","12","76","153","40","38","54","75","C0553706"
"9569","2","3","12","19","31","276","91","433","118","C0553706"
"25","2","3","12","19","14","20","25","287","116","C0553706"
"9469","2","3","2","103","189","303","29","475","467","C0553720"
"3861","2","1","6","11","142","225","142","220","298","C0553720"
"1836","2","3","2","35","41","94","260","330","375","C0553720"
"396","2","5","7","60","54","24","30","46","72","C0553720"
"2121","2","3","12","41","116","268","434","568","605","C0553720"
"2261","2","5","7","53","14","20","25","40","186","C0553723"
"3209","2","3","3","19","221","321","428","541","667","C0553723"
"2033","2","3","12","19","31","1","91","433","118","C0553723"
"11200","2","3","12","19","31","261","116","1","86","C0553723"
"4626","2","5","8","63","45","23","103","464","187","C0553723"
"5745","2","5","4","68","96","326","427","548","672","C0553723"
"4916","2","5","7","53","14","20","25","447","186","C0553723"
"26154","2","3","5","47","144","185","238","310","392","C0553723"
"54977","2","3","2","110","85","118","155","287","116","C0553723"
"26608","2","3","2","22","170","50","119","463","153","C0553723"
"7852","2","5","4","68","96","326","427","548","672","C0553723"
"2316","2","5","7","53","51","342","454","573","702","C0553730"
"3123","2","5","7","53","51","119","156","287","116","C0553730"
"196","2","3","3","19","151","276","91","433","118","C0553730"
"2624","2","3","12","19","31","1","155","287","116","C0553730"
"4882","2","3","4","68","96","326","427","548","672","C0553730"
"6690","2","5","7","68","51","119","395","549","674","C0553730"
"6916","2","3","5","91","175","119","167","224","301","C0553730"
"3675","2","5","7","53","51","342","454","573","492","C0553730"
"9343","2","3","2","22","33","323","66","101","136","C0553730"
"2317","2","5","7","63","45","23","103","287","664","C0553730"
"3848","2","5","7","34","52","225","142","220","298","C0553730"
"84560","2","5","6","27","184","261","116","287","116","C0553730"
"2796","2","5","4","68","96","326","427","548","672","C0553730"
"6595","2","3","12","19","31","1","426","55","78","C0553980"
"3251","2","3","4","68","96","326","427","341","150","C0553980"
"5894","2","5","7","60","54","23","34","464","187","C0553980"
"11005","2","1","6","11","142","225","142","220","298","C0553980"
"5626","2","3","3","19","221","321","428","541","667","C0553980"
"2706","2","3","12","76","153","40","38","54","75","C0553980"
"1759","2","5","7","60","14","184","341","544","669","C0553980"
"2253","2","5","7","53","14","20","25","40","186","C0553980"
"8815","2","3","12","22","33","323","66","444","664","C0553980"
"4633","2","5","8","63","45","23","103","464","187","C0553980"
"3028","2","3","2","67","92","152","32","252","154","C0553982"
"673","2","5","7","53","14","20","34","540","68","C0553982"
"8818","2","3","2","61","77","142","176","280","363","C0553982"
"275","2","3","5","106","104","214","70","377","488","C0553982"
"8085","2","3","12","19","31","1","426","55","78","C0553982"
"7169","2","5","8","63","45","23","103","464","187","C0553982"
"2263","2","5","7","53","14","20","25","40","186","C0553982"
"860","2","3","12","19","31","276","91","433","118","C0553982"
"860","2","3","12","19","31","276","91","433","118","C0553982"
"9968","2","4","3","24","119","330","214","454","144","C0553982"
"1758","2","5","7","53","51","342","454","573","492","C0553982"
"3265","2","5","7","60","54","24","30","46","72","C0553982"
"1812","2","5","4","68","96","326","427","548","672","C0553982"
"6566","2","3","2","67","37","316","422","535","660","C0553982"
"5447","2","3","5","91","214","271","372","471","586","C0553982"
"10743","2","3","3","19","151","276","91","433","118","C0553982"
"7422","2","5","7","53","51","342","454","573","702","C0554101"
"9897","2","3","12","76","18","75","38","1","212","C0554101"
"5604","2","5","7","53","14","20","34","540","68","C0554101"
"1723","2","3","2","48","170","50","119","444","556","C0554101"
"4703","2","5","7","60","45","23","103","464","187","C0554101"
"3718","2","5","7","53","14","20","25","40","186","C0554101"
"5734","2","5","4","68","96","326","427","548","672","C0554101"
"25","2","3","12","19","14","20","25","287","116","C0554101"
"860","2","3","12","19","31","276","91","433","118","C0554101"
"6285","2","5","7","41","219","339","156","568","697","C0554101"
"6885","2","3","12","41","219","339","156","568","697","C0554101"
"1834","2","5","7","53","51","342","454","573","492","C0554101"
"931","2","5","7","53","14","119","156","287","116","C0554101"
"6647","2","3","2","95","2","342","378","173","702","C0554101"
"4703","2","5","7","60","45","23","103","464","187","C0554101"
"7439","2","5","8","63","45","23","34","464","187","C0554101"
"4593","2","5","7","53","14","20","454","573","492","C0554103"
"1717","2","3","2","19","151","276","48","69","204","C0554103"
"5130","2","3","2","85","143","286","51","488","102","C0554103"
"2673","2","3","2","110","94","178","226","297","380","C0554103"
"4322","2","5","7","53","51","342","454","573","492","C0554103"
"6017","2","3","2","69","83","101","126","170","224","C0556385"
"7046","2","3","12","41","219","339","259","423","605","C0556385"
"7473","2","5","3","68","221","197","259","560","422","C0556385"
"5130","2","3","2","85","143","286","51","488","102","C0558165"
"21","2","3","5","47","144","185","238","310","272","C0558165"
"4893","2","5","7","34","52","24","30","46","72","C0558165"
"54187","2","3","5","80","81","296","272","452","148","C0558165"
"5311","2","5","8","63","45","166","306","390","158","C0558165"
"4683","2","3","12","19","31","261","116","1","86","C0558165"
"7299","2","3","5","23","18","138","250","332","407","C0558165"
"3000","2","5","4","68","96","326","427","548","672","C0558165"
"1277","2","5","7","53","51","342","454","573","492","C0558165"
"2176","2","3","12","19","31","261","116","1","86","C0558165"
"477","2","3","8","63","45","23","103","464","187","C0558165"
"3569","2","5","7","53","51","342","454","573","416","C0558165"
"8890","2","3","2","110","85","237","433","547","671","C0558165"
"2879","2","3","5","80","81","166","378","173","229","C0558165"
"2261","2","5","7","53","14","20","25","40","186","C0558242"
"6299","2","3","12","19","221","321","428","541","667","C0558242"
"6696","2","5","7","53","51","342","454","573","492","C0558242"
"23218","2","5","7","34","52","216","395","549","674","C0558242"
"4907","2","3","5","80","81","296","62","94","150","C0558242"
"29925","2","3","2","68","66","123","158","207","278","C0558242"
"3081","2","3","2","91","51","3","267","308","429","C0558242"
"7385","2","3","2","48","170","50","119","514","85","C0558242"
"2737","2","3","12","19","116","321","428","54","667","C0558242"
"1758","2","5","7","53","51","342","454","573","492","C0558242"
"7157","2","3","12","19","31","261","402","489","551","C0558845"
"54567","2","5","7","53","51","143","428","236","667","C0558845"
"8642","2","5","7","53","51","335","444","560","373","C0558845"
"7020","2","3","12","19","31","276","91","433","664","C0558845"
"4000","2","3","12","26","105","178","226","297","156","C0558845"
"4214","2","3","12","41","219","339","34","540","117","C0558845"
"1280","2","5","7","53","51","342","454","573","492","C0558845"
"10516","2","5","7","53","51","342","454","573","492","C0558845"
"7849","2","3","3","19","221","321","428","541","667","C0560346"
"54790","2","3","12","19","31","1","426","55","78","C0560346"
"6575","2","3","8","45","94","199","240","415","666","C0560346"
"29089","2","3","12","41","116","268","434","468","213","C0560346"
"5824","2","3","5","47","144","185","238","310","392","C0560346"
"6689","2","3","12","19","31","276","91","433","118","C0560346"
"2548","2","3","7","34","52","216","395","549","674","C0560346"
"54361","2","5","3","68","221","197","259","560","422","C0563243"
"57165","2","3","12","76","153","40","38","54","75","C0563243"
"3756","2","5","8","63","36","166","106","110","158","C0563243"
"176","2","5","7","53","51","342","454","573","492","C0563243"
"4882","2","3","4","68","96","326","427","548","672","C0563243"
"9733","2","3","2","22","33","323","66","101","136","C0563243"
"5824","2","3","5","47","144","185","238","310","392","C0563243"
"8200","2","5","7","53","51","342","259","423","389","C0563243"
"7072","2","3","2","22","33","323","66","101","136","C0563243"
"2261","2","5","7","53","14","20","25","40","186","C0563243"
"1906","2","5","4","68","96","326","427","548","672","C0563243"
"6885","2","3","12","41","219","339","156","568","697","C0563449"
"4683","2","3","12","19","31","261","116","1","86","C0563449"
"10269","2","3","2","48","182","50","119","444","556","C0563449"
"2719","2","5","7","53","51","342","454","573","492","C0563449"
"6774","2","3","12","53","14","276","25","489","416","C0564408"
"54903","2","3","12","76","153","40","38","54","75","C0564408"
"10262","2","3","2","22","33","323","66","101","136","C0564408"
"4089","2","3","12","19","219","339","259","423","605","C0564408"
"3508","2","3","12","19","31","261","116","1","86","C0564408"
"1293","2","5","7","53","51","342","454","573","492","C0564408"
"7415","2","3","7","34","52","216","395","536","445","C0566602"
"54101","2","3","2","48","170","50","347","167","593","C0566602"
"355","2","3","7","41","219","339","156","568","697","C0566602"
"1586","2","3","5","79","98","256","335","425","540","C0566693"
"4591","2","3","12","41","116","268","434","468","213","C0566693"
"2623","2","3","12","19","31","1","155","287","116","C0566694"
"5189","2","3","5","43","161","305","409","208","482","C0566694"
"6608","2","3","3","68","221","321","428","560","667","C0566694"
"6039","2","5","7","34","52","216","395","549","674","C0566694"
"9445","2","3","12","19","31","1","426","55","78","C0566888"
"3265","2","5","7","60","54","24","30","46","72","C0566888"
"6647","2","3","2","95","2","342","378","173","702","C0566888"
"5728","2","3","5","80","81","339","156","568","605","C0566888"
"23462","2","3","12","19","31","143","428","236","667","C0566888"
"2178","2","3","12","19","31","261","116","1","86","C0566888"
"1375","2","3","2","67","92","293","55","75","205","C0566899"
"6891","2","3","12","41","116","119","156","568","116","C0566899"
"10815","2","5","7","60","36","71","341","223","666","C0566899"
"7351","2","3","2","20","29","98","123","166","221","C0566899"
"6908","2","3","12","19","31","1","116","159","211","C0566899"
"2030","2","3","5","80","81","296","62","94","150","C0566899"
"4068","2","5","7","53","51","119","25","549","674","C0566899"
"3106","2","5","7","34","52","119","395","549","674","C0566899"
"1145","2","5","8","27","70","99","162","216","290","C0566899"
"7291","2","3","12","19","151","276","91","489","416","C0566899"
"5468","2","3","3","19","151","276","91","433","118","C0566899"
"653361","2","5","7","60","14","20","25","40","215","C0566899"
"2645","2","3","2","90","167","266","367","101","664","C0566899"
"3717","2","5","7","53","14","20","25","40","186","C0566899"
"9841","2","3","6","11","142","225","142","220","298","C0566899"
"3458","2","5","7","53","184","119","156","287","116","C0566899"
"200879","2","3","5","116","183","295","398","552","622","C0574769"
"9531","2","3","12","41","219","339","347","271","356","C0574769"
"3953","2","5","7","53","14","20","25","40","186","C0574769"
"1029","2","3","12","19","31","1","116","1","664","C0574769"
"10585","2","5","2","27","206","324","430","215","290","C0574769"
"1584","2","3","5","79","159","256","276","353","456","C0575059"
"23347","2","3","12","41","116","268","434","468","213","C0575059"
"1161","2","3","12","41","116","268","434","468","213","C0575059"
"11200","2","3","12","19","31","261","116","1","86","C0575059"
"5336","2","3","7","53","14","20","25","40","215","C0575059"
"4261","2","3","12","53","184","119","156","287","116","C0575059"
"2175","2","3","12","19","31","261","116","1","86","C0575059"
"23090","2","3","12","19","151","276","91","433","118","C0575059"
"940","2","5","7","53","14","20","25","40","186","C0575059"
"5745","2","5","4","68","96","326","427","548","672","C0575059"
"9343","2","3","2","22","33","323","66","101","136","C0575059"
"4000","2","3","12","26","105","178","226","297","156","C0575059"
"29899","2","5","4","68","96","326","427","548","672","C0575071"
"5156","2","5","7","53","14","20","25","40","186","C0575071"
"7084","2","3","2","72","109","115","62","268","353","C0575071"
"5077","2","3","3","19","221","321","428","541","667","C0575071"
"3481","2","5","7","53","51","342","454","573","492","C0575071"
"1280","2","5","7","53","51","342","454","573","492","C0575071"
"23600","2","3","5","80","81","305","409","208","482","C0575071"
"10083","2","5","7","42","36","71","177","223","219","C0575071"
"1356","2","3","7","53","51","342","454","573","492","C0575071"
"3853","2","1","6","11","142","225","142","220","298","C0575071"
"2778","2","5","4","68","96","326","427","548","672","C0575071"
"4998","2","3","12","76","31","261","116","1","86","C0575071"
"374654","2","3","12","76","153","40","38","54","75","C0575071"
"4594","2","3","7","48","92","261","116","186","245","C0575071"
"10019","2","5","7","53","14","20","25","40","116","C0575071"
"6655","2","5","7","60","54","24","30","46","72","C0575071"
"4514","2","3","2","48","57","110","141","359","5","C0575071"
"2132","2","3","2","74","58","112","148","193","263","C0575071"
"3845","2","5","7","60","54","24","30","46","72","C0575071"
"9632","2","3","7","60","153","40","38","54","203","C0575071"
"10555","2","3","7","34","52","216","395","549","622","C0575071"
"4948","2","5","8","63","45","23","250","464","187","C0575071"
"3284","2","3","2","69","98","169","299","183","243","C0575071"
"25782","2","5","7","60","54","24","30","46","72","C0575071"
"54903","2","3","12","76","153","40","38","54","75","C0575167"
"3617","2","5","7","86","221","321","454","311","518","C0575167"
"6790","2","3","12","76","153","40","34","540","68","C0575167"
"3636","2","3","5","80","14","20","25","40","186","C0575167"
"6336","2","5","8","63","36","166","341","390","158","C0575167"
"1586","2","3","5","79","98","256","335","425","540","C0575167"
"1282","2","5","7","53","51","342","454","573","492","C0575167"
"4041","2","5","3","68","221","197","259","560","422","C0575167"
"3543","2","5","7","53","51","119","395","549","674","C0575167"
"6794","2","3","12","53","14","20","34","540","68","C0575167"
"554","2","5","4","68","96","326","427","548","672","C0575167"
"7428","2","3","12","41","116","268","434","468","213","C0575167"
"5194","2","3","5","43","161","305","409","208","482","C0575167"
"4313","2","5","7","53","51","342","454","573","492","C0575167"
"7076","2","5","7","53","51","342","454","573","492","C0575167"
"2316","2","5","7","53","51","342","454","573","702","C0575167"
"23384","2","3","12","63","45","184","103","572","658","C0575167"
"595","2","3","12","19","31","1","426","489","416","C0575167"
"1200","2","3","5","80","81","178","226","297","380","C0575167"
"5885","2","3","12","76","153","40","38","54","75","C0575170"
"2778","2","5","4","68","96","326","427","548","672","C0575170"
"4920","2","5","7","53","14","20","259","560","373","C0575497"
"857","2","5","7","53","45","23","57","83","422","C0575497"
"10128","2","3","2","48","170","50","119","444","556","C0575497"
"1756","2","5","8","63","45","23","103","464","187","C0575497"
"2243","2","5","7","53","51","342","454","573","492","C0575497"
"2690","2","5","7","53","14","20","25","40","186","C0575535"
"2138","2","3","12","19","31","1","426","55","78","C0575535"
"10484","2","3","7","60","153","40","38","54","203","C0575535"
"6662","2","3","3","19","221","321","428","541","667","C0575535"
"4321","2","5","7","53","51","342","454","573","492","C0575803"
"958","2","5","7","53","51","119","156","568","697","C0575803"
"4524","2","3","2","15","166","104","369","117","583","C0575897"
"26608","2","3","2","22","170","50","119","463","153","C0575897"
"6324","2","5","7","63","36","166","341","223","158","C0575897"
"5159","2","5","7","53","14","20","25","40","186","C0576225"
"3425","2","3","5","80","81","166","454","573","492","C0576225"
"930","2","5","7","53","14","119","25","40","186","C0576225"
"1896","2","5","12","41","219","339","156","568","697","C0576225"
"4882","2","3","4","68","96","326","427","548","672","C0576225"
"275","2","3","5","106","104","214","70","377","488","C0576225"
"6017","2","3","2","69","83","101","126","170","224","C0576225"
"4688","2","5","7","60","14","20","25","40","215","C0576225"
"4538","2","3","2","48","170","50","119","444","556","C0576227"
"5925","2","3","12","19","31","1","426","55","78","C0576227"
"1586","2","3","5","79","98","256","335","425","540","C0576227"
"1027","2","3","12","19","31","1","116","1","86","C0576860"
"5728","2","3","5","80","81","339","156","568","605","C0576860"
"658","2","5","7","53","51","342","259","423","389","C0576860"
"5116","2","3","12","76","153","40","38","54","75","C0576860"
"2038","2","5","7","11","142","225","142","220","116","C0576860"
"5428","2","3","2","48","170","50","119","167","593","C0576860"
"3785","2","5","8","63","36","166","106","110","158","C0576860"
"7043","2","5","7","53","51","342","454","573","492","C0576860"
"3651","2","3","3","19","221","321","428","541","667","C0576860"
"126328","2","3","2","48","170","50","119","444","556","C0576860"
"5179","2","5","4","68","96","326","427","548","672","C0576860"
"1584","2","3","5","79","159","256","276","353","456","C0576860"
"2071","2","3","12","19","31","261","116","159","211","C0576860"
"2176","2","3","12","19","31","261","116","1","86","C0578531"
"5495","2","3","12","41","219","339","347","287","664","C0578531"
"1482","2","3","3","19","221","321","428","541","667","C0578626"
"3295","2","3","5","43","161","305","409","208","482","C0578626"
"1673","2","5","9","70","100","238","332","420","536","C0578626"
"26277","2","3","12","19","31","1","426","1","78","C0578626"
"4692","2","5","7","53","51","119","402","489","416","C0578626"
"1134","2","5","8","27","70","99","162","216","290","C0578626"
"1954","2","5","7","53","51","342","454","573","492","C0578626"
"6311","2","3","2","22","33","323","66","362","468","C0578626"
"1280","2","5","7","53","51","342","454","573","492","C0578626"
"2626","2","3","12","19","31","118","155","287","116","C0578626"
"54968","2","3","2","48","170","50","119","444","556","C0578626"
"4125","2","3","7","34","52","216","395","549","674","C0578626"
"760","2","3","5","35","41","77","40","78","178","C0578626"
"2517","2","3","7","34","52","216","395","549","674","C0578626"
"128178","2","3","12","41","219","339","156","568","697","C0578626"
"1437","2","5","7","53","14","20","25","40","186","C0578626"
"50964","2","5","3","68","221","197","259","423","422","C0578626"
"10280","2","3","2","110","85","52","57","86","119","C0578682"
"3082","2","5","7","53","51","342","25","40","186","C0578682"
"11152","2","3","2","48","57","110","141","359","462","C0578682"
"5314","2","3","12","76","153","40","38","54","75","C0578682"
"2629","2","3","5","80","81","250","291","152","420","C0578682"
"9990","2","5","8","45","94","199","240","415","666","C0578682"
"10269","2","3","2","48","182","50","119","444","556","C0578682"
"23729","2","3","2","90","167","148","36","51","383","C0578682"
"3425","2","3","5","80","81","166","454","573","492","C0578682"
"2261","2","5","7","53","14","20","25","40","186","C0578682"
"5621","2","5","8","27","36","342","454","573","628","C0578682"
"3717","2","5","7","53","14","20","25","40","186","C0578682"
"7469","2","3","12","19","31","261","116","159","211","C0578682"
"1832","2","5","7","34","52","225","142","220","298","C0578878"
"5443","2","5","4","68","96","326","427","548","672","C0578878"
"3339","2","5","7","53","51","342","454","573","492","C0578878"
"7466","2","5","7","53","51","342","454","573","492","C0581342"
"2902","2","5","7","60","14","20","341","223","219","C0581342"
"58","2","5","8","63","45","23","103","464","187","C0581342"
"5155","2","5","7","53","51","342","454","573","186","C0581342"
"9496","2","5","6","11","142","225","142","220","673","C0581342"
"9217","2","3","2","50","47","39","100","321","255","C0581342"
"8312","2","3","12","41","219","339","156","568","605","C0581342"
"3014","2","3","12","19","31","1","426","55","78","C0581342"
"3549","2","5","3","53","51","197","259","560","422","C0581342"
"5156","2","5","7","53","14","20","25","40","186","C0581342"
"51004","2","3","5","48","74","135","171","227","63","C0581342"
"7169","2","5","8","63","45","23","103","464","187","C0581342"
"5015","2","3","3","19","221","321","428","541","667","C0581342"
"5428","2","3","2","48","170","50","119","167","593","C0581342"
"2296","2","3","3","19","221","321","428","541","667","C0581342"
"10225","2","5","7","53","51","119","395","549","674","C0581342"
"2317","2","5","7","63","45","23","103","287","664","C0581342"
"2074","2","3","12","19","31","1","426","55","78","C0581342"
"5743","2","3","5","53","175","119","167","489","416","C0581342"
"4613","2","3","12","19","31","1","426","55","78","C0581342"
"4893","2","5","7","34","52","24","30","46","72","C0581342"
"540","2","5","8","63","45","23","103","464","187","C0581342"
"1497","2","5","2","63","182","50","103","297","628","C0581342"
"5159","2","5","7","53","14","20","25","40","186","C0581342"
"2332","2","3","2","22","33","71","373","466","609","C0581342"
"9569","2","3","12","19","31","276","91","433","118","C0581342"
"3295","2","3","5","43","161","305","409","208","482","C0581342"
"5251","2","3","5","80","81","296","474","593","722","C0581342"
"5449","2","3","3","19","221","321","428","541","667","C0581354"
"4763","2","5","7","60","54","24","30","46","214","C0581354"
"5660","2","5","7","34","52","326","427","548","702","C0581354"
"50939","2","3","12","76","153","40","38","472","435","C0581354"
"3594","2","5","7","53","51","119","25","560","373","C0581354"
"6013","2","3","4","32","96","326","427","548","672","C0581354"
"7039","2","3","12","19","31","1","426","55","203","C0581354"
"9927","2","3","12","19","31","118","155","287","116","C0581354"
"4668","2","3","5","21","111","188","242","313","396","C0581354"
"3569","2","5","7","53","51","342","454","573","416","C0581354"
"9927","2","3","12","19","31","118","155","287","116","C0581354"
"3664","2","5","7","53","184","119","156","287","116","C0581354"
"10919","2","3","12","19","31","1","426","55","78","C0581354"
"3763","2","5","8","63","36","166","106","110","158","C0581354"
"4541","2","3","2","48","170","50","119","444","24","C0581354"
"9896","2","3","5","80","81","296","399","201","274","C0581354"
"1280","2","5","7","53","51","342","454","573","492","C0581354"
"23171","2","3","5","116","183","295","398","552","622","C0581354"
"7474","2","5","3","68","221","184","259","544","669","C0581354"
"959","2","5","7","53","51","119","395","549","674","C0581354"
"1294","2","5","7","53","51","342","454","573","492","C0581354"
"1513","2","5","7","53","51","342","454","573","492","C0581354"
"54345","2","5","3","19","221","321","428","541","667","C0581381"
"5745","2","5","4","68","96","326","427","548","672","C0581381"
"1621","2","3","5","53","51","239","333","422","537","C0581381"
"3559","2","5","7","53","14","20","25","40","186","C0581381"
"686","2","3","5","80","81","166","166","127","173","C0581381"
"4488","2","3","3","19","221","321","428","541","667","C0581381"
"2131","2","3","2","74","58","112","148","181","416","C0581381"
"7490","2","3","3","19","221","321","428","541","667","C0581381"
"1301","2","5","7","53","51","342","454","573","492","C0581381"
"9782","2","3","2","22","33","323","66","101","136","C0581381"
"1134","2","5","8","27","70","99","162","216","290","C0581381"
"2068","2","3","12","19","31","261","116","159","211","C0581381"
"7140","2","5","8","63","45","23","103","464","187","C0581381"
"2629","2","3","5","80","81","250","291","152","420","C0581381"
"11277","2","3","12","19","31","261","116","1","86","C0581381"
"5332","2","3","4","68","96","326","427","548","672","C0581381"
"2253","2","5","7","53","14","20","25","40","186","C0581381"
"2071","2","3","12","19","31","261","116","159","211","C0581381"
"8328","2","3","12","19","31","1","426","55","78","C0581381"
"1374","2","3","2","19","151","276","91","433","118","C0581381"
"10516","2","5","7","53","51","342","454","573","492","C0581381"
"23586","2","3","12","41","219","339","156","568","605","C0581391"
"8626","2","3","3","19","221","321","428","541","667","C0581391"
"3767","2","5","8","63","36","166","106","110","158","C0584837"
"857","2","5","7","53","45","23","57","83","422","C0584837"
"2006","2","5","7","53","51","342","454","573","492","C0584837"
"3718","2","5","7","53","14","20","25","40","186","C0584837"
"1594","2","3","5","92","163","96","363","460","487","C0584837"
"1717","2","3","2","19","151","276","48","69","204","C0584837"
"7124","2","3","12","41","219","339","156","568","697","C0584837"
"860","2","3","12","19","31","276","91","433","118","C0584837"
"6519","2","3","5","45","94","199","240","415","666","C0584837"
"5080","2","3","3","19","221","321","428","541","667","C0584837"
"5076","2","3","3","19","221","321","428","541","667","C0584837"
"5932","2","3","12","19","31","261","116","1","86","C0586323"
"5075","2","3","3","19","221","321","428","541","667","C0586323"
"4860","2","3","7","34","52","216","395","549","150","C0586553"
"4160","2","5","4","68","96","326","427","548","672","C0586553"
"1528","2","3","5","91","214","271","372","471","586","C0586553"
"2218","2","5","2","53","123","194","255","560","373","C0586553"
"3257","2","5","7","60","54","24","30","46","72","C0586553"
"51308","2","2","1","9","15","21","28","42","62","C0586553"
"1836","2","3","2","35","41","94","260","330","375","C0586553"
"1280","2","5","7","53","51","342","454","573","492","C0586553"
"5617","2","5","12","19","31","1","426","55","78","C0587246"
"1355","2","3","2","48","170","50","119","444","556","C0587246"
"10269","2","3","2","48","182","50","119","444","556","C0587246"
"2629","2","3","5","80","81","250","291","152","420","C0587246"
"1493","2","5","7","53","51","119","25","40","186","C0587246"
"1280","2","5","7","53","51","342","454","573","492","C0587246"
"6609","2","3","5","105","155","250","291","152","420","C0587246"
"5167","2","3","5","32","93","163","207","303","126","C0587246"
"7473","2","5","3","68","221","197","259","560","422","C0587246"
"2316","2","5","7","53","51","342","454","573","702","C0587246"
"25782","2","5","7","60","54","24","30","46","72","C0587246"
"857","2","5","7","53","45","23","57","83","422","C0587246"
"27241","2","3","12","76","153","76","38","54","75","C0587246"
"1524","2","5","4","68","96","326","427","548","672","C0587246"
"7001","2","3","5","80","81","110","141","359","229","C0587246"
"7157","2","3","12","19","31","261","402","489","551","C0587246"
"5158","2","3","4","68","45","272","259","518","621","C0587246"
"3689","2","5","7","34","52","216","395","549","674","C0587246"
"4582","2","5","7","53","206","324","430","429","544","C0587246"
"2146","2","3","12","19","31","1","426","55","78","C0587246"
"1717","2","3","2","19","151","276","48","69","204","C0587246"
"3593","2","5","7","53","51","119","25","489","416","C0587248"
"2260","2","5","7","53","14","20","25","40","186","C0587248"
"4313","2","5","7","53","51","342","454","573","492","C0587248"
"1593","2","3","5","79","152","273","157","333","277","C0587248"
"6165","2","3","2","110","85","237","433","547","671","C0587248"
"51360","2","3","3","26","35","276","91","433","203","C0587248"
"7469","2","3","12","19","31","261","116","159","211","C0588008"
"10436","2","3","2","110","85","237","433","547","671","C0588008"
"2316","2","5","7","53","51","342","454","573","702","C0588008"
"5333","2","3","5","18","16","40","417","103","58","C0588008"
"64175","2","5","7","53","51","342","454","573","492","C0588008"
"2717","2","3","7","34","52","216","395","549","674","C0588008"
"6595","2","3","12","19","31","1","426","55","78","C0595901"
"10491","2","5","7","53","51","342","454","573","492","C0595901"
"54101","2","3","2","48","170","50","347","167","593","C0595901"
"5351","2","5","7","53","51","342","454","573","492","C0595901"
"9321","2","3","12","76","153","40","38","54","203","C0595901"
"1289","2","5","7","53","51","342","454","573","492","C0595901"
"2896","2","5","7","34","52","216","395","549","674","C0595929"
"6314","2","3","12","19","31","1","426","568","78","C0595929"
"182","2","5","7","53","51","143","428","236","667","C0595929"
"8891","2","3","2","110","85","237","433","547","671","C0595929"
"2153","2","5","7","53","51","342","454","573","492","C0595929"
"5354","2","5","7","27","36","150","341","223","628","C0595929"
"5111","2","3","12","19","31","261","116","1","86","C0595929"
"4790","2","3","7","34","52","216","166","129","697","C0595929"
"6708","2","5","7","60","14","20","25","40","186","C0595929"
"23461","2","3","5","47","144","185","238","310","392","C0595929"
"4141","2","3","2","110","85","237","433","547","154","C0595929"
"6491","2","3","12","76","153","40","38","54","75","C0595929"
"22868","2","3","2","48","182","67","76","463","153","C0595929"
"3476","2","3","12","76","137","76","136","472","435","C0595929"
"871","2","5","7","53","51","342","454","573","492","C0595929"
"1482","2","3","3","19","221","321","428","541","667","C0595929"
"55636","2","3","3","19","221","321","428","423","389","C0595929"
"3339","2","5","7","53","51","342","454","573","492","C0595929"
"2990","2","3","7","34","52","216","395","549","674","C0595929"
"9361","2","3","2","48","170","50","119","444","556","C0595929"
"2645","2","3","2","90","167","266","367","101","664","C0595929"
"9343","2","3","2","22","33","323","66","101","136","C0595929"
"8626","2","3","3","19","221","321","428","541","667","C0595939"
"3040","2","5","5","53","51","342","40","78","178","C0595939"
"8200","2","5","7","53","51","342","259","423","389","C0595939"
"1278","2","5","7","53","51","342","454","573","492","C0595939"
"2697","2","3","7","76","153","40","38","54","75","C0595939"
"2073","2","3","12","19","31","261","116","1","86","C0595939"
"54790","2","3","12","19","31","1","426","55","78","C0595939"
"207","2","3","7","53","14","20","34","489","416","C0595939"
"3758","2","5","8","63","36","166","106","110","158","C0595939"
"207","2","3","7","53","14","20","34","489","416","C0595939"
"2071","2","3","12","19","31","261","116","159","211","C0595939"
"9049","2","3","3","41","151","276","378","271","356","C0595939"
"57216","2","3","12","41","116","268","259","568","422","C0595939"
"2110","2","3","2","48","170","50","119","444","556","C0595939"
"2006","2","5","7","53","51","342","454","573","492","C0595939"
"2201","2","5","7","53","51","342","454","573","492","C0595939"
"5116","2","3","12","76","153","40","38","54","75","C0595939"
"5604","2","5","7","53","14","20","34","540","68","C0595948"
"4893","2","5","7","34","52","24","30","46","72","C0595948"
"6853","2","5","7","27","36","150","341","223","628","C0595948"
"4843","2","3","5","43","161","305","409","489","416","C0595948"
"3762","2","5","8","63","36","166","106","110","158","C0595948"
"7373","2","5","7","53","51","342","454","573","492","C0595989"
"25886","2","3","12","76","153","76","136","472","435","C0595989"
"5339","2","5","7","53","51","342","454","573","492","C0596263"
"2033","2","3","12","19","31","1","91","433","118","C0596263"
"1029","2","3","12","19","31","1","116","1","664","C0596263"
"5529","2","3","12","76","153","40","38","54","75","C0596263"
"5781","2","5","7","53","14","20","25","40","186","C0596263"
"2706","2","3","12","76","153","40","38","54","75","C0596263"
"7439","2","5","8","63","45","23","34","464","187","C0596263"
"5896","2","3","12","41","116","268","434","568","605","C0597167"
"10232","2","5","7","53","51","342","454","573","492","C0597167"
"55062","2","3","2","48","57","110","141","359","462","C0597167"
"6948","2","5","7","48","51","105","139","186","245","C0597167"
"265","2","5","7","53","51","342","454","573","492","C0597167"
"5831","2","3","2","101","62","189","182","566","409","C0597167"
"3040","2","5","5","53","51","342","40","78","178","C0597167"
"5654","2","5","7","53","51","342","454","573","492","C0597167"
"359","2","3","5","80","81","166","397","374","486","C0597167"
"1837","2","5","8","63","45","23","103","464","187","C0597167"
"8517","2","3","12","41","219","339","156","568","697","C0597167"
"3479","2","5","7","53","51","342","454","573","492","C0598275"
"4000","2","3","12","26","105","178","226","297","156","C0598275"
"3115","2","5","7","53","184","119","156","287","116","C0598275"
"7841","2","3","2","41","116","178","423","536","445","C0598275"
"973","2","5","7","53","14","20","25","40","186","C0598275"
"3930","2","3","2","22","33","323","66","3","464","C0598275"
"10686","2","5","6","42","36","71","177","64","219","C0598275"
"2317","2","5","7","63","45","23","103","287","664","C0598275"
"51715","2","5","7","60","54","24","30","46","72","C0598608"
"5251","2","3","5","80","81","296","474","593","722","C0598608"
"51151","2","3","5","23","18","138","250","332","407","C0598608"
"23090","2","3","12","19","151","276","91","433","118","C0598608"
"107","2","5","4","68","96","326","427","548","672","C0598608"
"1581","2","3","5","19","151","276","91","433","118","C0598608"
"9031","2","3","12","19","31","1","426","55","78","C0598608"
"2273","2","5","8","63","45","23","103","464","187","C0598608"
"356","2","5","7","53","219","339","25","489","697","C0598608"
"6390","2","3","2","48","170","50","119","444","556","C0598608"
"3930","2","3","2","22","33","323","66","3","464","C0598608"
"10518","2","3","2","22","170","50","119","444","556","C0599035"
"8671","2","5","8","45","94","199","240","415","666","C0599035"
"55670","2","3","5","43","161","305","409","208","482","C0600031"
"5184","2","3","5","80","81","166","52","105","349","C0600031"
"4540","2","3","2","48","170","50","119","444","556","C0600031"
"4728","2","3","2","48","170","50","119","444","556","C0600031"
"29978","2","5","7","60","116","268","341","544","669","C0600031"
"1836","2","3","2","35","41","94","260","330","375","C0600031"
"6524","2","5","8","45","94","199","240","415","666","C0600031"
"8481","2","3","12","76","153","40","38","54","75","C0600031"
"4728","2","3","2","48","170","50","119","444","556","C0600031"
"5697","2","5","4","68","96","326","427","548","672","C0600031"
"2263","2","5","7","53","14","20","25","40","186","C0600104"
"790","2","3","12","41","219","339","347","206","627","C0600104"
"3954","2","3","2","48","170","67","119","444","593","C0600104"
"3845","2","5","7","60","54","24","30","46","72","C0600104"
"51750","2","3","12","19","31","261","116","1","86","C0600104"
"54386","2","3","12","19","31","261","116","1","78","C0600104"
"8302","2","5","7","53","51","119","395","549","674","C0600104"
"6569","2","3","8","45","94","199","240","415","666","C0600104"
"4541","2","3","2","48","170","50","119","444","24","C0600104"
"7138","2","5","8","63","45","23","103","464","187","C0600104"
"778","2","5","8","63","36","166","341","223","158","C0600104"
"5745","2","5","4","68","96","326","427","548","672","C0600104"
"5339","2","5","7","53","51","342","454","573","492","C0600104"
"4313","2","5","7","53","51","342","454","573","492","C0600104"
"8625","2","3","12","19","31","276","91","236","118","C0600104"
"60","2","3","12","60","45","184","155","287","78","C0600104"
"51129","2","3","3","19","151","276","91","433","118","C0600104"
"9333","2","1","6","11","142","225","142","220","298","C0600104"
"1487","2","3","12","19","31","1","426","55","340","C0600104"
"54539","2","3","2","48","170","50","119","444","556","C0600104"
"9531","2","3","12","41","219","339","347","271","356","C0600104"
"50964","2","5","3","68","221","197","259","423","422","C0600104"
"8820","2","3","3","19","221","321","428","541","667","C0600104"
"10381","2","3","12","76","153","40","38","54","75","C0600104"
"1387","2","3","12","19","31","276","91","433","118","C0600104"
"2260","2","5","7","53","14","20","25","40","186","C0600228"
"5624","2","5","7","53","51","342","454","573","492","C0600228"
"10804","2","3","12","76","153","40","38","54","75","C0600228"
"7428","2","3","12","41","116","268","434","468","213","C0600260"
"3663","2","3","12","53","184","119","156","287","116","C0600260"
"4359","2","5","7","53","51","342","454","573","492","C0600260"
"3575","2","5","7","53","51","184","341","544","669","C0600260"
"10269","2","3","2","48","182","50","119","444","556","C0600433"
"10743","2","3","3","19","151","276","91","433","118","C0600433"
"4621","2","5","8","63","45","23","103","464","187","C0600433"
"4286","2","3","12","19","31","261","116","1","664","C0600467"
"392255","2","5","7","53","51","342","259","423","389","C0600467"
"5193","2","3","5","43","161","305","409","208","482","C0600467"
"10555","2","3","7","34","52","216","395","549","622","C0600467"
"131","2","3","2","75","120","200","263","251","107","C0600467"
"2737","2","3","12","19","116","321","428","54","667","C0600467"
"2263","2","5","7","53","14","20","25","40","186","C0600467"
"5130","2","3","2","85","143","286","51","488","102","C0600467"
"6736","2","3","12","19","31","276","91","433","667","C0600467"
"1584","2","3","5","79","159","256","276","353","456","C0600467"
"735","2","5","7","53","51","119","395","549","674","C0600467"
"10939","2","3","2","48","170","50","119","444","593","C0600467"
"8148","2","3","12","19","31","261","116","159","211","C0600519"
"22954","2","3","12","41","116","268","434","468","213","C0600519"
"79661","2","3","12","19","31","261","116","1","86","C0600519"
"5859","2","3","2","110","85","237","433","547","154","C0600519"
"633","2","5","7","53","51","342","454","573","492","C0600519"
"23169","2","3","2","78","205","112","430","429","544","C0677050"
"26353","2","3","12","76","45","160","347","271","356","C0677050"
"1410","2","3","12","63","45","23","38","54","187","C0677050"
"4308","2","5","8","63","45","193","306","390","158","C0677050"
"990","2","3","12","76","31","261","116","1","86","C0677050"
"4882","2","3","4","68","96","326","427","548","672","C0677050"
"1719","2","3","2","76","153","40","116","54","75","C0677050"
"440","2","3","2","101","62","189","182","509","154","C0677050"
"6870","2","5","4","68","96","326","427","548","672","C0677050"
"2719","2","5","7","53","51","342","454","573","492","C0677050"
"1499","2","3","12","19","221","197","259","560","422","C0677050"
"23064","2","3","6","11","31","261","142","220","664","C0677598"
"5447","2","3","5","91","214","271","372","471","586","C0677598"
"8643","2","5","3","68","221","197","259","560","422","C0677598"
"10128","2","3","2","48","170","50","119","444","556","C0677598"
"201294","2","5","7","34","52","216","395","549","674","C0677598"
"1103","2","3","2","67","92","293","55","75","311","C0677598"
"7051","2","1","6","11","142","225","142","220","298","C0677600"
"1815","2","5","4","68","96","326","427","548","672","C0677600"
"1027","2","3","12","19","31","1","116","1","86","C0677607"
"10522","2","3","12","19","221","197","259","236","422","C0677607"
"9770","2","3","2","48","57","110","141","359","72","C0677607"
"7373","2","5","7","53","51","342","454","573","492","C0677607"
"8241","2","3","2","22","33","323","66","101","136","C0677776"
"9640","2","3","12","19","31","261","116","159","211","C0677776"
"51204","2","3","2","48","170","50","119","444","556","C0677776"
"2705","2","3","12","76","153","40","38","54","75","C0677776"
"324","2","3","12","41","219","197","70","255","422","C0677776"
"5745","2","5","4","68","96","326","427","548","672","C0677776"
"2273","2","5","8","63","45","23","103","464","187","C0677776"
"23111","2","3","12","41","219","339","156","568","697","C0677776"
"26580","2","5","8","27","70","99","162","216","290","C0677776"
"1495","2","5","7","53","51","335","444","560","373","C0677776"
"9401","2","3","12","76","31","261","116","1","86","C0677776"
"6911","2","5","6","19","142","335","259","560","373","C0677776"
"6655","2","5","7","60","54","24","30","46","72","C0677776"
"29123","2","3","12","19","151","276","91","433","118","C0677776"
"865","2","3","12","19","31","1","426","55","78","C0677866"
"54901","2","3","2","110","85","152","129","252","154","C0677866"
"4914","2","3","2","22","18","266","202","252","252","C0677866"
"1718","2","3","2","54","90","84","48","69","204","C0677866"
"5071","2","3","12","41","116","268","434","468","213","C0677886"
"63976","2","3","12","19","31","1","426","55","78","C0677886"
"5205","2","3","8","63","45","23","103","464","619","C0677886"
"7305","2","5","7","34","52","216","395","549","674","C0677886"
"9401","2","3","12","76","31","261","116","1","86","C0677886"
"158","2","3","4","96","177","61","373","341","142","C0677886"
"5190","2","3","5","43","161","305","409","208","482","C0677886"
"6567","2","5","8","35","41","77","40","57","80","C0677886"
"5781","2","5","7","53","14","20","25","40","186","C0677886"
"10102","2","3","2","48","182","67","76","463","153","C0678199"
"4719","2","3","2","48","170","50","119","444","556","C0678199"
"54982","2","3","2","48","170","50","399","167","593","C0678199"
"546","2","3","12","19","31","261","426","1","86","C0678222"
"8022","2","3","3","110","85","321","428","541","667","C0678222"
"6775","2","5","7","53","14","119","25","40","186","C0678222"
"3845","2","5","7","60","54","24","30","46","72","C0678222"
"6497","2","5","3","19","221","342","259","423","389","C0678222"
"4014","2","1","6","11","142","225","142","220","298","C0678222"
"2033","2","3","12","19","31","1","91","433","118","C0678222"
"3560","2","5","7","53","14","20","25","40","186","C0678222"
"158326","2","5","7","53","51","342","454","573","492","C0678222"
"51715","2","5","7","60","54","24","30","46","72","C0678222"
"229","2","3","2","90","167","266","367","500","577","C0678222"
"1297","2","5","7","53","51","342","454","573","492","C0678222"
"652","2","5","7","53","51","342","454","573","492","C0678222"
"2556","2","5","8","27","70","99","162","216","290","C0678222"
"5159","2","5","7","53","14","20","25","40","186","C0678222"
"5256","2","3","7","34","45","23","103","464","187","C0678222"
"23746","2","3","12","41","83","101","126","271","356","C0678222"
"5159","2","5","7","53","14","20","25","40","186","C0678222"
"120","2","5","2","63","182","50","103","297","628","C0678222"
"4487","2","3","3","19","221","321","428","541","667","C0678222"
"2584","2","3","2","72","117","196","257","326","46","C0678222"
"23426","2","5","7","42","36","71","177","223","219","C0678222"
"4514","2","3","2","48","57","110","141","359","5","C0678222"
"2068","2","3","12","19","31","261","116","159","211","C0678222"
"811","2","3","2","41","116","342","423","536","342","C0678222"
"1029","2","3","12","19","31","1","116","1","664","C0678222"
"5744","2","5","4","68","96","326","427","548","672","C0678306"
"2717","2","3","7","34","52","216","395","549","674","C0678306"
"8518","2","3","12","19","31","1","426","55","78","C0678306"
"6608","2","3","3","68","221","321","428","560","667","C0678807"
"6297","2","3","12","41","116","266","402","489","416","C0678807"
"8260","2","3","12","41","85","266","76","287","78","C0678807"
"7248","2","3","2","48","57","110","141","359","462","C0678807"
"7157","2","3","12","19","31","261","402","489","551","C0678807"
"1026","2","3","12","19","31","1","116","489","416","C0679145"
"1401","2","5","7","53","51","119","395","573","492","C0679145"
"716","2","5","7","53","51","119","395","549","674","C0684219"
"4514","2","3","2","48","57","110","141","359","5","C0684219"
"7015","2","3","12","19","31","1","426","55","78","C0684219"
"7157","2","3","12","19","31","261","402","489","551","C0684219"
"2239","2","3","2","74","51","342","454","573","492","C0684219"
"4129","2","3","5","63","63","120","197","203","350","C0684219"
"27316","2","3","2","22","33","323","66","101","136","C0684249"
"1312","2","3","2","87","79","105","426","129","25","C0684249"
"55572","2","3","2","48","170","50","119","444","556","C0684249"
"4882","2","3","4","68","96","326","427","548","672","C0684276"
"1290","2","5","7","53","51","342","454","573","492","C0684276"
"3360","2","5","4","68","96","326","427","548","672","C0684276"
"5605","2","5","7","53","14","20","34","540","68","C0684276"
"55343","2","3","4","68","69","306","410","520","639","C0684276"
"2673","2","3","2","110","94","178","226","297","380","C0684276"
"1523","2","3","3","19","221","321","428","541","667","C0684276"
"26040","2","3","12","19","31","1","116","297","78","C0684276"
"3265","2","5","7","60","54","24","30","46","72","C0684276"
"2263","2","5","7","53","14","20","25","40","186","C0684276"
"1311","2","5","7","53","51","342","454","573","492","C0684276"
"4221","2","3","12","19","31","342","454","573","492","C0684276"
"10585","2","5","2","27","206","324","430","215","290","C0684276"
"6638","2","3","2","22","33","323","66","101","136","C0684276"
"1760","2","5","8","63","14","20","34","540","68","C0684276"
"5727","2","3","12","68","221","197","259","560","422","C0684276"
"270","2","3","5","33","21","47","84","261","246","C0684276"
"7490","2","3","3","19","221","321","428","541","667","C0684276"
"2120","2","3","12","19","31","193","306","148","624","C0684276"
"2261","2","5","7","53","14","20","25","40","186","C0684276"
"8504","2","3","5","47","144","185","238","310","392","C0684276"
"6578","2","3","5","35","41","77","40","57","80","C0684276"
"9820","2","3","12","41","116","268","434","468","213","C0684276"
"4693","2","5","7","53","51","342","454","573","492","C0684276"
"627","2","5","7","53","51","335","444","423","373","C0684276"
"6331","2","5","8","63","36","166","341","223","158","C0684337"
"492","2","3","8","63","45","23","103","464","187","C0684337"
"6750","2","5","4","68","96","326","427","548","672","C0684337"
"3558","2","5","7","53","14","20","25","40","186","C0685381"
"134","2","5","4","68","96","326","427","548","672","C0685381"
"11200","2","3","12","19","31","261","116","1","86","C0685381"
"5160","2","3","2","67","92","293","55","75","311","C0685381"
"1493","2","5","7","53","51","119","25","40","186","C0685381"
"2767","2","5","4","68","96","326","427","548","672","C0685381"
"10194","2","5","7","53","221","321","259","423","389","C0685381"
"3123","2","5","7","53","51","119","156","287","116","C0685381"
"4644","2","5","7","60","54","184","141","359","411","C0685381"
"1188","2","5","8","63","45","23","34","464","187","C0685381"
"9414","2","5","7","42","36","71","177","223","219","C0685381"
"7476","2","5","3","68","221","197","259","560","422","C0685381"
"3767","2","5","8","63","36","166","106","110","158","C0685381"
"5189","2","3","5","43","161","305","409","208","482","C0685381"
"50814","2","3","2","69","221","73","360","86","119","C0685381"
"5159","2","5","7","53","14","20","25","40","186","C0685381"
"9361","2","3","2","48","170","50","119","444","556","C0685381"
"4582","2","5","7","53","206","324","430","429","544","C0685381"
"3691","2","5","7","53","51","342","454","573","492","C0685381"
"4322","2","5","7","53","51","342","454","573","492","C0685381"
"2688","2","5","7","53","51","119","25","40","186","C0685381"
"23426","2","5","7","42","36","71","177","223","219","C0685381"
"6473","2","3","3","19","221","321","428","541","667","C0685381"
"10758","2","3","12","41","219","339","156","568","697","C0685682"
"5443","2","5","4","68","96","326","427","548","672","C0685682"
"2243","2","5","7","53","51","342","454","573","492","C0685684"
"7227","2","3","12","19","31","276","91","433","118","C0685684"
"2056","2","5","7","53","51","119","25","40","186","C0685684"
"547","2","3","7","76","153","40","38","54","75","C0685684"
"4359","2","5","7","53","51","342","454","573","492","C0685684"
"1513","2","5","7","53","51","342","454","573","492","C0685695"
"94","2","5","7","53","51","342","259","423","389","C0685695"
"3852","2","1","6","11","142","225","142","220","298","C0685695"
"3651","2","3","3","19","221","321","428","541","667","C0685695"
"6786","2","5","8","63","45","23","103","464","187","C0685695"
"2812","2","5","7","53","51","342","454","573","492","C0685695"
"240","2","3","7","34","52","216","395","489","416","C0685695"
"1896","2","5","12","41","219","339","156","568","697","C0685695"
"2332","2","3","2","22","33","71","373","466","609","C0685695"
"79001","2","5","2","48","52","342","240","569","666","C0685695"
"7048","2","5","7","53","51","342","259","423","389","C0685775"
"9401","2","3","12","76","31","261","116","1","86","C0685775"
"9517","2","3","2","50","47","39","100","321","638","C0685775"
"1674","2","5","8","63","45","23","103","464","187","C0685776"
"8195","2","3","12","76","153","76","38","54","75","C0685776"
"9896","2","3","5","80","81","296","399","201","274","C0685776"
"2153","2","5","7","53","51","342","454","573","492","C0685787"
"9342","2","5","7","34","52","216","395","549","674","C0685787"
"3315","2","3","12","41","181","160","362","402","215","C0685787"
"3730","2","5","7","53","14","20","25","40","186","C0685787"
"7428","2","3","12","41","116","268","434","468","213","C0685787"
"805","2","5","8","53","45","20","34","464","187","C0685787"
"54968","2","3","2","48","170","50","119","444","556","C0685837"
"668","2","3","12","19","221","321","428","541","664","C0685837"
"2168","2","3","3","19","151","276","91","433","118","C0685837"
"23729","2","3","2","90","167","148","36","51","383","C0685837"
"23171","2","3","5","116","183","295","398","552","622","C0685837"
"3763","2","5","8","63","36","166","106","110","158","C0685838"
"6010","2","5","4","68","96","326","427","548","672","C0685838"
"538","2","3","8","63","45","23","103","464","187","C0685838"
"2108","2","3","2","48","170","50","119","444","556","C0685838"
"5896","2","3","12","41","116","268","434","568","605","C0685838"
"1028","2","3","12","19","31","1","116","1","86","C0685840"
"3949","2","5","7","60","14","184","341","544","669","C0685840"
"6772","2","3","12","53","184","119","156","287","116","C0685840"
"6885","2","3","12","41","219","339","156","568","697","C0685840"
"2570","2","5","8","27","70","99","162","216","290","C0685840"
"5396","2","3","3","19","221","321","428","541","667","C0685840"
"2162","2","5","7","53","51","342","454","573","702","C0685840"
"25942","2","3","12","19","31","1","426","55","78","C0685840"
"2263","2","5","7","53","14","20","25","40","186","C0685840"
"1314","2","3","7","76","153","40","38","54","203","C0685840"
"5972","2","5","5","34","52","216","397","418","568","C0685840"
"5450","2","3","12","19","221","261","116","159","211","C0685840"
"2261","2","5","7","53","14","20","25","40","186","C0685840"
"7068","2","3","3","19","151","276","91","433","118","C0685840"
"1629","2","3","2","67","92","293","55","75","311","C0685840"
"7067","2","3","3","19","151","276","91","433","118","C0685840"
"6916","2","3","5","91","175","119","167","224","301","C0685840"
"353","2","5","7","34","52","216","395","549","674","C0685840"
"5428","2","3","2","48","170","50","119","167","593","C0685840"
"7468","2","3","12","19","31","1","426","55","78","C0685840"
"1302","2","5","7","53","51","342","454","573","492","C0685840"
"2892","2","5","8","63","36","166","106","110","158","C0685840"
"6949","2","3","2","110","85","237","164","390","311","C0685840"
"4352","2","5","7","53","14","20","25","40","186","C0685840"
"9031","2","3","12","19","31","1","426","55","78","C0685840"
"64072","2","5","7","53","51","335","444","560","373","C0685840"
"1062","2","3","12","76","153","40","38","54","75","C0685840"
"9627","2","3","12","19","31","1","426","55","78","C0685840"
"4157","2","5","4","68","96","326","427","548","672","C0685840"
"23426","2","5","7","42","36","71","177","223","219","C0685840"
"9569","2","3","12","19","31","276","91","433","118","C0685889"
"6197","2","3","12","19","14","20","34","540","68","C0685889"
"6253","2","5","4","27","36","326","402","489","187","C0685891"
"8851","2","3","12","19","31","261","116","1","86","C0685891"
"54567","2","5","7","53","51","143","428","236","667","C0685891"
"5573","2","3","12","19","184","118","155","287","116","C0685891"
"3606","2","5","7","53","51","119","156","489","416","C0685891"
"2253","2","5","7","53","14","20","25","40","186","C0685891"
"132","2","3","2","110","85","237","433","80","394","C0685891"
"4000","2","3","12","26","105","178","226","297","156","C0685891"
"8626","2","3","3","19","221","321","428","541","667","C0685891"
"222662","2","5","5","53","105","143","226","194","156","C0685891"
"2978","2","3","5","80","81","272","223","518","621","C0685891"
"6392","2","3","2","48","170","50","119","444","556","C0685891"
"1440","2","5","7","53","51","119","25","489","416","C0685891"
"26123","2","3","2","76","153","40","38","54","75","C0685891"
"9533","2","3","2","19","31","1","426","55","78","C0685891"
"55737","2","3","2","68","221","197","259","560","422","C0686353"
"6566","2","3","2","67","37","316","422","535","660","C0686353"
"773","2","5","8","27","36","166","341","223","628","C0686353"
"182","2","5","7","53","51","143","428","236","667","C0686353"
"5727","2","3","12","68","221","197","259","560","422","C0686353"
"1312","2","3","2","87","79","105","426","129","25","C0686353"
"284058","2","3","12","19","31","1","426","55","78","C0686353"
"3329","2","3","2","48","170","50","304","167","593","C0687120"
"10491","2","5","7","53","51","342","454","573","492","C0687120"
"3039","2","3","5","35","41","118","155","287","116","C0687120"
"9101","2","3","12","41","219","339","156","568","605","C0687120"
"4810","2","3","2","76","57","110","444","560","373","C0687120"
"4548","2","3","2","15","85","105","139","186","245","C0687120"
"51259","2","3","2","76","153","40","38","54","75","C0687120"
"23204","2","3","2","48","57","110","141","359","462","C0687120"
"4536","2","3","2","48","170","50","119","444","556","C0687120"
"790","2","3","12","41","219","339","347","206","627","C0687120"
"11251","2","5","4","68","96","326","427","548","672","C0687120"
"3207","2","3","3","19","221","321","428","541","667","C0687120"
"2932","2","3","12","19","14","197","34","540","68","C0687120"
"4221","2","3","12","19","31","342","454","573","492","C0687120"
"9401","2","3","12","76","31","261","116","1","86","C0687120"
"3977","2","5","7","53","51","119","25","40","416","C0687120"
"4867","2","5","7","76","153","40","38","54","75","C0687120"
"6597","2","3","12","19","31","1","426","55","78","C0687120"
"9907","2","3","5","27","142","335","444","560","214","C0687132"
"23322","2","3","12","76","153","40","38","54","75","C0687132"
"25974","2","3","7","48","51","105","139","186","245","C0687132"
"7507","2","3","12","19","31","261","116","1","86","C0687132"
"5781","2","5","7","53","14","20","25","40","186","C0687132"
"1311","2","5","7","53","51","342","454","573","492","C0687149"
"10020","2","3","2","89","124","204","42","452","258","C0687149"
"3655","2","5","7","53","51","342","454","573","492","C0687149"
"1184","2","5","8","63","45","23","34","464","187","C0687149"
"7380","2","3","6","25","105","75","226","489","156","C0687149"
"1499","2","3","12","19","221","197","259","560","422","C0687149"
"3630","2","5","7","53","14","20","25","40","186","C0687149"
"8878","2","3","12","41","219","339","156","568","697","C0687149"
"10743","2","3","3","19","151","276","91","433","118","C0687149"
"6154","2","3","2","110","85","237","433","547","671","C0687149"
"2138","2","3","12","19","31","1","426","55","78","C0687149"
"1674","2","5","8","63","45","23","103","464","187","C0687149"
"7704","2","3","12","41","116","268","434","468","213","C0687149"
"23426","2","5","7","42","36","71","177","223","219","C0687149"
"6392","2","3","2","48","170","50","119","444","556","C0687149"
"9241","2","5","7","53","51","342","259","423","389","C0687149"
"6473","2","3","3","19","221","321","428","541","667","C0687149"
"3981","2","3","12","19","31","261","116","1","86","C0687149"
"6569","2","3","8","45","94","199","240","415","666","C0687149"
"5290","2","3","7","53","14","20","25","40","186","C0687720"
"5328","2","5","7","34","52","216","395","549","674","C0687720"
"4538","2","3","2","48","170","50","119","444","556","C0687720"
"351","2","5","4","68","96","326","188","145","193","C0687720"
"4313","2","5","7","53","51","342","454","573","492","C0687720"
"1029","2","3","12","19","31","1","116","1","664","C0687751"
"2022","2","5","7","53","51","342","259","423","389","C0687751"
"6606","2","3","2","22","33","323","66","101","136","C0687751"
"4352","2","5","7","53","14","20","25","40","186","C0687751"
"2261","2","5","7","53","14","20","25","40","186","C0687751"
"8625","2","3","12","19","31","276","91","236","118","C0687751"
"51360","2","3","3","26","35","276","91","433","203","C0687751"
"5154","2","5","7","53","51","342","454","573","186","C0694550"
"4595","2","3","12","19","31","261","116","1","86","C0694550"
"5468","2","3","3","19","151","276","91","433","118","C0694550"
"6121","2","3","2","69","83","101","126","170","224","C0694550"
"596","2","3","12","19","219","339","402","489","416","C0694550"
"843","2","3","12","41","219","339","156","568","697","C0694550"
"30008","2","5","7","53","51","342","454","573","492","C0694550"
"11155","2","5","7","63","45","23","103","464","187","C0694550"
"5745","2","5","4","68","96","326","427","548","672","C0694550"
"3977","2","5","7","53","51","119","25","40","416","C0694550"
"4647","2","5","7","60","83","101","126","170","224","C0694550"
"5660","2","5","7","34","52","326","427","548","702","C0694550"
"51259","2","3","2","76","153","40","38","54","75","C0694550"
"8481","2","3","12","76","153","40","38","54","75","C0694550"
"5290","2","3","7","53","14","20","25","40","186","C0694550"
"5307","2","3","3","19","221","321","428","541","667","C0694550"
"2201","2","5","7","53","51","342","454","573","492","C0694550"
"2074","2","3","12","19","31","1","426","55","78","C0694550"
"54888","2","3","2","110","85","152","129","252","154","C0694550"
"6870","2","5","4","68","96","326","427","548","672","C0694550"
"7157","2","3","12","19","31","261","402","489","551","C0694550"
"6392","2","3","2","48","170","50","119","444","556","C0694550"
"23230","2","5","7","11","142","71","341","560","219","C0694550"
"4337","2","3","2","80","91","75","204","267","352","C0694550"
"25878","2","5","7","53","51","342","454","573","492","C0694550"
"54","2","3","5","80","81","178","195","256","342","C0694550"
"9842","2","3","5","76","155","76","291","152","420","C0694550"
"2969","2","3","12","19","31","276","91","433","118","C0694550"
"3091","2","3","12","41","116","276","91","433","605","C0694550"
"10293","2","3","12","41","116","268","434","468","213","C0694563"
"9451","2","3","2","110","51","335","226","297","380","C0694563"
"1663","2","3","12","76","105","178","226","297","380","C0694563"
"4000","2","3","12","26","105","178","226","297","156","C0694563"
"54903","2","3","12","76","153","40","38","54","75","C0694563"
"2162","2","5","7","53","51","342","454","573","702","C0694563"
"54567","2","5","7","53","51","143","428","236","667","C0694563"
"4322","2","5","7","53","51","342","454","573","492","C0694563"
"4261","2","3","12","53","184","119","156","287","116","C0694563"
"2218","2","5","2","53","123","194","255","560","373","C0694563"
"1440","2","5","7","53","51","119","25","489","416","C0694563"
"5617","2","5","12","19","31","1","426","55","78","C0694563"
"5295","2","5","7","53","14","20","25","40","186","C0694563"
"1513","2","5","7","53","51","342","454","573","492","C0694563"
"1400","2","3","7","27","36","150","79","560","373","C0699743"
"9056","2","3","8","45","94","199","240","415","666","C0699743"
"5376","2","5","7","53","51","342","454","573","492","C0699743"
"2121","2","3","12","41","116","268","434","568","605","C0699743"
"10232","2","5","7","53","51","342","454","573","492","C0699743"
"2255","2","5","7","53","14","20","25","40","186","C0699743"
"673","2","5","7","53","14","20","34","540","68","C0699743"
"6647","2","3","2","95","2","342","378","173","702","C0699743"
"356","2","5","7","53","219","339","25","489","697","C0699743"
"85378","2","3","12","76","153","40","38","54","75","C0699743"
"9896","2","3","5","80","81","296","399","201","274","C0699743"
"9409","2","3","5","43","161","305","409","208","482","C0699743"
"4784","2","3","2","22","33","261","116","159","211","C0699743"
"2200","2","5","7","53","51","342","454","573","492","C0699743"
"7124","2","3","12","41","219","339","156","568","697","C0699791"
"5376","2","5","7","53","51","342","454","573","492","C0699791"
"617","2","3","2","48","170","50","304","167","593","C0699791"
"1636","2","3","5","80","81","166","397","418","568","C0699791"
"1340","2","3","2","48","170","50","141","359","462","C0699791"
"595","2","3","12","19","31","1","426","489","416","C0699791"
"2332","2","3","2","22","33","71","373","466","609","C0699791"
"4758","2","3","7","34","52","216","395","549","517","C0699791"
"4692","2","5","7","53","51","119","402","489","416","C0699791"
"579","2","3","3","19","221","321","428","541","667","C0699791"
"3516","2","3","12","19","31","143","428","236","667","C0699791"
"8642","2","5","7","53","51","335","444","560","373","C0699885"
"25974","2","3","7","48","51","105","139","186","245","C0699885"
"23299","2","3","12","76","153","40","38","54","75","C0700198"
"1584","2","3","5","79","159","256","276","353","456","C0700198"
"26053","2","3","12","19","31","1","426","55","78","C0700198"
"2796","2","5","4","68","96","326","427","548","672","C0700198"
"59","2","5","8","63","45","23","103","464","187","C0700198"
"5728","2","3","5","80","81","339","156","568","605","C0700198"
"10000","2","5","7","53","14","20","34","540","68","C0700198"
"5498","2","3","5","80","81","166","132","175","473","C0700198"
"5317","2","5","7","34","52","216","142","220","298","C0700225"
"367","2","3","12","19","31","276","91","433","118","C0700225"
"5582","2","5","7","53","14","20","34","540","68","C0700225"
"11200","2","3","12","19","31","261","116","1","86","C0700225"
"5830","2","3","5","43","161","305","409","208","482","C0700225"
"4313","2","5","7","53","51","342","454","573","492","C0700225"
"3998","2","3","7","60","153","40","202","66","203","C0700225"
"5317","2","5","7","34","52","216","142","220","298","C0700292"
"1278","2","5","7","53","51","342","454","573","492","C0700292"
"23426","2","5","7","42","36","71","177","223","219","C0700299"
"6571","2","3","8","60","36","71","341","223","624","C0700299"
"5830","2","3","5","43","161","305","409","208","482","C0700299"
"80199","2","3","12","76","153","40","38","54","75","C0700359"
"23512","2","3","12","19","31","1","426","55","78","C0700359"
"1281","2","5","7","53","51","342","454","573","492","C0700359"
"6399","2","5","7","60","54","24","30","46","72","C0700359"
"8517","2","3","12","41","219","339","156","568","697","C0700501"
"9968","2","4","3","24","119","330","214","454","144","C0700501"
"1890","2","3","5","80","81","296","62","94","150","C0700501"
"1749","2","3","3","19","221","321","428","541","667","C0700501"
"7403","2","3","12","19","31","1","426","55","78","C0700501"
"5781","2","5","7","53","14","20","25","40","186","C0700502"
"6389","2","3","2","48","170","50","119","444","556","C0700502"
"1776","2","5","7","105","219","261","402","129","215","C0700595"
"5447","2","3","5","91","214","271","372","471","586","C0700595"
"6855","2","5","7","27","36","150","341","223","628","C0700635"
"8893","2","3","2","110","85","237","433","547","671","C0700635"
"8842","2","5","5","53","82","147","184","179","328","C0700635"
"478","2","3","8","63","45","23","366","464","187","C0700635"
"1545","2","3","5","91","175","271","372","443","558","C0700635"
"4784","2","3","2","22","33","261","116","159","211","C0728895"
"2562","2","5","8","27","70","99","162","216","290","C0728895"
"1543","2","3","5","91","151","276","91","433","118","C0728895"
"3082","2","5","7","53","51","342","25","40","186","C0728895"
"8626","2","3","3","19","221","321","428","541","667","C0730290"
"51364","2","3","6","11","142","225","142","220","298","C0730290"
"3954","2","3","2","48","170","67","119","444","593","C0730290"
"7139","2","5","8","63","45","23","103","464","187","C0730290"
"3043","2","5","7","34","52","216","395","549","116","C0730290"
"5339","2","5","7","53","51","342","454","573","492","C0730290"
"30062","2","3","3","19","221","321","428","541","667","C0730290"
"6469","2","5","3","53","221","197","259","560","422","C0730290"
"5894","2","5","7","60","54","23","34","464","187","C0730290"
"1666","2","3","2","69","83","58","64","98","134","C0730290"
"3295","2","3","5","43","161","305","409","208","482","C0730290"
"51062","2","5","7","27","36","150","402","489","373","C0730290"
"7299","2","3","5","23","18","138","250","332","407","C0730290"
"2006","2","5","7","53","51","342","454","573","492","C0730290"
"6299","2","3","12","19","221","321","428","541","667","C0730290"
"6821","2","3","5","114","211","332","175","556","256","C0730290"
"50846","2","3","3","68","221","197","259","560","422","C0730290"
"25942","2","3","12","19","31","1","426","55","78","C0730290"
"2218","2","5","2","53","123","194","255","560","373","C0730290"
"4221","2","3","12","19","31","342","454","573","492","C0730290"
"4615","2","3","12","41","219","339","156","568","697","C0730292"
"7227","2","3","12","19","31","276","91","433","118","C0730292"
"5897","2","3","12","41","116","268","141","568","605","C0730292"
"3586","2","5","7","53","51","119","25","489","416","C0730292"
"54101","2","3","2","48","170","50","347","167","593","C0730292"
"3091","2","3","12","41","116","276","91","433","605","C0730292"
"4001","2","3","12","76","31","40","38","54","75","C0730292"
"8643","2","5","3","68","221","197","259","560","422","C0730292"
"4038","2","5","7","53","51","342","454","573","492","C0730345"
"2303","2","5","3","19","221","321","428","541","667","C0730345"
"8074","2","5","7","53","14","20","25","40","186","C0730345"
"7015","2","3","12","19","31","1","426","55","78","C0730345"
"51057","2","3","12","76","153","40","38","54","75","C0730345"
"7442","2","5","8","63","45","193","306","390","158","C0730362"
"6638","2","3","2","22","33","323","66","101","136","C0730362"
"2653","2","3","2","67","104","214","234","306","388","C0730362"
"843","2","3","12","41","219","339","156","568","697","C0730362"
"9968","2","4","3","24","119","330","214","454","144","C0730362"
"3060","2","5","4","68","96","326","427","548","672","C0730362"
"26227","2","3","2","41","137","44","208","81","108","C0740302"
"8085","2","3","12","19","31","1","426","55","78","C0740302"
"860","2","3","12","19","31","276","91","433","118","C0740340"
"1146","2","5","8","27","70","99","162","216","290","C0740340"
"2773","2","5","4","68","96","326","427","548","672","C0740340"
"6492","2","3","3","19","151","276","91","433","118","C0740392"
"4000","2","3","12","26","105","178","226","297","156","C0740392"
"2554","2","5","8","27","70","99","162","216","290","C0740392"
"1786","2","3","12","19","31","1","426","55","78","C0740392"
"10483","2","3","7","60","54","24","30","46","72","C0740392"
"2263","2","5","7","53","14","20","25","40","186","C0740392"
"158","2","3","4","96","177","61","373","341","142","C0740392"
"54880","2","3","12","19","31","1","426","55","78","C0740392"
"79809","2","3","12","76","153","40","38","54","75","C0740392"
"7124","2","3","12","41","219","339","156","568","697","C0740392"
"2244","2","5","7","53","51","342","454","573","492","C0740392"
"6391","2","3","2","48","170","50","119","444","556","C0740392"
"5190","2","3","5","43","161","305","409","208","482","C0740392"
"3115","2","5","7","53","184","119","156","287","116","C0740392"
"4539","2","3","2","53","184","86","107","560","195","C0740392"
"538","2","3","8","63","45","23","103","464","187","C0740392"
"6557","2","5","8","45","94","199","240","415","666","C0740392"
"53947","2","3","2","78","114","192","254","319","408","C0740392"
"55532","2","3","7","25","44","165","101","274","358","C0740392"
"4306","2","3","3","19","151","276","91","433","118","C0740392"
"4976","2","3","2","48","170","50","119","444","556","C0740392"
"1896","2","5","12","41","219","339","156","568","697","C0740392"
"2934","2","5","7","34","52","216","395","549","674","C0740392"
"7048","2","5","7","53","51","342","259","423","389","C0740392"
"4627","2","5","7","63","45","184","103","572","658","C0740392"
"190","2","3","3","19","151","276","91","433","118","C0740392"
"9241","2","5","7","53","51","342","259","423","389","C0740392"
"2703","2","3","12","76","153","40","38","54","75","C0740392"
"5290","2","3","7","53","14","20","25","40","186","C0740392"
"356","2","5","7","53","219","339","25","489","697","C0740392"
"4729","2","3","2","48","170","50","119","444","556","C0740392"
"1896","2","5","12","41","219","339","156","568","697","C0740392"
"10718","2","5","7","53","14","20","25","40","186","C0740392"
"4338","2","3","2","110","85","75","204","267","352","C0740394"
"6792","2","5","7","53","14","20","34","540","68","C0740394"
"3123","2","5","7","53","51","119","156","287","116","C0740394"
"9759","2","3","12","19","31","276","91","433","118","C0740394"
"7048","2","5","7","53","51","342","259","423","389","C0740394"
"4540","2","3","2","48","170","50","119","444","556","C0740394"
"1889","2","5","4","68","96","326","427","548","672","C0740394"
"7290","2","3","12","19","31","1","426","55","78","C0740394"
"3553","2","5","7","53","51","119","25","489","416","C0740394"
"58","2","5","8","63","45","23","103","464","187","C0740394"
"5594","2","5","7","34","14","20","34","540","274","C0740394"
"5573","2","3","12","19","184","118","155","287","116","C0740394"
"2304","2","3","12","19","221","321","428","541","667","C0740394"
"5308","2","3","3","19","221","321","428","541","667","C0740394"
"2706","2","3","12","76","153","40","38","54","75","C0740394"
"3481","2","5","7","53","51","342","454","573","492","C0740394"
"1643","2","3","12","41","116","268","434","468","213","C0740394"
"8200","2","5","7","53","51","342","259","423","389","C0740852"
"355","2","3","7","41","219","339","156","568","697","C0740852"
"288","2","5","7","76","153","40","38","54","203","C0740852"
"4338","2","3","2","110","85","75","204","267","352","C0740852"
"23556","2","3","2","61","77","142","176","235","317","C0740852"
"6154","2","3","2","110","85","237","433","547","671","C0740852"
"4868","2","5","7","53","51","335","25","560","373","C0740858"
"7518","2","3","12","19","31","261","116","1","86","C0740858"
"6329","2","5","8","63","36","166","341","390","158","C0740858"
"26191","2","5","7","53","14","20","25","40","186","C0740858"
"57412","2","3","5","80","81","105","426","129","586","C0740858"
"6569","2","3","8","45","94","199","240","415","666","C0740896"
"2239","2","3","2","74","51","342","454","573","492","C0740896"
"2261","2","5","7","53","14","20","25","40","186","C0740896"
"2248","2","5","7","53","14","20","25","40","186","C0740898"
"3425","2","3","5","80","81","166","454","573","492","C0740898"
"7078","2","5","7","53","51","342","454","573","702","C0740898"
"6834","2","3","2","48","170","50","119","444","556","C0740898"
"149233","2","5","7","53","51","119","25","489","416","C0740927"
"26137","2","5","7","63","45","184","103","572","658","C0740927"
"2737","2","3","12","19","116","321","428","54","667","C0740927"
"2697","2","3","7","76","153","40","38","54","75","C0740927"
"145226","2","3","2","69","83","101","126","170","224","C0741296"
"27429","2","3","12","41","219","339","156","568","697","C0741296"
"2774","2","2","1","9","15","21","28","42","62","C0741296"
"356","2","5","7","53","219","339","25","489","697","C0741494"
"4261","2","3","12","53","184","119","156","287","116","C0741494"
"2706","2","3","12","76","153","40","38","54","75","C0741494"
"4935","2","5","4","68","96","326","427","548","672","C0741494"
"5159","2","5","7","53","14","20","25","40","186","C0741494"
"7263","2","3","2","14","156","168","439","242","256","C0741494"
"6347","2","5","7","53","51","119","427","489","416","C0741796"
"3479","2","5","7","53","51","342","454","573","492","C0741796"
"51750","2","3","12","19","31","261","116","1","86","C0741796"
"1832","2","5","7","34","52","225","142","220","298","C0741796"
"673","2","5","7","53","14","20","34","540","68","C0741796"
"6440","2","5","5","68","96","185","238","310","272","C0741796"
"658","2","5","7","53","51","342","259","423","389","C0741796"
"57560","2","3","12","76","153","40","38","54","75","C0741796"
"7432","2","5","4","68","96","326","427","548","672","C0741796"
"1947","2","5","7","53","51","20","25","560","373","C0741796"
"3786","2","5","8","63","36","166","106","110","158","C0741796"
"5048","2","3","12","76","153","40","38","54","75","C0741796"
"6663","2","3","3","19","221","321","428","541","667","C0741796"
"11277","2","3","12","19","31","261","116","1","86","C0741796"
"54903","2","3","12","76","153","40","38","54","75","C0741796"
"25886","2","3","12","76","153","76","136","472","435","C0741796"
"54499","2","3","2","48","170","50","119","444","593","C0741796"
"2903","2","5","7","53","14","20","25","223","219","C0741796"
"23545","2","3","5","29","88","132","85","222","346","C0741796"
"43","2","3","5","85","143","286","51","488","389","C0741796"
"51134","2","3","12","76","153","40","38","54","75","C0741796"
"5213","2","3","2","90","167","266","367","500","577","C0741796"
"7704","2","3","12","41","116","268","434","468","213","C0741796"
"5290","2","3","7","53","14","20","25","40","186","C0742028"
"22995","2","3","12","76","153","40","38","54","75","C0742028"
"8626","2","3","3","19","221","321","428","541","667","C0742028"
"54888","2","3","2","110","85","152","129","252","154","C0742028"
"2247","2","5","7","53","14","20","25","40","186","C0742038"
"3930","2","3","2","22","33","323","66","3","464","C0742038"
"4318","2","5","7","34","52","216","395","573","492","C0742038"
"2629","2","3","5","80","81","250","291","152","420","C0742038"
"5346","2","3","3","19","151","276","91","433","118","C0742906"
"6392","2","3","2","48","170","50","119","444","556","C0742906"
"29899","2","5","4","68","96","326","427","548","672","C0742906"
"5313","2","3","2","90","167","321","428","541","115","C0742906"
"4014","2","1","6","11","142","225","142","220","298","C0742906"
"1282","2","5","7","53","51","342","454","573","492","C0742906"
"146057","2","3","12","76","153","40","38","54","75","C0742906"
"54332","2","3","2","60","170","40","98","66","203","C0742906"
"5818","2","5","7","53","51","335","444","560","373","C0742906"
"7124","2","3","12","41","219","339","156","568","697","C0742906"
"55624","2","3","2","78","123","194","255","215","412","C0742906"
"3060","2","5","4","68","96","326","427","548","672","C0742906"
"1848","2","3","5","42","81","296","399","201","274","C0742906"
"1738","2","3","2","67","92","293","55","75","311","C0742906"
"2876","2","3","5","80","81","110","378","173","229","C0742906"
"4221","2","3","12","19","31","342","454","573","492","C0743178"
"26053","2","3","12","19","31","1","426","55","78","C0743178"
"9939","2","3","2","22","33","323","66","101","136","C0743178"
"51761","2","5","8","63","45","23","103","464","187","C0743178"
"5077","2","3","3","19","221","321","428","541","667","C0743178"
"695","2","5","7","53","14","20","25","40","186","C0743178"
"7133","2","5","7","34","52","216","395","549","697","C0743912"
"1174","2","5","7","60","153","184","341","544","669","C0743912"
"2584","2","3","2","72","117","196","257","326","46","C0743912"
"3818","2","5","7","68","51","119","395","549","674","C0743912"
"1184","2","5","8","63","45","23","34","464","187","C0743912"
"658","2","5","7","53","51","342","259","423","389","C0743912"
"4846","2","3","5","41","219","75","243","44","64","C0743912"
"51062","2","5","7","27","36","150","402","489","373","C0743912"
"919","2","5","7","53","14","119","25","40","186","C0743912"
"7133","2","5","7","34","52","216","395","549","697","C0743912"
"5745","2","5","4","68","96","326","427","548","672","C0743912"
"2068","2","3","12","19","31","261","116","159","211","C0743912"
"1340","2","3","2","48","170","50","141","359","462","C0743912"
"84662","2","3","12","19","31","330","214","454","144","C0743912"
"10102","2","3","2","48","182","67","76","463","153","C0744321"
"7157","2","3","12","19","31","261","402","489","551","C0744321"
"5155","2","5","7","53","51","342","454","573","186","C0744333"
"760","2","3","5","35","41","77","40","78","178","C0744333"
"3643","2","5","7","53","14","20","25","40","186","C0744333"
"10682","2","5","4","68","96","326","48","69","204","C0744333"
"9255","2","3","2","110","85","237","433","547","154","C0744333"
"64919","2","3","12","19","31","1","426","55","78","C0744356"
"4692","2","5","7","53","51","119","402","489","416","C0744356"
"6507","2","3","2","45","94","199","240","415","666","C0744356"
"9871","2","3","7","60","153","40","38","54","203","C0744356"
"5159","2","5","7","53","14","20","25","40","186","C0744356"
"5073","2","3","2","110","85","323","433","146","194","C0744356"
"6392","2","3","2","48","170","50","119","444","556","C0744356"
"9364","2","5","7","60","54","24","30","46","72","C0744356"
"930","2","5","7","53","14","119","25","40","186","C0744356"
"6391","2","3","2","48","170","50","119","444","556","C0744356"
"4193","2","3","12","19","31","1","116","89","605","C0744356"
"4715","2","3","2","48","170","50","119","444","556","C0744356"
"657","2","5","7","53","221","342","259","423","389","C0744356"
"735","2","5","7","53","51","119","395","549","674","C0744356"
"6336","2","5","8","63","36","166","341","390","158","C0744356"
"7040","2","5","7","53","51","342","454","573","492","C0744356"
"6299","2","3","12","19","221","321","428","541","667","C0744356"
"10733","2","3","12","76","153","40","38","54","75","C0744897"
"2301","2","5","6","11","142","225","142","220","673","C0744897"
"4359","2","5","7","53","51","342","454","573","492","C0744897"
"716","2","5","7","53","51","119","395","549","674","C0745103"
"6899","2","5","7","53","184","335","259","560","373","C0745103"
"1286","2","5","7","53","51","342","454","573","492","C0745103"
"10058","2","3","5","44","50","209","68","11","141","C0745103"
"4487","2","3","3","19","221","321","428","541","667","C0745103"
"1146","2","5","8","27","70","99","162","216","290","C0745103"
"4982","2","5","12","41","219","339","156","568","697","C0745103"
"773","2","5","8","27","36","166","341","223","628","C0745103"
"51715","2","5","7","60","54","24","30","46","72","C0745103"
"55172","2","5","7","27","36","150","341","223","628","C0745103"
"7015","2","3","12","19","31","1","426","55","78","C0745103"
"6135","2","3","2","110","85","237","433","547","671","C0745730"
"7403","2","3","12","19","31","1","426","55","78","C0745730"
"208","2","5","7","53","14","20","34","540","68","C0745730"
"54902","2","3","2","48","182","50","119","444","556","C0745730"
"6229","2","3","2","110","85","237","433","547","671","C0745730"
"26040","2","3","12","19","31","1","116","297","78","C0745730"
"729","2","5","7","53","51","119","395","549","219","C0745744"
"23529","2","5","7","53","51","119","25","40","416","C0745744"
"10585","2","5","2","27","206","324","430","215","290","C0745744"
"8671","2","5","8","45","94","199","240","415","666","C0745744"
"2697","2","3","7","76","153","40","38","54","75","C0746102"
"3708","2","5","8","63","45","23","306","390","158","C0746102"
"3578","2","5","7","53","70","99","25","543","290","C0746102"
"5156","2","5","7","53","14","20","25","40","186","C0746102"
"5290","2","3","7","53","14","20","25","40","186","C0746102"
"6900","2","5","7","53","51","342","454","223","373","C0746102"
"57082","2","3","12","76","153","40","38","54","75","C0746495"
"3758","2","5","8","63","36","166","106","110","158","C0746495"
"1230","2","5","4","68","96","326","427","548","672","C0747556"
"5663","2","5","7","34","52","216","395","549","667","C0747556"
"7253","2","5","4","68","96","326","427","548","672","C0747556"
"3133","2","5","7","53","51","119","156","287","116","C0747556"
"1411","2","3","6","63","45","160","362","177","673","C0747651"
"5932","2","3","12","19","31","261","116","1","86","C0747651"
"2972","2","3","2","19","33","261","116","159","211","C0747651"
"6323","2","5","8","63","36","166","341","390","158","C0747651"
"3417","2","3","7","34","52","216","395","549","319","C0748140"
"4210","2","3","12","41","219","339","156","568","697","C0748140"
"2200","2","5","7","53","51","342","454","573","492","C0748140"
"6495","2","3","3","19","221","321","428","541","667","C0748140"
"5728","2","3","5","80","81","339","156","568","605","C0748140"
"1727","2","3","7","34","52","216","395","549","197","C0748140"
"8842","2","5","5","53","82","147","184","179","328","C0748140"
"6736","2","3","12","19","31","276","91","433","667","C0748140"
"2201","2","5","7","53","51","342","454","573","492","C0748140"
"5189","2","3","5","43","161","305","409","208","482","C0748140"
"4921","2","5","7","53","14","20","25","573","186","C0748140"
"7227","2","3","12","19","31","276","91","433","118","C0748140"
"9361","2","3","2","48","170","50","119","444","556","C0748140"
"673","2","5","7","53","14","20","34","540","68","C0748140"
"825","2","5","7","53","51","342","454","573","492","C0748140"
"6867","2","3","12","76","153","40","38","54","75","C0748140"
"3852","2","1","6","11","142","225","142","220","298","C0748140"
"72","2","5","8","63","45","23","103","464","187","C0748140"
"9414","2","5","7","42","36","71","177","223","219","C0748140"
"4843","2","3","5","43","161","305","409","489","416","C0748140"
"4094","2","3","12","19","31","276","91","433","118","C0748140"
"3265","2","5","7","60","54","24","30","46","72","C0748140"
"2588","2","3","7","34","52","216","395","549","674","C0748140"
"4860","2","3","7","34","52","216","395","549","150","C0748140"
"7148","2","5","7","53","51","342","454","573","492","C0748140"
"4646","2","3","12","41","45","184","103","572","658","C0748140"
"54820","2","3","12","76","153","40","38","54","75","C0748140"
"5727","2","3","12","68","221","197","259","560","422","C0748140"
"2542","2","3","5","80","81","296","399","500","577","C0748140"
"56652","2","3","3","19","151","276","91","433","118","C0748318"
"2517","2","3","7","34","52","216","395","549","674","C0748318"
"1756","2","5","8","63","45","23","103","464","187","C0748318"
"629","2","5","7","53","51","119","395","549","674","C0748318"
"23418","2","5","7","53","36","71","177","560","373","C0748318"
"10664","2","3","12","19","31","1","426","55","78","C0748318"
"4352","2","5","7","53","14","20","25","40","186","C0748318"
"1457","2","3","12","19","31","286","51","488","102","C0748318"
"5396","2","3","3","19","221","321","428","541","667","C0748318"
"7314","2","3","12","41","219","261","409","208","482","C0748318"
"718","2","5","7","34","51","119","395","549","674","C0748318"
"7173","2","3","5","36","48","89","110","400","400","C0748318"
"3315","2","3","12","41","181","160","362","402","215","C0748318"
"4914","2","3","2","22","18","266","202","252","252","C0748540"
"668","2","3","12","19","221","321","428","541","664","C0748540"
"291","2","3","2","48","170","50","304","167","593","C0748540"
"6888","2","3","2","90","167","266","367","500","577","C0748540"
"2065","2","5","7","53","14","20","25","40","186","C0748540"
"4763","2","5","7","60","54","24","30","46","214","C0748540"
"8379","2","3","12","76","153","40","38","54","75","C0748691"
"27077","2","3","12","76","153","40","38","54","75","C0748691"
"55135","2","3","12","76","137","76","136","472","435","C0748691"
"1280","2","5","7","53","51","342","454","573","492","C0748691"
"3239","2","3","3","19","221","321","428","541","667","C0748691"
"26580","2","5","8","27","70","99","162","216","290","C0748691"
"5077","2","3","3","19","221","321","428","541","667","C0748691"
"7015","2","3","12","19","31","1","426","55","78","C0748691"
"5376","2","5","7","53","51","342","454","573","492","C0748691"
"9420","2","3","5","79","159","256","215","282","366","C0748691"
"2908","2","3","12","19","151","276","91","433","118","C0748720"
"175","2","3","7","34","52","216","395","549","674","C0748720"
"23081","2","3","12","19","31","1","426","55","78","C0748720"
"51085","2","3","2","48","57","110","141","359","462","C0748720"
"8260","2","3","12","41","85","266","76","287","78","C0748720"
"94","2","5","7","53","51","342","259","423","389","C0748720"
"2153","2","5","7","53","51","342","454","573","492","C0748720"
"2492","2","5","4","68","96","326","427","548","672","C0748720"
"7157","2","3","12","19","31","261","402","489","551","C0748720"
"23384","2","3","12","63","45","184","103","572","658","C0749379"
"10262","2","3","2","22","33","323","66","101","136","C0749379"
"6655","2","5","7","60","54","24","30","46","72","C0749379"
"26127","2","3","7","76","14","20","136","472","435","C0749379"
"540","2","5","8","63","45","23","103","464","187","C0749420"
"5894","2","5","7","60","54","23","34","464","187","C0749420"
"9993","2","5","7","53","51","342","454","573","492","C0749420"
"567","2","5","7","34","52","119","395","549","674","C0749420"
"5290","2","3","7","53","14","20","25","40","186","C0749420"
"843","2","3","12","41","219","339","156","568","697","C0750145"
"2627","2","3","12","19","31","118","155","287","116","C0750145"
"4990","2","3","3","19","221","321","428","541","667","C0750145"
"585","2","3","12","76","153","40","38","54","75","C0750145"
"5155","2","5","7","53","51","342","454","573","186","C0750292"
"1512","2","5","7","34","52","216","395","549","674","C0750292"
"7067","2","3","3","19","151","276","91","433","118","C0750384"
"355","2","3","7","41","219","339","156","568","697","C0750384"
"3762","2","5","8","63","36","166","106","110","158","C0750384"
"7291","2","3","12","19","151","276","91","489","416","C0750384"
"23556","2","3","2","61","77","142","176","235","317","C0750857"
"6609","2","3","5","105","155","250","291","152","420","C0750857"
"26154","2","3","5","47","144","185","238","310","392","C0750857"
"3954","2","3","2","48","170","67","119","444","593","C0750857"
"7737","2","3","12","22","33","268","434","468","213","C0750857"
"5244","2","3","3","41","151","276","91","433","118","C0750857"
"9607","2","5","4","68","96","326","427","548","672","C0750857"
"8867","2","3","5","60","14","184","341","544","669","C0750857"
"5020","2","5","4","68","96","326","427","548","672","C0750857"
"7201","2","5","4","68","96","326","427","548","672","C0750857"
"58","2","5","8","63","45","23","103","464","187","C0750857"
"128178","2","3","12","41","219","339","156","568","697","C0750857"
"866","2","5","7","68","51","342","454","573","492","C0750857"
"1440","2","5","7","53","51","119","25","489","416","C0750857"
"7252","2","5","4","68","96","326","427","548","672","C0750857"
"30008","2","5","7","53","51","342","454","573","492","C0750857"
"2296","2","3","3","19","221","321","428","541","667","C0750857"
"7849","2","3","3","19","221","321","428","541","667","C0750857"
"2218","2","5","2","53","123","194","255","560","373","C0750857"
"6607","2","3","2","22","33","323","66","101","664","C0750857"
"5354","2","5","7","27","36","150","341","223","628","C0750857"
"8639","2","3","5","80","81","114","290","367","475","C0750857"
"6499","2","3","2","110","85","237","433","547","671","C0750857"
"8139","2","3","12","41","116","268","434","468","213","C0750857"
"22827","2","3","2","22","33","323","66","101","136","C0750857"
"5789","2","5","7","53","51","335","444","560","373","C0750857"
"3000","2","5","4","68","96","326","427","548","672","C0750857"
"2316","2","5","7","53","51","342","454","573","702","C0750857"
"9968","2","4","3","24","119","330","214","454","144","C0750857"
"5728","2","3","5","80","81","339","156","568","605","C0750929"
"1184","2","5","8","63","45","23","34","464","187","C0750929"
"8516","2","5","7","53","51","342","454","573","492","C0750929"
"27232","2","3","2","19","31","105","106","14","7","C0750929"
"8820","2","3","3","19","221","321","428","541","667","C0750929"
"4935","2","5","4","68","96","326","427","548","672","C0750937"
"1073","2","3","8","63","45","184","103","572","658","C0750937"
"9289","2","5","4","68","96","326","427","548","672","C0750937"
"1412","2","5","6","11","142","225","243","177","673","C0750937"
"1401","2","5","7","53","51","119","395","573","492","C0750937"
"55612","2","5","7","60","36","71","177","560","701","C0750937"
"7305","2","5","7","34","52","216","395","549","674","C0750937"
"4598","2","3","2","19","151","276","198","259","427","C0750937"
"10907","2","3","2","22","33","323","66","101","136","C0750937"
"11253","2","3","2","41","116","268","423","536","445","C0750937"
"8660","2","5","7","53","14","20","25","40","186","C0750937"
"6648","2","3","2","95","151","160","378","173","229","C0750937"
"6772","2","3","12","53","184","119","156","287","116","C0750937"
"4261","2","3","12","53","184","119","156","287","116","C0750937"
"411","2","3","7","34","52","216","395","549","674","C0750937"
"1301","2","5","7","53","51","342","454","573","492","C0750937"
"1337","2","3","2","48","170","110","141","359","462","C0750937"
"435","2","3","8","84","97","167","210","278","360","C0750937"
"51185","2","3","2","22","33","323","66","101","136","C0750937"
"5023","2","5","7","34","52","216","395","549","674","C0750937"
"9742","2","3","12","76","153","40","38","54","75","C0750937"
"2260","2","5","7","53","14","20","25","40","186","C0750937"
"1896","2","5","12","41","219","339","156","568","697","C0750937"
"5295","2","5","7","53","14","20","25","40","186","C0750937"
"84315","2","5","7","60","54","24","30","46","72","C0750937"
"23408","2","3","3","19","151","276","91","433","118","C0751003"
"2697","2","3","7","76","153","40","38","54","75","C0751003"
"8481","2","3","12","76","153","40","38","54","75","C0751003"
"2719","2","5","7","53","51","342","454","573","492","C0751003"
"7053","2","3","6","11","142","225","142","220","298","C0751003"
"9232","2","3","12","76","153","40","38","54","75","C0751003"
"1294","2","5","7","53","51","342","454","573","492","C0751003"
"7045","2","5","12","19","51","1","426","55","78","C0751003"
"10939","2","3","2","48","170","50","119","444","593","C0751037"
"1130","2","5","7","60","54","326","141","359","462","C0751037"
"1268","2","5","4","68","96","326","427","548","672","C0751038"
"114907","2","3","12","41","116","268","434","468","213","C0751038"
"4952","2","3","5","60","54","184","30","544","669","C0751038"
"10743","2","3","3","19","151","276","91","433","118","C0751039"
"54888","2","3","2","110","85","152","129","252","154","C0751039"
"29899","2","5","4","68","96","326","427","548","672","C0751039"
"2176","2","3","12","19","31","261","116","1","86","C0751072"
"51067","2","3","2","110","85","67","76","252","154","C0751072"
"2222","2","3","2","19","151","276","91","433","118","C0751072"
"4935","2","5","4","68","96","326","427","548","672","C0751072"
"2073","2","3","12","19","31","261","116","1","86","C0751072"
"4879","2","5","4","68","96","326","427","548","672","C0751093"
"1387","2","3","12","19","31","276","91","433","118","C0751093"
"6812","2","5","7","27","36","150","341","223","628","C0751093"
"23426","2","5","7","42","36","71","177","223","219","C0751093"
"25830","2","3","2","27","36","150","341","223","628","C0751093"
"10516","2","5","7","53","51","342","454","573","492","C0751093"
"3295","2","3","5","43","161","305","409","208","482","C0751093"
"5172","2","5","8","45","94","199","240","415","666","C0751093"
"2261","2","5","7","53","14","20","25","40","186","C0751093"
"5979","2","5","7","53","14","20","25","40","186","C0751122"
"147912","2","3","6","22","142","225","366","362","468","C0751122"
"5396","2","3","3","19","221","321","428","541","667","C0751122"
"2301","2","5","6","11","142","225","142","220","673","C0751122"
"5447","2","3","5","91","214","271","372","471","586","C0751122"
"1736","2","3","2","110","85","237","433","547","671","C0751122"
"7167","2","3","2","90","167","266","367","500","577","C0751122"
"6638","2","3","2","22","33","323","66","101","136","C0751122"
"4000","2","3","12","26","105","178","226","297","156","C0751273"
"5424","2","3","12","19","31","261","116","1","86","C0751273"
"4998","2","3","12","76","31","261","116","1","86","C0751276"
"2006","2","5","7","53","51","342","454","573","492","C0751276"
"3852","2","1","6","11","142","225","142","220","298","C0751279"
"5429","2","3","12","19","31","261","116","1","86","C0751279"
"5993","2","3","12","19","31","1","426","55","78","C0751285"
"5468","2","3","3","19","151","276","91","433","118","C0751285"
"545","2","3","12","19","31","261","116","1","86","C0751285"
"5336","2","3","7","53","14","20","25","40","215","C0751336"
"1634","2","5","7","53","51","342","454","573","492","C0751336"
"6253","2","5","4","27","36","326","402","489","187","C0751336"
"4311","2","5","7","34","52","216","395","549","674","C0751337"
"3098","2","3","2","90","167","266","367","500","577","C0751337"
"6566","2","3","2","67","37","316","422","535","660","C0751337"
"2969","2","3","12","19","31","276","91","433","118","C0751362"
"9210","2","5","7","53","51","342","454","573","492","C0751362"
"6663","2","3","3","19","221","321","428","541","667","C0751362"
"2810","2","3","2","48","57","110","141","359","411","C0751362"
"134","2","5","4","68","96","326","427","548","672","C0751362"
"1909","2","5","4","68","96","326","427","548","672","C0751362"
"55129","2","5","8","63","45","23","34","464","187","C0751362"
"10134","2","3","2","41","219","339","156","536","342","C0751362"
"4763","2","5","7","60","54","24","30","46","214","C0751401"
"5134","2","3","12","19","219","276","91","271","356","C0751401"
"10262","2","3","2","22","33","323","66","101","136","C0751401"
"1584","2","3","5","79","159","256","276","353","456","C0751401"
"2626","2","3","12","19","31","118","155","287","116","C0751401"
"28982","2","3","5","25","44","165","101","274","358","C0751401"
"54808","2","3","12","76","153","40","38","54","75","C0751401"
"79048","2","3","2","110","85","237","433","547","671","C0751401"
"55636","2","3","3","19","221","321","428","423","389","C0751401"
"4540","2","3","2","48","170","50","119","444","556","C0751401"
"4000","2","3","12","26","105","178","226","297","156","C0751401"
"2261","2","5","7","53","14","20","25","40","186","C0751422"
"54332","2","3","2","60","170","40","98","66","203","C0751422"
"2778","2","5","4","68","96","326","427","548","672","C0751435"
"4359","2","5","7","53","51","342","454","573","492","C0751435"
"4635","2","5","8","63","45","23","103","464","187","C0751435"
"3949","2","5","7","60","14","184","341","544","669","C0751435"
"2657","2","5","7","53","51","342","259","423","389","C0751435"
"549","2","3","5","80","81","166","114","155","202","C0751466"
"1188","2","5","8","63","45","23","34","464","187","C0751466"
"5172","2","5","8","45","94","199","240","415","666","C0751466"
"546","2","3","12","19","31","261","426","1","86","C0751466"
"2033","2","3","12","19","31","1","91","433","118","C0751466"
"11285","2","3","2","74","205","191","396","408","620","C0751466"
"5885","2","3","12","76","153","40","38","54","75","C0751466"
"5194","2","3","5","43","161","305","409","208","482","C0751466"
"6444","2","5","8","63","45","23","103","464","187","C0751466"
"3105","2","5","7","53","51","119","156","287","116","C0751466"
"2978","2","3","5","80","81","272","223","518","621","C0751466"
"9451","2","3","2","110","51","335","226","297","380","C0751483"
"10021","2","5","8","63","36","166","106","110","158","C0751483"
"2178","2","3","12","19","31","261","116","1","86","C0751495"
"4851","2","3","12","19","221","143","428","236","667","C0751495"
"151","2","5","4","68","96","326","427","548","672","C0751495"
"3162","2","3","5","53","51","119","402","489","416","C0751495"
"6648","2","3","2","95","151","160","378","173","229","C0751495"
"50846","2","3","3","68","221","197","259","560","422","C0751495"
"3988","2","3","5","98","174","277","379","476","42","C0751495"
"633","2","5","7","53","51","342","454","573","492","C0751495"
"5830","2","3","5","43","161","305","409","208","482","C0751495"
"2099","2","3","12","19","151","276","91","433","118","C0751495"
"2157","2","5","7","53","51","342","454","573","702","C0751495"
"6125","2","3","2","110","85","237","433","547","671","C0751495"
"2353","2","3","12","19","31","1","91","489","416","C0751495"
"3861","2","1","6","11","142","225","142","220","298","C0751495"
"3578","2","5","7","53","70","99","25","543","290","C0751576"
"1290","2","5","7","53","51","342","454","573","492","C0751576"
"871","2","5","7","53","51","342","454","573","492","C0751576"
"5993","2","3","12","19","31","1","426","55","78","C0751617"
"658","2","5","7","53","51","342","259","423","389","C0751617"
"23483","2","3","2","28","191","306","143","452","258","C0751617"
"64123","2","5","7","53","51","342","444","560","373","C0751617"
"25959","2","3","3","19","151","276","91","433","118","C0751617"
"55109","2","5","7","42","81","184","118","543","214","C0751617"
"4509","2","3","2","48","170","50","119","444","556","C0751617"
"359","2","3","5","80","81","166","397","374","486","C0751617"
"3295","2","3","5","43","161","305","409","208","482","C0751617"
"2074","2","3","12","19","31","1","426","55","78","C0751617"
"1499","2","3","12","19","221","197","259","560","422","C0751617"
"3709","2","5","8","63","45","23","306","390","158","C0751617"
"7297","2","5","7","53","184","119","25","40","186","C0751617"
"207","2","3","7","53","14","20","34","489","416","C0751617"
"6309","2","3","5","19","151","76","48","69","204","C0751651"
"72","2","5","8","63","45","23","103","464","187","C0751651"
"3991","2","3","5","80","81","166","57","83","658","C0751651"
"8867","2","3","5","60","14","184","341","544","669","C0751651"
"10682","2","5","4","68","96","326","48","69","204","C0751651"
"1139","2","5","8","27","70","99","162","216","290","C0751651"
"5032","2","5","4","68","96","326","427","548","672","C0751651"
"54880","2","3","12","19","31","1","426","55","78","C0751651"
"1290","2","5","7","53","51","342","454","573","492","C0751651"
"3265","2","5","7","60","54","24","30","46","72","C0751674"
"6340","2","5","8","63","45","23","34","464","187","C0751674"
"11231","2","3","2","110","105","178","226","297","380","C0751674"
"3908","2","5","7","53","51","342","454","573","492","C0751674"
"1026","2","3","12","19","31","1","116","489","416","C0751674"
"2260","2","5","7","53","14","20","25","40","186","C0751688"
"26191","2","5","7","53","14","20","25","40","186","C0751688"
"5476","2","3","7","34","52","216","395","152","310","C0751688"
"4000","2","3","12","26","105","178","226","297","156","C0751688"
"6913","2","3","3","19","221","321","428","541","667","C0751688"
"8216","2","3","12","41","119","330","214","454","144","C0751688"
"9241","2","5","7","53","51","342","259","423","389","C0751688"
"23118","2","3","12","41","219","339","156","568","697","C0751688"
"1281","2","5","7","53","51","342","454","573","492","C0751688"
"6821","2","3","5","114","211","332","175","556","256","C0751688"
"8575","2","3","2","22","33","323","66","101","194","C0751688"
"5190","2","3","5","43","161","305","409","208","482","C0751688"
"9829","2","5","7","60","14","184","341","544","669","C0751688"
"5354","2","5","7","27","36","150","341","223","628","C0751688"
"4647","2","5","7","60","83","101","126","170","224","C0751688"
"10683","2","5","7","53","51","143","428","560","667","C0751688"
"2146","2","3","12","19","31","1","426","55","78","C0751688"
"9031","2","3","12","19","31","1","426","55","78","C0751690"
"4604","2","5","8","63","45","23","103","464","187","C0751690"
"435","2","3","8","84","97","167","210","278","360","C0751690"
"3918","2","5","7","53","51","342","454","573","492","C0751690"
"4000","2","3","12","26","105","178","226","297","156","C0751706"
"7299","2","3","5","23","18","138","250","332","407","C0751706"
"4143","2","3","5","80","81","105","426","129","2","C0751706"
"1728","2","3","2","41","116","268","434","568","605","C0751706"
"627","2","5","7","53","51","335","444","423","373","C0751706"
"4724","2","3","2","48","170","50","119","444","556","C0751706"
"6134","2","3","2","110","85","237","433","547","671","C0751706"
"2571","2","3","2","67","142","71","152","197","219","C0751748"
"23363","2","3","12","41","116","268","434","468","213","C0751748"
"6908","2","3","12","19","31","1","116","159","211","C0751748"
"8085","2","3","12","19","31","1","426","55","78","C0751748"
"9569","2","3","12","19","31","276","91","433","118","C0751783"
"9896","2","3","5","80","81","296","399","201","274","C0751783"
"6736","2","3","12","19","31","276","91","433","667","C0751785"
"81","2","5","7","53","51","342","454","573","702","C0751785"
"1302","2","5","7","53","51","342","454","573","492","C0751785"
"547","2","3","7","76","153","40","38","54","75","C0751792"
"2260","2","5","7","53","14","20","25","40","186","C0751792"
"26873","2","3","5","83","171","97","237","77","391","C0751830"
"57822","2","3","12","19","31","1","426","55","78","C0751830"
"811","2","3","2","41","116","342","423","536","342","C0751830"
"9129","2","3","2","22","33","323","66","101","136","C0751870"
"1235","2","5","4","68","96","326","427","548","672","C0751870"
"183","2","5","4","68","96","326","427","548","672","C0751870"
"1300","2","5","7","53","51","342","454","573","492","C0751882"
"2261","2","5","7","53","14","20","25","40","186","C0751882"
"1807","2","3","5","80","23","186","79","560","273","C0751883"
"833","2","3","2","110","85","237","433","547","154","C0751883"
"2707","2","3","12","76","153","40","38","54","75","C0751883"
"9440","2","4","3","24","119","330","214","454","144","C0751883"
"1585","2","3","5","79","159","256","351","100","589","C0751883"
"242","2","3","5","11","142","223","142","220","298","C0751883"
"55612","2","5","7","60","36","71","177","560","701","C0751883"
"7051","2","1","6","11","142","225","142","220","298","C0751883"
"701","2","3","12","76","153","40","38","54","75","C0751883"
"8799","2","3","5","43","161","305","409","208","482","C0751883"
"55687","2","3","2","48","170","152","119","252","154","C0751883"
"633","2","5","7","53","51","342","454","573","492","C0751884"
"3784","2","5","8","63","36","166","106","110","158","C0751884"
"7490","2","3","3","19","221","321","428","541","667","C0751884"
"55636","2","3","3","19","221","321","428","423","389","C0751884"
"1352","2","3","2","48","170","50","119","444","556","C0751884"
"11141","2","5","7","53","36","335","444","223","373","C0751884"
"213","2","5","7","53","51","342","454","573","492","C0751884"
"1528","2","3","5","91","214","271","372","471","586","C0751884"
"3663","2","3","12","53","184","119","156","287","116","C0751895"
"2130","2","3","2","22","33","323","66","491","609","C0751895"
"2645","2","3","2","90","167","266","367","101","664","C0751895"
"2188","2","3","12","19","31","261","116","1","86","C0751895"
"6326","2","5","8","63","36","166","341","390","158","C0751895"
"4613","2","3","12","19","31","1","426","55","78","C0751955"
"120227","2","3","5","91","214","101","126","460","224","C0751955"
"5604","2","5","7","53","14","20","34","540","68","C0751955"
"3459","2","5","7","53","184","119","156","287","116","C0751955"
"4644","2","5","7","60","54","184","141","359","411","C0751955"
"9968","2","4","3","24","119","330","214","454","144","C0752109"
"6496","2","3","3","19","221","321","428","541","667","C0752109"
"7317","2","3","12","41","116","268","434","468","213","C0752109"
"3479","2","5","7","53","51","342","454","573","492","C0752109"
"51626","2","3","12","76","153","40","38","54","75","C0752143"
"27031","2","3","6","11","142","225","38","331","506","C0752143"
"54101","2","3","2","48","170","50","347","167","593","C0752143"
"7050","2","3","12","19","31","321","428","541","667","C0752160"
"1062","2","3","12","76","153","40","38","54","75","C0752160"
"8985","2","5","7","53","51","342","454","573","492","C0752166"
"9401","2","3","12","76","31","261","116","1","86","C0752166"
"1836","2","3","2","35","41","94","260","330","375","C0752166"
"9394","2","3","2","74","58","112","148","193","263","C0752166"
"4867","2","5","7","76","153","40","38","54","75","C0752166"
"7291","2","3","12","19","151","276","91","489","416","C0752166"
"5308","2","3","3","19","221","321","428","541","667","C0752166"
"5373","2","3","2","90","167","123","158","207","278","C0752166"
"1415","2","3","6","63","45","160","362","177","673","C0752166"
"10804","2","3","12","76","153","40","38","54","75","C0752166"
"5906","2","5","7","34","52","216","30","46","72","C0752166"
"6223","2","3","2","110","85","237","433","547","671","C0752166"
"2719","2","5","7","53","51","342","454","573","492","C0752166"
"9184","2","3","12","76","153","40","38","54","75","C0752166"
"9499","2","5","7","53","51","23","103","464","187","C0752166"
"4620","2","5","8","63","45","23","103","464","187","C0752166"
"1813","2","5","4","68","96","326","427","548","672","C0752166"
"2773","2","5","4","68","96","326","427","548","672","C0752166"
"3691","2","5","7","53","51","342","454","573","492","C0752166"
"554","2","5","4","68","96","326","427","548","672","C0752166"
"8626","2","3","3","19","221","321","428","541","667","C0752166"
"6876","2","5","7","53","51","342","454","573","492","C0752166"
"720","2","5","7","53","51","342","454","573","492","C0752210"
"2332","2","3","2","22","33","71","373","466","609","C0752210"
"6578","2","3","5","35","41","77","40","57","80","C0752252"
"5781","2","5","7","53","14","20","25","40","186","C0752252"
"10265","2","3","3","19","221","321","428","541","667","C0752262"
"7422","2","5","7","53","51","342","454","573","702","C0752262"
"9966","2","5","12","41","219","339","156","568","697","C0752282"
"25794","2","5","6","11","142","225","142","220","673","C0752282"
"7248","2","3","2","48","57","110","141","359","462","C0752282"
"3990","2","3","5","26","35","178","9","414","220","C0752282"
"23443","2","3","2","78","206","324","430","429","544","C0752308"
"6310","2","3","12","22","142","225","366","362","468","C0752308"
"274","2","5","7","60","14","184","341","544","669","C0752308"
"3981","2","3","12","19","31","261","116","1","86","C0752308"
"2317","2","5","7","63","45","23","103","287","664","C0752308"
"950","2","5","7","60","14","184","341","544","669","C0752323"
"54101","2","3","2","48","170","50","347","167","593","C0752323"
"2773","2","5","4","68","96","326","427","548","672","C0752323"
"2737","2","3","12","19","116","321","428","54","667","C0752323"
"7337","2","3","12","41","116","268","434","468","213","C0752323"
"5979","2","5","7","53","14","20","25","40","186","C0752323"
"3952","2","5","3","53","151","276","91","433","118","C0752323"
"1186","2","5","8","63","45","23","34","464","187","C0752323"
"7415","2","3","7","34","52","216","395","536","445","C0752323"
"5648","2","5","7","53","51","119","395","549","674","C0752347"
"2697","2","3","7","76","153","40","38","54","75","C0752347"
"2033","2","3","12","19","31","1","91","433","118","C0752347"
"790","2","3","12","41","219","339","347","206","627","C0752347"
"25970","2","5","7","53","14","20","25","40","116","C0752347"
"6314","2","3","12","19","31","1","426","568","78","C0752347"
"58","2","5","8","63","45","23","103","464","187","C0752347"
"843","2","3","12","41","219","339","156","568","697","C0752347"
"128674","2","5","4","68","96","326","427","548","672","C0752347"
"2068","2","3","12","19","31","261","116","159","211","C0752347"
"3984","2","5","7","53","14","20","34","540","68","C0752347"
"2074","2","3","12","19","31","1","426","55","78","C0752347"
"3239","2","3","3","19","221","321","428","541","667","C0752347"
"9343","2","3","2","22","33","323","66","101","136","C0752347"
"4982","2","5","12","41","219","339","156","568","697","C0752347"
"22","2","3","2","48","170","279","423","274","154","C0752347"
"4137","2","3","7","27","36","150","341","223","628","C0752347"
"4000","2","3","12","26","105","178","226","297","156","C0752347"
"8504","2","3","5","47","144","185","238","310","392","C0752347"
"7171","2","5","8","63","45","23","103","464","187","C0752347"
"23363","2","3","12","41","116","268","434","468","213","C0752347"
"54551","2","3","12","41","219","197","156","568","422","C0752351"
"189","2","3","5","43","161","305","409","208","482","C0752351"
"675","2","3","12","19","31","261","116","1","86","C0752351"
"3636","2","3","5","80","14","20","25","40","186","C0752351"
"23193","2","3","2","41","116","178","423","536","342","C0752351"
"22868","2","3","2","48","182","67","76","463","153","C0752351"
"4626","2","5","8","63","45","23","103","464","187","C0752351"
"5506","2","3","12","76","137","76","136","82","658","C0795690"
"11311","2","3","12","19","31","118","155","287","116","C0795690"
"4613","2","3","12","19","31","1","426","55","78","C0795690"
"7048","2","5","7","53","51","342","259","423","389","C0795690"
"1352","2","3","2","48","170","50","119","444","556","C0795690"
"7841","2","3","2","41","116","178","423","536","445","C0795690"
"51702","2","3","12","19","31","1","426","55","78","C0795690"
"7531","2","3","2","48","170","110","329","251","533","C0795690"
"857","2","5","7","53","45","23","57","83","422","C0795690"
"26580","2","5","8","27","70","99","162","216","290","C0795690"
"5157","2","5","7","80","81","342","367","500","577","C0795690"
"3074","2","3","7","34","52","216","395","549","607","C0795690"
"7468","2","3","12","19","31","1","426","55","78","C0795690"
"54880","2","3","12","19","31","1","426","55","78","C0795690"
"2263","2","5","7","53","14","20","25","40","186","C0795690"
"23729","2","3","2","90","167","148","36","51","383","C0795690"
"6663","2","3","3","19","221","321","428","541","667","C0795690"
"23230","2","5","7","11","142","71","341","560","219","C0795690"
"1855","2","5","12","76","153","197","259","560","422","C0795690"
"4854","2","5","7","53","51","143","428","236","667","C0795690"
"1490","2","5","7","53","51","342","454","573","492","C0795806"
"3265","2","5","7","60","54","24","30","46","72","C0795806"
"2796","2","5","4","68","96","326","427","548","672","C0795806"
"9896","2","3","5","80","81","296","399","201","274","C0795864"
"4512","2","3","2","48","170","110","141","359","8","C0795864"
"9394","2","3","2","74","58","112","148","193","263","C0795905"
"54714","2","5","8","63","36","166","106","110","158","C0795905"
"2121","2","3","12","41","116","268","434","568","605","C0795907"
"51062","2","5","7","27","36","150","402","489","373","C0795907"
"11234","2","3","5","60","18","184","341","544","669","C0795907"
"196","2","3","3","19","151","276","91","433","118","C0795907"
"1290","2","5","7","53","51","342","454","573","492","C0795907"
"4049","2","3","12","41","219","339","156","568","697","C0795907"
"2022","2","5","7","53","51","342","259","423","389","C0795907"
"10806","2","3","12","76","153","40","38","54","75","C0795907"
"4000","2","3","12","26","105","178","226","297","156","C0795907"
"2778","2","5","4","68","96","326","427","548","672","C0795996"
"1294","2","5","7","53","51","342","454","573","492","C0795996"
"1814","2","5","4","68","96","326","427","548","672","C0795996"
"2316","2","5","7","53","51","342","454","573","702","C0795998"
"55112","2","3","12","76","153","40","38","54","75","C0795998"
"1302","2","5","7","53","51","342","454","573","492","C0796004"
"2317","2","5","7","63","45","23","103","287","664","C0796004"
"2177","2","3","2","110","90","261","431","545","443","C0796004"
"10060","2","3","8","41","45","23","423","464","445","C0796004"
"582","2","3","12","76","153","76","38","54","75","C0796013"
"55112","2","3","12","76","153","40","38","54","75","C0796013"
"4880","2","3","4","19","96","326","427","548","672","C0796016"
"4208","2","3","12","19","151","276","91","433","118","C0796016"
"4204","2","3","12","19","31","1","426","55","78","C0796022"
"5244","2","3","3","41","151","276","91","433","118","C0796022"
"10002","2","3","3","19","151","276","91","433","118","C0796022"
"1027","2","3","12","19","31","1","116","1","86","C0796032"
"4893","2","5","7","34","52","24","30","46","72","C0796032"
"8820","2","3","3","19","221","321","428","541","667","C0796037"
"6845","2","5","7","60","14","184","341","544","669","C0796037"
"8742","2","3","12","41","219","339","156","568","697","C0796059"
"51098","2","3","12","76","153","40","38","54","75","C0796059"
"7284","2","3","2","48","182","67","76","463","153","C0796070"
"2488","2","5","4","68","96","326","427","548","672","C0796070"
"4990","2","3","3","19","221","321","428","541","667","C0796070"
"2252","2","5","7","53","14","20","25","40","186","C0796126"
"54880","2","3","12","19","31","1","426","55","78","C0796126"
"29123","2","3","12","19","151","276","91","433","118","C0796126"
"4854","2","5","7","53","51","143","428","236","667","C0796126"
"6775","2","5","7","53","14","119","25","40","186","C0796126"
"3567","2","5","7","53","14","20","25","40","186","C0796137"
"590","2","3","5","85","143","286","51","488","604","C0796137"
"190","2","3","3","19","151","276","91","433","118","C0796147"
"554","2","5","4","68","96","326","427","548","672","C0796147"
"4626","2","5","8","63","45","23","103","464","187","C0796147"
"1030","2","3","12","19","31","1","426","55","78","C0796154"
"8289","2","3","12","19","31","1","426","55","78","C0796154"
"25886","2","3","12","76","153","76","136","472","435","C0796154"
"7048","2","5","7","53","51","342","259","423","389","C0796205"
"348","2","5","7","53","51","342","454","573","492","C0796205"
"64121","2","3","2","48","57","110","141","359","462","C0796208"
"2200","2","5","7","53","51","342","454","573","492","C0796208"
"2719","2","5","7","53","51","342","454","573","492","C0796232"
"9897","2","3","12","76","18","75","38","1","212","C0796232"
"275","2","3","5","106","104","214","70","377","488","C0796274"
"50484","2","3","5","80","109","182","235","307","506","C0796274"
"796","2","5","4","68","96","326","427","548","672","C0796279"
"1917","2","3","12","41","219","339","347","572","658","C0796279"
"3620","2","3","5","91","214","183","307","391","507","C0809983"
"11285","2","3","2","74","205","191","396","408","620","C0809983"
"23594","2","3","12","76","153","261","116","1","86","C0809983"
"54790","2","3","12","19","31","1","426","55","78","C0809983"
"23418","2","5","7","53","36","71","177","560","373","C0809983"
"8653","2","3","12","110","85","237","136","472","127","C0809983"
"3643","2","5","7","53","14","20","25","40","186","C0809983"
"8912","2","5","8","63","36","166","306","390","158","C0809983"
"5350","2","5","8","63","45","23","103","464","187","C0813217"
"401","2","3","3","19","221","321","428","541","667","C0813217"
"51259","2","3","2","76","153","40","38","54","75","C0813217"
"8820","2","3","3","19","221","321","428","541","667","C0813217"
"5000","2","3","12","76","31","261","116","1","86","C0813217"
"2778","2","5","4","68","96","326","427","548","672","C0813217"
"190","2","3","3","19","151","276","91","433","118","C0836924"
"10060","2","3","8","41","45","23","423","464","445","C0836924"
"701","2","3","12","76","153","40","38","54","75","C0836924"
"2261","2","5","7","53","14","20","25","40","186","C0836924"
"10084","2","3","2","22","33","323","66","101","136","C0836924"
"2068","2","3","12","19","31","261","116","159","211","C0836924"
"338","2","5","7","53","51","342","454","573","492","C0836924"
"1401","2","5","7","53","51","119","395","573","492","C0836924"
"1312","2","3","2","87","79","105","426","129","25","C0836924"
"8626","2","3","3","19","221","321","428","541","667","C0836924"
"7421","2","3","3","19","151","276","91","433","118","C0836924"
"2778","2","5","4","68","96","326","427","548","672","C0836924"
"23096","2","5","7","60","54","24","30","46","72","C0836924"
"55612","2","5","7","60","36","71","177","560","701","C0836924"
"3209","2","3","3","19","221","321","428","541","667","C0847614"
"3481","2","5","7","53","51","342","454","573","492","C0847614"
"4041","2","5","3","68","221","197","259","560","422","C0848558"
"8398","2","3","5","116","183","40","38","352","455","C0848558"
"51360","2","3","3","26","35","276","91","433","203","C0848558"
"2263","2","5","7","53","14","20","25","40","186","C0848558"
"10262","2","3","2","22","33","323","66","101","136","C0850703"
"2896","2","5","7","34","52","216","395","549","674","C0850703"
"847","2","3","7","34","52","216","395","549","674","C0850703"
"54919","2","3","2","41","96","279","304","370","257","C0850703"
"9056","2","3","8","45","94","199","240","415","666","C0850703"
"3852","2","1","6","11","142","225","142","220","298","C0850703"
"4893","2","5","7","34","52","24","30","46","72","C0850703"
"9949","2","3","2","22","33","225","142","220","298","C0850703"
"763","2","3","5","35","41","77","40","526","647","C0850703"
"5155","2","5","7","53","51","342","454","573","186","C0850703"
"6900","2","5","7","53","51","342","454","223","373","C0850703"
"3741","2","5","8","63","36","166","106","110","158","C0850703"
"2969","2","3","12","19","31","276","91","433","118","C0850715"
"2717","2","3","7","34","52","216","395","549","674","C0850715"
"54714","2","5","8","63","36","166","106","110","158","C0850715"
"7879","2","5","7","34","54","24","30","46","72","C0850715"
"6654","2","5","7","60","54","24","30","46","72","C0850715"
"5192","2","3","5","43","161","305","409","208","482","C0850715"
"5195","2","3","5","43","161","305","409","208","482","C0850715"
"3291","2","3","2","69","83","101","94","133","318","C0850715"
"7140","2","5","8","63","45","23","103","464","187","C0850715"
"4540","2","3","2","48","170","50","119","444","556","C0850715"
"8891","2","3","2","110","85","237","433","547","671","C0852036"
"4695","2","3","2","48","170","50","119","444","556","C0852036"
"345","2","5","7","53","51","342","454","573","492","C0852283"
"3845","2","5","7","60","54","24","30","46","72","C0852283"
"2638","2","5","8","63","45","23","103","464","187","C0852283"
"10484","2","3","7","60","153","40","38","54","203","C0852283"
"6338","2","5","8","63","45","23","34","464","187","C0852283"
"1301","2","5","7","53","51","342","454","573","492","C0852283"
"249","2","3","5","27","51","335","444","560","373","C0852283"
"6261","2","5","8","63","45","23","34","464","187","C0852283"
"4853","2","3","12","19","124","143","428","236","667","C0852283"
"9173","2","5","7","53","14","20","25","40","186","C0852283"
"51750","2","3","12","19","31","261","116","1","86","C0852283"
"3663","2","3","12","53","184","119","156","287","116","C0852283"
"55612","2","5","7","60","36","71","177","560","701","C0852283"
"859","2","5","8","63","45","23","103","464","187","C0852283"
"7227","2","3","12","19","31","276","91","433","118","C0852283"
"546","2","3","12","19","31","261","426","1","86","C0852866"
"6204","2","3","2","110","85","237","433","547","671","C0852866"
"5327","2","5","7","53","51","342","454","573","492","C0853068"
"5139","2","3","4","68","96","326","427","548","672","C0853068"
"5781","2","5","7","53","14","20","25","40","186","C0853068"
"4508","2","3","2","48","170","50","119","444","556","C0853068"
"64375","2","3","3","19","119","330","214","454","144","C0853068"
"8626","2","3","3","19","221","321","428","541","667","C0853068"
"2301","2","5","6","11","142","225","142","220","673","C0853068"
"1723","2","3","2","48","170","50","119","444","556","C0853085"
"3845","2","5","7","60","54","24","30","46","72","C0853085"
"6499","2","3","2","110","85","237","433","547","671","C0853085"
"51360","2","3","3","26","35","276","91","433","203","C0853085"
"72","2","5","8","63","45","23","103","464","187","C0853085"
"3145","2","3","5","80","81","166","132","175","473","C0853087"
"114","2","5","4","68","96","326","427","548","672","C0853087"
"5506","2","3","12","76","137","76","136","82","658","C0853087"
"3784","2","5","8","63","36","166","106","110","158","C0853087"
"673","2","5","7","53","14","20","34","540","68","C0853087"
"116228","2","3","2","48","170","50","119","444","556","C0853087"
"9060","2","3","2","68","18","63","69","102","143","C0853087"
"54820","2","3","12","76","153","40","38","54","75","C0853087"
"5450","2","3","12","19","221","261","116","159","211","C0853087"
"8710","2","5","7","68","51","342","454","573","492","C0853087"
"2668","2","5","7","53","14","20","25","40","186","C0853087"
"1356","2","3","7","53","51","342","454","573","492","C0853087"
"4838","2","5","3","53","221","321","259","423","389","C0853087"
"3305","2","3","12","41","219","339","347","271","356","C0853087"
"2697","2","3","7","76","153","40","38","54","75","C0853087"
"7473","2","5","3","68","221","197","259","560","422","C0853087"
"54209","2","5","7","53","51","119","395","549","674","C0853087"
"23742","2","5","5","68","96","326","427","447","586","C0853087"
"50846","2","3","3","68","221","197","259","560","422","C0853087"
"2627","2","3","12","19","31","118","155","287","116","C0853087"
"2200","2","5","7","53","51","342","454","573","492","C0853087"
"8214","2","3","6","11","142","225","142","220","298","C0853087"
"6888","2","3","2","90","167","266","367","500","577","C0853193"
"5982","2","3","12","19","31","261","116","1","86","C0853193"
"5979","2","5","7","53","14","20","25","40","186","C0853193"
"51715","2","5","7","60","54","24","30","46","72","C0853193"
"8676","2","5","7","60","142","184","341","66","203","C0853193"
"4683","2","3","12","19","31","261","116","1","86","C0853193"
"54808","2","3","12","76","153","40","38","54","75","C0853193"
"3481","2","5","7","53","51","342","454","573","492","C0853193"
"9210","2","5","7","53","51","342","454","573","492","C0853193"
"6352","2","5","4","68","96","326","427","548","672","C0853193"
"22954","2","3","12","41","116","268","434","468","213","C0853193"
"7051","2","1","6","11","142","225","142","220","298","C0853193"
"1828","2","5","7","34","52","216","142","220","298","C0853193"
"3094","2","3","2","48","170","266","367","500","78","C0853193"
"6392","2","3","2","48","170","50","119","444","556","C0853193"
"2950","2","5","7","34","52","216","395","549","674","C0853193"
"5663","2","5","7","34","52","216","395","549","667","C0853193"
"10804","2","3","12","76","153","40","38","54","75","C0853877"
"2261","2","5","7","53","14","20","25","40","186","C0853877"
"55072","2","3","12","41","219","339","156","568","697","C0853877"
"3988","2","3","5","98","174","277","379","476","42","C0853897"
"1813","2","5","4","68","96","326","427","548","672","C0853897"
"23534","2","3","2","22","33","323","66","101","136","C0853897"
"1836","2","3","2","35","41","94","260","330","375","C0853897"
"2717","2","3","7","34","52","216","395","549","674","C0853897"
"5194","2","3","5","43","161","305","409","208","482","C0853897"
"8195","2","3","12","76","153","76","38","54","75","C0853897"
"23334","2","3","5","48","179","289","133","179","476","C0853897"
"7157","2","3","12","19","31","261","402","489","551","C0853897"
"7345","2","3","12","41","116","268","341","223","628","C0853897"
"9939","2","3","2","22","33","323","66","101","136","C0853945"
"215","2","3","5","47","144","185","238","310","392","C0853945"
"2936","2","3","2","48","57","110","141","359","229","C0853945"
"641","2","3","12","19","31","261","116","1","86","C0853945"
"930","2","5","7","53","14","119","25","40","186","C0853945"
"785","2","5","8","63","36","166","106","110","158","C0853945"
"25836","2","3","12","76","153","40","38","54","75","C0853945"
"26119","2","5","7","60","14","184","341","544","669","C0853945"
"10014","2","3","12","19","31","276","91","433","118","C0853945"
"10280","2","3","2","110","85","52","57","86","119","C0853945"
"3845","2","5","7","60","54","24","30","46","72","C0854021"
"887","2","5","4","68","96","326","427","548","672","C0854021"
"6792","2","5","7","53","14","20","34","540","68","C0854107"
"3763","2","5","8","63","36","166","106","110","158","C0854107"
"2175","2","3","12","19","31","261","116","1","86","C0854107"
"1244","2","3","12","41","116","268","423","536","445","C0854107"
"9321","2","3","12","76","153","40","38","54","203","C0854107"
"5521","2","3","12","76","137","76","136","472","435","C0854107"
"3690","2","5","7","53","51","342","454","573","492","C0854107"
"2263","2","5","7","53","14","20","25","40","186","C0854107"
"931","2","5","7","53","14","119","156","287","116","C0854107"
"9469","2","3","2","103","189","303","29","475","467","C0854107"
"7454","2","5","7","60","14","20","25","40","215","C0854110"
"7415","2","3","7","34","52","216","395","536","445","C0854110"
"51082","2","3","2","19","31","1","426","55","78","C0854110"
"6335","2","5","8","63","36","166","341","390","158","C0854110"
"2138","2","3","12","19","31","1","426","55","78","C0854110"
"2215","2","5","7","34","52","216","395","549","674","C0854110"
"1761","2","3","3","19","221","321","428","541","667","C0854110"
"2821","2","5","7","34","52","216","395","549","577","C0854110"
"7518","2","3","12","19","31","261","116","1","86","C0854110"
"135656","2","5","4","68","96","326","188","145","193","C0854110"
"27032","2","5","8","63","45","23","103","464","187","C0854110"
"7099","2","5","7","41","219","339","156","568","697","C0854110"
"94","2","5","7","53","51","342","259","423","389","C0854110"
"1281","2","5","7","53","51","342","454","573","492","C0854242"
"1280","2","5","7","53","51","342","454","573","492","C0854242"
"6276","2","5","7","34","52","216","395","572","697","C0854242"
"3763","2","5","8","63","36","166","106","110","158","C0854723"
"54345","2","5","3","19","221","321","428","541","667","C0854723"
"3908","2","5","7","53","51","342","454","573","492","C0854723"
"2263","2","5","7","53","14","20","25","40","186","C0854723"
"4842","2","3","5","63","45","71","177","464","219","C0854723"
"3048","2","3","12","19","31","118","155","287","116","C0854723"
"5873","2","5","7","34","54","24","30","46","72","C0854723"
"23090","2","3","12","19","151","276","91","433","118","C0854723"
"2737","2","3","12","19","116","321","428","54","667","C0854723"
"2239","2","3","2","74","51","342","454","573","492","C0854723"
"9409","2","3","5","43","161","305","409","208","482","C0854723"
"8085","2","3","12","19","31","1","426","55","78","C0854723"
"5194","2","3","5","43","161","305","409","208","482","C0854723"
"53373","2","5","8","63","45","23","34","464","187","C0854723"
"7157","2","3","12","19","31","261","402","489","551","C0854723"
"7374","2","3","12","19","31","261","116","1","86","C0854723"
"860","2","3","12","19","31","276","91","433","118","C0854723"
"4089","2","3","12","19","219","339","259","423","605","C0854723"
"23483","2","3","2","28","191","306","143","452","258","C0854723"
"1118","2","3","7","34","52","216","395","549","674","C0854723"
"5351","2","5","7","53","51","342","454","573","492","C0854723"
"472","2","3","12","19","31","261","116","1","86","C0854723"
"4645","2","3","4","67","92","293","55","75","311","C0854723"
"55651","2","3","2","110","85","237","433","547","671","C0854723"
"567","2","5","7","34","52","119","395","549","674","C0854723"
"22930","2","5","7","60","54","24","30","46","72","C0854723"
"5251","2","3","5","80","81","296","474","593","722","C0854723"
"633","2","5","7","53","51","342","454","573","492","C0854723"
"2301","2","5","6","11","142","225","142","220","673","C0854723"
"2266","2","5","7","53","51","342","454","573","492","C0854723"
"9365","2","3","7","53","14","20","25","40","186","C0854723"
"3769","2","5","8","63","36","166","106","110","158","C0854723"
"972","2","5","7","53","51","119","454","287","116","C0854723"
"23545","2","3","5","29","88","132","85","222","346","C0855740"
"4853","2","3","12","19","124","143","428","236","667","C0855740"
"8195","2","3","12","76","153","76","38","54","75","C0855740"
"10982","2","3","12","76","153","40","38","54","75","C0855740"
"2317","2","5","7","63","45","23","103","287","664","C0855740"
"6337","2","5","8","63","45","23","34","464","187","C0855740"
"3766","2","5","8","63","36","166","106","110","158","C0855740"
"8823","2","5","7","53","14","20","25","40","186","C0855740"
"4998","2","3","12","76","31","261","116","1","86","C0855740"
"6521","2","5","8","35","41","199","40","415","666","C0855740"
"30062","2","3","3","19","221","321","428","541","667","C0855740"
"1280","2","5","7","53","51","342","454","573","492","C0855740"
"55005","2","3","2","68","96","326","427","429","544","C0855742"
"3972","2","5","4","68","96","326","427","548","672","C0855742"
"841","2","3","12","41","219","339","156","568","697","C0855742"
"26160","2","3","12","76","153","40","38","54","75","C0855742"
"570","2","3","5","43","161","305","409","255","56","C0855742"
"2316","2","5","7","53","51","342","454","573","702","C0855742"
"9365","2","3","7","53","14","20","25","40","186","C0855742"
"60","2","3","12","60","45","184","155","287","78","C0855742"
"5566","2","3","12","76","14","20","34","540","75","C0855742"
"9056","2","3","8","45","94","199","240","415","666","C0855791"
"7422","2","5","7","53","51","342","454","573","702","C0855791"
"2074","2","3","12","19","31","1","426","55","78","C0855791"
"55636","2","3","3","19","221","321","428","423","389","C0855791"
"55636","2","3","3","19","221","321","428","423","389","C0855791"
"190","2","3","3","19","151","276","91","433","118","C0856727"
"5265","2","5","7","34","52","216","395","573","702","C0856727"
"1203","2","3","2","41","170","342","423","536","342","C0856747"
"9394","2","3","2","74","58","112","148","193","263","C0856747"
"6497","2","5","3","19","221","342","259","423","389","C0856747"
"843","2","3","12","41","219","339","156","568","697","C0856747"
"3081","2","3","2","91","51","3","267","308","429","C0856747"
"9871","2","3","7","60","153","40","38","54","203","C0856761"
"5368","2","5","4","68","96","326","427","548","672","C0856761"
"10225","2","5","7","53","51","119","395","549","674","C0856863"
"7249","2","3","7","60","57","110","141","359","462","C0856863"
"1406","2","3","3","19","221","321","428","541","667","C0856863"
"2239","2","3","2","74","51","342","454","573","492","C0856863"
"58","2","5","8","63","45","23","103","464","187","C0856863"
"6138","2","3","2","110","85","237","433","547","671","C0856863"
"7037","2","5","7","60","14","184","341","544","669","C0856863"
"4607","2","5","7","53","51","23","103","464","187","C0856863"
"6340","2","5","8","63","45","23","34","464","187","C0856863"
"6495","2","3","3","19","221","321","428","541","667","C0856863"
"2629","2","3","5","80","81","250","291","152","420","C0856863"
"54880","2","3","12","19","31","1","426","55","78","C0856863"
"3123","2","5","7","53","51","119","156","287","116","C0856863"
"3284","2","3","2","69","98","169","299","183","243","C0856863"
"8216","2","3","12","41","119","330","214","454","144","C0856863"
"3115","2","5","7","53","184","119","156","287","116","C0856863"
"5922","2","5","7","60","54","24","30","46","72","C0856863"
"3030","2","3","2","48","57","339","44","65","31","C0856863"
"7010","2","5","7","53","14","20","25","40","186","C0856863"
"29954","2","5","2","27","206","324","430","215","290","C0856975"
"54585","2","3","12","76","153","76","38","54","75","C0856975"
"1536","2","5","7","34","52","216","395","549","674","C0856975"
"29089","2","3","12","41","116","268","434","468","213","C0856975"
"3190","2","3","2","22","33","323","66","101","136","C0856975"
"5828","2","3","5","43","161","305","409","208","482","C0856975"
"2811","2","5","7","53","51","1","454","573","78","C0856975"
"2138","2","3","12","19","31","1","426","55","78","C0856975"
"2719","2","5","7","53","51","342","454","573","492","C0856975"
"846","2","5","4","68","96","326","427","548","672","C0856975"
"10049","2","3","12","22","219","339","347","271","356","C0856975"
"8517","2","3","12","41","219","339","156","568","697","C0856975"
"10683","2","5","7","53","51","143","428","560","667","C0856975"
"5158","2","3","4","68","45","272","259","518","621","C0856975"
"1293","2","5","7","53","51","342","454","573","492","C0856975"
"9782","2","3","2","22","33","323","66","101","136","C0856975"
"3689","2","5","7","34","52","216","395","549","674","C0856975"
"9581","2","3","5","27","36","150","76","223","628","C0856975"
"5728","2","3","5","80","81","339","156","568","605","C0856975"
"4621","2","5","8","63","45","23","103","464","187","C0856975"
"9049","2","3","3","41","151","276","378","271","356","C0857007"
"6121","2","3","2","69","83","101","126","170","224","C0857007"
"9990","2","5","8","45","94","199","240","415","666","C0857007"
"1272","2","5","7","53","51","335","444","236","373","C0857460"
"26277","2","3","12","19","31","1","426","1","78","C0857460"
"1302","2","5","7","53","51","342","454","573","492","C0857460"
"207","2","3","7","53","14","20","34","489","416","C0857460"
"23534","2","3","2","22","33","323","66","101","136","C0857460"
"26227","2","3","2","41","137","44","208","81","108","C0857460"
"4854","2","5","7","53","51","143","428","236","667","C0857460"
"1134","2","5","8","27","70","99","162","216","290","C0857460"
"1723","2","3","2","48","170","50","119","444","556","C0857460"
"1588","2","3","5","79","159","256","350","27","44","C0857460"
"5896","2","3","12","41","116","268","434","568","605","C0857460"
"55997","2","5","3","53","221","321","259","423","389","C0857460"
"282808","2","5","7","60","54","24","30","46","72","C0857460"
"5604","2","5","7","53","14","20","34","540","68","C0857460"
"4914","2","3","2","22","18","266","202","252","252","C0857501"
"6927","2","3","3","19","221","321","428","541","667","C0857501"
"8216","2","3","12","41","119","330","214","454","144","C0857501"
"7480","2","5","3","68","221","197","259","560","422","C0857898"
"5605","2","5","7","53","14","20","34","540","68","C0857898"
"22954","2","3","12","41","116","268","434","468","213","C0857973"
"8924","2","3","12","41","116","268","434","468","213","C0857973"
"7353","2","3","12","41","219","339","156","568","605","C0857973"
"1513","2","5","7","53","51","342","454","573","492","C0857973"
"5961","2","5","7","27","51","326","126","414","702","C0857973"
"51085","2","3","2","48","57","110","141","359","462","C0857973"
"1499","2","3","12","19","221","197","259","560","422","C0857973"
"3981","2","3","12","19","31","261","116","1","86","C0857973"
"3115","2","5","7","53","184","119","156","287","116","C0857973"
"4507","2","3","5","80","81","296","399","572","702","C0857973"
"3371","2","5","7","53","51","342","454","573","492","C0857973"
"7512","2","5","5","27","51","335","444","560","373","C0857973"
"3889","2","1","6","11","142","225","142","220","298","C0857973"
"51601","2","3","2","67","92","293","55","75","311","C0857973"
"6648","2","3","2","95","151","160","378","173","229","C0858355"
"2074","2","3","12","19","31","1","426","55","78","C0858355"
"2243","2","5","7","53","51","342","454","573","492","C0858355"
"7421","2","3","3","19","151","276","91","433","118","C0858355"
"6792","2","5","7","53","14","20","34","540","68","C0858617"
"2100","2","3","3","19","151","276","91","433","118","C0858617"
"5589","2","5","7","53","51","342","454","573","492","C0858617"
"4361","2","3","12","19","31","261","116","1","86","C0858618"
"338","2","5","7","53","51","342","454","573","492","C0858618"
"652","2","5","7","53","51","342","454","573","492","C0858618"
"6154","2","3","2","110","85","237","433","547","671","C0858618"
"462","2","5","7","53","51","342","454","573","492","C0858618"
"6569","2","3","8","45","94","199","240","415","666","C0858618"
"4621","2","5","8","63","45","23","103","464","187","C0858618"
"3123","2","5","7","53","51","119","156","287","116","C0858618"
"5428","2","3","2","48","170","50","119","167","593","C0858867"
"8398","2","3","5","116","183","40","38","352","455","C0858867"
"5897","2","3","12","41","116","268","141","568","605","C0858867"
"3717","2","5","7","53","14","20","25","40","186","C0858867"
"7099","2","5","7","41","219","339","156","568","697","C0858867"
"7345","2","3","12","41","116","268","341","223","628","C0858867"
"4318","2","5","7","34","52","216","395","573","492","C0858867"
"1747","2","3","3","19","221","321","428","541","667","C0858867"
"112744","2","5","7","53","51","119","259","489","416","C0858867"
"8626","2","3","3","19","221","321","428","541","667","C0858867"
"55612","2","5","7","60","36","71","177","560","701","C0859942"
"1290","2","5","7","53","51","342","454","573","492","C0859942"
"2068","2","3","12","19","31","261","116","159","211","C0859942"
"249","2","3","5","27","51","335","444","560","373","C0859942"
"335","2","5","7","53","51","342","454","573","492","C0859942"
"23414","2","3","12","19","31","118","155","287","116","C0859942"
"54332","2","3","2","60","170","40","98","66","203","C0859942"
"4893","2","5","7","34","52","24","30","46","72","C0859976"
"3569","2","5","7","53","51","342","454","573","416","C0859976"
"4784","2","3","2","22","33","261","116","159","211","C0859976"
"6892","2","3","12","41","116","119","156","568","116","C0860204"
"23314","2","3","3","19","221","321","428","541","667","C0860204"
"7852","2","5","4","68","96","326","427","548","672","C0860204"
"25782","2","5","7","60","54","24","30","46","72","C0860439"
"3440","2","3","12","19","184","118","155","287","116","C0860439"
"5195","2","3","5","43","161","305","409","208","482","C0860439"
"8200","2","5","7","53","51","342","259","423","389","C0860439"
"7297","2","5","7","53","184","119","25","40","186","C0860904"
"10804","2","3","12","76","153","40","38","54","75","C0860904"
"860","2","3","12","19","31","276","91","433","118","C0872218"
"10243","2","3","2","27","91","71","204","267","352","C0872218"
"5447","2","3","5","91","214","271","372","471","586","C0872218"
"348","2","5","7","53","51","342","454","573","492","C0876973"
"10","2","3","12","91","214","261","116","1","86","C0876973"
"54345","2","5","3","19","221","321","428","541","667","C0876973"
"546","2","3","12","19","31","261","426","1","86","C0876973"
"715","2","5","7","53","51","119","395","549","674","C0876973"
"6664","2","3","3","19","221","321","428","541","667","C0876973"
"1836","2","3","2","35","41","94","260","330","375","C0876973"
"5111","2","3","12","19","31","261","116","1","86","C0876973"
"4214","2","3","12","41","219","339","34","540","117","C0876973"
"7439","2","5","8","63","45","23","34","464","187","C0876973"
"1497","2","5","2","63","182","50","103","297","628","C0876973"
"24","2","3","12","41","116","268","423","536","445","C0876973"
"3106","2","5","7","34","52","119","395","549","674","C0876973"
"56848","2","3","2","50","47","39","100","321","255","C0876973"
"50964","2","5","3","68","221","197","259","423","422","C0876973"
"4893","2","5","7","34","52","24","30","46","72","C0876973"
"6390","2","3","2","48","170","50","119","444","556","C0876973"
"9241","2","5","7","53","51","342","259","423","389","C0876973"
"4038","2","5","7","53","51","342","454","573","492","C0876973"
"170302","2","3","3","19","221","321","428","541","667","C0876973"
"7486","2","3","12","19","31","261","116","1","86","C0876973"
"6505","2","3","2","45","94","199","240","415","666","C0876973"
"6528","2","5","8","45","94","199","240","415","666","C0876973"
"4621","2","5","8","63","45","23","103","464","187","C0876973"
"9820","2","3","12","41","116","268","434","468","213","C0876973"
"8074","2","5","7","53","14","20","25","40","186","C0876973"
"9719","2","5","7","53","51","342","454","573","492","C0876973"
"7290","2","3","12","19","31","1","426","55","78","C0876973"
"9723","2","5","7","53","51","342","79","560","373","C0876973"
"51715","2","5","7","60","54","24","30","46","72","C0876991"
"10594","2","3","2","22","33","323","66","101","136","C0876991"
"3815","2","5","7","53","14","20","25","40","186","C0876991"
"421","2","5","7","42","51","335","444","560","373","C0876991"
"7422","2","5","7","53","51","342","454","573","702","C0876994"
"10038","2","3","12","19","31","261","116","1","86","C0876994"
"1294","2","5","7","53","51","342","454","573","492","C0877017"
"1280","2","5","7","53","51","342","454","573","492","C0877017"
"10461","2","5","7","53","14","20","25","40","186","C0877017"
"652","2","5","7","53","51","342","454","573","492","C0877017"
"4125","2","3","7","34","52","216","395","549","674","C0877056"
"781","2","5","8","63","36","166","341","223","158","C0877056"
"7385","2","3","2","48","170","50","119","514","85","C0877056"
"1297","2","5","7","53","51","342","454","573","492","C0877056"
"440275","2","3","2","110","85","237","433","547","671","C0877056"
"2516","2","3","3","19","151","276","91","433","118","C0877056"
"7431","2","3","12","41","45","23","103","489","416","C0877056"
"5979","2","5","7","53","14","20","25","40","186","C0877056"
"1855","2","5","12","76","153","197","259","560","422","C0877056"
"919","2","5","7","53","14","119","25","40","186","C0877056"
"6598","2","3","12","19","31","1","426","55","78","C0877165"
"2626","2","3","12","19","31","118","155","287","116","C0877165"
"9820","2","3","12","41","116","268","434","468","213","C0877165"
"6310","2","3","12","22","142","225","366","362","468","C0877165"
"3636","2","3","5","80","14","20","25","40","186","C0877165"
"374654","2","3","12","76","153","40","38","54","75","C0877165"
"5320","2","3","5","116","183","295","398","243","561","C0877165"
"2334","2","5","7","53","14","20","25","40","186","C0877165"
"4893","2","5","7","34","52","24","30","46","72","C0877165"
"3162","2","3","5","53","51","119","402","489","416","C0877165"
"3575","2","5","7","53","51","184","341","544","669","C0877165"
"7474","2","5","3","68","221","184","259","544","669","C0877165"
"1639","2","3","12","76","153","40","38","54","75","C0877165"
"3643","2","5","7","53","14","20","25","40","186","C0877165"
"5573","2","3","12","19","184","118","155","287","116","C0877165"
"6197","2","3","12","19","14","20","34","540","68","C0877165"
"26235","2","3","12","41","116","268","434","468","213","C0877165"
"5172","2","5","8","45","94","199","240","415","666","C0877165"
"4535","2","3","2","48","170","50","119","444","556","C0877165"
"7454","2","5","7","60","14","20","25","40","215","C0877165"
"10135","2","3","2","11","175","279","265","276","474","C0877165"
"2719","2","5","7","53","51","342","454","573","492","C0877165"
"367","2","3","12","19","31","276","91","433","118","C0877165"
"25836","2","3","12","76","153","40","38","54","75","C0877165"
"6049","2","3","12","41","116","268","434","468","213","C0877165"
"7249","2","3","7","60","57","110","141","359","462","C0877165"
"9631","2","3","12","22","33","323","66","101","664","C0877165"
"4976","2","3","2","48","170","50","119","444","556","C0877165"
"2798","2","5","4","68","96","326","427","548","672","C0877165"
"4247","2","3","2","68","67","320","98","180","279","C0877165"
"411","2","3","7","34","52","216","395","549","674","C0877165"
"5979","2","5","7","53","14","20","25","40","186","C0877165"
"1071","2","5","7","53","51","342","454","573","492","C0877326"
"9215","2","5","2","27","36","150","430","215","628","C0877326"
"1109","2","3","2","46","51","227","168","225","490","C0877326"
"2542","2","3","5","80","81","296","399","500","577","C0877326"
"9321","2","3","12","76","153","40","38","54","203","C0877326"
"6557","2","5","8","45","94","199","240","415","666","C0877326"
"3339","2","5","7","53","51","342","454","573","492","C0877326"
"778","2","5","8","63","36","166","341","223","158","C0877326"
"5624","2","5","7","53","51","342","454","573","492","C0877792"
"7373","2","5","7","53","51","342","454","573","492","C0877792"
"7136","2","5","8","63","45","23","103","464","187","C0877792"
"4000","2","3","12","26","105","178","226","297","156","C0877792"
"6913","2","3","3","19","221","321","428","541","667","C0878555"
"5727","2","3","12","68","221","197","259","560","422","C0878555"
"7471","2","5","3","68","221","197","259","560","422","C0878575"
"778","2","5","8","63","36","166","341","223","158","C0878575"
"9533","2","3","2","19","31","1","426","55","78","C0878575"
"7809","2","5","8","63","45","23","34","464","187","C0878575"
"5444","2","3","5","80","147","236","328","411","229","C0878575"
"6521","2","5","8","35","41","199","40","415","666","C0878575"
"7051","2","1","6","11","142","225","142","220","298","C0878575"
"3265","2","5","7","60","54","24","30","46","72","C0878575"
"5897","2","3","12","41","116","268","141","568","605","C0878575"
"1890","2","3","5","80","81","296","62","94","150","C0878575"
"1813","2","5","4","68","96","326","427","548","672","C0878575"
"6197","2","3","12","19","14","20","34","540","68","C0878575"
"114327","2","3","12","11","142","225","142","220","298","C0878575"
"5663","2","5","7","34","52","216","395","549","667","C0878575"
"23322","2","3","12","76","153","40","38","54","75","C0878575"
"5468","2","3","3","19","151","276","91","433","118","C0878575"
"7849","2","3","3","19","221","321","428","541","667","C0878659"
"257","2","3","3","19","221","321","428","541","667","C0878659"
"2316","2","5","7","53","51","342","454","573","702","C0878659"
"25978","2","3","2","48","57","110","141","359","462","C0878659"
"9466","2","5","7","53","51","119","395","549","674","C0878659"
"6310","2","3","12","22","142","225","366","362","468","C0878659"
"2657","2","5","7","53","51","342","259","423","389","C0878659"
"81794","2","5","7","53","51","342","454","573","492","C0878659"
"22891","2","3","12","76","153","40","341","54","75","C0878659"
"51651","2","3","12","41","219","339","156","568","605","C0878660"
"3991","2","3","5","80","81","166","57","83","658","C0878660"
"7353","2","3","12","41","219","339","156","568","605","C0878660"
"6690","2","5","7","68","51","119","395","549","674","C0878660"
"26281","2","5","7","53","14","20","25","40","186","C0878683"
"1798","2","3","2","48","69","99","162","216","290","C0878683"
"4547","2","5","7","53","51","342","454","573","492","C0878683"
"5447","2","3","5","91","214","271","372","471","586","C0878773"
"6663","2","3","3","19","221","321","428","541","667","C0878773"
"8820","2","3","3","19","221","321","428","541","667","C0878773"
"6785","2","3","5","67","7","5","239","311","393","C0878773"
"2022","2","5","7","53","51","342","259","423","389","C0887833"
"1294","2","5","7","53","51","342","454","573","492","C0887833"
"7421","2","3","3","19","151","276","91","433","118","C0887833"
"8928","2","3","12","19","221","321","259","423","389","C0887833"
"1278","2","5","7","53","51","342","454","573","492","C0887833"
"10020","2","3","2","89","124","204","42","452","258","C0887833"
"51204","2","3","2","48","170","50","119","444","556","C0887833"
"2629","2","3","5","80","81","250","291","152","420","C0887833"
"26146","2","3","12","76","153","40","38","54","75","C0887833"
"3207","2","3","3","19","221","321","428","541","667","C0887833"
"1181","2","5","8","63","45","23","34","464","187","C0887833"
"388753","2","3","2","48","170","50","304","167","593","C0887833"
"30835","2","5","7","53","51","119","395","549","674","C0887833"
"4790","2","3","7","34","52","216","166","129","697","C0887833"
"9968","2","4","3","24","119","330","214","454","144","C0887833"
"55612","2","5","7","60","36","71","177","560","701","C0887833"
"4089","2","3","12","19","219","339","259","423","605","C0887833"
"8626","2","3","3","19","221","321","428","541","667","C0887833"
"27130","2","3","12","48","45","143","38","236","69","C0887833"
"324","2","3","12","41","219","197","70","255","422","C0887833"
"3814","2","5","4","68","96","326","427","548","672","C0917796"
"3383","2","5","7","53","51","119","454","287","116","C0917796"
"1636","2","3","5","80","81","166","397","418","568","C0917796"
"7461","2","3","7","60","153","40","38","93","75","C0917796"
"8803","2","3","8","67","92","293","55","75","311","C0917796"
"26154","2","3","5","47","144","185","238","310","392","C0917796"
"2317","2","5","7","63","45","23","103","287","664","C0917796"
"3075","2","5","7","53","51","119","395","549","674","C0917796"
"7249","2","3","7","60","57","110","141","359","462","C0917796"
"23095","2","3","7","76","153","40","38","54","75","C0917796"
"4654","2","3","12","19","31","276","91","433","118","C0917796"
"7124","2","3","12","41","219","339","156","568","697","C0917796"
"4128","2","3","5","80","81","119","402","489","416","C0917796"
"8813","2","3","2","48","116","142","136","280","363","C0917796"
"51134","2","3","12","76","153","40","38","54","75","C0917798"
"1482","2","3","3","19","221","321","428","541","667","C0917798"
"1908","2","5","4","68","96","326","427","548","672","C0917798"
"10060","2","3","8","41","45","23","423","464","445","C0917798"
"26580","2","5","8","27","70","99","162","216","290","C0917798"
"2074","2","3","12","19","31","1","426","55","78","C0917798"
"4625","2","3","8","63","45","23","103","464","187","C0917798"
"4703","2","5","7","60","45","23","103","464","187","C0917798"
"51454","2","5","7","60","54","184","341","544","669","C0917798"
"28952","2","3","12","41","116","268","434","468","213","C0917798"
"2131","2","3","2","74","58","112","148","181","416","C0917798"
"5961","2","5","7","27","51","326","126","414","702","C0917798"
"7461","2","3","7","60","153","40","38","93","75","C0917798"
"6866","2","5","4","68","96","326","427","548","672","C0917798"
"2057","2","5","7","53","14","20","25","40","186","C0917798"
"2562","2","5","8","27","70","99","162","216","290","C0917798"
"8573","2","5","7","53","36","71","341","223","219","C0917798"
"4942","2","3","2","67","94","199","182","509","666","C0917798"
"4921","2","5","7","53","14","20","25","573","186","C0917798"
"5325","2","3","12","19","31","198","261","146","118","C0917798"
"7994","2","3","12","19","31","1","426","55","78","C0917798"
"58","2","5","8","63","45","23","103","464","187","C0917798"
"1629","2","3","2","67","92","293","55","75","311","C0917798"
"100507436","2","5","7","53","51","119","395","549","674","C0917798"
"857","2","5","7","53","45","23","57","83","422","C0917798"
"3481","2","5","7","53","51","342","454","573","492","C0917799"
"54551","2","3","12","41","219","197","156","568","422","C0917799"
"10491","2","5","7","53","51","342","454","573","492","C0917799"
"6915","2","5","4","68","96","326","427","548","672","C0917799"
"23274","2","5","7","53","51","119","395","549","674","C0917799"
"8878","2","3","12","41","219","339","156","568","697","C0917799"
"1410","2","3","12","63","45","23","38","54","187","C0917799"
"3784","2","5","8","63","36","166","106","110","158","C0917799"
"3972","2","5","4","68","96","326","427","548","672","C0917801"
"1280","2","5","7","53","51","342","454","573","492","C0917801"
"8822","2","5","7","53","14","20","25","40","186","C0917801"
"5781","2","5","7","53","14","20","25","40","186","C0917801"
"2313","2","3","12","19","31","276","91","433","118","C0917801"
"6557","2","5","8","45","94","199","240","415","666","C0917801"
"7468","2","3","12","19","31","1","426","55","78","C0917801"
"8517","2","3","12","41","219","339","156","568","697","C0917801"
"3845","2","5","7","60","54","24","30","46","72","C0917801"
"11315","2","3","2","48","170","50","399","201","229","C0917801"
"9420","2","3","5","79","159","256","215","282","366","C0917801"
"11277","2","3","12","19","31","261","116","1","86","C0917801"
"9896","2","3","5","80","81","296","399","201","274","C0917801"
"5894","2","5","7","60","54","23","34","464","187","C0917801"
"64220","2","3","2","69","83","101","126","170","224","C0917801"
"613","2","5","7","60","54","24","30","46","72","C0917801"
"4613","2","3","12","19","31","1","426","55","78","C0917804"
"2697","2","3","7","76","153","40","38","54","75","C0917804"
"5296","2","5","7","53","14","20","25","40","186","C0917805"
"685","2","5","7","53","14","20","25","40","186","C0917805"
"9907","2","3","5","27","142","335","444","560","214","C0917805"
"2218","2","5","2","53","123","194","255","560","373","C0917805"
"88","2","5","7","53","45","23","103","464","702","C0917805"
"7319","2","3","12","41","116","268","434","468","213","C0917805"
"2261","2","5","7","53","14","20","25","40","186","C0917805"
"4541","2","3","2","48","170","50","119","444","24","C0917805"
"1144","2","5","8","27","70","99","162","216","290","C0917805"
"6899","2","5","7","53","184","335","259","560","373","C0917805"
"10555","2","3","7","34","52","216","395","549","622","C0917805"
"4286","2","3","12","19","31","261","116","1","664","C0917805"
"9786","2","3","12","76","153","40","38","54","75","C0917817"
"54714","2","5","8","63","36","166","106","110","158","C0917817"
"5449","2","3","3","19","221","321","428","541","667","C0917817"
"4292","2","3","12","19","31","261","116","1","86","C0917817"
"10082","2","3","2","74","51","342","454","573","492","C0917990"
"23345","2","3","12","19","31","1","426","55","78","C0917990"
"1387","2","3","12","19","31","276","91","433","118","C0917990"
"3565","2","5","7","53","51","119","25","489","416","C0917990"
"9420","2","3","5","79","159","256","215","282","366","C0917990"
"5053","2","3","5","80","81","166","236","308","390","C0917990"
"6154","2","3","2","110","85","237","433","547","671","C0917990"
"8742","2","3","12","41","219","339","156","568","697","C0917990"
"2796","2","5","4","68","96","326","427","548","672","C0917990"
"23495","2","3","12","41","219","339","156","568","697","C0917990"
"6712","2","5","7","60","153","40","341","223","203","C0917990"
"5781","2","5","7","53","14","20","25","40","186","C0917990"
"1583","2","3","5","79","152","273","375","100","589","C0919532"
"2990","2","3","7","34","52","216","395","549","674","C0919532"
"5034","2","5","7","53","51","342","454","573","492","C0919532"
"1186","2","5","8","63","45","23","34","464","187","C0919532"
"2273","2","5","8","63","45","23","103","464","187","C0919718"
"2736","2","3","12","41","116","321","428","54","667","C0919718"
"973","2","5","7","53","14","20","25","40","186","C0919997"
"2018","2","3","3","19","221","321","428","541","667","C0919997"
"1453","2","3","2","76","153","40","433","54","75","C0920163"
"5818","2","5","7","53","51","335","444","560","373","C0920163"
"5573","2","3","12","19","184","118","155","287","116","C0920163"
"9742","2","3","12","76","153","40","38","54","75","C0920163"
"3662","2","5","7","53","184","119","156","287","116","C0920163"
"3043","2","5","7","34","52","216","395","549","116","C0920163"
"6913","2","3","3","19","221","321","428","541","667","C0920163"
"54433","2","3","2","110","85","237","433","547","671","C0920163"
"29123","2","3","12","19","151","276","91","433","118","C0920163"
"885","2","5","4","68","96","326","427","548","672","C0920163"
"2263","2","5","7","53","14","20","25","40","186","C0920163"
"1717","2","3","2","19","151","276","48","69","204","C0920163"
"59","2","5","8","63","45","23","103","464","187","C0920163"
"8398","2","3","5","116","183","40","38","352","455","C0920163"
"617","2","3","2","48","170","50","304","167","593","C0920163"
"1890","2","3","5","80","81","296","62","94","150","C0920163"
"9210","2","5","7","53","51","342","454","573","492","C0920163"
"2697","2","3","7","76","153","40","38","54","75","C0920163"
"2074","2","3","12","19","31","1","426","55","78","C0920163"
"10312","2","3","7","34","52","216","395","549","674","C0920163"
"8701","2","3","12","76","153","40","38","54","75","C0920163"
"4514","2","3","2","48","57","110","141","359","5","C0920163"
"3730","2","5","7","53","14","20","25","40","186","C0920269"
"673","2","5","7","53","14","20","34","540","68","C0920269"
"1947","2","5","7","53","51","20","25","560","373","C0920269"
"7157","2","3","12","19","31","261","402","489","551","C0920269"
"6310","2","3","12","22","142","225","366","362","468","C0920269"
"5644","2","5","7","68","51","119","395","549","674","C0920269"
"5317","2","5","7","34","52","216","142","220","298","C0920269"
"2153","2","5","7","53","51","342","454","573","492","C0920269"
"1301","2","5","7","53","51","342","454","573","492","C0920269"
"641","2","3","12","19","31","261","116","1","86","C0920269"
"10683","2","5","7","53","51","143","428","560","667","C0920269"
"2263","2","5","7","53","14","20","25","40","186","C0920269"
"9217","2","3","2","50","47","39","100","321","255","C0920299"
"3239","2","3","3","19","221","321","428","541","667","C0920299"
"1281","2","5","7","53","51","342","454","573","492","C0920299"
"5277","2","3","2","61","77","142","176","235","317","C0920299"
"1524","2","5","4","68","96","326","427","548","672","C0920299"
"2200","2","5","7","53","51","342","454","573","492","C0920299"
"5194","2","3","5","43","161","305","409","208","482","C0920299"
"3718","2","5","7","53","14","20","25","40","186","C0920299"
"2033","2","3","12","19","31","1","91","433","118","C0920299"
"2969","2","3","12","19","31","276","91","433","118","C0920299"
"2720","2","3","7","34","52","216","395","21","599","C0920350"
"4193","2","3","12","19","31","1","116","89","605","C0920350"
"257","2","3","3","19","221","321","428","541","667","C0920350"
"1301","2","5","7","53","51","342","454","573","492","C0920350"
"5295","2","5","7","53","14","20","25","40","186","C0936248"
"5830","2","3","5","43","161","305","409","208","482","C0936248"
"2581","2","3","5","80","81","250","291","152","420","C0947912"
"22948","2","3","12","76","137","76","136","472","435","C0947912"
"3756","2","5","8","63","36","166","106","110","158","C0947912"
"2006","2","5","7","53","51","342","454","573","492","C0947912"
"6662","2","3","3","19","221","321","428","541","667","C0947912"
"5071","2","3","12","41","116","268","434","468","213","C0947912"
"9401","2","3","12","76","31","261","116","1","86","C0947912"
"1497","2","5","2","63","182","50","103","297","628","C0947912"
"4126","2","3","7","34","52","216","395","549","674","C0948008"
"5626","2","3","3","19","221","321","428","541","667","C0948008"
"4318","2","5","7","34","52","216","395","573","492","C0948008"
"23314","2","3","3","19","221","321","428","541","667","C0948023"
"54658","2","3","2","78","205","207","67","355","138","C0948023"
"1497","2","5","2","63","182","50","103","297","628","C0948023"
"7401","2","5","7","60","83","101","126","170","224","C0948023"
"646960","2","3","2","48","184","50","119","444","116","C0948023"
"2132","2","3","2","74","58","112","148","193","263","C0948023"
"7140","2","5","8","63","45","23","103","464","187","C0948023"
"9570","2","3","7","60","153","40","38","66","203","C0948023"
"10060","2","3","8","41","45","23","423","464","445","C0948023"
"3764","2","5","8","63","36","166","106","110","158","C0948023"
"7140","2","5","8","63","45","23","103","464","187","C0948023"
"2632","2","3","2","28","22","48","232","82","114","C0948023"
"7249","2","3","7","60","57","110","141","359","462","C0948023"
"23765","2","3","12","41","219","238","252","489","416","C0948023"
"4539","2","3","2","53","184","86","107","560","195","C0948023"
"5346","2","3","3","19","151","276","91","433","118","C0948023"
"2623","2","3","12","19","31","1","155","287","116","C0948023"
"1292","2","5","7","53","51","342","454","573","492","C0948023"
"26276","2","3","7","60","81","184","341","66","203","C0948023"
"7157","2","3","12","19","31","261","402","489","551","C0948023"
"1308","2","5","7","53","51","119","454","573","492","C0948023"
"1062","2","3","12","76","153","40","38","54","75","C0948060"
"10617","2","3","12","48","57","110","141","359","462","C0948060"
"411","2","3","7","34","52","216","395","549","674","C0948060"
"11285","2","3","2","74","205","191","396","408","620","C0948089"
"1280","2","5","7","53","51","342","454","573","492","C0948089"
"23405","2","3","2","22","33","323","66","146","194","C0948089"
"6813","2","5","7","53","51","342","454","573","702","C0948089"
"2779","2","5","4","68","96","326","427","548","672","C0948089"
"5290","2","3","7","53","14","20","25","40","186","C0948089"
"54716","2","5","8","45","94","199","240","415","666","C0948089"
"6662","2","3","3","19","221","321","428","541","667","C0948089"
"5832","2","3","2","101","62","189","182","509","252","C0948089"
"7507","2","3","12","19","31","261","116","1","86","C0948089"
"3560","2","5","7","53","14","20","25","40","186","C0948089"
"26123","2","3","2","76","153","40","38","54","75","C0948089"
"80271","2","3","2","18","16","83","99","177","191","C0948089"
"6521","2","5","8","35","41","199","40","415","666","C0948089"
"54903","2","3","12","76","153","40","38","54","75","C0948089"
"5652","2","1","6","11","142","225","142","220","298","C0948089"
"5238","2","3","2","80","141","221","111","385","501","C0948089"
"9","2","3","2","22","214","261","76","1","86","C0948089"
"26277","2","3","12","19","31","1","426","1","78","C0948089"
"2200","2","5","7","53","51","342","454","573","492","C0948089"
"3172","2","3","3","19","151","276","91","433","118","C0948089"
"164656","2","5","7","53","51","342","454","573","492","C0948089"
"6443","2","5","8","63","45","23","103","464","187","C0948089"
"2892","2","5","8","63","36","166","106","110","158","C0948089"
"974","2","5","7","53","51","119","395","549","674","C0948089"
"5034","2","5","7","53","51","342","454","573","492","C0948089"
"4835","2","3","5","80","130","114","290","367","475","C0948089"
"4000","2","3","12","26","105","178","226","297","156","C0948089"
"4000","2","3","12","26","105","178","226","297","156","C0948089"
"51715","2","5","7","60","54","24","30","46","72","C0948089"
"2138","2","3","12","19","31","1","426","55","78","C0948089"
"2316","2","5","7","53","51","342","454","573","702","C0948089"
"1558","2","3","5","91","214","226","326","413","574","C0948089"
"25836","2","3","12","76","153","40","38","54","75","C0948163"
"54903","2","3","12","76","153","40","38","54","75","C0948163"
"2313","2","3","12","19","31","276","91","433","118","C0948163"
"3930","2","3","2","22","33","323","66","3","464","C0948163"
"7148","2","5","7","53","51","342","454","573","492","C0948163"
"5573","2","3","12","19","184","118","155","287","116","C0948163"
"7436","2","5","7","53","51","342","341","544","669","C0948163"
"3265","2","5","7","60","54","24","30","46","72","C0948163"
"51684","2","3","12","41","116","268","38","54","75","C0948163"
"356","2","5","7","53","219","339","25","489","697","C0948163"
"3207","2","3","3","19","221","321","428","541","667","C0948163"
"6338","2","5","8","63","45","23","34","464","187","C0948163"
"1497","2","5","2","63","182","50","103","297","628","C0948163"
"22891","2","3","12","76","153","40","341","54","75","C0948163"
"8517","2","3","12","41","219","339","156","568","697","C0948163"
"2944","2","3","5","91","175","271","372","471","586","C0948163"
"658","2","5","7","53","51","342","259","423","389","C0948163"
"3785","2","5","8","63","36","166","106","110","158","C0948163"
"3458","2","5","7","53","184","119","156","287","116","C0948187"
"4593","2","5","7","53","14","20","454","573","492","C0948187"
"23431","2","5","7","60","18","184","341","544","669","C0948187"
"2719","2","5","7","53","51","342","454","573","492","C0948187"
"3784","2","5","8","63","36","166","106","110","158","C0948187"
"4010","2","3","3","19","221","321","428","541","667","C0948187"
"26119","2","5","7","60","14","184","341","544","669","C0948187"
"5828","2","3","5","43","161","305","409","208","482","C0948187"
"28234","2","5","8","35","41","77","40","57","80","C0948187"
"4843","2","3","5","43","161","305","409","489","416","C0948187"
"5627","2","5","7","53","51","342","454","573","702","C0948187"
"4654","2","3","12","19","31","276","91","433","118","C0948387"
"2147","2","5","7","68","51","342","454","573","492","C0948387"
"50964","2","5","3","68","221","197","259","423","422","C0948387"
"51119","2","3","2","110","85","237","433","547","671","C0948387"
"1278","2","5","7","53","51","342","454","573","492","C0948387"
"26276","2","3","7","60","81","184","341","66","203","C0948387"
"2006","2","5","7","53","51","342","454","573","492","C0948480"
"55636","2","3","3","19","221","321","428","423","389","C0948480"
"5194","2","3","5","43","161","305","409","208","482","C0948480"
"1285","2","5","7","53","51","342","454","573","492","C0948480"
"4638","2","5","7","53","45","23","103","464","187","C0948480"
"5631","2","3","2","72","119","109","266","336","452","C0948585"
"1235","2","5","4","68","96","326","427","548","672","C0948585"
"1280","2","5","7","53","51","342","454","573","492","C0948585"
"2077","2","3","12","76","153","40","38","54","75","C0948585"
"4072","2","5","7","53","51","119","454","573","492","C0948585"
"3425","2","3","5","80","81","166","454","573","492","C0948585"
"4204","2","3","12","19","31","1","426","55","78","C0948585"
"5894","2","5","7","60","54","23","34","464","187","C0948643"
"8985","2","5","7","53","51","342","454","573","492","C0948643"
"5982","2","3","12","19","31","261","116","1","86","C0948643"
"2317","2","5","7","63","45","23","103","287","664","C0948740"
"1030","2","3","12","19","31","1","426","55","78","C0948740"
"1277","2","5","7","53","51","342","454","573","492","C0948740"
"256297","2","3","3","19","221","321","428","541","667","C0948740"
"10516","2","5","7","53","51","342","454","573","492","C0948740"
"538","2","3","8","63","45","23","103","464","187","C0948740"
"55120","2","3","12","19","31","261","116","1","86","C0948740"
"3239","2","3","3","19","221","321","428","541","667","C0948740"
"1690","2","5","7","27","51","342","454","573","492","C0948740"
"4854","2","5","7","53","51","143","428","236","667","C0948740"
"6929","2","3","12","19","31","1","426","55","78","C0948740"
"268","2","5","7","53","51","342","259","423","389","C0948740"
"5095","2","3","2","48","40","130","166","127","173","C0948740"
"4359","2","5","7","53","51","342","454","573","492","C0949059"
"2317","2","5","7","63","45","23","103","287","664","C0949059"
"4633","2","5","8","63","45","23","103","464","187","C0949059"
"3035","2","3","2","110","85","237","433","547","154","C0949059"
"3832","2","3","12","76","153","40","38","54","75","C0949059"
"9409","2","3","5","43","161","305","409","208","482","C0949059"
"158","2","3","4","96","177","61","373","341","142","C0949059"
"3827","2","5","4","68","96","326","427","548","672","C0949059"
"8481","2","3","12","76","153","40","38","54","75","C0949116"
"1509","2","5","7","34","52","216","395","549","568","C0949116"
"112476","2","3","2","48","170","50","119","444","556","C0949173"
"7036","2","3","5","29","88","132","85","222","346","C0949173"
"1277","2","5","7","53","51","342","454","573","492","C0949173"
"5373","2","3","2","90","167","123","158","207","278","C0949445"
"2121","2","3","12","41","116","268","434","568","605","C0949445"
"7428","2","3","12","41","116","268","434","468","213","C0949445"
"9786","2","3","12","76","153","40","38","54","75","C0949445"
"4968","2","3","12","19","31","261","116","1","86","C0949445"
"8243","2","3","12","76","31","40","38","54","75","C0949445"
"55650","2","3","2","61","77","142","176","235","557","C0949445"
"5000","2","3","12","76","31","261","116","1","86","C0949445"
"1277","2","5","7","53","51","342","454","573","492","C0949445"
"5578","2","5","7","53","14","20","34","540","621","C0949445"
"2200","2","5","7","53","51","342","454","573","492","C0949445"
"2720","2","3","7","34","52","216","395","21","599","C0949445"
"2200","2","5","7","53","51","342","454","573","492","C0949445"
"2916","2","5","4","68","96","326","427","548","672","C0949445"
"84665","2","5","7","53","51","119","103","464","674","C0949445"
"242","2","3","5","11","142","223","142","220","298","C0949445"
"3162","2","3","5","53","51","119","402","489","416","C0949445"
"4041","2","5","3","68","221","197","259","560","422","C0949506"
"10913","2","3","12","41","219","339","156","568","697","C0949506"
"5122","2","5","4","27","36","184","141","359","411","C0949506"
"6654","2","5","7","60","54","24","30","46","72","C0949506"
"2266","2","5","7","53","51","342","454","573","492","C0949595"
"5189","2","3","5","43","161","305","409","208","482","C0949595"
"3257","2","5","7","60","54","24","30","46","72","C0949595"
"8626","2","3","3","19","221","321","428","541","667","C0949595"
"10743","2","3","3","19","151","276","91","433","118","C0949595"
"23129","2","5","7","53","51","342","79","560","373","C0949658"
"4625","2","3","8","63","45","23","103","464","187","C0949658"
"4838","2","5","3","53","221","321","259","423","389","C0949658"
"23414","2","3","12","19","31","118","155","287","116","C0949658"
"5573","2","3","12","19","184","118","155","287","116","C0949658"
"633","2","5","7","53","51","342","454","573","492","C0949658"
"4157","2","5","4","68","96","326","427","548","672","C0949658"
"6351","2","5","4","68","96","326","427","548","672","C0949658"
"1147","2","3","12","41","219","339","156","568","697","C0949658"
"3559","2","5","7","53","14","20","25","40","186","C0949804"
"558","2","5","7","53","14","20","25","40","186","C0949804"
"59","2","5","8","63","45","23","103","464","187","C0949804"
"1535","2","5","7","34","52","216","395","549","674","C0949804"
"4803","2","5","7","60","54","24","30","46","72","C0949804"
"7535","2","5","7","53","14","20","25","40","186","C0949804"
"5831","2","3","2","101","62","189","182","566","409","C0950124"
"1548","2","3","5","91","214","226","326","447","586","C0950124"
"51085","2","3","2","48","57","110","141","359","462","C0950124"
"7020","2","3","12","19","31","276","91","433","664","C0973461"
"5122","2","5","4","27","36","184","141","359","411","C0973461"
"10225","2","5","7","53","51","119","395","549","674","C0973461"
"673","2","5","7","53","14","20","34","540","68","C0973461"
"1911","2","3","12","19","31","1","426","55","78","C0973461"
"7840","2","3","12","76","153","40","38","54","75","C0973461"
"51259","2","3","2","76","153","40","38","54","75","C0973461"
"30008","2","5","7","53","51","342","454","573","492","C0973461"
"4221","2","3","12","19","31","342","454","573","492","C0973461"
"3984","2","5","7","53","14","20","34","540","68","C0973461"
"6335","2","5","8","63","36","166","341","390","158","C0973461"
"6935","2","3","3","19","221","321","428","541","667","C0973461"
"1583","2","3","5","79","152","273","375","100","589","C0973461"
"7018","2","5","7","53","51","342","454","573","669","C0973461"
"7421","2","3","3","19","151","276","91","433","118","C0973461"
"2261","2","5","7","53","14","20","25","40","186","C0973461"
"2737","2","3","12","19","116","321","428","54","667","C0973461"
"55636","2","3","3","19","221","321","428","423","389","C0973461"
"324","2","3","12","41","219","197","70","255","422","C0973461"
"5468","2","3","3","19","151","276","91","433","118","C0973461"
"2068","2","3","12","19","31","261","116","159","211","C0973461"
"3458","2","5","7","53","184","119","156","287","116","C0973461"
"6869","2","5","4","68","96","326","427","548","672","C0973461"
"1134","2","5","8","27","70","99","162","216","290","C1096086"
"4041","2","5","3","68","221","197","259","560","422","C1096086"
"84530","2","5","2","22","33","323","66","101","136","C1096086"
"5195","2","3","5","43","161","305","409","208","482","C1096249"
"3769","2","5","8","63","36","166","106","110","158","C1096249"
"6774","2","3","12","53","14","276","25","489","416","C1096367"
"4436","2","3","12","19","31","261","116","1","86","C1096367"
"274","2","5","7","60","14","184","341","544","669","C1096367"
"2317","2","5","7","63","45","23","103","287","664","C1096367"
"5447","2","3","5","91","214","271","372","471","586","C1096367"
"9652","2","3","2","110","85","237","433","547","671","C1096367"
"183","2","5","4","68","96","326","427","548","672","C1096654"
"1605","2","5","7","53","51","342","454","573","492","C1096654"
"2353","2","3","12","19","31","1","91","489","416","C1096654"
"1356","2","3","7","53","51","342","454","573","492","C1112256"
"5573","2","3","12","19","184","118","155","287","116","C1112256"
"1281","2","5","7","53","51","342","454","573","492","C1112256"
"125","2","3","2","75","120","200","263","251","425","C1112256"
"24","2","3","12","41","116","268","423","536","445","C1112256"
"3091","2","3","12","41","116","276","91","433","605","C1112256"
"429","2","3","3","19","221","321","428","541","667","C1112256"
"6323","2","5","8","63","36","166","341","390","158","C1112256"
"6531","2","5","8","45","94","199","240","415","666","C1112256"
"1281","2","5","7","53","51","342","454","573","492","C1112256"
"673","2","5","7","53","14","20","34","540","68","C1112256"
"1280","2","5","7","53","51","342","454","573","492","C1112256"
"79443","2","3","2","48","57","110","141","359","462","C1112256"
"5290","2","3","7","53","14","20","25","40","186","C1112256"
"2719","2","5","7","53","51","342","454","573","492","C1112256"
"26123","2","3","2","76","153","40","38","54","75","C1112256"
"1030","2","3","12","19","31","1","426","55","78","C1112433"
"2218","2","5","2","53","123","194","255","560","373","C1112433"
"9343","2","3","2","22","33","323","66","101","136","C1112442"
"990","2","3","12","76","31","261","116","1","86","C1112442"
"6309","2","3","5","19","151","76","48","69","204","C1112601"
"7390","2","3","5","80","81","166","132","175","473","C1112601"
"476","2","3","8","63","45","23","103","464","187","C1112601"
"7099","2","5","7","41","219","339","156","568","697","C1112705"
"5830","2","3","5","43","161","305","409","208","482","C1112705"
"4538","2","3","2","48","170","50","119","444","556","C1112705"
"759","2","3","5","35","41","77","40","572","22","C1112705"
"9997","2","3","2","48","170","50","119","444","556","C1112705"
"3119","2","5","7","53","153","119","156","287","116","C1112705"
"7401","2","5","7","60","83","101","126","170","224","C1112705"
"3383","2","5","7","53","51","119","454","287","116","C1112705"
"2324","2","5","7","53","14","20","25","40","186","C1112705"
"55670","2","3","5","43","161","305","409","208","482","C1112705"
"9241","2","5","7","53","51","342","259","423","389","C1112705"
"5830","2","3","5","43","161","305","409","208","482","C1112705"
"1991","2","5","7","34","52","216","395","549","674","C1112705"
"673","2","5","7","53","14","20","34","540","68","C1112705"
"190","2","3","3","19","151","276","91","433","118","C1112705"
"545","2","3","12","19","31","261","116","1","86","C1112705"
"1828","2","5","7","34","52","216","142","220","298","C1112705"
"7474","2","5","3","68","221","184","259","544","669","C1112705"
"6392","2","3","2","48","170","50","119","444","556","C1134719"
"9939","2","3","2","22","33","323","66","101","136","C1134719"
"4669","2","3","5","80","81","166","454","453","492","C1134719"
"4668","2","3","5","21","111","188","242","313","396","C1134719"
"2916","2","5","4","68","96","326","427","548","672","C1134719"
"3257","2","5","7","60","54","24","30","46","72","C1134719"
"1758","2","5","7","53","51","342","454","573","492","C1134719"
"1277","2","5","7","53","51","342","454","573","492","C1134719"
"6660","2","3","3","19","221","321","428","541","667","C1134719"
"2798","2","5","4","68","96","326","427","548","672","C1136179"
"7592","2","4","3","24","119","330","214","454","144","C1136179"
"540","2","5","8","63","45","23","103","464","187","C1136179"
"4810","2","3","2","76","57","110","444","560","373","C1136179"
"6208","2","3","2","110","85","237","433","547","671","C1136179"
"1146","2","5","8","27","70","99","162","216","290","C1136179"
"9241","2","5","7","53","51","342","259","423","389","C1136179"
"5290","2","3","7","53","14","20","25","40","186","C1136179"
"23545","2","3","5","29","88","132","85","222","346","C1136179"
"7473","2","5","3","68","221","197","259","560","422","C1136179"
"5290","2","3","7","53","14","20","25","40","186","C1136179"
"7169","2","5","8","63","45","23","103","464","187","C1136179"
"6789","2","3","7","53","14","20","34","540","68","C1136179"
"579","2","3","3","19","221","321","428","541","667","C1136179"
"6505","2","3","2","45","94","199","240","415","666","C1136179"
"1277","2","5","7","53","51","342","454","573","492","C1136179"
"3426","2","5","7","53","51","119","395","549","674","C1136179"
"859","2","5","8","63","45","23","103","464","187","C1136179"
"8626","2","3","3","19","221","321","428","541","667","C1136179"
"2629","2","3","5","80","81","250","291","152","420","C1136179"
"1586","2","3","5","79","98","256","335","425","540","C1136179"
"26277","2","3","12","19","31","1","426","1","78","C1136179"
"3207","2","3","3","19","221","321","428","541","667","C1136179"
"1828","2","5","7","34","52","216","142","220","298","C1136249"
"2218","2","5","2","53","123","194","255","560","373","C1136249"
"1909","2","5","4","68","96","326","427","548","672","C1136249"
"579","2","3","3","19","221","321","428","541","667","C1136249"
"8792","2","3","12","41","219","339","156","568","697","C1136249"
"7039","2","3","12","19","31","1","426","55","203","C1136249"
"7066","2","5","7","53","51","119","25","573","416","C1136249"
"10518","2","3","2","22","170","50","119","444","556","C1136249"
"1807","2","3","5","80","23","186","79","560","273","C1136249"
"171023","2","3","12","41","116","268","426","55","78","C1136249"
"26227","2","3","2","41","137","44","208","81","108","C1136249"
"673","2","5","7","53","14","20","34","540","68","C1136249"
"9935","2","3","12","19","31","1","426","55","78","C1136249"
"26503","2","3","2","89","124","204","272","347","442","C1136249"
"1180","2","5","8","63","45","23","34","464","187","C1136249"
"6016","2","5","7","60","54","24","30","46","72","C1136249"
"1832","2","5","7","34","52","225","142","220","298","C1136249"
"5290","2","3","7","53","14","20","25","40","186","C1136249"
"3172","2","3","3","19","151","276","91","433","118","C1136249"
"4173","2","3","12","76","31","261","116","1","86","C1136249"
"1736","2","3","2","110","85","237","433","547","671","C1136249"
"10008","2","5","8","63","36","166","341","223","158","C1136249"
"7516","2","3","12","19","31","261","116","1","86","C1136249"
"8220","2","3","2","22","33","323","66","101","136","C1136321"
"7157","2","3","12","19","31","261","402","489","551","C1136321"
"26608","2","3","2","22","170","50","119","463","153","C1136382"
"11107","2","3","12","19","31","1","426","55","78","C1136382"
"1967","2","3","2","110","85","237","433","547","671","C1136382"
"3930","2","3","2","22","33","323","66","3","464","C1136382"
"1501","2","5","7","27","36","150","341","223","628","C1136382"
"4512","2","3","2","48","170","110","141","359","8","C1136382"
"5444","2","3","5","80","147","236","328","411","229","C1136382"
"7957","2","3","5","42","81","296","399","201","274","C1136382"
"2706","2","3","12","76","153","40","38","54","75","C1136382"
"652","2","5","7","53","51","342","454","573","492","C1136382"
"5159","2","5","7","53","14","20","25","40","186","C1136382"
"51816","2","5","7","34","52","216","395","549","674","C1136382"
"213","2","5","7","53","51","342","454","573","492","C1136382"
"8243","2","3","12","76","31","40","38","54","75","C1136382"
"973","2","5","7","53","14","20","25","40","186","C1136382"
"6862","2","5","3","53","51","335","259","560","373","C1136382"
"51067","2","3","2","110","85","67","76","252","154","C1136382"
"582","2","3","12","76","153","76","38","54","75","C1138421"
"8481","2","3","12","76","153","40","38","54","75","C1138421"
"983","2","3","12","76","153","40","38","54","75","C1138421"
"6144","2","3","2","110","85","237","433","547","671","C1138421"
"2895","2","5","4","68","36","71","427","223","219","C1138421"
"9987","2","3","2","22","33","323","66","101","136","C1138421"
"59341","2","5","8","63","45","193","306","390","158","C1138421"
"1258","2","5","4","68","45","272","106","518","621","C1138421"
"3594","2","5","7","53","51","119","25","560","373","C1138421"
"2555","2","5","8","27","70","99","162","216","290","C1138421"
"5176","2","5","7","53","51","342","454","573","492","C1138421"
"4487","2","3","3","19","221","321","428","541","667","C1138421"
"6833","2","5","8","45","36","166","240","415","666","C1138421"
"2720","2","3","7","34","52","216","395","21","599","C1138421"
"89781","2","5","7","60","54","24","30","46","72","C1138421"
"10381","2","3","12","76","153","40","38","54","75","C1138421"
"2146","2","3","12","19","31","1","426","55","78","C1138421"
"2255","2","5","7","53","14","20","25","40","186","C1140680"
"5155","2","5","7","53","51","342","454","573","186","C1140680"
"7249","2","3","7","60","57","110","141","359","462","C1140680"
"5468","2","3","3","19","151","276","91","433","118","C1140680"
"3265","2","5","7","60","54","24","30","46","72","C1142132"
"6899","2","5","7","53","184","335","259","560","373","C1142132"
"2261","2","5","7","53","14","20","25","40","186","C1142132"
"2130","2","3","2","22","33","323","66","491","609","C1142132"
"860","2","3","12","19","31","276","91","433","118","C1142132"
"790","2","3","12","41","219","339","347","206","627","C1142132"
"5828","2","3","5","43","161","305","409","208","482","C1142166"
"326","2","3","12","19","31","261","377","370","269","C1142166"
"2301","2","5","6","11","142","225","142","220","673","C1142166"
"29887","2","3","7","60","18","110","141","198","270","C1142166"
"7167","2","3","2","90","167","266","367","500","577","C1142166"
"4791","2","3","12","41","219","339","156","568","697","C1142166"
"51082","2","3","2","19","31","1","426","55","78","C1142166"
"1080","2","3","12","41","219","339","156","544","669","C1142166"
"1187","2","5","8","63","45","23","34","464","187","C1142166"
"8517","2","3","12","41","219","339","156","568","697","C1142166"
"5824","2","3","5","47","144","185","238","310","392","C1142166"
"2317","2","5","7","63","45","23","103","287","664","C1142166"
"4088","2","3","12","19","219","339","259","423","605","C1142166"
"1583","2","3","5","79","152","273","375","100","589","C1142166"
"7148","2","5","7","53","51","342","454","573","492","C1142166"
"1080","2","3","12","41","219","339","156","544","669","C1142262"
"7512","2","5","5","27","51","335","444","560","373","C1142262"
"6391","2","3","2","48","170","50","119","444","556","C1142448"
"1499","2","3","12","19","221","197","259","560","422","C1142448"
"5727","2","3","12","68","221","197","259","560","422","C1145628"
"1636","2","3","5","80","81","166","397","418","568","C1145628"
"1075","2","5","7","34","52","216","395","549","674","C1145628"
"22868","2","3","2","48","182","67","76","463","153","C1145628"
"10293","2","3","12","41","116","268","434","468","213","C1145628"
"771","2","3","5","35","41","77","40","241","212","C1145628"
"3766","2","5","8","63","36","166","106","110","158","C1145628"
"3663","2","3","12","53","184","119","156","287","116","C1145628"
"4436","2","3","12","19","31","261","116","1","86","C1145628"
"3052","2","3","2","48","170","50","119","444","556","C1145628"
"29926","2","3","2","68","66","123","158","207","278","C1145628"
"5604","2","5","7","53","14","20","34","540","68","C1145628"
"4514","2","3","2","48","57","110","141","359","5","C1145628"
"27031","2","3","6","11","142","225","38","331","506","C1145628"
"23431","2","5","7","60","18","184","341","544","669","C1145628"
"4726","2","3","2","48","170","50","119","444","556","C1145628"
"84634","2","5","4","68","96","326","427","548","672","C1145628"
"5896","2","3","12","41","116","268","434","568","605","C1145628"
"2332","2","3","2","22","33","71","373","466","609","C1145628"
"331","2","3","12","41","219","339","156","568","697","C1167664"
"6337","2","5","8","63","45","23","34","464","187","C1167664"
"23418","2","5","7","53","36","71","177","560","373","C1167664"
"10479","2","5","7","27","36","150","341","223","628","C1167664"
"18","2","3","8","67","94","199","182","509","666","C1167664"
"23483","2","3","2","28","191","306","143","452","258","C1167664"
"9103","2","5","7","53","142","71","341","560","219","C1167664"
"26278","2","3","12","41","116","268","347","271","356","C1167664"
"3248","2","3","2","69","83","133","167","224","301","C1167712"
"1535","2","5","7","34","52","216","395","549","674","C1167712"
"3852","2","1","6","11","142","225","142","220","298","C1167712"
"9871","2","3","7","60","153","40","38","54","203","C1167712"
"6329","2","5","8","63","36","166","341","390","158","C1167712"
"4921","2","5","7","53","14","20","25","573","186","C1167712"
"3339","2","5","7","53","51","342","454","573","492","C1167712"
"25970","2","5","7","53","14","20","25","40","116","C1167712"
"7124","2","3","12","41","219","339","156","568","697","C1167712"
"54880","2","3","12","19","31","1","426","55","78","C1167712"
"3040","2","5","5","53","51","342","40","78","178","C1167712"
"726","2","5","7","53","51","342","454","573","492","C1167712"
"3728","2","5","7","34","52","225","142","220","298","C1167712"
"427","2","3","7","34","52","216","395","549","420","C1167918"
"4952","2","3","5","60","54","184","30","544","669","C1167918"
"7291","2","3","12","19","151","276","91","489","416","C1167918"
"3094","2","3","2","48","170","266","367","500","78","C1167918"
"10653","2","5","7","68","51","114","162","321","475","C1167918"
"5741","2","5","4","68","96","326","427","548","672","C1167918"
"5261","2","5","7","53","14","20","34","540","68","C1167918"
"6338","2","5","8","63","45","23","34","464","187","C1167918"
"6697","2","3","2","69","91","75","204","267","352","C1167918"
"3691","2","5","7","53","51","342","454","573","492","C1167918"
"7461","2","3","7","60","153","40","38","93","75","C1167918"
"6354","2","5","4","68","96","326","427","548","672","C1167918"
"857","2","5","7","53","45","23","57","83","422","C1167918"
"5429","2","3","12","19","31","261","116","1","86","C1167918"
"2688","2","5","7","53","51","119","25","40","186","C1167918"
"2706","2","3","12","76","153","40","38","54","75","C1167918"
"8820","2","3","3","19","221","321","428","541","667","C1167918"
"2779","2","5","4","68","96","326","427","548","672","C1167918"
"4485","2","5","7","68","51","119","395","549","674","C1167918"
"3762","2","5","8","63","36","166","106","110","158","C1167918"
"4838","2","5","3","53","221","321","259","423","389","C1167918"
"7138","2","5","8","63","45","23","103","464","187","C1167918"
"23411","2","3","12","19","31","1","91","433","118","C1167918"
"2184","2","3","5","76","153","138","236","332","407","C1167918"
"1188","2","5","8","63","45","23","34","464","187","C1167918"
"10847","2","3","12","19","31","1","426","55","78","C1167918"
"56301","2","3","8","45","94","199","240","415","666","C1167918"
"1294","2","5","7","53","51","342","454","573","492","C1167918"
"7518","2","3","12","19","31","261","116","1","86","C1167918"
"4540","2","3","2","48","170","50","119","444","556","C1167918"
"7403","2","3","12","19","31","1","426","55","78","C1167918"
"27130","2","3","12","48","45","143","38","236","69","C1167918"
"1723","2","3","2","48","170","50","119","444","556","C1167918"
"5447","2","3","5","91","214","271","372","471","586","C1168239"
"125","2","3","2","75","120","200","263","251","425","C1168239"
"286","2","5","7","60","153","40","38","54","203","C1168401"
"6905","2","3","12","76","153","40","38","54","75","C1168401"
"27130","2","3","12","48","45","143","38","236","69","C1168401"
"219844","2","3","5","60","18","184","356","544","669","C1168401"
"2239","2","3","2","74","51","342","454","573","492","C1168401"
"1836","2","3","2","35","41","94","260","330","375","C1168401"
"4256","2","5","7","53","51","342","454","573","492","C1168401"
"7157","2","3","12","19","31","261","402","489","551","C1168401"
"5428","2","3","2","48","170","50","119","167","593","C1168401"
"1811","2","5","8","35","41","199","40","415","666","C1168401"
"5190","2","3","5","43","161","305","409","208","482","C1168401"
"4488","2","3","3","19","221","321","428","541","667","C1168401"
"779","2","5","8","63","36","166","341","390","158","C1168401"
"215","2","3","5","47","144","185","238","310","392","C1168401"
"3717","2","5","7","53","14","20","25","40","186","C1168401"
"1583","2","3","5","79","152","273","375","100","589","C1168401"
"6774","2","3","12","53","14","276","25","489","416","C1168401"
"1280","2","5","7","53","51","342","454","573","492","C1168401"
"3630","2","5","7","53","14","20","25","40","186","C1168401"
"538","2","3","8","63","45","23","103","464","187","C1168401"
"55650","2","3","2","61","77","142","176","235","557","C1168401"
"1294","2","5","7","53","51","342","454","573","492","C1168401"
"64240","2","3","5","47","144","185","238","310","392","C1168401"
"51527","2","3","7","60","58","112","148","362","263","C1168401"
"111","2","5","4","68","96","326","427","548","672","C1168401"
"3094","2","3","2","48","170","266","367","500","78","C1168401"
"9031","2","3","12","19","31","1","426","55","78","C1168401"
"7287","2","5","7","11","142","71","341","560","219","C1168401"
"3587","2","5","7","53","51","119","395","549","674","C1168401"
"3954","2","3","2","48","170","67","119","444","593","C1176475"
"4921","2","5","7","53","14","20","25","573","186","C1176475"
"1282","2","5","7","53","51","342","454","573","492","C1176475"
"3586","2","5","7","53","51","119","25","489","416","C1176475"
"5450","2","3","12","19","221","261","116","159","211","C1184919"
"3930","2","3","2","22","33","323","66","3","464","C1184919"
"65217","2","5","7","53","51","335","444","560","373","C1184919"
"6548","2","3","2","45","94","199","240","415","326","C1184919"
"6774","2","3","12","53","14","276","25","489","416","C1184919"
"9841","2","3","6","11","142","225","142","220","298","C1184919"
"5837","2","3","5","80","81","23","103","464","658","C1185616"
"3991","2","3","5","80","81","166","57","83","658","C1185616"
"8626","2","3","3","19","221","321","428","541","667","C1185616"
"5660","2","5","7","34","52","326","427","548","702","C1257806"
"4763","2","5","7","60","54","24","30","46","214","C1257806"
"5859","2","3","2","110","85","237","433","547","154","C1257806"
"10161","2","5","4","68","96","326","427","548","672","C1257806"
"885","2","5","4","68","96","326","427","548","672","C1257806"
"5446","2","3","5","80","147","236","328","411","528","C1257806"
"5602","2","3","12","19","14","150","34","540","68","C1257806"
"7287","2","5","7","11","142","71","341","560","219","C1257806"
"1482","2","3","3","19","221","321","428","541","667","C1257877"
"22930","2","5","7","60","54","24","30","46","72","C1257877"
"2719","2","5","7","53","51","342","454","573","492","C1257915"
"10312","2","3","7","34","52","216","395","549","674","C1257915"
"114609","2","3","12","41","219","339","156","568","697","C1257915"
"9235","2","5","7","53","51","119","25","40","186","C1257915"
"7039","2","3","12","19","31","1","426","55","203","C1257915"
"5805","2","3","2","43","91","75","204","267","352","C1257915"
"367","2","3","12","19","31","276","91","433","118","C1258104"
"7124","2","3","12","41","219","339","156","568","697","C1258104"
"54507","2","5","6","11","142","225","142","220","298","C1258104"
"2099","2","3","12","19","151","276","91","433","118","C1258104"
"4638","2","5","7","53","45","23","103","464","187","C1258104"
"3248","2","3","2","69","83","133","167","224","301","C1258215"
"3239","2","3","3","19","221","321","428","541","667","C1258215"
"26277","2","3","12","19","31","1","426","1","78","C1258215"
"6786","2","5","8","63","45","23","103","464","187","C1258215"
"23503","2","3","6","11","142","225","142","220","298","C1258215"
"8200","2","5","7","53","51","342","259","423","389","C1258215"
"1411","2","3","6","63","45","160","362","177","673","C1258215"
"2296","2","3","3","19","221","321","428","541","667","C1260386"
"1281","2","5","7","53","51","342","454","573","492","C1260386"
"26146","2","3","12","76","153","40","38","54","75","C1260899"
"9076","2","5","6","42","36","71","177","64","219","C1260899"
"23529","2","5","7","53","51","119","25","40","416","C1260899"
"6662","2","3","3","19","221","321","428","541","667","C1260899"
"3549","2","5","3","53","51","197","259","560","422","C1260899"
"3394","2","5","7","53","184","119","156","287","116","C1260899"
"1487","2","3","12","19","31","1","426","55","340","C1260899"
"54806","2","5","7","76","153","40","38","54","75","C1260899"
"5728","2","3","5","80","81","339","156","568","605","C1260899"
"3105","2","5","7","53","51","119","156","287","116","C1260899"
"152330","2","5","7","27","51","335","444","560","373","C1260899"
"23064","2","3","6","11","31","261","142","220","664","C1260899"
"9394","2","3","2","74","58","112","148","193","263","C1260899"
"4247","2","3","2","68","67","320","98","180","279","C1260899"
"6335","2","5","8","63","36","166","341","390","158","C1260899"
"4072","2","5","7","53","51","119","454","573","492","C1260899"
"4683","2","3","12","19","31","261","116","1","86","C1260926"
"3889","2","1","6","11","142","225","142","220","298","C1260926"
"2778","2","5","4","68","96","326","427","548","672","C1260926"
"3897","2","5","7","53","51","335","444","560","373","C1260926"
"10555","2","3","7","34","52","216","395","549","622","C1260926"
"4297","2","3","12","19","31","1","426","55","78","C1260926"
"10269","2","3","2","48","182","50","119","444","556","C1260926"
"23729","2","3","2","90","167","148","36","51","383","C1260926"
"4629","2","5","8","63","45","23","103","464","187","C1260926"
"51360","2","3","3","26","35","276","91","433","203","C1260926"
"5663","2","5","7","34","52","216","395","549","667","C1260926"
"4038","2","5","7","53","51","342","454","573","492","C1260926"
"10766","2","3","12","19","31","1","426","55","78","C1260926"
"10021","2","5","8","63","36","166","106","110","158","C1260926"
"5205","2","3","8","63","45","23","103","464","619","C1260926"
"6495","2","3","3","19","221","321","428","541","667","C1260926"
"2720","2","3","7","34","52","216","395","21","599","C1260926"
"55636","2","3","3","19","221","321","428","423","389","C1260926"
"2261","2","5","7","53","14","20","25","40","186","C1260926"
"50485","2","3","12","19","31","261","116","1","86","C1260926"
"51259","2","3","2","76","153","40","38","54","75","C1260926"
"3593","2","5","7","53","51","119","25","489","416","C1260926"
"3172","2","3","3","19","151","276","91","433","118","C1260926"
"5594","2","5","7","34","14","20","34","540","274","C1260926"
"5657","2","5","7","34","52","216","395","549","674","C1260926"
"4780","2","3","12","19","31","276","91","433","118","C1261473"
"4038","2","5","7","53","51","342","454","573","492","C1261473"
"1536","2","5","7","34","52","216","395","549","674","C1261473"
"2736","2","3","12","41","116","321","428","54","667","C1261473"
"1535","2","5","7","34","52","216","395","549","674","C1261473"
"1482","2","3","3","19","221","321","428","541","667","C1261473"
"2131","2","3","2","74","58","112","148","181","416","C1261473"
"2194","2","3","2","41","219","64","347","2","561","C1261473"
"2767","2","5","4","68","96","326","427","548","672","C1261473"
"22926","2","3","12","19","31","276","91","433","118","C1261473"
"641","2","3","12","19","31","261","116","1","86","C1261473"
"3145","2","3","5","80","81","166","132","175","473","C1261473"
"726","2","5","7","53","51","342","454","573","492","C1261473"
"55690","2","3","2","48","57","110","141","359","462","C1261473"
"8481","2","3","12","76","153","40","38","54","75","C1261473"
"2052","2","3","5","91","130","114","290","367","475","C1261473"
"4609","2","3","12","19","31","1","160","107","416","C1261473"
"5184","2","3","5","80","81","166","52","105","349","C1261473"
"3423","2","3","5","74","3","342","374","294","590","C1261473"
"2879","2","3","5","80","81","166","378","173","229","C1261473"
"5032","2","5","4","68","96","326","427","548","672","C1261473"
"1537","2","3","2","48","170","50","304","167","593","C1261473"
"2796","2","5","4","68","96","326","427","548","672","C1261473"
"3655","2","5","7","53","51","342","454","573","492","C1261473"
"3480","2","5","7","53","14","20","25","40","186","C1263023"
"3651","2","3","3","19","221","321","428","541","667","C1263023"
"1804","2","5","7","27","36","150","341","223","628","C1263023"
"5251","2","3","5","80","81","296","474","593","722","C1263023"
"2176","2","3","12","19","31","261","116","1","86","C1263023"
"94","2","5","7","53","51","342","259","423","389","C1263023"
"1528","2","3","5","91","214","271","372","471","586","C1263023"
"8893","2","3","2","110","85","237","433","547","671","C1263857"
"1062","2","3","12","76","153","40","38","54","75","C1263857"
"4952","2","3","5","60","54","184","30","544","669","C1263857"
"9451","2","3","2","110","51","335","226","297","380","C1263857"
"26580","2","5","8","27","70","99","162","216","290","C1263857"
"26119","2","5","7","60","14","184","341","544","669","C1263857"
"249","2","3","5","27","51","335","444","560","373","C1263857"
"2316","2","5","7","53","51","342","454","573","702","C1263857"
"11277","2","3","12","19","31","261","116","1","86","C1263857"
"4221","2","3","12","19","31","342","454","573","492","C1263857"
"2099","2","3","12","19","151","276","91","433","118","C1263857"
"3070","2","3","12","76","31","1","426","55","78","C1263857"
"4000","2","3","12","26","105","178","226","297","156","C1263857"
"3730","2","5","7","53","14","20","25","40","186","C1263857"
"3166","2","3","3","19","221","321","428","541","667","C1263857"
"7545","2","5","3","34","52","216","142","220","298","C1263857"
"641","2","3","12","19","31","261","116","1","86","C1263857"
"116519","2","5","7","53","51","342","454","573","492","C1263857"
"10235","2","3","12","41","116","268","434","568","158","C1266119"
"5993","2","3","12","19","31","1","426","55","78","C1266119"
"54209","2","5","7","53","51","119","395","549","674","C1271100"
"23093","2","3","12","76","153","40","38","54","75","C1271100"
"7291","2","3","12","19","151","276","91","489","416","C1271100"
"6892","2","3","12","41","116","119","156","568","116","C1271100"
"23203","2","3","5","80","81","50","304","167","593","C1271100"
"2812","2","5","7","53","51","342","454","573","492","C1271100"
"7249","2","3","7","60","57","110","141","359","462","C1271100"
"1376","2","3","2","19","151","276","91","433","118","C1271100"
"4358","2","3","5","43","161","305","409","208","482","C1271100"
"7421","2","3","3","19","151","276","91","433","118","C1271100"
"6886","2","3","12","19","31","1","426","55","78","C1271219"
"11277","2","3","12","19","31","261","116","1","86","C1271219"
"10908","2","3","2","97","173","275","377","473","592","C1271219"
"3954","2","3","2","48","170","67","119","444","593","C1271219"
"9049","2","3","3","41","151","276","378","271","356","C1271219"
"4893","2","5","7","34","52","24","30","46","72","C1271219"
"4893","2","5","7","34","52","24","30","46","72","C1271219"
"3853","2","1","6","11","142","225","142","220","298","C1273957"
"6608","2","3","3","68","221","321","428","560","667","C1273957"
"9049","2","3","3","41","151","276","378","271","356","C1274743"
"3081","2","3","2","91","51","3","267","308","429","C1274743"
"5885","2","3","12","76","153","40","38","54","75","C1274743"
"4255","2","3","12","19","31","261","116","1","86","C1274865"
"26580","2","5","8","27","70","99","162","216","290","C1274865"
"3040","2","5","5","53","51","342","40","78","178","C1274865"
"6658","2","3","12","19","221","321","428","541","667","C1274865"
"2741","2","5","8","27","70","99","162","216","290","C1274865"
"355","2","3","7","41","219","339","156","568","697","C1274865"
"477","2","3","8","63","45","23","103","464","187","C1274865"
"6868","2","5","7","53","51","342","454","236","492","C1275078"
"1280","2","5","7","53","51","342","454","573","492","C1275078"
"6295","2","3","4","68","45","272","427","518","621","C1275081"
"5313","2","3","2","90","167","321","428","541","115","C1275081"
"7399","2","5","7","53","51","342","454","573","492","C1275081"
"6522","2","5","8","35","41","199","40","415","666","C1275081"
"1785","2","5","7","60","14","184","341","544","669","C1275081"
"3340","2","3","2","74","58","112","148","193","525","C1275081"
"10804","2","3","12","76","153","40","38","54","75","C1275278"
"26580","2","5","8","27","70","99","162","216","290","C1275278"
"429","2","3","3","19","221","321","428","541","667","C1275278"
"79621","2","3","2","22","137","76","149","195","435","C1275278"
"4000","2","3","12","26","105","178","226","297","156","C1275278"
"27086","2","3","12","19","221","321","428","541","667","C1275808"
"593","2","3","2","67","92","293","55","75","311","C1275808"
"55630","2","3","5","27","81","99","162","216","290","C1275808"
"721","2","5","7","53","51","342","454","573","492","C1275808"
"5573","2","3","12","19","184","118","155","287","116","C1275808"
"5468","2","3","3","19","151","276","91","433","118","C1275808"
"10060","2","3","8","41","45","23","423","464","445","C1276035"
"5830","2","3","5","43","161","305","409","208","482","C1276035"
"7390","2","3","5","80","81","166","132","175","473","C1276035"
"6005","2","3","2","16","197","45","155","78","695","C1276035"
"6928","2","3","3","19","221","321","428","541","667","C1276035"
"6812","2","5","7","27","36","150","341","223","628","C1276035"
"7128","2","3","12","41","219","339","156","568","697","C1276035"
"22909","2","3","12","19","31","261","116","1","86","C1276035"
"2719","2","5","7","53","51","342","454","573","492","C1276035"
"1131","2","5","4","68","96","326","427","548","672","C1276035"
"9640","2","3","12","19","31","261","116","159","211","C1276035"
"26580","2","5","8","27","70","99","162","216","290","C1276035"
"6323","2","5","8","63","36","166","341","390","158","C1277241"
"51297","2","5","7","34","157","226","350","243","561","C1277241"
"2187","2","3","12","19","31","261","116","1","86","C1277241"
"4625","2","3","8","63","45","23","103","464","187","C1277241"
"4337","2","3","2","80","91","75","204","267","352","C1277241"
"1743","2","3","2","67","92","293","55","75","311","C1277241"
"6925","2","3","12","19","31","225","142","220","298","C1277241"
"5994","2","3","12","19","31","276","91","491","118","C1277241"
"8820","2","3","3","19","221","321","428","541","667","C1277241"
"2010","2","3","12","26","105","296","226","488","156","C1277241"
"23405","2","3","2","22","33","323","66","146","194","C1277241"
"1616","2","3","12","19","31","1","426","55","316","C1277241"
"5654","2","5","7","53","51","342","454","573","492","C1277241"
"26119","2","5","7","60","14","184","341","544","669","C1277241"
"1736","2","3","2","110","85","237","433","547","671","C1277241"
"51604","2","3","2","61","77","142","176","235","317","C1277241"
"5116","2","3","12","76","153","40","38","54","75","C1277241"
"23435","2","3","2","22","33","323","66","101","136","C1277241"
"1026","2","3","12","19","31","1","116","489","416","C1277241"
"7879","2","5","7","34","54","24","30","46","72","C1277241"
"9640","2","3","12","19","31","261","116","159","211","C1277241"
"9990","2","5","8","45","94","199","240","415","666","C1277241"
"3178","2","3","2","22","33","323","66","101","136","C1279412"
"4613","2","3","12","19","31","1","426","55","78","C1279412"
"686","2","3","5","80","81","166","166","127","173","C1279412"
"4054","2","5","7","53","51","342","454","573","492","C1280433"
"1281","2","5","7","53","51","342","454","573","492","C1280433"
"3758","2","5","8","63","36","166","106","110","158","C1280433"
"1829","2","1","6","11","142","225","142","220","298","C1280433"
"54968","2","3","2","48","170","50","119","444","556","C1280433"
"10262","2","3","2","22","33","323","66","101","136","C1280433"
"207","2","3","7","53","14","20","34","489","416","C1280433"
"7274","2","3","5","43","161","99","162","216","290","C1280433"
"6845","2","5","7","60","14","184","341","544","669","C1280433"
"54209","2","5","7","53","51","119","395","549","674","C1280433"
"54808","2","3","12","76","153","40","38","54","75","C1280433"
"11277","2","3","12","19","31","261","116","1","86","C1280433"
"4200","2","3","2","67","92","293","55","75","311","C1280433"
"4170","2","3","12","41","219","339","402","489","416","C1280433"
"4629","2","5","8","63","45","23","103","464","187","C1280433"
"2737","2","3","12","19","116","321","428","54","667","C1280433"
"55129","2","5","8","63","45","23","34","464","187","C1280433"
"7461","2","3","7","60","153","40","38","93","75","C1280433"
"6314","2","3","12","19","31","1","426","568","78","C1280433"
"3423","2","3","5","74","3","342","374","294","590","C1281931"
"9394","2","3","2","74","58","112","148","193","263","C1281931"
"7468","2","3","12","19","31","1","426","55","78","C1281931"
"4141","2","3","2","110","85","237","433","547","154","C1281931"
"10166","2","3","2","84","97","167","210","278","360","C1281931"
"2623","2","3","12","19","31","1","155","287","116","C1281931"
"4948","2","5","8","63","45","23","250","464","187","C1281931"
"27031","2","3","6","11","142","225","38","331","506","C1281931"
"6154","2","3","2","110","85","237","433","547","671","C1281931"
"6389","2","3","2","48","170","50","119","444","556","C1282952"
"4292","2","3","12","19","31","261","116","1","86","C1282952"
"2919","2","5","7","34","52","216","427","548","672","C1282952"
"1586","2","3","5","79","98","256","335","425","540","C1285291"
"3990","2","3","5","26","35","178","9","414","220","C1285291"
"4771","2","5","7","60","36","71","177","64","215","C1285291"
"2200","2","5","7","53","51","342","454","573","492","C1288283"
"7461","2","3","7","60","153","40","38","93","75","C1288283"
"10516","2","5","7","53","51","342","454","573","492","C1288283"
"4535","2","3","2","48","170","50","119","444","556","C1288283"
"6299","2","3","12","19","221","321","428","541","667","C1290398"
"10262","2","3","2","22","33","323","66","101","136","C1290398"
"3990","2","3","5","26","35","178","9","414","220","C1290398"
"2483","2","3","2","22","33","323","66","101","136","C1290398"
"26580","2","5","8","27","70","99","162","216","290","C1290398"
"23418","2","5","7","53","36","71","177","560","373","C1290398"
"3115","2","5","7","53","184","119","156","287","116","C1290398"
"51062","2","5","7","27","36","150","402","489","373","C1290398"
"7849","2","3","3","19","221","321","428","541","667","C1290508"
"57551","2","3","12","76","153","40","38","54","75","C1290508"
"4204","2","3","12","19","31","1","426","55","78","C1290511"
"2121","2","3","12","41","116","268","434","568","605","C1290511"
"54361","2","5","3","68","221","197","259","560","422","C1290511"
"6095","2","3","3","19","151","276","91","433","118","C1290511"
"5631","2","3","2","72","119","109","266","336","452","C1290511"
"5932","2","3","12","19","31","261","116","1","86","C1290511"
"7136","2","5","8","63","45","23","103","464","187","C1290537"
"4089","2","3","12","19","219","339","259","423","605","C1290537"
"3081","2","3","2","91","51","3","267","308","429","C1290708"
"775","2","5","8","63","36","166","341","223","158","C1290708"
"2673","2","3","2","110","94","178","226","297","380","C1290857"
"27249","2","3","2","48","182","50","119","186","245","C1290857"
"6662","2","3","3","19","221","321","428","541","667","C1290857"
"3551","2","3","12","41","219","339","156","568","697","C1290857"
"3988","2","3","5","98","174","277","379","476","42","C1290857"
"1130","2","5","7","60","54","326","141","359","462","C1290857"
"54790","2","3","12","19","31","1","426","55","78","C1290857"
"958","2","5","7","53","51","119","156","568","697","C1290857"
"5449","2","3","3","19","221","321","428","541","667","C1290857"
"9990","2","5","8","45","94","199","240","415","666","C1290857"
"2263","2","5","7","53","14","20","25","40","186","C1291245"
"207","2","3","7","53","14","20","34","489","416","C1291245"
"3106","2","5","7","34","52","119","395","549","674","C1292120"
"27249","2","3","2","48","182","50","119","186","245","C1292120"
"5447","2","3","5","91","214","271","372","471","586","C1292120"
"10102","2","3","2","48","182","67","76","463","153","C1292120"
"8518","2","3","12","19","31","1","426","55","78","C1292120"
"4023","2","3","5","24","51","342","91","20","27","C1292772"
"4693","2","5","7","53","51","342","454","573","492","C1292772"
"3914","2","5","7","53","51","342","454","573","492","C1295585"
"8504","2","3","5","47","144","185","238","310","392","C1295585"
"7066","2","5","7","53","51","119","25","573","416","C1295585"
"3694","2","5","7","53","51","342","454","573","492","C1295585"
"207","2","3","7","53","14","20","34","489","416","C1295585"
"6662","2","3","3","19","221","321","428","541","667","C1295585"
"2956","2","3","12","19","31","261","116","1","86","C1295585"
"4784","2","3","2","22","33","261","116","159","211","C1295654"
"54808","2","3","12","76","153","40","38","54","75","C1295654"
"861","2","3","12","19","31","1","426","55","78","C1295654"
"51574","2","3","2","22","33","323","66","101","136","C1295654"
"84433","2","3","12","41","219","339","156","568","697","C1298692"
"3162","2","3","5","53","51","119","402","489","416","C1298692"
"53834","2","5","7","53","51","342","454","573","492","C1298692"
"3845","2","5","7","60","54","24","30","46","72","C1298692"
"26229","2","3","2","74","205","191","396","408","257","C1298695"
"5428","2","3","2","48","170","50","119","167","593","C1298695"
"2896","2","5","7","34","52","216","395","549","674","C1298695"
"6908","2","3","12","19","31","1","116","159","211","C1298695"
"2639","2","3","2","71","148","34","160","115","164","C1298695"
"11284","2","3","12","19","31","261","116","1","86","C1298695"
"11093","2","5","7","53","51","342","454","573","492","C1298695"
"5922","2","5","7","60","54","24","30","46","72","C1298695"
"1785","2","5","7","60","14","184","341","544","669","C1298695"
"2261","2","5","7","53","14","20","25","40","186","C1298695"
"1836","2","3","2","35","41","94","260","330","375","C1298695"
"8822","2","5","7","53","14","20","25","40","186","C1298695"
"9210","2","5","7","53","51","342","454","573","492","C1300268"
"3553","2","5","7","53","51","119","25","489","416","C1300268"
"4312","2","5","7","53","51","342","454","573","492","C1301362"
"1106","2","3","12","19","31","1","426","55","78","C1301362"
"204","2","3","4","72","109","182","235","307","506","C1301509"
"9829","2","5","7","60","14","184","341","544","669","C1301509"
"60675","2","5","4","68","96","326","427","548","672","C1301509"
"8878","2","3","12","41","219","339","156","568","697","C1301509"
"2688","2","5","7","53","51","119","25","40","186","C1301509"
"4929","2","3","3","19","151","276","91","433","118","C1301509"
"6340","2","5","8","63","45","23","34","464","187","C1301509"
"801","2","5","8","63","45","23","103","464","187","C1301509"
"10560","2","3","2","65","196","310","127","527","648","C1301509"
"6197","2","3","12","19","14","20","34","540","68","C1301509"
"2512","2","3","7","34","52","216","395","544","358","C1301509"
"4683","2","3","12","19","31","261","116","1","86","C1301509"
"4854","2","5","7","53","51","143","428","236","667","C1301509"
"3084","2","5","7","53","14","20","25","40","186","C1301509"
"1073","2","3","8","63","45","184","103","572","658","C1301509"
"5447","2","3","5","91","214","271","372","471","586","C1301509"
"3166","2","3","3","19","221","321","428","541","667","C1301510"
"23095","2","3","7","76","153","40","38","54","75","C1301510"
"5813","2","3","12","19","31","1","116","159","211","C1301937"
"7508","2","3","12","19","31","261","116","1","664","C1301937"
"2737","2","3","12","19","116","321","428","54","667","C1301937"
"9871","2","3","7","60","153","40","38","54","203","C1301937"
"5663","2","5","7","34","52","216","395","549","667","C1301937"
"7038","2","5","7","60","18","184","98","66","203","C1301937"
"1027","2","3","12","19","31","1","116","1","86","C1301937"
"6663","2","3","3","19","221","321","428","541","667","C1301937"
"25861","2","5","7","42","36","71","177","223","219","C1301937"
"3689","2","5","7","34","52","216","395","549","674","C1301937"
"10559","2","3","2","89","124","204","272","347","451","C1301937"
"847","2","3","7","34","52","216","395","549","674","C1301937"
"5191","2","3","5","43","161","305","409","208","482","C1301937"
"54982","2","3","2","48","170","50","399","167","593","C1301937"
"1376","2","3","2","19","151","276","91","433","118","C1301937"
"6870","2","5","4","68","96","326","427","548","672","C1301937"
"7547","2","3","3","19","221","321","428","541","667","C1301937"
"55651","2","3","2","110","85","237","433","547","671","C1301937"
"4929","2","3","3","19","151","276","91","433","118","C1301937"
"5332","2","3","4","68","96","326","427","548","672","C1301937"
"5826","2","3","7","48","161","105","139","186","245","C1301959"
"27019","2","3","12","76","153","40","38","54","75","C1301959"
"27031","2","3","6","11","142","225","38","331","506","C1301959"
"4094","2","3","12","19","31","276","91","433","118","C1301959"
"5745","2","5","4","68","96","326","427","548","672","C1301959"
"168667","2","5","7","53","51","342","259","423","389","C1301959"
"5376","2","5","7","53","51","342","454","573","492","C1301959"
"5626","2","3","3","19","221","321","428","541","667","C1301959"
"4869","2","3","12","110","85","237","433","547","664","C1301959"
"775","2","5","8","63","36","166","341","223","158","C1301959"
"9227","2","3","2","69","51","101","126","170","224","C1301959"
"4626","2","5","8","63","45","23","103","464","187","C1301959"
"3914","2","5","7","53","51","342","454","573","492","C1301959"
"2720","2","3","7","34","52","216","395","21","599","C1301959"
"2516","2","3","3","19","151","276","91","433","118","C1301959"
"10559","2","3","2","89","124","204","272","347","451","C1301959"
"3594","2","5","7","53","51","119","25","560","373","C1301959"
"8647","2","3","5","46","158","252","352","449","563","C1301959"
"2068","2","3","12","19","31","261","116","159","211","C1301959"
"1340","2","3","2","48","170","50","141","359","462","C1302995"
"10585","2","5","2","27","206","324","430","215","290","C1302995"
"1763","2","3","12","19","31","261","116","1","86","C1302995"
"22897","2","3","12","76","153","40","38","54","75","C1302999"
"1591","2","3","5","92","163","262","136","460","566","C1302999"
"4638","2","5","7","53","45","23","103","464","187","C1302999"
"6430","2","3","2","22","33","323","66","101","136","C1302999"
"5328","2","5","7","34","52","216","395","549","674","C1303003"
"3265","2","5","7","60","54","24","30","46","72","C1303003"
"1848","2","3","5","42","81","296","399","201","274","C1303003"
"5880","2","5","7","60","54","24","30","46","72","C1303007"
"860","2","3","12","19","31","276","91","433","118","C1303007"
"25970","2","5","7","53","14","20","25","40","116","C1303007"
"4247","2","3","2","68","67","320","98","180","279","C1303007"
"183","2","5","4","68","96","326","427","548","672","C1303073"
"5573","2","3","12","19","184","118","155","287","116","C1303073"
"54567","2","5","7","53","51","143","428","236","667","C1305740"
"22926","2","3","12","19","31","276","91","433","118","C1305740"
"283989","2","3","12","22","33","323","66","101","664","C1305740"
"7305","2","5","7","34","52","216","395","549","674","C1305740"
"435","2","3","8","84","97","167","210","278","360","C1306067"
"4337","2","3","2","80","91","75","204","267","352","C1306067"
"51524","2","5","7","45","94","199","240","415","666","C1306067"
"6635","2","3","2","22","33","323","66","101","136","C1306067"
"9897","2","3","12","76","18","75","38","1","212","C1306067"
"9213","2","5","7","68","96","184","219","380","666","C1306122"
"2253","2","5","7","53","14","20","25","40","186","C1306122"
"8600","2","5","7","41","219","339","156","568","697","C1306122"
"5308","2","3","3","19","221","321","428","541","667","C1306122"
"675","2","3","12","19","31","261","116","1","86","C1306122"
"26012","2","3","12","19","31","261","116","159","211","C1306122"
"6351","2","5","4","68","96","326","427","548","672","C1306122"
"81027","2","3","12","76","153","40","38","54","75","C1306122"
"2776","2","5","4","68","96","326","427","548","672","C1306122"
"2773","2","5","4","68","96","326","427","548","672","C1306122"
"9518","2","5","7","53","51","342","259","423","389","C1306214"
"3106","2","5","7","34","52","119","395","549","674","C1306214"
"221496","2","3","5","27","105","99","226","216","156","C1306214"
"6197","2","3","12","19","14","20","34","540","68","C1306214"
"8483","2","5","7","53","51","342","454","573","492","C1306503"
"2201","2","5","7","53","51","342","454","573","492","C1306503"
"2812","2","5","7","53","51","342","454","573","492","C1306587"
"7291","2","3","12","19","151","276","91","489","416","C1306587"
"1278","2","5","7","53","51","342","454","573","492","C1306587"
"120227","2","3","5","91","214","101","126","460","224","C1306587"
"4613","2","3","12","19","31","1","426","55","78","C1306710"
"1001","2","5","7","53","51","335","444","560","373","C1306710"
"3481","2","5","7","53","51","342","454","573","492","C1306710"
"7124","2","3","12","41","219","339","156","568","697","C1306710"
"2189","2","3","12","19","31","261","116","1","86","C1306710"
"10262","2","3","2","22","33","323","66","101","136","C1306710"
"2121","2","3","12","41","116","268","434","568","605","C1306710"
"4552","2","3","7","48","81","105","139","186","245","C1306710"
"22858","2","3","7","53","14","20","34","540","68","C1306710"
"50485","2","3","12","19","31","261","116","1","86","C1306710"
"2538","2","3","5","90","216","333","438","561","689","C1306710"
"1312","2","3","2","87","79","105","426","129","25","C1306710"
"596","2","3","12","19","219","339","402","489","416","C1306710"
"2778","2","5","4","68","96","326","427","548","672","C1306710"
"51741","2","3","2","22","33","323","66","101","127","C1306710"
"6234","2","3","2","110","85","237","433","547","671","C1306710"
"4137","2","3","7","27","36","150","341","223","628","C1306710"
"6261","2","5","8","63","45","23","34","464","187","C1306710"
"51057","2","3","12","76","153","40","38","54","75","C1306710"
"3423","2","3","5","74","3","342","374","294","590","C1306710"
"2623","2","3","12","19","31","1","155","287","116","C1306710"
"3257","2","5","7","60","54","24","30","46","72","C1306710"
"412","2","3","5","105","155","250","291","152","420","C1306710"
"1387","2","3","12","19","31","276","91","433","118","C1306710"
"4593","2","5","7","53","14","20","454","573","492","C1306710"
"9723","2","5","7","53","51","342","79","560","373","C1306710"
"2556","2","5","8","27","70","99","162","216","290","C1306710"
"1674","2","5","8","63","45","23","103","464","187","C1306710"
"368","2","3","12","41","116","268","423","536","445","C1306710"
"26580","2","5","8","27","70","99","162","216","290","C1306710"
"8900","2","3","12","19","31","261","116","1","86","C1306710"
"9401","2","3","12","76","31","261","116","1","86","C1306710"
"3708","2","5","8","63","45","23","306","390","158","C1306837"
"51085","2","3","2","48","57","110","141","359","462","C1306837"
"5449","2","3","3","19","221","321","428","541","667","C1306837"
"8822","2","5","7","53","14","20","25","40","186","C1306837"
"257","2","3","3","19","221","321","428","541","667","C1306856"
"5155","2","5","7","53","51","342","454","573","186","C1306856"
"51085","2","3","2","48","57","110","141","359","462","C1306857"
"5520","2","3","2","110","85","237","433","547","671","C1306857"
"6557","2","5","8","45","94","199","240","415","666","C1306857"
"675","2","3","12","19","31","261","116","1","86","C1306857"
"9820","2","3","12","41","116","268","434","468","213","C1306857"
"9927","2","3","12","19","31","118","155","287","116","C1306857"
"54880","2","3","12","19","31","1","426","55","78","C1306857"
"257","2","3","3","19","221","321","428","541","667","C1306857"
"10370","2","3","12","19","31","276","91","433","118","C1306857"
"847","2","3","7","34","52","216","395","549","674","C1306889"
"2263","2","5","7","53","14","20","25","40","186","C1306889"
"2548","2","3","7","34","52","216","395","549","674","C1306889"
"6559","2","5","8","45","94","199","240","415","666","C1306889"
"7297","2","5","7","53","184","119","25","40","186","C1318518"
"652","2","5","7","53","51","342","454","573","492","C1318518"
"26608","2","3","2","22","170","50","119","463","153","C1318518"
"2147","2","5","7","68","51","342","454","573","492","C1318518"
"54345","2","5","3","19","221","321","428","541","667","C1318558"
"2033","2","3","12","19","31","1","91","433","118","C1318558"
"5339","2","5","7","53","51","342","454","573","492","C1319853"
"100","2","3","5","33","21","47","56","80","199","C1319853"
"55703","2","3","2","22","33","261","116","159","211","C1319853"
"5781","2","5","7","53","14","20","25","40","186","C1319853"
"4683","2","3","12","19","31","261","116","1","86","C1319853"
"5625","2","3","2","101","103","177","225","271","356","C1319853"
"30061","2","3","5","25","44","165","101","274","358","C1319853"
"6622","2","3","7","27","36","150","341","223","628","C1319853"
"3976","2","5","7","53","51","119","25","489","416","C1319853"
"5191","2","3","5","43","161","305","409","208","482","C1319853"
"5048","2","3","12","76","153","40","38","54","75","C1319853"
"7076","2","5","7","53","51","342","454","573","492","C1319853"
"80184","2","5","7","34","52","216","38","54","75","C1319853"
"3360","2","5","4","68","96","326","427","548","672","C1321329"
"55624","2","3","2","78","123","194","255","215","412","C1321329"
"1420","2","3","6","63","45","160","362","177","673","C1321329"
"5831","2","3","2","101","62","189","182","566","409","C1321329"
"51360","2","3","3","26","35","276","91","433","203","C1321329"
"5894","2","5","7","60","54","23","34","464","187","C1321329"
"10617","2","3","12","48","57","110","141","359","462","C1321329"
"2737","2","3","12","19","116","321","428","54","667","C1321329"
"6929","2","3","12","19","31","1","426","55","78","C1321329"
"8195","2","3","12","76","153","76","38","54","75","C1321329"
"860","2","3","12","19","31","276","91","433","118","C1321329"
"55130","2","3","12","76","153","76","38","54","75","C1321489"
"6925","2","3","12","19","31","225","142","220","298","C1321489"
"3119","2","5","7","53","153","119","156","287","116","C1321489"
"2922","2","5","4","68","96","326","427","548","672","C1321551"
"80224","2","3","2","48","170","50","119","444","556","C1321551"
"1964","2","3","2","110","85","237","433","547","671","C1321884"
"6638","2","3","2","22","33","323","66","101","136","C1321884"
"655","2","5","7","53","51","342","259","423","389","C1321884"
"5830","2","3","5","43","161","305","409","208","482","C1321884"
"1643","2","3","12","41","116","268","434","468","213","C1321884"
"658","2","5","7","53","51","342","259","423","389","C1321884"
"54476","2","3","12","41","219","339","156","568","697","C1321884"
"8085","2","3","12","19","31","1","426","55","78","C1321884"
"4535","2","3","2","48","170","50","119","444","556","C1321884"
"5073","2","3","2","110","85","323","433","146","194","C1321884"
"26249","2","3","12","41","116","268","434","468","213","C1321907"
"919","2","5","7","53","14","119","25","40","186","C1321907"
"114798","2","5","7","53","51","335","444","560","373","C1328407"
"2657","2","5","7","53","51","342","259","423","389","C1328407"
"26012","2","3","12","19","31","261","116","159","211","C1328407"
"3766","2","5","8","63","36","166","106","110","158","C1328440"
"2707","2","3","12","76","153","40","38","54","75","C1328440"
"1586","2","3","5","79","98","256","335","425","540","C1328587"
"1352","2","3","2","48","170","50","119","444","556","C1328587"
"1289","2","5","7","53","51","342","454","573","492","C1328587"
"4693","2","5","7","53","51","342","454","573","492","C1328587"
"54345","2","5","3","19","221","321","428","541","667","C1328587"
"7737","2","3","12","22","33","268","434","468","213","C1328587"
"8600","2","5","7","41","219","339","156","568","697","C1328587"
"3764","2","5","8","63","36","166","106","110","158","C1328587"
"51816","2","5","7","34","52","216","395","549","674","C1328587"
"9652","2","3","2","110","85","237","433","547","671","C1328840"
"60","2","3","12","60","45","184","155","287","78","C1328840"
"5189","2","3","5","43","161","305","409","208","482","C1328840"
"9657","2","3","12","76","153","40","38","54","75","C1328840"
"4790","2","3","7","34","52","216","166","129","697","C1328840"
"2737","2","3","12","19","116","321","428","54","667","C1328840"
"9793","2","3","12","76","153","40","38","54","75","C1328931"
"1278","2","5","7","53","51","342","454","573","492","C1328931"
"8929","2","3","3","19","221","321","428","541","667","C1328931"
"1300","2","5","7","53","51","342","454","573","492","C1328931"
"9731","2","3","12","76","153","40","38","54","75","C1328931"
"2566","2","5","8","27","70","99","162","216","290","C1328931"
"5340","2","5","7","53","51","342","454","573","492","C1328931"
"146862","2","3","12","41","116","268","347","271","356","C1328931"
"2554","2","5","8","27","70","99","162","216","290","C1328931"
"2969","2","3","12","19","31","276","91","433","118","C1328931"
"2488","2","5","4","68","96","326","427","548","672","C1332852"
"5077","2","3","3","19","221","321","428","541","667","C1332852"
"10262","2","3","2","22","33","323","66","101","136","C1332852"
"1293","2","5","7","53","51","342","454","573","492","C1332852"
"6557","2","5","8","45","94","199","240","415","666","C1332852"
"2895","2","5","4","68","36","71","427","223","219","C1332965"
"79443","2","3","2","48","57","110","141","359","462","C1332965"
"5156","2","5","7","53","14","20","25","40","186","C1333985"
"1410","2","3","12","63","45","23","38","54","187","C1333985"
"5745","2","5","4","68","96","326","427","548","672","C1333985"
"6495","2","3","3","19","221","321","428","541","667","C1333989"
"1834","2","5","7","53","51","342","454","573","492","C1333989"
"9569","2","3","12","19","31","276","91","433","118","C1333989"
"10804","2","3","12","76","153","40","38","54","75","C1333989"
"2263","2","5","7","53","14","20","25","40","186","C1333990"
"6335","2","5","8","63","36","166","341","390","158","C1333990"
"183","2","5","4","68","96","326","427","548","672","C1333990"
"5664","2","5","7","53","219","143","428","236","667","C1333990"
"2056","2","5","7","53","51","119","25","40","186","C1333990"
"51684","2","3","12","41","116","268","38","54","75","C1333990"
"3972","2","5","4","68","96","326","427","548","672","C1333990"
"1909","2","5","4","68","96","326","427","548","672","C1333990"
"51094","2","3","2","48","57","110","141","359","462","C1333990"
"3575","2","5","7","53","51","184","341","544","669","C1333990"
"7399","2","5","7","53","51","342","454","573","492","C1333990"
"10804","2","3","12","76","153","40","38","54","75","C1335929"
"5922","2","5","7","60","54","24","30","46","72","C1335929"
"2316","2","5","7","53","51","342","454","573","702","C1335929"
"3872","2","1","6","11","142","225","142","220","298","C1335929"
"4015","2","5","7","53","51","342","454","573","492","C1336708"
"10804","2","3","12","76","153","40","38","54","75","C1336708"
"3758","2","5","8","63","36","166","106","110","158","C1336708"
"1736","2","3","2","110","85","237","433","547","671","C1336708"
"7849","2","3","3","19","221","321","428","541","667","C1336708"
"7879","2","5","7","34","54","24","30","46","72","C1336708"
"1289","2","5","7","53","51","342","454","573","492","C1336708"
"1278","2","5","7","53","51","342","454","573","492","C1336708"
"3953","2","5","7","53","14","20","25","40","186","C1336708"
"11285","2","3","2","74","205","191","396","408","620","C1336708"
"3592","2","5","7","53","51","119","25","489","416","C1336708"
"50","2","3","5","80","81","50","304","167","593","C1336708"
"90","2","5","7","53","51","342","259","423","389","C1336708"
"6337","2","5","8","63","45","23","34","464","187","C1368816"
"7431","2","3","12","41","45","23","103","489","416","C1368816"
"7042","2","5","7","53","51","342","454","573","492","C1368816"
"8200","2","5","7","53","51","342","259","423","389","C1368816"
"4921","2","5","7","53","14","20","25","573","186","C1368816"
"8643","2","5","3","68","221","197","259","560","422","C1368816"
"7248","2","3","2","48","57","110","141","359","462","C1368816"
"8856","2","3","3","19","151","276","91","433","118","C1368816"
"7428","2","3","12","41","116","268","434","468","213","C1368816"
"401","2","3","3","19","221","321","428","541","667","C1368816"
"4137","2","3","7","27","36","150","341","223","628","C1368816"
"6330","2","5","8","63","36","166","341","223","158","C1368816"
"2316","2","5","7","53","51","342","454","573","702","C1368816"
"26191","2","5","7","53","14","20","25","40","186","C1368816"
"5906","2","5","7","34","52","216","30","46","72","C1368816"
"3565","2","5","7","53","51","119","25","489","416","C1368816"
"10087","2","3","7","50","47","39","100","321","255","C1368816"
"1482","2","3","3","19","221","321","428","541","667","C1368816"
"2778","2","5","4","68","96","326","427","548","672","C1370889"
"3081","2","3","2","91","51","3","267","308","429","C1370889"
"547","2","3","7","76","153","40","38","54","75","C1370889"
"6331","2","5","8","63","36","166","341","223","158","C1384590"
"7454","2","5","7","60","14","20","25","40","215","C1384590"
"29940","2","5","7","53","51","342","454","573","492","C1384600"
"2643","2","3","5","87","91","75","204","267","352","C1384600"
"5167","2","3","5","32","93","163","207","303","126","C1384600"
"3141","2","3","2","68","40","130","166","127","173","C1384600"
"4000","2","3","12","26","105","178","226","297","156","C1384606"
"51259","2","3","2","76","153","40","38","54","75","C1384606"
"8813","2","3","2","48","116","142","136","280","363","C1384606"
"4089","2","3","12","19","219","339","259","423","605","C1384606"
"6103","2","3","12","76","153","40","38","54","75","C1384606"
"8675","2","5","7","60","54","24","98","66","203","C1384606"
"4221","2","3","12","19","31","342","454","573","492","C1384606"
"7273","2","5","7","53","51","342","103","464","702","C1384606"
"1476","2","5","7","34","52","216","395","549","674","C1384606"
"5897","2","3","12","41","116","268","141","568","605","C1384670"
"2200","2","5","7","53","51","342","454","573","492","C1384670"
"1301","2","5","7","53","51","342","454","573","492","C1384670"
"2200","2","5","7","53","51","342","454","573","492","C1384670"
"23554","2","5","3","68","221","197","259","518","492","C1384670"
"3651","2","3","3","19","221","321","428","541","667","C1387532"
"613","2","5","7","60","54","24","30","46","72","C1387532"
"847","2","3","7","34","52","216","395","549","674","C1387532"
"2146","2","3","12","19","31","1","426","55","78","C1389016"
"2316","2","5","7","53","51","342","454","573","702","C1389016"
"10161","2","5","4","68","96","326","427","548","672","C1389016"
"6647","2","3","2","95","2","342","378","173","702","C1389016"
"7040","2","5","7","53","51","342","454","573","492","C1389016"
"2147","2","5","7","68","51","342","454","573","492","C1389016"
"10225","2","5","7","53","51","119","395","549","674","C1389016"
"5190","2","3","5","43","161","305","409","208","482","C1389016"
"1499","2","3","12","19","221","197","259","560","422","C1389016"
"2720","2","3","7","34","52","216","395","21","599","C1389016"
"2911","2","5","4","68","96","326","427","548","672","C1389016"
"10919","2","3","12","19","31","1","426","55","78","C1389016"
"2563","2","5","8","27","70","99","162","216","290","C1389016"
"151648","2","3","12","76","153","40","38","54","75","C1389016"
"3861","2","1","6","11","142","225","142","220","298","C1389016"
"10149","2","5","5","63","36","166","332","220","158","C1389016"
"4693","2","5","7","53","51","342","454","573","492","C1389016"
"5149","2","3","5","68","38","16","477","596","725","C1389018"
"7021","2","3","12","19","31","261","91","433","664","C1389018"
"538","2","3","8","63","45","23","103","464","187","C1389018"
"5447","2","3","5","91","214","271","372","471","586","C1389018"
"1041","2","1","6","11","142","225","142","220","298","C1389018"
"4704","2","3","2","48","170","50","119","444","556","C1389018"
"1497","2","5","2","63","182","50","103","297","628","C1389102"
"8022","2","3","3","110","85","321","428","541","667","C1389102"
"1954","2","5","7","53","51","342","454","573","492","C1389113"
"8214","2","3","6","11","142","225","142","220","298","C1389113"
"8022","2","3","3","110","85","321","428","541","667","C1389113"
"3117","2","5","7","53","153","119","156","287","116","C1389113"
"673","2","5","7","53","14","20","34","540","68","C1389113"
"9131","2","3","12","41","219","339","347","271","356","C1389113"
"291","2","3","2","48","170","50","304","167","593","C1389113"
"4000","2","3","12","26","105","178","226","297","156","C1389113"
"2255","2","5","7","53","14","20","25","40","186","C1389113"
"6165","2","3","2","110","85","237","433","547","671","C1389113"
"3614","2","3","7","34","52","216","395","549","674","C1389113"
"4514","2","3","2","48","57","110","141","359","5","C1389113"
"4000","2","3","12","26","105","178","226","297","156","C1389113"
"2316","2","5","7","53","51","342","454","573","702","C1389113"
"3048","2","3","12","19","31","118","155","287","116","C1389113"
"2653","2","3","2","67","104","214","234","306","388","C1389113"
"6006","2","3","2","69","83","101","126","487","116","C1389113"
"7057","2","5","7","53","51","342","454","573","492","C1389113"
"808","2","5","8","63","45","23","103","464","187","C1389113"
"11236","2","3","12","41","116","268","434","468","213","C1389113"
"2318","2","5","7","53","45","23","103","464","187","C1389118"
"1161","2","3","12","41","116","268","434","468","213","C1389118"
"3988","2","3","5","98","174","277","379","476","42","C1389280"
"5189","2","3","5","43","161","305","409","208","482","C1389280"
"4200","2","3","2","67","92","293","55","75","311","C1389280"
"29851","2","5","7","53","14","20","25","40","186","C1389280"
"9702","2","3","12","76","153","40","38","54","75","C1389280"
"6648","2","3","2","95","151","160","378","173","229","C1389280"
"659","2","5","7","53","14","20","259","423","389","C1389280"
"6559","2","5","8","45","94","199","240","415","666","C1389280"
"3845","2","5","7","60","54","24","30","46","72","C1389280"
"1813","2","5","4","68","96","326","427","548","672","C1389280"
"2195","2","5","7","53","51","335","444","560","373","C1389280"
"2317","2","5","7","63","45","23","103","287","664","C1389280"
"2152","2","5","7","53","51","119","454","549","674","C1389280"
"55532","2","3","7","25","44","165","101","274","358","C1389280"
"8820","2","3","3","19","221","321","428","541","667","C1389280"
"3552","2","3","12","53","51","119","156","489","416","C1389280"
"658","2","5","7","53","51","342","259","423","389","C1389851"
"633","2","5","7","53","51","342","454","573","492","C1389851"
"3784","2","5","8","63","36","166","106","110","158","C1389851"
"51426","2","3","12","19","31","261","116","1","86","C1390214"
"2475","2","3","2","48","57","110","141","359","462","C1390214"
"2068","2","3","12","19","31","261","116","159","211","C1390474"
"2353","2","3","12","19","31","1","91","489","416","C1390474"
"27235","2","3","2","48","170","50","304","167","593","C1390474"
"3984","2","5","7","53","14","20","34","540","68","C1390474"
"11141","2","5","7","53","36","335","444","223","373","C1390474"
"2316","2","5","7","53","51","342","454","573","702","C1390474"
"2512","2","3","7","34","52","216","395","544","358","C1390474"
"4524","2","3","2","15","166","104","369","117","583","C1390474"
"149233","2","5","7","53","51","119","25","489","416","C1390474"
"1674","2","5","8","63","45","23","103","464","187","C1390474"
"6567","2","5","8","35","41","77","40","57","80","C1390474"
"55219","2","5","2","27","51","335","444","560","373","C1390474"
"7124","2","3","12","41","219","339","156","568","697","C1390474"
"199","2","5","7","34","52","216","395","549","674","C1390474"
"1583","2","3","5","79","152","273","375","100","589","C1390474"
"51651","2","3","12","41","219","339","156","568","605","C1390474"
"3845","2","5","7","60","54","24","30","46","72","C1390474"
"4519","2","3","2","48","170","50","119","508","312","C1390474"
"7048","2","5","7","53","51","342","259","423","389","C1390474"
"5034","2","5","7","53","51","342","454","573","492","C1390474"
"51360","2","3","3","26","35","276","91","433","203","C1390474"
"7157","2","3","12","19","31","261","402","489","551","C1394030"
"29123","2","3","12","19","151","276","91","433","118","C1394030"
"9968","2","4","3","24","119","330","214","454","144","C1394030"
"26040","2","3","12","19","31","1","116","297","78","C1394030"
"2903","2","5","7","53","14","20","25","223","219","C1394691"
"6655","2","5","7","60","54","24","30","46","72","C1394691"
"4893","2","5","7","34","52","24","30","46","72","C1394691"
"3984","2","5","7","53","14","20","34","540","68","C1394691"
"7253","2","5","4","68","96","326","427","548","672","C1394691"
"5156","2","5","7","53","14","20","25","40","186","C1394691"
"2563","2","5","8","27","70","99","162","216","290","C1395674"
"23411","2","3","12","19","31","1","91","433","118","C1395674"
"5897","2","3","12","41","116","268","141","568","605","C1395674"
"25836","2","3","12","76","153","40","38","54","75","C1395674"
"3949","2","5","7","60","14","184","341","544","669","C1395674"
"9429","2","3","5","25","44","165","71","10","16","C1395674"
"5663","2","5","7","34","52","216","395","549","667","C1395852"
"5727","2","3","12","68","221","197","259","560","422","C1395852"
"672","2","3","12","19","31","261","116","1","86","C1395852"
"3440","2","3","12","19","184","118","155","287","116","C1395852"
"238","2","5","7","53","14","20","25","40","186","C1395852"
"3663","2","3","12","53","184","119","156","287","116","C1395852"
"4005","2","3","12","19","31","1","426","55","78","C1395852"
"2775","2","5","4","68","36","150","341","223","628","C1395852"
"673","2","5","7","53","14","20","34","540","68","C1395852"
"6342","2","3","5","80","161","305","409","208","482","C1396126"
"2006","2","5","7","53","51","342","454","573","492","C1396126"
"7054","2","3","5","80","81","166","34","258","345","C1396126"
"2316","2","5","7","53","51","342","454","573","702","C1396772"
"9211","2","5","7","27","36","150","341","223","628","C1396772"
"3620","2","3","5","91","214","183","307","391","507","C1396772"
"1080","2","3","12","41","219","339","156","544","669","C1396772"
"55145","2","3","2","22","33","225","142","220","140","C1397139"
"2778","2","5","4","68","96","326","427","548","672","C1397139"
"2261","2","5","7","53","14","20","25","40","186","C1397139"
"2658","2","5","7","53","51","342","259","423","389","C1397139"
"54941","2","3","12","41","116","268","434","468","213","C1397139"
"2261","2","5","7","53","14","20","25","40","186","C1397139"
"4286","2","3","12","19","31","261","116","1","664","C1398301"
"2263","2","5","7","53","14","20","25","40","186","C1398301"
"1277","2","5","7","53","51","342","454","573","492","C1398301"
"1144","2","5","8","27","70","99","162","216","290","C1398301"
"633","2","5","7","53","51","342","454","573","492","C1398312"
"10516","2","5","7","53","51","342","454","573","492","C1398312"
"8626","2","3","3","19","221","321","428","541","667","C1398312"
"6662","2","3","3","19","221","321","428","541","667","C1398312"
"1497","2","5","2","63","182","50","103","297","628","C1398312"
"1811","2","5","8","35","41","199","40","415","666","C1398312"
"2178","2","3","12","19","31","261","116","1","86","C1398312"
"5213","2","3","2","90","167","266","367","500","577","C1398312"
"5567","2","3","12","53","14","20","34","540","68","C1398312"
"857","2","5","7","53","45","23","57","83","422","C1398312"
"5450","2","3","12","19","221","261","116","159","211","C1398312"
"836","2","3","12","41","219","339","402","489","697","C1398312"
"4524","2","3","2","15","166","104","369","117","583","C1398312"
"3559","2","5","7","53","14","20","25","40","186","C1398312"
"7157","2","3","12","19","31","261","402","489","551","C1398312"
"2200","2","5","7","53","51","342","454","573","492","C1398312"
"4893","2","5","7","34","52","24","30","46","72","C1398312"
"284086","2","5","7","53","14","20","34","540","68","C1398312"
"3845","2","5","7","60","54","24","30","46","72","C1398312"
"6515","2","5","7","34","52","216","395","549","674","C1398312"
"1277","2","5","7","53","51","342","454","573","492","C1398325"
"2632","2","3","2","28","22","48","232","82","114","C1398325"
"1130","2","5","7","60","54","326","141","359","462","C1398325"
"55624","2","3","2","78","123","194","255","215","412","C1398325"
"8481","2","3","12","76","153","40","38","54","75","C1398325"
"1836","2","3","2","35","41","94","260","330","375","C1398325"
"1535","2","5","7","34","52","216","395","549","674","C1398325"
"9129","2","3","2","22","33","323","66","101","136","C1398325"
"2263","2","5","7","53","14","20","25","40","186","C1398325"
"1147","2","3","12","41","219","339","156","568","697","C1398325"
"51199","2","3","12","76","153","40","38","54","75","C1398325"
"6399","2","5","7","60","54","24","30","46","72","C1398325"
"55112","2","3","12","76","153","40","38","54","75","C1398325"
"10318","2","3","12","41","219","339","156","568","697","C1398325"
"208","2","5","7","53","14","20","34","540","68","C1398325"
"6648","2","3","2","95","151","160","378","173","229","C1398325"
"55112","2","3","12","76","153","40","38","54","75","C1398325"
"4539","2","3","2","53","184","86","107","560","195","C1398325"
"4893","2","5","7","34","52","24","30","46","72","C1398325"
"4976","2","3","2","48","170","50","119","444","556","C1398325"
"9056","2","3","8","45","94","199","240","415","666","C1398325"
"7450","2","5","7","53","51","342","454","573","492","C1398325"
"5155","2","5","7","53","51","342","454","573","186","C1398325"
"7171","2","5","8","63","45","23","103","464","187","C1398522"
"55636","2","3","3","19","221","321","428","423","389","C1398522"
"6925","2","3","12","19","31","225","142","220","298","C1398522"
"673","2","5","7","53","14","20","34","540","68","C1398522"
"2815","2","5","7","53","51","342","454","573","492","C1400105"
"675","2","3","12","19","31","261","116","1","86","C1400105"
"5657","2","5","7","34","52","216","395","549","674","C1400105"
"2645","2","3","2","90","167","266","367","101","664","C1400105"
"1073","2","3","8","63","45","184","103","572","658","C1400105"
"5873","2","5","7","34","54","24","30","46","72","C1400105"
"866","2","5","7","68","51","342","454","573","492","C1400105"
"10084","2","3","2","22","33","323","66","101","136","C1400105"
"335","2","5","7","53","51","342","454","573","492","C1400105"
"2073","2","3","12","19","31","261","116","1","86","C1400105"
"6913","2","3","3","19","221","321","428","541","667","C1400105"
"81622","2","3","2","48","219","50","156","444","697","C1400105"
"5728","2","3","5","80","81","339","156","568","605","C1400105"
"249","2","3","5","27","51","335","444","560","373","C1400105"
"6546","2","5","8","45","94","199","240","415","666","C1400105"
"4204","2","3","12","19","31","1","426","55","78","C1400105"
"23630","2","5","8","63","36","166","106","110","158","C1400105"
"4854","2","5","7","53","51","143","428","236","667","C1400105"
"29760","2","5","7","53","14","20","25","40","186","C1400105"
"2717","2","3","7","34","52","216","395","549","674","C1400105"
"1848","2","3","5","42","81","296","399","201","274","C1400105"
"2263","2","5","7","53","14","20","25","40","186","C1400105"
"5122","2","5","4","27","36","184","141","359","411","C1400105"
"2175","2","3","12","19","31","261","116","1","86","C1400252"
"154","2","5","4","68","96","326","427","548","669","C1400252"
"25978","2","3","2","48","57","110","141","359","462","C1400252"
"857","2","5","7","53","45","23","57","83","422","C1401086"
"3418","2","3","2","67","151","276","33","48","155","C1401086"
"1053","2","3","12","19","31","276","91","433","118","C1401086"
"3425","2","3","5","80","81","166","454","573","492","C1401086"
"10083","2","5","7","42","36","71","177","223","219","C1403035"
"2202","2","5","7","53","51","342","454","573","492","C1403035"
"54187","2","3","5","80","81","296","272","452","148","C1403035"
"7476","2","5","3","68","221","197","259","560","422","C1403035"
"4921","2","5","7","53","14","20","25","573","186","C1403035"
"51091","2","3","2","110","85","237","433","547","671","C1403035"
"695","2","5","7","53","14","20","25","40","186","C1403035"
"8838","2","5","7","53","51","342","259","423","389","C1403035"
"317","2","5","7","34","52","216","395","549","674","C1403035"
"54806","2","5","7","76","153","40","38","54","75","C1404521"
"8139","2","3","12","41","116","268","434","468","213","C1404521"
"5194","2","3","5","43","161","305","409","208","482","C1405854"
"4256","2","5","7","53","51","342","454","573","492","C1405854"
"549","2","3","5","80","81","166","114","155","202","C1405854"
"7273","2","5","7","53","51","342","103","464","702","C1405854"
"3248","2","3","2","69","83","133","167","224","301","C1405984"
"4629","2","5","8","63","45","23","103","464","187","C1405984"
"4913","2","3","12","19","31","261","116","1","86","C1405984"
"4724","2","3","2","48","170","50","119","444","556","C1405984"
"54968","2","3","2","48","170","50","119","444","556","C1405984"
"8777","2","5","7","42","36","71","177","223","219","C1405984"
"5649","2","5","7","53","51","342","444","560","373","C1405984"
"2261","2","5","7","53","14","20","25","40","186","C1405984"
"6794","2","3","12","53","14","20","34","540","68","C1405984"
"359","2","3","5","80","81","166","397","374","486","C1405984"
"9786","2","3","12","76","153","40","38","54","75","C1405984"
"5213","2","3","2","90","167","266","367","500","577","C1405984"
"7248","2","3","2","48","57","110","141","359","462","C1405984"
"1268","2","5","4","68","96","326","427","548","672","C1405984"
"3757","2","5","8","63","36","166","106","110","158","C1405984"
"2316","2","5","7","53","51","342","454","573","702","C1406835"
"5824","2","3","5","47","144","185","238","310","392","C1406835"
"3339","2","5","7","53","51","342","454","573","492","C1406835"
"779","2","5","8","63","36","166","341","390","158","C1406835"
"9533","2","3","2","19","31","1","426","55","78","C1406835"
"7124","2","3","12","41","219","339","156","568","697","C1406921"
"2260","2","5","7","53","14","20","25","40","186","C1406921"
"55505","2","3","2","110","85","237","433","547","671","C1406921"
"54209","2","5","7","53","51","119","395","549","674","C1408258"
"2324","2","5","7","53","14","20","25","40","186","C1408258"
"10019","2","5","7","53","14","20","25","40","116","C1408258"
"2296","2","3","3","19","221","321","428","541","667","C1408258"
"51626","2","3","12","76","153","40","38","54","75","C1408258"
"2530","2","5","2","68","67","320","98","180","279","C1408258"
"3479","2","5","7","53","51","342","454","573","492","C1408258"
"25782","2","5","7","60","54","24","30","46","72","C1408258"
"63982","2","5","8","63","45","23","34","464","187","C1408258"
"6736","2","3","12","19","31","276","91","433","667","C1408258"
"4624","2","5","8","63","45","23","103","464","187","C1408258"
"2239","2","3","2","74","51","342","454","573","492","C1408258"
"5649","2","5","7","53","51","342","444","560","373","C1408258"
"63901","2","3","12","34","52","216","402","489","551","C1408258"
"9132","2","5","8","63","36","166","106","110","158","C1408258"
"50485","2","3","12","19","31","261","116","1","86","C1408258"
"3426","2","5","7","53","51","119","395","549","674","C1408258"
"3047","2","3","12","19","31","118","155","287","116","C1408258"
"8799","2","3","5","43","161","305","409","208","482","C1408258"
"204","2","3","4","72","109","182","235","307","506","C1408258"
"4000","2","3","12","26","105","178","226","297","156","C1408258"
"23554","2","5","3","68","221","197","259","518","492","C1408258"
"9361","2","3","2","48","170","50","119","444","556","C1408258"
"2122","2","3","12","19","31","1","426","55","78","C1408258"
"4292","2","3","12","19","31","261","116","1","86","C1408258"
"10020","2","3","2","89","124","204","42","452","258","C1408507"
"54888","2","3","2","110","85","152","129","252","154","C1408507"
"37","2","3","2","110","105","178","226","297","380","C1408507"
"3766","2","5","8","63","36","166","106","110","158","C1408507"
"5594","2","5","7","34","14","20","34","540","274","C1408806"
"51422","2","3","2","48","57","110","141","359","462","C1408806"
"9401","2","3","12","76","31","261","116","1","86","C1411876"
"4137","2","3","7","27","36","150","341","223","628","C1411876"
"3480","2","5","7","53","14","20","25","40","186","C1411876"
"25836","2","3","12","76","153","40","38","54","75","C1411876"
"7428","2","3","12","41","116","268","434","468","213","C1411876"
"2290","2","3","3","19","221","321","428","541","667","C1411876"
"10804","2","3","12","76","153","40","38","54","75","C1411876"
"9997","2","3","2","48","170","50","119","444","556","C1411876"
"5277","2","3","2","61","77","142","176","235","317","C1412000"
"1277","2","5","7","53","51","342","454","573","492","C1412000"
"1235","2","5","4","68","96","326","427","548","672","C1442837"
"7170","2","5","8","63","45","23","103","464","187","C1442837"
"1134","2","5","8","27","70","99","162","216","290","C1442903"
"4540","2","3","2","48","170","50","119","444","556","C1442903"
"9927","2","3","12","19","31","118","155","287","116","C1442903"
"204","2","3","4","72","109","182","235","307","506","C1442903"
"55703","2","3","2","22","33","261","116","159","211","C1442903"
"1528","2","3","5","91","214","271","372","471","586","C1442903"
"8626","2","3","3","19","221","321","428","541","667","C1442903"
"8924","2","3","12","41","116","268","434","468","213","C1442903"
"1910","2","5","4","68","96","326","427","548","672","C1442903"
"23118","2","3","12","41","219","339","156","568","697","C1442903"
"3569","2","5","7","53","51","342","454","573","416","C1442903"
"1548","2","3","5","91","214","226","326","447","586","C1442988"
"4313","2","5","7","53","51","342","454","573","492","C1442988"
"50506","2","3","2","36","48","89","110","400","341","C1442988"
"2588","2","3","7","34","52","216","395","549","674","C1442988"
"7124","2","3","12","41","219","339","156","568","697","C1442988"
"2916","2","5","4","68","96","326","427","548","672","C1442988"
"50","2","3","5","80","81","50","304","167","593","C1442988"
"23509","2","3","2","89","124","143","428","236","667","C1442988"
"3988","2","3","5","98","174","277","379","476","42","C1442988"
"1312","2","3","2","87","79","105","426","129","25","C1442988"
"1123","2","5","7","60","54","24","30","46","72","C1442988"
"974","2","5","7","53","51","119","395","549","674","C1442988"
"4004","2","3","12","19","31","1","426","55","78","C1442988"
"4709","2","3","2","48","170","50","119","444","556","C1442988"
"1908","2","5","4","68","96","326","427","548","672","C1445953"
"4000","2","3","12","26","105","178","226","297","156","C1445953"
"51004","2","3","5","48","74","135","171","227","63","C1445953"
"7136","2","5","8","63","45","23","103","464","187","C1445953"
"324","2","3","12","41","219","197","70","255","422","C1445953"
"4719","2","3","2","48","170","50","119","444","556","C1445953"
"4613","2","3","12","19","31","1","426","55","78","C1445953"
"7305","2","5","7","34","52","216","395","549","674","C1445953"
"3717","2","5","7","53","14","20","25","40","186","C1445953"
"5961","2","5","7","27","51","326","126","414","702","C1445953"
"701","2","3","12","76","153","40","38","54","75","C1445953"
"285590","2","5","7","60","14","20","25","40","215","C1445953"
"7099","2","5","7","41","219","339","156","568","697","C1446712"
"2719","2","5","7","53","51","342","454","573","492","C1446712"
"2879","2","3","5","80","81","166","378","173","229","C1446712"
"1967","2","3","2","110","85","237","433","547","671","C1446712"
"4758","2","3","7","34","52","216","395","549","517","C1446712"
"1280","2","5","7","53","51","342","454","573","492","C1446712"
"55636","2","3","3","19","221","321","428","423","389","C1446712"
"25970","2","5","7","53","14","20","25","40","116","C1446712"
"4436","2","3","12","19","31","261","116","1","86","C1446712"
"7476","2","5","3","68","221","197","259","560","422","C1446712"
"5447","2","3","5","91","214","271","372","471","586","C1449843"
"3800","2","5","7","27","36","150","341","223","628","C1449843"
"2776","2","5","4","68","96","326","427","548","672","C1449843"
"5727","2","3","12","68","221","197","259","560","422","C1449861"
"1027","2","3","12","19","31","1","116","1","86","C1449861"
"4843","2","3","5","43","161","305","409","489","416","C1449861"
"7273","2","5","7","53","51","342","103","464","702","C1449861"
"2099","2","3","12","19","151","276","91","433","118","C1449861"
"2201","2","5","7","53","51","342","454","573","492","C1449861"
"26146","2","3","12","76","153","40","38","54","75","C1449861"
"8398","2","3","5","116","183","40","38","352","455","C1449861"
"9723","2","5","7","53","51","342","79","560","373","C1449861"
"1294","2","5","7","53","51","342","454","573","492","C1449861"
"841","2","3","12","41","219","339","156","568","697","C1449861"
"55605","2","3","12","76","153","40","38","54","75","C1449861"
"1292","2","5","7","53","51","342","454","573","492","C1449861"
"29954","2","5","2","27","206","324","430","215","290","C1449861"
"1063","2","3","12","76","153","40","38","54","75","C1449861"
"23141","2","3","12","76","105","40","226","489","435","C1449861"
"4948","2","5","8","63","45","23","250","464","187","C1449861"
"7957","2","3","5","42","81","296","399","201","274","C1449861"
"91851","2","5","7","53","51","342","454","573","492","C1449861"
"5147","2","3","5","60","54","24","30","46","72","C1449861"
"215","2","3","5","47","144","185","238","310","392","C1449861"
"2643","2","3","5","87","91","75","204","267","352","C1449861"
"538","2","3","8","63","45","23","103","464","187","C1450010"
"652","2","5","7","53","51","342","454","573","492","C1450010"
"5663","2","5","7","34","52","216","395","549","667","C1450010"
"3930","2","3","2","22","33","323","66","3","464","C1450010"
"2260","2","5","7","53","14","20","25","40","186","C1450010"
"5069","2","5","7","53","51","342","454","573","492","C1450010"
"5959","2","3","2","69","83","101","126","170","224","C1450010"
"8643","2","5","3","68","221","197","259","560","422","C1450010"
"4436","2","3","12","19","31","261","116","1","86","C1450010"
"8867","2","3","5","60","14","184","341","544","669","C1450010"
"3845","2","5","7","60","54","24","30","46","72","C1450010"
"54968","2","3","2","48","170","50","119","444","556","C1450010"
"7369","2","5","7","53","51","119","395","549","674","C1450010"
"7480","2","5","3","68","221","197","259","560","422","C1450010"
"5538","2","3","2","115","18","340","269","342","444","C1450010"
"2263","2","5","7","53","14","20","25","40","186","C1450010"
"6873","2","3","12","19","31","261","116","159","211","C1450010"
"5319","2","3","5","116","183","295","398","243","327","C1450010"
"9897","2","3","12","76","18","75","38","1","212","C1450010"
"1184","2","5","8","63","45","23","34","464","187","C1450010"
"4148","2","5","7","53","51","342","454","573","492","C1455734"
"8973","2","5","8","27","70","99","162","216","290","C1455734"
"2218","2","5","2","53","123","194","255","560","373","C1456240"
"6768","2","1","6","11","142","225","142","220","298","C1456240"
"7432","2","5","4","68","96","326","427","548","672","C1456240"
"3035","2","3","2","110","85","237","433","547","154","C1456240"
"22827","2","3","2","22","33","323","66","101","136","C1456784"
"3172","2","3","3","19","151","276","91","433","118","C1456784"
"650","2","5","7","53","51","342","259","423","389","C1456784"
"6392","2","3","2","48","170","50","119","444","556","C1456784"
"6687","2","3","2","48","170","50","119","444","593","C1456784"
"10381","2","3","12","76","153","40","38","54","75","C1456784"
"9968","2","4","3","24","119","330","214","454","144","C1456784"
"153201","2","3","2","45","94","199","15","25","676","C1456784"
"8504","2","3","5","47","144","185","238","310","392","C1456784"
"2559","2","5","8","27","70","99","162","216","290","C1456784"
"19","2","3","3","19","151","276","91","433","118","C1456784"
"4068","2","5","7","53","51","119","25","549","674","C1456784"
"79809","2","3","12","76","153","40","38","54","75","C1456784"
"343637","2","3","3","68","221","197","259","499","422","C1456784"
"9627","2","3","12","19","31","1","426","55","78","C1456784"
"1188","2","5","8","63","45","23","34","464","187","C1456784"
"6469","2","5","3","53","221","197","259","560","422","C1456784"
"5295","2","5","7","53","14","20","25","40","186","C1456784"
"5592","2","5","4","53","14","20","34","540","68","C1456784"
"8302","2","5","7","53","51","119","395","549","674","C1456784"
"8890","2","3","2","110","85","237","433","547","671","C1456865"
"54968","2","3","2","48","170","50","119","444","556","C1456865"
"5824","2","3","5","47","144","185","238","310","392","C1456865"
"54463","2","3","2","48","57","110","141","359","462","C1456865"
"7374","2","3","12","19","31","261","116","1","86","C1504382"
"2780","2","5","4","68","96","326","427","548","672","C1504382"
"55636","2","3","3","19","221","321","428","423","389","C1504405"
"1278","2","5","7","53","51","342","454","573","492","C1504405"
"10075","2","3","12","34","52","216","434","468","213","C1507149"
"8504","2","3","5","47","144","185","238","310","392","C1507149"
"5727","2","3","12","68","221","197","259","560","422","C1507149"
"9940","2","3","5","68","221","321","428","447","586","C1507149"
"860","2","3","12","19","31","276","91","433","118","C1507149"
"3339","2","5","7","53","51","342","454","573","492","C1507149"
"3207","2","3","3","19","221","321","428","541","667","C1507149"
"4760","2","3","3","19","221","321","428","541","667","C1507149"
"3973","2","5","4","68","96","326","427","548","672","C1510431"
"83729","2","5","7","53","51","342","259","423","389","C1510431"
"374654","2","3","12","76","153","40","38","54","75","C1510455"
"27019","2","3","12","76","153","40","38","54","75","C1510455"
"51124","2","5","4","68","96","326","427","548","672","C1510502"
"94","2","5","7","53","51","342","259","423","389","C1510502"
"60529","2","3","3","19","221","321","428","541","667","C1512419"
"2261","2","5","7","53","14","20","25","40","186","C1512419"
"224","2","3","5","50","47","39","202","19","233","C1512419"
"7157","2","3","12","19","31","261","402","489","551","C1512419"
"613","2","5","7","60","54","24","30","46","72","C1512419"
"7086","2","3","2","90","167","266","367","500","577","C1512419"
"5317","2","5","7","34","52","216","142","220","298","C1512419"
"5422","2","3","12","19","31","261","116","1","86","C1512419"
"546","2","3","12","19","31","261","426","1","86","C1512419"
"5994","2","3","12","19","31","276","91","491","118","C1512419"
"55215","2","3","12","76","31","261","116","1","86","C1512419"
"2110","2","3","2","48","170","50","119","444","556","C1512419"
"182","2","5","7","53","51","143","428","236","667","C1519176"
"23322","2","3","12","76","153","40","38","54","75","C1519176"
"23400","2","5","8","63","45","23","103","464","187","C1527249"
"2811","2","5","7","53","51","1","454","573","78","C1527249"
"3033","2","3","2","67","80","145","179","239","618","C1527249"
"8792","2","3","12","41","219","339","156","568","697","C1527249"
"26229","2","3","2","74","205","191","396","408","257","C1527249"
"9401","2","3","12","76","31","261","116","1","86","C1527249"
"1812","2","5","4","68","96","326","427","548","672","C1527249"
"860","2","3","12","19","31","276","91","433","118","C1527249"
"29925","2","3","2","68","66","123","158","207","278","C1527304"
"11322","2","5","7","34","52","216","395","549","674","C1527304"
"212","2","3","2","67","92","293","55","487","116","C1527311"
"1020","2","3","12","19","14","118","34","540","68","C1527311"
"2188","2","3","12","19","31","261","116","1","86","C1527311"
"2263","2","5","7","53","14","20","25","40","186","C1527311"
"335","2","5","7","53","51","342","454","573","492","C1527311"
"7840","2","3","12","76","153","40","38","54","75","C1527311"
"55624","2","3","2","78","123","194","255","215","412","C1527311"
"5333","2","3","5","18","16","40","417","103","58","C1527311"
"8456","2","3","3","19","221","321","428","541","667","C1527311"
"836","2","3","12","41","219","339","402","489","697","C1527311"
"2263","2","5","7","53","14","20","25","40","186","C1527311"
"4000","2","3","12","26","105","178","226","297","156","C1527311"
"5444","2","3","5","80","147","236","328","411","229","C1527311"
"492","2","3","8","63","45","23","103","464","187","C1527311"
"5621","2","5","8","27","36","342","454","573","628","C1527311"
"4519","2","3","2","48","170","50","119","508","312","C1527311"
"55624","2","3","2","78","123","194","255","215","412","C1527311"
"3954","2","3","2","48","170","67","119","444","593","C1527311"
"5745","2","5","4","68","96","326","427","548","672","C1527311"
"8815","2","3","12","22","33","323","66","444","664","C1527311"
"27315","2","5","6","34","52","225","142","220","298","C1527311"
"5897","2","3","12","41","116","268","141","568","605","C1527311"
"8815","2","3","12","22","33","323","66","444","664","C1527311"
"6341","2","3","2","48","170","50","119","444","556","C1527311"
"54101","2","3","2","48","170","50","347","167","593","C1527311"
"1452","2","3","12","41","116","197","34","540","422","C1527311"
"4645","2","3","4","67","92","293","55","75","311","C1527311"
"2934","2","5","7","34","52","216","395","549","674","C1527311"
"4988","2","5","4","68","96","326","427","548","672","C1527311"
"1565","2","3","5","91","214","226","326","413","530","C1527311"
"1565","2","3","5","91","214","226","326","413","530","C1527311"
"6197","2","3","12","19","14","20","34","540","68","C1527311"
"51259","2","3","2","76","153","40","38","54","75","C1527336"
"9896","2","3","5","80","81","296","399","201","274","C1527336"
"9702","2","3","12","76","153","40","38","54","75","C1527336"
"6571","2","3","8","60","36","71","341","223","624","C1527336"
"4976","2","3","2","48","170","50","119","444","556","C1527336"
"22856","2","3","2","78","189","303","251","320","403","C1527336"
"338","2","5","7","53","51","342","454","573","492","C1527336"
"30008","2","5","7","53","51","342","454","573","492","C1527336"
"2623","2","3","12","19","31","1","155","287","116","C1527336"
"213","2","5","7","53","51","342","454","573","492","C1527336"
"871","2","5","7","53","51","342","454","573","492","C1527336"
"2161","2","5","7","68","51","119","395","549","674","C1527336"
"2395","2","3","2","48","170","50","304","167","593","C1527344"
"4539","2","3","2","53","184","86","107","560","195","C1527344"
"29089","2","3","12","41","116","268","434","468","213","C1527344"
"351","2","5","4","68","96","326","188","145","193","C1527344"
"2702","2","3","12","76","153","40","38","54","75","C1527344"
"6337","2","5","8","63","45","23","34","464","187","C1527344"
"4929","2","3","3","19","151","276","91","433","118","C1527344"
"8838","2","5","7","53","51","342","259","423","389","C1527348"
"9469","2","3","2","103","189","303","29","475","467","C1527348"
"2737","2","3","12","19","116","321","428","54","667","C1527366"
"5261","2","5","7","53","14","20","34","540","68","C1527366"
"2643","2","3","5","87","91","75","204","267","352","C1527388"
"4318","2","5","7","34","52","216","395","573","492","C1527388"
"23095","2","3","7","76","153","40","38","54","75","C1527388"
"5447","2","3","5","91","214","271","372","471","586","C1527388"
"4287","2","3","12","41","116","268","434","468","215","C1527405"
"5307","2","3","3","19","221","321","428","541","667","C1527405"
"29893","2","3","12","19","31","1","426","55","78","C1527405"
"4591","2","3","12","41","116","268","434","468","213","C1527405"
"773","2","5","8","27","36","166","341","223","628","C1527405"
"5604","2","5","7","53","14","20","34","540","68","C1527405"
"182","2","5","7","53","51","143","428","236","667","C1527405"
"3284","2","3","2","69","98","169","299","183","243","C1527405"
"54476","2","3","12","41","219","339","156","568","697","C1531773"
"7490","2","3","3","19","221","321","428","541","667","C1531773"
"2617","2","3","2","110","85","237","433","252","154","C1533041"
"5745","2","5","4","68","96","326","427","548","672","C1533041"
"331","2","3","12","41","219","339","156","568","697","C1536451"
"6662","2","3","3","19","221","321","428","541","667","C1536451"
"3930","2","3","2","22","33","323","66","3","464","C1540912"
"5745","2","5","4","68","96","326","427","548","672","C1540912"
"55572","2","3","2","48","170","50","119","444","556","C1542327"
"5551","2","5","7","53","51","119","395","549","674","C1542327"
"5506","2","3","12","76","137","76","136","82","658","C1560305"
"3845","2","5","7","60","54","24","30","46","72","C1560305"
"4254","2","5","7","53","14","20","25","40","186","C1561643"
"5290","2","3","7","53","14","20","25","40","186","C1561643"
"2064","2","5","7","53","14","20","25","40","186","C1561643"
"6716","2","3","2","69","98","169","299","50","494","C1561643"
"6567","2","5","8","35","41","77","40","57","80","C1561643"
"1280","2","5","7","53","51","342","454","573","492","C1561643"
"2201","2","5","7","53","51","342","454","573","492","C1561643"
"55650","2","3","2","61","77","142","176","235","557","C1561643"
"7015","2","3","12","19","31","1","426","55","78","C1561643"
"5832","2","3","2","101","62","189","182","509","252","C1561643"
"7846","2","3","12","76","153","40","38","54","75","C1561643"
"718","2","5","7","34","51","119","395","549","674","C1561643"
"9126","2","3","12","76","153","40","38","54","75","C1561643"
"9993","2","5","7","53","51","342","454","573","492","C1562761"
"4853","2","3","12","19","124","143","428","236","667","C1562761"
"6867","2","3","12","76","153","40","38","54","75","C1563715"
"4864","2","3","5","48","152","184","341","544","669","C1563715"
"4547","2","5","7","53","51","342","454","573","492","C1563720"
"5897","2","3","12","41","116","268","141","568","605","C1563720"
"773","2","5","8","27","36","166","341","223","628","C1563720"
"2740","2","5","4","68","96","326","427","548","672","C1563720"
"1906","2","5","4","68","96","326","427","548","672","C1563720"
"8200","2","5","7","53","51","342","259","423","389","C1563720"
"4854","2","5","7","53","51","143","428","236","667","C1563720"
"658","2","5","7","53","51","342","259","423","389","C1563720"
"6324","2","5","7","63","36","166","341","223","158","C1563720"
"5897","2","3","12","41","116","268","141","568","605","C1563720"
"55120","2","3","12","19","31","261","116","1","86","C1563720"
"2317","2","5","7","63","45","23","103","287","664","C1563720"
"6446","2","5","8","63","45","23","34","464","187","C1563720"
"23363","2","3","12","41","116","268","434","468","213","C1563720"
"2677","2","5","7","53","51","342","454","573","492","C1563720"
"9723","2","5","7","53","51","342","79","560","373","C1563720"
"51752","2","3","2","41","153","119","156","536","116","C1563720"
"8626","2","3","3","19","221","321","428","541","667","C1563720"
"270","2","3","5","33","21","47","84","261","246","C1567435"
"4313","2","5","7","53","51","342","454","573","492","C1567435"
"1291","2","5","7","53","51","342","454","573","492","C1567435"
"3908","2","5","7","53","51","342","454","573","492","C1567435"
"1947","2","5","7","53","51","20","25","560","373","C1567435"
"55135","2","3","12","76","137","76","136","472","435","C1567435"
"55651","2","3","2","110","85","237","433","547","671","C1567435"
"3248","2","3","2","69","83","133","167","224","301","C1567435"
"8622","2","3","4","68","96","326","427","548","672","C1567435"
"23384","2","3","12","63","45","184","103","572","658","C1567435"
"207","2","3","7","53","14","20","34","489","416","C1567435"
"9469","2","3","2","103","189","303","29","475","467","C1567435"
"26005","2","3","12","76","153","40","38","54","75","C1567435"
"1855","2","5","12","76","153","197","259","560","422","C1567435"
"3078","2","5","7","53","51","119","395","549","674","C1567435"
"2316","2","5","7","53","51","342","454","573","702","C1567435"
"9382","2","5","7","60","153","40","38","66","203","C1567435"
"3552","2","3","12","53","51","119","156","489","416","C1567435"
"10269","2","3","2","48","182","50","119","444","556","C1567743"
"2296","2","3","3","19","221","321","428","541","667","C1567743"
"1280","2","5","7","53","51","342","454","573","492","C1567744"
"4688","2","5","7","60","14","20","25","40","215","C1567744"
"55690","2","3","2","48","57","110","141","359","462","C1568247"
"2033","2","3","12","19","31","1","91","433","118","C1568247"
"673","2","5","7","53","14","20","34","540","68","C1568247"
"4358","2","3","5","43","161","305","409","208","482","C1568247"
"112476","2","3","2","48","170","50","119","444","556","C1568247"
"51601","2","3","2","67","92","293","55","75","311","C1568247"
"2263","2","5","7","53","14","20","25","40","186","C1568248"
"55131","2","3","2","110","85","237","433","547","671","C1568248"
"1312","2","3","2","87","79","105","426","129","25","C1568249"
"4810","2","3","2","76","57","110","444","560","373","C1568249"
"9896","2","3","5","80","81","296","399","201","274","C1568249"
"3758","2","5","8","63","36","166","106","110","158","C1568249"
"2706","2","3","12","76","153","40","38","54","75","C1568249"
"5663","2","5","7","34","52","216","395","549","667","C1608393"
"6638","2","3","2","22","33","323","66","101","136","C1608393"
"4088","2","3","12","19","219","339","259","423","605","C1608410"
"3909","2","5","7","53","51","342","454","573","492","C1608410"
"3105","2","5","7","53","51","119","156","287","116","C1608410"
"7454","2","5","7","60","14","20","25","40","215","C1609433"
"3145","2","3","5","80","81","166","132","175","473","C1609433"
"7516","2","3","12","19","31","261","116","1","86","C1609433"
"26191","2","5","7","53","14","20","25","40","186","C1609433"
"23400","2","5","8","63","45","23","103","464","187","C1609433"
"7276","2","5","7","34","52","216","395","549","674","C1609528"
"7516","2","3","12","19","31","261","116","1","86","C1609528"
"6239","2","3","12","19","119","330","214","454","144","C1609528"
"2846","2","5","4","68","96","326","427","548","672","C1610065"
"3579","2","5","4","34","52","216","427","548","672","C1610065"
"3329","2","3","2","48","170","50","304","167","593","C1610065"
"4763","2","5","7","60","54","24","30","46","214","C1610065"
"5605","2","5","7","53","14","20","34","540","68","C1611184"
"5657","2","5","7","34","52","216","395","549","674","C1611184"
"5194","2","3","5","43","161","305","409","208","482","C1611184"
"5116","2","3","12","76","153","40","38","54","75","C1619692"
"1031","2","3","12","19","31","1","426","55","78","C1619692"
"1742","2","5","7","60","36","71","341","223","219","C1619692"
"6235","2","3","2","110","85","237","433","547","671","C1619700"
"4148","2","5","7","53","51","342","454","573","492","C1619700"
"7030","2","3","12","19","31","276","259","423","389","C1619700"
"3106","2","5","7","34","52","119","395","549","674","C1619700"
"10516","2","5","7","53","51","342","454","573","492","C1619700"
"1103","2","3","2","67","92","293","55","75","311","C1619700"
"3930","2","3","2","22","33","323","66","3","464","C1619700"
"3209","2","3","3","19","221","321","428","541","667","C1619700"
"2239","2","3","2","74","51","342","454","573","492","C1619700"
"5075","2","3","3","19","221","321","428","541","667","C1619700"
"3868","2","1","6","11","142","225","142","220","298","C1619700"
"538","2","3","8","63","45","23","103","464","187","C1619700"
"217","2","3","5","75","120","200","75","230","309","C1619700"
"6663","2","3","3","19","221","321","428","541","667","C1619700"
"3000","2","5","4","68","96","326","427","548","672","C1619700"
"4087","2","3","12","19","219","339","259","423","605","C1619700"
"9031","2","3","12","19","31","1","426","55","78","C1619700"
"3284","2","3","2","69","98","169","299","183","243","C1619700"
"4920","2","5","7","53","14","20","259","560","373","C1619700"
"2131","2","3","2","74","58","112","148","181","416","C1619700"
"4604","2","5","8","63","45","23","103","464","187","C1619700"
"6006","2","3","2","69","83","101","126","487","116","C1619700"
"2067","2","3","12","19","31","261","116","1","86","C1619700"
"1832","2","5","7","34","52","225","142","220","298","C1619700"
"672","2","3","12","19","31","261","116","1","86","C1619711"
"2263","2","5","7","53","14","20","25","40","186","C1619711"
"2132","2","3","2","74","58","112","148","193","263","C1621895"
"2138","2","3","12","19","31","1","426","55","78","C1621895"
"990","2","3","12","76","31","261","116","1","86","C1621895"
"53834","2","5","7","53","51","342","454","573","492","C1621895"
"6868","2","5","7","53","51","342","454","236","492","C1621895"
"2261","2","5","7","53","14","20","25","40","186","C1621895"
"6926","2","5","7","53","51","335","259","560","373","C1621895"
"8838","2","5","7","53","51","342","259","423","389","C1621895"
"55630","2","3","5","27","81","99","162","216","290","C1621895"
"10049","2","3","12","22","219","339","347","271","356","C1621895"
"25923","2","3","2","48","184","50","119","444","116","C1621895"
"3481","2","5","7","53","51","342","454","573","492","C1621895"
"4540","2","3","2","48","170","50","119","444","556","C1621895"
"9401","2","3","12","76","31","261","116","1","86","C1621920"
"9031","2","3","12","19","31","1","426","55","78","C1621920"
"6569","2","3","8","45","94","199","240","415","666","C1621920"
"1305","2","5","7","53","51","342","454","573","492","C1621920"
"2253","2","5","7","53","14","20","25","40","186","C1631597"
"2131","2","3","2","74","58","112","148","181","416","C1631597"
"5340","2","5","7","53","51","342","454","573","492","C1631597"
"5506","2","3","12","76","137","76","136","82","658","C1631597"
"81858","2","5","7","60","36","71","341","223","219","C1631597"
"10907","2","3","2","22","33","323","66","101","136","C1631597"
"9968","2","4","3","24","119","330","214","454","144","C1631597"
"3845","2","5","7","60","54","24","30","46","72","C1654921"
"6335","2","5","8","63","36","166","341","390","158","C1654921"
"1499","2","3","12","19","221","197","259","560","422","C1654921"
"579","2","3","3","19","221","321","428","541","667","C1654921"
"190","2","3","3","19","151","276","91","433","118","C1654921"
"8074","2","5","7","53","14","20","25","40","186","C1656427"
"2158","2","5","7","68","51","119","395","549","674","C1656427"
"3764","2","5","8","63","36","166","106","110","158","C1656427"
"2239","2","3","2","74","51","342","454","573","492","C1691228"
"51594","2","3","7","76","153","40","38","54","75","C1691228"
"3576","2","5","4","68","96","326","427","548","672","C1691228"
"3606","2","5","7","53","51","119","156","489","416","C1691228"
"54808","2","3","12","76","153","40","38","54","75","C1691228"
"64327","2","5","4","68","96","326","427","548","672","C1691228"
"2022","2","5","7","53","51","342","259","423","389","C1695776"
"3717","2","5","7","53","14","20","25","40","186","C1695776"
"4041","2","5","3","68","221","197","259","560","422","C1695776"
"2752","2","3","2","101","62","189","182","509","409","C1695776"
"3265","2","5","7","60","54","24","30","46","72","C1696466"
"4000","2","3","12","26","105","178","226","297","156","C1696466"
"55505","2","3","2","110","85","237","433","547","671","C1697450"
"7040","2","5","7","53","51","342","454","573","492","C1697450"
"1758","2","5","7","53","51","342","454","573","492","C1697450"
"7137","2","5","8","63","45","23","103","464","187","C1697453"
"8022","2","3","3","110","85","321","428","541","667","C1697453"
"3077","2","5","7","53","51","119","395","549","674","C1697453"
"1896","2","5","12","41","219","339","156","568","697","C1697453"
"54862","2","3","12","76","153","40","38","54","75","C1697453"
"4595","2","3","12","19","31","261","116","1","86","C1697453"
"2556","2","5","8","27","70","99","162","216","290","C1697453"
"7290","2","3","12","19","31","1","426","55","78","C1697453"
"3565","2","5","7","53","51","119","25","489","416","C1698196"
"7291","2","3","12","19","151","276","91","489","416","C1698196"
"2146","2","3","12","19","31","1","426","55","78","C1698196"
"5627","2","5","7","53","51","342","454","573","702","C1698196"
"7507","2","3","12","19","31","261","116","1","86","C1698196"
"3091","2","3","12","41","116","276","91","433","605","C1698196"
"2067","2","3","12","19","31","261","116","1","86","C1704317"
"3162","2","3","5","53","51","119","402","489","416","C1704317"
"4512","2","3","2","48","170","110","141","359","8","C1704317"
"54716","2","5","8","45","94","199","240","415","666","C1704317"
"7290","2","3","12","19","31","1","426","55","78","C1704317"
"23384","2","3","12","63","45","184","103","572","658","C1704317"
"2187","2","3","12","19","31","261","116","1","86","C1704317"
"2138","2","3","12","19","31","1","426","55","78","C1704317"
"7015","2","3","12","19","31","1","426","55","78","C1704317"
"1289","2","5","7","53","51","342","454","573","492","C1704317"
"10801","2","3","12","76","108","293","141","305","387","C1704317"
"26128","2","3","12","76","153","40","38","54","154","C1704317"
"25836","2","3","12","76","153","40","38","54","75","C1704317"
"6890","2","3","12","41","184","119","156","568","116","C1704317"
"2068","2","3","12","19","31","261","116","159","211","C1704317"
"3172","2","3","3","19","151","276","91","433","118","C1704317"
"5311","2","5","8","63","45","166","306","390","158","C1704317"
"55135","2","3","12","76","137","76","136","472","435","C1704317"
"5631","2","3","2","72","119","109","266","336","452","C1704317"
"3798","2","3","7","76","153","40","38","54","75","C1704375"
"5580","2","5","7","34","52","216","395","287","116","C1704375"
"23639","2","3","12","41","219","261","136","271","356","C1704375"
"716","2","5","7","53","51","119","395","549","674","C1704375"
"3909","2","5","7","53","51","342","454","573","492","C1704375"
"9897","2","3","12","76","18","75","38","1","212","C1704375"
"3918","2","5","7","53","51","342","454","573","492","C1704375"
"282808","2","5","7","60","54","24","30","46","72","C1704375"
"3663","2","3","12","53","184","119","156","287","116","C1704375"
"51741","2","3","2","22","33","323","66","101","127","C1704375"
"10273","2","3","12","41","116","268","434","468","213","C1704375"
"367","2","3","12","19","31","276","91","433","118","C1704380"
"55729","2","3","12","19","31","1","426","55","78","C1704380"
"8626","2","3","3","19","221","321","428","541","667","C1704380"
"3763","2","5","8","63","36","166","106","110","158","C1704423"
"4886","2","5","4","68","96","326","427","548","672","C1704423"
"4292","2","3","12","19","31","261","116","1","86","C1704423"
"23169","2","3","2","78","205","112","430","429","544","C1704429"
"23259","2","3","5","116","183","295","398","552","622","C1704429"
"54487","2","3","2","22","33","323","66","101","136","C1704436"
"4792","2","3","12","41","219","339","156","568","605","C1704436"
"2879","2","3","5","80","81","166","378","173","229","C1704436"
"9719","2","5","7","53","51","342","454","573","492","C1706004"
"3674","2","5","7","53","51","342","454","573","492","C1706004"
"6567","2","5","8","35","41","77","40","57","80","C1707291"
"3594","2","5","7","53","51","119","25","560","373","C1707291"
"3854","2","1","6","11","142","225","142","220","298","C1708349"
"3892","2","1","6","11","142","225","142","220","298","C1708349"
"4621","2","5","8","63","45","23","103","464","187","C1708349"
"55505","2","3","2","110","85","237","433","547","671","C1708371"
"9215","2","5","2","27","36","150","430","215","628","C1708371"
"427","2","3","7","34","52","216","395","549","420","C1708604"
"5982","2","3","12","19","31","261","116","1","86","C1708604"
"4688","2","5","7","60","14","20","25","40","215","C1708604"
"7080","2","3","3","19","221","321","428","541","667","C1710096"
"9775","2","3","2","22","33","323","66","101","136","C1710096"
"7319","2","3","12","41","116","268","434","468","213","C1720037"
"7314","2","3","12","41","219","261","409","208","482","C1720037"
"55636","2","3","3","19","221","321","428","423","389","C1720037"
"3122","2","5","7","53","184","119","156","287","116","C1720037"
"10804","2","3","12","76","153","40","38","54","75","C1720037"
"7010","2","5","7","53","14","20","25","40","186","C1720037"
"1278","2","5","7","53","51","342","454","573","492","C1720189"
"429","2","3","3","19","221","321","428","541","667","C1720189"
"2206","2","3","12","41","14","20","25","40","186","C1720189"
"9968","2","4","3","24","119","330","214","454","144","C1720189"
"1758","2","5","7","53","51","342","454","573","492","C1720189"
"4624","2","5","8","63","45","23","103","464","187","C1720189"
"2010","2","3","12","26","105","296","226","488","156","C1720189"
"25923","2","3","2","48","184","50","119","444","116","C1720189"
"23503","2","3","6","11","142","225","142","220","298","C1720771"
"6597","2","3","12","19","31","1","426","55","78","C1720771"
"3549","2","5","3","53","51","197","259","560","422","C1720771"
"8864","2","3","3","19","151","276","91","433","118","C1720771"
"7490","2","3","3","19","221","321","428","541","667","C1720771"
"3077","2","5","7","53","51","119","395","549","674","C1720771"
"6794","2","3","12","53","14","20","34","540","68","C1720771"
"6557","2","5","8","45","94","199","240","415","666","C1720771"
"6949","2","3","2","110","85","237","164","390","311","C1720821"
"3848","2","5","7","34","52","225","142","220","298","C1720821"
"6532","2","5","8","45","94","199","240","415","666","C1720887"
"367","2","3","12","19","31","276","91","433","118","C1720887"
"5000","2","3","12","76","31","261","116","1","86","C1720887"
"10479","2","5","7","27","36","150","341","223","628","C1720887"
"2990","2","3","7","34","52","216","395","549","674","C1720887"
"6868","2","5","7","53","51","342","454","236","492","C1720887"
"1301","2","5","7","53","51","342","454","573","492","C1720887"
"137682","2","3","2","48","170","50","119","444","556","C1720887"
"7227","2","3","12","19","31","276","91","433","118","C1720887"
"8838","2","5","7","53","51","342","259","423","389","C1720887"
"4000","2","3","12","26","105","178","226","297","156","C1720887"
"590","2","3","5","85","143","286","51","488","604","C1720887"
"6845","2","5","7","60","14","184","341","544","669","C1720887"
"4853","2","3","12","19","124","143","428","236","667","C1720887"
"8517","2","3","12","41","219","339","156","568","697","C1720887"
"9469","2","3","2","103","189","303","29","475","467","C1720887"
"84152","2","3","12","76","45","23","402","518","621","C1720887"
"5190","2","3","5","43","161","305","409","208","482","C1720887"
"8822","2","5","7","53","14","20","25","40","186","C1720965"
"10749","2","3","7","76","153","40","38","54","75","C1720965"
"790","2","3","12","41","219","339","347","206","627","C1721005"
"658","2","5","7","53","51","342","259","423","389","C1721005"
"1832","2","5","7","34","52","225","142","220","298","C1721006"
"4893","2","5","7","34","52","24","30","46","72","C1721006"
"1145","2","5","8","27","70","99","162","216","290","C1721006"
"2516","2","3","3","19","151","276","91","433","118","C1735901"
"672","2","3","12","19","31","261","116","1","86","C1735901"
"8803","2","3","8","67","92","293","55","75","311","C1737260"
"4261","2","3","12","53","184","119","156","287","116","C1737260"
"27229","2","3","12","76","153","40","38","54","75","C1740801"
"5728","2","3","5","80","81","339","156","568","605","C1740801"
"567","2","5","7","34","52","119","395","549","674","C1740801"
"8481","2","3","12","76","153","40","38","54","75","C1740801"
"9896","2","3","5","80","81","296","399","201","274","C1740801"
"5818","2","5","7","53","51","335","444","560","373","C1740801"
"1956","2","5","7","53","14","184","45","544","669","C1740801"
"3815","2","5","7","53","14","20","25","40","186","C1740801"
"9791","2","3","8","45","94","199","240","415","666","C1800706"
"10225","2","5","7","53","51","119","395","549","674","C1800706"
"7443","2","3","12","19","31","261","34","540","68","C1800706"
"7538","2","3","2","22","33","323","66","101","136","C1800706"
"8314","2","3","12","41","31","1","426","55","78","C1800706"
"4893","2","5","7","34","52","24","30","46","72","C1800706"
"1026","2","3","12","19","31","1","116","489","416","C1800706"
"103","2","3","2","110","184","119","156","287","116","C1800706"
"4519","2","3","2","48","170","50","119","508","312","C1800706"
"54499","2","3","2","48","170","50","119","444","593","C1800706"
"4054","2","5","7","53","51","342","454","573","492","C1800706"
"7042","2","5","7","53","51","342","454","573","492","C1800706"
"1440","2","5","7","53","51","119","25","489","416","C1800706"
"25782","2","5","7","60","54","24","30","46","72","C1800706"
"472","2","3","12","19","31","261","116","1","86","C1806780"
"2638","2","5","8","63","45","23","103","464","187","C1806780"
"731","2","5","7","53","51","119","395","549","674","C1806780"
"5896","2","3","12","41","116","268","434","568","605","C1806780"
"9096","2","5","7","53","51","335","259","560","373","C1806780"
"9895","2","3","2","48","57","110","141","359","462","C1806780"
"4041","2","5","3","68","221","197","259","560","422","C1806780"
"3624","2","5","7","53","51","342","259","423","389","C1806780"
"590","2","3","5","85","143","286","51","488","604","C1806780"
"2260","2","5","7","53","14","20","25","40","186","C1806780"
"11322","2","5","7","34","52","216","395","549","674","C1806780"
"6714","2","5","7","53","14","20","25","40","186","C1806780"
"2969","2","3","12","19","31","276","91","433","118","C1806780"
"59","2","5","8","63","45","23","103","464","187","C1806780"
"3507","2","5","7","53","51","119","395","549","674","C1828017"
"3930","2","3","2","22","33","323","66","3","464","C1828017"
"5727","2","3","12","68","221","197","259","560","422","C1828210"
"5195","2","3","5","43","161","305","409","208","482","C1828210"
"54808","2","3","12","76","153","40","38","54","75","C1829460"
"7155","2","3","12","19","31","261","116","1","664","C1829460"
"6391","2","3","2","48","170","50","119","444","556","C1832117"
"191","2","3","5","80","81","105","426","129","690","C1832117"
"658","2","5","7","53","51","342","259","423","389","C1832117"
"59","2","5","8","63","45","23","103","464","187","C1832117"
"2264","2","5","7","53","14","20","25","40","186","C1832117"
"8842","2","5","5","53","82","147","184","179","328","C1832117"
"8799","2","3","5","43","161","305","409","208","482","C1832117"
"7249","2","3","7","60","57","110","141","359","462","C1832117"
"54187","2","3","5","80","81","296","272","452","148","C1832117"
"3033","2","3","2","67","80","145","179","239","618","C1832117"
"8200","2","5","7","53","51","342","259","423","389","C1832117"
"2588","2","3","7","34","52","216","395","549","674","C1832117"
"6913","2","3","3","19","221","321","428","541","667","C1832117"
"545","2","3","12","19","31","261","116","1","86","C1832117"
"4598","2","3","2","19","151","276","198","259","427","C1832117"
"23414","2","3","12","19","31","118","155","287","116","C1832117"
"3040","2","5","5","53","51","342","40","78","178","C1832119"
"3265","2","5","7","60","54","24","30","46","72","C1832119"
"54209","2","5","7","53","51","119","395","549","674","C1832119"
"4862","2","3","3","19","151","276","91","433","118","C1832119"
"11253","2","3","2","41","116","268","423","536","445","C1832119"
"9180","2","5","7","53","51","119","25","549","416","C1832119"
"65057","2","3","12","19","31","1","426","55","78","C1832119"
"3930","2","3","2","22","33","323","66","3","464","C1832119"
"7249","2","3","7","60","57","110","141","359","462","C1832119"
"8516","2","5","7","53","51","342","454","573","492","C1832127"
"2641","2","5","4","68","96","326","427","548","672","C1832127"
"284403","2","3","12","48","57","110","141","359","462","C1832127"
"10293","2","3","12","41","116","268","434","468","213","C1832130"
"4204","2","3","12","19","31","1","426","55","78","C1832130"
"1417","2","5","6","11","142","225","142","177","673","C1832160"
"1584","2","3","5","79","159","256","276","353","456","C1832160"
"6507","2","3","2","45","94","199","240","415","666","C1832160"
"7403","2","3","12","19","31","1","426","55","78","C1832160"
"2178","2","3","12","19","31","261","116","1","86","C1832160"
"1280","2","5","7","53","51","342","454","573","492","C1832160"
"7422","2","5","7","53","51","342","454","573","702","C1832160"
"60675","2","5","4","68","96","326","427","548","672","C1832160"
"1828","2","5","7","34","52","216","142","220","298","C1832160"
"5495","2","3","12","41","219","339","347","287","664","C1832160"
"8481","2","3","12","76","153","40","38","54","75","C1832174"
"10460","2","3","12","76","153","40","38","54","75","C1832174"
"5660","2","5","7","34","52","326","427","548","702","C1832174"
"919","2","5","7","53","14","119","25","40","186","C1832200"
"5885","2","3","12","76","153","40","38","54","75","C1832200"
"51360","2","3","3","26","35","276","91","433","203","C1832200"
"7043","2","5","7","53","51","342","454","573","492","C1832200"
"1280","2","5","7","53","51","342","454","573","492","C1832200"
"3918","2","5","7","53","51","342","454","573","492","C1832200"
"673","2","5","7","53","14","20","34","540","68","C1832200"
"55651","2","3","2","110","85","237","433","547","671","C1832200"
"7124","2","3","12","41","219","339","156","568","697","C1832200"
"10087","2","3","7","50","47","39","100","321","255","C1832200"
"4882","2","3","4","68","96","326","427","548","672","C1832200"
"8195","2","3","12","76","153","76","38","54","75","C1832276"
"4593","2","5","7","53","14","20","454","573","492","C1832276"
"2074","2","3","12","19","31","1","426","55","78","C1832277"
"10733","2","3","12","76","153","40","38","54","75","C1832277"
"1146","2","5","8","27","70","99","162","216","290","C1832278"
"134","2","5","4","68","96","326","427","548","672","C1832278"
"51057","2","3","12","76","153","40","38","54","75","C1832279"
"6005","2","3","2","16","197","45","155","78","695","C1832279"
"595","2","3","12","19","31","1","426","489","416","C1832322"
"6910","2","3","12","19","51","335","444","560","373","C1832322"
"427","2","3","7","34","52","216","395","549","420","C1832323"
"5116","2","3","12","76","153","40","38","54","75","C1832323"
"2253","2","5","7","53","14","20","25","40","186","C1832323"
"8314","2","3","12","41","31","1","426","55","78","C1832323"
"5621","2","5","8","27","36","342","454","573","628","C1832324"
"4286","2","3","12","19","31","261","116","1","664","C1832324"
"5327","2","5","7","53","51","342","454","573","492","C1832324"
"6689","2","3","12","19","31","276","91","433","118","C1832324"
"5830","2","3","5","43","161","305","409","208","482","C1832324"
"7157","2","3","12","19","31","261","402","489","551","C1832327"
"6495","2","3","3","19","221","321","428","541","667","C1832327"
"2773","2","5","4","68","96","326","427","548","672","C1832327"
"7249","2","3","7","60","57","110","141","359","462","C1832327"
"10908","2","3","2","97","173","275","377","473","592","C1832338"
"51651","2","3","12","41","219","339","156","568","605","C1832338"
"54862","2","3","12","76","153","40","38","54","75","C1832338"
"4952","2","3","5","60","54","184","30","544","669","C1832338"
"1356","2","3","7","53","51","342","454","573","492","C1832338"
"6239","2","3","12","19","119","330","214","454","144","C1832338"
"2263","2","5","7","53","14","20","25","40","186","C1832338"
"641339","2","4","3","24","119","330","214","454","144","C1832348"
"5972","2","5","5","34","52","216","397","418","568","C1832348"
"7040","2","5","7","53","51","342","454","573","492","C1832348"
"2690","2","5","7","53","14","20","25","40","186","C1832348"
"5818","2","5","7","53","51","335","444","560","373","C1832348"
"8838","2","5","7","53","51","342","259","423","389","C1832348"
"5728","2","3","5","80","81","339","156","568","605","C1832348"
"4204","2","3","12","19","31","1","426","55","78","C1832348"
"1103","2","3","2","67","92","293","55","75","311","C1832348"
"5728","2","3","5","80","81","339","156","568","605","C1832348"
"2200","2","5","7","53","51","342","454","573","492","C1832348"
"11311","2","3","12","19","31","118","155","287","116","C1832348"
"4719","2","3","2","48","170","50","119","444","556","C1832348"
"4313","2","5","7","53","51","342","454","573","492","C1832348"
"9101","2","3","12","41","219","339","156","568","605","C1832348"
"7498","2","3","5","80","157","187","159","209","282","C1832348"
"2153","2","5","7","53","51","342","454","573","492","C1832348"
"2200","2","5","7","53","51","342","454","573","492","C1832348"
"3098","2","3","2","90","167","266","367","500","577","C1832348"
"1001","2","5","7","53","51","335","444","560","373","C1832386"
"5351","2","5","7","53","51","342","454","573","492","C1832386"
"1184","2","5","8","63","45","23","34","464","187","C1832386"
"175","2","3","7","34","52","216","395","549","674","C1832386"
"5428","2","3","2","48","170","50","119","167","593","C1832390"
"4791","2","3","12","41","219","339","156","568","697","C1832390"
"5743","2","3","5","53","175","119","167","489","416","C1832394"
"9517","2","3","2","50","47","39","100","321","638","C1832394"
"10978","2","3","2","22","33","323","66","101","136","C1832409"
"5626","2","3","3","19","221","321","428","541","667","C1832409"
"4089","2","3","12","19","219","339","259","423","605","C1832451"
"2778","2","5","4","68","96","326","427","548","672","C1832451"
"2121","2","3","12","41","116","268","434","568","605","C1832451"
"5828","2","3","5","43","161","305","409","208","482","C1832451"
"1280","2","5","7","53","51","342","454","573","492","C1832451"
"6736","2","3","12","19","31","276","91","433","667","C1832451"
"5192","2","3","5","43","161","305","409","208","482","C1832451"
"22948","2","3","12","76","137","76","136","472","435","C1832466"
"3295","2","3","5","43","161","305","409","208","482","C1832466"
"3209","2","3","3","19","221","321","428","541","667","C1832587"
"3714","2","5","7","53","51","143","454","236","373","C1832587"
"6845","2","5","7","60","14","184","341","544","669","C1832588"
"4867","2","5","7","76","153","40","38","54","75","C1832588"
"5727","2","3","12","68","221","197","259","560","422","C1832588"
"5309","2","3","3","19","221","321","428","541","667","C1832598"
"8076","2","5","7","53","51","342","454","573","492","C1832598"
"6507","2","3","2","45","94","199","240","415","666","C1832598"
"57054","2","3","2","22","33","323","66","101","136","C1832598"
"1813","2","5","4","68","96","326","427","548","672","C1832648"
"1277","2","5","7","53","51","342","454","573","492","C1832648"
"4351","2","3","2","90","167","266","367","500","577","C1832648"
"477","2","3","8","63","45","23","103","464","187","C1832661"
"4000","2","3","12","26","105","178","226","297","156","C1832661"
"60681","2","3","12","48","124","75","136","271","212","C1832690"
"1813","2","5","4","68","96","326","427","548","672","C1832690"
"6440","2","5","5","68","96","185","238","310","272","C1832690"
"3090","2","3","12","19","31","1","426","55","664","C1832702"
"10939","2","3","2","48","170","50","119","444","593","C1832702"
"7080","2","3","3","19","221","321","428","541","667","C1832702"
"3984","2","5","7","53","14","20","34","540","68","C1832776"
"4938","2","5","7","53","184","119","156","287","116","C1832776"
"8626","2","3","3","19","221","321","428","541","667","C1832776"
"1717","2","3","2","19","151","276","48","69","204","C1832776"
"55364","2","3","12","76","36","150","177","251","117","C1832776"
"3617","2","5","7","86","221","321","454","311","518","C1832841"
"7454","2","5","7","60","14","20","25","40","215","C1832841"
"421","2","5","7","42","51","335","444","560","373","C1832845"
"1758","2","5","7","53","51","342","454","573","492","C1832845"
"26191","2","5","7","53","14","20","25","40","186","C1832976"
"348","2","5","7","53","51","342","454","573","492","C1832976"
"2200","2","5","7","53","51","342","454","573","492","C1832983"
"55612","2","5","7","60","36","71","177","560","701","C1832983"
"5443","2","5","4","68","96","326","427","548","672","C1832983"
"9509","2","5","7","53","51","342","454","573","492","C1832988"
"6445","2","5","8","63","45","23","103","464","187","C1832988"
"9581","2","3","5","27","36","150","76","223","628","C1833030"
"1387","2","3","12","19","31","276","91","433","118","C1833030"
"22954","2","3","12","41","116","268","434","468","213","C1833058"
"2260","2","5","7","53","14","20","25","40","186","C1833058"
"5116","2","3","12","76","153","40","38","54","75","C1833058"
"6218","2","3","2","110","85","237","433","547","671","C1833058"
"5376","2","5","7","53","51","342","454","573","492","C1833058"
"1947","2","5","7","53","51","20","25","560","373","C1833058"
"282617","2","5","7","53","51","119","25","40","186","C1833058"
"1281","2","5","7","53","51","342","454","573","492","C1833058"
"4838","2","5","3","53","221","321","259","423","389","C1833058"
"2317","2","5","7","63","45","23","103","287","664","C1833058"
"23269","2","3","12","19","31","1","426","55","78","C1833058"
"2697","2","3","7","76","153","40","38","54","75","C1833058"
"10087","2","3","7","50","47","39","100","321","255","C1833058"
"7486","2","3","12","19","31","261","116","1","86","C1833058"
"79924","2","5","4","68","96","326","427","548","672","C1833058"
"2316","2","5","7","53","51","342","454","573","702","C1833058"
"134","2","5","4","68","96","326","427","548","672","C1833104"
"8139","2","3","12","41","116","268","434","468","213","C1833104"
"3033","2","3","2","67","80","145","179","239","618","C1833104"
"6890","2","3","12","41","184","119","156","568","116","C1833104"
"5167","2","3","5","32","93","163","207","303","126","C1833104"
"2313","2","3","12","19","31","276","91","433","118","C1833118"
"3693","2","5","7","53","51","342","454","573","492","C1833118"
"1615","2","3","2","110","85","237","433","547","154","C1833118"
"3914","2","5","7","53","51","342","454","573","492","C1833118"
"7508","2","3","12","19","31","261","116","1","664","C1833118"
"790","2","3","12","41","219","339","347","206","627","C1833118"
"1188","2","5","8","63","45","23","34","464","187","C1833118"
"2068","2","3","12","19","31","261","116","159","211","C1833118"
"472","2","3","12","19","31","261","116","1","86","C1833118"
"4158","2","5","4","68","96","326","427","548","672","C1833118"
"51010","2","3","2","110","85","237","433","547","671","C1833118"
"26608","2","3","2","22","170","50","119","463","153","C1833144"
"1962","2","3","5","43","161","305","409","208","482","C1833144"
"1956","2","5","7","53","14","184","45","544","669","C1833144"
"286","2","5","7","60","153","40","38","54","203","C1833144"
"4536","2","3","2","48","170","50","119","444","556","C1833144"
"3586","2","5","7","53","51","119","25","489","416","C1833144"
"3930","2","3","2","22","33","323","66","3","464","C1833144"
"1012","2","5","7","53","51","335","444","560","373","C1833144"
"3479","2","5","7","53","51","342","454","573","492","C1833144"
"3651","2","3","3","19","221","321","428","541","667","C1833144"
"2263","2","5","7","53","14","20","25","40","186","C1833144"
"5897","2","3","12","41","116","268","141","568","605","C1833144"
"6655","2","5","7","60","54","24","30","46","72","C1833144"
"1545","2","3","5","91","175","271","372","443","558","C1833144"
"6497","2","5","3","19","221","342","259","423","389","C1833144"
"10560","2","3","2","65","196","310","127","527","648","C1833144"
"54880","2","3","12","19","31","1","426","55","78","C1833144"
"55812","2","3","12","76","181","160","38","54","75","C1833144"
"9469","2","3","2","103","189","303","29","475","467","C1833144"
"4208","2","3","12","19","151","276","91","433","118","C1833144"
"51062","2","5","7","27","36","150","402","489","373","C1833144"
"145226","2","3","2","69","83","101","126","170","224","C1833222"
"4053","2","5","7","53","51","342","454","573","492","C1833222"
"4723","2","3","2","48","170","50","119","444","556","C1833225"
"2261","2","5","7","53","14","20","25","40","186","C1833225"
"8553","2","3","12","19","151","276","91","433","118","C1833225"
"9401","2","3","12","76","31","261","116","1","86","C1833225"
"6448","2","3","5","74","160","294","376","453","567","C1833225"
"773","2","5","8","27","36","166","341","223","628","C1833225"
"9968","2","4","3","24","119","330","214","454","144","C1833225"
"2261","2","5","7","53","14","20","25","40","186","C1833225"
"1075","2","5","7","34","52","216","395","549","674","C1833225"
"6329","2","5","8","63","36","166","341","390","158","C1833225"
"5506","2","3","12","76","137","76","136","82","658","C1833225"
"348","2","5","7","53","51","342","454","573","492","C1833225"
"6833","2","5","8","45","36","166","240","415","666","C1833275"
"55636","2","3","3","19","221","321","428","423","389","C1833275"
"3035","2","3","2","110","85","237","433","547","154","C1833275"
"100","2","3","5","33","21","47","56","80","199","C1833297"
"675","2","3","12","19","31","261","116","1","86","C1833297"
"5080","2","3","3","19","221","321","428","541","667","C1833297"
"286077","2","3","12","76","153","40","38","54","75","C1833308"
"5155","2","5","7","53","51","342","454","573","186","C1833308"
"950","2","5","7","60","14","184","341","544","669","C1833323"
"6223","2","3","2","110","85","237","433","547","671","C1833323"
"6663","2","3","3","19","221","321","428","541","667","C1833324"
"1311","2","5","7","53","51","342","454","573","492","C1833324"
"89795","2","5","5","27","36","150","105","52","628","C1833324"
"6496","2","3","3","19","221","321","428","541","667","C1833325"
"9719","2","5","7","53","51","342","454","573","492","C1833325"
"6768","2","1","6","11","142","225","142","220","298","C1833325"
"1269","2","5","4","68","96","326","427","548","672","C1833325"
"4854","2","5","7","53","51","143","428","236","667","C1833325"
"249","2","3","5","27","51","335","444","560","373","C1833325"
"3239","2","3","3","19","221","321","428","541","667","C1833325"
"50964","2","5","3","68","221","197","259","423","422","C1833325"
"1031","2","3","12","19","31","1","426","55","78","C1833325"
"9113","2","5","7","53","14","20","34","540","68","C1833328"
"801","2","5","8","63","45","23","103","464","187","C1833328"
"5913","2","5","7","27","36","71","341","223","219","C1833328"
"9321","2","3","12","76","153","40","38","54","203","C1833328"
"1543","2","3","5","91","151","276","91","433","118","C1833329"
"2074","2","3","12","19","31","1","426","55","78","C1833329"
"1308","2","5","7","53","51","119","454","573","492","C1833329"
"50717","2","3","12","41","116","268","434","468","213","C1833331"
"116068","2","5","2","45","94","199","240","415","666","C1833331"
"30813","2","3","3","19","221","321","428","541","667","C1833340"
"27130","2","3","12","48","45","143","38","236","69","C1833340"
"5734","2","5","4","68","96","326","427","548","672","C1833340"
"4921","2","5","7","53","14","20","25","573","186","C1833340"
"23175","2","3","5","80","81","296","51","488","102","C1833340"
"776","2","5","8","63","36","166","341","390","158","C1833340"
"6390","2","3","2","48","170","50","119","444","556","C1833340"
"59","2","5","8","63","45","23","103","464","187","C1833340"
"7248","2","3","2","48","57","110","141","359","462","C1833362"
"2187","2","3","12","19","31","261","116","1","86","C1833362"
"1387","2","3","12","19","31","276","91","433","118","C1833362"
"3728","2","5","7","34","52","225","142","220","298","C1833362"
"4982","2","5","12","41","219","339","156","568","697","C1833362"
"5896","2","3","12","41","116","268","434","568","605","C1833431"
"4683","2","3","12","19","31","261","116","1","86","C1833431"
"7317","2","3","12","41","116","268","434","468","213","C1833431"
"8076","2","5","7","53","51","342","454","573","492","C1833488"
"11160","2","3","12","41","116","268","423","536","445","C1833488"
"5883","2","3","12","19","31","261","116","1","86","C1833488"
"6445","2","5","8","63","45","23","103","464","187","C1833488"
"4998","2","3","12","76","31","261","116","1","86","C1833488"
"7249","2","3","7","60","57","110","141","359","462","C1833488"
"3077","2","5","7","53","51","119","395","549","674","C1833488"
"79848","2","3","12","76","153","40","38","54","75","C1833488"
"405753","2","3","2","69","83","58","64","98","134","C1833488"
"91574","2","3","2","110","85","237","433","547","671","C1833661"
"4852","2","5","4","68","96","326","427","548","672","C1833661"
"7297","2","5","7","53","184","119","25","40","186","C1833661"
"2348","2","3","7","60","153","40","38","54","203","C1833662"
"7879","2","5","7","34","54","24","30","46","72","C1833662"
"760","2","3","5","35","41","77","40","78","178","C1833662"
"6718","2","3","2","46","136","227","168","225","490","C1833667"
"55624","2","3","2","78","123","194","255","215","412","C1833667"
"3889","2","1","6","11","142","225","142","220","298","C1833667"
"9968","2","4","3","24","119","330","214","454","144","C1833667"
"2879","2","3","5","80","81","166","378","173","229","C1833683"
"9632","2","3","7","60","153","40","38","54","203","C1833683"
"9573","2","5","7","53","51","342","259","423","389","C1833683"
"631","2","3","12","27","45","23","103","540","664","C1833683"
"3202","2","3","3","19","221","321","428","541","667","C1833683"
"4204","2","3","12","19","31","1","426","55","78","C1833693"
"5915","2","3","3","19","151","276","91","433","118","C1833693"
"3423","2","3","5","74","3","342","374","294","590","C1833734"
"3984","2","5","7","53","14","20","34","540","68","C1833734"
"5335","2","3","7","53","14","20","25","40","186","C1833735"
"4893","2","5","7","34","52","24","30","46","72","C1833735"
"8915","2","3","12","41","219","339","156","568","697","C1833753"
"10060","2","3","8","41","45","23","423","464","445","C1833753"
"4519","2","3","2","48","170","50","119","508","312","C1833754"
"10269","2","3","2","48","182","50","119","444","556","C1833754"
"220136","2","3","12","11","142","225","38","220","298","C1833762"
"2201","2","5","7","53","51","342","454","573","492","C1833762"
"4072","2","5","7","53","51","119","454","573","492","C1833762"
"2299","2","3","3","19","221","321","428","541","667","C1833762"
"3481","2","5","7","53","51","342","454","573","492","C1833762"
"2717","2","3","7","34","52","216","395","549","674","C1833762"
"55670","2","3","5","43","161","305","409","208","482","C1833762"
"7337","2","3","12","41","116","268","434","468","213","C1833762"
"3040","2","5","5","53","51","342","40","78","178","C1833921"
"1289","2","5","7","53","51","342","454","573","492","C1833921"
"29123","2","3","12","19","151","276","91","433","118","C1833921"
"481","2","3","8","63","45","23","103","464","187","C1833999"
"26146","2","3","12","76","153","40","38","54","75","C1833999"
"7431","2","3","12","41","45","23","103","489","416","C1833999"
"4921","2","5","7","53","14","20","25","573","186","C1833999"
"3239","2","3","3","19","221","321","428","541","667","C1833999"
"2200","2","5","7","53","51","342","454","573","492","C1833999"
"3691","2","5","7","53","51","342","454","573","492","C1833999"
"147183","2","1","6","11","142","225","142","220","298","C1833999"
"2697","2","3","7","76","153","40","38","54","75","C1833999"
"1312","2","3","2","87","79","105","426","129","25","C1833999"
"6330","2","5","8","63","36","166","341","223","158","C1833999"
"9420","2","3","5","79","159","256","215","282","366","C1834002"
"2304","2","3","12","19","221","321","428","541","667","C1834002"
"5130","2","3","2","85","143","286","51","488","102","C1834034"
"3356","2","5","4","68","96","326","427","548","672","C1834034"
"6658","2","3","12","19","221","321","428","541","667","C1834034"
"7428","2","3","12","41","116","268","434","468","213","C1834034"
"9927","2","3","12","19","31","118","155","287","116","C1834060"
"5264","2","3","5","43","161","305","409","208","482","C1834060"
"4791","2","3","12","41","219","339","156","568","697","C1834060"
"4010","2","3","3","19","221","321","428","541","667","C1834060"
"2892","2","5","8","63","36","166","106","110","158","C1834060"
"37","2","3","2","110","105","178","226","297","380","C1834060"
"3482","2","5","7","34","52","216","395","544","669","C1834060"
"6550","2","3","2","45","94","199","240","415","163","C1834060"
"5982","2","3","12","19","31","261","116","1","86","C1834060"
"27031","2","3","6","11","142","225","38","331","506","C1834060"
"641","2","3","12","19","31","261","116","1","86","C1834060"
"987","2","3","6","48","94","279","347","330","304","C1834060"
"5582","2","5","7","53","14","20","34","540","68","C1834060"
"4864","2","3","5","48","152","184","341","544","669","C1834062"
"1490","2","5","7","53","51","342","454","573","492","C1834062"
"5352","2","5","7","53","51","342","454","573","492","C1834062"
"6521","2","5","8","35","41","199","40","415","666","C1834124"
"7737","2","3","12","22","33","268","434","468","213","C1834124"
"54941","2","3","12","41","116","268","434","468","213","C1834124"
"98","2","3","5","5","240","244","340","431","546","C1834124"
"22934","2","3","2","90","167","148","36","51","383","C1834124"
"715","2","5","7","53","51","119","395","549","674","C1834124"
"7827","2","5","7","53","170","335","25","560","373","C1834124"
"2132","2","3","2","74","58","112","148","193","263","C1834124"
"6775","2","5","7","53","14","119","25","40","186","C1834386"
"54840","2","3","12","19","31","261","116","1","86","C1834386"
"160728","2","3","8","45","94","199","240","415","666","C1834386"
"4000","2","3","12","26","105","178","226","297","156","C1834424"
"55630","2","3","5","27","81","99","162","216","290","C1834424"
"29851","2","5","7","53","14","20","25","40","186","C1834433"
"2767","2","5","4","68","96","326","427","548","672","C1834433"
"2969","2","3","12","19","31","276","91","433","118","C1834433"
"7476","2","5","3","68","221","197","259","560","422","C1834433"
"3239","2","3","3","19","221","321","428","541","667","C1834523"
"4703","2","5","7","60","45","23","103","464","187","C1834523"
"2588","2","3","7","34","52","216","395","549","674","C1834523"
"5077","2","3","3","19","221","321","428","541","667","C1834523"
"11277","2","3","12","19","31","261","116","1","86","C1834523"
"9409","2","3","5","43","161","305","409","208","482","C1834558"
"5172","2","5","8","45","94","199","240","415","666","C1834558"
"6890","2","3","12","41","184","119","156","568","116","C1834558"
"9786","2","3","12","76","153","40","38","54","75","C1834558"
"473","2","3","12","19","31","1","426","55","78","C1834558"
"471","2","3","5","80","81","61","373","341","142","C1834570"
"10815","2","5","7","60","36","71","341","223","666","C1834570"
"7249","2","3","7","60","57","110","141","359","462","C1834570"
"9782","2","3","2","22","33","323","66","101","136","C1834570"
"285590","2","5","7","60","14","20","25","40","215","C1834671"
"3553","2","5","7","53","51","119","25","489","416","C1834671"
"26047","2","5","7","27","36","335","341","223","373","C1834674"
"2175","2","3","12","19","31","261","116","1","86","C1834674"
"1380","2","5","7","53","51","119","395","549","674","C1834674"
"5604","2","5","7","53","14","20","34","540","68","C1834674"
"3845","2","5","7","60","54","24","30","46","72","C1834696"
"1499","2","3","12","19","221","197","259","560","422","C1834696"
"1421","2","3","6","63","45","160","362","177","673","C1834696"
"51324","2","3","2","48","142","225","142","220","298","C1834696"
"567","2","5","7","34","52","119","395","549","674","C1834696"
"6223","2","3","2","110","85","237","433","547","671","C1834696"
"23426","2","5","7","42","36","71","177","223","219","C1834696"
"5617","2","5","12","19","31","1","426","55","78","C1834696"
"498","2","3","2","48","170","50","304","167","593","C1834696"
"57805","2","3","12","41","219","339","347","271","356","C1834696"
"779","2","5","8","63","36","166","341","390","158","C1834728"
"6389","2","3","2","48","170","50","119","444","556","C1834728"
"3717","2","5","7","53","14","20","25","40","186","C1834737"
"6326","2","5","8","63","36","166","341","390","158","C1834737"
"6342","2","3","5","80","161","305","409","208","482","C1834737"
"4337","2","3","2","80","91","75","204","267","352","C1834752"
"716","2","5","7","53","51","119","395","549","674","C1834752"
"9820","2","3","12","41","116","268","434","468","213","C1834752"
"355","2","3","7","41","219","339","156","568","697","C1834752"
"189","2","3","5","43","161","305","409","208","482","C1834752"
"26277","2","3","12","19","31","1","426","1","78","C1834752"
"1019","2","3","12","19","31","1","116","1","86","C1834752"
"51062","2","5","7","27","36","150","402","489","373","C1834752"
"55670","2","3","5","43","161","305","409","208","482","C1834752"
"1186","2","5","8","63","45","23","34","464","187","C1834752"
"3239","2","3","3","19","221","321","428","541","667","C1834752"
"1911","2","3","12","19","31","1","426","55","78","C1834846"
"54209","2","5","7","53","51","119","395","549","674","C1834846"
"2879","2","3","5","80","81","166","378","173","229","C1834846"
"1137","2","5","8","27","70","99","162","216","290","C1834846"
"1636","2","3","5","80","81","166","397","418","568","C1834846"
"415","2","3","5","105","155","250","291","152","420","C1834954"
"1959","2","3","3","19","151","276","91","433","118","C1834954"
"6309","2","3","5","19","151","76","48","69","204","C1834954"
"2316","2","5","7","53","51","342","454","573","702","C1834954"
"4057","2","5","7","34","52","216","395","549","674","C1834954"
"348","2","5","7","53","51","342","454","573","492","C1834954"
"11200","2","3","12","19","31","261","116","1","86","C1834954"
"3815","2","5","7","53","14","20","25","40","186","C1834954"
"54902","2","3","2","48","182","50","119","444","556","C1834980"
"3984","2","5","7","53","14","20","34","540","68","C1834980"
"7415","2","3","7","34","52","216","395","536","445","C1835047"
"4221","2","3","12","19","31","342","454","573","492","C1835047"
"26040","2","3","12","19","31","1","116","297","78","C1835047"
"6299","2","3","12","19","221","321","428","541","667","C1835047"
"51371","2","3","12","41","116","268","434","568","605","C1835047"
"3481","2","5","7","53","51","342","454","573","492","C1835047"
"242","2","3","5","11","142","223","142","220","298","C1835047"
"4054","2","5","7","53","51","342","454","573","492","C1835047"
"919","2","5","7","53","14","119","25","40","186","C1835047"
"9184","2","3","12","76","153","40","38","54","75","C1835047"
"9705","2","5","7","27","36","150","341","223","628","C1835047"
"2517","2","3","7","34","52","216","395","549","674","C1835047"
"462","2","5","7","53","51","342","454","573","492","C1835047"
"4638","2","5","7","53","45","23","103","464","187","C1835095"
"1836","2","3","2","35","41","94","260","330","375","C1835095"
"207","2","3","7","53","14","20","34","489","416","C1835095"
"6622","2","3","7","27","36","150","341","223","628","C1835117"
"10060","2","3","8","41","45","23","423","464","445","C1835117"
"6899","2","5","7","53","184","335","259","560","373","C1835121"
"356","2","5","7","53","219","339","25","489","697","C1835121"
"6310","2","3","12","22","142","225","366","362","468","C1835121"
"54806","2","5","7","76","153","40","38","54","75","C1835121"
"1760","2","5","8","63","14","20","34","540","68","C1835121"
"4174","2","3","12","76","31","261","116","1","86","C1835121"
"26608","2","3","2","22","170","50","119","463","153","C1835148"
"114609","2","3","12","41","219","339","156","568","697","C1835148"
"7403","2","3","12","19","31","1","426","55","78","C1835157"
"26154","2","3","5","47","144","185","238","310","392","C1835157"
"9289","2","5","4","68","96","326","427","548","672","C1835157"
"6928","2","3","3","19","221","321","428","541","667","C1835157"
"64419","2","3","5","80","81","110","141","359","462","C1835157"
"4626","2","5","8","63","45","23","103","464","187","C1835157"
"6016","2","5","7","60","54","24","30","46","72","C1835157"
"10840","2","3","5","15","166","104","369","213","287","C1835171"
"2255","2","5","7","53","14","20","25","40","186","C1835171"
"26276","2","3","7","60","81","184","341","66","203","C1835171"
"8924","2","3","12","41","116","268","434","468","213","C1835171"
"55755","2","3","12","76","153","40","38","54","75","C1835194"
"7879","2","5","7","34","54","24","30","46","72","C1835194"
"4763","2","5","7","60","54","24","30","46","214","C1835194"
"3280","2","3","12","19","31","143","428","236","667","C1835228"
"1356","2","3","7","53","51","342","454","573","492","C1835228"
"9759","2","3","12","19","31","276","91","433","118","C1835228"
"1387","2","3","12","19","31","276","91","433","118","C1835229"
"23509","2","3","2","89","124","143","428","236","667","C1835229"
"274","2","5","7","60","14","184","341","544","669","C1835229"
"4513","2","3","2","48","170","110","141","359","532","C1835229"
"54820","2","3","12","76","153","40","38","54","75","C1835229"
"3090","2","3","12","19","31","1","426","55","664","C1835229"
"6892","2","3","12","41","116","119","156","568","116","C1835229"
"4000","2","3","12","26","105","178","226","297","156","C1835229"
"3953","2","5","7","53","14","20","25","40","186","C1835229"
"3748","2","5","8","63","36","166","106","110","158","C1835229"
"6899","2","5","7","53","184","335","259","560","373","C1835229"
"7259","2","3","12","19","31","1","426","55","78","C1835229"
"3145","2","3","5","80","81","166","132","175","473","C1835229"
"50939","2","3","12","76","153","40","38","472","435","C1835229"
"5832","2","3","2","101","62","189","182","509","252","C1835229"
"1032","2","3","12","19","31","1","426","55","78","C1835229"
"5189","2","3","5","43","161","305","409","208","482","C1835229"
"2697","2","3","7","76","153","40","38","54","75","C1835229"
"6469","2","5","3","53","221","197","259","560","422","C1835229"
"2184","2","3","5","76","153","138","236","332","407","C1835229"
"4286","2","3","12","19","31","261","116","1","664","C1835229"
"7080","2","3","3","19","221","321","428","541","667","C1835384"
"7809","2","5","8","63","45","23","34","464","187","C1835384"
"4750","2","5","12","76","14","20","34","540","68","C1835390"
"351","2","5","4","68","96","326","188","145","193","C1835390"
"6635","2","3","2","22","33","323","66","101","136","C1835390"
"5017","2","3","12","19","31","1","66","101","78","C1835398"
"1285","2","5","7","53","51","342","454","573","492","C1835398"
"55612","2","5","7","60","36","71","177","560","701","C1835452"
"5308","2","3","3","19","221","321","428","541","667","C1835452"
"8200","2","5","7","53","51","342","259","423","389","C1835452"
"10161","2","5","4","68","96","326","427","548","672","C1835452"
"1977","2","3","2","110","85","237","433","547","671","C1835452"
"1029","2","3","12","19","31","1","116","1","664","C1835452"
"1969","2","5","7","53","14","20","25","560","186","C1835452"
"26229","2","3","2","74","205","191","396","408","257","C1835452"
"94","2","5","7","53","51","342","259","423","389","C1835452"
"5167","2","3","5","32","93","163","207","303","126","C1835452"
"2263","2","5","7","53","14","20","25","40","186","C1835452"
"9968","2","4","3","24","119","330","214","454","144","C1835452"
"8074","2","5","7","53","14","20","25","40","186","C1835452"
"50674","2","3","3","19","221","321","428","541","667","C1835452"
"1436","2","5","7","53","14","20","25","40","186","C1835452"
"1290","2","5","7","53","51","342","454","573","492","C1835452"
"9049","2","3","3","41","151","276","378","271","356","C1835452"
"26580","2","5","8","27","70","99","162","216","290","C1835452"
"3181","2","3","2","22","33","323","66","101","136","C1835452"
"816","2","5","7","53","14","20","34","540","68","C1835452"
"6197","2","3","12","19","14","20","34","540","68","C1835452"
"2710","2","3","2","72","43","179","88","125","382","C1835452"
"2774","2","2","1","9","15","21","28","42","62","C1835452"
"673","2","5","7","53","14","20","34","540","68","C1835452"
"538","2","3","8","63","45","23","103","464","187","C1835452"
"5732","2","5","4","68","96","326","427","548","672","C1835452"
"114548","2","3","12","41","219","339","156","568","697","C1835452"
"3918","2","5","7","53","51","342","454","573","492","C1835452"
"30813","2","3","3","19","221","321","428","541","667","C1835452"
"5191","2","3","5","43","161","305","409","208","482","C1835452"
"4282","2","5","7","34","52","216","395","549","674","C1835473"
"207","2","3","7","53","14","20","34","489","416","C1835473"
"1917","2","3","12","41","219","339","347","572","658","C1835473"
"4792","2","3","12","41","219","339","156","568","605","C1835473"
"10491","2","5","7","53","51","342","454","573","492","C1835473"
"50717","2","3","12","41","116","268","434","468","213","C1835473"
"10456","2","3","2","41","170","150","304","167","593","C1835473"
"5727","2","3","12","68","221","197","259","560","422","C1835473"
"6736","2","3","12","19","31","276","91","433","667","C1835473"
"2623","2","3","12","19","31","1","155","287","116","C1835473"
"5605","2","5","7","53","14","20","34","540","68","C1835473"
"326","2","3","12","19","31","261","377","370","269","C1835570"
"4221","2","3","12","19","31","342","454","573","492","C1835570"
"7504","2","5","4","68","96","326","427","548","672","C1835570"
"4001","2","3","12","76","31","40","38","54","75","C1835573"
"617","2","3","2","48","170","50","304","167","593","C1835573"
"2261","2","5","7","53","14","20","25","40","186","C1835574"
"8815","2","3","12","22","33","323","66","444","664","C1835574"
"23274","2","5","7","53","51","119","395","549","674","C1835579"
"3166","2","3","3","19","221","321","428","541","667","C1835579"
"5506","2","3","12","76","137","76","136","82","658","C1835580"
"659","2","5","7","53","14","20","259","423","389","C1835580"
"3426","2","5","7","53","51","119","395","549","674","C1835583"
"3237","2","3","3","19","221","321","428","541","667","C1835583"
"3767","2","5","8","63","36","166","106","110","158","C1835614"
"9401","2","3","12","76","31","261","116","1","86","C1835614"
"2033","2","3","12","19","31","1","91","433","118","C1835614"
"595","2","3","12","19","31","1","426","489","416","C1835614"
"2495","2","3","7","34","52","216","395","274","358","C1835662"
"27229","2","3","12","76","153","40","38","54","75","C1835662"
"7080","2","3","3","19","221","321","428","541","667","C1835686"
"5277","2","3","2","61","77","142","176","235","317","C1835686"
"6648","2","3","2","95","151","160","378","173","229","C1835686"
"3082","2","5","7","53","51","342","25","40","186","C1835686"
"6833","2","5","8","45","36","166","240","415","666","C1835686"
"54795","2","5","8","63","45","193","306","390","158","C1835686"
"3553","2","5","7","53","51","119","25","489","416","C1835686"
"4609","2","3","12","19","31","1","160","107","416","C1835686"
"324","2","3","12","41","219","197","70","255","422","C1835762"
"3930","2","3","2","22","33","323","66","3","464","C1835762"
"546","2","3","12","19","31","261","426","1","86","C1835762"
"3309","2","3","12","41","219","342","347","271","702","C1835763"
"4882","2","3","4","68","96","326","427","548","672","C1835763"
"6905","2","3","12","76","153","40","38","54","75","C1835763"
"6392","2","3","2","48","170","50","119","444","556","C1835763"
"8797","2","5","7","41","219","339","156","568","697","C1835763"
"5605","2","5","7","53","14","20","34","540","68","C1835763"
"10617","2","3","12","48","57","110","141","359","462","C1835763"
"5994","2","3","12","19","31","276","91","491","118","C1835763"
"6299","2","3","12","19","221","321","428","541","667","C1835763"
"4306","2","3","3","19","151","276","91","433","118","C1835763"
"3425","2","3","5","80","81","166","454","573","492","C1835763"
"100","2","3","5","33","21","47","56","80","199","C1835763"
"259266","2","3","12","76","153","40","38","54","75","C1835763"
"6606","2","3","2","22","33","323","66","101","136","C1835763"
"6548","2","3","2","45","94","199","240","415","326","C1835763"
"7490","2","3","3","19","221","321","428","541","667","C1835763"
"6492","2","3","3","19","151","276","91","433","118","C1835763"
"9581","2","3","5","27","36","150","76","223","628","C1835763"
"7337","2","3","12","41","116","268","434","468","213","C1835763"
"6007","2","3","2","69","83","101","126","487","116","C1835763"
"477","2","3","8","63","45","23","103","464","187","C1835763"
"3559","2","5","7","53","14","20","25","40","186","C1835763"
"5160","2","3","2","67","92","293","55","75","311","C1835763"
"25836","2","3","12","76","153","40","38","54","75","C1835763"
"3756","2","5","8","63","36","166","106","110","158","C1835763"
"9244","2","5","7","53","51","119","25","40","416","C1835796"
"10558","2","3","2","50","47","39","100","321","209","C1835796"
"18","2","3","8","67","94","199","182","509","666","C1835798"
"778","2","5","8","63","36","166","341","223","158","C1835798"
"4352","2","5","7","53","14","20","25","40","186","C1835801"
"5116","2","3","12","76","153","40","38","54","75","C1835801"
"2821","2","5","7","34","52","216","395","549","577","C1835801"
"5890","2","3","12","19","31","261","116","1","86","C1835801"
"7084","2","3","2","72","109","115","62","268","353","C1835807"
"9215","2","5","2","27","36","150","430","215","628","C1835807"
"3872","2","1","6","11","142","225","142","220","298","C1835807"
"8526","2","3","2","63","30","193","306","390","158","C1835807"
"5308","2","3","3","19","221","321","428","541","667","C1835807"
"4038","2","5","7","53","51","342","454","573","492","C1835807"
"2778","2","5","4","68","96","326","427","548","672","C1835828"
"3552","2","3","12","53","51","119","156","489","416","C1835828"
"335","2","5","7","53","51","342","454","573","492","C1835993"
"3736","2","5","8","63","36","166","106","110","158","C1835993"
"6654","2","5","7","60","54","24","30","46","72","C1835995"
"8878","2","3","12","41","219","339","156","568","697","C1835995"
"2812","2","5","7","53","51","342","454","573","492","C1835995"
"1311","2","5","7","53","51","342","454","573","492","C1835995"
"1861","2","5","7","60","14","184","341","544","669","C1835995"
"383","2","3","7","34","52","216","395","549","674","C1836003"
"4853","2","3","12","19","124","143","428","236","667","C1836003"
"63978","2","3","12","19","137","76","136","472","435","C1836003"
"4810","2","3","2","76","57","110","444","560","373","C1836003"
"1419","2","3","6","63","45","160","362","177","673","C1836003"
"1030","2","3","12","19","31","1","426","55","78","C1836003"
"4771","2","5","7","60","36","71","177","64","215","C1836003"
"5727","2","3","12","68","221","197","259","560","422","C1836003"
"2591","2","3","2","89","206","324","430","429","544","C1836003"
"2022","2","5","7","53","51","342","259","423","389","C1836003"
"7454","2","5","7","60","14","20","25","40","215","C1836014"
"5193","2","3","5","43","161","305","409","208","482","C1836014"
"2736","2","3","12","41","116","321","428","54","667","C1836014"
"7248","2","3","2","48","57","110","141","359","462","C1836014"
"54903","2","3","12","76","153","40","38","54","75","C1836014"
"4879","2","5","4","68","96","326","427","548","672","C1836014"
"6722","2","3","12","76","153","40","38","54","75","C1836014"
"3569","2","5","7","53","51","342","454","573","416","C1836014"
"7046","2","3","12","41","219","339","259","423","605","C1836023"
"23141","2","3","12","76","105","40","226","489","435","C1836023"
"23516","2","3","5","27","81","99","162","216","290","C1836038"
"7092","2","5","7","53","51","342","454","573","492","C1836038"
"26012","2","3","12","19","31","261","116","159","211","C1836038"
"7508","2","3","12","19","31","261","116","1","664","C1836038"
"2130","2","3","2","22","33","323","66","491","609","C1836038"
"9723","2","5","7","53","51","342","79","560","373","C1836038"
"55650","2","3","2","61","77","142","176","235","557","C1836038"
"9533","2","3","2","19","31","1","426","55","78","C1836038"
"4352","2","5","7","53","14","20","25","40","186","C1836038"
"915","2","5","7","53","51","119","341","544","669","C1836038"
"4535","2","3","2","48","170","50","119","444","556","C1836038"
"6469","2","5","3","53","221","197","259","560","422","C1836038"
"3852","2","1","6","11","142","225","142","220","298","C1836038"
"3480","2","5","7","53","14","20","25","40","186","C1836038"
"2146","2","3","12","19","31","1","426","55","78","C1836057"
"5449","2","3","3","19","221","321","428","541","667","C1836057"
"3845","2","5","7","60","54","24","30","46","72","C1836057"
"3123","2","5","7","53","51","119","156","287","116","C1836057"
"27445","2","5","7","60","36","71","341","223","624","C1836057"
"8985","2","5","7","53","51","342","454","573","492","C1836057"
"26137","2","5","7","63","45","184","103","572","658","C1836057"
"410","2","3","7","34","52","216","395","549","674","C1836149"
"355","2","3","7","41","219","339","156","568","697","C1836149"
"4983","2","5","7","60","54","24","30","46","72","C1836149"
"6638","2","3","2","22","33","323","66","101","136","C1836150"
"3977","2","5","7","53","51","119","25","40","416","C1836150"
"3239","2","3","3","19","221","321","428","541","667","C1836150"
"1312","2","3","2","87","79","105","426","129","25","C1836150"
"89866","2","3","7","60","153","40","202","66","203","C1836150"
"80746","2","3","12","22","33","323","66","101","664","C1836150"
"1409","2","3","12","76","153","40","38","54","75","C1836150"
"6736","2","3","12","19","31","276","91","433","667","C1836150"
"10312","2","3","7","34","52","216","395","549","674","C1836150"
"10262","2","3","2","22","33","323","66","101","136","C1836150"
"8022","2","3","3","110","85","321","428","541","667","C1836150"
"23230","2","5","7","11","142","71","341","560","219","C1836150"
"2314","2","3","12","63","45","184","103","572","658","C1836150"
"2263","2","5","7","53","14","20","25","40","186","C1836150"
"10058","2","3","5","44","50","209","68","11","141","C1836150"
"10269","2","3","2","48","182","50","119","444","556","C1836150"
"1717","2","3","2","19","151","276","48","69","204","C1836150"
"7518","2","3","12","19","31","261","116","1","86","C1836174"
"2301","2","5","6","11","142","225","142","220","673","C1836174"
"7249","2","3","7","60","57","110","141","359","462","C1836184"
"10020","2","3","2","89","124","204","42","452","258","C1836184"
"10461","2","5","7","53","14","20","25","40","186","C1836184"
"50485","2","3","12","19","31","261","116","1","86","C1836184"
"3315","2","3","12","41","181","160","362","402","215","C1836184"
"4654","2","3","12","19","31","276","91","433","118","C1836184"
"9569","2","3","12","19","31","276","91","433","118","C1836184"
"3945","2","3","2","62","137","76","136","212","286","C1836184"
"5994","2","3","12","19","31","276","91","491","118","C1836184"
"6658","2","3","12","19","221","321","428","541","667","C1836184"
"1001","2","5","7","53","51","335","444","560","373","C1836184"
"4891","2","3","2","25","44","165","101","274","358","C1836184"
"2538","2","3","5","90","216","333","438","561","689","C1836184"
"10008","2","5","8","63","36","166","341","223","158","C1836184"
"478","2","3","8","63","45","23","366","464","187","C1836184"
"6323","2","5","8","63","36","166","341","390","158","C1836186"
"10907","2","3","2","22","33","323","66","101","136","C1836186"
"1026","2","3","12","19","31","1","116","489","416","C1836186"
"11253","2","3","2","41","116","268","423","536","445","C1836186"
"8867","2","3","5","60","14","184","341","544","669","C1836186"
"9419","2","5","7","60","36","71","341","223","219","C1836186"
"163882","2","3","12","76","153","40","38","54","658","C1836192"
"5705","2","3","12","41","116","268","434","568","605","C1836192"
"9573","2","5","7","53","51","342","259","423","389","C1836192"
"4137","2","3","7","27","36","150","341","223","628","C1836192"
"5906","2","5","7","34","52","216","30","46","72","C1836192"
"2110","2","3","2","48","170","50","119","444","556","C1836193"
"54714","2","5","8","63","36","166","106","110","158","C1836193"
"6648","2","3","2","95","151","160","378","173","229","C1836193"
"54714","2","5","8","63","36","166","106","110","158","C1836193"
"3081","2","3","2","91","51","3","267","308","429","C1836193"
"5580","2","5","7","34","52","216","395","287","116","C1836193"
"2022","2","5","7","53","51","342","259","423","389","C1836193"
"51684","2","3","12","41","116","268","38","54","75","C1836193"
"729262","2","3","12","22","142","225","366","362","468","C1836193"
"4547","2","5","7","53","51","342","454","573","492","C1836195"
"673","2","5","7","53","14","20","34","540","68","C1836195"
"5184","2","3","5","80","81","166","52","105","349","C1836195"
"5696","2","3","12","41","116","268","156","568","116","C1836195"
"94","2","5","7","53","51","342","259","423","389","C1836195"
"8518","2","3","12","19","31","1","426","55","78","C1836195"
"5277","2","3","2","61","77","142","176","235","317","C1836195"
"11340","2","3","2","110","85","237","433","547","671","C1836195"
"5095","2","3","2","48","40","130","166","127","173","C1836195"
"5190","2","3","5","43","161","305","409","208","482","C1836195"
"1376","2","3","2","19","151","276","91","433","118","C1836195"
"3934","2","5","7","34","52","216","395","549","674","C1836195"
"3861","2","1","6","11","142","225","142","220","298","C1836195"
"2138","2","3","12","19","31","1","426","55","78","C1836195"
"5167","2","3","5","32","93","163","207","303","126","C1836195"
"2990","2","3","7","34","52","216","395","549","674","C1836195"
"4508","2","3","2","48","170","50","119","444","556","C1836195"
"8200","2","5","7","53","51","342","259","423","389","C1836195"
"9657","2","3","12","76","153","40","38","54","75","C1836195"
"338","2","5","7","53","51","342","454","573","492","C1836195"
"55135","2","3","12","76","137","76","136","472","435","C1836195"
"2261","2","5","7","53","14","20","25","40","186","C1836195"
"5290","2","3","7","53","14","20","25","40","186","C1836195"
"421","2","5","7","42","51","335","444","560","373","C1836195"
"836","2","3","12","41","219","339","402","489","697","C1836195"
"477","2","3","8","63","45","23","103","464","187","C1836195"
"4626","2","5","8","63","45","23","103","464","187","C1836195"
"545","2","3","12","19","31","261","116","1","86","C1836195"
"8481","2","3","12","76","153","40","38","54","75","C1836195"
"650","2","5","7","53","51","342","259","423","389","C1836195"
"5450","2","3","12","19","221","261","116","159","211","C1836212"
"5290","2","3","7","53","14","20","25","40","186","C1836212"
"55636","2","3","3","19","221","321","428","423","389","C1836219"
"54","2","3","5","80","81","178","195","256","342","C1836219"
"5295","2","5","7","53","14","20","25","40","186","C1836296"
"2261","2","5","7","53","14","20","25","40","186","C1836296"
"1645","2","3","2","46","51","227","168","225","490","C1836296"
"1298","2","5","7","53","51","342","454","573","492","C1836296"
"90","2","5","7","53","51","342","259","423","389","C1836296"
"51","2","3","5","43","151","276","91","433","482","C1836296"
"7454","2","5","7","60","14","20","25","40","215","C1836296"
"29954","2","5","2","27","206","324","430","215","290","C1836296"
"10878","2","5","7","53","51","119","395","549","674","C1836296"
"3643","2","5","7","53","14","20","25","40","186","C1836296"
"4689","2","5","7","60","14","20","25","40","215","C1836296"
"1184","2","5","8","63","45","23","34","464","187","C1836296"
"2673","2","3","2","110","94","178","226","297","380","C1836296"
"55505","2","3","2","110","85","237","433","547","671","C1836296"
"51816","2","5","7","34","52","216","395","549","674","C1836296"
"4851","2","3","12","19","221","143","428","236","667","C1836296"
"19","2","3","3","19","151","276","91","433","118","C1836296"
"1723","2","3","2","48","170","50","119","444","556","C1836296"
"1028","2","3","12","19","31","1","116","1","86","C1836296"
"1788","2","3","12","19","31","1","426","55","78","C1836296"
"6712","2","5","7","60","153","40","341","223","203","C1836296"
"4867","2","5","7","76","153","40","38","54","75","C1836296"
"567","2","5","7","34","52","119","395","549","674","C1836296"
"26580","2","5","8","27","70","99","162","216","290","C1836296"
"3048","2","3","12","19","31","118","155","287","116","C1836296"
"3586","2","5","7","53","51","119","25","489","416","C1836296"
"2697","2","3","7","76","153","40","38","54","75","C1836296"
"2161","2","5","7","68","51","119","395","549","674","C1836308"
"2099","2","3","12","19","151","276","91","433","118","C1836308"
"9401","2","3","12","76","31","261","116","1","86","C1836308"
"28976","2","3","2","48","170","50","247","322","446","C1836308"
"3209","2","3","3","19","221","321","428","541","667","C1836308"
"326","2","3","12","19","31","261","377","370","269","C1836308"
"2641","2","5","4","68","96","326","427","548","672","C1836392"
"3977","2","5","7","53","51","119","25","40","416","C1836392"
"6452","2","5","7","53","14","20","25","40","186","C1836392"
"1947","2","5","7","53","51","20","25","560","373","C1836392"
"4088","2","3","12","19","219","339","259","423","605","C1836392"
"27019","2","3","12","76","153","40","38","54","75","C1836392"
"5189","2","3","5","43","161","305","409","208","482","C1836392"
"8302","2","5","7","53","51","119","395","549","674","C1836392"
"1776","2","5","7","105","219","261","402","129","215","C1836447"
"2736","2","3","12","41","116","321","428","54","667","C1836447"
"190","2","3","3","19","151","276","91","433","118","C1836448"
"929","2","5","7","34","52","216","395","549","674","C1836448"
"9731","2","3","12","76","153","40","38","54","75","C1836450"
"2316","2","5","7","53","51","342","454","573","702","C1836450"
"27235","2","3","2","48","170","50","304","167","593","C1836450"
"773","2","5","8","27","36","166","341","223","628","C1836450"
"11093","2","5","7","53","51","342","454","573","492","C1836450"
"4000","2","3","12","26","105","178","226","297","156","C1836450"
"5296","2","5","7","53","14","20","25","40","186","C1836451"
"3209","2","3","3","19","221","321","428","541","667","C1836451"
"8928","2","3","12","19","221","321","259","423","389","C1836451"
"6657","2","3","12","19","221","321","428","541","667","C1836451"
"22999","2","5","7","60","36","71","341","223","219","C1836451"
"55704","2","3","12","76","153","40","38","54","75","C1836451"
"2146","2","3","12","19","31","1","426","55","78","C1836451"
"2798","2","5","4","68","96","326","427","548","672","C1836451"
"4729","2","3","2","48","170","50","119","444","556","C1836479"
"2581","2","3","5","80","81","250","291","152","420","C1836479"
"10134","2","3","2","41","219","339","156","536","342","C1836479"
"10555","2","3","7","34","52","216","395","549","622","C1836508"
"778","2","5","8","63","36","166","341","223","158","C1836508"
"10329","2","3","2","63","123","194","423","536","544","C1836508"
"10733","2","3","12","76","153","40","38","54","75","C1836508"
"5076","2","3","3","19","221","321","428","541","667","C1836508"
"9241","2","5","7","53","51","342","259","423","389","C1836508"
"7422","2","5","7","53","51","342","454","573","702","C1836508"
"8200","2","5","7","53","51","342","259","423","389","C1836508"
"9241","2","5","7","53","51","342","259","423","389","C1836509"
"90","2","5","7","53","51","342","259","423","389","C1836509"
"5828","2","3","5","43","161","305","409","208","482","C1836509"
"4536","2","3","2","48","170","50","119","444","556","C1836509"
"3594","2","5","7","53","51","119","25","560","373","C1836509"
"2147","2","5","7","68","51","342","454","573","492","C1836509"
"7051","2","1","6","11","142","225","142","220","298","C1836509"
"629","2","5","7","53","51","119","395","549","674","C1836509"
"1956","2","5","7","53","14","184","45","544","669","C1836509"
"4692","2","5","7","53","51","119","402","489","416","C1836509"
"57105","2","5","4","68","96","326","427","548","672","C1836509"
"220202","2","5","4","68","96","326","427","548","672","C1836527"
"6648","2","3","2","95","151","160","378","173","229","C1836527"
"1184","2","5","8","63","45","23","34","464","187","C1836527"
"3651","2","3","3","19","221","321","428","541","667","C1836527"
"51091","2","3","2","110","85","237","433","547","671","C1836527"
"9569","2","3","12","19","31","276","91","433","118","C1836527"
"11041","2","3","2","27","36","150","341","223","628","C1836527"
"55135","2","3","12","76","137","76","136","472","435","C1836533"
"5757","2","3","12","19","31","1","116","370","142","C1836533"
"10161","2","5","4","68","96","326","427","548","672","C1836543"
"6605","2","3","12","19","31","1","426","55","78","C1836543"
"57480","2","5","7","60","54","24","30","46","72","C1836543"
"2934","2","5","7","34","52","216","395","549","674","C1836543"
"4846","2","3","5","41","219","75","243","44","64","C1836543"
"11200","2","3","12","19","31","261","116","1","86","C1836543"
"6340","2","5","8","63","45","23","34","464","187","C1836543"
"1340","2","3","2","48","170","50","141","359","462","C1836543"
"50640","2","3","5","116","183","295","398","243","327","C1836543"
"8626","2","3","3","19","221","321","428","541","667","C1836543"
"3845","2","5","7","60","54","24","30","46","72","C1836543"
"673","2","5","7","53","14","20","34","540","68","C1836543"
"9897","2","3","12","76","18","75","38","1","212","C1836543"
"10309","2","3","12","19","31","261","116","1","86","C1836543"
"10815","2","5","7","60","36","71","341","223","666","C1836543"
"1294","2","5","7","53","51","342","454","573","492","C1836543"
"673","2","5","7","53","14","20","34","540","68","C1836543"
"6496","2","3","3","19","221","321","428","541","667","C1836543"
"1814","2","5","4","68","96","326","427","548","672","C1836543"
"6785","2","3","5","67","7","5","239","311","393","C1836543"
"10815","2","5","7","60","36","71","341","223","666","C1836543"
"5167","2","3","5","32","93","163","207","303","126","C1836543"
"2200","2","5","7","53","51","342","454","573","492","C1836543"
"27306","2","3","5","91","175","271","372","471","586","C1836543"
"6223","2","3","2","110","85","237","433","547","671","C1836543"
"6620","2","5","7","27","36","150","341","223","628","C1836573"
"1146","2","5","8","27","70","99","162","216","290","C1836573"
"2177","2","3","2","110","90","261","431","545","443","C1836576"
"5447","2","3","5","91","214","271","372","471","586","C1836576"
"650","2","5","7","53","51","342","259","423","389","C1836589"
"6335","2","5","8","63","36","166","341","390","158","C1836589"
"54551","2","3","12","41","219","197","156","568","422","C1836589"
"50640","2","3","5","116","183","295","398","243","327","C1836609"
"3119","2","5","7","53","153","119","156","287","116","C1836609"
"5468","2","3","3","19","151","276","91","433","118","C1836623"
"51067","2","3","2","110","85","67","76","252","154","C1836623"
"10166","2","3","2","84","97","167","210","278","360","C1836623"
"8878","2","3","12","41","219","339","156","568","697","C1836623"
"50964","2","5","3","68","221","197","259","423","422","C1836623"
"2798","2","5","4","68","96","326","427","548","672","C1836623"
"29925","2","3","2","68","66","123","158","207","278","C1836623"
"8924","2","3","12","41","116","268","434","468","213","C1836623"
"4625","2","3","8","63","45","23","103","464","187","C1836623"
"2588","2","3","7","34","52","216","395","549","674","C1836623"
"10084","2","3","2","22","33","323","66","101","136","C1836623"
"2261","2","5","7","53","14","20","25","40","186","C1836623"
"617","2","3","2","48","170","50","304","167","593","C1836635"
"2629","2","3","5","80","81","250","291","152","420","C1836635"
"29926","2","3","2","68","66","123","158","207","278","C1836635"
"59","2","5","8","63","45","23","103","464","187","C1836635"
"1493","2","5","7","53","51","119","25","40","186","C1836635"
"1728","2","3","2","41","116","268","434","568","605","C1836635"
"1340","2","3","2","48","170","50","141","359","462","C1836635"
"1717","2","3","2","19","151","276","48","69","204","C1836635"
"221692","2","3","2","42","184","118","155","83","658","C1836635"
"3265","2","5","7","60","54","24","30","46","72","C1836635"
"836","2","3","12","41","219","339","402","489","697","C1836635"
"5116","2","3","12","76","153","40","38","54","75","C1836635"
"3700","2","5","7","53","51","342","454","573","702","C1836635"
"10216","2","3","2","48","170","50","304","167","593","C1836646"
"4784","2","3","2","22","33","261","116","159","211","C1836646"
"190","2","3","3","19","151","276","91","433","118","C1836646"
"1583","2","3","5","79","152","273","375","100","589","C1836646"
"445","2","3","2","84","97","167","210","278","360","C1836651"
"29920","2","3","2","101","62","189","182","497","617","C1836651"
"4604","2","5","8","63","45","23","103","464","187","C1836653"
"1278","2","5","7","53","51","342","454","573","492","C1836653"
"3456","2","3","12","19","31","118","155","287","116","C1836653"
"2774","2","2","1","9","15","21","28","42","62","C1836653"
"1380","2","5","7","53","51","119","395","549","674","C1836653"
"51199","2","3","12","76","153","40","38","54","75","C1836653"
"1285","2","5","7","53","51","342","454","573","492","C1836653"
"54463","2","3","2","48","57","110","141","359","462","C1836653"
"9126","2","3","12","76","153","40","38","54","75","C1836653"
"4306","2","3","3","19","151","276","91","433","118","C1836653"
"779","2","5","8","63","36","166","341","390","158","C1836653"
"23600","2","3","5","80","81","305","409","208","482","C1836653"
"6144","2","3","2","110","85","237","433","547","671","C1836653"
"5792","2","5","7","53","51","335","444","560","373","C1836674"
"3481","2","5","7","53","51","342","454","573","492","C1836674"
"1308","2","5","7","53","51","119","454","573","492","C1836678"
"2520","2","5","4","68","96","326","427","548","672","C1836678"
"5327","2","5","7","53","51","342","454","573","492","C1836678"
"22909","2","3","12","19","31","261","116","1","86","C1836688"
"9927","2","3","12","19","31","118","155","287","116","C1836688"
"2623","2","3","12","19","31","1","155","287","116","C1836688"
"57113","2","5","8","11","142","193","306","390","158","C1836688"
"51360","2","3","3","26","35","276","91","433","203","C1836688"
"7840","2","3","12","76","153","40","38","54","75","C1836688"
"54903","2","3","12","76","153","40","38","54","75","C1836688"
"595","2","3","12","19","31","1","426","489","416","C1836696"
"345","2","5","7","53","51","342","454","573","492","C1836696"
"5071","2","3","12","41","116","268","434","468","213","C1836696"
"23400","2","5","8","63","45","23","103","464","187","C1836696"
"1540","2","3","12","41","219","339","156","568","605","C1836696"
"1906","2","5","4","68","96","326","427","548","672","C1836696"
"8924","2","3","12","41","116","268","434","468","213","C1836696"
"5624","2","5","7","53","51","342","454","573","492","C1836696"
"8260","2","3","12","41","85","266","76","287","78","C1836696"
"7403","2","3","12","19","31","1","426","55","78","C1836696"
"4541","2","3","2","48","170","50","119","444","24","C1836729"
"2332","2","3","2","22","33","71","373","466","609","C1836729"
"2099","2","3","12","19","151","276","91","433","118","C1836729"
"6660","2","3","3","19","221","321","428","541","667","C1836729"
"4153","2","5","7","53","51","119","395","549","674","C1836729"
"10019","2","5","7","53","14","20","25","40","116","C1836729"
"4780","2","3","12","19","31","276","91","433","118","C1836736"
"585","2","3","12","76","153","40","38","54","75","C1836736"
"2187","2","3","12","19","31","261","116","1","86","C1836736"
"5728","2","3","5","80","81","339","156","568","605","C1836736"
"2294","2","3","3","19","221","321","428","541","667","C1836736"
"4914","2","3","2","22","18","266","202","252","252","C1836737"
"4204","2","3","12","19","31","1","426","55","78","C1836737"
"10312","2","3","7","34","52","216","395","549","674","C1836737"
"5447","2","3","5","91","214","271","372","471","586","C1836737"
"7345","2","3","12","41","116","268","341","223","628","C1836737"
"6390","2","3","2","48","170","50","119","444","556","C1836742"
"2913","2","5","4","68","96","326","427","548","672","C1836742"
"23545","2","3","5","29","88","132","85","222","346","C1836743"
"1293","2","5","7","53","51","342","454","573","492","C1836743"
"9031","2","3","12","19","31","1","426","55","78","C1836767"
"9056","2","3","8","45","94","199","240","415","666","C1836767"
"55636","2","3","3","19","221","321","428","423","389","C1836767"
"8289","2","3","12","19","31","1","426","55","78","C1836842"
"3543","2","5","7","53","51","119","395","549","674","C1836842"
"9049","2","3","3","41","151","276","378","271","356","C1836842"
"1026","2","3","12","19","31","1","116","489","416","C1836842"
"2239","2","3","2","74","51","342","454","573","492","C1836851"
"5159","2","5","7","53","14","20","25","40","186","C1836851"
"5371","2","3","12","19","31","1","91","287","116","C1836851"
"1141","2","5","8","27","70","99","162","216","290","C1836852"
"2317","2","5","7","63","45","23","103","287","664","C1836852"
"1401","2","5","7","53","51","119","395","573","492","C1836852"
"6311","2","3","2","22","33","323","66","362","468","C1836852"
"9394","2","3","2","74","58","112","148","193","263","C1836852"
"3209","2","3","3","19","221","321","428","541","667","C1836855"
"3984","2","5","7","53","14","20","34","540","68","C1836855"
"8643","2","5","3","68","221","197","259","560","422","C1836855"
"29123","2","3","12","19","151","276","91","433","118","C1836855"
"182","2","5","7","53","51","143","428","236","667","C1836855"
"5144","2","3","4","68","96","326","427","548","672","C1836855"
"3299","2","3","12","42","81","296","399","201","274","C1836855"
"54880","2","3","12","19","31","1","426","55","78","C1836855"
"210","2","3","7","34","52","216","395","549","674","C1836868"
"183","2","5","4","68","96","326","427","548","672","C1836868"
"22954","2","3","12","41","116","268","434","468","213","C1836923"
"51259","2","3","2","76","153","40","38","54","75","C1836923"
"6868","2","5","7","53","51","342","454","236","492","C1836923"
"1392","2","5","4","68","96","326","427","548","672","C1836923"
"10436","2","3","2","110","85","237","433","547","671","C1836923"
"3674","2","5","7","53","51","342","454","573","492","C1836926"
"5781","2","5","7","53","14","20","25","40","186","C1836926"
"3949","2","5","7","60","14","184","341","544","669","C1836926"
"10841","2","3","2","76","153","40","38","54","48","C1836926"
"2332","2","3","2","22","33","71","373","466","609","C1836926"
"3508","2","3","12","19","31","261","116","1","86","C1836926"
"5144","2","3","4","68","96","326","427","548","672","C1836926"
"3717","2","5","7","53","14","20","25","40","186","C1836926"
"1535","2","5","7","34","52","216","395","549","674","C1836926"
"8200","2","5","7","53","51","342","259","423","389","C1836926"
"51816","2","5","7","34","52","216","395","549","674","C1836926"
"2706","2","3","12","76","153","40","38","54","75","C1836926"
"4693","2","5","7","53","51","342","454","573","492","C1836940"
"4160","2","5","4","68","96","326","427","548","672","C1836940"
"8517","2","3","12","41","219","339","156","568","697","C1836940"
"4001","2","3","12","76","31","40","38","54","75","C1836940"
"2318","2","5","7","53","45","23","103","464","187","C1836940"
"2588","2","3","7","34","52","216","395","549","674","C1836940"
"9126","2","3","12","76","153","40","38","54","75","C1836940"
"2184","2","3","5","76","153","138","236","332","407","C1836940"
"22995","2","3","12","76","153","40","38","54","75","C1836940"
"3265","2","5","7","60","54","24","30","46","72","C1836940"
"9901","2","5","7","60","54","24","30","46","72","C1836940"
"7248","2","3","2","48","57","110","141","359","462","C1836940"
"4488","2","3","3","19","221","321","428","541","667","C1836940"
"51317","2","3","12","19","31","1","426","55","78","C1836940"
"4846","2","3","5","41","219","75","243","44","64","C1836940"
"1848","2","3","5","42","81","296","399","201","274","C1836940"
"6392","2","3","2","48","170","50","119","444","556","C1836940"
"4842","2","3","5","63","45","71","177","464","219","C1836940"
"8313","2","3","12","41","219","339","156","568","605","C1836940"
"3953","2","5","7","53","14","20","25","40","186","C1836940"
"2121","2","3","12","41","116","268","434","568","605","C1836940"
"1911","2","3","12","19","31","1","426","55","78","C1836940"
"4000","2","3","12","26","105","178","226","297","156","C1836940"
"6323","2","5","8","63","36","166","341","390","158","C1836940"
"2218","2","5","2","53","123","194","255","560","373","C1836940"
"4041","2","5","3","68","221","197","259","560","422","C1836940"
"718","2","5","7","34","51","119","395","549","674","C1836940"
"6654","2","5","7","60","54","24","30","46","72","C1836940"
"55636","2","3","3","19","221","321","428","423","389","C1836940"
"7498","2","3","5","80","157","187","159","209","282","C1836940"
"6663","2","3","3","19","221","321","428","541","667","C1836996"
"2677","2","5","7","53","51","342","454","573","492","C1836996"
"8985","2","5","7","53","51","342","454","573","492","C1836996"
"10484","2","3","7","60","153","40","38","54","203","C1836996"
"7473","2","5","3","68","221","197","259","560","422","C1836996"
"658","2","5","7","53","51","342","259","423","389","C1836996"
"11020","2","5","7","60","54","24","30","46","72","C1836996"
"8625","2","3","12","19","31","276","91","236","118","C1836996"
"2736","2","3","12","41","116","321","428","54","667","C1836996"
"3557","2","3","12","41","219","339","156","568","697","C1836996"
"8626","2","3","3","19","221","321","428","541","667","C1836996"
"3613","2","3","5","80","81","296","399","162","216","C1837014"
"5979","2","5","7","53","14","20","25","40","186","C1837014"
"2273","2","5","8","63","45","23","103","464","187","C1837028"
"6794","2","3","12","53","14","20","34","540","68","C1837028"
"6928","2","3","3","19","221","321","428","541","667","C1837028"
"50964","2","5","3","68","221","197","259","423","422","C1837028"
"54938","2","3","2","110","85","67","76","252","154","C1837028"
"3845","2","5","7","60","54","24","30","46","72","C1837066"
"6010","2","5","4","68","96","326","427","548","672","C1837066"
"5027","2","5","8","63","45","23","306","390","158","C1837066"
"1041","2","1","6","11","142","225","142","220","298","C1837066"
"2316","2","5","7","53","51","342","454","573","702","C1837066"
"2563","2","5","8","27","70","99","162","216","290","C1837066"
"658","2","5","7","53","51","342","259","423","389","C1837066"
"715","2","5","7","53","51","119","395","549","674","C1837066"
"443","2","3","5","80","81","189","182","509","409","C1837066"
"9531","2","3","12","41","219","339","347","271","356","C1837066"
"8898","2","3","5","80","81","296","399","362","468","C1837066"
"2022","2","5","7","53","51","342","259","423","389","C1837066"
"3691","2","5","7","53","51","342","454","573","492","C1837066"
"1788","2","3","12","19","31","1","426","55","78","C1837066"
"2668","2","5","7","53","14","20","25","40","186","C1837066"
"23534","2","3","2","22","33","323","66","101","136","C1837078"
"10269","2","3","2","48","182","50","119","444","556","C1837078"
"2516","2","3","3","19","151","276","91","433","118","C1837078"
"10269","2","3","2","48","182","50","119","444","556","C1837081"
"4864","2","3","5","48","152","184","341","544","669","C1837081"
"3209","2","3","3","19","221","321","428","541","667","C1837081"
"2261","2","5","7","53","14","20","25","40","186","C1837081"
"2153","2","5","7","53","51","342","454","573","492","C1837081"
"4088","2","3","12","19","219","339","259","423","605","C1837081"
"6935","2","3","3","19","221","321","428","541","667","C1837081"
"7422","2","5","7","53","51","342","454","573","702","C1837081"
"5836","2","3","7","34","52","216","395","549","674","C1837081"
"7040","2","5","7","53","51","342","454","573","492","C1837081"
"498","2","3","2","48","170","50","304","167","593","C1837081"
"2205","2","5","7","53","51","119","25","568","186","C1837081"
"7476","2","5","3","68","221","197","259","560","422","C1837081"
"7498","2","3","5","80","157","187","159","209","282","C1837081"
"11253","2","3","2","41","116","268","423","536","445","C1837081"
"9968","2","4","3","24","119","330","214","454","144","C1837081"
"8891","2","3","2","110","85","237","433","547","671","C1837081"
"2176","2","3","12","19","31","261","116","1","86","C1837081"
"55172","2","5","7","27","36","150","341","223","628","C1837081"
"1417","2","5","6","11","142","225","142","177","673","C1837082"
"29851","2","5","7","53","14","20","25","40","186","C1837082"
"5727","2","3","12","68","221","197","259","560","422","C1837082"
"567","2","5","7","34","52","119","395","549","674","C1837082"
"129880","2","3","12","76","153","40","38","54","75","C1837082"
"55636","2","3","3","19","221","321","428","423","389","C1837082"
"8398","2","3","5","116","183","40","38","352","455","C1837082"
"55670","2","3","5","43","161","305","409","208","482","C1837082"
"1896","2","5","12","41","219","339","156","568","697","C1837082"
"2244","2","5","7","53","51","342","454","573","492","C1837082"
"4222","2","3","3","19","221","321","428","541","667","C1837087"
"5073","2","3","2","110","85","323","433","146","194","C1837087"
"2121","2","3","12","41","116","268","434","568","605","C1837087"
"6774","2","3","12","53","14","276","25","489","416","C1837087"
"2688","2","5","7","53","51","119","25","40","186","C1837087"
"10516","2","5","7","53","51","342","454","573","492","C1837087"
"4535","2","3","2","48","170","50","119","444","556","C1837087"
"2074","2","3","12","19","31","1","426","55","78","C1837087"
"5444","2","3","5","80","147","236","328","411","229","C1837087"
"11128","2","3","2","22","33","261","116","159","211","C1837087"
"1967","2","3","2","110","85","237","433","547","671","C1837087"
"23729","2","3","2","90","167","148","36","51","383","C1837087"
"9150","2","3","12","19","31","261","116","159","211","C1837087"
"7274","2","3","5","43","161","99","162","216","290","C1837087"
"84142","2","3","12","19","31","261","116","1","86","C1837087"
"5015","2","3","3","19","221","321","428","541","667","C1837087"
"23594","2","3","12","76","153","261","116","1","86","C1837091"
"3827","2","5","4","68","96","326","427","548","672","C1837091"
"9056","2","3","8","45","94","199","240","415","666","C1837091"
"445","2","3","2","84","97","167","210","278","360","C1837091"
"582","2","3","12","76","153","76","38","54","75","C1837098"
"2354","2","3","12","19","31","1","426","55","78","C1837098"
"10370","2","3","12","19","31","276","91","433","118","C1837098"
"8111","2","5","4","68","96","326","427","548","672","C1837098"
"4221","2","3","12","19","31","342","454","573","492","C1837098"
"673","2","5","7","53","14","20","34","540","68","C1837098"
"6331","2","5","8","63","36","166","341","223","158","C1837098"
"5818","2","5","7","53","51","335","444","560","373","C1837098"
"2950","2","5","7","34","52","216","395","549","674","C1837098"
"4340","2","5","7","53","51","119","341","223","628","C1837098"
"1896","2","5","12","41","219","339","156","568","697","C1837098"
"189","2","3","5","43","161","305","409","208","482","C1837098"
"6399","2","5","7","60","54","24","30","46","72","C1837098"
"3845","2","5","7","60","54","24","30","46","72","C1837098"
"1954","2","5","7","53","51","342","454","573","492","C1837098"
"4624","2","5","8","63","45","23","103","464","187","C1837098"
"1717","2","3","2","19","151","276","48","69","204","C1837098"
"51360","2","3","3","26","35","276","91","433","203","C1837098"
"55714","2","5","7","53","51","342","454","573","254","C1837108"
"3717","2","5","7","53","14","20","25","40","186","C1837108"
"27229","2","3","12","76","153","40","38","54","75","C1837108"
"1387","2","3","12","19","31","276","91","433","118","C1837108"
"3458","2","5","7","53","184","119","156","287","116","C1837108"
"23545","2","3","5","29","88","132","85","222","346","C1837108"
"7170","2","5","8","63","45","23","103","464","187","C1837108"
"4609","2","3","12","19","31","1","160","107","416","C1837108"
"4353","2","3","7","34","52","216","395","549","674","C1837108"
"54551","2","3","12","41","219","197","156","568","422","C1837108"
"2780","2","5","4","68","96","326","427","548","672","C1837108"
"7421","2","3","3","19","151","276","91","433","118","C1837108"
"9949","2","3","2","22","33","225","142","220","298","C1837108"
"1650","2","5","7","34","52","216","395","549","674","C1837108"
"4704","2","3","2","48","170","50","119","444","556","C1837108"
"6323","2","5","8","63","36","166","341","390","158","C1837108"
"3798","2","3","7","76","153","40","38","54","75","C1837108"
"4683","2","3","12","19","31","261","116","1","86","C1837108"
"2737","2","3","12","19","116","321","428","54","667","C1837108"
"51684","2","3","12","41","116","268","38","54","75","C1837108"
"2182","2","3","2","67","92","265","284","147","235","C1837108"
"4882","2","3","4","68","96","326","427","548","672","C1837108"
"3162","2","3","5","53","51","119","402","489","416","C1837108"
"5295","2","5","7","53","14","20","25","40","186","C1837108"
"763","2","3","5","35","41","77","40","526","647","C1837108"
"8600","2","5","7","41","219","339","156","568","697","C1837108"
"5168","2","3","5","32","93","163","207","324","415","C1837108"
"5075","2","3","3","19","221","321","428","541","667","C1837108"
"213","2","5","7","53","51","342","454","573","492","C1837108"
"2263","2","5","7","53","14","20","25","40","186","C1837122"
"478","2","3","8","63","45","23","366","464","187","C1837122"
"6885","2","3","12","41","219","339","156","568","697","C1837122"
"7020","2","3","12","19","31","276","91","433","664","C1837142"
"6813","2","5","7","53","51","342","454","573","702","C1837142"
"6017","2","3","2","69","83","101","126","170","224","C1837142"
"4514","2","3","2","48","57","110","141","359","5","C1837142"
"10577","2","5","7","34","52","216","395","549","674","C1837142"
"55636","2","3","3","19","221","321","428","423","389","C1837142"
"7010","2","5","7","53","14","20","25","40","186","C1837142"
"54756","2","5","7","41","219","238","118","543","214","C1837142"
"3482","2","5","7","34","52","216","395","544","669","C1837142"
"9126","2","3","12","76","153","40","38","54","75","C1837142"
"5192","2","3","5","43","161","305","409","208","482","C1837142"
"1896","2","5","12","41","219","339","156","568","697","C1837142"
"26123","2","3","2","76","153","40","38","54","75","C1837142"
"2138","2","3","12","19","31","1","426","55","78","C1837142"
"9640","2","3","12","19","31","261","116","159","211","C1837142"
"23322","2","3","12","76","153","40","38","54","75","C1837142"
"2969","2","3","12","19","31","276","91","433","118","C1837142"
"4535","2","3","2","48","170","50","119","444","556","C1837142"
"6772","2","3","12","53","184","119","156","287","116","C1837229"
"9742","2","3","12","76","153","40","38","54","75","C1837229"
"2668","2","5","7","53","14","20","25","40","186","C1837229"
"54756","2","5","7","41","219","238","118","543","214","C1837229"
"7187","2","3","12","41","219","339","156","568","697","C1837229"
"2068","2","3","12","19","31","261","116","159","211","C1837246"
"23594","2","3","12","76","153","261","116","1","86","C1837246"
"3075","2","5","7","53","51","119","395","549","674","C1837249"
"5994","2","3","12","19","31","276","91","491","118","C1837249"
"10262","2","3","2","22","33","323","66","101","136","C1837249"
"5354","2","5","7","27","36","150","341","223","628","C1837249"
"3091","2","3","12","41","116","276","91","433","605","C1837249"
"4000","2","3","12","26","105","178","226","297","156","C1837249"
"6390","2","3","2","48","170","50","119","444","556","C1837249"
"8625","2","3","12","19","31","276","91","236","118","C1837249"
"1586","2","3","5","79","98","256","335","425","540","C1837249"
"808","2","5","8","63","45","23","103","464","187","C1837249"
"7403","2","3","12","19","31","1","426","55","78","C1837249"
"5144","2","3","4","68","96","326","427","548","672","C1837249"
"3123","2","5","7","53","51","119","156","287","116","C1837249"
"6785","2","3","5","67","7","5","239","311","393","C1837249"
"3576","2","5","4","68","96","326","427","548","672","C1837249"
"7124","2","3","12","41","219","339","156","568","697","C1837249"
"1586","2","3","5","79","98","256","335","425","540","C1837249"
"5932","2","3","12","19","31","261","116","1","86","C1837249"
"1281","2","5","7","53","51","342","454","573","492","C1837249"
"1291","2","5","7","53","51","342","454","573","492","C1837249"
"1947","2","5","7","53","51","20","25","560","373","C1837249"
"1174","2","5","7","60","153","184","341","544","669","C1837249"
"4791","2","3","12","41","219","339","156","568","697","C1837249"
"6760","2","3","12","19","31","1","426","55","78","C1837249"
"58","2","5","8","63","45","23","103","464","187","C1837249"
"9842","2","3","5","76","155","76","291","152","420","C1837249"
"6138","2","3","2","110","85","237","433","547","671","C1837249"
"5194","2","3","5","43","161","305","409","208","482","C1837249"
"3075","2","5","7","53","51","119","395","549","674","C1837249"
"7051","2","1","6","11","142","225","142","220","298","C1837249"
"5728","2","3","5","80","81","339","156","568","605","C1837249"
"1535","2","5","7","34","52","216","395","549","674","C1837251"
"6495","2","3","3","19","221","321","428","541","667","C1837251"
"51119","2","3","2","110","85","237","433","547","671","C1837256"
"7476","2","5","3","68","221","197","259","560","422","C1837256"
"1352","2","3","2","48","170","50","119","444","556","C1837256"
"3026","2","5","7","68","51","119","395","549","674","C1837256"
"51715","2","5","7","60","54","24","30","46","72","C1837279"
"5080","2","3","3","19","221","321","428","541","667","C1837279"
"4000","2","3","12","26","105","178","226","297","156","C1837279"
"2294","2","3","3","19","221","321","428","541","667","C1837279"
"2720","2","3","7","34","52","216","395","21","599","C1837279"
"272","2","3","7","34","52","216","395","549","674","C1837279"
"7428","2","3","12","41","116","268","434","468","213","C1837279"
"7072","2","3","2","22","33","323","66","101","136","C1837279"
"1312","2","3","2","87","79","105","426","129","25","C1837279"
"5626","2","3","3","19","221","321","428","541","667","C1837279"
"7040","2","5","7","53","51","342","454","573","492","C1837279"
"7422","2","5","7","53","51","342","454","573","702","C1837279"
"3764","2","5","8","63","36","166","106","110","158","C1837279"
"3977","2","5","7","53","51","119","25","40","416","C1837279"
"9971","2","3","3","19","151","276","91","433","118","C1837279"
"2623","2","3","12","19","31","1","155","287","116","C1837279"
"2109","2","3","2","48","170","50","119","444","556","C1837279"
"1071","2","5","7","53","51","342","454","573","492","C1837279"
"7547","2","3","3","19","221","321","428","541","667","C1837279"
"1535","2","5","7","34","52","216","395","549","674","C1837279"
"207","2","3","7","53","14","20","34","489","416","C1837279"
"2629","2","3","5","80","81","250","291","152","420","C1837279"
"3845","2","5","7","60","54","24","30","46","72","C1837323"
"3229","2","3","3","19","221","321","428","541","667","C1837323"
"5167","2","3","5","32","93","163","207","303","126","C1837388"
"6399","2","5","7","60","54","24","30","46","72","C1837388"
"1080","2","3","12","41","219","339","156","544","669","C1837388"
"3815","2","5","7","53","14","20","25","40","186","C1837388"
"10320","2","5","7","19","119","143","214","236","389","C1837388"
"3119","2","5","7","53","153","119","156","287","116","C1837388"
"6389","2","3","2","48","170","50","119","444","556","C1837388"
"2969","2","3","12","19","31","276","91","433","118","C1837388"
"2263","2","5","7","53","14","20","25","40","186","C1837388"
"50514","2","3","3","19","151","276","91","433","118","C1837388"
"23095","2","3","7","76","153","40","38","54","75","C1837388"
"1674","2","5","8","63","45","23","103","464","187","C1837388"
"5190","2","3","5","43","161","305","409","208","482","C1837388"
"23312","2","5","7","60","36","71","341","223","624","C1837388"
"8878","2","3","12","41","219","339","156","568","697","C1837388"
"2581","2","3","5","80","81","250","291","152","420","C1837388"
"3848","2","5","7","34","52","225","142","220","298","C1837388"
"1186","2","5","8","63","45","23","34","464","187","C1837388"
"4141","2","3","2","110","85","237","433","547","154","C1837388"
"8242","2","3","12","19","31","1","426","55","78","C1837388"
"51807","2","3","12","76","153","40","38","54","75","C1837402"
"7290","2","3","12","19","31","1","426","55","78","C1837402"
"5727","2","3","12","68","221","197","259","560","422","C1837402"
"6016","2","5","7","60","54","24","30","46","72","C1837402"
"7476","2","5","3","68","221","197","259","560","422","C1837402"
"435","2","3","8","84","97","167","210","278","360","C1837402"
"4337","2","3","2","80","91","75","204","267","352","C1837402"
"71","2","5","7","60","14","184","103","544","669","C1837402"
"11128","2","3","2","22","33","261","116","159","211","C1837402"
"2317","2","5","7","63","45","23","103","287","664","C1837402"
"23554","2","5","3","68","221","197","259","518","492","C1837402"
"6578","2","3","5","35","41","77","40","57","80","C1837402"
"3664","2","5","7","53","184","119","156","287","116","C1837402"
"9409","2","3","5","43","161","305","409","208","482","C1837402"
"2253","2","5","7","53","14","20","25","40","186","C1837402"
"2261","2","5","7","53","14","20","25","40","186","C1837402"
"3460","2","5","7","53","184","119","156","287","116","C1837402"
"10913","2","3","12","41","219","339","156","568","697","C1837402"
"2717","2","3","7","34","52","216","395","549","674","C1837402"
"8801","2","3","5","67","92","293","55","75","311","C1837402"
"2492","2","5","4","68","96","326","427","548","672","C1837402"
"10013","2","3","12","19","31","143","91","236","311","C1837402"
"1594","2","3","5","92","163","96","363","460","487","C1837402"
"5167","2","3","5","32","93","163","207","303","126","C1837402"
"4613","2","3","12","19","31","1","426","55","78","C1837402"
"1285","2","5","7","53","51","342","454","573","492","C1837402"
"5019","2","3","2","67","92","293","55","75","311","C1837404"
"9968","2","4","3","24","119","330","214","454","144","C1837404"
"4055","2","3","12","41","219","339","156","568","697","C1837404"
"3490","2","5","7","53","51","342","454","573","492","C1837404"
"1301","2","5","7","53","51","342","454","573","492","C1837404"
"672","2","3","12","19","31","261","116","1","86","C1837404"
"6581","2","3","8","45","94","199","240","415","666","C1837404"
"26276","2","3","7","60","81","184","341","66","203","C1837404"
"4750","2","5","12","76","14","20","34","540","68","C1837404"
"6843","2","5","7","60","36","71","341","223","203","C1837404"
"147138","2","3","12","41","219","339","156","568","697","C1837404"
"2776","2","5","4","68","96","326","427","548","672","C1837404"
"4851","2","3","12","19","221","143","428","236","667","C1837404"
"26281","2","5","7","53","14","20","25","40","186","C1837404"
"2562","2","5","8","27","70","99","162","216","290","C1837404"
"3073","2","3","5","105","155","250","291","152","420","C1837404"
"23601","2","5","7","34","52","216","395","549","674","C1837404"
"2263","2","5","7","53","14","20","25","40","186","C1837404"
"11160","2","3","12","41","116","268","423","536","445","C1837404"
"5518","2","3","12","76","153","40","38","54","435","C1837404"
"1161","2","3","12","41","116","268","434","468","213","C1837404"
"4791","2","3","12","41","219","339","156","568","697","C1837404"
"7274","2","3","5","43","161","99","162","216","290","C1837404"
"50937","2","5","7","53","51","335","444","560","373","C1837404"
"3459","2","5","7","53","184","119","156","287","116","C1837404"
"1290","2","5","7","53","51","342","454","573","492","C1837404"
"1175","2","5","7","60","14","184","341","544","669","C1837404"
"2840","2","5","4","68","96","326","427","548","672","C1837404"
"5618","2","5","7","53","51","119","25","40","186","C1837404"
"5077","2","3","3","19","221","321","428","541","667","C1837404"
"1287","2","5","2","53","51","342","454","573","492","C1837404"
"6103","2","3","12","76","153","40","38","54","75","C1837404"
"3815","2","5","7","53","14","20","25","40","186","C1837406"
"3426","2","5","7","53","51","119","395","549","674","C1837406"
"80025","2","3","2","72","73","201","129","384","499","C1837406"
"6657","2","3","12","19","221","321","428","541","667","C1837407"
"3209","2","3","3","19","221","321","428","541","667","C1837407"
"3586","2","5","7","53","51","119","25","489","416","C1837407"
"3728","2","5","7","34","52","225","142","220","298","C1837407"
"2908","2","3","12","19","151","276","91","433","118","C1837407"
"5317","2","5","7","34","52","216","142","220","298","C1837407"
"4735","2","3","12","76","153","40","38","54","75","C1837407"
"196","2","3","3","19","151","276","91","433","118","C1837407"
"9056","2","3","8","45","94","199","240","415","666","C1837407"
"2074","2","3","12","19","31","1","426","55","78","C1837458"
"7124","2","3","12","41","219","339","156","568","697","C1837458"
"4512","2","3","2","48","170","110","141","359","8","C1837458"
"8726","2","3","12","19","31","1","426","55","78","C1837458"
"2301","2","5","6","11","142","225","142","220","673","C1837458"
"63910","2","5","7","60","36","184","177","64","215","C1837458"
"1832","2","5","7","34","52","225","142","220","298","C1837458"
"6654","2","5","7","60","54","24","30","46","72","C1837458"
"29078","2","3","2","48","170","50","119","444","556","C1837458"
"50937","2","5","7","53","51","335","444","560","373","C1837458"
"4541","2","3","2","48","170","50","119","444","24","C1837458"
"6731","2","3","2","110","85","237","433","547","671","C1837458"
"6578","2","3","5","35","41","77","40","57","80","C1837458"
"3850","2","1","6","11","142","225","142","220","298","C1837482"
"25942","2","3","12","19","31","1","426","55","78","C1837482"
"3662","2","5","7","53","184","119","156","287","116","C1837482"
"3643","2","5","7","53","14","20","25","40","186","C1837482"
"26277","2","3","12","19","31","1","426","1","78","C1837482"
"7299","2","3","5","23","18","138","250","332","407","C1837482"
"650","2","5","7","53","51","342","259","423","389","C1837482"
"590","2","3","5","85","143","286","51","488","604","C1837482"
"883","2","3","5","80","81","189","182","509","290","C1837482"
"2773","2","5","4","68","96","326","427","548","672","C1837482"
"6310","2","3","12","22","142","225","366","362","468","C1837482"
"4621","2","5","8","63","45","23","103","464","187","C1837482"
"23534","2","3","2","22","33","323","66","101","136","C1837482"
"6392","2","3","2","48","170","50","119","444","556","C1837482"
"4536","2","3","2","48","170","50","119","444","556","C1837483"
"6335","2","5","8","63","36","166","341","390","158","C1837483"
"860","2","3","12","19","31","276","91","433","118","C1837483"
"26137","2","5","7","63","45","184","103","572","658","C1837483"
"1571","2","3","5","91","214","271","372","471","26","C1837483"
"6231","2","3","2","110","85","237","433","547","671","C1837485"
"23064","2","3","6","11","31","261","142","220","664","C1837485"
"472","2","3","12","19","31","261","116","1","86","C1837485"
"23533","2","3","2","53","14","20","25","362","468","C1837485"
"5651","2","5","7","68","51","119","395","549","674","C1837485"
"1947","2","5","7","53","51","20","25","560","373","C1837485"
"4091","2","3","12","53","219","342","259","423","389","C1837485"
"9241","2","5","7","53","51","342","259","423","389","C1837485"
"8481","2","3","12","76","153","40","38","54","75","C1837485"
"6197","2","3","12","19","14","20","34","540","68","C1837485"
"55534","2","3","12","19","31","143","428","236","667","C1837496"
"1832","2","5","7","34","52","225","142","220","298","C1837496"
"3265","2","5","7","60","54","24","30","46","72","C1837496"
"3339","2","5","7","53","51","342","454","573","492","C1837496"
"2055","2","3","2","27","36","150","402","223","628","C1837496"
"3655","2","5","7","53","51","342","454","573","492","C1837496"
"4988","2","5","4","68","96","326","427","548","672","C1837496"
"6591","2","3","12","19","31","1","426","55","78","C1837512"
"1584","2","3","5","79","159","256","276","353","456","C1837512"
"3955","2","5","8","89","124","143","428","236","667","C1837522"
"27316","2","3","2","22","33","323","66","101","136","C1837522"
"5264","2","3","5","43","161","305","409","208","482","C1837522"
"5351","2","5","7","53","51","342","454","573","492","C1837522"
"9927","2","3","12","19","31","118","155","287","116","C1837522"
"1301","2","5","7","53","51","342","454","573","492","C1837522"
"4688","2","5","7","60","14","20","25","40","215","C1837522"
"4287","2","3","12","41","116","268","434","468","215","C1837522"
"11277","2","3","12","19","31","261","116","1","86","C1837522"
"2147","2","5","7","68","51","342","454","573","492","C1837522"
"10516","2","5","7","53","51","342","454","573","492","C1837522"
"25970","2","5","7","53","14","20","25","40","116","C1837522"
"1308","2","5","7","53","51","119","454","573","492","C1837522"
"9533","2","3","2","19","31","1","426","55","78","C1837522"
"8029","2","5","7","53","51","105","139","186","245","C1837522"
"271","2","3","5","33","6","241","233","304","386","C1837522"
"3845","2","5","7","60","54","24","30","46","72","C1837522"
"4137","2","3","7","27","36","150","341","223","628","C1837522"
"4054","2","5","7","53","51","342","454","573","492","C1837532"
"8822","2","5","7","53","14","20","25","40","186","C1837532"
"1301","2","5","7","53","51","342","454","573","492","C1837532"
"1896","2","5","12","41","219","339","156","568","697","C1837532"
"7515","2","3","12","19","31","261","116","1","86","C1837532"
"346171","2","3","12","19","31","1","426","55","78","C1837602"
"5595","2","3","7","53","14","20","34","540","68","C1837602"
"23556","2","3","2","61","77","142","176","235","317","C1837602"
"1736","2","3","2","110","85","237","433","547","671","C1837602"
"2261","2","5","7","53","14","20","25","40","186","C1837602"
"6505","2","3","2","45","94","199","240","415","666","C1837603"
"5352","2","5","7","53","51","342","454","573","492","C1837603"
"1536","2","5","7","34","52","216","395","549","674","C1837603"
"3763","2","5","8","63","36","166","106","110","158","C1837603"
"7157","2","3","12","19","31","261","402","489","551","C1837639"
"54808","2","3","12","76","153","40","38","54","75","C1837639"
"25942","2","3","12","19","31","1","426","55","78","C1837658"
"4720","2","3","2","48","170","50","119","444","556","C1837658"
"5660","2","5","7","34","52","326","427","548","702","C1837658"
"100","2","3","5","33","21","47","56","80","199","C1837658"
"54499","2","3","2","48","170","50","119","444","593","C1837658"
"5428","2","3","2","48","170","50","119","167","593","C1837658"
"51360","2","3","3","26","35","276","91","433","203","C1837658"
"26227","2","3","2","41","137","44","208","81","108","C1837658"
"54756","2","5","7","41","219","238","118","543","214","C1837658"
"81029","2","5","3","68","221","197","259","560","422","C1837658"
"2067","2","3","12","19","31","261","116","1","86","C1837658"
"4842","2","3","5","63","45","71","177","464","219","C1837658"
"23522","2","3","12","19","31","1","426","55","78","C1837658"
"2719","2","5","7","53","51","342","454","573","492","C1837658"
"5604","2","5","7","53","14","20","34","540","68","C1837658"
"2006","2","5","7","53","51","342","454","573","492","C1837658"
"1482","2","3","3","19","221","321","428","541","667","C1837658"
"5771","2","5","7","53","14","296","25","40","186","C1837658"
"9652","2","3","2","110","85","237","433","547","671","C1837658"
"6888","2","3","2","90","167","266","367","500","577","C1837658"
"57510","2","3","12","76","33","323","38","54","664","C1837658"
"7291","2","3","12","19","151","276","91","489","416","C1837670"
"26277","2","3","12","19","31","1","426","1","78","C1837670"
"25915","2","3","2","48","170","50","119","444","556","C1837731"
"3918","2","5","7","53","51","342","454","573","492","C1837731"
"324","2","3","12","41","219","197","70","255","422","C1837731"
"3425","2","3","5","80","81","166","454","573","492","C1837731"
"23522","2","3","12","19","31","1","426","55","78","C1837731"
"2273","2","5","8","63","45","23","103","464","187","C1837731"
"10654","2","3","3","72","151","276","91","433","118","C1837731"
"6785","2","3","5","67","7","5","239","311","393","C1837731"
"274","2","5","7","60","14","184","341","544","669","C1837731"
"3930","2","3","2","22","33","323","66","3","464","C1837731"
"135138","2","3","12","76","153","40","38","54","75","C1837731"
"51098","2","3","12","76","153","40","38","54","75","C1837731"
"94","2","5","7","53","51","342","259","423","389","C1837731"
"6347","2","5","7","53","51","119","427","489","416","C1837731"
"478","2","3","8","63","45","23","366","464","187","C1837731"
"6926","2","5","7","53","51","335","259","560","373","C1837731"
"5156","2","5","7","53","14","20","25","40","186","C1837731"
"1728","2","3","2","41","116","268","434","568","605","C1837731"
"4613","2","3","12","19","31","1","426","55","78","C1837731"
"335","2","5","7","53","51","342","454","573","492","C1837731"
"9940","2","3","5","68","221","321","428","447","586","C1837731"
"338","2","5","7","53","51","342","454","573","492","C1837731"
"867","2","5","7","53","14","184","25","40","669","C1837731"
"3543","2","5","7","53","51","119","395","549","674","C1837731"
"9896","2","3","5","80","81","296","399","201","274","C1837732"
"6576","2","3","2","45","94","199","240","569","666","C1837732"
"5116","2","3","12","76","153","40","38","54","75","C1837732"
"2263","2","5","7","53","14","20","25","40","186","C1837732"
"4985","2","5","4","68","96","326","427","548","672","C1837732"
"5741","2","5","4","68","96","326","427","548","672","C1837732"
"50485","2","3","12","19","31","261","116","1","86","C1837732"
"6927","2","3","3","19","221","321","428","541","667","C1837732"
"374569","2","3","5","80","81","189","182","509","409","C1837732"
"22930","2","5","7","60","54","24","30","46","72","C1837732"
"2006","2","5","7","53","51","342","454","573","492","C1837732"
"60","2","3","12","60","45","184","155","287","78","C1837732"
"23765","2","3","12","41","219","238","252","489","416","C1837732"
"2157","2","5","7","53","51","342","454","573","702","C1837732"
"10908","2","3","2","97","173","275","377","473","592","C1837732"
"26154","2","3","5","47","144","185","238","310","392","C1837757"
"51082","2","3","2","19","31","1","426","55","78","C1837757"
"7840","2","3","12","76","153","40","38","54","75","C1837757"
"1736","2","3","2","110","85","237","433","547","671","C1837758"
"627","2","5","7","53","51","335","444","423","373","C1837758"
"641","2","3","12","19","31","261","116","1","86","C1837758"
"5195","2","3","5","43","161","305","409","208","482","C1837758"
"4261","2","3","12","53","184","119","156","287","116","C1837761"
"55650","2","3","2","61","77","142","176","235","557","C1837761"
"3106","2","5","7","34","52","119","395","549","674","C1837761"
"6716","2","3","2","69","98","169","299","50","494","C1837761"
"8239","2","3","12","41","219","339","156","568","605","C1837761"
"641","2","3","12","19","31","261","116","1","86","C1837761"
"2157","2","5","7","53","51","342","454","573","702","C1837764"
"10371","2","5","7","53","51","342","79","560","373","C1837764"
"207","2","3","7","53","14","20","34","489","416","C1837764"
"26353","2","3","12","76","45","160","347","271","356","C1837764"
"6392","2","3","2","48","170","50","119","444","556","C1837764"
"11113","2","5","7","53","14","20","34","540","68","C1837764"
"3481","2","5","7","53","51","342","454","573","492","C1837767"
"2690","2","5","7","53","14","20","25","40","186","C1837767"
"11128","2","3","2","22","33","261","116","159","211","C1837767"
"26608","2","3","2","22","170","50","119","463","153","C1837767"
"9126","2","3","12","76","153","40","38","54","75","C1837785"
"54386","2","3","12","19","31","261","116","1","78","C1837785"
"5048","2","3","12","76","153","40","38","54","75","C1837785"
"3630","2","5","7","53","14","20","25","40","186","C1837792"
"3078","2","5","7","53","51","119","395","549","674","C1837792"
"30008","2","5","7","53","51","342","454","573","492","C1837792"
"8216","2","3","12","41","119","330","214","454","144","C1837795"
"2317","2","5","7","63","45","23","103","287","664","C1837795"
"7273","2","5","7","53","51","342","103","464","702","C1837795"
"2517","2","3","7","34","52","216","395","549","674","C1837797"
"2629","2","3","5","80","81","250","291","152","420","C1837797"
"7399","2","5","7","53","51","342","454","573","492","C1837799"
"2176","2","3","12","19","31","261","116","1","86","C1837799"
"3552","2","3","12","53","51","119","156","489","416","C1837802"
"26160","2","3","12","76","153","40","38","54","75","C1837802"
"5468","2","3","3","19","151","276","91","433","118","C1837802"
"10262","2","3","2","22","33","323","66","101","136","C1837802"
"2074","2","3","12","19","31","1","426","55","78","C1837802"
"538","2","3","8","63","45","23","103","464","187","C1837802"
"2177","2","3","2","110","90","261","431","545","443","C1837822"
"19","2","3","3","19","151","276","91","433","118","C1837822"
"3418","2","3","2","67","151","276","33","48","155","C1837826"
"3663","2","3","12","53","184","119","156","287","116","C1837826"
"10269","2","3","2","48","182","50","119","444","556","C1837826"
"2200","2","5","7","53","51","342","454","573","492","C1837836"
"1188","2","5","8","63","45","23","34","464","187","C1837836"
"4548","2","3","2","15","85","105","139","186","245","C1837836"
"9897","2","3","12","76","18","75","38","1","212","C1837899"
"84879","2","3","5","85","143","286","51","488","102","C1837899"
"51082","2","3","2","19","31","1","426","55","78","C1837899"
"4221","2","3","12","19","31","342","454","573","492","C1837899"
"7461","2","3","7","60","153","40","38","93","75","C1837899"
"1938","2","3","7","34","52","216","395","549","671","C1837899"
"1277","2","5","7","53","51","342","454","573","492","C1837899"
"6011","2","5","7","53","14","20","34","540","68","C1837899"
"5551","2","5","7","53","51","119","395","549","674","C1837899"
"2313","2","3","12","19","31","276","91","433","118","C1837899"
"54539","2","3","2","48","170","50","119","444","556","C1838062"
"348","2","5","7","53","51","342","454","573","492","C1838062"
"3119","2","5","7","53","153","119","156","287","116","C1838062"
"6948","2","5","7","48","51","105","139","186","245","C1838063"
"291","2","3","2","48","170","50","304","167","593","C1838063"
"1289","2","5","7","53","51","342","454","573","492","C1838103"
"4982","2","5","12","41","219","339","156","568","697","C1838103"
"4137","2","3","7","27","36","150","341","223","628","C1838114"
"6347","2","5","7","53","51","119","427","489","416","C1838114"
"11280","2","5","8","63","36","166","341","390","158","C1838167"
"207","2","3","7","53","14","20","34","489","416","C1838167"
"7054","2","3","5","80","81","166","34","258","345","C1838186"
"39","2","3","2","67","92","293","55","75","311","C1838186"
"8050","2","3","2","67","92","293","55","75","311","C1838186"
"2395","2","3","2","48","170","50","304","167","593","C1838186"
"1311","2","5","7","53","51","342","454","573","492","C1838230"
"4041","2","5","3","68","221","197","259","560","422","C1838230"
"4593","2","5","7","53","14","20","454","573","492","C1838319"
"5447","2","3","5","91","214","271","372","471","586","C1838319"
"2146","2","3","12","19","31","1","426","55","78","C1838319"
"6197","2","3","12","19","14","20","34","540","68","C1838319"
"5071","2","3","12","41","116","268","434","468","213","C1838319"
"9993","2","5","7","53","51","342","454","573","492","C1838319"
"10262","2","3","2","22","33","323","66","101","136","C1838319"
"1281","2","5","7","53","51","342","454","573","492","C1838320"
"374291","2","3","2","48","170","50","119","444","556","C1838320"
"2260","2","5","7","53","14","20","25","40","186","C1838320"
"6492","2","3","3","19","151","276","91","433","118","C1838320"
"5625","2","3","2","101","103","177","225","271","356","C1838320"
"2521","2","3","2","22","33","323","66","101","136","C1838320"
"8517","2","3","12","41","219","339","156","568","697","C1838320"
"8518","2","3","12","19","31","1","426","55","78","C1838327"
"2074","2","3","12","19","31","1","426","55","78","C1838327"
"54345","2","5","3","19","221","321","428","541","667","C1838391"
"7428","2","3","12","41","116","268","434","468","213","C1838391"
"22856","2","3","2","78","189","303","251","320","403","C1838391"
"79971","2","5","3","68","221","197","259","560","422","C1838391"
"493753","2","1","6","11","142","225","188","145","193","C1838391"
"4508","2","3","2","48","170","50","119","444","556","C1838539"
"6899","2","5","7","53","184","335","259","560","373","C1838539"
"6885","2","3","12","41","219","339","156","568","697","C1838539"
"8243","2","3","12","76","31","40","38","54","75","C1838568"
"22995","2","3","12","76","153","40","38","54","75","C1838568"
"207","2","3","7","53","14","20","34","489","416","C1838578"
"7476","2","5","3","68","221","197","259","560","422","C1838578"
"51626","2","3","12","76","153","40","38","54","75","C1838578"
"51360","2","3","3","26","35","276","91","433","203","C1838578"
"90","2","5","7","53","51","342","259","423","389","C1838578"
"11128","2","3","2","22","33","261","116","159","211","C1838578"
"3759","2","5","8","63","36","166","106","110","158","C1838579"
"7290","2","3","12","19","31","1","426","55","78","C1838579"
"1387","2","3","12","19","31","276","91","433","118","C1838604"
"9241","2","5","7","53","51","342","259","423","389","C1838604"
"2218","2","5","2","53","123","194","255","560","373","C1838604"
"1280","2","5","7","53","51","342","454","573","492","C1838604"
"3717","2","5","7","53","14","20","25","40","186","C1838604"
"546","2","3","12","19","31","261","426","1","86","C1838604"
"3977","2","5","7","53","51","119","25","40","416","C1838608"
"7248","2","3","2","48","57","110","141","359","462","C1838608"
"51025","2","3","2","48","170","50","304","167","593","C1838608"
"23384","2","3","12","63","45","184","103","572","658","C1838608"
"2741","2","5","8","27","70","99","162","216","290","C1838608"
"4893","2","5","7","34","52","24","30","46","72","C1838608"
"3458","2","5","7","53","184","119","156","287","116","C1838608"
"55315","2","3","5","80","81","296","62","94","150","C1838608"
"6913","2","3","3","19","221","321","428","541","667","C1838608"
"6715","2","3","2","69","98","85","189","247","333","C1838608"
"5376","2","5","7","53","51","342","454","573","492","C1838608"
"2623","2","3","12","19","31","1","155","287","116","C1838608"
"3293","2","3","2","69","83","169","94","133","70","C1838608"
"25836","2","3","12","76","153","40","38","54","75","C1838608"
"5728","2","3","5","80","81","339","156","568","605","C1838608"
"1761","2","3","3","19","221","321","428","541","667","C1838625"
"3887","2","1","6","11","142","225","142","220","298","C1838625"
"3664","2","5","7","53","184","119","156","287","116","C1838625"
"54714","2","5","8","63","36","166","106","110","158","C1838625"
"54714","2","5","8","63","36","166","106","110","158","C1838659"
"10371","2","5","7","53","51","342","79","560","373","C1838659"
"29851","2","5","7","53","14","20","25","40","186","C1838662"
"567","2","5","7","34","52","119","395","549","674","C1838662"
"3783","2","5","8","63","36","166","106","110","158","C1838662"
"8481","2","3","12","76","153","40","38","54","75","C1838662"
"4038","2","5","7","53","51","342","454","573","492","C1838662"
"1639","2","3","12","76","153","40","38","54","75","C1838662"
"4352","2","5","7","53","14","20","25","40","186","C1838662"
"9241","2","5","7","53","51","342","259","423","389","C1838662"
"10804","2","3","12","76","153","40","38","54","75","C1838662"
"6949","2","3","2","110","85","237","164","390","311","C1838662"
"6662","2","3","3","19","221","321","428","541","667","C1838662"
"8085","2","3","12","19","31","1","426","55","78","C1838662"
"3239","2","3","3","19","221","321","428","541","667","C1838662"
"367","2","3","12","19","31","276","91","433","118","C1838662"
"3440","2","3","12","19","184","118","155","287","116","C1838662"
"2720","2","3","7","34","52","216","395","21","599","C1838662"
"1639","2","3","12","76","153","40","38","54","75","C1838662"
"70","2","5","8","63","45","23","103","464","187","C1838662"
"9791","2","3","8","45","94","199","240","415","666","C1838662"
"25886","2","3","12","76","153","76","136","472","435","C1838662"
"26504","2","3","5","42","81","296","399","201","274","C1838662"
"8867","2","3","5","60","14","184","341","544","669","C1838662"
"2261","2","5","7","53","14","20","25","40","186","C1838662"
"2688","2","5","7","53","51","119","25","40","186","C1838663"
"6557","2","5","8","45","94","199","240","415","666","C1838663"
"658","2","5","7","53","51","342","259","423","389","C1838663"
"7516","2","3","12","19","31","261","116","1","86","C1838663"
"1813","2","5","4","68","96","326","427","548","672","C1838663"
"4695","2","3","2","48","170","50","119","444","556","C1838664"
"348","2","5","7","53","51","342","454","573","492","C1838664"
"1027","2","3","12","19","31","1","116","1","86","C1838664"
"83990","2","3","12","19","31","261","116","1","86","C1838681"
"8517","2","3","12","41","219","339","156","568","697","C1838681"
"54187","2","3","5","80","81","296","272","452","148","C1838681"
"2022","2","5","7","53","51","342","259","423","389","C1838681"
"6683","2","3","12","76","153","40","38","54","75","C1838681"
"6663","2","3","3","19","221","321","428","541","667","C1838681"
"4352","2","5","7","53","14","20","25","40","186","C1838681"
"5307","2","3","3","19","221","321","428","541","667","C1838681"
"79133","2","3","2","48","170","50","119","444","556","C1838681"
"10483","2","3","7","60","54","24","30","46","72","C1838681"
"2554","2","5","8","27","70","99","162","216","290","C1838681"
"26119","2","5","7","60","14","184","341","544","669","C1838681"
"7036","2","3","5","29","88","132","85","222","346","C1838681"
"3718","2","5","7","53","14","20","25","40","186","C1838681"
"6622","2","3","7","27","36","150","341","223","628","C1838681"
"5908","2","5","7","34","52","216","30","46","72","C1838681"
"7133","2","5","7","34","52","216","395","549","697","C1838681"
"3787","2","5","8","63","36","166","106","110","158","C1838681"
"6567","2","5","8","35","41","77","40","57","80","C1838681"
"570","2","3","5","43","161","305","409","255","56","C1838681"
"546","2","3","12","19","31","261","426","1","86","C1838681"
"2317","2","5","7","63","45","23","103","287","664","C1838681"
"2261","2","5","7","53","14","20","25","40","186","C1838681"
"2006","2","5","7","53","51","342","454","573","492","C1838681"
"7422","2","5","7","53","51","342","454","573","702","C1838681"
"183","2","5","4","68","96","326","427","548","672","C1838681"
"10908","2","3","2","97","173","275","377","473","592","C1838681"
"10020","2","3","2","89","124","204","42","452","258","C1838705"
"2652","2","5","4","68","96","326","427","548","672","C1838705"
"9394","2","3","2","74","58","112","148","193","263","C1838705"
"10585","2","5","2","27","206","324","430","215","290","C1838705"
"23495","2","3","12","41","219","339","156","568","697","C1838705"
"9244","2","5","7","53","51","119","25","40","416","C1838705"
"3329","2","3","2","48","170","50","304","167","593","C1838705"
"3239","2","3","3","19","221","321","428","541","667","C1838854"
"9401","2","3","12","76","31","261","116","1","86","C1838854"
"26123","2","3","2","76","153","40","38","54","75","C1838854"
"2263","2","5","7","53","14","20","25","40","186","C1838979"
"6885","2","3","12","41","219","339","156","568","697","C1838979"
"8492","2","5","7","68","51","119","395","549","674","C1838979"
"6524","2","5","8","45","94","199","240","415","666","C1838979"
"931","2","5","7","53","14","119","156","287","116","C1838979"
"8878","2","3","12","41","219","339","156","568","697","C1838979"
"3643","2","5","7","53","14","20","25","40","186","C1838979"
"3481","2","5","7","53","51","342","454","573","492","C1838979"
"585","2","3","12","76","153","40","38","54","75","C1838979"
"10564","2","5","7","60","54","24","30","46","72","C1838979"
"9820","2","3","12","41","116","268","434","468","213","C1838979"
"4693","2","5","7","53","51","342","454","573","492","C1838979"
"2253","2","5","7","53","14","20","25","40","186","C1838979"
"7941","2","3","5","7","218","338","450","567","696","C1838979"
"1499","2","3","12","19","221","197","259","560","422","C1838979"
"23545","2","3","5","29","88","132","85","222","346","C1838979"
"153201","2","3","2","45","94","199","15","25","676","C1838979"
"4512","2","3","2","48","170","110","141","359","8","C1838979"
"3479","2","5","7","53","51","342","454","573","492","C1838979"
"54982","2","3","2","48","170","50","399","167","593","C1838979"
"11041","2","3","2","27","36","150","341","223","628","C1838990"
"2673","2","3","2","110","94","178","226","297","380","C1838990"
"3766","2","5","8","63","36","166","106","110","158","C1838993"
"4306","2","3","3","19","151","276","91","433","118","C1838993"
"778","2","5","8","63","36","166","341","223","158","C1838993"
"2555","2","5","8","27","70","99","162","216","290","C1838993"
"3954","2","3","2","48","170","67","119","444","593","C1838993"
"2022","2","5","7","53","51","342","259","423","389","C1838993"
"5728","2","3","5","80","81","339","156","568","605","C1838993"
"999","2","5","7","53","51","342","444","560","373","C1838993"
"6495","2","3","3","19","221","321","428","541","667","C1838993"
"1401","2","5","7","53","51","119","395","573","492","C1838993"
"4282","2","5","7","34","52","216","395","549","674","C1839025"
"6928","2","3","3","19","221","321","428","541","667","C1839025"
"7545","2","5","3","34","52","216","142","220","298","C1839025"
"5728","2","3","5","80","81","339","156","568","605","C1839025"
"7020","2","3","12","19","31","276","91","433","664","C1839025"
"23512","2","3","12","19","31","1","426","55","78","C1839025"
"4803","2","5","7","60","54","24","30","46","72","C1839025"
"79751","2","3","2","10","180","290","26","73","74","C1839025"
"2175","2","3","12","19","31","261","116","1","86","C1839025"
"658","2","5","7","53","51","342","259","423","389","C1839025"
"2006","2","5","7","53","51","342","454","573","492","C1839025"
"846","2","5","4","68","96","326","427","548","672","C1839025"
"2263","2","5","7","53","14","20","25","40","186","C1839025"
"4591","2","3","12","41","116","268","434","468","213","C1839040"
"6873","2","3","12","19","31","261","116","159","211","C1839040"
"51128","2","5","7","60","153","24","38","46","72","C1839042"
"79001","2","5","2","48","52","342","240","569","666","C1839042"
"7084","2","3","2","72","109","115","62","268","353","C1839071"
"546","2","3","12","19","31","261","426","1","86","C1839071"
"5597","2","3","12","41","14","76","34","540","68","C1839167"
"5818","2","5","7","53","51","335","444","560","373","C1839167"
"1594","2","3","5","92","163","96","363","460","487","C1839248"
"6557","2","5","8","45","94","199","240","415","666","C1839248"
"51684","2","3","12","41","116","268","38","54","75","C1839248"
"8626","2","3","3","19","221","321","428","541","667","C1839248"
"3123","2","5","7","53","51","119","156","287","116","C1839248"
"1312","2","3","2","87","79","105","426","129","25","C1839248"
"1954","2","5","7","53","51","342","454","573","492","C1839248"
"11141","2","5","7","53","36","335","444","223","373","C1839248"
"2332","2","3","2","22","33","71","373","466","609","C1839254"
"6794","2","3","12","53","14","20","34","540","68","C1839254"
"196","2","3","3","19","151","276","91","433","118","C1839254"
"4351","2","3","2","90","167","266","367","500","577","C1839254"
"5728","2","3","5","80","81","339","156","568","605","C1839254"
"1302","2","5","7","53","51","342","454","573","492","C1839254"
"811","2","3","2","41","116","342","423","536","342","C1839254"
"1947","2","5","7","53","51","20","25","560","373","C1839254"
"6535","2","5","8","45","94","199","240","415","666","C1839254"
"5130","2","3","2","85","143","286","51","488","102","C1839254"
"6342","2","3","5","80","161","305","409","208","482","C1839269"
"3726","2","3","12","19","31","276","91","489","416","C1839269"
"5192","2","3","5","43","161","305","409","208","482","C1839271"
"10804","2","3","12","76","153","40","38","54","75","C1839271"
"5885","2","3","12","76","153","40","38","54","75","C1839271"
"7124","2","3","12","41","219","339","156","568","697","C1839271"
"94","2","5","7","53","51","342","259","423","389","C1839271"
"7474","2","5","3","68","221","184","259","544","669","C1839276"
"2395","2","3","2","48","170","50","304","167","593","C1839276"
"64324","2","3","12","19","31","1","426","55","78","C1839276"
"3762","2","5","8","63","36","166","106","110","158","C1839277"
"673","2","5","7","53","14","20","34","540","68","C1839277"
"27019","2","3","12","76","153","40","38","54","75","C1839279"
"54463","2","3","2","48","57","110","141","359","462","C1839279"
"10228","2","5","7","60","54","24","98","66","203","C1839285"
"6899","2","5","7","53","184","335","259","560","373","C1839285"
"8200","2","5","7","53","51","342","259","423","389","C1839304"
"4952","2","3","5","60","54","184","30","544","669","C1839304"
"5189","2","3","5","43","161","305","409","208","482","C1839304"
"23512","2","3","12","19","31","1","426","55","78","C1839304"
"22796","2","5","7","60","153","40","38","66","203","C1839305"
"421","2","5","7","42","51","335","444","560","373","C1839305"
"5654","2","5","7","53","51","342","454","573","492","C1839323"
"54768","2","3","12","41","92","197","57","198","517","C1839323"
"23094","2","5","7","42","36","71","177","223","219","C1839323"
"5073","2","3","2","110","85","323","433","146","194","C1839323"
"9569","2","3","12","19","31","276","91","433","118","C1839323"
"283989","2","3","12","22","33","323","66","101","664","C1839323"
"2200","2","5","7","53","51","342","454","573","492","C1839323"
"3845","2","5","7","60","54","24","30","46","72","C1839323"
"3651","2","3","3","19","221","321","428","541","667","C1839323"
"1491","2","3","2","14","156","168","117","7","111","C1839326"
"5832","2","3","2","101","62","189","182","509","252","C1839326"
"2153","2","5","7","53","51","342","454","573","492","C1839326"
"7068","2","3","3","19","151","276","91","433","118","C1839326"
"2668","2","5","7","53","14","20","25","40","186","C1839326"
"6926","2","5","7","53","51","335","259","560","373","C1839326"
"9321","2","3","12","76","153","40","38","54","203","C1839326"
"6567","2","5","8","35","41","77","40","57","80","C1839326"
"229","2","3","2","90","167","266","367","500","577","C1839326"
"7507","2","3","12","19","31","261","116","1","86","C1839326"
"9241","2","5","7","53","51","342","259","423","389","C1839326"
"959","2","5","7","53","51","119","395","549","674","C1839326"
"335","2","5","7","53","51","342","454","573","492","C1839326"
"2200","2","5","7","53","51","342","454","573","492","C1839326"
"7390","2","3","5","80","81","166","132","175","473","C1839326"
"2736","2","3","12","41","116","321","428","54","667","C1839326"
"368","2","3","12","41","116","268","423","536","445","C1839326"
"3119","2","5","7","53","153","119","156","287","116","C1839326"
"355","2","3","7","41","219","339","156","568","697","C1839326"
"23322","2","3","12","76","153","40","38","54","75","C1839326"
"23451","2","3","2","22","33","323","66","101","136","C1839326"
"9031","2","3","12","19","31","1","426","55","78","C1839326"
"6473","2","3","3","19","221","321","428","541","667","C1839326"
"5728","2","3","5","80","81","339","156","568","605","C1839326"
"10804","2","3","12","76","153","40","38","54","75","C1839326"
"9451","2","3","2","110","51","335","226","297","380","C1839326"
"30813","2","3","3","19","221","321","428","541","667","C1839326"
"9244","2","5","7","53","51","119","25","40","416","C1839326"
"1497","2","5","2","63","182","50","103","297","628","C1839326"
"2317","2","5","7","63","45","23","103","287","664","C1839326"
"4750","2","5","12","76","14","20","34","540","68","C1839326"
"7403","2","3","12","19","31","1","426","55","78","C1839424"
"5745","2","5","4","68","96","326","427","548","672","C1839424"
"54757","2","5","7","53","51","342","454","573","492","C1839424"
"1536","2","5","7","34","52","216","395","549","674","C1839424"
"5144","2","3","4","68","96","326","427","548","672","C1839424"
"8260","2","3","12","41","85","266","76","287","78","C1839424"
"5828","2","3","5","43","161","305","409","208","482","C1839424"
"4692","2","5","7","53","51","119","402","489","416","C1839424"
"778","2","5","8","63","36","166","341","223","158","C1839424"
"2239","2","3","2","74","51","342","454","573","492","C1839437"
"112755","2","5","7","60","36","71","341","223","203","C1839437"
"811","2","3","2","41","116","342","423","536","342","C1839507"
"668","2","3","12","19","221","321","428","541","664","C1839507"
"1146","2","5","8","27","70","99","162","216","290","C1839512"
"6440","2","5","5","68","96","185","238","310","272","C1839512"
"5663","2","5","7","34","52","216","395","549","667","C1839531"
"4854","2","5","7","53","51","143","428","236","667","C1839531"
"3930","2","3","2","22","33","323","66","3","464","C1839531"
"85358","2","5","7","60","14","71","341","223","219","C1839531"
"25836","2","3","12","76","153","40","38","54","75","C1839531"
"5906","2","5","7","34","52","216","30","46","72","C1839532"
"1643","2","3","12","41","116","268","434","468","213","C1839532"
"2260","2","5","7","53","14","20","25","40","186","C1839533"
"5230","2","3","12","72","167","266","367","500","577","C1839533"
"6495","2","3","3","19","221","321","428","541","667","C1839533"
"7367","2","3","2","78","205","207","67","355","138","C1839541"
"1896","2","5","12","41","219","339","156","568","697","C1839541"
"5741","2","5","4","68","96","326","427","548","672","C1839541"
"2146","2","3","12","19","31","1","426","55","78","C1839541"
"2316","2","5","7","53","51","342","454","573","702","C1839546"
"79659","2","3","12","76","153","40","38","54","75","C1839546"
"80169","2","3","12","19","31","261","116","1","86","C1839546"
"5106","2","3","2","67","92","293","55","500","577","C1839546"
"5290","2","3","7","53","14","20","25","40","186","C1839546"
"5657","2","5","7","34","52","216","395","549","674","C1839546"
"4593","2","5","7","53","14","20","454","573","492","C1839546"
"2737","2","3","12","19","116","321","428","54","667","C1839546"
"4990","2","3","3","19","221","321","428","541","667","C1839546"
"4791","2","3","12","41","219","339","156","568","697","C1839546"
"70","2","5","8","63","45","23","103","464","187","C1839546"
"7290","2","3","12","19","31","1","426","55","78","C1839546"
"3981","2","3","12","19","31","261","116","1","86","C1839546"
"136647","2","3","2","22","33","323","66","463","153","C1839603"
"29887","2","3","7","60","18","110","141","198","270","C1839603"
"1282","2","5","7","53","51","342","454","573","492","C1839603"
"2263","2","5","7","53","14","20","25","40","186","C1839603"
"3757","2","5","8","63","36","166","106","110","158","C1839603"
"3549","2","5","3","53","51","197","259","560","422","C1839603"
"3426","2","5","7","53","51","119","395","549","674","C1839603"
"1736","2","3","2","110","85","237","433","547","671","C1839603"
"5727","2","3","12","68","221","197","259","560","422","C1839603"
"1356","2","3","7","53","51","342","454","573","492","C1839606"
"843","2","3","12","41","219","339","156","568","697","C1839606"
"2920","2","5","4","68","96","326","427","548","672","C1839606"
"3855","2","1","6","11","142","225","142","220","298","C1839630"
"4524","2","3","2","15","166","104","369","117","583","C1839630"
"7555","2","3","2","110","85","237","433","547","671","C1839630"
"3655","2","5","7","53","51","342","454","573","492","C1839630"
"1650","2","5","7","34","52","216","395","549","674","C1839630"
"2294","2","3","3","19","221","321","428","541","667","C1839630"
"2592","2","3","2","68","117","196","257","326","419","C1839630"
"950","2","5","7","60","14","184","341","544","669","C1839630"
"5657","2","5","7","34","52","216","395","549","674","C1839630"
"6469","2","5","3","53","221","197","259","560","422","C1839630"
"1786","2","3","12","19","31","1","426","55","78","C1839630"
"4000","2","3","12","26","105","178","226","297","156","C1839630"
"4359","2","5","7","53","51","342","454","573","492","C1839630"
"2878","2","3","5","80","81","110","378","173","229","C1839630"
"5468","2","3","3","19","151","276","91","433","118","C1839630"
"9702","2","3","12","76","153","40","38","54","75","C1839630"
"11010","2","5","7","34","52","216","395","549","674","C1839630"
"7033","2","3","12","19","31","1","426","55","78","C1839630"
"26040","2","3","12","19","31","1","116","297","78","C1839630"
"5932","2","3","12","19","31","261","116","1","86","C1839630"
"54344","2","3","2","61","77","142","176","280","363","C1839630"
"7040","2","5","7","53","51","342","454","573","492","C1839630"
"94","2","5","7","53","51","342","259","423","389","C1839630"
"1029","2","3","12","19","31","1","116","1","664","C1839630"
"7415","2","3","7","34","52","216","395","536","445","C1839630"
"3123","2","5","7","53","51","119","156","287","116","C1839630"
"2588","2","3","7","34","52","216","395","549","674","C1839630"
"1289","2","5","7","53","51","342","454","573","492","C1839630"
"8643","2","5","3","68","221","197","259","560","422","C1839630"
"7555","2","3","2","110","85","237","433","547","671","C1839630"
"2239","2","3","2","74","51","342","454","573","492","C1839630"
"43","2","3","5","85","143","286","51","488","389","C1839630"
"201163","2","3","2","34","57","110","141","271","356","C1839630"
"23169","2","3","2","78","205","112","430","429","544","C1839653"
"7468","2","3","12","19","31","1","426","55","78","C1839653"
"54","2","3","5","80","81","178","195","256","342","C1839666"
"3918","2","5","7","53","51","342","454","573","492","C1839666"
"9210","2","5","7","53","51","342","454","573","492","C1839666"
"859","2","5","8","63","45","23","103","464","187","C1839666"
"3039","2","3","5","35","41","118","155","287","116","C1839666"
"7040","2","5","7","53","51","342","454","573","492","C1839731"
"1736","2","3","2","110","85","237","433","547","671","C1839731"
"5015","2","3","3","19","221","321","428","541","667","C1839731"
"6335","2","5","8","63","36","166","341","390","158","C1839731"
"51360","2","3","3","26","35","276","91","433","203","C1839731"
"2702","2","3","12","76","153","40","38","54","75","C1839731"
"2130","2","3","2","22","33","323","66","491","609","C1839731"
"4000","2","3","12","26","105","178","226","297","156","C1839736"
"4015","2","5","7","53","51","342","454","573","492","C1839736"
"4851","2","3","12","19","221","143","428","236","667","C1839749"
"5373","2","3","2","90","167","123","158","207","278","C1839749"
"6240","2","3","5","80","109","182","235","307","506","C1839767"
"6329","2","5","8","63","36","166","341","390","158","C1839767"
"4038","2","5","7","53","51","342","454","573","492","C1839767"
"1670","2","5","9","70","100","238","332","420","536","C1839767"
"54","2","3","5","80","81","178","195","256","342","C1839767"
"6899","2","5","7","53","184","335","259","560","373","C1839767"
"2108","2","3","2","48","170","50","119","444","556","C1839767"
"5428","2","3","2","48","170","50","119","167","593","C1839767"
"6440","2","5","5","68","96","185","238","310","272","C1839767"
"2517","2","3","7","34","52","216","395","549","674","C1839767"
"23064","2","3","6","11","31","261","142","220","664","C1839767"
"1908","2","5","4","68","96","326","427","548","672","C1839767"
"2542","2","3","5","80","81","296","399","500","577","C1839767"
"2177","2","3","2","110","90","261","431","545","443","C1839767"
"554","2","5","4","68","96","326","427","548","672","C1839767"
"4318","2","5","7","34","52","216","395","573","492","C1839767"
"8076","2","5","7","53","51","342","454","573","492","C1839767"
"6622","2","3","7","27","36","150","341","223","628","C1839767"
"78989","2","5","7","53","51","119","395","573","674","C1839767"
"54822","2","5","8","63","45","193","306","390","158","C1839782"
"56729","2","5","7","34","52","216","395","549","674","C1839782"
"2317","2","5","7","63","45","23","103","287","664","C1839783"
"2263","2","5","7","53","14","20","25","40","186","C1839783"
"4853","2","3","12","19","124","143","428","236","667","C1839783"
"5450","2","3","12","19","221","261","116","159","211","C1839797"
"3845","2","5","7","60","54","24","30","46","72","C1839797"
"4308","2","5","8","63","45","193","306","390","158","C1839797"
"22891","2","3","12","76","153","40","341","54","75","C1839797"
"4893","2","5","7","34","52","24","30","46","72","C1839797"
"941","2","5","7","53","51","119","25","40","186","C1839797"
"25836","2","3","12","76","153","40","38","54","75","C1839797"
"1280","2","5","7","53","51","342","454","573","492","C1839797"
"255738","2","5","7","53","51","342","454","573","492","C1839797"
"8086","2","3","12","22","33","323","66","101","664","C1839797"
"4990","2","3","3","19","221","321","428","541","667","C1839797"
"4313","2","5","7","53","51","342","454","573","492","C1839797"
"5966","2","3","12","41","219","339","156","568","621","C1839797"
"4638","2","5","7","53","45","23","103","464","187","C1839797"
"5743","2","3","5","53","175","119","167","489","416","C1839797"
"4148","2","5","7","53","51","342","454","573","492","C1839797"
"54499","2","3","2","48","170","50","119","444","593","C1839797"
"51151","2","3","5","23","18","138","250","332","407","C1839797"
"5327","2","5","7","53","51","342","454","573","492","C1839797"
"7048","2","5","7","53","51","342","259","423","389","C1839797"
"1649","2","3","12","19","31","276","91","433","118","C1839797"
"4155","2","5","7","27","36","150","341","223","628","C1839798"
"1756","2","5","8","63","45","23","103","464","187","C1839798"
"3035","2","3","2","110","85","237","433","547","154","C1839798"
"7015","2","3","12","19","31","1","426","55","78","C1839798"
"3852","2","1","6","11","142","225","142","220","298","C1839798"
"3399","2","3","12","19","31","276","91","433","118","C1839798"
"10087","2","3","7","50","47","39","100","321","255","C1839798"
"6324","2","5","7","63","36","166","341","223","158","C1839798"
"1415","2","3","6","63","45","160","362","177","673","C1839798"
"9742","2","3","12","76","153","40","38","54","75","C1839798"
"1427","2","3","6","63","45","160","362","177","673","C1839798"
"25836","2","3","12","76","153","40","38","54","75","C1839798"
"6888","2","3","2","90","167","266","367","500","577","C1839798"
"9935","2","3","12","19","31","1","426","55","78","C1839798"
"55703","2","3","2","22","33","261","116","159","211","C1839798"
"54977","2","3","2","110","85","118","155","287","116","C1839816"
"6469","2","5","3","53","221","197","259","560","422","C1839816"
"3643","2","5","7","53","14","20","25","40","186","C1839816"
"55636","2","3","3","19","221","321","428","423","389","C1839839"
"10269","2","3","2","48","182","50","119","444","556","C1839839"
"846","2","5","4","68","96","326","427","548","672","C1839839"
"4214","2","3","12","41","219","339","34","540","117","C1839839"
"1559","2","3","5","91","214","226","11","348","172","C1839839"
"6392","2","3","2","48","170","50","119","444","556","C1839839"
"5205","2","3","8","63","45","23","103","464","619","C1839839"
"23317","2","5","7","34","52","216","395","549","674","C1839839"
"1297","2","5","7","53","51","342","454","573","492","C1839839"
"613","2","5","7","60","54","24","30","46","72","C1839839"
"2121","2","3","12","41","116","268","434","568","605","C1839839"
"190","2","3","3","19","151","276","91","433","118","C1839839"
"5784","2","5","7","42","81","296","399","201","274","C1839839"
"5830","2","3","5","43","161","305","409","208","482","C1839839"
"6492","2","3","3","19","151","276","91","433","118","C1839839"
"999","2","5","7","53","51","342","444","560","373","C1839839"
"2146","2","3","12","19","31","1","426","55","78","C1839839"
"3852","2","1","6","11","142","225","142","220","298","C1839839"
"410","2","3","7","34","52","216","395","549","674","C1839839"
"2626","2","3","12","19","31","118","155","287","116","C1839839"
"54187","2","3","5","80","81","296","272","452","148","C1839839"
"695","2","5","7","53","14","20","25","40","186","C1839839"
"54567","2","5","7","53","51","143","428","236","667","C1839840"
"2316","2","5","7","53","51","342","454","573","702","C1839840"
"710","2","5","7","53","51","342","454","573","702","C1839858"
"4000","2","3","12","26","105","178","226","297","156","C1839858"
"5429","2","3","12","19","31","261","116","1","86","C1839858"
"3988","2","3","5","98","174","277","379","476","42","C1839858"
"2332","2","3","2","22","33","71","373","466","609","C1839858"
"4915","2","5","7","53","14","20","25","40","186","C1839858"
"650","2","5","7","53","51","342","259","423","389","C1839858"
"27086","2","3","12","19","221","321","428","541","667","C1839860"
"5290","2","3","7","53","14","20","25","40","186","C1839860"
"51684","2","3","12","41","116","268","38","54","75","C1839860"
"1031","2","3","12","19","31","1","426","55","78","C1839865"
"473","2","3","12","19","31","1","426","55","78","C1839865"
"1071","2","5","7","53","51","342","454","573","492","C1839866"
"81704","2","3","12","19","31","118","155","287","116","C1839866"
"6309","2","3","5","19","151","76","48","69","204","C1839866"
"5889","2","3","12","19","31","261","116","1","86","C1839866"
"6892","2","3","12","41","116","119","156","568","116","C1839884"
"1311","2","5","7","53","51","342","454","573","492","C1839884"
"50964","2","5","3","68","221","197","259","423","422","C1839888"
"1594","2","3","5","92","163","96","363","460","487","C1839888"
"2110","2","3","2","48","170","50","119","444","556","C1839888"
"3077","2","5","7","53","51","119","395","549","674","C1839965"
"6390","2","3","2","48","170","50","119","444","556","C1839965"
"5728","2","3","5","80","81","339","156","568","605","C1839969"
"2245","2","5","7","60","54","24","30","46","72","C1839969"
"7461","2","3","7","60","153","40","38","93","75","C1839969"
"6888","2","3","2","90","167","266","367","500","577","C1839972"
"29760","2","5","7","53","14","20","25","40","186","C1839972"
"196","2","3","3","19","151","276","91","433","118","C1839972"
"10913","2","3","12","41","219","339","156","568","697","C1839972"
"582","2","3","12","76","153","76","38","54","75","C1839972"
"26235","2","3","12","41","116","268","434","468","213","C1839972"
"6442","2","5","8","63","45","23","103","464","187","C1839972"
"1152","2","3","2","72","115","66","72","507","152","C1839972"
"9949","2","3","2","22","33","225","142","220","298","C1839972"
"7157","2","3","12","19","31","261","402","489","551","C1839972"
"2314","2","3","12","63","45","184","103","572","658","C1839972"
"4914","2","3","2","22","18","266","202","252","252","C1839972"
"7490","2","3","3","19","221","321","428","541","667","C1839972"
"161742","2","5","7","41","116","24","30","568","214","C1839972"
"4041","2","5","3","68","221","197","259","560","422","C1839972"
"9241","2","5","7","53","51","342","259","423","389","C1839972"
"4593","2","5","7","53","14","20","454","573","492","C1840068"
"3756","2","5","8","63","36","166","106","110","158","C1840068"
"5158","2","3","4","68","45","272","259","518","621","C1840069"
"8216","2","3","12","41","119","330","214","454","144","C1840069"
"860","2","3","12","19","31","276","91","433","118","C1840069"
"2033","2","3","12","19","31","1","91","433","118","C1840069"
"1029","2","3","12","19","31","1","116","1","664","C1840069"
"1736","2","3","2","110","85","237","433","547","671","C1840069"
"6340","2","5","8","63","45","23","34","464","187","C1840069"
"91137","2","3","2","48","94","199","240","415","666","C1840069"
"5595","2","3","7","53","14","20","34","540","68","C1840069"
"1813","2","5","4","68","96","326","427","548","672","C1840069"
"6390","2","3","2","48","170","50","119","444","556","C1840069"
"5745","2","5","4","68","96","326","427","548","672","C1840069"
"859","2","5","8","63","45","23","103","464","187","C1840069"
"5830","2","3","5","43","161","305","409","208","482","C1840069"
"3880","2","1","6","11","142","225","142","220","298","C1840069"
"26277","2","3","12","19","31","1","426","1","78","C1840069"
"3694","2","5","7","53","51","342","454","573","492","C1840069"
"55135","2","3","12","76","137","76","136","472","435","C1840069"
"2263","2","5","7","53","14","20","25","40","186","C1840069"
"5147","2","3","5","60","54","24","30","46","72","C1840069"
"132","2","3","2","110","85","237","433","80","394","C1840069"
"4728","2","3","2","48","170","50","119","444","556","C1840069"
"3930","2","3","2","22","33","323","66","3","464","C1840069"
"5191","2","3","5","43","161","305","409","208","482","C1840069"
"351","2","5","4","68","96","326","188","145","193","C1840087"
"5296","2","5","7","53","14","20","25","40","186","C1840087"
"5605","2","5","7","53","14","20","34","540","68","C1840087"
"3909","2","5","7","53","51","342","454","573","492","C1840087"
"2316","2","5","7","53","51","342","454","573","702","C1840087"
"54187","2","3","5","80","81","296","272","452","148","C1840087"
"4893","2","5","7","34","52","24","30","46","72","C1840087"
"4137","2","3","7","27","36","150","341","223","628","C1840087"
"3832","2","3","12","76","153","40","38","54","75","C1840087"
"4000","2","3","12","26","105","178","226","297","156","C1840087"
"1312","2","3","2","87","79","105","426","129","25","C1840087"
"1861","2","5","7","60","14","184","341","544","669","C1840087"
"4920","2","5","7","53","14","20","259","560","373","C1840087"
"55650","2","3","2","61","77","142","176","235","557","C1840087"
"7486","2","3","12","19","31","261","116","1","86","C1840087"
"3717","2","5","7","53","14","20","25","40","186","C1840087"
"6866","2","5","4","68","96","326","427","548","672","C1840087"
"1311","2","5","7","53","51","342","454","573","492","C1840087"
"673","2","5","7","53","14","20","34","540","68","C1840087"
"348","2","5","7","53","51","342","454","573","492","C1840087"
"4015","2","5","7","53","51","342","454","573","492","C1840087"
"779","2","5","8","63","36","166","341","390","158","C1840087"
"1390","2","3","12","19","151","276","91","433","118","C1840087"
"1592","2","3","5","91","214","101","126","460","224","C1840235"
"8878","2","3","12","41","219","339","156","568","697","C1840235"
"6628","2","3","2","22","33","323","66","101","136","C1840235"
"10195","2","3","2","48","69","99","162","216","290","C1840235"
"6662","2","3","3","19","221","321","428","541","667","C1840235"
"763","2","3","5","35","41","77","40","526","647","C1840236"
"26275","2","3","2","67","92","67","76","155","153","C1840236"
"3552","2","3","12","53","51","119","156","489","416","C1840253"
"9927","2","3","12","19","31","118","155","287","116","C1840253"
"6905","2","3","12","76","153","40","38","54","75","C1840253"
"5290","2","3","7","53","14","20","25","40","186","C1840253"
"2706","2","3","12","76","153","40","38","54","75","C1840253"
"6340","2","5","8","63","45","23","34","464","187","C1840253"
"23141","2","3","12","76","105","40","226","489","435","C1840253"
"2055","2","3","2","27","36","150","402","223","628","C1840253"
"5781","2","5","7","53","14","20","25","40","186","C1840305"
"9968","2","4","3","24","119","330","214","454","144","C1840305"
"695","2","5","7","53","14","20","25","40","186","C1840305"
"2006","2","5","7","53","51","342","454","573","492","C1840305"
"551","2","5","4","68","96","326","427","548","672","C1840305"
"2632","2","3","2","28","22","48","232","82","114","C1840305"
"1184","2","5","8","63","45","23","34","464","187","C1840305"
"6495","2","3","3","19","221","321","428","541","667","C1840305"
"1789","2","3","12","19","31","1","426","55","78","C1840305"
"4000","2","3","12","26","105","178","226","297","156","C1840305"
"8517","2","3","12","41","219","339","156","568","697","C1840305"
"3762","2","5","8","63","36","166","106","110","158","C1840305"
"5076","2","3","3","19","221","321","428","541","667","C1840305"
"4729","2","3","2","48","170","50","119","444","556","C1840305"
"5506","2","3","12","76","137","76","136","82","658","C1840305"
"23414","2","3","12","19","31","118","155","287","116","C1840305"
"55219","2","5","2","27","51","335","444","560","373","C1840305"
"51259","2","3","2","76","153","40","38","54","75","C1840305"
"7124","2","3","12","41","219","339","156","568","697","C1840305"
"26040","2","3","12","19","31","1","116","297","78","C1840305"
"6229","2","3","2","110","85","237","433","547","671","C1840305"
"2720","2","3","7","34","52","216","395","21","599","C1840305"
"492","2","3","8","63","45","23","103","464","187","C1840305"
"2896","2","5","7","34","52","216","395","549","674","C1840307"
"7015","2","3","12","19","31","1","426","55","78","C1840307"
"3248","2","3","2","69","83","133","167","224","301","C1840307"
"443","2","3","5","80","81","189","182","509","409","C1840309"
"3759","2","5","8","63","36","166","106","110","158","C1840309"
"6870","2","5","4","68","96","326","427","548","672","C1840309"
"51741","2","3","2","22","33","323","66","101","127","C1840309"
"8200","2","5","7","53","51","342","259","423","389","C1840309"
"5080","2","3","3","19","221","321","428","541","667","C1840309"
"10460","2","3","12","76","153","40","38","54","75","C1840309"
"4352","2","5","7","53","14","20","25","40","186","C1840310"
"221","2","3","7","34","52","216","395","549","674","C1840310"
"7274","2","3","5","43","161","99","162","216","290","C1840311"
"6712","2","5","7","60","153","40","341","223","203","C1840311"
"1380","2","5","7","53","51","119","395","549","674","C1840311"
"7051","2","1","6","11","142","225","142","220","298","C1840319"
"3858","2","1","6","11","142","225","142","220","298","C1840319"
"10939","2","3","2","48","170","50","119","444","593","C1840319"
"1991","2","5","7","34","52","216","395","549","674","C1840319"
"118429","2","5","8","53","51","197","454","540","422","C1840374"
"23495","2","3","12","41","219","339","156","568","697","C1840374"
"3909","2","5","7","53","51","342","454","573","492","C1840379"
"25836","2","3","12","76","153","40","38","54","75","C1840379"
"8200","2","5","7","53","51","342","259","423","389","C1840379"
"4695","2","3","2","48","170","50","119","444","556","C1840379"
"5116","2","3","12","76","153","40","38","54","75","C1840379"
"635","2","3","8","45","94","199","240","415","666","C1840379"
"3291","2","3","2","69","83","101","94","133","318","C1840379"
"5573","2","3","12","19","184","118","155","287","116","C1840379"
"6497","2","5","3","19","221","342","259","423","389","C1840379"
"6870","2","5","4","68","96","326","427","548","672","C1840379"
"4692","2","5","7","53","51","119","402","489","416","C1840379"
"6647","2","3","2","95","2","342","378","173","702","C1840379"
"7291","2","3","12","19","151","276","91","489","416","C1840379"
"2626","2","3","12","19","31","118","155","287","116","C1840379"
"1487","2","3","12","19","31","1","426","55","340","C1840379"
"846","2","5","4","68","96","326","427","548","672","C1840379"
"6648","2","3","2","95","151","160","378","173","229","C1840379"
"10752","2","5","7","53","51","335","444","560","373","C1840379"
"1277","2","5","7","53","51","342","454","573","492","C1840379"
"538","2","3","8","63","45","23","103","464","187","C1840379"
"1646","2","3","2","46","136","227","168","225","490","C1840379"
"6557","2","5","8","45","94","199","240","415","666","C1840379"
"1497","2","5","2","63","182","50","103","297","628","C1840379"
"2517","2","3","7","34","52","216","395","549","674","C1840379"
"7066","2","5","7","53","51","119","25","573","416","C1840380"
"51103","2","3","2","48","170","50","119","444","556","C1840380"
"2799","2","3","7","34","52","216","395","549","33","C1840380"
"6334","2","5","8","63","36","166","341","223","158","C1840380"
"8626","2","3","3","19","221","321","428","541","667","C1840380"
"5468","2","3","3","19","151","276","91","433","118","C1840380"
"10262","2","3","2","22","33","323","66","101","136","C1840380"
"6391","2","3","2","48","170","50","119","444","556","C1840380"
"2108","2","3","2","48","170","50","119","444","556","C1840380"
"4000","2","3","12","26","105","178","226","297","156","C1840380"
"3476","2","3","12","76","137","76","136","472","435","C1840382"
"9719","2","5","7","53","51","342","454","573","492","C1840382"
"29995","2","5","5","68","96","185","238","310","272","C1840382"
"720","2","5","7","53","51","342","454","573","492","C1840382"
"23534","2","3","2","22","33","323","66","101","136","C1840382"
"3575","2","5","7","53","51","184","341","544","669","C1840402"
"1828","2","5","7","34","52","216","142","220","298","C1840402"
"4703","2","5","7","60","45","23","103","464","187","C1840418"
"2072","2","3","12","19","31","261","116","1","86","C1840418"
"1786","2","3","12","19","31","1","426","55","78","C1840418"
"3689","2","5","7","34","52","216","395","549","674","C1840418"
"23426","2","5","7","42","36","71","177","223","219","C1840452"
"2138","2","3","12","19","31","1","426","55","78","C1840452"
"3586","2","5","7","53","51","119","25","489","416","C1840457"
"7461","2","3","7","60","153","40","38","93","75","C1840457"
"7840","2","3","12","76","153","40","38","54","75","C1840457"
"27077","2","3","12","76","153","40","38","54","75","C1840457"
"1272","2","5","7","53","51","335","444","236","373","C1840457"
"3329","2","3","2","48","170","50","304","167","593","C1840457"
"5447","2","3","5","91","214","271","372","471","586","C1840457"
"5295","2","5","7","53","14","20","25","40","186","C1840457"
"10653","2","5","7","68","51","114","162","321","475","C1840457"
"11141","2","5","7","53","36","335","444","223","373","C1840457"
"4541","2","3","2","48","170","50","119","444","24","C1840535"
"27019","2","3","12","76","153","40","38","54","75","C1840535"
"23111","2","3","12","41","219","339","156","568","697","C1840535"
"4338","2","3","2","110","85","75","204","267","352","C1840535"
"4893","2","5","7","34","52","24","30","46","72","C1840535"
"23224","2","3","12","19","31","1","426","55","78","C1840560"
"10166","2","3","2","84","97","167","210","278","360","C1840560"
"3845","2","5","7","60","54","24","30","46","72","C1840560"
"3115","2","5","7","53","184","119","156","287","116","C1841648"
"59","2","5","8","63","45","23","103","464","187","C1841648"
"5864","2","5","7","60","54","24","30","46","72","C1841659"
"2072","2","3","12","19","31","261","116","1","86","C1841659"
"3507","2","5","7","53","51","119","395","549","674","C1841659"
"10165","2","3","2","48","170","50","304","167","593","C1841659"
"5336","2","3","7","53","14","20","25","40","215","C1841659"
"5156","2","5","7","53","14","20","25","40","186","C1841659"
"4864","2","3","5","48","152","184","341","544","669","C1841659"
"5167","2","3","5","32","93","163","207","303","126","C1841659"
"1376","2","3","2","19","151","276","91","433","118","C1841659"
"94","2","5","7","53","51","342","259","423","389","C1841659"
"27445","2","5","7","60","36","71","341","223","624","C1841684"
"6710","2","5","7","60","14","20","25","40","186","C1841684"
"2022","2","5","7","53","51","342","259","423","389","C1841684"
"23592","2","3","12","26","105","342","259","423","389","C1841684"
"9049","2","3","3","41","151","276","378","271","356","C1841990"
"1437","2","5","7","53","14","20","25","40","186","C1841990"
"7424","2","5","7","53","51","342","454","573","702","C1842028"
"4054","2","5","7","53","51","342","454","573","492","C1842028"
"10280","2","3","2","110","85","52","57","86","119","C1842028"
"3757","2","5","8","63","36","166","106","110","158","C1842036"
"760","2","3","5","35","41","77","40","78","178","C1842036"
"7432","2","5","4","68","96","326","427","548","672","C1842060"
"8625","2","3","12","19","31","276","91","236","118","C1842060"
"79068","2","3","2","72","81","42","52","105","349","C1842060"
"6647","2","3","2","95","2","342","378","173","702","C1842060"
"3643","2","5","7","53","14","20","25","40","186","C1842060"
"3000","2","5","4","68","96","326","427","548","672","C1842060"
"8214","2","3","6","11","142","225","142","220","298","C1842060"
"9321","2","3","12","76","153","40","38","54","203","C1842060"
"4683","2","3","12","19","31","261","116","1","86","C1842060"
"7051","2","1","6","11","142","225","142","220","298","C1842060"
"4893","2","5","7","34","52","24","30","46","72","C1842060"
"832","2","3","12","76","153","40","38","287","116","C1842060"
"3043","2","5","7","34","52","216","395","549","116","C1842060"
"2629","2","3","5","80","81","250","291","152","420","C1842060"
"2157","2","5","7","53","51","342","454","573","702","C1842060"
"3339","2","5","7","53","51","342","454","573","492","C1842060"
"5894","2","5","7","60","54","23","34","464","187","C1842060"
"1131","2","5","4","68","96","326","427","548","672","C1842060"
"3458","2","5","7","53","184","119","156","287","116","C1842060"
"7157","2","3","12","19","31","261","402","489","551","C1842073"
"5997","2","5","4","68","96","326","427","548","672","C1842073"
"412","2","3","5","105","155","250","291","152","420","C1842083"
"5144","2","3","4","68","96","326","427","548","672","C1842083"
"4846","2","3","5","41","219","75","243","44","64","C1842083"
"6489","2","3","2","89","124","204","272","347","451","C1842083"
"11277","2","3","12","19","31","261","116","1","86","C1842083"
"6888","2","3","2","90","167","266","367","500","577","C1842083"
"26040","2","3","12","19","31","1","116","297","78","C1842083"
"22845","2","3","2","48","68","125","161","214","288","C1842083"
"5742","2","3","5","91","175","134","167","224","301","C1842083"
"7415","2","3","7","34","52","216","395","536","445","C1842083"
"6635","2","3","2","22","33","323","66","101","136","C1842083"
"3593","2","5","7","53","51","119","25","489","416","C1842083"
"3569","2","5","7","53","51","342","454","573","416","C1842083"
"643418","2","1","6","11","142","225","142","220","298","C1842083"
"5956","2","5","4","68","96","326","427","548","672","C1842083"
"4783","2","3","3","19","151","276","91","433","118","C1842083"
"25793","2","3","12","41","116","268","434","468","213","C1842083"
"4540","2","3","2","48","170","50","119","444","556","C1842083"
"25885","2","3","12","19","31","1","426","55","78","C1842083"
"3918","2","5","7","53","51","342","454","573","492","C1842083"
"6628","2","3","2","22","33","323","66","101","136","C1842083"
"2175","2","3","12","19","31","261","116","1","86","C1842083"
"7157","2","3","12","19","31","261","402","489","551","C1842083"
"3000","2","5","4","68","96","326","427","548","672","C1842083"
"4160","2","5","4","68","96","326","427","548","672","C1842083"
"2313","2","3","12","19","31","276","91","433","118","C1842083"
"10847","2","3","12","19","31","1","426","55","78","C1842083"
"3440","2","3","12","19","184","118","155","287","116","C1842083"
"641","2","3","12","19","31","261","116","1","86","C1842083"
"7148","2","5","7","53","51","342","454","573","492","C1842083"
"51085","2","3","2","48","57","110","141","359","462","C1842083"
"3077","2","5","7","53","51","119","395","549","674","C1842083"
"4626","2","5","8","63","45","23","103","464","187","C1842138"
"545","2","3","12","19","31","261","116","1","86","C1842138"
"5244","2","3","3","41","151","276","91","433","118","C1842138"
"9049","2","3","3","41","151","276","378","271","356","C1842138"
"1301","2","5","7","53","51","342","454","573","492","C1842138"
"1890","2","3","5","80","81","296","62","94","150","C1842138"
"8890","2","3","2","110","85","237","433","547","671","C1842153"
"8243","2","3","12","76","31","40","38","54","75","C1842153"
"3248","2","3","2","69","83","133","167","224","301","C1842153"
"7227","2","3","12","19","31","276","91","433","118","C1842153"
"324","2","3","12","41","219","197","70","255","422","C1842153"
"51259","2","3","2","76","153","40","38","54","75","C1842153"
"29920","2","3","2","101","62","189","182","497","617","C1842153"
"9215","2","5","2","27","36","150","430","215","628","C1842153"
"3265","2","5","7","60","54","24","30","46","72","C1842153"
"51715","2","5","7","60","54","24","30","46","72","C1842153"
"1548","2","3","5","91","214","226","326","447","586","C1842153"
"478","2","3","8","63","45","23","366","464","187","C1842153"
"9314","2","3","3","19","151","276","91","433","118","C1842153"
"4719","2","3","2","48","170","50","119","444","556","C1842153"
"8659","2","3","2","67","103","177","225","295","378","C1842153"
"5144","2","3","4","68","96","326","427","548","672","C1842153"
"2697","2","3","7","76","153","40","38","54","75","C1842155"
"8642","2","5","7","53","51","335","444","560","373","C1842155"
"9049","2","3","3","41","151","276","378","271","356","C1842155"
"5122","2","5","4","27","36","184","141","359","411","C1842155"
"2316","2","5","7","53","51","342","454","573","702","C1842155"
"1289","2","5","7","53","51","342","454","573","492","C1842155"
"375790","2","5","7","53","51","342","454","573","492","C1842155"
"7305","2","5","7","34","52","216","395","549","674","C1842155"
"5176","2","5","7","53","51","342","454","573","492","C1842161"
"2719","2","5","7","53","51","342","454","573","492","C1842161"
"207","2","3","7","53","14","20","34","489","416","C1842161"
"8438","2","3","12","76","153","261","116","1","86","C1842170"
"26119","2","5","7","60","14","184","341","544","669","C1842170"
"6913","2","3","3","19","221","321","428","541","667","C1842170"
"7305","2","5","7","34","52","216","395","549","674","C1842170"
"6557","2","5","8","45","94","199","240","415","666","C1842170"
"3240","2","5","7","34","52","216","395","549","674","C1842170"
"7137","2","5","8","63","45","23","103","464","187","C1842170"
"6311","2","3","2","22","33","323","66","362","468","C1842170"
"19","2","3","3","19","151","276","91","433","118","C1842170"
"26012","2","3","12","19","31","261","116","159","211","C1842170"
"3736","2","5","8","63","36","166","106","110","158","C1842180"
"26277","2","3","12","19","31","1","426","1","78","C1842180"
"23384","2","3","12","63","45","184","103","572","658","C1842229"
"3624","2","5","7","53","51","342","259","423","389","C1842229"
"6576","2","3","2","45","94","199","240","569","666","C1842229"
"24","2","3","12","41","116","268","423","536","445","C1842229"
"5825","2","3","5","47","144","185","238","310","392","C1842229"
"4604","2","5","8","63","45","23","103","464","187","C1842231"
"6662","2","3","3","19","221","321","428","541","667","C1842231"
"3423","2","3","5","74","3","342","374","294","590","C1842231"
"2188","2","3","12","19","31","261","116","1","86","C1842231"
"2071","2","3","12","19","31","261","116","159","211","C1842231"
"22995","2","3","12","76","153","40","38","54","75","C1842364"
"547","2","3","7","76","153","40","38","54","75","C1842364"
"3892","2","1","6","11","142","225","142","220","298","C1842364"
"10585","2","5","2","27","206","324","430","215","290","C1842364"
"1301","2","5","7","53","51","342","454","573","492","C1842364"
"2512","2","3","7","34","52","216","395","544","358","C1842366"
"4723","2","3","2","48","170","50","119","444","556","C1842366"
"1188","2","5","8","63","45","23","34","464","187","C1842366"
"867","2","5","7","53","14","184","25","40","669","C1842366"
"6772","2","3","12","53","184","119","156","287","116","C1842366"
"26277","2","3","12","19","31","1","426","1","78","C1842366"
"29954","2","5","2","27","206","324","430","215","290","C1842366"
"9380","2","3","2","67","128","208","289","366","472","C1842366"
"2071","2","3","12","19","31","261","116","159","211","C1842366"
"2138","2","3","12","19","31","1","426","55","78","C1842366"
"6295","2","3","4","68","45","272","427","518","621","C1842366"
"2260","2","5","7","53","14","20","25","40","186","C1842366"
"6303","2","3","2","67","118","160","261","188","423","C1842366"
"5077","2","3","3","19","221","321","428","541","667","C1842366"
"8314","2","3","12","41","31","1","426","55","78","C1842366"
"6334","2","5","8","63","36","166","341","223","158","C1842366"
"53834","2","5","7","53","51","342","454","573","492","C1842366"
"3265","2","5","7","60","54","24","30","46","72","C1842366"
"3624","2","5","7","53","51","342","259","423","389","C1842366"
"3035","2","3","2","110","85","237","433","547","154","C1842366"
"25782","2","5","7","60","54","24","30","46","72","C1842366"
"5728","2","3","5","80","81","339","156","568","605","C1842366"
"182","2","5","7","53","51","143","428","236","667","C1842366"
"2720","2","3","7","34","52","216","395","21","599","C1842366"
"7401","2","5","7","60","83","101","126","170","224","C1842366"
"1277","2","5","7","53","51","342","454","573","492","C1842366"
"1545","2","3","5","91","175","271","372","443","558","C1842366"
"4539","2","3","2","53","184","86","107","560","195","C1842366"
"3043","2","5","7","34","52","216","395","549","116","C1842366"
"2705","2","3","12","76","153","40","38","54","75","C1842366"
"5443","2","5","4","68","96","326","427","548","672","C1842402"
"367","2","3","12","19","31","276","91","433","118","C1842402"
"5744","2","5","4","68","96","326","427","548","672","C1842406"
"1861","2","5","7","60","14","184","341","544","669","C1842406"
"2263","2","5","7","53","14","20","25","40","186","C1842408"
"51684","2","3","12","41","116","268","38","54","75","C1842408"
"5447","2","3","5","91","214","271","372","471","586","C1842408"
"26160","2","3","12","76","153","40","38","54","75","C1842408"
"547","2","3","7","76","153","40","38","54","75","C1842408"
"8216","2","3","12","41","119","330","214","454","144","C1842408"
"182","2","5","7","53","51","143","428","236","667","C1842408"
"25782","2","5","7","60","54","24","30","46","72","C1842408"
"9657","2","3","12","76","153","40","38","54","75","C1842408"
"4000","2","3","12","26","105","178","226","297","156","C1842466"
"6786","2","5","8","63","45","23","103","464","187","C1842466"
"8878","2","3","12","41","219","339","156","568","697","C1842528"
"54903","2","3","12","76","153","40","38","54","75","C1842528"
"5243","2","3","12","41","116","268","423","536","445","C1842528"
"3569","2","5","7","53","51","342","454","573","416","C1842534"
"10269","2","3","2","48","182","50","119","444","556","C1842534"
"1357","2","3","5","80","81","166","397","418","568","C1842552"
"847","2","3","7","34","52","216","395","549","674","C1842552"
"54714","2","5","8","63","36","166","106","110","158","C1842563"
"5290","2","3","7","53","14","20","25","40","186","C1842563"
"6885","2","3","12","41","219","339","156","568","697","C1842563"
"3069","2","3","2","110","85","237","433","547","671","C1842581"
"5428","2","3","2","48","170","50","119","167","593","C1842581"
"26160","2","3","12","76","153","40","38","54","75","C1842581"
"7046","2","3","12","41","219","339","259","423","605","C1842581"
"153","2","5","4","68","96","326","427","548","672","C1842584"
"5696","2","3","12","41","116","268","156","568","116","C1842584"
"51626","2","3","12","76","153","40","38","54","75","C1842587"
"3569","2","5","7","53","51","342","454","573","416","C1842587"
"5573","2","3","12","19","184","118","155","287","116","C1842587"
"7957","2","3","5","42","81","296","399","201","274","C1842587"
"5015","2","3","3","19","221","321","428","541","667","C1842587"
"695","2","5","7","53","14","20","25","40","186","C1842587"
"2796","2","5","4","68","96","326","427","548","672","C1842587"
"51218","2","3","2","48","170","50","119","100","556","C1842680"
"7133","2","5","7","34","52","216","395","549","697","C1842680"
"2833","2","5","4","68","96","326","427","548","672","C1842680"
"7473","2","5","3","68","221","197","259","560","422","C1842680"
"1289","2","5","7","53","51","342","454","573","492","C1842680"
"7132","2","3","12","41","219","339","156","568","697","C1842680"
"3516","2","3","12","19","31","143","428","236","667","C1842680"
"3458","2","5","7","53","184","119","156","287","116","C1842680"
"4247","2","3","2","68","67","320","98","180","279","C1842680"
"8799","2","3","5","43","161","305","409","208","482","C1842680"
"598","2","3","12","41","219","339","402","489","416","C1842680"
"83452","2","5","7","60","54","24","30","46","72","C1842688"
"54551","2","3","12","41","219","197","156","568","422","C1842688"
"5781","2","5","7","53","14","20","25","40","186","C1842688"
"4591","2","3","12","41","116","268","434","468","213","C1842688"
"54187","2","3","5","80","81","296","272","452","148","C1842688"
"10016","2","3","2","41","57","50","202","359","462","C1842688"
"8815","2","3","12","22","33","323","66","444","664","C1842688"
"55612","2","5","7","60","36","71","177","560","701","C1842688"
"4914","2","3","2","22","18","266","202","252","252","C1842688"
"4621","2","5","8","63","45","23","103","464","187","C1842688"
"3600","2","5","7","53","51","119","25","40","186","C1842688"
"25978","2","3","2","48","57","110","141","359","462","C1842688"
"8799","2","3","5","43","161","305","409","208","482","C1842688"
"9343","2","3","2","22","33","323","66","101","136","C1842688"
"4512","2","3","2","48","170","110","141","359","8","C1842688"
"1535","2","5","7","34","52","216","395","549","674","C1842688"
"1736","2","3","2","110","85","237","433","547","671","C1842688"
"2697","2","3","7","76","153","40","38","54","75","C1842688"
"1301","2","5","7","53","51","342","454","573","492","C1842688"
"10815","2","5","7","60","36","71","341","223","666","C1842688"
"1593","2","3","5","79","152","273","157","333","277","C1842688"
"3892","2","1","6","11","142","225","142","220","298","C1842688"
"5465","2","3","3","19","151","276","91","433","118","C1842714"
"4089","2","3","12","19","219","339","259","423","605","C1842714"
"5313","2","3","2","90","167","321","428","541","115","C1842714"
"39","2","3","2","67","92","293","55","75","311","C1842714"
"6647","2","3","2","95","2","342","378","173","702","C1842714"
"5264","2","3","5","43","161","305","409","208","482","C1842714"
"4598","2","3","2","19","151","276","198","259","427","C1842714"
"2072","2","3","12","19","31","261","116","1","86","C1842714"
"7476","2","5","3","68","221","197","259","560","422","C1842714"
"4638","2","5","7","53","45","23","103","464","187","C1842714"
"940","2","5","7","53","14","20","25","40","186","C1842870"
"1299","2","5","7","53","51","342","454","573","492","C1842870"
"1147","2","3","12","41","219","339","156","568","697","C1842870"
"5373","2","3","2","90","167","123","158","207","278","C1842870"
"9928","2","3","12","76","153","40","38","54","75","C1842870"
"5880","2","5","7","60","54","24","30","46","72","C1842878"
"50674","2","3","3","19","221","321","428","541","667","C1842878"
"54332","2","3","2","60","170","40","98","66","203","C1842878"
"1586","2","3","5","79","98","256","335","425","540","C1842878"
"4089","2","3","12","19","219","339","259","423","605","C1842878"
"1028","2","3","12","19","31","1","116","1","86","C1842878"
"6347","2","5","7","53","51","119","427","489","416","C1842878"
"4143","2","3","5","80","81","105","426","129","2","C1842878"
"25836","2","3","12","76","153","40","38","54","75","C1842878"
"1815","2","5","4","68","96","326","427","548","672","C1842892"
"7050","2","3","12","19","31","321","428","541","667","C1842892"
"10682","2","5","4","68","96","326","48","69","204","C1842892"
"4882","2","3","4","68","96","326","427","548","672","C1842892"
"1280","2","5","7","53","51","342","454","573","492","C1842914"
"1312","2","3","2","87","79","105","426","129","25","C1842914"
"4878","2","3","12","19","31","1","426","55","78","C1842914"
"715","2","5","7","53","51","119","395","549","674","C1842914"
"4255","2","3","12","19","31","261","116","1","86","C1843005"
"84062","2","5","7","60","18","184","341","544","669","C1843005"
"8031","2","3","12","19","151","276","91","433","118","C1843005"
"5447","2","3","5","91","214","271","372","471","586","C1843005"
"4221","2","3","12","19","31","342","454","573","492","C1843005"
"23345","2","3","12","19","31","1","426","55","78","C1843005"
"3845","2","5","7","60","54","24","30","46","72","C1843005"
"8481","2","3","12","76","153","40","38","54","75","C1843005"
"940","2","5","7","53","14","20","25","40","186","C1843005"
"6473","2","3","3","19","221","321","428","541","667","C1843005"
"4535","2","3","2","48","170","50","119","444","556","C1843005"
"22796","2","5","7","60","153","40","38","66","203","C1843005"
"4286","2","3","12","19","31","261","116","1","664","C1843005"
"948","2","5","7","34","52","216","91","433","702","C1843005"
"3265","2","5","7","60","54","24","30","46","72","C1843005"
"7170","2","5","8","63","45","23","103","464","187","C1843005"
"6473","2","3","3","19","221","321","428","541","667","C1843057"
"3815","2","5","7","53","14","20","25","40","186","C1843057"
"2736","2","3","12","41","116","321","428","54","667","C1843057"
"9126","2","3","12","76","153","40","38","54","75","C1843057"
"478","2","3","8","63","45","23","366","464","187","C1843057"
"6638","2","3","2","22","33","323","66","101","136","C1843057"
"6628","2","3","2","22","33","323","66","101","136","C1843057"
"2944","2","3","5","91","175","271","372","471","586","C1843057"
"50964","2","5","3","68","221","197","259","423","422","C1843057"
"6899","2","5","7","53","184","335","259","560","373","C1843077"
"1487","2","3","12","19","31","1","426","55","340","C1843077"
"9640","2","3","12","19","31","261","116","159","211","C1843077"
"9928","2","3","12","76","153","40","38","54","75","C1843077"
"55131","2","3","2","110","85","237","433","547","671","C1843077"
"3953","2","5","7","53","14","20","25","40","186","C1843077"
"5885","2","3","12","76","153","40","38","54","75","C1843077"
"2253","2","5","7","53","14","20","25","40","186","C1843077"
"55157","2","3","2","110","85","67","76","252","154","C1843112"
"4693","2","5","7","53","51","342","454","573","492","C1843112"
"3440","2","3","12","19","184","118","155","287","116","C1843112"
"3320","2","3","7","34","52","75","347","271","356","C1843139"
"7046","2","3","12","41","219","339","259","423","605","C1843139"
"547","2","3","7","76","153","40","38","54","75","C1843139"
"10743","2","3","3","19","151","276","91","433","118","C1843146"
"421","2","5","7","42","51","335","444","560","373","C1843146"
"9095","2","5","7","53","51","335","444","560","373","C1843156"
"1401","2","5","7","53","51","119","395","573","492","C1843156"
"811","2","3","2","41","116","342","423","536","342","C1843156"
"2903","2","5","7","53","14","20","25","223","219","C1843156"
"3458","2","5","7","53","184","119","156","287","116","C1843156"
"5727","2","3","12","68","221","197","259","560","422","C1843156"
"2521","2","3","2","22","33","323","66","101","136","C1843156"
"8517","2","3","12","41","219","339","156","568","697","C1843156"
"6750","2","5","4","68","96","326","427","548","672","C1843156"
"3557","2","3","12","41","219","339","156","568","697","C1843156"
"10166","2","3","2","84","97","167","210","278","360","C1843156"
"5015","2","3","3","19","221","321","428","541","667","C1843156"
"7015","2","3","12","19","31","1","426","55","78","C1843156"
"6891","2","3","12","41","116","119","156","568","116","C1843156"
"6390","2","3","2","48","170","50","119","444","556","C1843156"
"1420","2","3","6","63","45","160","362","177","673","C1843156"
"10806","2","3","12","76","153","40","38","54","75","C1843156"
"261734","2","3","12","76","153","40","38","54","75","C1843156"
"3239","2","3","3","19","221","321","428","541","667","C1843156"
"27030","2","3","12","19","31","1","426","55","78","C1843156"
"5580","2","5","7","34","52","216","395","287","116","C1843156"
"6821","2","3","5","114","211","332","175","556","256","C1843156"
"5727","2","3","12","68","221","197","259","560","422","C1843156"
"2353","2","3","12","19","31","1","91","489","416","C1843168"
"3458","2","5","7","53","184","119","156","287","116","C1843168"
"2099","2","3","12","19","151","276","91","433","118","C1843168"
"5189","2","3","5","43","161","305","409","208","482","C1843168"
"6926","2","5","7","53","51","335","259","560","373","C1843187"
"6606","2","3","2","22","33","323","66","101","136","C1843187"
"79932","2","5","7","53","51","335","444","549","373","C1843187"
"6334","2","5","8","63","36","166","341","223","158","C1843300"
"3039","2","3","5","35","41","118","155","287","116","C1843300"
"57468","2","5","7","27","36","150","341","223","628","C1843300"
"4536","2","3","2","48","170","50","119","444","556","C1843300"
"22930","2","5","7","60","54","24","30","46","72","C1843300"
"7508","2","3","12","19","31","261","116","1","664","C1843300"
"3920","2","5","7","34","52","216","395","549","674","C1843300"
"5728","2","3","5","80","81","339","156","568","605","C1843300"
"6712","2","5","7","60","153","40","341","223","203","C1843300"
"5894","2","5","7","60","54","23","34","464","187","C1843300"
"1200","2","3","5","80","81","178","226","297","380","C1843300"
"10752","2","5","7","53","51","335","444","560","373","C1843300"
"488","2","5","8","63","45","23","103","464","187","C1843300"
"4312","2","5","7","53","51","342","454","573","492","C1843300"
"5015","2","3","3","19","221","321","428","541","667","C1843300"
"26277","2","3","12","19","31","1","426","1","78","C1843300"
"3458","2","5","7","53","184","119","156","287","116","C1843300"
"2138","2","3","12","19","31","1","426","55","78","C1843300"
"4534","2","3","5","80","81","296","399","362","468","C1843300"
"11067","2","5","6","11","142","225","142","220","298","C1843300"
"7253","2","5","4","68","96","326","427","548","672","C1843300"
"8289","2","3","12","19","31","1","426","55","78","C1843300"
"27031","2","3","6","11","142","225","38","331","506","C1843300"
"1959","2","3","3","19","151","276","91","433","118","C1843300"
"9254","2","5","8","63","36","166","341","223","158","C1843300"
"2301","2","5","6","11","142","225","142","220","673","C1843300"
"3052","2","3","2","48","170","50","119","444","556","C1843300"
"5077","2","3","3","19","221","321","428","541","667","C1843300"
"7290","2","3","12","19","31","1","426","55","78","C1843300"
"8838","2","5","7","53","51","342","259","423","389","C1843300"
"6495","2","3","3","19","221","321","428","541","667","C1843300"
"2673","2","3","2","110","94","178","226","297","380","C1843331"
"4053","2","5","7","53","51","342","454","573","492","C1843331"
"26580","2","5","8","27","70","99","162","216","290","C1843331"
"4000","2","3","12","26","105","178","226","297","156","C1843331"
"1301","2","5","7","53","51","342","454","573","492","C1843331"
"84062","2","5","7","60","18","184","341","544","669","C1843359"
"859","2","5","8","63","45","23","103","464","187","C1843359"
"4615","2","3","12","41","219","339","156","568","697","C1843369"
"6689","2","3","12","19","31","276","91","433","118","C1843369"
"9056","2","3","8","45","94","199","240","415","666","C1843369"
"7259","2","3","12","19","31","1","426","55","78","C1843371"
"25939","2","3","12","53","184","119","156","287","116","C1843371"
"2290","2","3","3","19","221","321","428","541","667","C1843372"
"4990","2","3","3","19","221","321","428","541","667","C1843372"
"1146","2","5","8","27","70","99","162","216","290","C1843373"
"6775","2","5","7","53","14","119","25","40","186","C1843373"
"30008","2","5","7","53","51","342","454","573","492","C1843386"
"5745","2","5","4","68","96","326","427","548","672","C1843386"
"6390","2","3","2","48","170","50","119","444","556","C1843386"
"9451","2","3","2","110","51","335","226","297","380","C1843386"
"55703","2","3","2","22","33","261","116","159","211","C1843389"
"8425","2","5","7","53","51","342","454","573","492","C1843389"
"1954","2","5","7","53","51","342","454","573","492","C1843390"
"9820","2","3","12","41","116","268","434","468","213","C1843390"
"1487","2","3","12","19","31","1","426","55","340","C1843392"
"7124","2","3","12","41","219","339","156","568","697","C1843392"
"3593","2","5","7","53","51","119","25","489","416","C1843392"
"7290","2","3","12","19","31","1","426","55","78","C1843392"
"6299","2","3","12","19","221","321","428","541","667","C1843392"
"127534","2","3","12","76","153","40","38","54","75","C1843392"
"3977","2","5","7","53","51","119","25","40","416","C1843392"
"5428","2","3","2","48","170","50","119","167","593","C1843392"
"1805","2","5","7","53","51","342","454","573","492","C1843392"
"7020","2","3","12","19","31","276","91","433","664","C1843392"
"7157","2","3","12","19","31","261","402","489","551","C1843392"
"7468","2","3","12","19","31","1","426","55","78","C1843392"
"669","2","3","5","90","167","266","441","106","616","C1843392"
"10225","2","5","7","53","51","119","395","549","674","C1843392"
"4221","2","3","12","19","31","342","454","573","492","C1843463"
"1487","2","3","12","19","31","1","426","55","340","C1843463"
"4920","2","5","7","53","14","20","259","560","373","C1843486"
"9782","2","3","2","22","33","323","66","101","136","C1843486"
"1583","2","3","5","79","152","273","375","100","589","C1843496"
"7422","2","5","7","53","51","342","454","573","702","C1843496"
"3984","2","5","7","53","14","20","34","540","68","C1843496"
"6556","2","3","7","34","52","216","395","549","674","C1843496"
"5290","2","3","7","53","14","20","25","40","186","C1843496"
"8242","2","3","12","19","31","1","426","55","78","C1843504"
"23141","2","3","12","76","105","40","226","489","435","C1843504"
"5728","2","3","5","80","81","339","156","568","605","C1843504"
"669","2","3","5","90","167","266","441","106","616","C1843504"
"4867","2","5","7","76","153","40","38","54","75","C1843504"
"9939","2","3","2","22","33","323","66","101","136","C1843505"
"26580","2","5","8","27","70","99","162","216","290","C1843505"
"2703","2","3","12","76","153","40","38","54","75","C1843505"
"7249","2","3","7","60","57","110","141","359","462","C1843505"
"3769","2","5","8","63","36","166","106","110","158","C1843505"
"9427","2","5","5","53","51","119","252","489","416","C1843505"
"3655","2","5","7","53","51","342","454","573","492","C1843505"
"368","2","3","12","41","116","268","423","536","445","C1843505"
"4987","2","5","4","68","96","326","427","548","672","C1843517"
"4853","2","3","12","19","124","143","428","236","667","C1843517"
"5091","2","3","2","35","40","130","166","57","435","C1843637"
"11107","2","3","12","19","31","1","426","55","78","C1843637"
"805","2","5","8","53","45","20","34","464","187","C1843637"
"4036","2","5","7","60","14","184","341","544","669","C1843637"
"9496","2","5","6","11","142","225","142","220","673","C1843637"
"2316","2","5","7","53","51","342","454","573","702","C1843637"
"9076","2","5","6","42","36","71","177","64","219","C1843643"
"26277","2","3","12","19","31","1","426","1","78","C1843643"
"1401","2","5","7","53","51","119","395","573","492","C1843643"
"1302","2","5","7","53","51","342","454","573","492","C1843663"
"3981","2","3","12","19","31","261","116","1","86","C1843663"
"6925","2","3","12","19","31","225","142","220","298","C1843663"
"23064","2","3","6","11","31","261","142","220","664","C1843663"
"8287","2","3","12","41","219","339","156","568","605","C1843663"
"4602","2","3","12","19","31","1","155","287","116","C1843663"
"2688","2","5","7","53","51","119","25","40","186","C1843663"
"1147","2","3","12","41","219","339","156","568","697","C1843663"
"4647","2","5","7","60","83","101","126","170","224","C1843663"
"9719","2","5","7","53","51","342","454","573","492","C1843663"
"2248","2","5","7","53","14","20","25","40","186","C1843663"
"6391","2","3","2","48","170","50","119","444","556","C1843663"
"27249","2","3","2","48","182","50","119","186","245","C1843663"
"9469","2","3","2","103","189","303","29","475","467","C1843663"
"8626","2","3","3","19","221","321","428","541","667","C1843663"
"4843","2","3","5","43","161","305","409","489","416","C1843663"
"3835","2","3","12","76","153","40","38","54","75","C1843687"
"9049","2","3","3","41","151","276","378","271","356","C1843687"
"472","2","3","12","19","31","261","116","1","86","C1843687"
"26227","2","3","2","41","137","44","208","81","108","C1843687"
"6229","2","3","2","110","85","237","433","547","671","C1843687"
"779","2","5","8","63","36","166","341","390","158","C1843687"
"5745","2","5","4","68","96","326","427","548","672","C1843687"
"3123","2","5","7","53","51","119","156","287","116","C1843687"
"2969","2","3","12","19","31","276","91","433","118","C1843687"
"3553","2","5","7","53","51","119","25","489","416","C1843687"
"3643","2","5","7","53","14","20","25","40","186","C1843687"
"10060","2","3","8","41","45","23","423","464","445","C1843687"
"64788","2","5","5","11","51","225","142","220","298","C1843687"
"4282","2","5","7","34","52","216","395","549","674","C1843687"
"3930","2","3","2","22","33","323","66","3","464","C1843687"
"551","2","5","4","68","96","326","427","548","672","C1843687"
"4352","2","5","7","53","14","20","25","40","186","C1843687"
"773","2","5","8","27","36","166","341","223","628","C1843687"
"4221","2","3","12","19","31","342","454","573","492","C1843687"
"10312","2","3","7","34","52","216","395","549","674","C1843687"
"4318","2","5","7","34","52","216","395","573","492","C1843687"
"1001","2","5","7","53","51","335","444","560","373","C1843697"
"5728","2","3","5","80","81","339","156","568","605","C1843697"
"7097","2","5","7","34","52","216","395","549","674","C1843697"
"21","2","3","5","47","144","185","238","310","272","C1843697"
"9572","2","3","3","19","151","276","91","433","118","C1843697"
"2261","2","5","7","53","14","20","25","40","186","C1843697"
"9227","2","3","2","69","51","101","126","170","224","C1843700"
"3425","2","3","5","80","81","166","454","573","492","C1843700"
"1717","2","3","2","19","151","276","48","69","204","C1843700"
"4137","2","3","7","27","36","150","341","223","628","C1843700"
"4524","2","3","2","15","166","104","369","117","583","C1843700"
"10847","2","3","12","19","31","1","426","55","78","C1843700"
"5727","2","3","12","68","221","197","259","560","422","C1843700"
"1031","2","3","12","19","31","1","426","55","78","C1843700"
"27077","2","3","12","76","153","40","38","54","75","C1843700"
"10528","2","3","2","110","85","237","433","547","671","C1843700"
"7042","2","5","7","53","51","342","454","573","492","C1843700"
"64135","2","3","12","41","219","339","156","568","605","C1843700"
"8200","2","5","7","53","51","342","259","423","389","C1843700"
"4286","2","3","12","19","31","261","116","1","664","C1843700"
"5830","2","3","5","43","161","305","409","208","482","C1843700"
"1030","2","3","12","19","31","1","426","55","78","C1843700"
"22845","2","3","2","48","68","125","161","214","288","C1843765"
"2737","2","3","12","19","116","321","428","54","667","C1843765"
"9638","2","5","7","27","36","150","341","223","628","C1843765"
"4990","2","3","3","19","221","321","428","541","667","C1843765"
"1861","2","5","7","60","14","184","341","544","669","C1843793"
"5594","2","5","7","34","14","20","34","540","274","C1843793"
"686","2","3","5","80","81","166","166","127","173","C1843851"
"1962","2","3","5","43","161","305","409","208","482","C1843851"
"2109","2","3","2","48","170","50","119","444","556","C1843859"
"55670","2","3","5","43","161","305","409","208","482","C1843859"
"5828","2","3","5","43","161","305","409","208","482","C1843865"
"2255","2","5","7","53","14","20","25","40","186","C1843865"
"8924","2","3","12","41","116","268","434","468","213","C1843865"
"112802","2","1","6","11","142","225","142","220","298","C1843865"
"2109","2","3","2","48","170","50","119","444","556","C1843865"
"3934","2","5","7","34","52","216","395","549","674","C1843865"
"25978","2","3","2","48","57","110","141","359","462","C1843865"
"658","2","5","7","53","51","342","259","423","389","C1843885"
"25824","2","3","2","48","57","110","141","359","229","C1843885"
"5189","2","3","5","43","161","305","409","208","482","C1843885"
"2588","2","3","7","34","52","216","395","549","674","C1843885"
"51025","2","3","2","48","170","50","304","167","593","C1843921"
"26608","2","3","2","22","170","50","119","463","153","C1843921"
"9499","2","5","7","53","51","23","103","464","187","C1843921"
"11197","2","5","3","68","221","197","259","560","422","C1843921"
"421","2","5","7","42","51","335","444","560","373","C1843921"
"3892","2","1","6","11","142","225","142","220","298","C1843921"
"116085","2","3","8","45","94","199","240","415","666","C1843921"
"100","2","3","5","33","21","47","56","80","199","C1843921"
"5048","2","3","12","76","153","40","38","54","75","C1843921"
"1280","2","5","7","53","51","342","454","573","492","C1843921"
"51684","2","3","12","41","116","268","38","54","75","C1843921"
"4654","2","3","12","19","31","276","91","433","118","C1843921"
"4214","2","3","12","41","219","339","34","540","117","C1843921"
"23171","2","3","5","116","183","295","398","552","622","C1843921"
"4854","2","5","7","53","51","143","428","236","667","C1843921"
"8216","2","3","12","41","119","330","214","454","144","C1843921"
"2812","2","5","7","53","51","342","454","573","492","C1843921"
"593","2","3","2","67","92","293","55","75","311","C1843921"
"2263","2","5","7","53","14","20","25","40","186","C1843921"
"6495","2","3","3","19","221","321","428","541","667","C1844007"
"1814","2","5","4","68","96","326","427","548","672","C1844007"
"7021","2","3","12","19","31","261","91","433","664","C1844007"
"2263","2","5","7","53","14","20","25","40","186","C1844374"
"204","2","3","4","72","109","182","235","307","506","C1844374"
"2146","2","3","12","19","31","1","426","55","78","C1844374"
"1293","2","5","7","53","51","342","454","573","492","C1844374"
"176","2","5","7","53","51","342","454","573","492","C1844374"
"6658","2","3","12","19","221","321","428","541","667","C1844374"
"1200","2","3","5","80","81","178","226","297","380","C1844380"
"4851","2","3","12","19","221","143","428","236","667","C1844380"
"6674","2","3","12","48","57","50","38","54","462","C1844380"
"4359","2","5","7","53","51","342","454","573","492","C1844382"
"2696","2","5","4","68","96","326","427","548","672","C1844382"
"7840","2","3","12","76","153","40","38","54","75","C1844382"
"2767","2","5","4","68","96","326","427","548","672","C1844384"
"5925","2","3","12","19","31","1","426","55","78","C1844384"
"4099","2","5","7","27","51","150","444","223","628","C1844384"
"6473","2","3","3","19","221","321","428","541","667","C1844384"
"3265","2","5","7","60","54","24","30","46","72","C1844384"
"2261","2","5","7","53","14","20","25","40","186","C1844384"
"6514","2","5","7","90","216","337","448","565","562","C1844384"
"5788","2","5","7","34","52","216","395","549","674","C1844384"
"729238","2","5","7","53","51","119","238","310","272","C1844384"
"959","2","5","7","53","51","119","395","549","674","C1844384"
"27077","2","3","12","76","153","40","38","54","75","C1844384"
"3767","2","5","8","63","36","166","106","110","158","C1844384"
"51204","2","3","2","48","170","50","119","444","556","C1844384"
"6657","2","3","12","19","221","321","428","541","667","C1844385"
"10743","2","3","3","19","151","276","91","433","118","C1844385"
"84570","2","5","7","53","51","342","454","573","492","C1844385"
"1311","2","5","7","53","51","342","454","573","492","C1844390"
"5476","2","3","7","34","52","216","395","152","310","C1844390"
"5604","2","5","7","53","14","20","34","540","68","C1844394"
"3123","2","5","7","53","51","119","156","287","116","C1844394"
"11232","2","3","3","19","151","276","91","433","118","C1844394"
"7518","2","3","12","19","31","261","116","1","86","C1844505"
"6899","2","5","7","53","184","335","259","560","373","C1844505"
"301","2","5","4","68","96","326","427","548","672","C1844505"
"9627","2","3","12","19","31","1","426","55","78","C1844505"
"3728","2","5","7","34","52","225","142","220","298","C1844505"
"3265","2","5","7","60","54","24","30","46","72","C1844505"
"30817","2","5","3","68","221","197","259","560","422","C1844505"
"1302","2","5","7","53","51","342","454","573","492","C1844505"
"3458","2","5","7","53","184","119","156","287","116","C1844505"
"5663","2","5","7","34","52","216","395","549","667","C1844505"
"9997","2","3","2","48","170","50","119","444","556","C1844505"
"613","2","5","7","60","54","24","30","46","72","C1844505"
"55612","2","5","7","60","36","71","177","560","701","C1844505"
"2332","2","3","2","22","33","71","373","466","609","C1844505"
"8867","2","3","5","60","14","184","341","544","669","C1844505"
"5443","2","5","4","68","96","326","427","548","672","C1844505"
"26160","2","3","12","76","153","40","38","54","75","C1844505"
"6295","2","3","4","68","45","272","427","518","621","C1844505"
"3930","2","3","2","22","33","323","66","3","464","C1844505"
"2253","2","5","7","53","14","20","25","40","186","C1844505"
"10269","2","3","2","48","182","50","119","444","556","C1844505"
"6813","2","5","7","53","51","342","454","573","702","C1844505"
"10060","2","3","8","41","45","23","423","464","445","C1844505"
"5465","2","3","3","19","151","276","91","433","118","C1844505"
"410","2","3","7","34","52","216","395","549","674","C1844505"
"4352","2","5","7","53","14","20","25","40","186","C1844505"
"2147","2","5","7","68","51","342","454","573","492","C1844505"
"4541","2","3","2","48","170","50","119","444","24","C1844505"
"2697","2","3","7","76","153","40","38","54","75","C1844505"
"3123","2","5","7","53","51","119","156","287","116","C1844505"
"123041","2","5","8","45","94","199","240","415","666","C1844505"
"4621","2","5","8","63","45","23","103","464","187","C1844505"
"3717","2","5","7","53","14","20","25","40","186","C1844505"
"1387","2","3","12","19","31","276","91","433","118","C1844508"
"56922","2","3","2","35","40","152","114","155","202","C1844508"
"5428","2","3","2","48","170","50","119","167","593","C1844508"
"9420","2","3","5","79","159","256","215","282","366","C1844508"
"23492","2","3","12","19","31","1","426","55","78","C1844508"
"3549","2","5","3","53","51","197","259","560","422","C1844508"
"5617","2","5","12","19","31","1","426","55","78","C1844509"
"54840","2","3","12","19","31","261","116","1","86","C1844509"
"5476","2","3","7","34","52","216","395","152","310","C1844527"
"8328","2","3","12","19","31","1","426","55","78","C1844527"
"7227","2","3","12","19","31","276","91","433","118","C1844527"
"65125","2","5","8","63","45","23","34","464","187","C1844527"
"1848","2","3","5","42","81","296","399","201","274","C1844527"
"5395","2","3","12","19","31","261","116","1","86","C1844527"
"4703","2","5","7","60","45","23","103","464","187","C1844527"
"3717","2","5","7","53","14","20","25","40","186","C1844527"
"4535","2","3","2","48","170","50","119","444","556","C1844527"
"10568","2","3","8","45","94","199","240","415","666","C1844527"
"4137","2","3","7","27","36","150","341","223","628","C1844527"
"7249","2","3","7","60","57","110","141","359","462","C1844527"
"50940","2","3","4","68","96","326","427","548","672","C1844548"
"5913","2","5","7","27","36","71","341","223","219","C1844548"
"6949","2","3","2","110","85","237","164","390","311","C1844548"
"158","2","3","4","96","177","61","373","341","142","C1844548"
"4952","2","3","5","60","54","184","30","544","669","C1844548"
"5728","2","3","5","80","81","339","156","568","605","C1844548"
"2521","2","3","2","22","33","323","66","101","136","C1844548"
"9031","2","3","12","19","31","1","426","55","78","C1844548"
"846","2","5","4","68","96","326","427","548","672","C1844548"
"3172","2","3","3","19","151","276","91","433","118","C1844548"
"27185","2","3","12","76","153","40","38","54","75","C1844548"
"7486","2","3","12","19","31","261","116","1","86","C1844548"
"2990","2","3","7","34","52","216","395","549","674","C1844548"
"6390","2","3","2","48","170","50","119","444","556","C1844548"
"59","2","5","8","63","45","23","103","464","187","C1844548"
"1910","2","5","4","68","96","326","427","548","672","C1844548"
"8557","2","5","8","63","45","23","103","464","187","C1844548"
"6578","2","3","5","35","41","77","40","57","80","C1844554"
"3891","2","1","6","11","142","225","142","220","298","C1844554"
"1588","2","3","5","79","159","256","350","27","44","C1844554"
"10397","2","3","2","110","81","148","402","51","383","C1844554"
"843","2","3","12","41","219","339","156","568","697","C1844554"
"2534","2","5","7","53","14","20","25","40","186","C1844554"
"10555","2","3","7","34","52","216","395","549","622","C1844554"
"23414","2","3","12","19","31","118","155","287","116","C1844555"
"1786","2","3","12","19","31","1","426","55","78","C1844555"
"54832","2","5","12","34","52","216","429","321","255","C1844555"
"3784","2","5","8","63","36","166","106","110","158","C1844555"
"4976","2","3","2","48","170","50","119","444","556","C1844555"
"131","2","3","2","75","120","200","263","251","107","C1844555"
"51702","2","3","12","19","31","1","426","55","78","C1844555"
"5327","2","5","7","53","51","342","454","573","492","C1844562"
"1302","2","5","7","53","51","342","454","573","492","C1844562"
"10743","2","3","3","19","151","276","91","433","118","C1844562"
"26608","2","3","2","22","170","50","119","463","153","C1844562"
"27445","2","5","7","60","36","71","341","223","624","C1844573"
"5994","2","3","12","19","31","276","91","491","118","C1844573"
"4784","2","3","2","22","33","261","116","159","211","C1844573"
"1311","2","5","7","53","51","342","454","573","492","C1844573"
"3090","2","3","12","19","31","1","426","55","664","C1844573"
"5144","2","3","4","68","96","326","427","548","672","C1844573"
"3074","2","3","7","34","52","216","395","549","607","C1844573"
"6197","2","3","12","19","14","20","34","540","68","C1844573"
"2261","2","5","7","53","14","20","25","40","186","C1844577"
"4049","2","3","12","41","219","339","156","568","697","C1844577"
"4000","2","3","12","26","105","178","226","297","156","C1844577"
"2720","2","3","7","34","52","216","395","21","599","C1844577"
"3239","2","3","3","19","221","321","428","541","667","C1844577"
"10743","2","3","3","19","151","276","91","433","118","C1844577"
"10686","2","5","6","42","36","71","177","64","219","C1844577"
"6774","2","3","12","53","14","276","25","489","416","C1844592"
"4728","2","3","2","48","170","50","119","444","556","C1844592"
"4512","2","3","2","48","170","110","141","359","8","C1844592"
"3313","2","3","2","48","170","50","304","167","593","C1844592"
"5443","2","5","4","68","96","326","427","548","672","C1844592"
"2261","2","5","7","53","14","20","25","40","186","C1844592"
"55212","2","3","12","76","153","76","38","54","75","C1844592"
"7054","2","3","5","80","81","166","34","258","345","C1844592"
"2260","2","5","7","53","14","20","25","40","186","C1844592"
"9968","2","4","3","24","119","330","214","454","144","C1844592"
"10161","2","5","4","68","96","326","427","548","672","C1844592"
"3689","2","5","7","34","52","216","395","549","674","C1844592"
"4683","2","3","12","19","31","261","116","1","86","C1844592"
"182","2","5","7","53","51","143","428","236","667","C1844592"
"3501","2","5","7","53","51","119","395","549","674","C1844592"
"4337","2","3","2","80","91","75","204","267","352","C1844592"
"4893","2","5","7","34","52","24","30","46","72","C1844592"
"51364","2","3","6","11","142","225","142","220","298","C1844597"
"152330","2","5","7","27","51","335","444","560","373","C1844597"
"5605","2","5","7","53","14","20","34","540","68","C1844597"
"54903","2","3","12","76","153","40","38","54","75","C1844597"
"8600","2","5","7","41","219","339","156","568","697","C1844597"
"5830","2","3","5","43","161","305","409","208","482","C1844605"
"5828","2","3","5","43","161","305","409","208","482","C1844605"
"2673","2","3","2","110","94","178","226","297","380","C1844606"
"4297","2","3","12","19","31","1","426","55","78","C1844606"
"977","2","5","7","53","51","342","454","573","492","C1844632"
"7045","2","5","12","19","51","1","426","55","78","C1844632"
"2176","2","3","12","19","31","261","116","1","86","C1844662"
"9049","2","3","3","41","151","276","378","271","356","C1844662"
"19","2","3","3","19","151","276","91","433","118","C1844666"
"5771","2","5","7","53","14","296","25","40","186","C1844666"
"3636","2","3","5","80","14","20","25","40","186","C1844666"
"10312","2","3","7","34","52","216","395","549","674","C1844666"
"4137","2","3","7","27","36","150","341","223","628","C1844666"
"9409","2","3","5","43","161","305","409","208","482","C1844689"
"3954","2","3","2","48","170","67","119","444","593","C1844689"
"10195","2","3","2","48","69","99","162","216","290","C1844689"
"1186","2","5","8","63","45","23","34","464","187","C1844690"
"2052","2","3","5","91","130","114","290","367","475","C1844690"
"3617","2","5","7","86","221","321","454","311","518","C1844690"
"5450","2","3","12","19","221","261","116","159","211","C1844709"
"1293","2","5","7","53","51","342","454","573","492","C1844709"
"5476","2","3","7","34","52","216","395","152","310","C1844709"
"114548","2","3","12","41","219","339","156","568","697","C1844709"
"718","2","5","7","34","51","119","395","549","674","C1844709"
"1736","2","3","2","110","85","237","433","547","671","C1844738"
"9570","2","3","7","60","153","40","38","66","203","C1844738"
"8573","2","5","7","53","36","71","341","223","219","C1844738"
"148022","2","3","12","41","219","339","156","568","697","C1844738"
"1031","2","3","12","19","31","1","426","55","78","C1844738"
"3557","2","3","12","41","219","339","156","568","697","C1844738"
"9531","2","3","12","41","219","339","347","271","356","C1844749"
"5422","2","3","12","19","31","261","116","1","86","C1844749"
"673","2","5","7","53","14","20","34","540","68","C1844749"
"50814","2","3","2","69","221","73","360","86","119","C1844749"
"639","2","3","12","19","31","1","426","55","78","C1844749"
"2066","2","5","7","53","14","20","25","40","186","C1844749"
"3861","2","1","6","11","142","225","142","220","298","C1844749"
"6392","2","3","2","48","170","50","119","444","556","C1844749"
"19","2","3","3","19","151","276","91","433","118","C1844749"
"6326","2","5","8","63","36","166","341","390","158","C1844749"
"6452","2","5","7","53","14","20","25","40","186","C1844749"
"2218","2","5","2","53","123","194","255","560","373","C1844749"
"2780","2","5","4","68","96","326","427","548","672","C1844749"
"4882","2","3","4","68","96","326","427","548","672","C1844749"
"5116","2","3","12","76","153","40","38","54","75","C1844749"
"1387","2","3","12","19","31","276","91","433","118","C1844749"
"2074","2","3","12","19","31","1","426","55","78","C1844752"
"4615","2","3","12","41","219","339","156","568","697","C1844752"
"3106","2","5","7","34","52","119","395","549","674","C1844752"
"55703","2","3","2","22","33","261","116","159","211","C1844752"
"6648","2","3","2","95","151","160","378","173","229","C1844752"
"8820","2","3","3","19","221","321","428","541","667","C1844752"
"6399","2","5","7","60","54","24","30","46","72","C1844752"
"658","2","5","7","53","51","342","259","423","389","C1844753"
"6794","2","3","12","53","14","20","34","540","68","C1844753"
"1687","2","3","2","22","36","295","398","552","628","C1844806"
"6392","2","3","2","48","170","50","119","444","556","C1844806"
"23317","2","5","7","34","52","216","395","549","674","C1844806"
"3425","2","3","5","80","81","166","454","573","492","C1844806"
"1728","2","3","2","41","116","268","434","568","605","C1844806"
"6165","2","3","2","110","85","237","433","547","671","C1844806"
"25939","2","3","12","53","184","119","156","287","116","C1844806"
"10804","2","3","12","76","153","40","38","54","75","C1844806"
"3559","2","5","7","53","14","20","25","40","186","C1844806"
"2512","2","3","7","34","52","216","395","544","358","C1844806"
"9652","2","3","2","110","85","237","433","547","671","C1844806"
"2316","2","5","7","53","51","342","454","573","702","C1844806"
"1294","2","5","7","53","51","342","454","573","492","C1844806"
"7227","2","3","12","19","31","276","91","433","118","C1844806"
"63976","2","3","12","19","31","1","426","55","78","C1844806"
"19","2","3","3","19","151","276","91","433","118","C1844806"
"9632","2","3","7","60","153","40","38","54","203","C1844806"
"4312","2","5","7","53","51","342","454","573","492","C1844809"
"8050","2","3","2","67","92","293","55","75","311","C1844809"
"7140","2","5","8","63","45","23","103","464","187","C1844809"
"291","2","3","2","48","170","50","304","167","593","C1844809"
"5605","2","5","7","53","14","20","34","540","68","C1844809"
"627","2","5","7","53","51","335","444","423","373","C1844813"
"5447","2","3","5","91","214","271","372","471","586","C1844813"
"26191","2","5","7","53","14","20","25","40","186","C1844813"
"5335","2","3","7","53","14","20","25","40","186","C1844813"
"7048","2","5","7","53","51","342","259","423","389","C1844813"
"2571","2","3","2","67","142","71","152","197","219","C1844813"
"9469","2","3","2","103","189","303","29","475","467","C1844813"
"6303","2","3","2","67","118","160","261","188","423","C1844813"
"1493","2","5","7","53","51","119","25","40","186","C1844813"
"3845","2","5","7","60","54","24","30","46","72","C1844813"
"6495","2","3","3","19","221","321","428","541","667","C1844813"
"1286","2","5","7","53","51","342","454","573","492","C1844813"
"9064","2","5","7","53","14","20","34","540","68","C1844813"
"3123","2","5","7","53","51","119","156","287","116","C1844813"
"8505","2","3","12","19","31","261","116","1","86","C1844813"
"356","2","5","7","53","219","339","25","489","697","C1844813"
"3690","2","5","7","53","51","342","454","573","492","C1844813"
"1493","2","5","7","53","51","119","25","40","186","C1844813"
"23474","2","3","12","19","31","1","91","433","118","C1844813"
"3559","2","5","7","53","14","20","25","40","186","C1844813"
"2245","2","5","7","60","54","24","30","46","72","C1844813"
"6125","2","3","2","110","85","237","433","547","671","C1844813"
"4644","2","5","7","60","54","184","141","359","411","C1844813"
"3717","2","5","7","53","14","20","25","40","186","C1844813"
"3852","2","1","6","11","142","225","142","220","298","C1844813"
"1301","2","5","7","53","51","342","454","573","492","C1844813"
"10269","2","3","2","48","182","50","119","444","556","C1844813"
"1019","2","3","12","19","31","1","116","1","86","C1844813"
"2916","2","5","4","68","96","326","427","548","672","C1844813"
"51085","2","3","2","48","57","110","141","359","462","C1844813"
"8890","2","3","2","110","85","237","433","547","671","C1844813"
"11315","2","3","2","48","170","50","399","201","229","C1844820"
"2626","2","3","12","19","31","118","155","287","116","C1844820"
"6736","2","3","12","19","31","276","91","433","667","C1844820"
"4353","2","3","7","34","52","216","395","549","674","C1844820"
"2903","2","5","7","53","14","20","25","223","219","C1844820"
"23250","2","3","7","34","52","216","395","549","559","C1844820"
"6442","2","5","8","63","45","23","103","464","187","C1844820"
"6648","2","3","2","95","151","160","378","173","229","C1844820"
"51741","2","3","2","22","33","323","66","101","127","C1844820"
"10861","2","3","2","35","142","225","142","220","673","C1844820"
"7248","2","3","2","48","57","110","141","359","462","C1844820"
"57822","2","3","12","19","31","1","426","55","78","C1844820"
"162417","2","3","2","67","97","167","210","171","240","C1844820"
"8148","2","3","12","19","31","261","116","159","211","C1844820"
"2706","2","3","12","76","153","40","38","54","75","C1844820"
"8526","2","3","2","63","30","193","306","390","158","C1844820"
"5443","2","5","4","68","96","326","427","548","672","C1844820"
"25814","2","3","2","48","170","110","119","444","462","C1844820"
"3814","2","5","4","68","96","326","427","548","672","C1844820"
"10060","2","3","8","41","45","23","423","464","445","C1844820"
"57531","2","3","12","41","116","268","434","468","213","C1844820"
"10806","2","3","12","76","153","40","38","54","75","C1844820"
"36","2","3","2","48","170","50","119","444","556","C1844820"
"2018","2","3","3","19","221","321","428","541","667","C1844820"
"590","2","3","5","85","143","286","51","488","604","C1844820"
"846","2","5","4","68","96","326","427","548","672","C1844820"
"22854","2","5","5","27","51","335","444","560","373","C1844820"
"5624","2","5","7","53","51","342","454","573","492","C1844820"
"9869","2","3","12","19","31","1","426","55","78","C1844820"
"4952","2","3","5","60","54","184","30","544","669","C1844820"
"7140","2","5","8","63","45","23","103","464","187","C1844820"
"55135","2","3","12","76","137","76","136","472","435","C1844820"
"5351","2","5","7","53","51","342","454","573","492","C1844825"
"8450","2","3","12","41","116","268","434","468","213","C1844825"
"2719","2","5","7","53","51","342","454","573","492","C1844825"
"4512","2","3","2","48","170","110","141","359","8","C1844825"
"55640","2","3","5","80","81","104","369","117","583","C1844825"
"5604","2","5","7","53","14","20","34","540","68","C1844825"
"10082","2","3","2","74","51","342","454","573","492","C1844825"
"57514","2","5","7","60","54","24","30","46","72","C1844857"
"7461","2","3","7","60","153","40","38","93","75","C1844857"
"2773","2","5","4","68","96","326","427","548","672","C1844891"
"8481","2","3","12","76","153","40","38","54","75","C1844891"
"5172","2","5","8","45","94","199","240","415","666","C1844891"
"54805","2","5","7","26","94","85","189","247","333","C1844891"
"8398","2","3","5","116","183","40","38","352","455","C1844891"
"4286","2","3","12","19","31","261","116","1","664","C1844906"
"22995","2","3","12","76","153","40","38","54","75","C1844906"
"5922","2","5","7","60","54","24","30","46","72","C1844906"
"6223","2","3","2","110","85","237","433","547","671","C1845019"
"50485","2","3","12","19","31","261","116","1","86","C1845019"
"5832","2","3","2","101","62","189","182","509","252","C1845019"
"23141","2","3","12","76","105","40","226","489","435","C1845069"
"2261","2","5","7","53","14","20","25","40","186","C1845069"
"2353","2","3","12","19","31","1","91","489","416","C1845110"
"7001","2","3","5","80","81","110","141","359","229","C1845110"
"190","2","3","3","19","151","276","91","433","118","C1845110"
"9420","2","3","5","79","159","256","215","282","366","C1845123"
"9632","2","3","7","60","153","40","38","54","203","C1845123"
"55806","2","3","12","19","31","1","426","55","78","C1845123"
"3425","2","3","5","80","81","166","454","573","492","C1845123"
"2916","2","5","4","68","96","326","427","548","672","C1845123"
"29851","2","5","7","53","14","20","25","40","186","C1845123"
"51360","2","3","3","26","35","276","91","433","203","C1845123"
"5805","2","3","2","43","91","75","204","267","352","C1845151"
"472","2","3","12","19","31","261","116","1","86","C1845151"
"6329","2","5","8","63","36","166","341","390","158","C1845155"
"9179","2","5","7","60","18","184","341","544","669","C1845155"
"5627","2","5","7","53","51","342","454","573","702","C1845155"
"5251","2","3","5","80","81","296","474","593","722","C1845155"
"2261","2","5","7","53","14","20","25","40","186","C1845169"
"7389","2","3","2","17","24","51","132","210","123","C1845169"
"3239","2","3","3","19","221","321","428","541","667","C1845169"
"5604","2","5","7","53","14","20","34","540","68","C1845169"
"55112","2","3","12","76","153","40","38","54","75","C1845169"
"4535","2","3","2","48","170","50","119","444","556","C1845169"
"51091","2","3","2","110","85","237","433","547","671","C1845169"
"2318","2","5","7","53","45","23","103","464","187","C1845206"
"6948","2","5","7","48","51","105","139","186","245","C1845206"
"348932","2","3","8","45","94","199","240","415","666","C1845206"
"7422","2","5","7","53","51","342","454","573","702","C1845206"
"987","2","3","6","48","94","279","347","330","304","C1845206"
"11231","2","3","2","110","105","178","226","297","380","C1845206"
"4358","2","3","5","43","161","305","409","208","482","C1845206"
"207","2","3","7","53","14","20","34","489","416","C1845206"
"11005","2","1","6","11","142","225","142","220","298","C1845206"
"6334","2","5","8","63","36","166","341","223","158","C1845245"
"5159","2","5","7","53","14","20","25","40","186","C1845245"
"4041","2","5","3","68","221","197","259","560","422","C1845250"
"9401","2","3","12","76","31","261","116","1","86","C1845250"
"2697","2","3","7","76","153","40","38","54","75","C1845251"
"1290","2","5","7","53","51","342","454","573","492","C1845251"
"57216","2","3","12","41","116","268","259","568","422","C1845251"
"2121","2","3","12","41","116","268","434","568","605","C1845272"
"2099","2","3","12","19","151","276","91","433","118","C1845272"
"3728","2","5","7","34","52","225","142","220","298","C1845272"
"175","2","3","7","34","52","216","395","549","674","C1845272"
"4920","2","5","7","53","14","20","259","560","373","C1845272"
"4519","2","3","2","48","170","50","119","508","312","C1845274"
"1146","2","5","8","27","70","99","162","216","290","C1845274"
"4000","2","3","12","26","105","178","226","297","156","C1845370"
"4072","2","5","7","53","51","119","454","573","492","C1845370"
"9401","2","3","12","76","31","261","116","1","86","C1845408"
"65018","2","3","2","48","57","110","34","359","462","C1845408"
"6334","2","5","8","63","36","166","341","223","158","C1845447"
"54101","2","3","2","48","170","50","347","167","593","C1845447"
"4763","2","5","7","60","54","24","30","46","214","C1845447"
"23592","2","3","12","26","105","342","259","423","389","C1845447"
"8803","2","3","8","67","92","293","55","75","311","C1845447"
"6622","2","3","7","27","36","150","341","223","628","C1845447"
"2218","2","5","2","53","123","194","255","560","373","C1845447"
"8924","2","3","12","41","116","268","434","468","213","C1845447"
"2969","2","3","12","19","31","276","91","433","118","C1845447"
"1717","2","3","2","19","151","276","48","69","204","C1845447"
"5328","2","5","7","34","52","216","395","549","674","C1845447"
"51594","2","3","7","76","153","40","38","54","75","C1845447"
"5894","2","5","7","60","54","23","34","464","187","C1845447"
"3748","2","5","8","63","36","166","106","110","158","C1845447"
"1586","2","3","5","79","98","256","335","425","540","C1845447"
"9401","2","3","12","76","31","261","116","1","86","C1845447"
"5340","2","5","7","53","51","342","454","573","492","C1845447"
"55572","2","3","2","48","170","50","119","444","556","C1845672"
"6442","2","5","8","63","45","23","103","464","187","C1845672"
"2175","2","3","12","19","31","261","116","1","86","C1845805"
"4329","2","3","2","67","92","293","229","381","496","C1845805"
"1991","2","5","7","34","52","216","395","549","674","C1845877"
"347","2","3","7","98","51","298","401","506","626","C1845877"
"9627","2","3","12","19","31","1","426","55","78","C1845877"
"3984","2","5","7","53","14","20","34","540","68","C1845877"
"26128","2","3","12","76","153","40","38","54","154","C1845877"
"5076","2","3","3","19","221","321","428","541","667","C1845877"
"4878","2","3","12","19","31","1","426","55","78","C1845877"
"1144","2","5","8","27","70","99","162","216","290","C1845877"
"1807","2","3","5","80","23","186","79","560","273","C1845878"
"2263","2","5","7","53","14","20","25","40","186","C1845878"
"7167","2","3","2","90","167","266","367","500","577","C1845878"
"8820","2","3","3","19","221","321","428","541","667","C1846006"
"9640","2","3","12","19","31","261","116","159","211","C1846006"
"9990","2","5","8","45","94","199","240","415","666","C1846013"
"6736","2","3","12","19","31","276","91","433","667","C1846013"
"9381","2","5","7","53","33","342","34","540","492","C1846142"
"54880","2","3","12","19","31","1","426","55","78","C1846142"
"7189","2","3","12","41","219","339","156","568","697","C1846142"
"79188","2","3","2","48","182","50","119","444","666","C1846142"
"6391","2","3","2","48","170","50","119","444","556","C1846142"
"3984","2","5","7","53","14","20","34","540","68","C1846142"
"51099","2","3","2","67","92","293","55","75","311","C1846154"
"3953","2","5","7","53","14","20","25","40","186","C1846154"
"54968","2","3","2","48","170","50","119","444","556","C1846154"
"1717","2","3","2","19","151","276","48","69","204","C1846154"
"6899","2","5","7","53","184","335","259","560","373","C1846154"
"6521","2","5","8","35","41","199","40","415","666","C1846154"
"4758","2","3","7","34","52","216","395","549","517","C1846168"
"846","2","5","4","68","96","326","427","548","672","C1846168"
"2592","2","3","2","68","117","196","257","326","419","C1846169"
"1436","2","5","7","53","14","20","25","40","186","C1846169"
"1186","2","5","8","63","45","23","34","464","187","C1846176"
"54101","2","3","2","48","170","50","347","167","593","C1846176"
"545","2","3","12","19","31","261","116","1","86","C1846176"
"1376","2","3","2","19","151","276","91","433","118","C1846176"
"6262","2","5","8","63","45","23","34","464","187","C1846223"
"5885","2","3","12","76","153","40","38","54","75","C1846223"
"4221","2","3","12","19","31","342","454","573","492","C1846223"
"3480","2","5","7","53","14","20","25","40","186","C1846223"
"3845","2","5","7","60","54","24","30","46","72","C1846223"
"54345","2","5","3","19","221","321","428","541","667","C1846223"
"9150","2","3","12","19","31","261","116","159","211","C1846223"
"3984","2","5","7","53","14","20","34","540","68","C1846223"
"7157","2","3","12","19","31","261","402","489","551","C1846223"
"6900","2","5","7","53","51","342","454","223","373","C1846223"
"6309","2","3","5","19","151","76","48","69","204","C1846223"
"6340","2","5","8","63","45","23","34","464","187","C1846223"
"10060","2","3","8","41","45","23","423","464","445","C1846226"
"55532","2","3","7","25","44","165","101","274","358","C1846226"
"5521","2","3","12","76","137","76","136","472","435","C1846226"
"2261","2","5","7","53","14","20","25","40","186","C1846226"
"9573","2","5","7","53","51","342","259","423","389","C1846226"
"330","2","3","12","41","219","339","156","568","697","C1846226"
"3908","2","5","7","53","51","342","454","573","492","C1846226"
"4089","2","3","12","19","219","339","259","423","605","C1846226"
"4920","2","5","7","53","14","20","259","560","373","C1846226"
"51626","2","3","12","76","153","40","38","54","75","C1846226"
"54","2","3","5","80","81","178","195","256","342","C1846226"
"8517","2","3","12","41","219","339","156","568","697","C1846226"
"2052","2","3","5","91","130","114","290","367","475","C1846228"
"11127","2","3","12","76","153","40","38","54","75","C1846228"
"10225","2","5","7","53","51","119","395","549","674","C1846228"
"23322","2","3","12","76","153","40","38","54","75","C1846228"
"1298","2","5","7","53","51","342","454","573","492","C1846228"
"11236","2","3","12","41","116","268","434","468","213","C1846228"
"64333","2","5","7","34","52","216","395","46","72","C1846228"
"2034","2","3","12","41","116","268","434","468","213","C1846228"
"5932","2","3","12","19","31","261","116","1","86","C1846228"
"23639","2","3","12","41","219","261","136","271","356","C1846228"
"4998","2","3","12","76","31","261","116","1","86","C1846228"
"975","2","5","7","53","51","119","395","549","674","C1846228"
"25836","2","3","12","76","153","40","38","54","75","C1846228"
"26503","2","3","2","89","124","204","272","347","442","C1846228"
"6469","2","5","3","53","221","197","259","560","422","C1846228"
"10555","2","3","7","34","52","216","395","549","622","C1846228"
"148789","2","3","2","78","123","126","135","215","289","C1846228"
"54704","2","3","2","67","92","293","55","75","311","C1846242"
"4693","2","5","7","53","51","342","454","573","492","C1846242"
"4358","2","3","5","43","161","305","409","208","482","C1846242"
"5116","2","3","12","76","153","40","38","54","75","C1846288"
"2245","2","5","7","60","54","24","30","46","72","C1846288"
"4921","2","5","7","53","14","20","25","573","186","C1846288"
"64421","2","3","12","19","31","261","116","1","86","C1846288"
"2719","2","5","7","53","51","342","454","573","492","C1846339"
"22","2","3","2","48","170","279","423","274","154","C1846339"
"2778","2","5","4","68","96","326","427","548","672","C1846345"
"26191","2","5","7","53","14","20","25","40","186","C1846345"
"10280","2","3","2","110","85","52","57","86","119","C1846345"
"58","2","5","8","63","45","23","103","464","187","C1846345"
"11152","2","3","2","48","57","110","141","359","462","C1846345"
"593","2","3","2","67","92","293","55","75","311","C1846345"
"3691","2","5","7","53","51","342","454","573","492","C1846345"
"9731","2","3","12","76","153","40","38","54","75","C1846345"
"7291","2","3","12","19","151","276","91","489","416","C1846347"
"8893","2","3","2","110","85","237","433","547","671","C1846347"
"5238","2","3","2","80","141","221","111","385","501","C1846347"
"6605","2","3","12","19","31","1","426","55","78","C1846347"
"1301","2","5","7","53","51","342","454","573","492","C1846347"
"673","2","5","7","53","14","20","34","540","68","C1846347"
"8200","2","5","7","53","51","342","259","423","389","C1846347"
"2492","2","5","4","68","96","326","427","548","672","C1846347"
"5908","2","5","7","34","52","216","30","46","72","C1846347"
"2896","2","5","7","34","52","216","395","549","674","C1846347"
"6391","2","3","2","48","170","50","119","444","556","C1846347"
"5172","2","5","8","45","94","199","240","415","666","C1846347"
"1001","2","5","7","53","51","335","444","560","373","C1846347"
"137814","2","5","7","53","184","335","259","560","373","C1846347"
"1555","2","3","5","91","214","271","372","480","598","C1846347"
"1184","2","5","8","63","45","23","34","464","187","C1846347"
"8139","2","3","12","41","116","268","434","468","213","C1846347"
"5896","2","3","12","41","116","268","434","568","605","C1846347"
"1027","2","3","12","19","31","1","116","1","86","C1846348"
"7019","2","3","3","19","151","276","91","433","118","C1846348"
"50964","2","5","3","68","221","197","259","423","422","C1846348"
"9241","2","5","7","53","51","342","259","423","389","C1846348"
"10401","2","3","12","19","31","261","116","1","664","C1846348"
"9451","2","3","2","110","51","335","226","297","380","C1846351"
"50964","2","5","3","68","221","197","259","423","422","C1846351"
"7291","2","3","12","19","151","276","91","489","416","C1846351"
"4853","2","3","12","19","124","143","428","236","667","C1846351"
"4625","2","3","8","63","45","23","103","464","187","C1846351"
"10195","2","3","2","48","69","99","162","216","290","C1846352"
"9049","2","3","3","41","151","276","378","271","356","C1846352"
"153572","2","3","3","19","221","321","428","541","667","C1846352"
"396","2","5","7","60","54","24","30","46","72","C1846352"
"3753","2","5","8","63","36","166","341","223","158","C1846352"
"351","2","5","4","68","96","326","188","145","193","C1846385"
"4540","2","3","2","48","170","50","119","444","556","C1846385"
"8625","2","3","12","19","31","276","91","236","118","C1846423"
"4000","2","3","12","26","105","178","226","297","156","C1846423"
"801","2","5","8","63","45","23","103","464","187","C1846423"
"7508","2","3","12","19","31","261","116","1","664","C1846423"
"5743","2","3","5","53","175","119","167","489","416","C1846431"
"4000","2","3","12","26","105","178","226","297","156","C1846431"
"7840","2","3","12","76","153","40","38","54","75","C1846433"
"9076","2","5","6","42","36","71","177","64","219","C1846433"
"5696","2","3","12","41","116","268","156","568","116","C1846433"
"142","2","3","12","19","31","261","116","1","86","C1846433"
"3172","2","3","3","19","151","276","91","433","118","C1846434"
"7994","2","3","12","19","31","1","426","55","78","C1846434"
"4921","2","5","7","53","14","20","25","573","186","C1846434"
"7290","2","3","12","19","31","1","426","55","78","C1846434"
"3356","2","5","4","68","96","326","427","548","672","C1846434"
"7291","2","3","12","19","151","276","91","489","416","C1846434"
"3122","2","5","7","53","184","119","156","287","116","C1846434"
"2592","2","3","2","68","117","196","257","326","419","C1846434"
"885","2","5","4","68","96","326","427","548","672","C1846434"
"55636","2","3","3","19","221","321","428","423","389","C1846434"
"5728","2","3","5","80","81","339","156","568","605","C1846434"
"2638","2","5","8","63","45","23","103","464","187","C1846434"
"7248","2","3","2","48","57","110","141","359","462","C1846434"
"2072","2","3","12","19","31","261","116","1","86","C1846434"
"9896","2","3","5","80","81","296","399","201","274","C1846435"
"7248","2","3","2","48","57","110","141","359","462","C1846435"
"10269","2","3","2","48","182","50","119","444","556","C1846435"
"6663","2","3","3","19","221","321","428","541","667","C1846435"
"1303","2","5","7","53","51","342","454","573","492","C1846435"
"5189","2","3","5","43","161","305","409","208","482","C1846435"
"1290","2","5","7","53","51","342","454","573","492","C1846435"
"1778","2","3","7","76","153","40","38","54","75","C1846435"
"7099","2","5","7","41","219","339","156","568","697","C1846435"
"2074","2","3","12","19","31","1","426","55","78","C1846435"
"51750","2","3","12","19","31","261","116","1","86","C1846435"
"90993","2","3","12","26","35","276","91","433","156","C1846435"
"4089","2","3","12","19","219","339","259","423","605","C1846435"
"57716","2","5","7","11","36","71","341","223","219","C1846438"
"486","2","5","8","63","45","23","103","464","187","C1846438"
"2263","2","5","7","53","14","20","25","40","186","C1846438"
"2314","2","3","12","63","45","184","103","572","658","C1846438"
"25836","2","3","12","76","153","40","38","54","75","C1846439"
"5551","2","5","7","53","51","119","395","549","674","C1846439"
"6926","2","5","7","53","51","335","259","560","373","C1846439"
"8792","2","3","12","41","219","339","156","568","697","C1846439"
"1723","2","3","2","48","170","50","119","444","556","C1846439"
"5979","2","5","7","53","14","20","25","40","186","C1846439"
"5982","2","3","12","19","31","261","116","1","86","C1846439"
"2719","2","5","7","53","51","342","454","573","492","C1846439"
"760","2","3","5","35","41","77","40","78","178","C1846439"
"3458","2","5","7","53","184","119","156","287","116","C1846439"
"6899","2","5","7","53","184","335","259","560","373","C1846439"
"3514","2","5","7","53","51","119","395","549","674","C1846439"
"3075","2","5","7","53","51","119","395","549","674","C1846439"
"2022","2","5","7","53","51","342","259","423","389","C1846439"
"4125","2","3","7","34","52","216","395","549","674","C1846439"
"8481","2","3","12","76","153","40","38","54","75","C1846439"
"3891","2","1","6","11","142","225","142","220","298","C1846442"
"8518","2","3","12","19","31","1","426","55","78","C1846442"
"9723","2","5","7","53","51","342","79","560","373","C1846442"
"3815","2","5","7","53","14","20","25","40","186","C1846449"
"7283","2","3","12","76","153","40","38","54","75","C1846449"
"1352","2","3","2","48","170","50","119","444","556","C1846449"
"5020","2","5","4","68","96","326","427","548","672","C1846449"
"8626","2","3","3","19","221","321","428","541","667","C1846449"
"10269","2","3","2","48","182","50","119","444","556","C1846449"
"9790","2","3","2","110","85","237","433","547","671","C1846449"
"3123","2","5","7","53","51","119","156","287","116","C1846449"
"4668","2","3","5","21","111","188","242","313","396","C1846449"
"7253","2","5","4","68","96","326","427","548","672","C1846449"
"1186","2","5","8","63","45","23","34","464","187","C1846464"
"204219","2","3","2","50","47","39","100","321","255","C1846464"
"6662","2","3","3","19","221","321","428","541","667","C1846464"
"26235","2","3","12","41","116","268","434","468","213","C1846474"
"3043","2","5","7","34","52","216","395","549","116","C1846474"
"3953","2","5","7","53","14","20","25","40","186","C1846474"
"538","2","3","8","63","45","23","103","464","187","C1846474"
"7547","2","3","3","19","221","321","428","541","667","C1846546"
"2627","2","3","12","19","31","118","155","287","116","C1846546"
"538","2","3","8","63","45","23","103","464","187","C1846546"
"7319","2","3","12","41","116","268","434","468","213","C1846546"
"5021","2","5","4","68","96","326","427","548","672","C1846546"
"2588","2","3","7","34","52","216","395","549","674","C1846546"
"3035","2","3","2","110","85","237","433","547","154","C1846550"
"2778","2","5","4","68","96","326","427","548","672","C1846550"
"54209","2","5","7","53","51","119","395","549","674","C1846550"
"2033","2","3","12","19","31","1","91","433","118","C1846550"
"1282","2","5","7","53","51","342","454","573","492","C1846566"
"5195","2","3","5","43","161","305","409","208","482","C1846566"
"4148","2","5","7","53","51","342","454","573","492","C1846566"
"1371","2","3","5","17","24","261","116","164","6","C1846566"
"4541","2","3","2","48","170","50","119","444","24","C1846566"
"29072","2","3","12","19","31","1","426","55","78","C1846566"
"3728","2","5","7","34","52","225","142","220","298","C1846620"
"3675","2","5","7","53","51","342","454","573","492","C1846620"
"5595","2","3","7","53","14","20","34","540","68","C1846707"
"1591","2","3","5","92","163","262","136","460","566","C1846707"
"974","2","5","7","53","51","119","395","549","674","C1846707"
"3954","2","3","2","48","170","67","119","444","593","C1846707"
"8526","2","3","2","63","30","193","306","390","158","C1846707"
"10265","2","3","3","19","221","321","428","541","667","C1846707"
"10020","2","3","2","89","124","204","42","452","258","C1846707"
"6262","2","5","8","63","45","23","34","464","187","C1846707"
"3845","2","5","7","60","54","24","30","46","72","C1846707"
"1487","2","3","12","19","31","1","426","55","340","C1846790"
"4763","2","5","7","60","54","24","30","46","214","C1846790"
"3270","2","5","7","53","51","342","454","573","492","C1846790"
"8622","2","3","4","68","96","326","427","548","672","C1846797"
"5071","2","3","12","41","116","268","434","468","213","C1846797"
"2627","2","3","12","19","31","118","155","287","116","C1846797"
"116519","2","5","7","53","51","342","454","573","492","C1846797"
"4843","2","3","5","43","161","305","409","489","416","C1846797"
"1908","2","5","4","68","96","326","427","548","672","C1846797"
"4722","2","3","2","48","170","50","119","444","556","C1846797"
"2668","2","5","7","53","14","20","25","40","186","C1846797"
"51364","2","3","6","11","142","225","142","220","298","C1846797"
"2072","2","3","12","19","31","261","116","1","86","C1846798"
"695","2","5","7","53","14","20","25","40","186","C1846798"
"1374","2","3","2","19","151","276","91","433","118","C1846803"
"26154","2","3","5","47","144","185","238","310","392","C1846803"
"2263","2","5","7","53","14","20","25","40","186","C1846803"
"51259","2","3","2","76","153","40","38","54","75","C1846803"
"3694","2","5","7","53","51","342","454","573","492","C1846803"
"411","2","3","7","34","52","216","395","549","674","C1846803"
"2348","2","3","7","60","153","40","38","54","203","C1846803"
"249","2","3","5","27","51","335","444","560","373","C1846803"
"3945","2","3","2","62","137","76","136","212","286","C1846803"
"4791","2","3","12","41","219","339","156","568","697","C1846821"
"25937","2","3","12","19","36","143","177","236","321","C1846821"
"3785","2","5","8","63","36","166","106","110","158","C1846821"
"26278","2","3","12","41","116","268","347","271","356","C1846821"
"7299","2","3","5","23","18","138","250","332","407","C1846821"
"11277","2","3","12","19","31","261","116","1","86","C1846821"
"2778","2","5","4","68","96","326","427","548","672","C1846821"
"5589","2","5","7","53","51","342","454","573","492","C1846821"
"5332","2","3","4","68","96","326","427","548","672","C1846821"
"3977","2","5","7","53","51","119","25","40","416","C1846821"
"5147","2","3","5","60","54","24","30","46","72","C1846821"
"148789","2","3","2","78","123","126","135","215","289","C1846821"
"2261","2","5","7","53","14","20","25","40","186","C1846821"
"5573","2","3","12","19","184","118","155","287","116","C1846821"
"2645","2","3","2","90","167","266","367","101","664","C1846821"
"2099","2","3","12","19","151","276","91","433","118","C1846821"
"2290","2","3","3","19","221","321","428","541","667","C1846821"
"3094","2","3","2","48","170","266","367","500","78","C1846821"
"1285","2","5","7","53","51","342","454","573","492","C1846821"
"5741","2","5","4","68","96","326","427","548","672","C1846821"
"695","2","5","7","53","14","20","25","40","186","C1846821"
"9131","2","3","12","41","219","339","347","271","356","C1846821"
"3766","2","5","8","63","36","166","106","110","158","C1846821"
"2132","2","3","2","74","58","112","148","193","263","C1846821"
"5788","2","5","7","34","52","216","395","549","674","C1846821"
"3516","2","3","12","19","31","143","428","236","667","C1846821"
"1536","2","5","7","34","52","216","395","549","674","C1846821"
"2833","2","5","4","68","96","326","427","548","672","C1846853"
"3630","2","5","7","53","14","20","25","40","186","C1846853"
"5189","2","3","5","43","161","305","409","208","482","C1846865"
"7098","2","5","7","41","219","339","156","568","697","C1846865"
"3291","2","3","2","69","83","101","94","133","318","C1846865"
"1778","2","3","7","76","153","40","38","54","75","C1846868"
"134","2","5","4","68","96","326","427","548","672","C1846868"
"10013","2","3","12","19","31","143","91","236","311","C1846868"
"5518","2","3","12","76","153","40","38","54","435","C1846868"
"1767","2","3","12","76","153","40","38","54","75","C1846868"
"959","2","5","7","53","51","119","395","549","674","C1846868"
"1244","2","3","12","41","116","268","423","536","445","C1846911"
"4000","2","3","12","26","105","178","226","297","156","C1846911"
"7040","2","5","7","53","51","342","454","573","492","C1846950"
"7227","2","3","12","19","31","276","91","433","118","C1846950"
"2736","2","3","12","41","116","321","428","54","667","C1846950"
"6445","2","5","8","63","45","23","103","464","187","C1846950"
"3091","2","3","12","41","116","276","91","433","605","C1846950"
"26277","2","3","12","19","31","1","426","1","78","C1846950"
"4615","2","3","12","41","219","339","156","568","697","C1846950"
"3798","2","3","7","76","153","40","38","54","75","C1846950"
"6736","2","3","12","19","31","276","91","433","667","C1846950"
"6121","2","3","2","69","83","101","126","170","224","C1846950"
"207","2","3","7","53","14","20","34","489","416","C1846950"
"546","2","3","12","19","31","261","426","1","86","C1846950"
"23363","2","3","12","41","116","268","434","468","213","C1847117"
"8929","2","3","3","19","221","321","428","541","667","C1847117"
"5189","2","3","5","43","161","305","409","208","482","C1847117"
"2260","2","5","7","53","14","20","25","40","186","C1847117"
"3425","2","3","5","80","81","166","454","573","492","C1847319"
"5757","2","3","12","19","31","1","116","370","142","C1847319"
"9791","2","3","8","45","94","199","240","415","666","C1847319"
"51360","2","3","3","26","35","276","91","433","203","C1847383"
"10716","2","5","7","53","51","335","444","560","373","C1847383"
"5106","2","3","2","67","92","293","55","500","577","C1847383"
"4983","2","5","7","60","54","24","30","46","72","C1847425"
"5351","2","5","7","53","51","342","454","573","492","C1847425"
"5745","2","5","4","68","96","326","427","548","672","C1847425"
"3440","2","3","12","19","184","118","155","287","116","C1847514"
"23220","2","3","7","53","219","143","428","236","667","C1847514"
"51715","2","5","7","60","54","24","30","46","72","C1847514"
"51021","2","3","2","48","182","67","76","463","153","C1847514"
"5395","2","3","12","19","31","261","116","1","86","C1847514"
"6870","2","5","4","68","96","326","427","548","672","C1847514"
"1954","2","5","7","53","51","342","454","573","492","C1847514"
"4763","2","5","7","60","54","24","30","46","214","C1847514"
"22995","2","3","12","76","153","40","38","54","75","C1847514"
"6628","2","3","2","22","33","323","66","101","136","C1847514"
"6567","2","5","8","35","41","77","40","57","80","C1847514"
"4552","2","3","7","48","81","105","139","186","245","C1847514"
"3593","2","5","7","53","51","119","25","489","416","C1847514"
"767","2","3","5","35","41","87","93","149","196","C1847514"
"182","2","5","7","53","51","143","428","236","667","C1847514"
"5340","2","5","7","53","51","342","454","573","492","C1847514"
"5648","2","5","7","53","51","119","395","549","674","C1847514"
"9401","2","3","12","76","31","261","116","1","86","C1847514"
"4261","2","3","12","53","184","119","156","287","116","C1847514"
"2335","2","5","7","53","51","342","454","573","492","C1847514"
"111","2","5","4","68","96","326","427","548","672","C1847514"
"55764","2","3","12","76","153","40","38","54","75","C1847514"
"84947","2","3","2","45","81","217","128","172","110","C1847514"
"23141","2","3","12","76","105","40","226","489","435","C1847514"
"6347","2","5","7","53","51","119","427","489","416","C1847515"
"4000","2","3","12","26","105","178","226","297","156","C1847515"
"55572","2","3","2","48","170","50","119","444","556","C1847515"
"8564","2","3","5","52","212","183","307","391","522","C1847515"
"4313","2","5","7","53","51","342","454","573","492","C1847515"
"440","2","3","2","101","62","189","182","509","154","C1847572"
"5631","2","3","2","72","119","109","266","336","452","C1847572"
"5631","2","3","2","72","119","109","266","336","452","C1847610"
"7466","2","5","7","53","51","342","454","573","492","C1847610"
"10847","2","3","12","19","31","1","426","55","78","C1847730"
"2040","2","5","7","34","52","216","395","549","674","C1847730"
"3458","2","5","7","53","184","119","156","287","116","C1847759"
"1186","2","5","8","63","45","23","34","464","187","C1847759"
"8625","2","3","12","19","31","276","91","236","118","C1847759"
"5917","2","3","2","110","85","237","433","547","154","C1847759"
"3758","2","5","8","63","36","166","106","110","158","C1847759"
"1543","2","3","5","91","151","276","91","433","118","C1847759"
"3858","2","1","6","11","142","225","142","220","298","C1847759"
"10269","2","3","2","48","182","50","119","444","556","C1847759"
"9662","2","3","12","76","153","40","38","54","75","C1847759"
"2798","2","5","4","68","96","326","427","548","672","C1847762"
"2121","2","3","12","41","116","268","434","568","605","C1847762"
"2132","2","3","2","74","58","112","148","193","263","C1847762"
"3953","2","5","7","53","14","20","25","40","186","C1847762"
"2006","2","5","7","53","51","342","454","573","492","C1847762"
"1290","2","5","7","53","51","342","454","573","492","C1847766"
"4693","2","5","7","53","51","342","454","573","492","C1847766"
"1355","2","3","2","48","170","50","119","444","556","C1847766"
"2261","2","5","7","53","14","20","25","40","186","C1847766"
"9569","2","3","12","19","31","276","91","433","118","C1847766"
"8626","2","3","3","19","221","321","428","541","667","C1847766"
"8625","2","3","12","19","31","276","91","236","118","C1847827"
"7468","2","3","12","19","31","1","426","55","78","C1847827"
"4791","2","3","12","41","219","339","156","568","697","C1847868"
"1723","2","3","2","48","170","50","119","444","556","C1847868"
"695","2","5","7","53","14","20","25","40","186","C1847868"
"5894","2","5","7","60","54","23","34","464","187","C1847868"
"54463","2","3","2","48","57","110","141","359","462","C1847868"
"3767","2","5","8","63","36","166","106","110","158","C1847868"
"4514","2","3","2","48","57","110","141","359","5","C1847868"
"326","2","3","12","19","31","261","377","370","269","C1847868"
"8813","2","3","2","48","116","142","136","280","363","C1847868"
"1543","2","3","5","91","151","276","91","433","118","C1847906"
"1285","2","5","7","53","51","342","454","573","492","C1847906"
"27010","2","3","2","72","196","95","115","158","322","C1847906"
"25942","2","3","12","19","31","1","426","55","78","C1847906"
"5106","2","3","2","67","92","293","55","500","577","C1847906"
"25836","2","3","12","76","153","40","38","54","75","C1847906"
"3575","2","5","7","53","51","184","341","544","669","C1847906"
"2099","2","3","12","19","151","276","91","433","118","C1847906"
"9927","2","3","12","19","31","118","155","287","116","C1847906"
"5745","2","5","4","68","96","326","427","548","672","C1847906"
"212","2","3","2","67","92","293","55","487","116","C1847906"
"5506","2","3","12","76","137","76","136","82","658","C1847906"
"26276","2","3","7","60","81","184","341","66","203","C1847906"
"6497","2","5","3","19","221","342","259","423","389","C1847906"
"440","2","3","2","101","62","189","182","509","154","C1847906"
"27185","2","3","12","76","153","40","38","54","75","C1847906"
"182","2","5","7","53","51","143","428","236","667","C1847906"
"3363","2","5","4","68","96","326","427","548","672","C1847906"
"5589","2","5","7","53","51","342","454","573","492","C1847906"
"4867","2","5","7","76","153","40","38","54","75","C1847967"
"8878","2","3","12","41","219","339","156","568","697","C1847967"
"1896","2","5","12","41","219","339","156","568","697","C1847967"
"6833","2","5","8","45","36","166","240","415","666","C1847967"
"26191","2","5","7","53","14","20","25","40","186","C1847967"
"5961","2","5","7","27","51","326","126","414","702","C1847967"
"9895","2","3","2","48","57","110","141","359","462","C1848030"
"4907","2","3","5","80","81","296","62","94","150","C1848030"
"1145","2","5","8","27","70","99","162","216","290","C1848030"
"8076","2","5","7","53","51","342","454","573","492","C1848030"
"1030","2","3","12","19","31","1","426","55","78","C1848103"
"2316","2","5","7","53","51","342","454","573","702","C1848103"
"3835","2","3","12","76","153","40","38","54","75","C1848103"
"2324","2","5","7","53","14","20","25","40","186","C1848103"
"5604","2","5","7","53","14","20","34","540","68","C1848103"
"1588","2","3","5","79","159","256","350","27","44","C1848103"
"10847","2","3","12","19","31","1","426","55","78","C1848109"
"5443","2","5","4","68","96","326","427","548","672","C1848109"
"1301","2","5","7","53","51","342","454","573","492","C1848109"
"6620","2","5","7","27","36","150","341","223","628","C1848109"
"190","2","3","3","19","151","276","91","433","118","C1848178"
"538","2","3","8","63","45","23","103","464","187","C1848178"
"7468","2","3","12","19","31","1","426","55","78","C1848178"
"2733","2","3","2","22","33","323","66","101","664","C1848178"
"538","2","3","8","63","45","23","103","464","187","C1848178"
"3257","2","5","7","60","54","24","30","46","72","C1848178"
"55215","2","3","12","76","31","261","116","1","86","C1848178"
"1280","2","5","7","53","51","342","454","573","492","C1848178"
"8626","2","3","3","19","221","321","428","541","667","C1848178"
"26191","2","5","7","53","14","20","25","40","186","C1848178"
"2121","2","3","12","41","116","268","434","568","605","C1848178"
"54903","2","3","12","76","153","40","38","54","75","C1848178"
"6812","2","5","7","27","36","150","341","223","628","C1848178"
"29887","2","3","7","60","18","110","141","198","270","C1848192"
"2239","2","3","2","74","51","342","454","573","492","C1848192"
"6391","2","3","2","48","170","50","119","444","556","C1848201"
"1406","2","3","3","19","221","321","428","541","667","C1848201"
"4318","2","5","7","34","52","216","395","573","492","C1848201"
"7436","2","5","7","53","51","342","341","544","669","C1848336"
"1027","2","3","12","19","31","1","116","1","86","C1848336"
"51473","2","5","7","60","36","20","25","64","215","C1848395"
"26291","2","5","7","53","14","337","25","40","186","C1848395"
"284403","2","3","12","48","57","110","141","359","462","C1848395"
"2969","2","3","12","19","31","276","91","433","118","C1848395"
"25913","2","3","12","19","31","261","116","1","78","C1848395"
"2022","2","5","7","53","51","342","259","423","389","C1848395"
"26191","2","5","7","53","14","20","25","40","186","C1848395"
"4221","2","3","12","19","31","342","454","573","492","C1848395"
"4436","2","3","12","19","31","261","116","1","86","C1848395"
"1643","2","3","12","41","116","268","434","468","213","C1848395"
"4854","2","5","7","53","51","143","428","236","667","C1848395"
"55651","2","3","2","110","85","237","433","547","671","C1848431"
"6794","2","3","12","53","14","20","34","540","68","C1848431"
"3000","2","5","4","68","96","326","427","548","672","C1848431"
"4683","2","3","12","19","31","261","116","1","86","C1848446"
"2562","2","5","8","27","70","99","162","216","290","C1848446"
"50485","2","3","12","19","31","261","116","1","86","C1848446"
"2697","2","3","7","76","153","40","38","54","75","C1848453"
"6424","2","5","7","53","51","342","454","573","492","C1848453"
"355","2","3","7","41","219","339","156","568","697","C1848474"
"54820","2","3","12","76","153","40","38","54","75","C1848474"
"26278","2","3","12","41","116","268","347","271","356","C1848474"
"5173","2","5","4","68","96","326","427","548","672","C1848474"
"3039","2","3","5","35","41","118","155","287","116","C1848474"
"6899","2","5","7","53","184","335","259","560","373","C1848486"
"11005","2","1","6","11","142","225","142","220","298","C1848486"
"3845","2","5","7","60","54","24","30","46","72","C1848486"
"2778","2","5","4","68","96","326","427","548","672","C1848486"
"147372","2","5","3","19","221","342","428","541","667","C1848486"
"4128","2","3","5","80","81","119","402","489","416","C1848488"
"5160","2","3","2","67","92","293","55","75","311","C1848488"
"50846","2","3","3","68","221","197","259","560","422","C1848514"
"10804","2","3","12","76","153","40","38","54","75","C1848514"
"23479","2","3","2","48","170","50","119","100","556","C1848514"
"3081","2","3","2","91","51","3","267","308","429","C1848514"
"1908","2","5","4","68","96","326","427","548","672","C1848519"
"2131","2","3","2","74","58","112","148","181","416","C1848519"
"10654","2","3","3","72","151","276","91","433","118","C1848519"
"885","2","5","4","68","96","326","427","548","672","C1848529"
"3785","2","5","8","63","36","166","106","110","158","C1848529"
"5190","2","3","5","43","161","305","409","208","482","C1848529"
"10535","2","3","12","76","153","40","38","54","75","C1848529"
"3952","2","5","3","53","151","276","91","433","118","C1848529"
"10847","2","3","12","19","31","1","426","55","78","C1848529"
"7737","2","3","12","22","33","268","434","468","213","C1848529"
"5993","2","3","12","19","31","1","426","55","78","C1848530"
"4548","2","3","2","15","85","105","139","186","245","C1848530"
"847","2","3","7","34","52","216","395","549","674","C1848530"
"1646","2","3","2","46","136","227","168","225","490","C1848530"
"3560","2","5","7","53","14","20","25","40","186","C1848530"
"940","2","5","7","53","14","20","25","40","186","C1848530"
"10743","2","3","3","19","151","276","91","433","118","C1848530"
"5000","2","3","12","76","31","261","116","1","86","C1848530"
"4627","2","5","7","63","45","184","103","572","658","C1848530"
"5932","2","3","12","19","31","261","116","1","86","C1848530"
"2034","2","3","12","41","116","268","434","468","213","C1848530"
"5195","2","3","5","43","161","305","409","208","482","C1848530"
"8292","2","5","5","27","51","342","454","573","492","C1848530"
"3643","2","5","7","53","14","20","25","40","186","C1848533"
"29893","2","3","12","19","31","1","426","55","78","C1848533"
"604","2","3","12","19","151","276","91","489","416","C1848533"
"4091","2","3","12","53","219","342","259","423","389","C1848534"
"6785","2","3","5","67","7","5","239","311","393","C1848534"
"54658","2","3","2","78","205","207","67","355","138","C1848538"
"50964","2","5","3","68","221","197","259","423","422","C1848538"
"2121","2","3","12","41","116","268","434","568","605","C1848541"
"8076","2","5","7","53","51","342","454","573","492","C1848541"
"4094","2","3","12","19","31","276","91","433","118","C1848555"
"2263","2","5","7","53","14","20","25","40","186","C1848555"
"51128","2","5","7","60","153","24","38","46","72","C1848555"
"9427","2","5","5","53","51","119","252","489","416","C1848555"
"29899","2","5","4","68","96","326","427","548","672","C1848556"
"1512","2","5","7","34","52","216","395","549","674","C1848556"
"501","2","3","5","75","162","260","361","458","572","C1848556"
"2200","2","5","7","53","51","342","454","573","492","C1848579"
"6262","2","5","8","63","45","23","34","464","187","C1848579"
"5551","2","5","7","53","51","119","395","549","674","C1848580"
"2706","2","3","12","76","153","40","38","54","75","C1848580"
"54443","2","5","7","76","153","184","38","572","75","C1848580"
"2109","2","3","2","48","170","50","119","444","556","C1848580"
"5617","2","5","12","19","31","1","426","55","78","C1848599"
"94","2","5","7","53","51","342","259","423","389","C1848599"
"29108","2","5","7","34","52","216","395","549","674","C1848606"
"2639","2","3","2","71","148","34","160","115","164","C1848606"
"4784","2","3","2","22","33","261","116","159","211","C1848606"
"5122","2","5","4","27","36","184","141","359","411","C1848606"
"2074","2","3","12","19","31","1","426","55","78","C1848606"
"6311","2","3","2","22","33","323","66","362","468","C1848606"
"23451","2","3","2","22","33","323","66","101","136","C1848606"
"55636","2","3","3","19","221","321","428","423","389","C1848654"
"4137","2","3","7","27","36","150","341","223","628","C1848654"
"26047","2","5","7","27","36","335","341","223","373","C1848654"
"2746","2","3","2","110","62","189","182","509","356","C1848654"
"7468","2","3","12","19","31","1","426","55","78","C1848654"
"6714","2","5","7","53","14","20","25","40","186","C1848654"
"4594","2","3","7","48","92","261","116","186","245","C1848654"
"2131","2","3","2","74","58","112","148","181","416","C1848654"
"9241","2","5","7","53","51","342","259","423","389","C1848654"
"1497","2","5","2","63","182","50","103","297","628","C1848654"
"4613","2","3","12","19","31","1","426","55","78","C1848654"
"4854","2","5","7","53","51","143","428","236","667","C1848654"
"4261","2","3","12","53","184","119","156","287","116","C1848657"
"1736","2","3","2","110","85","237","433","547","671","C1848657"
"875","2","3","5","80","137","44","21","451","316","C1848670"
"2260","2","5","7","53","14","20","25","40","186","C1848670"
"9968","2","4","3","24","119","330","214","454","144","C1848670"
"50484","2","3","5","80","109","182","235","307","506","C1848678"
"4292","2","3","12","19","31","261","116","1","86","C1848678"
"2554","2","5","8","27","70","99","162","216","290","C1848702"
"5146","2","3","5","86","72","258","318","403","518","C1848702"
"1909","2","5","4","68","96","326","427","548","672","C1848702"
"7403","2","3","12","19","31","1","426","55","78","C1848760"
"11285","2","3","2","74","205","191","396","408","620","C1848760"
"2720","2","3","7","34","52","216","395","21","599","C1848765"
"10815","2","5","7","60","36","71","341","223","666","C1848765"
"10743","2","3","3","19","151","276","91","433","118","C1848765"
"6390","2","3","2","48","170","50","119","444","556","C1848765"
"6559","2","5","8","45","94","199","240","415","666","C1848765"
"10157","2","3","5","71","102","175","222","290","371","C1848765"
"4843","2","3","5","43","161","305","409","489","416","C1848765"
"5743","2","3","5","53","175","119","167","489","416","C1848765"
"1130","2","5","7","60","54","326","141","359","462","C1848765"
"51085","2","3","2","48","57","110","141","359","462","C1848765"
"6863","2","5","4","68","96","326","427","548","672","C1848765"
"5832","2","3","2","101","62","189","182","509","252","C1848765"
"51084","2","3","12","76","153","40","38","54","75","C1848765"
"2776","2","5","4","68","96","326","427","548","672","C1848765"
"5972","2","5","5","34","52","216","397","418","568","C1848765"
"2492","2","5","4","68","96","326","427","548","672","C1848765"
"8242","2","3","12","19","31","1","426","55","78","C1848765"
"7474","2","5","3","68","221","184","259","544","669","C1848765"
"8517","2","3","12","41","219","339","156","568","697","C1848765"
"2263","2","5","7","53","14","20","25","40","186","C1848765"
"6247","2","5","7","53","51","342","454","573","492","C1848765"
"11235","2","3","2","76","137","76","136","472","435","C1848765"
"25836","2","3","12","76","153","40","38","54","75","C1848765"
"2796","2","5","4","68","96","326","427","548","672","C1848765"
"4359","2","5","7","53","51","342","454","573","492","C1848765"
"5860","2","3","2","69","91","75","204","267","352","C1848765"
"2796","2","5","4","68","96","326","427","548","672","C1848765"
"9215","2","5","2","27","36","150","430","215","628","C1848765"
"79890","2","5","7","60","54","24","30","46","72","C1848765"
"2182","2","3","2","67","92","265","284","147","235","C1848765"
"3115","2","5","7","53","184","119","156","287","116","C1848765"
"5290","2","3","7","53","14","20","25","40","186","C1848769"
"4914","2","3","2","22","18","266","202","252","252","C1848769"
"3735","2","3","2","110","85","237","433","252","154","C1848771"
"6305","2","5","7","60","54","24","30","46","72","C1848771"
"26090","2","3","2","80","81","166","397","361","466","C1848771"
"1301","2","5","7","53","51","342","454","573","492","C1848773"
"5032","2","5","4","68","96","326","427","548","672","C1848773"
"9217","2","3","2","50","47","39","100","321","255","C1848773"
"54809","2","5","7","50","30","193","306","148","624","C1848805"
"5428","2","3","2","48","170","50","119","167","593","C1848805"
"1406","2","3","3","19","221","321","428","541","667","C1848805"
"83605","2","5","7","76","137","76","136","472","435","C1848805"
"51524","2","5","7","45","94","199","240","415","666","C1848805"
"9401","2","3","12","76","31","261","116","1","86","C1848805"
"6663","2","3","3","19","221","321","428","541","667","C1848862"
"3265","2","5","7","60","54","24","30","46","72","C1848862"
"6473","2","3","3","19","221","321","428","541","667","C1848862"
"8323","2","5","3","68","221","197","259","560","422","C1848869"
"355","2","3","7","41","219","339","156","568","697","C1848869"
"5075","2","3","3","19","221","321","428","541","667","C1848918"
"3728","2","5","7","34","52","225","142","220","298","C1848918"
"51684","2","3","12","41","116","268","38","54","75","C1848918"
"9782","2","3","2","22","33","323","66","101","136","C1848918"
"7465","2","3","12","19","31","118","155","287","116","C1848918"
"6469","2","5","3","53","221","197","259","560","422","C1848918"
"9871","2","3","7","60","153","40","38","54","203","C1848918"
"2737","2","3","12","19","116","321","428","54","667","C1848918"
"2629","2","3","5","80","81","250","291","152","420","C1848920"
"9049","2","3","3","41","151","276","378","271","356","C1848920"
"6445","2","5","8","63","45","23","103","464","187","C1848947"
"55636","2","3","3","19","221","321","428","423","389","C1848947"
"23545","2","3","5","29","88","132","85","222","346","C1848947"
"9759","2","3","12","19","31","276","91","433","118","C1848954"
"64241","2","3","5","47","144","185","238","310","392","C1848954"
"5621","2","5","8","27","36","342","454","573","628","C1848957"
"2056","2","5","7","53","51","119","25","40","186","C1848957"
"9469","2","3","2","103","189","303","29","475","467","C1848958"
"5167","2","3","5","32","93","163","207","303","126","C1848958"
"10020","2","3","2","89","124","204","42","452","258","C1848977"
"6134","2","3","2","110","85","237","433","547","671","C1848977"
"5982","2","3","12","19","31","261","116","1","86","C1848977"
"1978","2","3","2","48","57","110","141","359","462","C1848977"
"5360","2","5","5","34","51","342","454","549","492","C1848977"
"6513","2","5","7","90","216","337","448","565","562","C1848977"
"3674","2","5","7","53","51","342","454","573","492","C1848977"
"5063","2","5","7","53","14","20","34","540","68","C1848980"
"5192","2","3","5","43","161","305","409","208","482","C1848980"
"57582","2","5","8","63","36","166","106","110","158","C1848980"
"858","2","5","7","53","14","23","25","40","186","C1848980"
"8518","2","3","12","19","31","1","426","55","78","C1849016"
"5831","2","3","2","101","62","189","182","566","409","C1849016"
"6910","2","3","12","19","51","335","444","560","373","C1849016"
"10395","2","5","7","60","54","24","30","46","72","C1849016"
"6638","2","3","2","22","33","323","66","101","136","C1849020"
"3730","2","5","7","53","14","20","25","40","186","C1849020"
"51715","2","5","7","60","54","24","30","46","72","C1849020"
"210","2","3","7","34","52","216","395","549","674","C1849020"
"8312","2","3","12","41","219","339","156","568","605","C1849020"
"8481","2","3","12","76","153","40","38","54","75","C1849020"
"8425","2","5","7","53","51","342","454","573","492","C1849020"
"9056","2","3","8","45","94","199","240","415","666","C1849020"
"2778","2","5","4","68","96","326","427","548","672","C1849020"
"7403","2","3","12","19","31","1","426","55","78","C1849020"
"8214","2","3","6","11","142","225","142","220","298","C1849020"
"23414","2","3","12","19","31","118","155","287","116","C1849020"
"355","2","3","7","41","219","339","156","568","697","C1849020"
"857","2","5","7","53","45","23","57","83","422","C1849020"
"796","2","5","4","68","96","326","427","548","672","C1849020"
"326","2","3","12","19","31","261","377","370","269","C1849020"
"8890","2","3","2","110","85","237","433","547","671","C1849020"
"51103","2","3","2","48","170","50","119","444","556","C1849020"
"81494","2","5","6","53","51","119","395","549","673","C1849020"
"7283","2","3","12","76","153","40","38","54","75","C1849020"
"6323","2","5","8","63","36","166","341","390","158","C1849020"
"55669","2","3","12","19","31","118","155","287","116","C1849025"
"6334","2","5","8","63","36","166","341","223","158","C1849025"
"25978","2","3","2","48","57","110","141","359","462","C1849025"
"1959","2","3","3","19","151","276","91","433","118","C1849025"
"919","2","5","7","53","14","119","25","40","186","C1849025"
"3670","2","3","2","110","85","237","433","547","671","C1849034"
"151","2","5","4","68","96","326","427","548","672","C1849034"
"23461","2","3","5","47","144","185","238","310","392","C1849039"
"51057","2","3","12","76","153","40","38","54","75","C1849039"
"8242","2","3","12","19","31","1","426","55","78","C1849039"
"4952","2","3","5","60","54","184","30","544","669","C1849039"
"2956","2","3","12","19","31","261","116","1","86","C1849039"
"10262","2","3","2","22","33","323","66","101","136","C1849039"
"5111","2","3","12","19","31","261","116","1","86","C1849039"
"8864","2","3","3","19","151","276","91","433","118","C1849039"
"4017","2","3","2","53","51","342","454","573","492","C1849039"
"6660","2","3","3","19","221","321","428","541","667","C1849039"
"7432","2","5","4","68","96","326","427","548","672","C1849039"
"1584","2","3","5","79","159","256","276","353","456","C1849039"
"4720","2","3","2","48","170","50","119","444","556","C1849039"
"2629","2","3","5","80","81","250","291","152","420","C1849039"
"3764","2","5","8","63","36","166","106","110","158","C1849039"
"5144","2","3","4","68","96","326","427","548","672","C1849039"
"2645","2","3","2","90","167","266","367","101","664","C1849039"
"4803","2","5","7","60","54","24","30","46","72","C1849039"
"1436","2","5","7","53","14","20","25","40","186","C1849039"
"6338","2","5","8","63","45","23","34","464","187","C1849039"
"10262","2","3","2","22","33","323","66","101","136","C1849039"
"1439","2","5","7","53","14","20","25","40","186","C1849039"
"7201","2","5","4","68","96","326","427","548","672","C1849073"
"9844","2","5","7","60","14","20","25","40","72","C1849073"
"1431","2","3","2","48","92","50","304","167","593","C1849073"
"10528","2","3","2","110","85","237","433","547","671","C1849073"
"2068","2","3","12","19","31","261","116","159","211","C1849073"
"51473","2","5","7","60","36","20","25","64","215","C1849073"
"2626","2","3","12","19","31","118","155","287","116","C1849073"
"7381","2","3","2","48","170","50","119","58","81","C1849073"
"5325","2","3","12","19","31","198","261","146","118","C1849073"
"4157","2","5","4","68","96","326","427","548","672","C1849073"
"8200","2","5","7","53","51","342","259","423","389","C1849073"
"29899","2","5","4","68","96","326","427","548","672","C1849073"
"10087","2","3","7","50","47","39","100","321","255","C1849073"
"57654","2","3","12","19","31","261","116","1","86","C1849073"
"5192","2","3","5","43","161","305","409","208","482","C1849073"
"23746","2","3","12","41","83","101","126","271","356","C1849073"
"23600","2","3","5","80","81","305","409","208","482","C1849073"
"5605","2","5","7","53","14","20","34","540","68","C1849073"
"6609","2","3","5","105","155","250","291","152","420","C1849073"
"9499","2","5","7","53","51","23","103","464","187","C1849073"
"4541","2","3","2","48","170","50","119","444","24","C1849073"
"6662","2","3","3","19","221","321","428","541","667","C1849073"
"4353","2","3","7","34","52","216","395","549","674","C1849073"
"6863","2","5","4","68","96","326","427","548","672","C1849073"
"7353","2","3","12","41","219","339","156","568","605","C1849073"
"5339","2","5","7","53","51","342","454","573","492","C1849075"
"3420","2","3","2","67","34","198","33","107","3","C1849075"
"54806","2","5","7","76","153","40","38","54","75","C1849075"
"8243","2","3","12","76","31","40","38","54","75","C1849075"
"2192","2","5","7","53","51","342","454","573","492","C1849075"
"23630","2","5","8","63","36","166","106","110","158","C1849075"
"4351","2","3","2","90","167","266","367","500","577","C1849075"
"3425","2","3","5","80","81","166","454","573","492","C1849075"
"5468","2","3","3","19","151","276","91","433","118","C1849075"
"2121","2","3","12","41","116","268","434","568","605","C1849075"
"1106","2","3","12","19","31","1","426","55","78","C1849075"
"538","2","3","8","63","45","23","103","464","187","C1849075"
"3043","2","5","7","34","52","216","395","549","116","C1849097"
"2202","2","5","7","53","51","342","454","573","492","C1849097"
"3040","2","5","5","53","51","342","40","78","178","C1849097"
"1294","2","5","7","53","51","342","454","573","492","C1849134"
"547","2","3","7","76","153","40","38","54","75","C1849134"
"26229","2","3","2","74","205","191","396","408","257","C1849134"
"22868","2","3","2","48","182","67","76","463","153","C1849134"
"5644","2","5","7","68","51","119","395","549","674","C1849134"
"1352","2","3","2","48","170","50","119","444","556","C1849134"
"2623","2","3","12","19","31","1","155","287","116","C1849134"
"23495","2","3","12","41","219","339","156","568","697","C1849134"
"1649","2","3","12","19","31","276","91","433","118","C1849134"
"6389","2","3","2","48","170","50","119","444","556","C1849134"
"1286","2","5","7","53","51","342","454","573","492","C1849134"
"10312","2","3","7","34","52","216","395","549","674","C1849134"
"6469","2","5","3","53","221","197","259","560","422","C1849134"
"5982","2","3","12","19","31","261","116","1","86","C1849148"
"9897","2","3","12","76","18","75","38","1","212","C1849148"
"1956","2","5","7","53","14","184","45","544","669","C1849148"
"5327","2","5","7","53","51","342","454","573","492","C1849148"
"10913","2","3","12","41","219","339","156","568","697","C1849148"
"1289","2","5","7","53","51","342","454","573","492","C1849148"
"9987","2","3","2","22","33","323","66","101","136","C1849148"
"1412","2","5","6","11","142","225","243","177","673","C1849148"
"5116","2","3","12","76","153","40","38","54","75","C1849156"
"652","2","5","7","53","51","342","454","573","492","C1849156"
"6303","2","3","2","67","118","160","261","188","423","C1849156"
"2218","2","5","2","53","123","194","255","560","373","C1849156"
"2316","2","5","7","53","51","342","454","573","702","C1849156"
"10225","2","5","7","53","51","119","395","549","674","C1849156"
"53834","2","5","7","53","51","342","454","573","492","C1849172"
"2146","2","3","12","19","31","1","426","55","78","C1849172"
"26123","2","3","2","76","153","40","38","54","75","C1849172"
"4352","2","5","7","53","14","20","25","40","186","C1849172"
"7443","2","3","12","19","31","261","34","540","68","C1849172"
"7471","2","5","3","68","221","197","259","560","422","C1849172"
"801","2","5","8","63","45","23","103","464","187","C1849172"
"4893","2","5","7","34","52","24","30","46","72","C1849172"
"3091","2","3","12","41","116","276","91","433","605","C1849172"
"2324","2","5","7","53","14","20","25","40","186","C1849173"
"3000","2","5","4","68","96","326","427","548","672","C1849173"
"9313","2","5","7","53","51","342","454","573","492","C1849173"
"1543","2","3","5","91","151","276","91","433","118","C1849173"
"1991","2","5","7","34","52","216","395","549","674","C1849173"
"7227","2","3","12","19","31","276","91","433","118","C1849173"
"8626","2","3","3","19","221","321","428","541","667","C1849221"
"2992","2","3","7","34","52","216","395","549","674","C1849221"
"3643","2","5","7","53","14","20","25","40","186","C1849221"
"6905","2","3","12","76","153","40","38","54","75","C1849221"
"23400","2","5","8","63","45","23","103","464","187","C1849221"
"1305","2","5","7","53","51","342","454","573","492","C1849221"
"10243","2","3","2","27","91","71","204","267","352","C1849221"
"94","2","5","7","53","51","342","259","423","389","C1849227"
"51733","2","3","5","80","23","257","357","455","508","C1849227"
"9775","2","3","2","22","33","323","66","101","136","C1849227"
"5002","2","5","8","45","94","199","240","415","666","C1849227"
"3248","2","3","2","69","83","133","167","224","301","C1849227"
"2176","2","3","12","19","31","261","116","1","86","C1849227"
"5449","2","3","3","19","221","321","428","541","667","C1849227"
"7518","2","3","12","19","31","261","116","1","86","C1849227"
"629","2","5","7","53","51","119","395","549","674","C1849227"
"23411","2","3","12","19","31","1","91","433","118","C1849265"
"388015","2","3","2","110","90","266","431","545","443","C1849265"
"9321","2","3","12","76","153","40","38","54","203","C1849265"
"8642","2","5","7","53","51","335","444","560","373","C1849265"
"10269","2","3","2","48","182","50","119","444","556","C1849265"
"8575","2","3","2","22","33","323","66","101","194","C1849265"
"2110","2","3","2","48","170","50","119","444","556","C1849265"
"11113","2","5","7","53","14","20","34","540","68","C1849265"
"9056","2","3","8","45","94","199","240","415","666","C1849265"
"9210","2","5","7","53","51","342","454","573","492","C1849265"
"1188","2","5","8","63","45","23","34","464","187","C1849265"
"5213","2","3","2","90","167","266","367","500","577","C1849265"
"3984","2","5","7","53","14","20","34","540","68","C1849265"
"731","2","5","7","53","51","119","395","549","674","C1849265"
"5745","2","5","4","68","96","326","427","548","672","C1849265"
"355","2","3","7","41","219","339","156","568","697","C1849265"
"7403","2","3","12","19","31","1","426","55","78","C1849292"
"1188","2","5","8","63","45","23","34","464","187","C1849292"
"25974","2","3","7","48","51","105","139","186","245","C1849293"
"4313","2","5","7","53","51","342","454","573","492","C1849293"
"8557","2","5","8","63","45","23","103","464","187","C1849295"
"8174","2","5","7","53","51","119","454","573","492","C1849295"
"1910","2","5","4","68","96","326","427","548","672","C1849295"
"3972","2","5","4","68","96","326","427","548","672","C1849295"
"7124","2","3","12","41","219","339","156","568","697","C1849295"
"51715","2","5","7","60","54","24","30","46","72","C1849295"
"7374","2","3","12","19","31","261","116","1","86","C1849295"
"7291","2","3","12","19","151","276","91","489","416","C1849295"
"977","2","5","7","53","51","342","454","573","492","C1849295"
"6499","2","3","2","110","85","237","433","547","671","C1849295"
"8302","2","5","7","53","51","119","395","549","674","C1849295"
"23126","2","3","12","19","31","276","426","55","78","C1849300"
"5781","2","5","7","53","14","20","25","40","186","C1849300"
"5727","2","3","12","68","221","197","259","560","422","C1849300"
"51204","2","3","2","48","170","50","119","444","556","C1849300"
"3594","2","5","7","53","51","119","25","560","373","C1849300"
"1316","2","3","12","19","31","276","91","433","118","C1849300"
"6569","2","3","8","45","94","199","240","415","666","C1849300"
"3953","2","5","7","53","14","20","25","40","186","C1849300"
"5080","2","3","3","19","221","321","428","541","667","C1849300"
"351","2","5","4","68","96","326","188","145","193","C1849300"
"1584","2","3","5","79","159","256","276","353","456","C1849300"
"4791","2","3","12","41","219","339","156","568","697","C1849300"
"1536","2","5","7","34","52","216","395","549","674","C1849305"
"3949","2","5","7","60","14","184","341","544","669","C1849305"
"421","2","5","7","42","51","335","444","560","373","C1849311"
"3977","2","5","7","53","51","119","25","40","416","C1849311"
"54790","2","3","12","19","31","1","426","55","78","C1849311"
"2131","2","3","2","74","58","112","148","181","416","C1849311"
"9215","2","5","2","27","36","150","430","215","628","C1849311"
"7291","2","3","12","19","151","276","91","489","416","C1849311"
"58","2","5","8","63","45","23","103","464","187","C1849311"
"6469","2","5","3","53","221","197","259","560","422","C1849311"
"28952","2","3","12","41","116","268","434","468","213","C1849311"
"5837","2","3","5","80","81","23","103","464","658","C1849311"
"7461","2","3","7","60","153","40","38","93","75","C1849311"
"79848","2","3","12","76","153","40","38","54","75","C1849314"
"1387","2","3","12","19","31","276","91","433","118","C1849314"
"3845","2","5","7","60","54","24","30","46","72","C1849314"
"7439","2","5","8","63","45","23","34","464","187","C1849314"
"5654","2","5","7","53","51","342","454","573","492","C1849314"
"10216","2","3","2","48","170","50","304","167","593","C1849314"
"50846","2","3","3","68","221","197","259","560","422","C1849314"
"8822","2","5","7","53","14","20","25","40","186","C1849314"
"4726","2","3","2","48","170","50","119","444","556","C1849314"
"10133","2","3","12","76","153","40","38","54","75","C1849314"
"6863","2","5","4","68","96","326","427","548","672","C1849314"
"11232","2","3","3","19","151","276","91","433","118","C1849314"
"1188","2","5","8","63","45","23","34","464","187","C1849314"
"4214","2","3","12","41","219","339","34","540","117","C1849314"
"3972","2","5","4","68","96","326","427","548","672","C1849314"
"189","2","3","5","43","161","305","409","208","482","C1849327"
"25836","2","3","12","76","153","40","38","54","75","C1849327"
"1277","2","5","7","53","51","342","454","573","492","C1849338"
"5034","2","5","7","53","51","342","454","573","492","C1849338"
"6311","2","3","2","22","33","323","66","362","468","C1849340"
"857","2","5","7","53","45","23","57","83","422","C1849340"
"1280","2","5","7","53","51","342","454","573","492","C1849340"
"5959","2","3","2","69","83","101","126","170","224","C1849340"
"5605","2","5","7","53","14","20","34","540","68","C1849340"
"4653","2","5","7","34","51","342","454","573","492","C1849340"
"10293","2","3","12","41","116","268","434","468","213","C1849340"
"6253","2","5","4","27","36","326","402","489","187","C1849340"
"3559","2","5","7","53","14","20","25","40","186","C1849340"
"1146","2","5","8","27","70","99","162","216","290","C1849340"
"5828","2","3","5","43","161","305","409","208","482","C1849340"
"10280","2","3","2","110","85","52","57","86","119","C1849340"
"5144","2","3","4","68","96","326","427","548","672","C1849340"
"9150","2","3","12","19","31","261","116","159","211","C1849340"
"9896","2","3","5","80","81","296","399","201","274","C1849340"
"4322","2","5","7","53","51","342","454","573","492","C1849340"
"55651","2","3","2","110","85","237","433","547","671","C1849340"
"2073","2","3","12","19","31","261","116","1","86","C1849341"
"2138","2","3","12","19","31","1","426","55","78","C1849341"
"4481","2","5","7","53","51","342","454","573","492","C1849341"
"207","2","3","7","53","14","20","34","489","416","C1849341"
"2908","2","3","12","19","151","276","91","433","118","C1849341"
"4041","2","5","3","68","221","197","259","560","422","C1849341"
"1001","2","5","7","53","51","335","444","560","373","C1849343"
"10049","2","3","12","22","219","339","347","271","356","C1849343"
"5781","2","5","7","53","14","20","25","40","186","C1849343"
"2132","2","3","2","74","58","112","148","193","263","C1849364"
"59335","2","1","6","11","142","193","306","390","158","C1849364"
"8625","2","3","12","19","31","276","91","236","118","C1849364"
"1493","2","5","7","53","51","119","25","40","186","C1849364"
"2317","2","5","7","63","45","23","103","287","664","C1849364"
"7337","2","3","12","41","116","268","434","468","213","C1849364"
"11277","2","3","12","19","31","261","116","1","86","C1849364"
"2626","2","3","12","19","31","118","155","287","116","C1849364"
"7704","2","3","12","41","116","268","434","468","213","C1849364"
"2969","2","3","12","19","31","276","91","433","118","C1849392"
"4693","2","5","7","53","51","342","454","573","492","C1849392"
"7015","2","3","12","19","31","1","426","55","78","C1849392"
"7476","2","5","3","68","221","197","259","560","422","C1849392"
"8481","2","3","12","76","153","40","38","54","75","C1849412"
"1756","2","5","8","63","45","23","103","464","187","C1849412"
"55687","2","3","2","48","170","152","119","252","154","C1849412"
"6898","2","3","8","67","94","199","182","509","666","C1849437"
"8838","2","5","7","53","51","342","259","423","389","C1849437"
"51626","2","3","12","76","153","40","38","54","75","C1849478"
"5194","2","3","5","43","161","305","409","208","482","C1849478"
"5077","2","3","3","19","221","321","428","541","667","C1849478"
"3209","2","3","3","19","221","321","428","541","667","C1849478"
"8493","2","3","12","19","31","293","116","201","664","C1849488"
"7169","2","5","8","63","45","23","103","464","187","C1849488"
"72","2","5","8","63","45","23","103","464","187","C1849488"
"7305","2","5","7","34","52","216","395","549","674","C1849488"
"2677","2","5","7","53","51","342","454","573","492","C1849488"
"3425","2","3","5","80","81","166","454","573","492","C1849488"
"54840","2","3","12","19","31","261","116","1","86","C1849488"
"860","2","3","12","19","31","276","91","433","118","C1849488"
"5077","2","3","3","19","221","321","428","541","667","C1849488"
"5592","2","5","4","53","14","20","34","540","68","C1849489"
"22858","2","3","7","53","14","20","34","540","68","C1849489"
"6330","2","5","8","63","36","166","341","223","158","C1849489"
"23780","2","5","7","53","51","342","454","216","290","C1849489"
"11322","2","5","7","34","52","216","395","549","674","C1849489"
"177","2","5","7","53","51","339","156","568","697","C1849489"
"9420","2","3","5","79","159","256","215","282","366","C1849489"
"3766","2","5","8","63","36","166","106","110","158","C1849489"
"4920","2","5","7","53","14","20","259","560","373","C1849489"
"8626","2","3","3","19","221","321","428","541","667","C1849510"
"6910","2","3","12","19","51","335","444","560","373","C1849510"
"5624","2","5","7","53","51","342","454","573","492","C1849537"
"1848","2","3","5","42","81","296","399","201","274","C1849537"
"4864","2","3","5","48","152","184","341","544","669","C1849537"
"5908","2","5","7","34","52","216","30","46","72","C1849538"
"4088","2","3","12","19","219","339","259","423","605","C1849538"
"9723","2","5","7","53","51","342","79","560","373","C1849538"
"5573","2","3","12","19","184","118","155","287","116","C1849538"
"7295","2","3","2","48","57","110","141","359","229","C1849538"
"23426","2","5","7","42","36","71","177","223","219","C1849538"
"23384","2","3","12","63","45","184","103","572","658","C1849538"
"4210","2","3","12","41","219","339","156","568","697","C1849538"
"6125","2","3","2","110","85","237","433","547","671","C1849538"
"3852","2","1","6","11","142","225","142","220","298","C1849538"
"54714","2","5","8","63","36","166","106","110","158","C1849540"
"2033","2","3","12","19","31","1","91","433","118","C1849540"
"8772","2","3","12","41","219","339","156","568","697","C1849540"
"25913","2","3","12","19","31","261","116","1","78","C1849540"
"6655","2","5","7","60","54","24","30","46","72","C1849540"
"3082","2","5","7","53","51","342","25","40","186","C1849540"
"7476","2","5","3","68","221","197","259","560","422","C1849540"
"5075","2","3","3","19","221","321","428","541","667","C1849540"
"9927","2","3","12","19","31","118","155","287","116","C1849547"
"5925","2","3","12","19","31","1","426","55","78","C1849547"
"4088","2","3","12","19","219","339","259","423","605","C1849547"
"2066","2","5","7","53","14","20","25","40","186","C1849547"
"57282","2","3","2","45","94","199","240","415","666","C1849618"
"3861","2","1","6","11","142","225","142","220","298","C1849618"
"6567","2","5","8","35","41","77","40","57","80","C1849618"
"5521","2","3","12","76","137","76","136","472","435","C1849667"
"775","2","5","8","63","36","166","341","223","158","C1849667"
"1290","2","5","7","53","51","342","454","573","492","C1849677"
"10020","2","3","2","89","124","204","42","452","258","C1849677"
"1145","2","5","8","27","70","99","162","216","290","C1849677"
"5243","2","3","12","41","116","268","423","536","445","C1849677"
"4868","2","5","7","53","51","335","25","560","373","C1849677"
"11235","2","3","2","76","137","76","136","472","435","C1849683"
"5663","2","5","7","34","52","216","395","549","667","C1849683"
"4976","2","3","2","48","170","50","119","444","556","C1849749"
"7048","2","5","7","53","51","342","259","423","389","C1849749"
"540","2","5","8","63","45","23","103","464","187","C1849749"
"4893","2","5","7","34","52","24","30","46","72","C1849765"
"7403","2","3","12","19","31","1","426","55","78","C1849765"
"2588","2","3","7","34","52","216","395","549","674","C1849766"
"9213","2","5","7","68","96","184","219","380","666","C1849766"
"7469","2","3","12","19","31","261","116","159","211","C1849923"
"5781","2","5","7","53","14","20","25","40","186","C1849923"
"1300","2","5","7","53","51","342","454","573","492","C1849923"
"10262","2","3","2","22","33","323","66","101","136","C1849923"
"7051","2","1","6","11","142","225","142","220","298","C1849923"
"2627","2","3","12","19","31","118","155","287","116","C1849923"
"51164","2","3","7","76","153","40","38","54","75","C1849923"
"8813","2","3","2","48","116","142","136","280","363","C1849923"
"9569","2","3","12","19","31","276","91","433","118","C1849923"
"3931","2","3","5","116","183","295","454","243","327","C1849923"
"2624","2","3","12","19","31","1","155","287","116","C1849923"
"50964","2","5","3","68","221","197","259","423","422","C1849923"
"6103","2","3","12","76","153","40","38","54","75","C1849923"
"3315","2","3","12","41","181","160","362","402","215","C1849930"
"6197","2","3","12","19","14","20","34","540","68","C1849930"
"4921","2","5","7","53","14","20","25","573","186","C1849937"
"54888","2","3","2","110","85","152","129","252","154","C1849937"
"411","2","3","7","34","52","216","395","549","674","C1849937"
"9215","2","5","2","27","36","150","430","215","628","C1849937"
"4624","2","5","8","63","45","23","103","464","187","C1849937"
"2074","2","3","12","19","31","1","426","55","78","C1849937"
"2737","2","3","12","19","116","321","428","54","667","C1849937"
"7390","2","3","5","80","81","166","132","175","473","C1849937"
"5116","2","3","12","76","153","40","38","54","75","C1849937"
"5130","2","3","2","85","143","286","51","488","102","C1849937"
"10371","2","5","7","53","51","342","79","560","373","C1849937"
"2693","2","5","4","68","96","326","427","548","672","C1849937"
"3207","2","3","3","19","221","321","428","541","667","C1849937"
"5156","2","5","7","53","14","20","25","40","186","C1849937"
"23476","2","3","12","19","31","1","426","159","211","C1849937"
"2623","2","3","12","19","31","1","155","287","116","C1849937"
"4125","2","3","7","34","52","216","395","549","674","C1849937"
"1280","2","5","7","53","51","342","454","573","492","C1849937"
"8314","2","3","12","41","31","1","426","55","78","C1849937"
"54822","2","5","8","63","45","193","306","390","158","C1849937"
"10908","2","3","2","97","173","275","377","473","592","C1849937"
"2263","2","5","7","53","14","20","25","40","186","C1849937"
"6775","2","5","7","53","14","119","25","40","186","C1849950"
"1716","2","3","2","27","36","150","221","138","188","C1849950"
"51422","2","3","2","48","57","110","141","359","462","C1849950"
"4353","2","3","7","34","52","216","395","549","674","C1849953"
"2073","2","3","12","19","31","261","116","1","86","C1849953"
"23363","2","3","12","41","116","268","434","468","213","C1849955"
"1415","2","3","6","63","45","160","362","177","673","C1849955"
"156","2","5","4","68","96","326","427","548","672","C1849955"
"2099","2","3","12","19","151","276","91","433","118","C1849955"
"10165","2","3","2","48","170","50","304","167","593","C1849955"
"9820","2","3","12","41","116","268","434","468","213","C1849955"
"987","2","3","6","48","94","279","347","330","304","C1849993"
"1278","2","5","7","53","51","342","454","573","492","C1849993"
"10238","2","3","12","41","116","268","434","468","213","C1850013"
"2155","2","5","7","53","51","119","454","549","674","C1850013"
"8546","2","5","7","60","18","184","341","544","669","C1850041"
"54982","2","3","2","48","170","50","399","167","593","C1850041"
"2626","2","3","12","19","31","118","155","287","116","C1850055"
"1376","2","3","2","19","151","276","91","433","118","C1850055"
"3043","2","5","7","34","52","216","395","549","116","C1850069"
"6310","2","3","12","22","142","225","366","362","468","C1850069"
"546","2","3","12","19","31","261","426","1","86","C1850072"
"6616","2","5","7","34","52","216","341","223","628","C1850072"
"472","2","3","12","19","31","261","116","1","86","C1850072"
"4089","2","3","12","19","219","339","259","423","605","C1850072"
"9343","2","3","2","22","33","323","66","101","136","C1850072"
"2730","2","3","2","83","171","97","381","478","597","C1850072"
"1440","2","5","7","53","51","119","25","489","416","C1850072"
"5617","2","5","12","19","31","1","426","55","78","C1850072"
"4976","2","3","2","48","170","50","119","444","556","C1850072"
"6331","2","5","8","63","36","166","341","223","158","C1850072"
"6556","2","3","7","34","52","216","395","549","674","C1850072"
"7555","2","3","2","110","85","237","433","547","671","C1850072"
"6299","2","3","12","19","221","321","428","541","667","C1850072"
"3356","2","5","4","68","96","326","427","548","672","C1850072"
"2077","2","3","12","76","153","40","38","54","75","C1850072"
"6910","2","3","12","19","51","335","444","560","373","C1850072"
"7424","2","5","7","53","51","342","454","573","702","C1850072"
"356","2","5","7","53","219","339","25","489","697","C1850072"
"55315","2","3","5","80","81","296","62","94","150","C1850072"
"7086","2","3","2","90","167","266","367","500","577","C1850087"
"4256","2","5","7","53","51","342","454","573","492","C1850087"
"4000","2","3","12","26","105","178","226","297","156","C1850087"
"7287","2","5","7","11","142","71","341","560","219","C1850087"
"9451","2","3","2","110","51","335","226","297","380","C1850096"
"627","2","5","7","53","51","335","444","423","373","C1850096"
"126792","2","3","2","74","205","191","18","28","156","C1850100"
"5648","2","5","7","53","51","119","395","549","674","C1850100"
"348","2","5","7","53","51","342","454","573","492","C1850109"
"7314","2","3","12","41","219","261","409","208","482","C1850109"
"1896","2","5","12","41","219","339","156","568","697","C1850127"
"183","2","5","4","68","96","326","427","548","672","C1850127"
"1896","2","5","12","41","219","339","156","568","697","C1850135"
"3265","2","5","7","60","54","24","30","46","72","C1850135"
"54941","2","3","12","41","116","268","434","468","213","C1850135"
"5743","2","3","5","53","175","119","167","489","416","C1850135"
"1512","2","5","7","34","52","216","395","549","674","C1850135"
"94","2","5","7","53","51","342","259","423","389","C1850135"
"2175","2","3","12","19","31","261","116","1","86","C1850135"
"90678","2","3","12","41","116","268","434","468","213","C1850135"
"7124","2","3","12","41","219","339","156","568","697","C1850135"
"22","2","3","2","48","170","279","423","274","154","C1850135"
"9215","2","5","2","27","36","150","430","215","628","C1850135"
"2299","2","3","3","19","221","321","428","541","667","C1850135"
"10058","2","3","5","44","50","209","68","11","141","C1850135"
"55145","2","3","2","22","33","225","142","220","140","C1850135"
"7545","2","5","3","34","52","216","142","220","298","C1850135"
"5095","2","3","2","48","40","130","166","127","173","C1850135"
"121278","2","3","5","80","81","166","307","258","345","C1850135"
"1278","2","5","7","53","51","342","454","573","492","C1850135"
"5395","2","3","12","19","31","261","116","1","86","C1850135"
"79742","2","3","5","91","175","271","372","471","586","C1850155"
"2796","2","5","4","68","96","326","427","548","672","C1850155"
"7167","2","3","2","90","167","266","367","500","577","C1850160"
"1493","2","5","7","53","51","119","25","40","186","C1850160"
"4784","2","3","2","22","33","261","116","159","211","C1850161"
"3575","2","5","7","53","51","184","341","544","669","C1850161"
"57502","2","5","7","60","36","71","341","223","219","C1850161"
"10312","2","3","7","34","52","216","395","549","674","C1850161"
"54463","2","3","2","48","57","110","141","359","462","C1850161"
"1297","2","5","7","53","51","342","454","573","492","C1850171"
"1760","2","5","8","63","14","20","34","540","68","C1850171"
"1832","2","5","7","34","52","225","142","220","298","C1850171"
"7428","2","3","12","41","116","268","434","468","213","C1850171"
"2101","2","3","3","19","151","276","91","433","118","C1850171"
"5443","2","5","4","68","96","326","427","548","672","C1850171"
"2273","2","5","8","63","45","23","103","464","187","C1850171"
"1723","2","3","2","48","170","50","119","444","556","C1850171"
"4000","2","3","12","26","105","178","226","297","156","C1850171"
"6443","2","5","8","63","45","23","103","464","187","C1850178"
"2261","2","5","7","53","14","20","25","40","186","C1850178"
"5422","2","3","12","19","31","261","116","1","86","C1850178"
"7855","2","5","3","68","221","197","259","560","422","C1850191"
"10008","2","5","8","63","36","166","341","223","158","C1850191"
"3728","2","5","7","34","52","225","142","220","298","C1850191"
"356","2","5","7","53","219","339","25","489","697","C1850191"
"26191","2","5","7","53","14","20","25","40","186","C1850196"
"5573","2","3","12","19","184","118","155","287","116","C1850196"
"3730","2","5","7","53","14","20","25","40","186","C1850196"
"10243","2","3","2","27","91","71","204","267","352","C1850256"
"93","2","5","7","53","14","20","259","423","389","C1850256"
"6524","2","5","8","45","94","199","240","415","666","C1850256"
"701","2","3","12","76","153","40","38","54","75","C1850256"
"55670","2","3","5","43","161","305","409","208","482","C1850256"
"5506","2","3","12","76","137","76","136","82","658","C1850256"
"6439","2","5","5","68","96","185","238","310","272","C1850256"
"2475","2","3","2","48","57","110","141","359","462","C1850259"
"3265","2","5","7","60","54","24","30","46","72","C1850259"
"2033","2","3","12","19","31","1","91","433","118","C1850259"
"473","2","3","12","19","31","1","426","55","78","C1850259"
"23600","2","3","5","80","81","305","409","208","482","C1850259"
"6049","2","3","12","41","116","268","434","468","213","C1850259"
"4023","2","3","5","24","51","342","91","20","27","C1850259"
"2261","2","5","7","53","14","20","25","40","186","C1850259"
"25913","2","3","12","19","31","261","116","1","78","C1850259"
"2261","2","5","7","53","14","20","25","40","186","C1850293"
"11277","2","3","12","19","31","261","116","1","86","C1850293"
"2245","2","5","7","60","54","24","30","46","72","C1850293"
"3889","2","1","6","11","142","225","142","220","298","C1850293"
"56244","2","5","7","53","51","119","395","549","674","C1850293"
"9820","2","3","12","41","116","268","434","468","213","C1850309"
"10269","2","3","2","48","182","50","119","444","556","C1850309"
"1836","2","3","2","35","41","94","260","330","375","C1850309"
"9723","2","5","7","53","51","342","79","560","373","C1850309"
"6696","2","5","7","53","51","342","454","573","492","C1850309"
"3561","2","5","7","53","14","20","25","40","186","C1850309"
"5828","2","3","5","43","161","305","409","208","482","C1850309"
"23317","2","5","7","34","52","216","395","549","674","C1850309"
"3717","2","5","7","53","14","20","25","40","186","C1850309"
"8398","2","3","5","116","183","40","38","352","455","C1850309"
"103","2","3","2","110","184","119","156","287","116","C1850309"
"6390","2","3","2","48","170","50","119","444","556","C1850309"
"4846","2","3","5","41","219","75","243","44","64","C1850309"
"1736","2","3","2","110","85","237","433","547","671","C1850309"
"1158","2","3","2","72","115","66","72","507","35","C1850309"
"22858","2","3","7","53","14","20","34","540","68","C1850309"
"4322","2","5","7","53","51","342","454","573","492","C1850309"
"2516","2","3","3","19","151","276","91","433","118","C1850309"
"7020","2","3","12","19","31","276","91","433","664","C1850309"
"10320","2","5","7","19","119","143","214","236","389","C1850309"
"2074","2","3","12","19","31","1","426","55","78","C1850325"
"9241","2","5","7","53","51","342","259","423","389","C1850325"
"8086","2","3","12","22","33","323","66","101","664","C1850325"
"506","2","3","2","48","170","50","119","167","593","C1850327"
"1029","2","3","12","19","31","1","116","1","664","C1850327"
"2697","2","3","7","76","153","40","38","54","75","C1850327"
"2006","2","5","7","53","51","342","454","573","492","C1850327"
"50846","2","3","3","68","221","197","259","560","422","C1850336"
"6785","2","3","5","67","7","5","239","311","393","C1850336"
"3592","2","5","7","53","51","119","25","489","416","C1850343"
"7468","2","3","12","19","31","1","426","55","78","C1850343"
"2099","2","3","12","19","151","276","91","433","118","C1850343"
"5573","2","3","12","19","184","118","155","287","116","C1850343"
"6197","2","3","12","19","14","20","34","540","68","C1850383"
"6535","2","5","8","45","94","199","240","415","666","C1850383"
"2200","2","5","7","53","51","342","454","573","492","C1850415"
"9966","2","5","12","41","219","339","156","568","697","C1850415"
"6655","2","5","7","60","54","24","30","46","72","C1850415"
"1808","2","3","7","76","153","157","79","64","436","C1850415"
"5626","2","3","3","19","221","321","428","541","667","C1850415"
"50937","2","5","7","53","51","335","444","560","373","C1850415"
"23414","2","3","12","19","31","118","155","287","116","C1850438"
"7555","2","3","2","110","85","237","433","547","671","C1850438"
"2778","2","5","4","68","96","326","427","548","672","C1850447"
"6392","2","3","2","48","170","50","119","444","556","C1850447"
"3339","2","5","7","53","51","342","454","573","492","C1850456"
"3981","2","3","12","19","31","261","116","1","86","C1850456"
"26154","2","3","5","47","144","185","238","310","392","C1850456"
"2006","2","5","7","53","51","342","454","573","492","C1850456"
"10518","2","3","2","22","170","50","119","444","556","C1850456"
"4988","2","5","4","68","96","326","427","548","672","C1850456"
"9131","2","3","12","41","219","339","347","271","356","C1850456"
"2717","2","3","7","34","52","216","395","549","674","C1850456"
"55636","2","3","3","19","221","321","428","423","389","C1850456"
"1778","2","3","7","76","153","40","38","54","75","C1850456"
"3728","2","5","7","34","52","225","142","220","298","C1850456"
"477","2","3","8","63","45","23","103","464","187","C1850456"
"207","2","3","7","53","14","20","34","489","416","C1850456"
"6718","2","3","2","46","136","227","168","225","490","C1850456"
"5468","2","3","3","19","151","276","91","433","118","C1850456"
"7124","2","3","12","41","219","339","156","568","697","C1850456"
"26053","2","3","12","19","31","1","426","55","78","C1850456"
"5580","2","5","7","34","52","216","395","287","116","C1850456"
"8139","2","3","12","41","116","268","434","468","213","C1850456"
"6559","2","5","8","45","94","199","240","415","666","C1850456"
"7014","2","3","12","19","31","261","116","1","86","C1850456"
"8678","2","3","12","41","219","339","156","568","605","C1850456"
"338","2","5","7","53","51","342","454","573","492","C1850456"
"3663","2","3","12","53","184","119","156","287","116","C1850456"
"551","2","5","4","68","96","326","427","548","672","C1850456"
"3553","2","5","7","53","51","119","25","489","416","C1850456"
"7421","2","3","3","19","151","276","91","433","118","C1850456"
"4041","2","5","3","68","221","197","259","560","422","C1850456"
"5314","2","3","12","76","153","40","38","54","75","C1850456"
"7252","2","5","4","68","96","326","427","548","672","C1850456"
"2812","2","5","7","53","51","342","454","573","492","C1850456"
"9860","2","5","7","53","219","184","156","568","697","C1850456"
"51","2","3","5","43","151","276","91","433","482","C1850496"
"1734","2","3","5","69","83","101","126","57","224","C1850496"
"2303","2","5","3","19","221","321","428","541","667","C1850496"
"1141","2","5","8","27","70","99","162","216","290","C1850496"
"7390","2","3","5","80","81","166","132","175","473","C1850496"
"2263","2","5","7","53","14","20","25","40","186","C1850496"
"2239","2","3","2","74","51","342","454","573","492","C1850496"
"6868","2","5","7","53","51","342","454","236","492","C1850496"
"10804","2","3","12","76","153","40","38","54","75","C1850496"
"3458","2","5","7","53","184","119","156","287","116","C1850496"
"26191","2","5","7","53","14","20","25","40","186","C1850496"
"6595","2","3","12","19","31","1","426","55","78","C1850496"
"2121","2","3","12","41","116","268","434","568","605","C1850496"
"2729","2","3","2","83","171","97","381","478","329","C1850496"
"421","2","5","7","42","51","335","444","560","373","C1850496"
"6335","2","5","8","63","36","166","341","390","158","C1850496"
"4512","2","3","2","48","170","110","141","359","8","C1850496"
"2260","2","5","7","53","14","20","25","40","186","C1850496"
"7351","2","3","2","20","29","98","123","166","221","C1850496"
"3553","2","5","7","53","51","119","25","489","416","C1850496"
"242","2","3","5","11","142","223","142","220","298","C1850496"
"4129","2","3","5","63","63","120","197","203","350","C1850496"
"1387","2","3","12","19","31","276","91","433","118","C1850496"
"5994","2","3","12","19","31","276","91","491","118","C1850496"
"3717","2","5","7","53","14","20","25","40","186","C1850496"
"5979","2","5","7","53","14","20","25","40","186","C1850534"
"3481","2","5","7","53","51","342","454","573","492","C1850534"
"3920","2","5","7","34","52","216","395","549","674","C1850535"
"26353","2","3","12","76","45","160","347","271","356","C1850535"
"4852","2","5","4","68","96","326","427","548","672","C1850535"
"6786","2","5","8","63","45","23","103","464","187","C1850535"
"56606","2","5","7","90","216","337","448","565","562","C1850535"
"3084","2","5","7","53","14","20","25","40","186","C1850544"
"6786","2","5","8","63","45","23","103","464","187","C1850544"
"7043","2","5","7","53","51","342","454","573","492","C1850544"
"286","2","5","7","60","153","40","38","54","203","C1850558"
"9150","2","3","12","19","31","261","116","159","211","C1850558"
"2702","2","3","12","76","153","40","38","54","75","C1850558"
"8481","2","3","12","76","153","40","38","54","75","C1850573"
"4088","2","3","12","19","219","339","259","423","605","C1850573"
"4287","2","3","12","41","116","268","434","468","215","C1850573"
"23479","2","3","2","48","170","50","119","100","556","C1850573"
"1280","2","5","7","53","51","342","454","573","492","C1850573"
"3507","2","5","7","53","51","119","395","549","674","C1850573"
"3759","2","5","8","63","36","166","106","110","158","C1850573"
"3265","2","5","7","60","54","24","30","46","72","C1850573"
"4604","2","5","8","63","45","23","103","464","187","C1850573"
"2177","2","3","2","110","90","261","431","545","443","C1850573"
"472","2","3","12","19","31","261","116","1","86","C1850573"
"7401","2","5","7","60","83","101","126","170","224","C1850573"
"6664","2","3","3","19","221","321","428","541","667","C1850573"
"3845","2","5","7","60","54","24","30","46","72","C1850573"
"8910","2","5","8","63","45","23","103","464","187","C1850601"
"4041","2","5","3","68","221","197","259","560","422","C1850601"
"8216","2","3","12","41","119","330","214","454","144","C1850601"
"93","2","5","7","53","14","20","259","423","389","C1850601"
"8517","2","3","12","41","219","339","156","568","697","C1850601"
"2624","2","3","12","19","31","1","155","287","116","C1850601"
"3553","2","5","7","53","51","119","25","489","416","C1850601"
"3912","2","5","7","53","51","342","454","573","492","C1850630"
"8799","2","3","5","43","161","305","409","208","482","C1850630"
"10019","2","5","7","53","14","20","25","40","116","C1850658"
"1302","2","5","7","53","51","342","454","573","492","C1850658"
"2022","2","5","7","53","51","342","259","423","389","C1850663"
"3553","2","5","7","53","51","119","25","489","416","C1850663"
"3708","2","5","8","63","45","23","306","390","158","C1850674"
"2261","2","5","7","53","14","20","25","40","186","C1850674"
"5159","2","5","7","53","14","20","25","40","186","C1850776"
"331","2","3","12","41","219","339","156","568","697","C1850776"
"2657","2","5","7","53","51","342","259","423","389","C1850776"
"2072","2","3","12","19","31","261","116","1","86","C1850776"
"4519","2","3","2","48","170","50","119","508","312","C1850776"
"60","2","3","12","60","45","184","155","287","78","C1850776"
"8820","2","3","3","19","221","321","428","541","667","C1850776"
"15","2","3","2","11","142","225","142","87","673","C1850776"
"1747","2","3","3","19","221","321","428","541","667","C1850776"
"10083","2","5","7","42","36","71","177","223","219","C1850776"
"8924","2","3","12","41","116","268","434","468","213","C1850776"
"26119","2","5","7","60","14","184","341","544","669","C1850776"
"7469","2","3","12","19","31","261","116","159","211","C1850776"
"10716","2","5","7","53","51","335","444","560","373","C1850776"
"4627","2","5","7","63","45","184","103","572","658","C1850776"
"18","2","3","8","67","94","199","182","509","666","C1850776"
"7040","2","5","7","53","51","342","454","573","492","C1850776"
"4000","2","3","12","26","105","178","226","297","156","C1850776"
"5994","2","3","12","19","31","276","91","491","118","C1850776"
"7222","2","5","8","63","45","193","306","390","158","C1850776"
"1411","2","3","6","63","45","160","362","177","673","C1850776"
"6597","2","3","12","19","31","1","426","55","78","C1850776"
"5696","2","3","12","41","116","268","156","568","116","C1850776"
"4337","2","3","2","80","91","75","204","267","352","C1850776"
"26123","2","3","2","76","153","40","38","54","75","C1850776"
"9409","2","3","5","43","161","305","409","208","482","C1850776"
"2982","2","3","4","68","96","326","427","548","672","C1850776"
"3954","2","3","2","48","170","67","119","444","593","C1850792"
"3981","2","3","12","19","31","261","116","1","86","C1850792"
"526","2","3","5","29","88","132","172","199","308","C1850794"
"6662","2","3","3","19","221","321","428","541","667","C1850794"
"4000","2","3","12","26","105","178","226","297","156","C1850794"
"3239","2","3","3","19","221","321","428","541","667","C1850794"
"10484","2","3","7","60","153","40","38","54","203","C1850794"
"283","2","5","7","53","51","335","444","560","373","C1850794"
"727897","2","3","2","89","206","324","430","429","544","C1850794"
"2263","2","5","7","53","14","20","25","40","186","C1850794"
"6557","2","5","8","45","94","199","240","415","666","C1850794"
"5015","2","3","3","19","221","321","428","541","667","C1850794"
"83990","2","3","12","19","31","261","116","1","86","C1850794"
"5897","2","3","12","41","116","268","141","568","605","C1850794"
"8792","2","3","12","41","219","339","156","568","697","C1850830"
"23533","2","3","2","53","14","20","25","362","468","C1850830"
"7466","2","5","7","53","51","342","454","573","492","C1850830"
"7474","2","5","3","68","221","184","259","544","669","C1850830"
"538","2","3","8","63","45","23","103","464","187","C1850830"
"8506","2","5","7","53","51","342","454","573","492","C1850830"
"5982","2","3","12","19","31","261","116","1","86","C1850830"
"2132","2","3","2","74","58","112","148","193","263","C1850830"
"5770","2","5","7","53","14","20","25","40","186","C1850848"
"6391","2","3","2","48","170","50","119","444","556","C1850848"
"3048","2","3","12","19","31","118","155","287","116","C1850848"
"1487","2","3","12","19","31","1","426","55","340","C1850848"
"2166","2","3","2","11","142","152","142","570","298","C1850848"
"4851","2","3","12","19","221","143","428","236","667","C1850848"
"50964","2","5","3","68","221","197","259","423","422","C1850853"
"26040","2","3","12","19","31","1","116","297","78","C1850853"
"5192","2","3","5","43","161","305","409","208","482","C1850853"
"3047","2","3","12","19","31","118","155","287","116","C1850854"
"5832","2","3","2","101","62","189","182","509","252","C1850854"
"2253","2","5","7","53","14","20","25","40","186","C1850854"
"4867","2","5","7","76","153","40","38","54","75","C1850855"
"196","2","3","3","19","151","276","91","433","118","C1850855"
"8557","2","5","8","63","45","23","103","464","187","C1850855"
"26580","2","5","8","27","70","99","162","216","290","C1850900"
"1193","2","5","8","63","45","23","34","464","187","C1850900"
"3872","2","1","6","11","142","225","142","220","298","C1850900"
"2316","2","5","7","53","51","342","454","573","702","C1850900"
"5159","2","5","7","53","14","20","25","40","186","C1851059"
"3785","2","5","8","63","36","166","106","110","158","C1851059"
"410","2","3","7","34","52","216","395","549","674","C1851059"
"10060","2","3","8","41","45","23","423","464","445","C1851059"
"79659","2","3","12","76","153","40","38","54","75","C1851100"
"1776","2","5","7","105","219","261","402","129","215","C1851100"
"5244","2","3","3","41","151","276","91","433","118","C1851102"
"1050","2","3","12","19","151","276","91","433","118","C1851102"
"2688","2","5","7","53","51","119","25","40","186","C1851102"
"51626","2","3","12","76","153","40","38","54","75","C1851102"
"2625","2","3","12","19","31","339","155","287","116","C1851107"
"5449","2","3","3","19","221","321","428","541","667","C1851107"
"8792","2","3","12","41","219","339","156","568","697","C1851108"
"3791","2","5","7","53","51","342","454","573","492","C1851108"
"4882","2","3","4","68","96","326","427","548","672","C1851119"
"11280","2","5","8","63","36","166","341","390","158","C1851119"
"182","2","5","7","53","51","143","428","236","667","C1851119"
"2799","2","3","7","34","52","216","395","549","33","C1851303"
"5194","2","3","5","43","161","305","409","208","482","C1851303"
"857","2","5","7","53","45","23","57","83","422","C1851313"
"3920","2","5","7","34","52","216","395","549","674","C1851313"
"6785","2","3","5","67","7","5","239","311","393","C1851313"
"9896","2","3","5","80","81","296","399","201","274","C1851400"
"3043","2","5","7","34","52","216","395","549","116","C1851400"
"545","2","3","12","19","31","261","116","1","86","C1851402"
"190","2","3","3","19","151","276","91","433","118","C1851402"
"5216","2","5","7","76","153","342","38","54","702","C1851402"
"1896","2","5","12","41","219","339","156","568","697","C1851402"
"4000","2","3","12","26","105","178","226","297","156","C1851402"
"2033","2","3","12","19","31","1","91","433","118","C1851406"
"790","2","3","12","41","219","339","347","206","627","C1851406"
"6620","2","5","7","27","36","150","341","223","628","C1851414"
"7915","2","3","5","87","39","74","191","250","285","C1851414"
"54463","2","3","2","48","57","110","141","359","462","C1851415"
"1106","2","3","12","19","31","1","426","55","78","C1851415"
"4210","2","3","12","41","219","339","156","568","697","C1851418"
"4625","2","3","8","63","45","23","103","464","187","C1851418"
"5428","2","3","2","48","170","50","119","167","593","C1851419"
"6135","2","3","2","110","85","237","433","547","671","C1851419"
"8214","2","3","6","11","142","225","142","220","298","C1851542"
"9451","2","3","2","110","51","335","226","297","380","C1851542"
"27031","2","3","6","11","142","225","38","331","506","C1851542"
"1678","2","3","2","48","170","50","304","167","593","C1851542"
"51128","2","5","7","60","153","24","38","46","72","C1851585"
"84062","2","5","7","60","18","184","341","544","669","C1851585"
"7148","2","5","7","53","51","342","454","573","492","C1851705"
"2737","2","3","12","19","116","321","428","54","667","C1851705"
"3425","2","3","5","80","81","166","454","573","492","C1851705"
"3119","2","5","7","53","153","119","156","287","116","C1851712"
"6698","2","1","6","11","142","225","142","220","298","C1851712"
"1890","2","3","5","80","81","296","62","94","150","C1851712"
"6595","2","3","12","19","31","1","426","55","78","C1851712"
"8643","2","5","3","68","221","197","259","560","422","C1851714"
"217","2","3","5","75","120","200","75","230","309","C1851714"
"335","2","5","7","53","51","342","454","573","492","C1851714"
"9775","2","3","2","22","33","323","66","101","136","C1851714"
"3066","2","3","12","19","31","1","426","55","78","C1851714"
"1581","2","3","5","19","151","276","91","433","118","C1851720"
"5894","2","5","7","60","54","23","34","464","187","C1851720"
"50846","2","3","3","68","221","197","259","560","422","C1851720"
"3643","2","5","7","53","14","20","25","40","186","C1851722"
"2557","2","5","8","27","70","99","162","216","290","C1851722"
"9487","2","3","5","80","81","142","176","235","317","C1851722"
"11152","2","3","2","48","57","110","141","359","462","C1851731"
"5625","2","3","2","101","103","177","225","271","356","C1851731"
"8822","2","5","7","53","14","20","25","40","186","C1851731"
"4653","2","5","7","34","51","342","454","573","492","C1851731"
"27241","2","3","12","76","153","76","38","54","75","C1851731"
"3549","2","5","3","53","51","197","259","560","422","C1851731"
"8048","2","5","8","63","45","23","103","464","187","C1851731"
"5378","2","3","12","19","31","261","116","1","86","C1851731"
"975","2","5","7","53","51","119","395","549","674","C1851731"
"367","2","3","12","19","31","276","91","433","118","C1851731"
"25836","2","3","12","76","153","40","38","54","75","C1851731"
"3030","2","3","2","48","57","339","44","65","31","C1851731"
"7048","2","5","7","53","51","342","259","423","389","C1851731"
"2563","2","5","8","27","70","99","162","216","290","C1851731"
"7174","2","3","12","41","116","268","434","468","213","C1851731"
"55294","2","3","12","41","116","268","434","468","213","C1851731"
"2263","2","5","7","53","14","20","25","40","186","C1851733"
"23111","2","3","12","41","219","339","156","568","697","C1851733"
"3117","2","5","7","53","153","119","156","287","116","C1851733"
"58","2","5","8","63","45","23","103","464","187","C1851789"
"1277","2","5","7","53","51","342","454","573","492","C1851789"
"6535","2","5","8","45","94","199","240","415","666","C1851789"
"1175","2","5","7","60","14","184","341","544","669","C1851789"
"55120","2","3","12","19","31","261","116","1","86","C1851789"
"4313","2","5","7","53","51","342","454","573","492","C1851789"
"6905","2","3","12","76","153","40","38","54","75","C1851789"
"2006","2","5","7","53","51","342","454","573","492","C1851789"
"4838","2","5","3","53","221","321","259","423","389","C1851792"
"23347","2","3","12","41","116","268","434","468","213","C1851792"
"5250","2","3","2","48","170","50","119","444","593","C1851792"
"7290","2","3","12","19","31","1","426","55","78","C1851792"
"4541","2","3","2","48","170","50","119","444","24","C1851792"
"6899","2","5","7","53","184","335","259","560","373","C1851792"
"2717","2","3","7","34","52","216","395","549","674","C1851792"
"2317","2","5","7","63","45","23","103","287","664","C1851792"
"10269","2","3","2","48","182","50","119","444","556","C1851792"
"6473","2","3","3","19","221","321","428","541","667","C1851792"
"3664","2","5","7","53","184","119","156","287","116","C1851792"
"1230","2","5","4","68","96","326","427","548","672","C1851797"
"4665","2","3","3","11","221","321","428","541","667","C1851797"
"10087","2","3","7","50","47","39","100","321","255","C1851828"
"650","2","5","7","53","51","342","259","423","389","C1851828"
"5290","2","3","7","53","14","20","25","40","186","C1851828"
"120892","2","3","2","110","85","28","164","85","522","C1851828"
"673","2","5","7","53","14","20","34","540","68","C1851833"
"8493","2","3","12","19","31","293","116","201","664","C1851833"
"1410","2","3","12","63","45","23","38","54","187","C1851833"
"30813","2","3","3","19","221","321","428","541","667","C1851835"
"50511","2","3","12","19","31","1","426","55","78","C1851835"
"8643","2","5","3","68","221","197","259","560","422","C1851835"
"3930","2","3","2","22","33","323","66","3","464","C1851868"
"7299","2","3","5","23","18","138","250","332","407","C1851868"
"5551","2","5","7","53","51","119","395","549","674","C1851868"
"2623","2","3","12","19","31","1","155","287","116","C1851868"
"950","2","5","7","60","14","184","341","544","669","C1851868"
"1184","2","5","8","63","45","23","34","464","187","C1851868"
"9049","2","3","3","41","151","276","378","271","356","C1851868"
"5595","2","3","7","53","14","20","34","540","68","C1851868"
"4719","2","3","2","48","170","50","119","444","556","C1851868"
"79827","2","5","7","53","51","119","395","549","674","C1851868"
"23414","2","3","12","19","31","118","155","287","116","C1851868"
"1594","2","3","5","92","163","96","363","460","487","C1851868"
"4000","2","3","12","26","105","178","226","297","156","C1851868"
"4160","2","5","4","68","96","326","427","548","672","C1851868"
"90993","2","3","12","26","35","276","91","433","156","C1851868"
"7020","2","3","12","19","31","276","91","433","664","C1851868"
"30835","2","5","7","53","51","119","395","549","674","C1851868"
"10083","2","5","7","42","36","71","177","223","219","C1851868"
"4000","2","3","12","26","105","178","226","297","156","C1851868"
"8622","2","3","4","68","96","326","427","548","672","C1851868"
"11005","2","1","6","11","142","225","142","220","298","C1851868"
"55112","2","3","12","76","153","40","38","54","75","C1851868"
"3358","2","5","4","68","96","326","427","548","672","C1851868"
"2131","2","3","2","74","58","112","148","181","416","C1851868"
"29119","2","5","7","11","51","335","444","560","373","C1851868"
"10262","2","3","2","22","33","323","66","101","136","C1851936"
"1297","2","5","7","53","51","342","454","573","492","C1851936"
"3383","2","5","7","53","51","119","454","287","116","C1851959"
"56652","2","3","3","19","151","276","91","433","118","C1851959"
"5771","2","5","7","53","14","296","25","40","186","C1851959"
"1292","2","5","7","53","51","342","454","573","492","C1851970"
"3848","2","5","7","34","52","225","142","220","298","C1851970"
"23594","2","3","12","76","153","261","116","1","86","C1851971"
"6597","2","3","12","19","31","1","426","55","78","C1851971"
"9241","2","5","7","53","51","342","259","423","389","C1851971"
"3892","2","1","6","11","142","225","142","220","298","C1851971"
"3481","2","5","7","53","51","342","454","573","492","C1851971"
"8643","2","5","3","68","221","197","259","560","422","C1851971"
"1947","2","5","7","53","51","20","25","560","373","C1851971"
"1594","2","3","5","92","163","96","363","460","487","C1851971"
"6391","2","3","2","48","170","50","119","444","556","C1851971"
"1487","2","3","12","19","31","1","426","55","340","C1851971"
"6197","2","3","12","19","14","20","34","540","68","C1851971"
"2984","2","3","4","68","96","326","427","548","672","C1851971"
"4952","2","3","5","60","54","184","30","544","669","C1851971"
"3930","2","3","2","22","33","323","66","3","464","C1851971"
"6660","2","3","3","19","221","321","428","541","667","C1851971"
"54757","2","5","7","53","51","342","454","573","492","C1851971"
"4036","2","5","7","60","14","184","341","544","669","C1851971"
"5824","2","3","5","47","144","185","238","310","392","C1851971"
"2255","2","5","7","53","14","20","25","40","186","C1851972"
"6439","2","5","5","68","96","185","238","310","272","C1851972"
"5125","2","5","6","11","51","225","142","220","298","C1851972"
"10468","2","5","7","53","51","342","259","423","389","C1851972"
"51360","2","3","3","26","35","276","91","433","203","C1851972"
"4719","2","3","2","48","170","50","119","444","556","C1851996"
"2658","2","5","7","53","51","342","259","423","389","C1851996"
"2584","2","3","2","72","117","196","257","326","46","C1851996"
"3329","2","3","2","48","170","50","304","167","593","C1852093"
"55325","2","5","7","34","181","23","119","544","187","C1852093"
"668","2","3","12","19","221","321","428","541","664","C1852150"
"3675","2","5","7","53","51","342","454","573","492","C1852150"
"3835","2","3","12","76","153","40","38","54","75","C1852150"
"2266","2","5","7","53","51","342","454","573","492","C1852150"
"1280","2","5","7","53","51","342","454","573","492","C1852197"
"9469","2","3","2","103","189","303","29","475","467","C1852197"
"10060","2","3","8","41","45","23","423","464","445","C1852301"
"1786","2","3","12","19","31","1","426","55","78","C1852301"
"5520","2","3","2","110","85","237","433","547","671","C1852301"
"5321","2","3","5","116","183","295","398","243","327","C1852301"
"2263","2","5","7","53","14","20","25","40","186","C1852372"
"5994","2","3","12","19","31","276","91","491","118","C1852372"
"2260","2","5","7","53","14","20","25","40","186","C1852372"
"5781","2","5","7","53","14","20","25","40","186","C1852438"
"4983","2","5","7","60","54","24","30","46","72","C1852438"
"55315","2","3","5","80","81","296","62","94","150","C1852464"
"7547","2","3","3","19","221","321","428","541","667","C1852464"
"4023","2","3","5","24","51","342","91","20","27","C1852464"
"6341","2","3","2","48","170","50","119","444","556","C1852464"
"435","2","3","8","84","97","167","210","278","360","C1852464"
"10157","2","3","5","71","102","175","222","290","371","C1852464"
"7592","2","4","3","24","119","330","214","454","144","C1852504"
"2121","2","3","12","41","116","268","434","568","605","C1852504"
"2121","2","3","12","41","116","268","434","568","605","C1852504"
"5728","2","3","5","80","81","339","156","568","605","C1852504"
"7356","2","5","7","53","51","119","25","489","416","C1852504"
"23321","2","5","7","53","184","119","156","287","116","C1852504"
"3852","2","1","6","11","142","225","142","220","298","C1852504"
"9839","2","3","3","19","221","321","428","541","667","C1852504"
"778","2","5","8","63","36","166","341","223","158","C1852534"
"2077","2","3","12","76","153","40","38","54","75","C1852534"
"3630","2","5","7","53","14","20","25","40","186","C1852534"
"2239","2","3","2","74","51","342","454","573","492","C1852534"
"1298","2","5","7","53","51","342","454","573","492","C1852534"
"134","2","5","4","68","96","326","427","548","672","C1852534"
"1380","2","5","7","53","51","119","395","549","674","C1852534"
"5889","2","3","12","19","31","261","116","1","86","C1852767"
"55112","2","3","12","76","153","40","38","54","75","C1852767"
"2200","2","5","7","53","51","342","454","573","492","C1852767"
"5728","2","3","5","80","81","339","156","568","605","C1852767"
"1588","2","3","5","79","159","256","350","27","44","C1852767"
"23400","2","5","8","63","45","23","103","464","187","C1853118"
"4508","2","3","2","48","170","50","119","444","556","C1853118"
"4353","2","3","7","34","52","216","395","549","674","C1853118"
"9101","2","3","12","41","219","339","156","568","605","C1853118"
"7466","2","5","7","53","51","342","454","573","492","C1853118"
"5696","2","3","12","41","116","268","156","568","116","C1853118"
"8644","2","3","2","46","175","227","167","224","301","C1853141"
"4211","2","3","3","19","221","321","428","541","667","C1853141"
"1509","2","5","7","34","52","216","395","549","568","C1853141"
"8029","2","5","7","53","51","105","139","186","245","C1853141"
"54714","2","5","8","63","36","166","106","110","158","C1853141"
"8803","2","3","8","67","92","293","55","75","311","C1853141"
"2213","2","5","7","53","51","119","395","549","674","C1853141"
"9896","2","3","5","80","81","296","399","201","274","C1853141"
"8600","2","5","7","41","219","339","156","568","697","C1853141"
"178","2","3","7","34","52","216","395","549","674","C1853141"
"23247","2","3","12","76","153","71","34","540","68","C1853141"
"2201","2","5","7","53","51","342","454","573","492","C1853141"
"9049","2","3","3","41","151","276","378","271","356","C1853141"
"2516","2","3","3","19","151","276","91","433","118","C1853147"
"355","2","3","7","41","219","339","156","568","697","C1853147"
"3425","2","3","5","80","81","166","454","573","492","C1853171"
"4683","2","3","12","19","31","261","116","1","86","C1853171"
"5605","2","5","7","53","14","20","34","540","68","C1853171"
"2121","2","3","12","41","116","268","434","568","605","C1853171"
"7681","2","3","12","41","116","268","434","468","213","C1853171"
"3691","2","5","7","53","51","342","454","573","492","C1853193"
"51320","2","3","12","41","116","268","434","468","213","C1853193"
"127","2","3","2","75","120","200","263","251","40","C1853193"
"8557","2","5","8","63","45","23","103","464","187","C1853193"
"5830","2","3","5","43","161","305","409","208","482","C1853193"
"1200","2","3","5","80","81","178","226","297","380","C1853193"
"10060","2","3","8","41","45","23","423","464","445","C1853193"
"1337","2","3","2","48","170","110","141","359","462","C1853193"
"5371","2","3","12","19","31","1","91","287","116","C1853193"
"23209","2","5","8","63","45","23","103","464","187","C1853193"
"1788","2","3","12","19","31","1","426","55","78","C1853193"
"8629","2","3","12","19","221","1","428","541","667","C1853193"
"8195","2","3","12","76","153","76","38","54","75","C1853193"
"6663","2","3","3","19","221","321","428","541","667","C1853193"
"5728","2","3","5","80","81","339","156","568","605","C1853193"
"1618","2","3","2","22","33","323","66","101","136","C1853193"
"5149","2","3","5","68","38","16","477","596","725","C1853193"
"4318","2","5","7","34","52","216","395","573","492","C1853193"
"25959","2","3","3","19","151","276","91","433","118","C1853193"
"1272","2","5","7","53","51","335","444","236","373","C1853193"
"10847","2","3","12","19","31","1","426","55","78","C1853193"
"54","2","3","5","80","81","178","195","256","342","C1853223"
"4645","2","3","4","67","92","293","55","75","311","C1853223"
"51715","2","5","7","60","54","24","30","46","72","C1853230"
"8456","2","3","3","19","221","321","428","541","667","C1853230"
"2218","2","5","2","53","123","194","255","560","373","C1853230"
"26040","2","3","12","19","31","1","116","297","78","C1853230"
"1493","2","5","7","53","51","119","25","40","186","C1853230"
"3875","2","1","6","11","142","225","142","220","298","C1853235"
"25836","2","3","12","76","153","40","38","54","75","C1853235"
"6303","2","3","2","67","118","160","261","188","423","C1853235"
"189","2","3","5","43","161","305","409","208","482","C1853235"
"1836","2","3","2","35","41","94","260","330","375","C1853235"
"4148","2","5","7","53","51","342","454","573","492","C1853235"
"4671","2","3","12","41","219","339","156","568","697","C1853235"
"2073","2","3","12","19","31","261","116","1","86","C1853235"
"5604","2","5","7","53","14","20","34","540","68","C1853235"
"2706","2","3","12","76","153","40","38","54","75","C1853235"
"5728","2","3","5","80","81","339","156","568","605","C1853235"
"1836","2","3","2","35","41","94","260","330","375","C1853235"
"10342","2","3","7","60","219","40","202","66","203","C1853235"
"6392","2","3","2","48","170","50","119","444","556","C1853235"
"7291","2","3","12","19","151","276","91","489","416","C1853288"
"9782","2","3","2","22","33","323","66","101","136","C1853288"
"7290","2","3","12","19","31","1","426","55","78","C1853288"
"4763","2","5","7","60","54","24","30","46","214","C1853288"
"3852","2","1","6","11","142","225","142","220","298","C1853377"
"2299","2","3","3","19","221","321","428","541","667","C1853377"
"54209","2","5","7","53","51","119","395","549","674","C1853383"
"55325","2","5","7","34","181","23","119","544","187","C1853383"
"10733","2","3","12","76","153","40","38","54","75","C1853383"
"1591","2","3","5","92","163","262","136","460","566","C1853383"
"319101","2","1","6","11","142","225","142","220","298","C1853383"
"8546","2","5","7","60","18","184","341","544","669","C1853383"
"3767","2","5","8","63","36","166","106","110","158","C1853383"
"5894","2","5","7","60","54","23","34","464","187","C1853383"
"2332","2","3","2","22","33","71","373","466","609","C1853383"
"8139","2","3","12","41","116","268","434","468","213","C1853383"
"1855","2","5","12","76","153","197","259","560","422","C1853383"
"4722","2","3","2","48","170","50","119","444","556","C1853383"
"2736","2","3","12","41","116","321","428","54","667","C1853383"
"6926","2","5","7","53","51","335","259","560","373","C1853383"
"6497","2","5","3","19","221","342","259","423","389","C1853383"
"55624","2","3","2","78","123","194","255","215","412","C1853383"
"6495","2","3","3","19","221","321","428","541","667","C1853383"
"9380","2","3","2","67","128","208","289","366","472","C1853383"
"356","2","5","7","53","219","339","25","489","697","C1853383"
"6908","2","3","12","19","31","1","116","159","211","C1853396"
"9241","2","5","7","53","51","342","259","423","389","C1853396"
"2557","2","5","8","27","70","99","162","216","290","C1853406"
"27445","2","5","7","60","36","71","341","223","624","C1853406"
"6005","2","3","2","16","197","45","155","78","695","C1853482"
"3908","2","5","7","53","51","342","454","573","492","C1853482"
"9731","2","3","12","76","153","40","38","54","75","C1853486"
"1537","2","3","2","48","170","50","304","167","593","C1853486"
"51750","2","3","12","19","31","261","116","1","86","C1853486"
"2717","2","3","7","34","52","216","395","549","674","C1853486"
"2184","2","3","5","76","153","138","236","332","407","C1853486"
"114548","2","3","12","41","219","339","156","568","697","C1853486"
"2705","2","3","12","76","153","40","38","54","75","C1853638"
"54101","2","3","2","48","170","50","347","167","593","C1853638"
"1493","2","5","7","53","51","119","25","40","186","C1853638"
"9968","2","4","3","24","119","330","214","454","144","C1853638"
"1186","2","5","8","63","45","23","34","464","187","C1853702"
"7045","2","5","12","19","51","1","426","55","78","C1853702"
"435","2","3","8","84","97","167","210","278","360","C1853729"
"26137","2","5","7","63","45","184","103","572","658","C1853729"
"2067","2","3","12","19","31","261","116","1","86","C1853729"
"2324","2","5","7","53","14","20","25","40","186","C1853737"
"9582","2","3","12","76","153","40","38","54","75","C1853737"
"4893","2","5","7","34","52","24","30","46","72","C1853737"
"4582","2","5","7","53","206","324","430","429","544","C1853737"
"5605","2","5","7","53","14","20","34","540","68","C1853737"
"6337","2","5","8","63","45","23","34","464","187","C1853737"
"6722","2","3","12","76","153","40","38","54","75","C1853737"
"2776","2","5","4","68","96","326","427","548","672","C1853737"
"1394","2","5","4","68","96","326","427","548","672","C1853737"
"4668","2","3","5","21","111","188","242","313","396","C1853737"
"1643","2","3","12","41","116","268","434","468","213","C1853737"
"7840","2","3","12","76","153","40","38","54","75","C1853737"
"2034","2","3","12","41","116","268","434","468","213","C1853737"
"5621","2","5","8","27","36","342","454","573","628","C1853737"
"9569","2","3","12","19","31","276","91","433","118","C1853737"
"3785","2","5","8","63","36","166","106","110","158","C1853737"
"2767","2","5","4","68","96","326","427","548","672","C1853737"
"27031","2","3","6","11","142","225","38","331","506","C1853737"
"2263","2","5","7","53","14","20","25","40","186","C1853737"
"5873","2","5","7","34","54","24","30","46","72","C1853737"
"5468","2","3","3","19","151","276","91","433","118","C1853737"
"240","2","3","7","34","52","216","395","489","416","C1853761"
"7421","2","3","3","19","151","276","91","433","118","C1853761"
"5314","2","3","12","76","153","40","38","54","75","C1853766"
"3439","2","3","12","19","184","118","155","287","116","C1853766"
"10195","2","3","2","48","69","99","162","216","290","C1853767"
"5728","2","3","5","80","81","339","156","568","605","C1853767"
"1499","2","3","12","19","221","197","259","560","422","C1853767"
"51128","2","5","7","60","153","24","38","46","72","C1853767"
"7276","2","5","7","34","52","216","395","549","674","C1853926"
"1736","2","3","2","110","85","237","433","547","671","C1853926"
"9968","2","4","3","24","119","330","214","454","144","C1853932"
"7136","2","5","8","63","45","23","103","464","187","C1853932"
"8291","2","5","8","63","45","23","103","464","187","C1853932"
"50964","2","5","3","68","221","197","259","423","422","C1853932"
"7421","2","3","3","19","151","276","91","433","118","C1853932"
"595","2","3","12","19","31","1","426","489","416","C1853932"
"7172","2","3","5","80","81","105","426","129","586","C1853932"
"2022","2","5","7","53","51","342","259","423","389","C1853932"
"65057","2","3","12","19","31","1","426","55","78","C1853932"
"5077","2","3","3","19","221","321","428","541","667","C1853932"
"3759","2","5","8","63","36","166","106","110","158","C1853932"
"10484","2","3","7","60","153","40","38","54","203","C1853932"
"2923","2","3","2","41","116","178","378","536","229","C1853932"
"1380","2","5","7","53","51","119","395","549","674","C1853932"
"8604","2","3","2","48","170","50","304","167","593","C1853932"
"3284","2","3","2","69","98","169","299","183","243","C1853950"
"5447","2","3","5","91","214","271","372","471","586","C1853950"
"6945","2","3","12","19","31","110","141","488","102","C1853952"
"3918","2","5","7","53","51","342","454","573","492","C1853952"
"6342","2","3","5","80","161","305","409","208","482","C1853952"
"5538","2","3","2","115","18","340","269","342","444","C1854111"
"7297","2","5","7","53","184","119","25","40","186","C1854111"
"3592","2","5","7","53","51","119","25","489","416","C1854111"
"9126","2","3","12","76","153","40","38","54","75","C1854111"
"1811","2","5","8","35","41","199","40","415","666","C1854273"
"4893","2","5","7","34","52","24","30","46","72","C1854273"
"7827","2","5","7","53","170","335","25","560","373","C1854310"
"4843","2","3","5","43","161","305","409","489","416","C1854310"
"85358","2","5","7","60","14","71","341","223","219","C1854310"
"29954","2","5","2","27","206","324","430","215","290","C1854310"
"7157","2","3","12","19","31","261","402","489","551","C1854310"
"2253","2","5","7","53","14","20","25","40","186","C1854310"
"885","2","5","4","68","96","326","427","548","672","C1854310"
"54806","2","5","7","76","153","40","38","54","75","C1854337"
"5830","2","3","5","43","161","305","409","208","482","C1854337"
"7704","2","3","12","41","116","268","434","468","213","C1854337"
"10806","2","3","12","76","153","40","38","54","75","C1854339"
"1861","2","5","7","60","14","184","341","544","669","C1854339"
"22861","2","3","12","41","219","339","156","568","697","C1854339"
"4843","2","3","5","43","161","305","409","489","416","C1854387"
"51251","2","3","5","80","81","296","62","94","150","C1854387"
"2538","2","3","5","90","216","333","438","561","689","C1854387"
"4541","2","3","2","48","170","50","119","444","24","C1854387"
"5573","2","3","12","19","184","118","155","287","116","C1854387"
"7140","2","5","8","63","45","23","103","464","187","C1854387"
"2187","2","3","12","19","31","261","116","1","86","C1854387"
"1289","2","5","7","53","51","342","454","573","492","C1854387"
"7507","2","3","12","19","31","261","116","1","86","C1854387"
"8742","2","3","12","41","219","339","156","568","697","C1854387"
"1300","2","5","7","53","51","342","454","573","492","C1854416"
"4254","2","5","7","53","14","20","25","40","186","C1854416"
"9860","2","5","7","53","219","184","156","568","697","C1854417"
"29899","2","5","4","68","96","326","427","548","672","C1854417"
"930","2","5","7","53","14","119","25","40","186","C1854418"
"23414","2","3","12","19","31","118","155","287","116","C1854418"
"8893","2","3","2","110","85","237","433","547","671","C1854418"
"3764","2","5","8","63","36","166","106","110","158","C1854418"
"2239","2","3","2","74","51","342","454","573","492","C1854418"
"6997","2","5","3","53","221","321","259","423","389","C1854418"
"3643","2","5","7","53","14","20","25","40","186","C1854418"
"10280","2","3","2","110","85","52","57","86","119","C1854418"
"860","2","3","12","19","31","276","91","433","118","C1854418"
"4830","2","3","2","72","109","182","235","307","506","C1854418"
"2006","2","5","7","53","51","342","454","573","492","C1854418"
"9215","2","5","2","27","36","150","430","215","628","C1854418"
"1749","2","3","3","19","221","321","428","541","667","C1854418"
"6622","2","3","7","27","36","150","341","223","628","C1854418"
"4920","2","5","7","53","14","20","259","560","373","C1854418"
"6016","2","5","7","60","54","24","30","46","72","C1854418"
"2243","2","5","7","53","51","342","454","573","492","C1854418"
"60","2","3","12","60","45","184","155","287","78","C1854418"
"8557","2","5","8","63","45","23","103","464","187","C1854418"
"4654","2","3","12","19","31","276","91","433","118","C1854418"
"10269","2","3","2","48","182","50","119","444","556","C1854418"
"4125","2","3","7","34","52","216","395","549","674","C1854418"
"6261","2","5","8","63","45","23","34","464","187","C1854418"
"27229","2","3","12","76","153","40","38","54","75","C1854418"
"2158","2","5","7","68","51","119","395","549","674","C1854418"
"6403","2","5","7","53","51","342","454","573","702","C1854418"
"65109","2","3","2","22","33","323","66","101","136","C1854418"
"7403","2","3","12","19","31","1","426","55","78","C1854418"
"201626","2","3","12","41","116","268","434","468","593","C1854454"
"4043","2","5","7","60","51","342","454","544","669","C1854454"
"8481","2","3","12","76","153","40","38","54","75","C1854454"
"673","2","5","7","53","14","20","34","540","68","C1854465"
"2492","2","5","4","68","96","326","427","548","672","C1854465"
"5999","2","5","4","68","96","326","427","548","672","C1854465"
"3990","2","3","5","26","35","178","9","414","220","C1854489"
"5813","2","3","12","19","31","1","116","159","211","C1854489"
"5159","2","5","7","53","14","20","25","40","186","C1854489"
"3239","2","3","3","19","221","321","428","541","667","C1854489"
"2796","2","5","4","68","96","326","427","548","672","C1854495"
"1001","2","5","7","53","51","335","444","560","373","C1854495"
"51360","2","3","3","26","35","276","91","433","203","C1854495"
"6261","2","5","8","63","45","23","34","464","187","C1854495"
"5832","2","3","2","101","62","189","182","509","252","C1854510"
"4284","2","3","5","80","81","166","397","374","486","C1854510"
"55670","2","3","5","43","161","305","409","208","482","C1854510"
"23209","2","5","8","63","45","23","103","464","187","C1854510"
"8626","2","3","3","19","221","321","428","541","667","C1854510"
"2177","2","3","2","110","90","261","431","545","443","C1854510"
"2978","2","3","5","80","81","272","223","518","621","C1854510"
"23317","2","5","7","34","52","216","395","549","674","C1854570"
"657","2","5","7","53","221","342","259","423","389","C1854570"
"55215","2","3","12","76","31","261","116","1","86","C1854570"
"29893","2","3","12","19","31","1","426","55","78","C1854610"
"1291","2","5","7","53","51","342","454","573","492","C1854610"
"6578","2","3","5","35","41","77","40","57","80","C1854614"
"27185","2","3","12","76","153","40","38","54","75","C1854614"
"4893","2","5","7","34","52","24","30","46","72","C1854630"
"3440","2","3","12","19","184","118","155","287","116","C1854630"
"5328","2","5","7","34","52","216","395","549","674","C1854657"
"6658","2","3","12","19","221","321","428","541","667","C1854657"
"54714","2","5","8","63","36","166","106","110","158","C1854678"
"2542","2","3","5","80","81","296","399","500","577","C1854678"
"598","2","3","12","41","219","339","402","489","416","C1854678"
"5189","2","3","5","43","161","305","409","208","482","C1854678"
"7140","2","5","8","63","45","23","103","464","187","C1854678"
"326","2","3","12","19","31","261","377","370","269","C1854689"
"1716","2","3","2","27","36","150","221","138","188","C1854689"
"811","2","3","2","41","116","342","423","536","342","C1854699"
"55636","2","3","3","19","221","321","428","423","389","C1854699"
"2534","2","5","7","53","14","20","25","40","186","C1854704"
"11277","2","3","12","19","31","261","116","1","86","C1854704"
"9993","2","5","7","53","51","342","454","573","492","C1854704"
"5308","2","3","3","19","221","321","428","541","667","C1854718"
"540","2","5","8","63","45","23","103","464","187","C1854718"
"7518","2","3","12","19","31","261","116","1","86","C1854718"
"6775","2","5","7","53","14","119","25","40","186","C1854718"
"5728","2","3","5","80","81","339","156","568","605","C1854718"
"3778","2","5","8","63","36","166","106","110","158","C1854718"
"5962","2","5","7","60","36","71","378","64","436","C1854774"
"54880","2","3","12","19","31","1","426","55","78","C1854774"
"26281","2","5","7","53","14","20","25","40","186","C1854774"
"1277","2","5","7","53","51","342","454","573","492","C1854780"
"5108","2","3","12","76","153","40","38","54","75","C1854780"
"51082","2","3","2","19","31","1","426","55","78","C1854783"
"3617","2","5","7","86","221","321","454","311","518","C1854783"
"4541","2","3","2","48","170","50","119","444","24","C1854785"
"54551","2","3","12","41","219","197","156","568","422","C1854785"
"50940","2","3","4","68","96","326","427","548","672","C1854786"
"1760","2","5","8","63","14","20","34","540","68","C1854786"
"836","2","3","12","41","219","339","402","489","697","C1854787"
"60681","2","3","12","48","124","75","136","271","212","C1854787"
"9049","2","3","3","41","151","276","378","271","356","C1854788"
"4214","2","3","12","41","219","339","34","540","117","C1854788"
"51364","2","3","6","11","142","225","142","220","298","C1854827"
"25942","2","3","12","19","31","1","426","55","78","C1854827"
"1308","2","5","7","53","51","119","454","573","492","C1854827"
"2322","2","5","7","53","14","20","25","40","186","C1854827"
"324","2","3","12","41","219","197","70","255","422","C1854827"
"5913","2","5","7","27","36","71","341","223","219","C1854834"
"54805","2","5","7","26","94","85","189","247","333","C1854834"
"4629","2","5","8","63","45","23","103","464","187","C1854838"
"7401","2","5","7","60","83","101","126","170","224","C1854838"
"2956","2","3","12","19","31","261","116","1","86","C1854838"
"8260","2","3","12","41","85","266","76","287","78","C1854838"
"5192","2","3","5","43","161","305","409","208","482","C1854838"
"10939","2","3","2","48","170","50","119","444","593","C1854838"
"10216","2","3","2","48","170","50","304","167","593","C1854838"
"2261","2","5","7","53","14","20","25","40","186","C1854838"
"7518","2","3","12","19","31","261","116","1","86","C1854838"
"9791","2","3","8","45","94","199","240","415","666","C1854838"
"6557","2","5","8","45","94","199","240","415","666","C1854838"
"478","2","3","8","63","45","23","366","464","187","C1854838"
"5159","2","5","7","53","14","20","25","40","186","C1854838"
"7248","2","3","2","48","57","110","141","359","462","C1854838"
"4000","2","3","12","26","105","178","226","297","156","C1854838"
"4591","2","3","12","41","116","268","434","468","213","C1854838"
"6664","2","3","3","19","221","321","428","541","667","C1854838"
"7136","2","5","8","63","45","23","103","464","187","C1854838"
"54714","2","5","8","63","36","166","106","110","158","C1854838"
"58","2","5","8","63","45","23","103","464","187","C1854885"
"8195","2","3","12","76","153","76","38","54","75","C1854885"
"25978","2","3","2","48","57","110","141","359","462","C1854885"
"10979","2","5","7","53","45","342","103","573","701","C1854885"
"10631","2","5","7","53","51","342","454","573","492","C1854885"
"6138","2","3","2","110","85","237","433","547","671","C1854885"
"8644","2","3","2","46","175","227","167","224","301","C1854910"
"50846","2","3","3","68","221","197","259","560","422","C1854910"
"7052","2","3","7","34","109","342","454","573","383","C1854910"
"8626","2","3","3","19","221","321","428","541","667","C1854910"
"29123","2","3","12","19","151","276","91","433","118","C1854910"
"6335","2","5","8","63","36","166","341","390","158","C1854912"
"10585","2","5","2","27","206","324","430","215","290","C1854912"
"6655","2","5","7","60","54","24","30","46","72","C1854912"
"2688","2","5","7","53","51","119","25","40","186","C1854912"
"6718","2","3","2","46","136","227","168","225","490","C1854912"
"2796","2","5","4","68","96","326","427","548","672","C1854912"
"1848","2","3","5","42","81","296","399","201","274","C1854912"
"2071","2","3","12","19","31","261","116","159","211","C1854912"
"6575","2","3","8","45","94","199","240","415","666","C1854912"
"5573","2","3","12","19","184","118","155","287","116","C1854912"
"27315","2","5","6","34","52","225","142","220","298","C1854912"
"9049","2","3","3","41","151","276","378","271","356","C1854912"
"1736","2","3","2","110","85","237","433","547","671","C1854912"
"23322","2","3","12","76","153","40","38","54","75","C1854912"
"5015","2","3","3","19","221","321","428","541","667","C1854912"
"26191","2","5","7","53","14","20","25","40","186","C1854912"
"3592","2","5","7","53","51","119","25","489","416","C1854912"
"3543","2","5","7","53","51","119","395","549","674","C1854912"
"5295","2","5","7","53","14","20","25","40","186","C1854912"
"3373","2","3","5","80","51","342","454","573","492","C1854912"
"4669","2","3","5","80","81","166","454","453","492","C1854912"
"26146","2","3","12","76","153","40","38","54","75","C1854912"
"1121","2","5","7","60","54","24","30","46","72","C1854928"
"7273","2","5","7","53","51","342","103","464","702","C1854928"
"7469","2","3","12","19","31","261","116","159","211","C1854928"
"526","2","3","5","29","88","132","172","199","308","C1854928"
"3784","2","5","8","63","36","166","106","110","158","C1854928"
"3248","2","3","2","69","83","133","167","224","301","C1854928"
"56616","2","3","12","41","219","339","156","568","697","C1854928"
"3891","2","1","6","11","142","225","142","220","298","C1854928"
"25978","2","3","2","48","57","110","141","359","462","C1854928"
"3557","2","3","12","41","219","339","156","568","697","C1854928"
"1487","2","3","12","19","31","1","426","55","340","C1854928"
"825","2","5","7","53","51","342","454","573","492","C1854928"
"25814","2","3","2","48","170","110","119","444","462","C1854928"
"2176","2","3","12","19","31","261","116","1","86","C1854928"
"54567","2","5","7","53","51","143","428","236","667","C1854928"
"6909","2","5","7","53","51","335","444","560","373","C1854928"
"8200","2","5","7","53","51","342","259","423","389","C1855008"
"4000","2","3","12","26","105","178","226","297","156","C1855008"
"8200","2","5","7","53","51","342","259","423","389","C1855008"
"5573","2","3","12","19","184","118","155","287","116","C1855008"
"3663","2","3","12","53","184","119","156","287","116","C1855010"
"26154","2","3","5","47","144","185","238","310","392","C1855010"
"4313","2","5","7","53","51","342","454","573","492","C1855020"
"1130","2","5","7","60","54","326","141","359","462","C1855020"
"8200","2","5","7","53","51","342","259","423","389","C1855020"
"6785","2","3","5","67","7","5","239","311","393","C1855020"
"8214","2","3","6","11","142","225","142","220","298","C1855020"
"6469","2","5","3","53","221","197","259","560","422","C1855020"
"1277","2","5","7","53","51","342","454","573","492","C1855020"
"5034","2","5","7","53","51","342","454","573","492","C1855020"
"3257","2","5","7","60","54","24","30","46","72","C1855020"
"5993","2","3","12","19","31","1","426","55","78","C1855020"
"8795","2","5","7","41","219","339","156","568","697","C1855020"
"54880","2","3","12","19","31","1","426","55","78","C1855020"
"7066","2","5","7","53","51","119","25","573","416","C1855020"
"22897","2","3","12","76","153","40","38","54","75","C1855020"
"55033","2","3","2","110","105","178","226","297","380","C1855038"
"3636","2","3","5","80","14","20","25","40","186","C1855038"
"3507","2","5","7","53","51","119","395","549","674","C1855038"
"1528","2","3","5","91","214","271","372","471","586","C1855038"
"367","2","3","12","19","31","276","91","433","118","C1855038"
"9049","2","3","3","41","151","276","378","271","356","C1855038"
"7015","2","3","12","19","31","1","426","55","78","C1855038"
"1387","2","3","12","19","31","276","91","433","118","C1855038"
"22999","2","5","7","60","36","71","341","223","219","C1855038"
"6329","2","5","8","63","36","166","341","390","158","C1855038"
"2239","2","3","2","74","51","342","454","573","492","C1855038"
"4843","2","3","5","43","161","305","409","489","416","C1855038"
"8241","2","3","2","22","33","323","66","101","136","C1855038"
"4306","2","3","3","19","151","276","91","433","118","C1855038"
"8803","2","3","8","67","92","293","55","75","311","C1855052"
"2556","2","5","8","27","70","99","162","216","290","C1855052"
"3973","2","5","4","68","96","326","427","548","672","C1855052"
"6567","2","5","8","35","41","77","40","57","80","C1855052"
"3149","2","3","2","48","57","110","378","370","664","C1855052"
"6495","2","3","3","19","221","321","428","541","667","C1855052"
"5346","2","3","3","19","151","276","91","433","118","C1855052"
"7136","2","5","8","63","45","23","103","464","187","C1855067"
"1440","2","5","7","53","51","119","25","489","416","C1855067"
"9821","2","3","2","48","57","110","141","359","462","C1855067"
"5961","2","5","7","27","51","326","126","414","702","C1855067"
"7049","2","5","7","53","51","342","259","423","389","C1855067"
"4137","2","3","7","27","36","150","341","223","628","C1855067"
"4803","2","5","7","60","54","24","30","46","72","C1855067"
"2896","2","5","7","34","52","216","395","549","674","C1855067"
"3977","2","5","7","53","51","119","25","40","416","C1855081"
"5743","2","3","5","53","175","119","167","489","416","C1855081"
"10682","2","5","4","68","96","326","48","69","204","C1855081"
"27316","2","3","2","22","33","323","66","101","136","C1855081"
"3549","2","5","3","53","51","197","259","560","422","C1855081"
"4001","2","3","12","76","31","40","38","54","75","C1855081"
"7737","2","3","12","22","33","268","434","468","213","C1855081"
"5310","2","5","7","53","51","335","444","560","373","C1855081"
"51057","2","3","12","76","153","40","38","54","75","C1855081"
"9820","2","3","12","41","116","268","434","468","213","C1855081"
"1161","2","3","12","41","116","268","434","468","213","C1855081"
"23169","2","3","2","78","205","112","430","429","544","C1855081"
"3162","2","3","5","53","51","119","402","489","416","C1855081"
"2000","2","5","12","19","51","119","91","433","118","C1855081"
"7403","2","3","12","19","31","1","426","55","78","C1855081"
"27030","2","3","12","19","31","1","426","55","78","C1855081"
"781","2","5","8","63","36","166","341","223","158","C1855106"
"368","2","3","12","41","116","268","423","536","445","C1855106"
"4784","2","3","2","22","33","261","116","159","211","C1855106"
"8822","2","5","7","53","14","20","25","40","186","C1855106"
"8799","2","3","5","43","161","305","409","208","482","C1855106"
"55112","2","3","12","76","153","40","38","54","75","C1855106"
"5830","2","3","5","43","161","305","409","208","482","C1855106"
"26119","2","5","7","60","14","184","341","544","669","C1855106"
"10342","2","3","7","60","219","40","202","66","203","C1855106"
"1499","2","3","12","19","221","197","259","560","422","C1855106"
"673","2","5","7","53","14","20","34","540","68","C1855106"
"8701","2","3","12","76","153","40","38","54","75","C1855106"
"114798","2","5","7","53","51","335","444","560","373","C1855106"
"23426","2","5","7","42","36","71","177","223","219","C1855106"
"22","2","3","2","48","170","279","423","274","154","C1855106"
"1958","2","3","12","19","31","276","91","433","116","C1855106"
"2697","2","3","7","76","153","40","38","54","75","C1855106"
"5193","2","3","5","43","161","305","409","208","482","C1855106"
"8314","2","3","12","41","31","1","426","55","78","C1855106"
"286","2","5","7","60","153","40","38","54","203","C1855106"
"324","2","3","12","41","219","197","70","255","422","C1855106"
"3265","2","5","7","60","54","24","30","46","72","C1855119"
"6521","2","5","8","35","41","199","40","415","666","C1855119"
"6496","2","3","3","19","221","321","428","541","667","C1855119"
"176","2","5","7","53","51","342","454","573","492","C1855119"
"3991","2","3","5","80","81","166","57","83","658","C1855119"
"1187","2","5","8","63","45","23","34","464","187","C1855119"
"6476","2","3","5","80","81","337","448","565","562","C1855119"
"7039","2","3","12","19","31","1","426","55","203","C1855119"
"7428","2","3","12","41","116","268","434","468","213","C1855119"
"1146","2","5","8","27","70","99","162","216","290","C1855171"
"2263","2","5","7","53","14","20","25","40","186","C1855171"
"7461","2","3","7","60","153","40","38","93","75","C1855177"
"3172","2","3","3","19","151","276","91","433","118","C1855177"
"22930","2","5","7","60","54","24","30","46","72","C1855179"
"5155","2","5","7","53","51","342","454","573","186","C1855179"
"2263","2","5","7","53","14","20","25","40","186","C1855179"
"4137","2","3","7","27","36","150","341","223","628","C1855179"
"54332","2","3","2","60","170","40","98","66","203","C1855179"
"9289","2","5","4","68","96","326","427","548","672","C1855179"
"271","2","3","5","33","6","241","233","304","386","C1855185"
"9217","2","3","2","50","47","39","100","321","255","C1855185"
"8772","2","3","12","41","219","339","156","568","697","C1855185"
"51314","2","3","2","76","153","178","378","54","229","C1855185"
"56603","2","3","5","91","214","101","126","460","224","C1855204"
"6628","2","3","2","22","33","323","66","101","136","C1855204"
"1947","2","5","7","53","51","20","25","560","373","C1855204"
"4868","2","5","7","53","51","335","25","560","373","C1855204"
"8626","2","3","3","19","221","321","428","541","667","C1855204"
"5468","2","3","3","19","151","276","91","433","118","C1855204"
"2201","2","5","7","53","51","342","454","573","492","C1855204"
"2332","2","3","2","22","33","71","373","466","609","C1855204"
"410","2","3","7","34","52","216","395","549","674","C1855204"
"23600","2","3","5","80","81","305","409","208","482","C1855204"
"5307","2","3","3","19","221","321","428","541","667","C1855204"
"23592","2","3","12","26","105","342","259","423","389","C1855204"
"2033","2","3","12","19","31","1","91","433","118","C1855204"
"8085","2","3","12","19","31","1","426","55","78","C1855204"
"6495","2","3","3","19","221","321","428","541","667","C1855204"
"7490","2","3","3","19","221","321","428","541","667","C1855204"
"5193","2","3","5","43","161","305","409","208","482","C1855204"
"5745","2","5","4","68","96","326","427","548","672","C1855233"
"55112","2","3","12","76","153","40","38","54","75","C1855233"
"2641","2","5","4","68","96","326","427","548","672","C1855233"
"6341","2","3","2","48","170","50","119","444","556","C1855239"
"64170","2","3","12","41","219","339","156","568","697","C1855239"
"718","2","5","7","34","51","119","395","549","674","C1855239"
"9791","2","3","8","45","94","199","240","415","666","C1855310"
"5015","2","3","3","19","221","321","428","541","667","C1855310"
"5582","2","5","7","53","14","20","34","540","68","C1855311"
"716","2","5","7","53","51","119","395","549","674","C1855311"
"10749","2","3","7","76","153","40","38","54","75","C1855311"
"11136","2","3","5","80","94","199","240","415","666","C1855311"
"10060","2","3","8","41","45","23","423","464","445","C1855330"
"4312","2","5","7","53","51","342","454","573","492","C1855330"
"10371","2","5","7","53","51","342","79","560","373","C1855330"
"4920","2","5","7","53","14","20","259","560","373","C1855331"
"54101","2","3","2","48","170","50","347","167","593","C1855331"
"1080","2","3","12","41","219","339","156","544","669","C1855331"
"26249","2","3","12","41","116","268","434","468","213","C1855331"
"60","2","3","12","60","45","184","155","287","78","C1855331"
"7291","2","3","12","19","151","276","91","489","416","C1855331"
"7498","2","3","5","80","157","187","159","209","282","C1855333"
"6901","2","3","2","48","170","50","304","167","593","C1855333"
"6899","2","5","7","53","184","335","259","560","373","C1855333"
"26119","2","5","7","60","14","184","341","544","669","C1855333"
"1293","2","5","7","53","51","342","454","573","492","C1855333"
"29078","2","3","2","48","170","50","119","444","556","C1855333"
"5959","2","3","2","69","83","101","126","170","224","C1855333"
"324","2","3","12","41","219","197","70","255","422","C1855333"
"54567","2","5","7","53","51","143","428","236","667","C1855333"
"2301","2","5","6","11","142","225","142","220","673","C1855333"
"10483","2","3","7","60","54","24","30","46","72","C1855333"
"8139","2","3","12","41","116","268","434","468","213","C1855333"
"375790","2","5","7","53","51","342","454","573","492","C1855333"
"5660","2","5","7","34","52","326","427","548","702","C1855335"
"9254","2","5","8","63","36","166","341","223","158","C1855335"
"9871","2","3","7","60","153","40","38","54","203","C1855335"
"23322","2","3","12","76","153","40","38","54","75","C1855340"
"488","2","5","8","63","45","23","103","464","187","C1855340"
"6103","2","3","12","76","153","40","38","54","75","C1855340"
"1291","2","5","7","53","51","342","454","573","492","C1855340"
"2290","2","3","3","19","221","321","428","541","667","C1855340"
"613","2","5","7","60","54","24","30","46","72","C1855340"
"1513","2","5","7","53","51","342","454","573","492","C1855340"
"617","2","3","2","48","170","50","304","167","593","C1855340"
"7124","2","3","12","41","219","339","156","568","697","C1855340"
"55612","2","5","7","60","36","71","177","560","701","C1855340"
"9414","2","5","7","42","36","71","177","223","219","C1855340"
"8260","2","3","12","41","85","266","76","287","78","C1855340"
"4541","2","3","2","48","170","50","119","444","24","C1855340"
"2512","2","3","7","34","52","216","395","544","358","C1855340"
"2566","2","5","8","27","70","99","162","216","290","C1855340"
"5771","2","5","7","53","14","296","25","40","186","C1855340"
"6335","2","5","8","63","36","166","341","390","158","C1855340"
"5125","2","5","6","11","51","225","142","220","298","C1855340"
"22827","2","3","2","22","33","323","66","101","136","C1855340"
"7305","2","5","7","34","52","216","395","549","674","C1855340"
"5144","2","3","4","68","96","326","427","548","672","C1855340"
"10002","2","3","3","19","151","276","91","433","118","C1855340"
"1893","2","5","7","53","51","342","454","573","702","C1855340"
"5828","2","3","5","43","161","305","409","208","482","C1855340"
"4038","2","5","7","53","51","342","454","573","492","C1855340"
"1958","2","3","12","19","31","276","91","433","116","C1855340"
"1536","2","5","7","34","52","216","395","549","674","C1855340"
"2260","2","5","7","53","14","20","25","40","186","C1855340"
"9401","2","3","12","76","31","261","116","1","86","C1855340"
"70","2","5","8","63","45","23","103","464","187","C1855340"
"6390","2","3","2","48","170","50","119","444","556","C1855340"
"5244","2","3","3","41","151","276","91","433","118","C1855350"
"3359","2","5","8","27","70","99","162","216","290","C1855350"
"2741","2","5","8","27","70","99","162","216","290","C1855391"
"761","2","3","5","35","41","77","40","486","602","C1855391"
"368","2","3","12","41","116","268","423","536","445","C1855418"
"2706","2","3","12","76","153","40","38","54","75","C1855418"
"8892","2","3","2","110","85","237","433","547","671","C1855418"
"3857","2","1","6","11","142","225","142","220","298","C1855456"
"23347","2","3","12","41","116","268","434","468","213","C1855456"
"10265","2","3","3","19","221","321","428","541","667","C1855456"
"9820","2","3","12","41","116","268","434","468","213","C1855456"
"846","2","5","4","68","96","326","427","548","672","C1855465"
"2218","2","5","2","53","123","194","255","560","373","C1855465"
"7043","2","5","7","53","51","342","454","573","492","C1855483"
"3857","2","1","6","11","142","225","142","220","298","C1855483"
"2261","2","5","7","53","14","20","25","40","186","C1855496"
"10801","2","3","12","76","108","293","141","305","387","C1855496"
"23169","2","3","2","78","205","112","430","429","544","C1855513"
"2705","2","3","12","76","153","40","38","54","75","C1855513"
"5052","2","3","5","80","81","110","141","359","229","C1855514"
"5191","2","3","5","43","161","305","409","208","482","C1855514"
"6519","2","3","5","45","94","199","240","415","666","C1855514"
"3848","2","5","7","34","52","225","142","220","298","C1855514"
"7518","2","3","12","19","31","261","116","1","86","C1855520"
"2313","2","3","12","19","31","276","91","433","118","C1855520"
"3356","2","5","4","68","96","326","427","548","672","C1855520"
"3759","2","5","8","63","36","166","106","110","158","C1855520"
"6606","2","3","2","22","33","323","66","101","136","C1855520"
"5932","2","3","12","19","31","261","116","1","86","C1855520"
"4204","2","3","12","19","31","1","426","55","78","C1855520"
"5155","2","5","7","53","51","342","454","573","186","C1855520"
"3552","2","3","12","53","51","119","156","489","416","C1855538"
"3064","2","3","12","48","170","50","444","91","439","C1855538"
"1785","2","5","7","60","14","184","341","544","669","C1855538"
"5660","2","5","7","34","52","326","427","548","702","C1855538"
"4154","2","3","2","22","33","323","66","101","136","C1855538"
"9184","2","3","12","76","153","40","38","54","75","C1855538"
"2995","2","5","7","53","51","119","454","573","492","C1855538"
"6804","2","5","7","60","36","71","341","223","219","C1855538"
"1545","2","3","5","91","175","271","372","443","558","C1855538"
"3418","2","3","2","67","151","276","33","48","155","C1855538"
"54756","2","5","7","41","219","238","118","543","214","C1855544"
"374654","2","3","12","76","153","40","38","54","75","C1855544"
"5447","2","3","5","91","214","271","372","471","586","C1855578"
"10345","2","5","8","63","45","23","34","464","187","C1855578"
"4001","2","3","12","76","31","40","38","54","75","C1855578"
"2200","2","5","7","53","51","342","454","573","492","C1855578"
"2879","2","3","5","80","81","166","378","173","229","C1855578"
"1807","2","3","5","80","23","186","79","560","273","C1855578"
"7518","2","3","12","19","31","261","116","1","86","C1855578"
"9469","2","3","2","103","189","303","29","475","467","C1855579"
"864","2","3","12","19","31","276","91","236","605","C1855579"
"2056","2","5","7","53","51","119","25","40","186","C1855579"
"1280","2","5","7","53","51","342","454","573","492","C1855580"
"2176","2","3","12","19","31","261","116","1","86","C1855580"
"7486","2","3","12","19","31","261","116","1","86","C1855580"
"6469","2","5","3","53","221","197","259","560","422","C1855580"
"2767","2","5","4","68","96","326","427","548","672","C1855580"
"1893","2","5","7","53","51","342","454","573","702","C1855608"
"4318","2","5","7","34","52","216","395","573","492","C1855608"
"1788","2","3","12","19","31","1","426","55","78","C1855650"
"412","2","3","5","105","155","250","291","152","420","C1855650"
"9860","2","5","7","53","219","184","156","568","697","C1855650"
"6584","2","3","8","45","94","199","240","415","666","C1855650"
"8626","2","3","3","19","221","321","428","541","667","C1855650"
"10019","2","5","7","53","14","20","25","40","116","C1855650"
"2260","2","5","7","53","14","20","25","40","186","C1855665"
"8200","2","5","7","53","51","342","259","423","389","C1855665"
"4538","2","3","2","48","170","50","119","444","556","C1855665"
"22954","2","3","12","41","116","268","434","468","213","C1855665"
"79133","2","3","2","48","170","50","119","444","556","C1855665"
"2155","2","5","7","53","51","119","454","549","674","C1855665"
"1029","2","3","12","19","31","1","116","1","664","C1855665"
"3162","2","3","5","53","51","119","402","489","416","C1855665"
"6401","2","5","7","53","51","119","454","573","492","C1855665"
"9394","2","3","2","74","58","112","148","193","263","C1855665"
"54209","2","5","7","53","51","119","395","549","674","C1855665"
"4689","2","5","7","60","14","20","25","40","215","C1855665"
"1736","2","3","2","110","85","237","433","547","671","C1855665"
"26160","2","3","12","76","153","40","38","54","75","C1855665"
"6628","2","3","2","22","33","323","66","101","136","C1855665"
"7133","2","5","7","34","52","216","395","549","697","C1855665"
"7468","2","3","12","19","31","1","426","55","78","C1855665"
"2324","2","5","7","53","14","20","25","40","186","C1855669"
"5727","2","3","12","68","221","197","259","560","422","C1855669"
"875","2","3","5","80","137","44","21","451","316","C1855669"
"4015","2","5","7","53","51","342","454","573","492","C1855669"
"1832","2","5","7","34","52","225","142","220","298","C1855669"
"9791","2","3","8","45","94","199","240","415","666","C1855669"
"4791","2","3","12","41","219","339","156","568","697","C1855669"
"3717","2","5","7","53","14","20","25","40","186","C1855669"
"3516","2","3","12","19","31","143","428","236","667","C1855670"
"6469","2","5","3","53","221","197","259","560","422","C1855670"
"25782","2","5","7","60","54","24","30","46","72","C1855670"
"6499","2","3","2","110","85","237","433","547","671","C1855670"
"1748","2","3","3","19","221","321","428","541","667","C1855670"
"53834","2","5","7","53","51","342","454","573","492","C1855670"
"2053","2","3","5","80","81","305","409","208","482","C1855672"
"23394","2","3","12","19","31","335","444","236","373","C1855672"
"8440","2","5","7","60","14","20","25","40","215","C1855675"
"1244","2","3","12","41","116","268","423","536","445","C1855675"
"10342","2","3","7","60","219","40","202","66","203","C1855675"
"6750","2","5","4","68","96","326","427","548","672","C1855675"
"23522","2","3","12","19","31","1","426","55","78","C1855675"
"5980","2","3","12","19","31","261","116","1","86","C1855675"
"3208","2","5","7","27","36","150","341","223","628","C1855675"
"190","2","3","3","19","151","276","91","433","118","C1855676"
"860","2","3","12","19","31","276","91","433","118","C1855676"
"3952","2","5","3","53","151","276","91","433","118","C1855676"
"579","2","3","3","19","221","321","428","541","667","C1855676"
"1896","2","5","12","41","219","339","156","568","697","C1855676"
"3039","2","3","5","35","41","118","155","287","116","C1855676"
"59","2","5","8","63","45","23","103","464","187","C1855676"
"84181","2","3","12","19","31","1","426","55","78","C1855676"
"1294","2","5","7","53","51","342","454","573","492","C1855676"
"1281","2","5","7","53","51","342","454","573","492","C1855676"
"116442","2","5","7","60","54","24","30","46","72","C1855676"
"242","2","3","5","11","142","223","142","220","298","C1855676"
"4212","2","3","3","19","221","321","428","541","667","C1855681"
"8643","2","5","3","68","221","197","259","560","422","C1855681"
"5630","2","3","2","27","36","150","55","414","628","C1855681"
"55651","2","3","2","110","85","237","433","547","671","C1855681"
"6390","2","3","2","48","170","50","119","444","556","C1855681"
"6678","2","5","7","53","51","342","454","573","492","C1855685"
"27031","2","3","6","11","142","225","38","331","506","C1855685"
"23230","2","5","7","11","142","71","341","560","219","C1855685"
"242","2","3","5","11","142","223","142","220","298","C1855685"
"3284","2","3","2","69","98","169","299","183","243","C1855685"
"2670","2","5","7","27","36","150","341","223","628","C1855685"
"4893","2","5","7","34","52","24","30","46","72","C1855685"
"1462","2","5","7","53","51","342","454","573","492","C1855685"
"5443","2","5","4","68","96","326","427","548","672","C1855685"
"10320","2","5","7","19","119","143","214","236","389","C1855685"
"23426","2","5","7","42","36","71","177","223","219","C1855685"
"26519","2","3","2","48","170","50","304","167","593","C1855685"
"5617","2","5","12","19","31","1","426","55","78","C1855685"
"10999","2","3","8","45","94","298","401","506","626","C1855685"
"10916","2","5","7","53","51","342","454","573","702","C1855685"
"50484","2","3","5","80","109","182","235","307","506","C1855698"
"23556","2","3","2","61","77","142","176","235","317","C1855698"
"6334","2","5","8","63","36","166","341","223","158","C1855698"
"4036","2","5","7","60","14","184","341","544","669","C1855698"
"1290","2","5","7","53","51","342","454","573","492","C1855698"
"1896","2","5","12","41","219","339","156","568","697","C1855710"
"6622","2","3","7","27","36","150","341","223","628","C1855710"
"79083","2","5","5","60","54","71","155","488","212","C1855710"
"9031","2","3","12","19","31","1","426","55","78","C1855710"
"29893","2","3","12","19","31","1","426","55","78","C1855710"
"3552","2","3","12","53","51","119","156","489","416","C1855710"
"10484","2","3","7","60","153","40","38","54","203","C1855710"
"26580","2","5","8","27","70","99","162","216","290","C1855710"
"6575","2","3","8","45","94","199","240","415","666","C1855710"
"1130","2","5","7","60","54","326","141","359","462","C1855710"
"776","2","5","8","63","36","166","341","390","158","C1855710"
"5116","2","3","12","76","153","40","38","54","75","C1855710"
"29926","2","3","2","68","66","123","158","207","278","C1855710"
"1528","2","3","5","91","214","271","372","471","586","C1855710"
"1277","2","5","7","53","51","342","454","573","492","C1855710"
"27232","2","3","2","19","31","105","106","14","7","C1855710"
"1629","2","3","2","67","92","293","55","75","311","C1855710"
"3308","2","3","12","41","219","339","347","271","356","C1855710"
"9180","2","5","7","53","51","119","25","549","416","C1855710"
"9150","2","3","12","19","31","261","116","159","211","C1855710"
"4846","2","3","5","41","219","75","243","44","64","C1855722"
"3691","2","5","7","53","51","342","454","573","492","C1855722"
"2776","2","5","4","68","96","326","427","548","672","C1855752"
"7020","2","3","12","19","31","276","91","433","664","C1855752"
"8260","2","3","12","41","85","266","76","287","78","C1855755"
"1277","2","5","7","53","51","342","454","573","492","C1855755"
"546","2","3","12","19","31","261","426","1","86","C1855773"
"4747","2","5","7","27","36","150","341","223","628","C1855773"
"4758","2","3","7","34","52","216","395","549","517","C1855773"
"6338","2","5","8","63","45","23","34","464","187","C1855773"
"8626","2","3","3","19","221","321","428","541","667","C1855773"
"10908","2","3","2","97","173","275","377","473","592","C1855773"
"2697","2","3","7","76","153","40","38","54","75","C1855773"
"5244","2","3","3","41","151","276","91","433","118","C1855773"
"79923","2","3","3","19","221","321","428","541","667","C1855773"
"10682","2","5","4","68","96","326","48","69","204","C1855773"
"1080","2","3","12","41","219","339","156","544","669","C1855773"
"10743","2","3","3","19","151","276","91","433","118","C1855773"
"7020","2","3","12","19","31","276","91","433","664","C1855773"
"658","2","5","7","53","51","342","259","423","389","C1855773"
"3762","2","5","8","63","36","166","106","110","158","C1855773"
"6469","2","5","3","53","221","197","259","560","422","C1855773"
"8842","2","5","5","53","82","147","184","179","328","C1855773"
"5741","2","5","4","68","96","326","427","548","672","C1855781"
"3655","2","5","7","53","51","342","454","573","492","C1855781"
"4868","2","5","7","53","51","335","25","560","373","C1855781"
"5173","2","5","4","68","96","326","427","548","672","C1855781"
"2317","2","5","7","63","45","23","103","287","664","C1855781"
"23169","2","3","2","78","205","112","430","429","544","C1855789"
"2626","2","3","12","19","31","118","155","287","116","C1855789"
"5648","2","5","7","53","51","119","395","549","674","C1855789"
"5961","2","5","7","27","51","326","126","414","702","C1855792"
"4683","2","3","12","19","31","261","116","1","86","C1855792"
"4092","2","3","12","41","219","339","259","423","605","C1855792"
"29078","2","3","2","48","170","50","119","444","556","C1855794"
"94","2","5","7","53","51","342","259","423","389","C1855794"
"2641","2","5","4","68","96","326","427","548","672","C1855841"
"8450","2","3","12","41","116","268","434","468","213","C1855841"
"1717","2","3","2","19","151","276","48","69","204","C1855841"
"51103","2","3","2","48","170","50","119","444","556","C1855841"
"3814","2","5","4","68","96","326","427","548","672","C1855843"
"23363","2","3","12","41","116","268","434","468","213","C1855843"
"3756","2","5","8","63","36","166","106","110","158","C1855843"
"10195","2","3","2","48","69","99","162","216","290","C1855852"
"5546","2","3","2","22","33","323","66","101","136","C1855852"
"23090","2","3","12","19","151","276","91","433","118","C1855852"
"23299","2","3","12","76","153","40","38","54","75","C1855852"
"5308","2","3","3","19","221","321","428","541","667","C1855852"
"2176","2","3","12","19","31","261","116","1","86","C1855852"
"4893","2","5","7","34","52","24","30","46","72","C1855852"
"23729","2","3","2","90","167","148","36","51","383","C1855852"
"6584","2","3","8","45","94","199","240","415","666","C1855852"
"23767","2","5","7","53","14","20","25","40","186","C1855853"
"3209","2","3","3","19","221","321","428","541","667","C1855853"
"2956","2","3","12","19","31","261","116","1","86","C1855853"
"6913","2","3","3","19","221","321","428","541","667","C1855853"
"1594","2","3","5","92","163","96","363","460","487","C1855853"
"3845","2","5","7","60","54","24","30","46","72","C1855853"
"3594","2","5","7","53","51","119","25","560","373","C1855853"
"5915","2","3","3","19","151","276","91","433","118","C1855853"
"5727","2","3","12","68","221","197","259","560","422","C1855895"
"23405","2","3","2","22","33","323","66","146","194","C1855895"
"6890","2","3","12","41","184","119","156","568","116","C1855895"
"2322","2","5","7","53","14","20","25","40","186","C1855895"
"23426","2","5","7","42","36","71","177","223","219","C1855900"
"5130","2","3","2","85","143","286","51","488","102","C1855900"
"4668","2","3","5","21","111","188","242","313","396","C1855995"
"7474","2","5","3","68","221","184","259","544","669","C1855995"
"3284","2","3","2","69","98","169","299","183","243","C1856006"
"5130","2","3","2","85","143","286","51","488","102","C1856006"
"2120","2","3","12","19","31","193","306","148","624","C1856019"
"4929","2","3","3","19","151","276","91","433","118","C1856019"
"1184","2","5","8","63","45","23","34","464","187","C1856019"
"2624","2","3","12","19","31","1","155","287","116","C1856019"
"10342","2","3","7","60","219","40","202","66","203","C1856019"
"9863","2","5","7","42","36","71","177","223","219","C1856023"
"1277","2","5","7","53","51","342","454","573","492","C1856023"
"4692","2","5","7","53","51","119","402","489","416","C1856023"
"9241","2","5","7","53","51","342","259","423","389","C1856023"
"3295","2","3","5","43","161","305","409","208","482","C1856023"
"7015","2","3","12","19","31","1","426","55","78","C1856023"
"23503","2","3","6","11","142","225","142","220","298","C1856023"
"6770","2","5","7","27","36","273","341","100","589","C1856087"
"6868","2","5","7","53","51","342","454","236","492","C1856087"
"3329","2","3","2","48","170","50","304","167","593","C1856087"
"3778","2","5","8","63","36","166","106","110","158","C1856087"
"2317","2","5","7","63","45","23","103","287","664","C1856087"
"5741","2","5","4","68","96","326","427","548","672","C1856087"
"22891","2","3","12","76","153","40","341","54","75","C1856087"
"6391","2","3","2","48","170","50","119","444","556","C1856087"
"4849","2","3","2","110","85","198","261","146","118","C1856087"
"11154","2","5","7","60","18","184","341","544","669","C1856115"
"10269","2","3","2","48","182","50","119","444","556","C1856115"
"2624","2","3","12","19","31","1","155","287","116","C1856115"
"6341","2","3","2","48","170","50","119","444","556","C1856117"
"11340","2","3","2","110","85","237","433","547","671","C1856117"
"2261","2","5","7","53","14","20","25","40","186","C1856117"
"6521","2","5","8","35","41","199","40","415","666","C1856118"
"1639","2","3","12","76","153","40","38","54","75","C1856118"
"3764","2","5","8","63","36","166","106","110","158","C1856118"
"6817","2","3","2","37","105","92","113","154","201","C1856119"
"699","2","3","12","76","153","40","38","54","75","C1856119"
"7076","2","5","7","53","51","342","454","573","492","C1856119"
"6557","2","5","8","45","94","199","240","415","666","C1856119"
"4053","2","5","7","53","51","342","454","573","492","C1856121"
"1964","2","3","2","110","85","237","433","547","671","C1856121"
"1956","2","5","7","53","14","184","45","544","669","C1856121"
"1137","2","5","8","27","70","99","162","216","290","C1856121"
"8820","2","3","3","19","221","321","428","541","667","C1856136"
"4312","2","5","7","53","51","342","454","573","492","C1856136"
"7353","2","3","12","41","219","339","156","568","605","C1856136"
"7486","2","3","12","19","31","261","116","1","86","C1856136"
"7319","2","3","12","41","116","268","434","468","213","C1856136"
"51750","2","3","12","19","31","261","116","1","86","C1856136"
"26229","2","3","2","74","205","191","396","408","257","C1856164"
"3516","2","3","12","19","31","143","428","236","667","C1856164"
"2068","2","3","12","19","31","261","116","159","211","C1856186"
"6868","2","5","7","53","51","342","454","236","492","C1856186"
"3730","2","5","7","53","14","20","25","40","186","C1856202"
"10734","2","3","12","19","31","1","426","55","78","C1856202"
"1910","2","5","4","68","96","326","427","548","672","C1856266"
"2720","2","3","7","34","52","216","395","21","599","C1856266"
"9939","2","3","2","22","33","323","66","101","136","C1856266"
"1201","2","3","2","48","170","50","304","167","593","C1856266"
"7015","2","3","12","19","31","1","426","55","78","C1856266"
"6329","2","5","8","63","36","166","341","390","158","C1856266"
"2683","2","3","7","34","52","216","395","549","617","C1856266"
"2290","2","3","3","19","221","321","428","541","667","C1856266"
"5648","2","5","7","53","51","119","395","549","674","C1856266"
"5195","2","3","5","43","161","305","409","208","482","C1856266"
"54463","2","3","2","48","57","110","141","359","462","C1856266"
"10018","2","3","7","41","219","339","402","489","72","C1856266"
"4780","2","3","12","19","31","276","91","433","118","C1856266"
"3953","2","5","7","53","14","20","25","40","186","C1856266"
"5167","2","3","5","32","93","163","207","303","126","C1856285"
"23592","2","3","12","26","105","342","259","423","389","C1856285"
"2131","2","3","2","74","58","112","148","181","416","C1856285"
"9241","2","5","7","53","51","342","259","423","389","C1856361"
"6335","2","5","8","63","36","166","341","390","158","C1856361"
"10564","2","5","7","60","54","24","30","46","72","C1856408"
"8694","2","5","7","34","52","216","395","549","674","C1856408"
"2316","2","5","7","53","51","342","454","573","702","C1856408"
"885","2","5","4","68","96","326","427","548","672","C1856409"
"6913","2","3","3","19","221","321","428","541","667","C1856409"
"5696","2","3","12","41","116","268","156","568","116","C1856409"
"538","2","3","8","63","45","23","103","464","187","C1856409"
"3623","2","5","7","53","51","342","259","423","389","C1856432"
"3040","2","5","5","53","51","342","40","78","178","C1856432"
"6688","2","3","12","19","31","1","426","55","78","C1856432"
"4000","2","3","12","26","105","178","226","297","156","C1856432"
"51733","2","3","5","80","23","257","357","455","508","C1856438"
"5993","2","3","12","19","31","1","426","55","78","C1856438"
"2651","2","3","2","78","184","202","124","337","434","C1856438"
"56033","2","3","3","19","221","321","428","541","667","C1856438"
"1954","2","5","7","53","51","342","454","573","492","C1856438"
"2488","2","5","4","68","96","326","427","548","672","C1856438"
"2184","2","3","5","76","153","138","236","332","407","C1856438"
"1258","2","5","4","68","45","272","106","518","621","C1856438"
"2261","2","5","7","53","14","20","25","40","186","C1856438"
"7547","2","3","3","19","221","321","428","541","667","C1856438"
"2071","2","3","12","19","31","261","116","159","211","C1856438"
"2632","2","3","2","28","22","48","232","82","114","C1856439"
"2245","2","5","7","60","54","24","30","46","72","C1856439"
"3459","2","5","7","53","184","119","156","287","116","C1856439"
"144568","2","3","6","11","142","225","142","220","298","C1856439"
"843","2","3","12","41","219","339","156","568","697","C1856507"
"60","2","3","12","60","45","184","155","287","78","C1856507"
"1387","2","3","12","19","31","276","91","433","118","C1856507"
"8891","2","3","2","110","85","237","433","547","671","C1856507"
"3717","2","5","7","53","14","20","25","40","186","C1856542"
"23405","2","3","2","22","33","323","66","146","194","C1856542"
"2261","2","5","7","53","14","20","25","40","186","C1856542"
"3690","2","5","7","53","51","342","454","573","492","C1856559"
"5376","2","5","7","53","51","342","454","573","492","C1856559"
"29887","2","3","7","60","18","110","141","198","270","C1856560"
"4723","2","3","2","48","170","50","119","444","556","C1856560"
"51086","2","3","2","68","45","232","321","406","520","C1856560"
"1630","2","5","7","53","51","335","444","560","373","C1856560"
"472","2","3","12","19","31","261","116","1","86","C1856560"
"5604","2","5","7","53","14","20","34","540","68","C1856565"
"11322","2","5","7","34","52","216","395","549","674","C1856565"
"26040","2","3","12","19","31","1","116","297","78","C1856599"
"6575","2","3","8","45","94","199","240","415","666","C1856599"
"326","2","3","12","19","31","261","377","370","269","C1856599"
"54345","2","5","3","19","221","321","428","541","667","C1856599"
"2719","2","5","7","53","51","342","454","573","492","C1856599"
"5447","2","3","5","91","214","271","372","471","586","C1856599"
"1282","2","5","7","53","51","342","454","573","492","C1856599"
"2879","2","3","5","80","81","166","378","173","229","C1856599"
"4982","2","5","12","41","219","339","156","568","697","C1856599"
"2263","2","5","7","53","14","20","25","40","186","C1856639"
"2110","2","3","2","48","170","50","119","444","556","C1856639"
"6648","2","3","2","95","151","160","378","173","229","C1856639"
"26277","2","3","12","19","31","1","426","1","78","C1856639"
"10436","2","3","2","110","85","237","433","547","671","C1856639"
"10907","2","3","2","22","33","323","66","101","136","C1856646"
"1235","2","5","4","68","96","326","427","548","672","C1856646"
"6311","2","3","2","22","33","323","66","362","468","C1856659"
"6611","2","3","2","58","55","25","46","329","198","C1856659"
"5885","2","3","12","76","153","40","38","54","75","C1856659"
"2736","2","3","12","41","116","321","428","54","667","C1856659"
"2778","2","5","4","68","96","326","427","548","672","C1856659"
"4538","2","3","2","48","170","50","119","444","556","C1856659"
"4920","2","5","7","53","14","20","259","560","373","C1856659"
"3265","2","5","7","60","54","24","30","46","72","C1856660"
"763","2","3","5","35","41","77","40","526","647","C1856660"
"23765","2","3","12","41","219","238","252","489","416","C1856660"
"7421","2","3","3","19","151","276","91","433","118","C1856660"
"3861","2","1","6","11","142","225","142","220","298","C1856660"
"1137","2","5","8","27","70","99","162","216","290","C1856660"
"5077","2","3","3","19","221","321","428","541","667","C1856660"
"55149","2","3","2","110","221","321","428","167","593","C1856660"
"7227","2","3","12","19","31","276","91","433","118","C1856660"
"3576","2","5","4","68","96","326","427","548","672","C1856660"
"6663","2","3","3","19","221","321","428","541","667","C1856660"
"2629","2","3","5","80","81","250","291","152","420","C1856661"
"51741","2","3","2","22","33","323","66","101","127","C1856661"
"1776","2","5","7","105","219","261","402","129","215","C1856661"
"57534","2","3","12","41","124","143","428","236","667","C1856661"
"10020","2","3","2","89","124","204","42","452","258","C1856661"
"1278","2","5","7","53","51","342","454","573","492","C1856661"
"58","2","5","8","63","45","23","103","464","187","C1856661"
"2261","2","5","7","53","14","20","25","40","186","C1856661"
"54361","2","5","3","68","221","197","259","560","422","C1856661"
"4148","2","5","7","53","51","342","454","573","492","C1856661"
"2316","2","5","7","53","51","342","454","573","702","C1856661"
"11277","2","3","12","19","31","261","116","1","86","C1856661"
"5573","2","3","12","19","184","118","155","287","116","C1856661"
"3930","2","3","2","22","33","323","66","3","464","C1856661"
"5290","2","3","7","53","14","20","25","40","186","C1856661"
"5277","2","3","2","61","77","142","176","235","317","C1856661"
"867","2","5","7","53","14","184","25","40","669","C1856661"
"23765","2","3","12","41","219","238","252","489","416","C1856661"
"25913","2","3","12","19","31","261","116","1","78","C1856661"
"3814","2","5","4","68","96","326","427","548","672","C1856661"
"6392","2","3","2","48","170","50","119","444","556","C1856661"
"2177","2","3","2","110","90","261","431","545","443","C1856661"
"4514","2","3","2","48","57","110","141","359","5","C1856661"
"2916","2","5","4","68","96","326","427","548","672","C1856661"
"2294","2","3","3","19","221","321","428","541","667","C1856661"
"6845","2","5","7","60","14","184","341","544","669","C1856661"
"9939","2","3","2","22","33","323","66","101","136","C1856661"
"1294","2","5","7","53","51","342","454","573","492","C1856661"
"4286","2","3","12","19","31","261","116","1","664","C1856661"
"9244","2","5","7","53","51","119","25","40","416","C1856661"
"4261","2","3","12","53","184","119","156","287","116","C1856661"
"10060","2","3","8","41","45","23","423","464","445","C1856661"
"673","2","5","7","53","14","20","34","540","68","C1856661"
"1585","2","3","5","79","159","256","351","100","589","C1856694"
"1482","2","3","3","19","221","321","428","541","667","C1856694"
"338","2","5","7","53","51","342","454","573","492","C1856694"
"4535","2","3","2","48","170","50","119","444","556","C1856694"
"4694","2","3","2","48","170","50","119","444","556","C1856694"
"1952","2","5","7","53","51","335","444","560","373","C1856694"
"9215","2","5","2","27","36","150","430","215","628","C1856694"
"4709","2","3","2","48","170","50","119","444","556","C1856694"
"4860","2","3","7","34","52","216","395","549","150","C1856694"
"51752","2","3","2","41","153","119","156","536","116","C1856694"
"1230","2","5","4","68","96","326","427","548","672","C1856714"
"1230","2","5","4","68","96","326","427","548","672","C1856714"
"1281","2","5","7","53","51","342","454","573","492","C1856714"
"1513","2","5","7","53","51","342","454","573","492","C1856714"
"8626","2","3","3","19","221","321","428","541","667","C1856732"
"6596","2","3","12","19","31","261","116","1","86","C1856732"
"9152","2","5","8","45","94","199","240","415","666","C1856732"
"25793","2","3","12","41","116","268","434","468","213","C1856732"
"5903","2","3","12","22","33","323","66","101","664","C1856732"
"2239","2","3","2","74","51","342","454","573","492","C1856738"
"9997","2","3","2","48","170","50","119","444","556","C1856738"
"2733","2","3","2","22","33","323","66","101","664","C1856749"
"1594","2","3","5","92","163","96","363","460","487","C1856749"
"410","2","3","7","34","52","216","395","549","674","C1856749"
"23411","2","3","12","19","31","1","91","433","118","C1856749"
"7048","2","5","7","53","51","342","259","423","389","C1856749"
"9049","2","3","3","41","151","276","378","271","356","C1856749"
"2132","2","3","2","74","58","112","148","193","263","C1856749"
"348","2","5","7","53","51","342","454","573","492","C1856749"
"6689","2","3","12","19","31","276","91","433","118","C1856749"
"56623","2","3","5","80","81","296","118","543","214","C1856749"
"6845","2","5","7","60","14","184","341","544","669","C1856749"
"51715","2","5","7","60","54","24","30","46","72","C1856765"
"1298","2","5","7","53","51","342","454","573","492","C1856765"
"384","2","3","5","80","81","166","210","278","360","C1856765"
"6916","2","3","5","91","175","119","167","224","301","C1856780"
"2645","2","3","2","90","167","266","367","101","664","C1856780"
"5073","2","3","2","110","85","323","433","146","194","C1856780"
"1583","2","3","5","79","152","273","375","100","589","C1856786"
"23111","2","3","12","41","219","339","156","568","697","C1856786"
"2316","2","5","7","53","51","342","454","573","702","C1856786"
"4329","2","3","2","67","92","293","229","381","496","C1856786"
"2773","2","5","4","68","96","326","427","548","672","C1856786"
"54795","2","5","8","63","45","193","306","390","158","C1856786"
"25836","2","3","12","76","153","40","38","54","75","C1856786"
"2812","2","5","7","53","51","342","454","573","492","C1856786"
"1584","2","3","5","79","159","256","276","353","456","C1856786"
"7518","2","3","12","19","31","261","116","1","86","C1856786"
"5314","2","3","12","76","153","40","38","54","75","C1856786"
"2068","2","3","12","19","31","261","116","159","211","C1856872"
"23426","2","5","7","42","36","71","177","223","219","C1856872"
"4519","2","3","2","48","170","50","119","508","312","C1856872"
"4750","2","5","12","76","14","20","34","540","68","C1856872"
"2776","2","5","4","68","96","326","427","548","672","C1856872"
"54968","2","3","2","48","170","50","119","444","556","C1856872"
"1440","2","5","7","53","51","119","25","489","416","C1856872"
"9451","2","3","2","110","51","335","226","297","380","C1856872"
"6655","2","5","7","60","54","24","30","46","72","C1856872"
"4000","2","3","12","26","105","178","226","297","156","C1856872"
"2332","2","3","2","22","33","71","373","466","609","C1856872"
"26137","2","5","7","63","45","184","103","572","658","C1856872"
"8892","2","3","2","110","85","237","433","547","671","C1856872"
"1828","2","5","7","34","52","216","142","220","298","C1856872"
"7020","2","3","12","19","31","276","91","433","664","C1856872"
"1203","2","3","2","41","170","342","423","536","342","C1856872"
"7140","2","5","8","63","45","23","103","464","187","C1856872"
"2175","2","3","12","19","31","261","116","1","86","C1856872"
"9056","2","3","8","45","94","199","240","415","666","C1856872"
"55650","2","3","2","61","77","142","176","235","557","C1856872"
"8139","2","3","12","41","116","268","434","468","213","C1856872"
"10134","2","3","2","41","219","339","156","536","342","C1856883"
"9516","2","3","2","48","116","110","141","152","462","C1856883"
"2956","2","3","12","19","31","261","116","1","86","C1856889"
"2697","2","3","7","76","153","40","38","54","75","C1856889"
"3198","2","3","3","19","221","321","428","541","667","C1856889"
"6674","2","3","12","48","57","50","38","54","462","C1856904"
"5336","2","3","7","53","14","20","25","40","215","C1856904"
"10682","2","5","4","68","96","326","48","69","204","C1856904"
"3954","2","3","2","48","170","67","119","444","593","C1856904"
"1287","2","5","2","53","51","342","454","573","492","C1856904"
"1356","2","3","7","53","51","342","454","573","492","C1856904"
"8289","2","3","12","19","31","1","426","55","78","C1856912"
"2982","2","3","4","68","96","326","427","548","672","C1856912"
"25953","2","3","2","67","92","293","137","75","664","C1856912"
"3643","2","5","7","53","14","20","25","40","186","C1856912"
"6499","2","3","2","110","85","237","433","547","671","C1856912"
"3280","2","3","12","19","31","143","428","236","667","C1856912"
"4860","2","3","7","34","52","216","395","549","150","C1856920"
"5167","2","3","5","32","93","163","207","303","126","C1856920"
"2263","2","5","7","53","14","20","25","40","186","C1856922"
"57674","2","3","12","41","116","268","434","468","213","C1856922"
"2248","2","5","7","53","14","20","25","40","186","C1856922"
"6662","2","3","3","19","221","321","428","541","667","C1856934"
"3889","2","1","6","11","142","225","142","220","298","C1856934"
"847","2","3","7","34","52","216","395","549","674","C1856953"
"354","2","5","7","53","51","342","454","573","492","C1856953"
"6870","2","5","4","68","96","326","427","548","672","C1856953"
"2074","2","3","12","19","31","1","426","55","78","C1856953"
"7421","2","3","3","19","151","276","91","433","118","C1856953"
"4914","2","3","2","22","18","266","202","252","252","C1856954"
"1778","2","3","7","76","153","40","38","54","75","C1856954"
"26227","2","3","2","41","137","44","208","81","108","C1856954"
"3643","2","5","7","53","14","20","25","40","186","C1856954"
"81608","2","3","2","22","33","323","66","101","136","C1856954"
"4015","2","5","7","53","51","342","454","573","492","C1856954"
"8216","2","3","12","41","119","330","214","454","144","C1856954"
"3976","2","5","7","53","51","119","25","489","416","C1856963"
"3852","2","1","6","11","142","225","142","220","298","C1856963"
"11277","2","3","12","19","31","261","116","1","86","C1856963"
"4715","2","3","2","48","170","50","119","444","556","C1856963"
"6529","2","5","8","45","94","199","240","415","666","C1856963"
"3156","2","3","2","19","151","276","91","433","118","C1856963"
"9573","2","5","7","53","51","342","259","423","389","C1856963"
"2395","2","3","2","48","170","50","304","167","593","C1856963"
"3265","2","5","7","60","54","24","30","46","72","C1856963"
"5193","2","3","5","43","161","305","409","208","482","C1856963"
"23169","2","3","2","78","205","112","430","429","544","C1856963"
"2200","2","5","7","53","51","342","454","573","492","C1856963"
"6519","2","3","5","45","94","199","240","415","666","C1856963"
"545","2","3","12","19","31","261","116","1","86","C1856963"
"215","2","3","5","47","144","185","238","310","392","C1856963"
"10815","2","5","7","60","36","71","341","223","666","C1856963"
"4593","2","5","7","53","14","20","454","573","492","C1857002"
"301","2","5","4","68","96","326","427","548","672","C1857002"
"8200","2","5","7","53","51","342","259","423","389","C1857002"
"472","2","3","12","19","31","261","116","1","86","C1857002"
"5594","2","5","7","34","14","20","34","540","274","C1857002"
"5340","2","5","7","53","51","342","454","573","492","C1857055"
"10516","2","5","7","53","51","342","454","573","492","C1857055"
"1277","2","5","7","53","51","342","454","573","492","C1857074"
"3052","2","3","2","48","170","50","119","444","556","C1857074"
"8419","2","3","12","48","170","50","119","198","224","C1857074"
"8891","2","3","2","110","85","237","433","547","671","C1857074"
"2301","2","5","6","11","142","225","142","220","673","C1857078"
"3953","2","5","7","53","14","20","25","40","186","C1857078"
"2677","2","5","7","53","51","342","454","573","492","C1857078"
"2571","2","3","2","67","142","71","152","197","219","C1857079"
"51067","2","3","2","110","85","67","76","252","154","C1857079"
"4089","2","3","12","19","219","339","259","423","605","C1857079"
"547","2","3","7","76","153","40","38","54","75","C1857079"
"5626","2","3","3","19","221","321","428","541","667","C1857079"
"2068","2","3","12","19","31","261","116","159","211","C1857079"
"2200","2","5","7","53","51","342","454","573","492","C1857079"
"7138","2","5","8","63","45","23","103","464","187","C1857079"
"51259","2","3","2","76","153","40","38","54","75","C1857079"
"4233","2","5","7","53","14","20","25","40","186","C1857079"
"2516","2","3","3","19","151","276","91","433","118","C1857079"
"6843","2","5","7","60","36","71","341","223","203","C1857079"
"3931","2","3","5","116","183","295","454","243","327","C1857079"
"2632","2","3","2","28","22","48","232","82","114","C1857079"
"6821","2","3","5","114","211","332","175","556","256","C1857079"
"50943","2","3","12","19","31","1","426","129","131","C1857079"
"7015","2","3","12","19","31","1","426","55","78","C1857079"
"51082","2","3","2","19","31","1","426","55","78","C1857079"
"1280","2","5","7","53","51","342","454","573","492","C1857079"
"6391","2","3","2","48","170","50","119","444","556","C1857079"
"23111","2","3","12","41","219","339","156","568","697","C1857079"
"2314","2","3","12","63","45","184","103","572","658","C1857079"
"2944","2","3","5","91","175","271","372","471","586","C1857079"
"55145","2","3","2","22","33","225","142","220","140","C1857101"
"4705","2","3","2","48","170","50","119","444","556","C1857101"
"7351","2","3","2","20","29","98","123","166","221","C1857126"
"4128","2","3","5","80","81","119","402","489","416","C1857126"
"2187","2","3","12","19","31","261","116","1","86","C1857126"
"2261","2","5","7","53","14","20","25","40","186","C1857126"
"6195","2","3","12","19","14","20","34","540","68","C1857126"
"1277","2","5","7","53","51","342","454","573","492","C1857171"
"25942","2","3","12","19","31","1","426","55","78","C1857171"
"3218","2","3","3","19","221","321","428","541","667","C1857171"
"5468","2","3","3","19","151","276","91","433","118","C1857171"
"5159","2","5","7","53","14","20","25","40","186","C1857175"
"1376","2","3","2","19","151","276","91","433","118","C1857175"
"3945","2","3","2","62","137","76","136","212","286","C1857175"
"1145","2","5","8","27","70","99","162","216","290","C1857175"
"1836","2","3","2","35","41","94","260","330","375","C1857175"
"4728","2","3","2","48","170","50","119","444","556","C1857180"
"4851","2","3","12","19","221","143","428","236","667","C1857180"
"55636","2","3","3","19","221","321","428","423","389","C1857180"
"3908","2","5","7","53","51","342","454","573","492","C1857180"
"5604","2","5","7","53","14","20","34","540","68","C1857186"
"6647","2","3","2","95","2","342","378","173","702","C1857186"
"4148","2","5","7","53","51","342","454","573","492","C1857186"
"3756","2","5","8","63","36","166","106","110","158","C1857190"
"5727","2","3","12","68","221","197","259","560","422","C1857190"
"2010","2","3","12","26","105","296","226","488","156","C1857190"
"182","2","5","7","53","51","143","428","236","667","C1857202"
"26281","2","5","7","53","14","20","25","40","186","C1857202"
"2316","2","5","7","53","51","342","454","573","702","C1857202"
"23064","2","3","6","11","31","261","142","220","664","C1857202"
"6491","2","3","12","76","153","40","38","54","75","C1857202"
"3832","2","3","12","76","153","40","38","54","75","C1857202"
"368","2","3","12","41","116","268","423","536","445","C1857202"
"23509","2","3","2","89","124","143","428","236","667","C1857202"
"29940","2","5","7","53","51","342","454","573","492","C1857202"
"2038","2","5","7","11","142","225","142","220","116","C1857202"
"5336","2","3","7","53","14","20","25","40","215","C1857206"
"177","2","5","7","53","51","339","156","568","697","C1857206"
"4952","2","3","5","60","54","184","30","544","669","C1857206"
"348","2","5","7","53","51","342","454","573","492","C1857206"
"2263","2","5","7","53","14","20","25","40","186","C1857206"
"4952","2","3","5","60","54","184","30","544","669","C1857206"
"7353","2","3","12","41","219","339","156","568","605","C1857206"
"7390","2","3","5","80","81","166","132","175","473","C1857206"
"54757","2","5","7","53","51","342","454","573","492","C1857206"
"2657","2","5","7","53","51","342","259","423","389","C1857206"
"2677","2","5","7","53","51","342","454","573","492","C1857206"
"51750","2","3","12","19","31","261","116","1","86","C1857206"
"4853","2","3","12","19","124","143","428","236","667","C1857252"
"627","2","5","7","53","51","335","444","423","373","C1857252"
"7157","2","3","12","19","31","261","402","489","551","C1857269"
"8243","2","3","12","76","31","40","38","54","75","C1857269"
"2773","2","5","4","68","96","326","427","548","672","C1857269"
"9742","2","3","12","76","153","40","38","54","75","C1857276"
"2592","2","3","2","68","117","196","257","326","419","C1857276"
"55215","2","3","12","76","31","261","116","1","86","C1857278"
"1947","2","5","7","53","51","20","25","560","373","C1857278"
"6678","2","5","7","53","51","342","454","573","492","C1857278"
"8200","2","5","7","53","51","342","259","423","389","C1857278"
"6794","2","3","12","53","14","20","34","540","68","C1857278"
"5264","2","3","5","43","161","305","409","208","482","C1857278"
"8322","2","5","3","68","221","184","259","544","669","C1857278"
"1440","2","5","7","53","51","119","25","489","416","C1857278"
"8803","2","3","8","67","92","293","55","75","311","C1857278"
"8820","2","3","3","19","221","321","428","541","667","C1857287"
"5468","2","3","3","19","151","276","91","433","118","C1857287"
"50846","2","3","3","68","221","197","259","560","422","C1857287"
"9370","2","5","3","41","151","276","91","433","118","C1857287"
"55703","2","3","2","22","33","261","116","159","211","C1857287"
"10269","2","3","2","48","182","50","119","444","556","C1857287"
"440822","2","3","2","22","33","323","141","359","194","C1857287"
"58","2","5","8","63","45","23","103","464","187","C1857287"
"3845","2","5","7","60","54","24","30","46","72","C1857287"
"2263","2","5","7","53","14","20","25","40","186","C1857287"
"2629","2","3","5","80","81","250","291","152","420","C1857316"
"6492","2","3","3","19","151","276","91","433","118","C1857316"
"778","2","5","8","63","36","166","341","223","158","C1857353"
"288","2","5","7","76","153","40","38","54","203","C1857353"
"7290","2","3","12","19","31","1","426","55","78","C1857353"
"11160","2","3","12","41","116","268","423","536","445","C1857353"
"1962","2","3","5","43","161","305","409","208","482","C1857353"
"6926","2","5","7","53","51","335","259","560","373","C1857353"
"2146","2","3","12","19","31","1","426","55","78","C1857353"
"5194","2","3","5","43","161","305","409","208","482","C1857353"
"2027","2","3","5","80","81","266","367","500","577","C1857355"
"3872","2","1","6","11","142","225","142","220","298","C1857355"
"54808","2","3","12","76","153","40","38","54","75","C1857451"
"23322","2","3","12","76","153","40","38","54","75","C1857451"
"6870","2","5","4","68","96","326","427","548","672","C1857451"
"695","2","5","7","53","14","20","25","40","186","C1857453"
"4068","2","5","7","53","51","119","25","549","674","C1857453"
"5896","2","3","12","41","116","268","434","568","605","C1857453"
"650","2","5","7","53","51","342","259","423","389","C1857453"
"3486","2","5","7","53","51","342","454","573","492","C1857453"
"275","2","3","5","106","104","214","70","377","488","C1857453"
"6888","2","3","2","90","167","266","367","500","577","C1857453"
"2316","2","5","7","53","51","342","454","573","702","C1857456"
"3074","2","3","7","34","52","216","395","549","607","C1857456"
"54209","2","5","7","53","51","119","395","549","674","C1857456"
"2263","2","5","7","53","14","20","25","40","186","C1857456"
"5339","2","5","7","53","51","342","454","573","492","C1857456"
"2694","2","5","7","48","51","105","139","186","245","C1857479"
"1340","2","3","2","48","170","50","141","359","462","C1857479"
"9364","2","5","7","60","54","24","30","46","72","C1857479"
"857","2","5","7","53","45","23","57","83","422","C1857479"
"8214","2","3","6","11","142","225","142","220","298","C1857479"
"51082","2","3","2","19","31","1","426","55","78","C1857479"
"6845","2","5","7","60","14","184","341","544","669","C1857479"
"5428","2","3","2","48","170","50","119","167","593","C1857482"
"5080","2","3","3","19","221","321","428","541","667","C1857482"
"345","2","5","7","53","51","342","454","573","492","C1857482"
"7461","2","3","7","60","153","40","38","93","75","C1857482"
"11277","2","3","12","19","31","261","116","1","86","C1857482"
"27031","2","3","6","11","142","225","38","331","506","C1857483"
"7124","2","3","12","41","219","339","156","568","697","C1857483"
"54968","2","3","2","48","170","50","119","444","556","C1857484"
"5745","2","5","4","68","96","326","427","548","672","C1857484"
"4137","2","3","7","27","36","150","341","223","628","C1857484"
"2138","2","3","12","19","31","1","426","55","78","C1857484"
"1723","2","3","2","48","170","50","119","444","556","C1857485"
"2324","2","5","7","53","14","20","25","40","186","C1857485"
"2316","2","5","7","53","51","342","454","573","702","C1857485"
"4041","2","5","3","68","221","197","259","560","422","C1857485"
"7545","2","5","3","34","52","216","142","220","298","C1857485"
"7480","2","5","3","68","221","197","259","560","422","C1857500"
"3237","2","3","3","19","221","321","428","541","667","C1857500"
"4318","2","5","7","34","52","216","395","573","492","C1857500"
"1301","2","5","7","53","51","342","454","573","492","C1857501"
"673","2","5","7","53","14","20","34","540","68","C1857501"
"50964","2","5","3","68","221","197","259","423","422","C1857527"
"6674","2","3","12","48","57","50","38","54","462","C1857527"
"6678","2","5","7","53","51","342","454","573","492","C1857527"
"5034","2","5","7","53","51","342","454","573","492","C1857527"
"2581","2","3","5","80","81","250","291","152","420","C1857527"
"183","2","5","4","68","96","326","427","548","672","C1857527"
"3758","2","5","8","63","36","166","106","110","158","C1857527"
"5888","2","3","12","19","31","261","116","1","86","C1857539"
"9361","2","3","2","48","170","50","119","444","556","C1857539"
"6329","2","5","8","63","36","166","341","390","158","C1857539"
"11005","2","1","6","11","142","225","142","220","298","C1857539"
"51422","2","3","2","48","57","110","141","359","462","C1857539"
"51684","2","3","12","41","116","268","38","54","75","C1857539"
"5745","2","5","4","68","96","326","427","548","672","C1857539"
"2706","2","3","12","76","153","40","38","54","75","C1857539"
"444","2","5","8","63","45","23","34","464","187","C1857586"
"55624","2","3","2","78","123","194","255","215","412","C1857586"
"9509","2","5","7","53","51","342","454","573","492","C1857586"
"64324","2","3","12","19","31","1","426","55","78","C1857586"
"6514","2","5","7","90","216","337","448","565","562","C1857586"
"8314","2","3","12","41","31","1","426","55","78","C1857586"
"7048","2","5","7","53","51","342","259","423","389","C1857618"
"22856","2","3","2","78","189","303","251","320","403","C1857618"
"5277","2","3","2","61","77","142","176","235","317","C1857618"
"9187","2","5","8","45","94","199","240","415","666","C1857627"
"27031","2","3","6","11","142","225","38","331","506","C1857627"
"6496","2","3","3","19","221","321","428","541","667","C1857627"
"28982","2","3","5","25","44","165","101","274","358","C1857627"
"1399","2","5","7","53","14","20","25","40","186","C1857632"
"4221","2","3","12","19","31","342","454","573","492","C1857632"
"4998","2","3","12","76","31","261","116","1","86","C1857632"
"5428","2","3","2","48","170","50","119","167","593","C1857632"
"80184","2","5","7","34","52","216","38","54","75","C1857632"
"60681","2","3","12","48","124","75","136","271","212","C1857632"
"5080","2","3","3","19","221","321","428","541","667","C1857632"
"54209","2","5","7","53","51","119","395","549","674","C1857638"
"28514","2","5","7","53","51","143","428","236","667","C1857638"
"3767","2","5","8","63","36","166","106","110","158","C1857641"
"4286","2","3","12","19","31","261","116","1","664","C1857641"
"9935","2","3","12","19","31","1","426","55","78","C1857641"
"595","2","3","12","19","31","1","426","489","416","C1857641"
"265","2","5","7","53","51","342","454","573","492","C1857641"
"5781","2","5","7","53","14","20","25","40","186","C1857641"
"2542","2","3","5","80","81","296","399","500","577","C1857641"
"27249","2","3","2","48","182","50","119","186","245","C1857641"
"2033","2","3","12","19","31","1","91","433","118","C1857641"
"6910","2","3","12","19","51","335","444","560","373","C1857641"
"2314","2","3","12","63","45","184","103","572","658","C1857641"
"3028","2","3","2","67","92","152","32","252","154","C1857641"
"4221","2","3","12","19","31","342","454","573","492","C1857641"
"2253","2","5","7","53","14","20","25","40","186","C1857641"
"3636","2","3","5","80","14","20","25","40","186","C1857641"
"3714","2","5","7","53","51","143","454","236","373","C1857641"
"3207","2","3","3","19","221","321","428","541","667","C1857644"
"8822","2","5","7","53","14","20","25","40","186","C1857644"
"10484","2","3","7","60","153","40","38","54","203","C1857644"
"8626","2","3","3","19","221","321","428","541","667","C1857644"
"5167","2","3","5","32","93","163","207","303","126","C1857644"
"55670","2","3","5","43","161","305","409","208","482","C1857644"
"54941","2","3","12","41","116","268","434","468","213","C1857644"
"7132","2","3","12","41","219","339","156","568","697","C1857644"
"9215","2","5","2","27","36","150","430","215","628","C1857645"
"7015","2","3","12","19","31","1","426","55","78","C1857645"
"4538","2","3","2","48","170","50","119","444","556","C1857645"
"3265","2","5","7","60","54","24","30","46","72","C1857651"
"3558","2","5","7","53","14","20","25","40","186","C1857651"
"1728","2","3","2","41","116","268","434","568","605","C1857651"
"7681","2","3","12","41","116","268","434","468","213","C1857656"
"23229","2","5","7","60","54","24","30","46","72","C1857656"
"4990","2","3","3","19","221","321","428","541","667","C1857656"
"10479","2","5","7","27","36","150","341","223","628","C1857656"
"6010","2","5","4","68","96","326","427","548","672","C1857656"
"5743","2","3","5","53","175","119","167","489","416","C1857656"
"1548","2","3","5","91","214","226","326","447","586","C1857656"
"355","2","3","7","41","219","339","156","568","697","C1857656"
"1311","2","5","7","53","51","342","454","573","492","C1857656"
"9968","2","4","3","24","119","330","214","454","144","C1857656"
"54880","2","3","12","19","31","1","426","55","78","C1857656"
"4010","2","3","3","19","221","321","428","541","667","C1857656"
"55636","2","3","3","19","221","321","428","423","389","C1857656"
"2022","2","5","7","53","51","342","259","423","389","C1857656"
"3569","2","5","7","53","51","342","454","573","416","C1857656"
"7253","2","5","4","68","96","326","427","548","672","C1857656"
"3909","2","5","7","53","51","342","454","573","492","C1857656"
"857","2","5","7","53","45","23","57","83","422","C1857656"
"9915","2","3","3","27","151","276","91","433","118","C1857657"
"1144","2","5","8","27","70","99","162","216","290","C1857657"
"50939","2","3","12","76","153","40","38","472","435","C1857657"
"3981","2","3","12","19","31","261","116","1","86","C1857657"
"25836","2","3","12","76","153","40","38","54","75","C1857657"
"23090","2","3","12","19","151","276","91","433","118","C1857657"
"55717","2","3","12","41","116","268","434","468","213","C1857657"
"5213","2","3","2","90","167","266","367","500","577","C1857657"
"5495","2","3","12","41","219","339","347","287","664","C1857657"
"8313","2","3","12","41","219","339","156","568","605","C1857657"
"1147","2","3","12","41","219","339","156","568","697","C1857657"
"6010","2","5","4","68","96","326","427","548","672","C1857657"
"7474","2","5","3","68","221","184","259","544","669","C1857657"
"9241","2","5","7","53","51","342","259","423","389","C1857662"
"695","2","5","7","53","14","20","25","40","186","C1857662"
"8600","2","5","7","41","219","339","156","568","697","C1857662"
"54902","2","3","2","48","182","50","119","444","556","C1857662"
"2132","2","3","2","74","58","112","148","193","263","C1857665"
"5337","2","3","7","34","52","216","395","552","98","C1857665"
"2146","2","3","12","19","31","1","426","55","78","C1857665"
"5832","2","3","2","101","62","189","182","509","252","C1857665"
"4867","2","5","7","76","153","40","38","54","75","C1857665"
"10082","2","3","2","74","51","342","454","573","492","C1857665"
"8106","2","3","2","22","33","323","66","101","136","C1857690"
"5982","2","3","12","19","31","261","116","1","86","C1857690"
"6664","2","3","3","19","221","321","428","541","667","C1857693"
"2109","2","3","2","48","170","50","119","444","556","C1857693"
"54880","2","3","12","19","31","1","426","55","78","C1857693"
"7403","2","3","12","19","31","1","426","55","78","C1857697"
"4893","2","5","7","34","52","24","30","46","72","C1857697"
"355","2","3","7","41","219","339","156","568","697","C1857697"
"2316","2","5","7","53","51","342","454","573","702","C1857697"
"1147","2","3","12","41","219","339","156","568","697","C1857699"
"324","2","3","12","41","219","197","70","255","422","C1857699"
"2314","2","3","12","63","45","184","103","572","658","C1857707"
"23462","2","3","12","19","31","143","428","236","667","C1857707"
"7518","2","3","12","19","31","261","116","1","86","C1857707"
"4000","2","3","12","26","105","178","226","297","156","C1857710"
"8425","2","5","7","53","51","342","454","573","492","C1857710"
"5828","2","3","5","43","161","305","409","208","482","C1857710"
"5594","2","5","7","34","14","20","34","540","274","C1857710"
"9896","2","3","5","80","81","296","399","201","274","C1857710"
"5784","2","5","7","42","81","296","399","201","274","C1857710"
"4089","2","3","12","19","219","339","259","423","605","C1857710"
"2263","2","5","7","53","14","20","25","40","186","C1857710"
"3627","2","5","4","68","96","326","427","548","672","C1857710"
"5604","2","5","7","53","14","20","34","540","68","C1857790"
"54487","2","3","2","22","33","323","66","101","136","C1857790"
"5193","2","3","5","43","161","305","409","208","482","C1857790"
"860","2","3","12","19","31","276","91","433","118","C1857790"
"9632","2","3","7","60","153","40","38","54","203","C1857949"
"4222","2","3","3","19","221","321","428","541","667","C1857949"
"633","2","5","7","53","51","342","454","573","492","C1857949"
"1028","2","3","12","19","31","1","116","1","86","C1857949"
"2176","2","3","12","19","31","261","116","1","86","C1857949"
"2629","2","3","5","80","81","250","291","152","420","C1857949"
"843","2","3","12","41","219","339","156","568","697","C1857949"
"5184","2","3","5","80","81","166","52","105","349","C1857949"
"100","2","3","5","33","21","47","56","80","199","C1857949"
"23384","2","3","12","63","45","184","103","572","658","C1857949"
"7439","2","5","8","63","45","23","34","464","187","C1857949"
"1161","2","3","12","41","116","268","434","468","213","C1857949"
"51085","2","3","2","48","57","110","141","359","462","C1857949"
"249","2","3","5","27","51","335","444","560","373","C1857949"
"5071","2","3","12","41","116","268","434","468","213","C1857949"
"7042","2","5","7","53","51","342","454","573","492","C1857953"
"29893","2","3","12","19","31","1","426","55","78","C1857953"
"2316","2","5","7","53","51","342","454","573","702","C1857953"
"51750","2","3","12","19","31","261","116","1","86","C1857953"
"1293","2","5","7","53","51","342","454","573","492","C1857953"
"1577","2","3","5","91","214","226","400","204","264","C1858025"
"8214","2","3","6","11","142","225","142","220","298","C1858025"
"2138","2","3","12","19","31","1","426","55","78","C1858025"
"2033","2","3","12","19","31","1","91","433","118","C1858025"
"23092","2","5","7","60","54","24","30","46","72","C1858025"
"5308","2","3","3","19","221","321","428","541","667","C1858025"
"5321","2","3","5","116","183","295","398","243","327","C1858025"
"23345","2","3","12","19","31","1","426","55","78","C1858025"
"8842","2","5","5","53","82","147","184","179","328","C1858025"
"5826","2","3","7","48","161","105","139","186","245","C1858025"
"55135","2","3","12","76","137","76","136","472","435","C1858025"
"54345","2","5","3","19","221","321","428","541","667","C1858025"
"5420","2","5","7","34","52","342","454","64","492","C1858025"
"3690","2","5","7","53","51","342","454","573","492","C1858033"
"1020","2","3","12","19","14","118","34","540","68","C1858033"
"6772","2","3","12","53","184","119","156","287","116","C1858033"
"9215","2","5","2","27","36","150","430","215","628","C1858033"
"4594","2","3","7","48","92","261","116","186","245","C1858036"
"4322","2","5","7","53","51","342","454","573","492","C1858036"
"3098","2","3","2","90","167","266","367","500","577","C1858036"
"5663","2","5","7","34","52","216","395","549","667","C1858036"
"5921","2","5","7","60","14","24","25","40","215","C1858036"
"7168","2","5","8","63","45","23","103","464","187","C1858036"
"8398","2","3","5","116","183","40","38","352","455","C1858036"
"5428","2","3","2","48","170","50","119","167","593","C1858036"
"55651","2","3","2","110","85","237","433","547","671","C1858036"
"2316","2","5","7","53","51","342","454","573","702","C1858091"
"4886","2","5","4","68","96","326","427","548","672","C1858091"
"2316","2","5","7","53","51","342","454","573","702","C1858091"
"6253","2","5","4","27","36","326","402","489","187","C1858091"
"3651","2","3","3","19","221","321","428","541","667","C1858091"
"8842","2","5","5","53","82","147","184","179","328","C1858091"
"80332","2","5","7","53","51","342","454","573","492","C1858091"
"5351","2","5","7","53","51","342","454","573","492","C1858091"
"1261","2","5","8","63","36","166","106","110","158","C1858091"
"760","2","3","5","35","41","77","40","78","178","C1858116"
"6017","2","3","2","69","83","101","126","170","224","C1858116"
"5447","2","3","5","91","214","271","372","471","586","C1858116"
"2260","2","5","7","53","14","20","25","40","186","C1858127"
"51360","2","3","3","26","35","276","91","433","203","C1858127"
"4522","2","3","5","15","166","104","262","121","167","C1858127"
"3889","2","1","6","11","142","225","142","220","298","C1858127"
"1785","2","5","7","60","14","184","341","544","669","C1858127"
"8813","2","3","2","48","116","142","136","280","363","C1858127"
"4287","2","3","12","41","116","268","434","468","215","C1858127"
"30008","2","5","7","53","51","342","454","573","492","C1858127"
"9871","2","3","7","60","153","40","38","54","203","C1858127"
"4763","2","5","7","60","54","24","30","46","214","C1858127"
"51259","2","3","2","76","153","40","38","54","75","C1858127"
"6335","2","5","8","63","36","166","341","390","158","C1858127"
"3908","2","5","7","53","51","342","454","573","492","C1858266"
"8675","2","5","7","60","54","24","98","66","203","C1858266"
"551","2","5","4","68","96","326","427","548","672","C1858266"
"5190","2","3","5","43","161","305","409","208","482","C1858266"
"7507","2","3","12","19","31","261","116","1","86","C1858285"
"2006","2","5","7","53","51","342","454","573","492","C1858285"
"5897","2","3","12","41","116","268","141","568","605","C1858285"
"28952","2","3","12","41","116","268","434","468","213","C1858285"
"5265","2","5","7","34","52","216","395","573","702","C1858285"
"790","2","3","12","41","219","339","347","206","627","C1858285"
"675","2","3","12","19","31","261","116","1","86","C1858285"
"2255","2","5","7","53","14","20","25","40","186","C1858285"
"51124","2","5","4","68","96","326","427","548","672","C1858285"
"3543","2","5","7","53","51","119","395","549","674","C1858285"
"8626","2","3","3","19","221","321","428","541","667","C1858285"
"3565","2","5","7","53","51","119","25","489","416","C1858285"
"4361","2","3","12","19","31","261","116","1","86","C1858285"
"10262","2","3","2","22","33","323","66","101","136","C1858285"
"5191","2","3","5","43","161","305","409","208","482","C1858285"
"9636","2","3","12","41","184","119","156","287","116","C1858285"
"2316","2","5","7","53","51","342","454","573","702","C1858285"
"3954","2","3","2","48","170","67","119","444","593","C1858285"
"3119","2","5","7","53","153","119","156","287","116","C1858285"
"2260","2","5","7","53","14","20","25","40","186","C1858285"
"11128","2","3","2","22","33","261","116","159","211","C1858312"
"5116","2","3","12","76","153","40","38","54","75","C1858312"
"4514","2","3","2","48","57","110","141","359","5","C1858395"
"7050","2","3","12","19","31","321","428","541","667","C1858395"
"8635","2","5","7","34","52","216","395","549","674","C1858395"
"3586","2","5","7","53","51","119","25","489","416","C1858395"
"2879","2","3","5","80","81","166","378","173","229","C1858395"
"2904","2","5","7","53","14","20","25","223","219","C1858395"
"27077","2","3","12","76","153","40","38","54","75","C1858395"
"4204","2","3","12","19","31","1","426","55","78","C1858395"
"9652","2","3","2","110","85","237","433","547","671","C1858395"
"3643","2","5","7","53","14","20","25","40","186","C1858395"
"6609","2","3","5","105","155","250","291","152","420","C1858427"
"4000","2","3","12","26","105","178","226","297","156","C1858427"
"9742","2","3","12","76","153","40","38","54","75","C1858452"
"7468","2","3","12","19","31","1","426","55","78","C1858452"
"2132","2","3","2","74","58","112","148","193","263","C1858452"
"2099","2","3","12","19","151","276","91","433","118","C1858452"
"3643","2","5","7","53","14","20","25","40","186","C1858452"
"1244","2","3","12","41","116","268","423","536","445","C1858452"
"257","2","3","3","19","221","321","428","541","667","C1858452"
"356","2","5","7","53","219","339","25","489","697","C1858452"
"6658","2","3","12","19","221","321","428","541","667","C1858452"
"51360","2","3","3","26","35","276","91","433","203","C1858452"
"860","2","3","12","19","31","276","91","433","118","C1858452"
"2752","2","3","2","101","62","189","182","509","409","C1858452"
"4267","2","5","7","53","51","119","454","549","492","C1858452"
"8516","2","5","7","53","51","342","454","573","492","C1858452"
"843","2","3","12","41","219","339","156","568","697","C1858452"
"5295","2","5","7","53","14","20","25","40","186","C1858452"
"26119","2","5","7","60","14","184","341","544","669","C1858452"
"5663","2","5","7","34","52","216","395","549","667","C1858516"
"2303","2","5","3","19","221","321","428","541","667","C1858516"
"1029","2","3","12","19","31","1","116","1","664","C1858539"
"1298","2","5","7","53","51","342","454","573","492","C1858539"
"4352","2","5","7","53","14","20","25","40","186","C1858539"
"3248","2","3","2","69","83","133","167","224","301","C1858539"
"5913","2","5","7","27","36","71","341","223","219","C1858539"
"23479","2","3","2","48","170","50","119","100","556","C1858539"
"4287","2","3","12","41","116","268","434","468","215","C1858539"
"1674","2","5","8","63","45","23","103","464","187","C1858539"
"7249","2","3","7","60","57","110","141","359","462","C1858539"
"1524","2","5","4","68","96","326","427","548","672","C1858545"
"9241","2","5","7","53","51","342","259","423","389","C1858545"
"29926","2","3","2","68","66","123","158","207","278","C1858558"
"1956","2","5","7","53","14","184","45","544","669","C1858558"
"3561","2","5","7","53","14","20","25","40","186","C1858558"
"3954","2","3","2","48","170","67","119","444","593","C1858558"
"4629","2","5","8","63","45","23","103","464","187","C1858565"
"5993","2","3","12","19","31","1","426","55","78","C1858565"
"6663","2","3","3","19","221","321","428","541","667","C1858565"
"5818","2","5","7","53","51","335","444","560","373","C1858565"
"22858","2","3","7","53","14","20","34","540","68","C1858565"
"2316","2","5","7","53","51","342","454","573","702","C1858565"
"10491","2","5","7","53","51","342","454","573","492","C1858565"
"2175","2","3","12","19","31","261","116","1","86","C1858569"
"1026","2","3","12","19","31","1","116","489","416","C1858569"
"8504","2","3","5","47","144","185","238","310","392","C1858569"
"2332","2","3","2","22","33","71","373","466","609","C1858569"
"50814","2","3","2","69","221","73","360","86","119","C1858573"
"8601","2","5","4","68","96","326","427","548","672","C1858573"
"9179","2","5","7","60","18","184","341","544","669","C1858573"
"9126","2","3","12","76","153","40","38","54","75","C1858573"
"5728","2","3","5","80","81","339","156","568","605","C1858573"
"6663","2","3","3","19","221","321","428","541","667","C1858573"
"5073","2","3","2","110","85","323","433","146","194","C1858573"
"6598","2","3","12","19","31","1","426","55","78","C1858573"
"3730","2","5","7","53","14","20","25","40","186","C1858573"
"4548","2","3","2","15","85","105","139","186","245","C1858573"
"10083","2","5","7","42","36","71","177","223","219","C1858573"
"6866","2","5","4","68","96","326","427","548","672","C1858573"
"2317","2","5","7","63","45","23","103","287","664","C1858573"
"25913","2","3","12","19","31","261","116","1","78","C1858573"
"7353","2","3","12","41","219","339","156","568","605","C1858573"
"22802","2","5","8","63","45","23","34","464","187","C1858573"
"25974","2","3","7","48","51","105","139","186","245","C1858573"
"26040","2","3","12","19","31","1","116","297","78","C1858573"
"358","2","3","5","80","81","166","397","374","486","C1858573"
"5354","2","5","7","27","36","150","341","223","628","C1858573"
"9531","2","3","12","41","219","339","347","271","356","C1858573"
"6452","2","5","7","53","14","20","25","40","186","C1858573"
"29123","2","3","12","19","151","276","91","433","118","C1858573"
"2969","2","3","12","19","31","276","91","433","118","C1858573"
"2131","2","3","2","74","58","112","148","181","416","C1858573"
"6616","2","5","7","34","52","216","341","223","628","C1858573"
"3759","2","5","8","63","36","166","106","110","158","C1858573"
"6872","2","3","12","19","31","261","116","159","211","C1858573"
"6261","2","5","8","63","45","23","34","464","187","C1858573"
"25782","2","5","7","60","54","24","30","46","72","C1858573"
"10804","2","3","12","76","153","40","38","54","75","C1858573"
"3930","2","3","2","22","33","323","66","3","464","C1858574"
"51715","2","5","7","60","54","24","30","46","72","C1858574"
"10312","2","3","7","34","52","216","395","549","674","C1858574"
"5130","2","3","2","85","143","286","51","488","102","C1858574"
"1032","2","3","12","19","31","1","426","55","78","C1858574"
"1548","2","3","5","91","214","226","326","447","586","C1858574"
"5604","2","5","7","53","14","20","34","540","68","C1858574"
"701","2","3","12","76","153","40","38","54","75","C1858574"
"6890","2","3","12","41","184","119","156","568","116","C1858574"
"1910","2","5","4","68","96","326","427","548","672","C1858574"
"3717","2","5","7","53","14","20","25","40","186","C1858574"
"6575","2","3","8","45","94","199","240","415","666","C1858574"
"2332","2","3","2","22","33","71","373","466","609","C1858574"
"6777","2","5","7","53","14","20","25","40","186","C1858574"
"6239","2","3","12","19","119","330","214","454","144","C1858574"
"7401","2","5","7","60","83","101","126","170","224","C1858574"
"2200","2","5","7","53","51","342","454","573","492","C1858574"
"23095","2","3","7","76","153","40","38","54","75","C1858574"
"695","2","5","7","53","14","20","25","40","186","C1858574"
"10758","2","3","12","41","219","339","156","568","697","C1858574"
"2736","2","3","12","41","116","321","428","54","667","C1858574"
"1144","2","5","8","27","70","99","162","216","290","C1858574"
"7157","2","3","12","19","31","261","402","489","551","C1858574"
"5657","2","5","7","34","52","216","395","549","674","C1858574"
"4629","2","5","8","63","45","23","103","464","187","C1858574"
"9213","2","5","7","68","96","184","219","380","666","C1858574"
"3930","2","3","2","22","33","323","66","3","464","C1858574"
"5551","2","5","7","53","51","119","395","549","674","C1858574"
"6891","2","3","12","41","116","119","156","568","116","C1858656"
"26040","2","3","12","19","31","1","116","297","78","C1858656"
"7170","2","5","8","63","45","23","103","464","187","C1858656"
"3908","2","5","7","53","51","342","454","573","492","C1858656"
"1584","2","3","5","79","159","256","276","353","456","C1858672"
"7297","2","5","7","53","184","119","25","40","186","C1858672"
"7421","2","3","3","19","151","276","91","433","118","C1858672"
"240","2","3","7","34","52","216","395","489","416","C1858672"
"775","2","5","8","63","36","166","341","223","158","C1858672"
"10342","2","3","7","60","219","40","202","66","203","C1858672"
"2660","2","5","7","53","51","342","259","423","389","C1858672"
"5660","2","5","7","34","52","326","427","548","702","C1858673"
"4591","2","3","12","41","116","268","434","468","213","C1858673"
"2629","2","3","5","80","81","250","291","152","420","C1858677"
"5313","2","3","2","90","167","321","428","541","115","C1858677"
"51062","2","5","7","27","36","150","402","489","373","C1858679"
"1493","2","5","7","53","51","119","25","40","186","C1858679"
"2639","2","3","2","71","148","34","160","115","164","C1858679"
"28960","2","3","2","22","33","323","433","146","194","C1858679"
"1280","2","5","7","53","51","342","454","573","492","C1858729"
"3763","2","5","8","63","36","166","106","110","158","C1858729"
"2737","2","3","12","19","116","321","428","54","667","C1858729"
"9129","2","3","2","22","33","323","66","101","136","C1858729"
"5447","2","3","5","91","214","271","372","471","586","C1858729"
"5195","2","3","5","43","161","305","409","208","482","C1858729"
"6331","2","5","8","63","36","166","341","223","158","C1858729"
"3586","2","5","7","53","51","119","25","489","416","C1858729"
"23400","2","5","8","63","45","23","103","464","187","C1858729"
"79042","2","3","12","22","33","323","66","101","664","C1858729"
"9095","2","5","7","53","51","335","444","560","373","C1858729"
"5376","2","5","7","53","51","342","454","573","492","C1858729"
"4038","2","5","7","53","51","342","454","573","492","C1858729"
"4846","2","3","5","41","219","75","243","44","64","C1858729"
"3691","2","5","7","53","51","342","454","573","492","C1858729"
"8924","2","3","12","41","116","268","434","468","213","C1858729"
"1144","2","5","8","27","70","99","162","216","290","C1858729"
"207","2","3","7","53","14","20","34","489","416","C1858729"
"2138","2","3","12","19","31","1","426","55","78","C1858729"
"3759","2","5","8","63","36","166","106","110","158","C1858729"
"549","2","3","5","80","81","166","114","155","202","C1858729"
"182","2","5","7","53","51","143","428","236","667","C1858729"
"2812","2","5","7","53","51","342","454","573","492","C1858732"
"8514","2","5","7","34","52","216","395","549","674","C1858732"
"2132","2","3","2","74","58","112","148","193","263","C1858732"
"2332","2","3","2","22","33","71","373","466","609","C1858732"
"2263","2","5","7","53","14","20","25","40","186","C1858854"
"6138","2","3","2","110","85","237","433","547","671","C1858854"
"5824","2","3","5","47","144","185","238","310","392","C1858969"
"1200","2","3","5","80","81","178","226","297","380","C1858969"
"3655","2","5","7","53","51","342","454","573","492","C1858969"
"54453","2","5","7","60","54","24","30","46","72","C1858969"
"8106","2","3","2","22","33","323","66","101","136","C1858970"
"5406","2","3","5","80","81","166","454","76","106","C1858970"
"567","2","5","7","34","52","119","395","549","674","C1858970"
"9049","2","3","3","41","151","276","378","271","356","C1858970"
"5187","2","3","3","19","151","276","91","433","118","C1858970"
"6929","2","3","12","19","31","1","426","55","78","C1858970"
"3356","2","5","4","68","96","326","427","548","672","C1858971"
"11277","2","3","12","19","31","261","116","1","86","C1858971"
"5184","2","3","5","80","81","166","52","105","349","C1858971"
"7490","2","3","3","19","221","321","428","541","667","C1858973"
"9150","2","3","12","19","31","261","116","159","211","C1858973"
"8074","2","5","7","53","14","20","25","40","186","C1858973"
"8425","2","5","7","53","51","342","454","573","492","C1858974"
"2737","2","3","12","19","116","321","428","54","667","C1858974"
"8639","2","3","5","80","81","114","290","367","475","C1858974"
"5443","2","5","4","68","96","326","427","548","672","C1858977"
"26090","2","3","2","80","81","166","397","361","466","C1858977"
"1029","2","3","12","19","31","1","116","1","664","C1858977"
"4358","2","3","5","43","161","305","409","208","482","C1858977"
"5961","2","5","7","27","51","326","126","414","702","C1858980"
"8600","2","5","7","41","219","339","156","568","697","C1858980"
"1373","2","3","8","84","97","167","210","271","536","C1858980"
"2316","2","5","7","53","51","342","454","573","702","C1858980"
"2110","2","3","2","48","170","50","119","444","556","C1858981"
"5155","2","5","7","53","51","342","454","573","186","C1858981"
"3592","2","5","7","53","51","119","25","489","416","C1858981"
"2055","2","3","2","27","36","150","402","223","628","C1858991"
"7290","2","3","12","19","31","1","426","55","78","C1858991"
"175","2","3","7","34","52","216","395","549","674","C1858991"
"4763","2","5","7","60","54","24","30","46","214","C1858991"
"8722","2","3","7","76","153","40","38","54","75","C1858991"
"3045","2","3","12","19","31","118","155","287","116","C1858991"
"6491","2","3","12","76","153","40","38","54","75","C1858995"
"54187","2","3","5","80","81","296","272","452","148","C1858995"
"10483","2","3","7","60","54","24","30","46","72","C1858995"
"5993","2","3","12","19","31","1","426","55","78","C1858995"
"5728","2","3","5","80","81","339","156","568","605","C1858995"
"5832","2","3","2","101","62","189","182","509","252","C1859014"
"59","2","5","8","63","45","23","103","464","187","C1859014"
"617","2","3","2","48","170","50","304","167","593","C1859014"
"3984","2","5","7","53","14","20","34","540","68","C1859014"
"1497","2","5","2","63","182","50","103","297","628","C1859014"
"7153","2","3","12","19","31","261","116","1","86","C1859014"
"1441","2","5","7","53","51","119","25","40","186","C1859014"
"5897","2","3","12","41","116","268","141","568","605","C1859014"
"2253","2","5","7","53","14","20","25","40","186","C1859014"
"54463","2","3","2","48","57","110","141","359","462","C1859047"
"23554","2","5","3","68","221","197","259","518","492","C1859047"
"1959","2","3","3","19","151","276","91","433","118","C1859047"
"4137","2","3","7","27","36","150","341","223","628","C1859077"
"2521","2","3","2","22","33","323","66","101","136","C1859077"
"2671","2","3","2","48","170","50","304","167","593","C1859111"
"57817","2","5","7","34","51","342","350","243","561","C1859111"
"2261","2","5","7","53","14","20","25","40","186","C1859111"
"4541","2","3","2","48","170","50","119","444","24","C1859115"
"2316","2","5","7","53","51","342","454","573","702","C1859115"
"701","2","3","12","76","153","40","38","54","75","C1859115"
"26281","2","5","7","53","14","20","25","40","186","C1859116"
"4353","2","3","7","34","52","216","395","549","674","C1859116"
"940","2","5","7","53","14","20","25","40","186","C1859117"
"29925","2","3","2","68","66","123","158","207","278","C1859117"
"6499","2","3","2","110","85","237","433","547","671","C1859117"
"242","2","3","5","11","142","223","142","220","298","C1859117"
"975","2","5","7","53","51","119","395","549","674","C1859117"
"5251","2","3","5","80","81","296","474","593","722","C1859117"
"4879","2","5","4","68","96","326","427","548","672","C1859117"
"4613","2","3","12","19","31","1","426","55","78","C1859117"
"8924","2","3","12","41","116","268","434","468","213","C1859117"
"950","2","5","7","60","14","184","341","544","669","C1859117"
"860","2","3","12","19","31","276","91","433","118","C1859117"
"4193","2","3","12","19","31","1","116","89","605","C1859117"
"4351","2","3","2","90","167","266","367","500","577","C1859117"
"4087","2","3","12","19","219","339","259","423","605","C1859117"
"10585","2","5","2","27","206","324","430","215","290","C1859117"
"4893","2","5","7","34","52","24","30","46","72","C1859117"
"51119","2","3","2","110","85","237","433","547","671","C1859117"
"9217","2","3","2","50","47","39","100","321","255","C1859117"
"4860","2","3","7","34","52","216","395","549","150","C1859117"
"695","2","5","7","53","14","20","25","40","186","C1859117"
"5002","2","5","8","45","94","199","240","415","666","C1859117"
"7157","2","3","12","19","31","261","402","489","551","C1859117"
"5244","2","3","3","41","151","276","91","433","118","C1859117"
"3931","2","3","5","116","183","295","454","243","327","C1859117"
"5663","2","5","7","34","52","216","395","549","667","C1859117"
"5728","2","3","5","80","81","339","156","568","605","C1859117"
"3423","2","3","5","74","3","342","374","294","590","C1859117"
"10516","2","5","7","53","51","342","454","573","492","C1859117"
"6866","2","5","4","68","96","326","427","548","672","C1859117"
"55612","2","5","7","60","36","71","177","560","701","C1859126"
"54716","2","5","8","45","94","199","240","415","666","C1859126"
"2260","2","5","7","53","14","20","25","40","186","C1859126"
"6309","2","3","5","19","151","76","48","69","204","C1859126"
"29954","2","5","2","27","206","324","430","215","290","C1859126"
"55163","2","3","5","80","81","166","120","161","228","C1859126"
"5144","2","3","4","68","96","326","427","548","672","C1859126"
"3845","2","5","7","60","54","24","30","46","72","C1859126"
"6794","2","3","12","53","14","20","34","540","68","C1859126"
"2332","2","3","2","22","33","71","373","466","609","C1859126"
"5130","2","3","2","85","143","286","51","488","102","C1859126"
"5592","2","5","4","53","14","20","34","540","68","C1859126"
"10269","2","3","2","48","182","50","119","444","556","C1859126"
"2639","2","3","2","71","148","34","160","115","164","C1859126"
"1586","2","3","5","79","98","256","335","425","540","C1859126"
"5885","2","3","12","76","153","40","38","54","75","C1859126"
"23395","2","3","2","110","85","67","76","252","154","C1859126"
"2110","2","3","2","48","170","50","119","444","556","C1859126"
"6331","2","5","8","63","36","166","341","223","158","C1859126"
"2812","2","5","7","53","51","342","454","573","492","C1859126"
"6392","2","3","2","48","170","50","119","444","556","C1859126"
"1001","2","5","7","53","51","335","444","560","373","C1859126"
"3593","2","5","7","53","51","119","25","489","416","C1859126"
"4758","2","3","7","34","52","216","395","549","517","C1859126"
"4763","2","5","7","60","54","24","30","46","214","C1859126"
"255239","2","5","8","67","36","71","177","75","311","C1859126"
"2006","2","5","7","53","51","342","454","573","492","C1859126"
"1462","2","5","7","53","51","342","454","573","492","C1859126"
"760","2","3","5","35","41","77","40","78","178","C1859158"
"7040","2","5","7","53","51","342","454","573","492","C1859158"
"26575","2","5","4","68","96","326","427","548","672","C1859162"
"54205","2","3","2","48","170","50","119","444","556","C1859162"
"7555","2","3","2","110","85","237","433","547","671","C1859178"
"7040","2","5","7","53","51","342","454","573","492","C1859178"
"1513","2","5","7","53","51","342","454","573","492","C1859178"
"23229","2","5","7","60","54","24","30","46","72","C1859235"
"1736","2","3","2","110","85","237","433","547","671","C1859235"
"7132","2","3","12","41","219","339","156","568","697","C1859235"
"22827","2","3","2","22","33","323","66","101","136","C1859236"
"1075","2","5","7","34","52","216","395","549","674","C1859236"
"10806","2","3","12","76","153","40","38","54","75","C1859236"
"5828","2","3","5","43","161","305","409","208","482","C1859236"
"4620","2","5","8","63","45","23","103","464","187","C1859236"
"6855","2","5","7","27","36","150","341","223","628","C1859236"
"23495","2","3","12","41","219","339","156","568","697","C1859236"
"54332","2","3","2","60","170","40","98","66","203","C1859236"
"1855","2","5","12","76","153","197","259","560","422","C1859236"
"4286","2","3","12","19","31","261","116","1","664","C1859236"
"4000","2","3","12","26","105","178","226","297","156","C1859236"
"2492","2","5","4","68","96","326","427","548","672","C1859236"
"26873","2","3","5","83","171","97","237","77","391","C1859236"
"5744","2","5","4","68","96","326","427","548","672","C1859236"
"7840","2","3","12","76","153","40","38","54","75","C1859236"
"54880","2","3","12","19","31","1","426","55","78","C1859236"
"5663","2","5","7","34","52","216","395","549","667","C1859236"
"5896","2","3","12","41","116","268","434","568","605","C1859241"
"3265","2","5","7","60","54","24","30","46","72","C1859241"
"51715","2","5","7","60","54","24","30","46","72","C1859241"
"2138","2","3","12","19","31","1","426","55","78","C1859241"
"3240","2","5","7","34","52","216","395","549","674","C1859273"
"3651","2","3","3","19","221","321","428","541","667","C1859273"
"540","2","5","8","63","45","23","103","464","187","C1859273"
"2798","2","5","4","68","96","326","427","548","672","C1859305"
"2512","2","3","7","34","52","216","395","544","358","C1859305"
"2301","2","5","6","11","142","225","142","220","673","C1859309"
"10019","2","5","7","53","14","20","25","40","116","C1859309"
"8659","2","3","2","67","103","177","225","295","378","C1859312"
"23522","2","3","12","19","31","1","426","55","78","C1859312"
"4982","2","5","12","41","219","339","156","568","697","C1859312"
"54209","2","5","7","53","51","119","395","549","674","C1859312"
"4041","2","5","3","68","221","197","259","560","422","C1859317"
"224","2","3","5","50","47","39","202","19","233","C1859317"
"3617","2","5","7","86","221","321","454","311","518","C1859317"
"397","2","5","7","60","54","24","30","46","72","C1859335"
"11311","2","3","12","19","31","118","155","287","116","C1859335"
"2290","2","3","3","19","221","321","428","541","667","C1859347"
"8625","2","3","12","19","31","276","91","236","118","C1859347"
"9939","2","3","2","22","33","323","66","101","136","C1859347"
"4627","2","5","7","63","45","184","103","572","658","C1859353"
"3954","2","3","2","48","170","67","119","444","593","C1859353"
"177","2","5","7","53","51","339","156","568","697","C1859391"
"472","2","3","12","19","31","261","116","1","86","C1859391"
"1978","2","3","2","48","57","110","141","359","462","C1859392"
"1958","2","3","12","19","31","276","91","433","116","C1859392"
"2077","2","3","12","76","153","40","38","54","75","C1859392"
"4792","2","3","12","41","219","339","156","568","605","C1859392"
"6792","2","5","7","53","14","20","34","540","68","C1859392"
"658","2","5","7","53","51","342","259","423","389","C1859399"
"10060","2","3","8","41","45","23","423","464","445","C1859399"
"3115","2","5","7","53","184","119","156","287","116","C1859399"
"3868","2","1","6","11","142","225","142","220","298","C1859399"
"338","2","5","7","53","51","342","454","573","492","C1859399"
"3070","2","3","12","76","31","1","426","55","78","C1859399"
"2796","2","5","4","68","96","326","427","548","672","C1859399"
"2260","2","5","7","53","14","20","25","40","186","C1859399"
"54187","2","3","5","80","81","296","272","452","148","C1859399"
"1027","2","3","12","19","31","1","116","1","86","C1859399"
"1758","2","5","7","53","51","342","454","573","492","C1859399"
"2562","2","5","8","27","70","99","162","216","290","C1859399"
"1311","2","5","7","53","51","342","454","573","492","C1859399"
"9049","2","3","3","41","151","276","378","271","356","C1859424"
"1028","2","3","12","19","31","1","116","1","86","C1859424"
"9241","2","5","7","53","51","342","259","423","389","C1859424"
"9031","2","3","12","19","31","1","426","55","78","C1859424"
"3350","2","5","4","68","96","326","427","548","672","C1859424"
"701","2","3","12","76","153","40","38","54","75","C1859424"
"5178","2","5","7","27","36","150","341","223","628","C1859424"
"5308","2","3","3","19","221","321","428","541","667","C1859424"
"5573","2","3","12","19","184","118","155","287","116","C1859424"
"54903","2","3","12","76","153","40","38","54","75","C1859424"
"1636","2","3","5","80","81","166","397","418","568","C1859424"
"8929","2","3","3","19","221","321","428","541","667","C1859424"
"6935","2","3","3","19","221","321","428","541","667","C1859424"
"7480","2","5","3","68","221","197","259","560","422","C1859424"
"5444","2","3","5","80","147","236","328","411","229","C1859424"
"1278","2","5","7","53","51","342","454","573","492","C1859424"
"5727","2","3","12","68","221","197","259","560","422","C1859424"
"2260","2","5","7","53","14","20","25","40","186","C1859424"
"5077","2","3","3","19","221","321","428","541","667","C1859424"
"55005","2","3","2","68","96","326","427","429","544","C1859424"
"5925","2","3","12","19","31","1","426","55","78","C1859424"
"23630","2","5","8","63","36","166","106","110","158","C1859424"
"10479","2","5","7","27","36","150","341","223","628","C1859424"
"7173","2","3","5","36","48","89","110","400","400","C1859424"
"411","2","3","7","34","52","216","395","549","674","C1859424"
"2100","2","3","3","19","151","276","91","433","118","C1859424"
"7258","2","3","12","19","36","1","426","55","78","C1859424"
"2316","2","5","7","53","51","342","454","573","702","C1859442"
"5605","2","5","7","53","14","20","34","540","68","C1859442"
"1824","2","1","6","11","142","225","142","220","298","C1859443"
"50964","2","5","3","68","221","197","259","423","422","C1859443"
"5156","2","5","7","53","14","20","25","40","186","C1859447"
"10585","2","5","2","27","206","324","430","215","290","C1859447"
"9719","2","5","7","53","51","342","454","573","492","C1859447"
"673","2","5","7","53","14","20","34","540","68","C1859447"
"3081","2","3","2","91","51","3","267","308","429","C1859447"
"2260","2","5","7","53","14","20","25","40","186","C1859447"
"2316","2","5","7","53","51","342","454","573","702","C1859447"
"6223","2","3","2","110","85","237","433","547","671","C1859447"
"5873","2","5","7","34","54","24","30","46","72","C1859447"
"229","2","3","2","90","167","266","367","500","577","C1859447"
"5184","2","3","5","80","81","166","52","105","349","C1859447"
"25914","2","3","12","41","116","339","409","359","187","C1859455"
"2896","2","5","7","34","52","216","395","549","674","C1859455"
"8626","2","3","3","19","221","321","428","541","667","C1859455"
"23545","2","3","5","29","88","132","85","222","346","C1859461"
"1200","2","3","5","80","81","178","226","297","380","C1859461"
"5075","2","3","3","19","221","321","428","541","667","C1859461"
"27125","2","3","12","19","31","261","116","159","211","C1859461"
"23095","2","3","7","76","153","40","38","54","75","C1859461"
"4548","2","3","2","15","85","105","139","186","245","C1859461"
"9966","2","5","12","41","219","339","156","568","697","C1859461"
"27125","2","3","12","19","31","261","116","159","211","C1859461"
"23562","2","5","6","42","36","71","177","64","219","C1859461"
"1969","2","5","7","53","14","20","25","560","186","C1859461"
"10585","2","5","2","27","206","324","430","215","290","C1859461"
"7850","2","3","12","41","219","119","156","568","697","C1859461"
"6648","2","3","2","95","151","160","378","173","229","C1859461"
"30008","2","5","7","53","51","342","454","573","492","C1859461"
"29954","2","5","2","27","206","324","430","215","290","C1859461"
"5351","2","5","7","53","51","342","454","573","492","C1859461"
"25915","2","3","2","48","170","50","119","444","556","C1859461"
"54209","2","5","7","53","51","119","395","549","674","C1859461"
"1284","2","5","7","53","51","342","454","573","492","C1859461"
"368","2","3","12","41","116","268","423","536","445","C1859461"
"2245","2","5","7","60","54","24","30","46","72","C1859480"
"3753","2","5","8","63","36","166","341","223","158","C1859480"
"10269","2","3","2","48","182","50","119","444","556","C1859480"
"10599","2","3","8","35","41","77","40","57","80","C1859480"
"1184","2","5","8","63","45","23","34","464","187","C1859480"
"860","2","3","12","19","31","276","91","433","118","C1859480"
"27086","2","3","12","19","221","321","428","541","667","C1859480"
"7472","2","5","3","68","221","197","259","560","422","C1859480"
"4010","2","3","3","19","221","321","428","541","667","C1859480"
"6440","2","5","5","68","96","185","238","310","272","C1859480"
"7450","2","5","7","53","51","342","454","573","492","C1859480"
"554","2","5","4","68","96","326","427","548","672","C1859480"
"1759","2","5","7","60","14","184","341","544","669","C1859480"
"26278","2","3","12","41","116","268","347","271","356","C1859480"
"1583","2","3","5","79","152","273","375","100","589","C1859480"
"3845","2","5","7","60","54","24","30","46","72","C1859481"
"1235","2","5","4","68","96","326","427","548","672","C1859481"
"54806","2","5","7","76","153","40","38","54","75","C1859481"
"358","2","3","5","80","81","166","397","374","486","C1859516"
"3630","2","5","7","53","14","20","25","40","186","C1859516"
"3273","2","5","7","53","51","342","454","573","702","C1859520"
"1134","2","5","8","27","70","99","162","216","290","C1859520"
"22931","2","5","7","34","54","24","30","46","72","C1859520"
"6469","2","5","3","53","221","197","259","560","422","C1859520"
"1432","2","3","7","34","52","216","34","540","68","C1859520"
"3439","2","3","12","19","184","118","155","287","116","C1859520"
"3265","2","5","7","60","54","24","30","46","72","C1859523"
"5468","2","3","3","19","151","276","91","433","118","C1859523"
"55636","2","3","3","19","221","321","428","423","389","C1859523"
"2697","2","3","7","76","153","40","38","54","75","C1859523"
"3426","2","5","7","53","51","119","395","549","674","C1859523"
"5155","2","5","7","53","51","342","454","573","186","C1859523"
"2271","2","3","5","80","81","166","170","226","305","C1859541"
"5130","2","3","2","85","143","286","51","488","102","C1859541"
"51360","2","3","3","26","35","276","91","433","203","C1859541"
"1967","2","3","2","110","85","237","433","547","671","C1859541"
"4286","2","3","12","19","31","261","116","1","664","C1859541"
"5897","2","3","12","41","116","268","141","568","605","C1859541"
"9469","2","3","2","103","189","303","29","475","467","C1859541"
"2122","2","3","12","19","31","1","426","55","78","C1859541"
"3265","2","5","7","60","54","24","30","46","72","C1859541"
"10483","2","3","7","60","54","24","30","46","72","C1859541"
"4830","2","3","2","72","109","182","235","307","506","C1859541"
"8910","2","5","8","63","45","23","103","464","187","C1859541"
"9409","2","3","5","43","161","305","409","208","482","C1859541"
"1832","2","5","7","34","52","225","142","220","298","C1859541"
"7473","2","5","3","68","221","197","259","560","422","C1859541"
"2187","2","3","12","19","31","261","116","1","86","C1859541"
"11167","2","5","7","53","51","342","454","573","492","C1859598"
"4629","2","5","8","63","45","23","103","464","187","C1859598"
"4688","2","5","7","60","14","20","25","40","215","C1859606"
"6326","2","5","8","63","36","166","341","390","158","C1859606"
"10262","2","3","2","22","33","323","66","101","136","C1859606"
"8289","2","3","12","19","31","1","426","55","78","C1859606"
"2218","2","5","2","53","123","194","255","560","373","C1859606"
"5376","2","5","7","53","51","342","454","573","492","C1859606"
"8600","2","5","7","41","219","339","156","568","697","C1859606"
"6337","2","5","8","63","45","23","34","464","187","C1859648"
"51083","2","5","4","68","96","326","427","548","672","C1859648"
"3674","2","5","7","53","51","342","454","573","492","C1859680"
"23512","2","3","12","19","31","1","426","55","78","C1859680"
"6218","2","3","2","110","85","237","433","547","671","C1859680"
"1513","2","5","7","53","51","342","454","573","492","C1859680"
"23384","2","3","12","63","45","184","103","572","658","C1859680"
"8139","2","3","12","41","116","268","434","468","213","C1859680"
"9215","2","5","2","27","36","150","430","215","628","C1859680"
"9927","2","3","12","19","31","118","155","287","116","C1859682"
"152926","2","3","2","67","92","293","55","75","311","C1859682"
"1281","2","5","7","53","51","342","454","573","492","C1859682"
"54361","2","5","3","68","221","197","259","560","422","C1859682"
"1487","2","3","12","19","31","1","426","55","340","C1859682"
"2879","2","3","5","80","81","166","378","173","229","C1859682"
"7139","2","5","8","63","45","23","103","464","187","C1859697"
"4683","2","3","12","19","31","261","116","1","86","C1859697"
"5192","2","3","5","43","161","305","409","208","482","C1859698"
"23479","2","3","2","48","170","50","119","100","556","C1859698"
"1663","2","3","12","76","105","178","226","297","380","C1859698"
"4221","2","3","12","19","31","342","454","573","492","C1859698"
"26137","2","5","7","63","45","184","103","572","658","C1859698"
"4539","2","3","2","53","184","86","107","560","195","C1859717"
"2944","2","3","5","91","175","271","372","471","586","C1859717"
"547","2","3","7","76","153","40","38","54","75","C1859717"
"55505","2","3","2","110","85","237","433","547","671","C1859717"
"3930","2","3","2","22","33","323","66","3","464","C1859717"
"163786","2","3","12","76","153","40","38","54","75","C1859717"
"3162","2","3","5","53","51","119","402","489","416","C1859717"
"2260","2","5","7","53","14","20","25","40","186","C1859717"
"5824","2","3","5","47","144","185","238","310","392","C1859717"
"9469","2","3","2","103","189","303","29","475","467","C1859717"
"3339","2","5","7","53","51","342","454","573","492","C1859717"
"7852","2","5","4","68","96","326","427","548","672","C1859722"
"4053","2","5","7","53","51","342","454","573","492","C1859722"
"760","2","3","5","35","41","77","40","78","178","C1859727"
"55636","2","3","3","19","221","321","428","423","389","C1859727"
"9782","2","3","2","22","33","323","66","101","136","C1859735"
"4099","2","5","7","27","51","150","444","223","628","C1859735"
"4088","2","3","12","19","219","339","259","423","605","C1859735"
"6342","2","3","5","80","161","305","409","208","482","C1859736"
"2778","2","5","4","68","96","326","427","548","672","C1859736"
"6690","2","5","7","68","51","119","395","549","674","C1859768"
"10269","2","3","2","48","182","50","119","444","556","C1859768"
"2178","2","3","12","19","31","261","116","1","86","C1859775"
"54756","2","5","7","41","219","238","118","543","214","C1859775"
"3077","2","5","7","53","51","119","395","549","674","C1859775"
"11128","2","3","2","22","33","261","116","159","211","C1859775"
"5897","2","3","12","41","116","268","141","568","605","C1859775"
"2316","2","5","7","53","51","342","454","573","702","C1859775"
"1804","2","5","7","27","36","150","341","223","628","C1859775"
"23522","2","3","12","19","31","1","426","55","78","C1859775"
"1302","2","5","7","53","51","342","454","573","492","C1859775"
"54941","2","3","12","41","116","268","434","468","213","C1859775"
"2263","2","5","7","53","14","20","25","40","186","C1859775"
"415","2","3","5","105","155","250","291","152","420","C1859775"
"8322","2","5","3","68","221","184","259","544","669","C1859775"
"2261","2","5","7","53","14","20","25","40","186","C1859828"
"9949","2","3","2","22","33","225","142","220","298","C1859828"
"6197","2","3","12","19","14","20","34","540","68","C1859846"
"3691","2","5","7","53","51","342","454","573","492","C1859846"
"25959","2","3","3","19","151","276","91","433","118","C1859846"
"5618","2","5","7","53","51","119","25","40","186","C1859860"
"6775","2","5","7","53","14","119","25","40","186","C1859860"
"3265","2","5","7","60","54","24","30","46","72","C1859860"
"1340","2","3","2","48","170","50","141","359","462","C1859860"
"3516","2","3","12","19","31","143","428","236","667","C1859896"
"472","2","3","12","19","31","261","116","1","86","C1859896"
"2697","2","3","7","76","153","40","38","54","75","C1859896"
"6900","2","5","7","53","51","342","454","223","373","C1859896"
"1019","2","3","12","19","31","1","116","1","86","C1859896"
"22954","2","3","12","41","116","268","434","468","213","C1859896"
"3291","2","3","2","69","83","101","94","133","318","C1859896"
"9241","2","5","7","53","51","342","259","423","389","C1859896"
"7140","2","5","8","63","45","23","103","464","187","C1859896"
"207","2","3","7","53","14","20","34","489","416","C1859896"
"54756","2","5","7","41","219","238","118","543","214","C1859896"
"23384","2","3","12","63","45","184","103","572","658","C1859896"
"547","2","3","7","76","153","40","38","54","75","C1859896"
"51684","2","3","12","41","116","268","38","54","75","C1859896"
"6908","2","3","12","19","31","1","116","159","211","C1859896"
"9451","2","3","2","110","51","335","226","297","380","C1859896"
"5092","2","3","5","80","81","166","236","308","390","C1859896"
"355","2","3","7","41","219","339","156","568","697","C1859896"
"2218","2","5","2","53","123","194","255","560","373","C1859923"
"3592","2","5","7","53","51","119","25","489","416","C1859923"
"84976","2","3","12","19","124","238","428","236","667","C1859923"
"8200","2","5","7","53","51","342","259","423","389","C1859966"
"10144","2","5","7","60","54","24","30","46","72","C1859966"
"4867","2","5","7","76","153","40","38","54","75","C1859966"
"695","2","5","7","53","14","20","25","40","186","C1859974"
"3800","2","5","7","27","36","150","341","223","628","C1859974"
"9562","2","3","5","80","81","296","248","317","405","C1859974"
"6262","2","5","8","63","45","23","34","464","187","C1859974"
"2316","2","5","7","53","51","342","454","573","702","C1859974"
"10269","2","3","2","48","182","50","119","444","556","C1859979"
"2581","2","3","5","80","81","250","291","152","420","C1859979"
"440","2","3","2","101","62","189","182","509","154","C1859980"
"3914","2","5","7","53","51","342","454","573","492","C1859980"
"2619","2","5","3","53","221","197","259","560","422","C1859980"
"5443","2","5","4","68","96","326","427","548","672","C1859980"
"10459","2","3","12","76","31","261","116","1","86","C1859980"
"25885","2","3","12","19","31","1","426","55","78","C1859980"
"8216","2","3","12","41","119","330","214","454","144","C1859980"
"6341","2","3","2","48","170","50","119","444","556","C1859980"
"6833","2","5","8","45","36","166","240","415","666","C1859980"
"23522","2","3","12","19","31","1","426","55","78","C1860050"
"10479","2","5","7","27","36","150","341","223","628","C1860050"
"55651","2","3","2","110","85","237","433","547","671","C1860050"
"2040","2","5","7","34","52","216","395","549","674","C1860050"
"8905","2","5","7","60","153","184","341","544","669","C1860050"
"1893","2","5","7","53","51","342","454","573","702","C1860050"
"6492","2","3","3","19","151","276","91","433","118","C1860050"
"7140","2","5","8","63","45","23","103","464","187","C1860069"
"7053","2","3","6","11","142","225","142","220","298","C1860069"
"1584","2","3","5","79","159","256","276","353","456","C1860069"
"5073","2","3","2","110","85","323","433","146","194","C1860069"
"604","2","3","12","19","151","276","91","489","416","C1860099"
"3559","2","5","7","53","14","20","25","40","186","C1860099"
"8139","2","3","12","41","116","268","434","468","213","C1860099"
"5728","2","3","5","80","81","339","156","568","605","C1860105"
"3814","2","5","4","68","96","326","427","548","672","C1860105"
"5327","2","5","7","53","51","342","454","573","492","C1860105"
"3514","2","5","7","53","51","119","395","549","674","C1860105"
"54808","2","3","12","76","153","40","38","54","75","C1860107"
"26160","2","3","12","76","153","40","38","54","75","C1860107"
"1401","2","5","7","53","51","119","395","573","492","C1860107"
"8985","2","5","7","53","51","342","454","573","492","C1860121"
"4041","2","5","3","68","221","197","259","560","422","C1860121"
"10161","2","5","4","68","96","326","427","548","672","C1860121"
"5194","2","3","5","43","161","305","409","208","482","C1860121"
"9569","2","3","12","19","31","276","91","433","118","C1860121"
"10806","2","3","12","76","153","40","38","54","75","C1860121"
"1828","2","5","7","34","52","216","142","220","298","C1860121"
"6341","2","3","2","48","170","50","119","444","556","C1860121"
"3482","2","5","7","34","52","216","395","544","669","C1860121"
"4513","2","3","2","48","170","110","141","359","532","C1860121"
"10686","2","5","6","42","36","71","177","64","219","C1860121"
"3640","2","5","4","68","96","326","427","548","672","C1860121"
"9031","2","3","12","19","31","1","426","55","78","C1860121"
"94","2","5","7","53","51","342","259","423","389","C1860121"
"728","2","5","4","34","96","326","427","548","672","C1860121"
"114548","2","3","12","41","219","339","156","568","697","C1860121"
"9663","2","3","5","80","81","296","51","488","102","C1860121"
"217","2","3","5","75","120","200","75","230","309","C1860121"
"4780","2","3","12","19","31","276","91","433","118","C1860121"
"1649","2","3","12","19","31","276","91","433","118","C1860121"
"3586","2","5","7","53","51","119","25","489","416","C1860121"
"659","2","5","7","53","14","20","259","423","389","C1860121"
"7084","2","3","2","72","109","115","62","268","353","C1860121"
"6535","2","5","8","45","94","199","240","415","666","C1860121"
"26610","2","3","12","19","31","1","426","55","78","C1860121"
"51025","2","3","2","48","170","50","304","167","593","C1860121"
"51626","2","3","12","76","153","40","38","54","75","C1860121"
"23411","2","3","12","19","31","1","91","433","118","C1860121"
"51592","2","3","12","19","31","1","259","423","389","C1860127"
"3845","2","5","7","60","54","24","30","46","72","C1860127"
"5830","2","3","5","43","161","305","409","208","482","C1860127"
"10758","2","3","12","41","219","339","156","568","697","C1860127"
"51128","2","5","7","60","153","24","38","46","72","C1860127"
"9573","2","5","7","53","51","342","259","423","389","C1860127"
"9401","2","3","12","76","31","261","116","1","86","C1860127"
"3117","2","5","7","53","153","119","156","287","116","C1860127"
"9871","2","3","7","60","153","40","38","54","203","C1860127"
"10161","2","5","4","68","96","326","427","548","672","C1860127"
"673","2","5","7","53","14","20","34","540","68","C1860127"
"2131","2","3","2","74","58","112","148","181","416","C1860127"
"1674","2","5","8","63","45","23","103","464","187","C1860127"
"3209","2","3","3","19","221","321","428","541","667","C1860127"
"4519","2","3","2","48","170","50","119","508","312","C1860128"
"11322","2","5","7","34","52","216","395","549","674","C1860128"
"10659","2","3","2","22","33","323","66","101","136","C1860130"
"50939","2","3","12","76","153","40","38","472","435","C1860130"
"5159","2","5","7","53","14","20","25","40","186","C1860164"
"7840","2","3","12","76","153","40","38","54","75","C1860164"
"2641","2","5","4","68","96","326","427","548","672","C1860164"
"7274","2","3","5","43","161","99","162","216","290","C1860176"
"4914","2","3","2","22","18","266","202","252","252","C1860176"
"5307","2","3","3","19","221","321","428","541","667","C1860182"
"440854","2","5","7","53","51","342","454","573","492","C1860182"
"7039","2","3","12","19","31","1","426","55","203","C1860182"
"3239","2","3","3","19","221","321","428","541","667","C1860202"
"4791","2","3","12","41","219","339","156","568","697","C1860202"
"5159","2","5","7","53","14","20","25","40","186","C1860236"
"4352","2","5","7","53","14","20","25","40","186","C1860236"
"5297","2","3","2","11","54","225","181","441","555","C1860236"
"1896","2","5","12","41","219","339","156","568","697","C1860236"
"25836","2","3","12","76","153","40","38","54","75","C1860236"
"5925","2","3","12","19","31","1","426","55","78","C1860236"
"26191","2","5","7","53","14","20","25","40","186","C1860236"
"2778","2","5","4","68","96","326","427","548","672","C1860236"
"767","2","3","5","35","41","87","93","149","196","C1860236"
"23230","2","5","7","11","142","71","341","560","219","C1860236"
"8425","2","5","7","53","51","342","454","573","492","C1860236"
"5859","2","3","2","110","85","237","433","547","154","C1860236"
"4509","2","3","2","48","170","50","119","444","556","C1860236"
"5657","2","5","7","34","52","216","395","549","674","C1860236"
"23322","2","3","12","76","153","40","38","54","75","C1860236"
"2697","2","3","7","76","153","40","38","54","75","C1860236"
"1131","2","5","4","68","96","326","427","548","672","C1860236"
"51715","2","5","7","60","54","24","30","46","72","C1860236"
"3032","2","3","2","48","57","38","347","12","145","C1860236"
"6016","2","5","7","60","54","24","30","46","72","C1860236"
"5339","2","5","7","53","51","342","454","573","492","C1860236"
"6833","2","5","8","45","36","166","240","415","666","C1860236"
"2492","2","5","4","68","96","326","427","548","672","C1860236"
"9968","2","4","3","24","119","330","214","454","144","C1860236"
"58484","2","3","12","41","219","339","156","568","697","C1860236"
"8540","2","3","5","43","161","305","409","208","482","C1860236"
"3351","2","5","4","68","96","326","427","548","672","C1860236"
"3265","2","5","7","60","54","24","30","46","72","C1860236"
"150684","2","3","12","41","116","268","434","468","213","C1860236"
"54361","2","5","3","68","221","197","259","560","422","C1860236"
"6657","2","3","12","19","221","321","428","541","667","C1860236"
"8322","2","5","3","68","221","184","259","544","669","C1860236"
"4318","2","5","7","34","52","216","395","573","492","C1860236"
"629","2","5","7","53","51","119","395","549","674","C1860243"
"1785","2","5","7","60","14","184","341","544","669","C1860243"
"25913","2","3","12","19","31","261","116","1","78","C1860243"
"2627","2","3","12","19","31","118","155","287","116","C1860243"
"1292","2","5","7","53","51","342","454","573","492","C1860243"
"1837","2","5","8","63","45","23","103","464","187","C1860244"
"4762","2","3","12","19","221","276","91","433","118","C1860244"
"3569","2","5","7","53","51","342","454","573","416","C1860244"
"2623","2","3","12","19","31","1","155","287","116","C1860244"
"10225","2","5","7","53","51","119","395","549","674","C1860244"
"7841","2","3","2","41","116","178","423","536","445","C1860244"
"2099","2","3","12","19","151","276","91","433","118","C1860245"
"5189","2","3","5","43","161","305","409","208","482","C1860245"
"55690","2","3","2","48","57","110","141","359","462","C1860245"
"3458","2","5","7","53","184","119","156","287","116","C1860245"
"26047","2","5","7","27","36","335","341","223","373","C1860245"
"6390","2","3","2","48","170","50","119","444","556","C1860247"
"26580","2","5","8","27","70","99","162","216","290","C1860247"
"1188","2","5","8","63","45","23","34","464","187","C1860247"
"7415","2","3","7","34","52","216","395","536","445","C1860247"
"54757","2","5","7","53","51","342","454","573","492","C1860247"
"4359","2","5","7","53","51","342","454","573","492","C1860247"
"3786","2","5","8","63","36","166","106","110","158","C1860247"
"11136","2","3","5","80","94","199","240","415","666","C1860253"
"3984","2","5","7","53","14","20","34","540","68","C1860253"
"2332","2","3","2","22","33","71","373","466","609","C1860253"
"8626","2","3","3","19","221","321","428","541","667","C1860253"
"55636","2","3","3","19","221","321","428","423","389","C1860253"
"6335","2","5","8","63","36","166","341","390","158","C1860253"
"1537","2","3","2","48","170","50","304","167","593","C1860253"
"22931","2","5","7","34","54","24","30","46","72","C1860335"
"10804","2","3","12","76","153","40","38","54","75","C1860335"
"9187","2","5","8","45","94","199","240","415","666","C1860335"
"6261","2","5","8","63","45","23","34","464","187","C1860335"
"6997","2","5","3","53","221","321","259","423","389","C1860335"
"2245","2","5","7","60","54","24","30","46","72","C1860344"
"847","2","3","7","34","52","216","395","549","674","C1860344"
"355","2","3","7","41","219","339","156","568","697","C1860344"
"25828","2","3","2","80","81","110","378","173","229","C1860344"
"11020","2","5","7","60","54","24","30","46","72","C1860394"
"9401","2","3","12","76","31","261","116","1","86","C1860394"
"127534","2","3","12","76","153","40","38","54","75","C1860394"
"6911","2","5","6","19","142","335","259","560","373","C1860394"
"51592","2","3","12","19","31","1","259","423","389","C1860450"
"8289","2","3","12","19","31","1","426","55","78","C1860450"
"7140","2","5","8","63","45","23","103","464","187","C1860450"
"3664","2","5","7","53","184","119","156","287","116","C1860450"
"2617","2","3","2","110","85","237","433","252","154","C1860450"
"3815","2","5","7","53","14","20","25","40","186","C1860450"
"27010","2","3","2","72","196","95","115","158","322","C1860450"
"26353","2","3","12","76","45","160","347","271","356","C1860450"
"23400","2","5","8","63","45","23","103","464","187","C1860475"
"5728","2","3","5","80","81","339","156","568","605","C1860475"
"242","2","3","5","11","142","223","142","220","298","C1860475"
"8643","2","5","3","68","221","197","259","560","422","C1860475"
"5317","2","5","7","34","52","216","142","220","298","C1860475"
"183","2","5","4","68","96","326","427","548","672","C1860475"
"9095","2","5","7","53","51","335","444","560","373","C1860475"
"2200","2","5","7","53","51","342","454","573","492","C1860475"
"2131","2","3","2","74","58","112","148","181","416","C1860475"
"9254","2","5","8","63","36","166","341","223","158","C1860475"
"5189","2","3","5","43","161","305","409","208","482","C1860475"
"2316","2","5","7","53","51","342","454","573","702","C1860475"
"5922","2","5","7","60","54","24","30","46","72","C1860475"
"6866","2","5","4","68","96","326","427","548","672","C1860475"
"627","2","5","7","53","51","335","444","423","373","C1860475"
"23111","2","3","12","41","219","339","156","568","697","C1860488"
"10815","2","5","7","60","36","71","341","223","666","C1860488"
"3630","2","5","7","53","14","20","25","40","186","C1860488"
"488","2","5","8","63","45","23","103","464","187","C1860493"
"51119","2","3","2","110","85","237","433","547","671","C1860493"
"53834","2","5","7","53","51","342","454","573","492","C1860493"
"50939","2","3","12","76","153","40","38","472","435","C1860493"
"6635","2","3","2","22","33","323","66","101","136","C1860493"
"9049","2","3","3","41","151","276","378","271","356","C1860493"
"4040","2","5","3","68","221","197","259","560","422","C1860493"
"3977","2","5","7","53","51","119","25","40","416","C1860493"
"2178","2","3","12","19","31","261","116","1","86","C1860493"
"5244","2","3","3","41","151","276","91","433","118","C1860493"
"51204","2","3","2","48","170","50","119","444","556","C1860493"
"3284","2","3","2","69","98","169","299","183","243","C1860493"
"3586","2","5","7","53","51","119","25","489","416","C1860493"
"4312","2","5","7","53","51","342","454","573","492","C1860493"
"27031","2","3","6","11","142","225","38","331","506","C1860493"
"5594","2","5","7","34","14","20","34","540","274","C1860493"
"6833","2","5","8","45","36","166","240","415","666","C1860493"
"6926","2","5","7","53","51","335","259","560","373","C1860493"
"23230","2","5","7","11","142","71","341","560","219","C1860493"
"10319","2","5","7","53","51","342","454","573","492","C1860607"
"6495","2","3","3","19","221","321","428","541","667","C1860607"
"1674","2","5","8","63","45","23","103","464","187","C1860608"
"51360","2","3","3","26","35","276","91","433","203","C1860608"
"51025","2","3","2","48","170","50","304","167","593","C1860608"
"836","2","3","12","41","219","339","402","489","697","C1860608"
"3592","2","5","7","53","51","119","25","489","416","C1860614"
"57105","2","5","4","68","96","326","427","548","672","C1860614"
"54982","2","3","2","48","170","50","399","167","593","C1860614"
"8600","2","5","7","41","219","339","156","568","697","C1860614"
"3239","2","3","3","19","221","321","428","541","667","C1860614"
"1290","2","5","7","53","51","342","454","573","492","C1860614"
"2652","2","5","4","68","96","326","427","548","672","C1860614"
"2260","2","5","7","53","14","20","25","40","186","C1860614"
"274","2","5","7","60","14","184","341","544","669","C1860614"
"9083","2","3","12","41","116","268","434","468","462","C1860614"
"6709","2","5","7","34","52","216","395","572","158","C1860614"
"2073","2","3","12","19","31","261","116","1","86","C1860614"
"7274","2","3","5","43","161","99","162","216","290","C1860614"
"3425","2","3","5","80","81","166","454","573","492","C1860614"
"3091","2","3","12","41","116","276","91","433","605","C1860614"
"2071","2","3","12","19","31","261","116","159","211","C1860614"
"54551","2","3","12","41","219","197","156","568","422","C1860614"
"925","2","5","7","53","51","119","395","549","674","C1860614"
"5660","2","5","7","34","52","326","427","548","702","C1860614"
"10243","2","3","2","27","91","71","204","267","352","C1860614"
"9627","2","3","12","19","31","1","426","55","78","C1860614"
"23545","2","3","5","29","88","132","85","222","346","C1860614"
"10280","2","3","2","110","85","52","57","86","119","C1860614"
"10908","2","3","2","97","173","275","377","473","592","C1860614"
"641","2","3","12","19","31","261","116","1","86","C1860707"
"4921","2","5","7","53","14","20","25","573","186","C1860707"
"695","2","5","7","53","14","20","25","40","186","C1860710"
"4313","2","5","7","53","51","342","454","573","492","C1860710"
"1312","2","3","2","87","79","105","426","129","25","C1860711"
"1954","2","5","7","53","51","342","454","573","492","C1860711"
"4000","2","3","12","26","105","178","226","297","156","C1860711"
"6663","2","3","3","19","221","321","428","541","667","C1860789"
"2260","2","5","7","53","14","20","25","40","186","C1860789"
"3032","2","3","2","48","57","38","347","12","145","C1860789"
"3930","2","3","2","22","33","323","66","3","464","C1860789"
"54820","2","3","12","76","153","40","38","54","75","C1860789"
"6341","2","3","2","48","170","50","119","444","556","C1860789"
"2165","2","5","7","53","51","342","454","573","492","C1860789"
"8813","2","3","2","48","116","142","136","280","363","C1860789"
"356","2","5","7","53","219","339","25","489","697","C1860796"
"4869","2","3","12","110","85","237","433","547","664","C1860796"
"2259","2","5","8","63","36","166","341","223","158","C1860796"
"1440","2","5","7","53","51","119","25","489","416","C1860796"
"2146","2","3","12","19","31","1","426","55","78","C1860796"
"55572","2","3","2","48","170","50","119","444","556","C1860816"
"5932","2","3","12","19","31","261","116","1","86","C1860816"
"1399","2","5","7","53","14","20","25","40","186","C1860816"
"538","2","3","8","63","45","23","103","464","187","C1860816"
"658","2","5","7","53","51","342","259","423","389","C1860816"
"186","2","5","4","68","96","326","427","548","672","C1860816"
"2778","2","5","4","68","96","326","427","548","672","C1860816"
"54487","2","3","2","22","33","323","66","101","136","C1860816"
"7518","2","3","12","19","31","261","116","1","86","C1860816"
"5244","2","3","3","41","151","276","91","433","118","C1860816"
"23729","2","3","2","90","167","148","36","51","383","C1860816"
"1545","2","3","5","91","175","271","372","443","558","C1860816"
"7422","2","5","7","53","51","342","454","573","702","C1860816"
"10211","2","5","7","48","45","110","103","223","219","C1860816"
"3560","2","5","7","53","14","20","25","40","186","C1860816"
"6261","2","5","8","63","45","23","34","464","187","C1860816"
"8451","2","3","12","41","116","268","434","468","213","C1860816"
"6662","2","3","3","19","221","321","428","541","667","C1860816"
"6915","2","5","4","68","96","326","427","548","672","C1860816"
"10743","2","3","3","19","151","276","91","433","118","C1860825"
"4137","2","3","7","27","36","150","341","223","628","C1860825"
"7415","2","3","7","34","52","216","395","536","445","C1860828"
"410","2","3","7","34","52","216","395","549","674","C1860828"
"4540","2","3","2","48","170","50","119","444","556","C1860834"
"6311","2","3","2","22","33","323","66","362","468","C1860834"
"224","2","3","5","50","47","39","202","19","233","C1860834"
"6335","2","5","8","63","36","166","341","390","158","C1860834"
"6338","2","5","8","63","45","23","34","464","187","C1860834"
"7169","2","5","8","63","45","23","103","464","187","C1860834"
"8518","2","3","12","19","31","1","426","55","78","C1860834"
"9569","2","3","12","19","31","276","91","433","118","C1860834"
"2218","2","5","2","53","123","194","255","560","373","C1860834"
"54765","2","3","12","48","182","50","119","444","556","C1860834"
"51816","2","5","7","34","52","216","395","549","674","C1860834"
"4920","2","5","7","53","14","20","259","560","373","C1860834"
"23545","2","3","5","29","88","132","85","222","346","C1861063"
"1161","2","3","12","41","116","268","434","468","213","C1861063"
"6532","2","5","8","45","94","199","240","415","666","C1861063"
"585","2","3","12","76","153","40","38","54","75","C1861063"
"7124","2","3","12","41","219","339","156","568","697","C1861063"
"2260","2","5","7","53","14","20","25","40","186","C1861063"
"326","2","3","12","19","31","261","377","370","269","C1861063"
"84876","2","5","8","63","45","23","103","464","187","C1861063"
"2132","2","3","2","74","58","112","148","193","263","C1861063"
"3561","2","5","7","53","14","20","25","40","186","C1861063"
"6495","2","3","3","19","221","321","428","541","667","C1861063"
"2243","2","5","7","53","51","342","454","573","492","C1861063"
"688","2","3","3","19","151","276","91","433","118","C1861098"
"23363","2","3","12","41","116","268","434","468","213","C1861098"
"5264","2","3","5","43","161","305","409","208","482","C1861141"
"6774","2","3","12","53","14","276","25","489","416","C1861141"
"7058","2","5","7","53","51","342","454","573","492","C1861172"
"4292","2","3","12","19","31","261","116","1","86","C1861172"
"3579","2","5","4","34","52","216","427","548","672","C1861172"
"8214","2","3","6","11","142","225","142","220","298","C1861172"
"6231","2","3","2","110","85","237","433","547","671","C1861172"
"1302","2","5","7","53","51","342","454","573","492","C1861172"
"54919","2","3","2","41","96","279","304","370","257","C1861172"
"351","2","5","4","68","96","326","188","145","193","C1861172"
"5308","2","3","3","19","221","321","428","541","667","C1861195"
"596","2","3","12","19","219","339","402","489","416","C1861195"
"4054","2","5","7","53","51","342","454","573","492","C1861195"
"5073","2","3","2","110","85","323","433","146","194","C1861195"
"9569","2","3","12","19","31","276","91","433","118","C1861218"
"5979","2","5","7","53","14","20","25","40","186","C1861218"
"90","2","5","7","53","51","342","259","423","389","C1861218"
"6299","2","3","12","19","221","321","428","541","667","C1861218"
"249","2","3","5","27","51","335","444","560","373","C1861218"
"4990","2","3","3","19","221","321","428","541","667","C1861218"
"3561","2","5","7","53","14","20","25","40","186","C1861218"
"4604","2","5","8","63","45","23","103","464","187","C1861218"
"6197","2","3","12","19","14","20","34","540","68","C1861218"
"4137","2","3","7","27","36","150","341","223","628","C1861218"
"7681","2","3","12","41","116","268","434","468","213","C1861218"
"2815","2","5","7","53","51","342","454","573","492","C1861218"
"4846","2","3","5","41","219","75","243","44","64","C1861226"
"6197","2","3","12","19","14","20","34","540","68","C1861226"
"9210","2","5","7","53","51","342","454","573","492","C1861248"
"25782","2","5","7","60","54","24","30","46","72","C1861248"
"3655","2","5","7","53","51","342","454","573","492","C1861326"
"3848","2","5","7","34","52","225","142","220","298","C1861326"
"5961","2","5","7","27","51","326","126","414","702","C1861326"
"10758","2","3","12","41","219","339","156","568","697","C1861326"
"7469","2","3","12","19","31","261","116","159","211","C1861328"
"1565","2","3","5","91","214","226","326","413","530","C1861328"
"5251","2","3","5","80","81","296","474","593","722","C1861329"
"54806","2","5","7","76","153","40","38","54","75","C1861329"
"3162","2","3","5","53","51","119","402","489","416","C1861329"
"5781","2","5","7","53","14","20","25","40","186","C1861329"
"6736","2","3","12","19","31","276","91","433","667","C1861329"
"2243","2","5","7","53","51","342","454","573","492","C1861329"
"1031","2","3","12","19","31","1","426","55","78","C1861329"
"5956","2","5","4","68","96","326","427","548","672","C1861329"
"2521","2","3","2","22","33","323","66","101","136","C1861329"
"10370","2","3","12","19","31","276","91","433","118","C1861329"
"54888","2","3","2","110","85","152","129","252","154","C1861329"
"4353","2","3","7","34","52","216","395","549","674","C1861329"
"2969","2","3","12","19","31","276","91","433","118","C1861331"
"54209","2","5","7","53","51","119","395","549","674","C1861331"
"7161","2","3","12","19","31","1","402","148","624","C1861336"
"6654","2","5","7","60","54","24","30","46","72","C1861336"
"23594","2","3","12","76","153","261","116","1","86","C1861336"
"6204","2","3","2","110","85","237","433","547","671","C1861349"
"59","2","5","8","63","45","23","103","464","187","C1861349"
"1280","2","5","7","53","51","342","454","573","492","C1861349"
"3918","2","5","7","53","51","342","454","573","492","C1861349"
"5444","2","3","5","80","147","236","328","411","229","C1861355"
"5314","2","3","12","76","153","40","38","54","75","C1861355"
"7148","2","5","7","53","51","342","454","573","492","C1861360"
"7473","2","5","3","68","221","197","259","560","422","C1861360"
"55612","2","5","7","60","36","71","177","560","701","C1861373"
"3784","2","5","8","63","36","166","106","110","158","C1861373"
"6391","2","3","2","48","170","50","119","444","556","C1861376"
"89780","2","5","3","68","221","197","259","560","422","C1861376"
"53834","2","5","7","53","51","342","454","573","492","C1861385"
"23729","2","3","2","90","167","148","36","51","383","C1861385"
"54345","2","5","3","19","221","321","428","541","667","C1861388"
"146845","2","3","12","76","137","76","136","271","356","C1861388"
"1311","2","5","7","53","51","342","454","573","492","C1861388"
"1188","2","5","8","63","45","23","34","464","187","C1861388"
"7297","2","5","7","53","184","119","25","40","186","C1861388"
"9526","2","3","2","48","69","99","162","216","290","C1861443"
"6567","2","5","8","35","41","77","40","57","80","C1861443"
"8481","2","3","12","76","153","40","38","54","75","C1861519"
"26276","2","3","7","60","81","184","341","66","203","C1861519"
"4308","2","5","8","63","45","193","306","390","158","C1861519"
"7428","2","3","12","41","116","268","434","468","213","C1861528"
"4088","2","3","12","19","219","339","259","423","605","C1861528"
"9632","2","3","7","60","153","40","38","54","203","C1861528"
"64327","2","5","4","68","96","326","427","548","672","C1861537"
"54187","2","3","5","80","81","296","272","452","148","C1861537"
"5818","2","5","7","53","51","335","444","560","373","C1861544"
"4854","2","5","7","53","51","143","428","236","667","C1861544"
"24","2","3","12","41","116","268","423","536","445","C1861556"
"478","2","3","8","63","45","23","366","464","187","C1861556"
"10216","2","3","2","48","170","50","304","167","593","C1861675"
"10516","2","5","7","53","51","342","454","573","492","C1861675"
"9215","2","5","2","27","36","150","430","215","628","C1861736"
"2077","2","3","12","76","153","40","38","54","75","C1861736"
"23247","2","3","12","76","153","71","34","540","68","C1861821"
"7515","2","3","12","19","31","261","116","1","86","C1861821"
"7737","2","3","12","22","33","268","434","468","213","C1861829"
"5447","2","3","5","91","214","271","372","471","586","C1861829"
"5781","2","5","7","53","14","20","25","40","186","C1861829"
"801","2","5","8","63","45","23","103","464","187","C1861829"
"27241","2","3","12","76","153","76","38","54","75","C1861829"
"5095","2","3","2","48","40","130","166","127","173","C1861829"
"2033","2","3","12","19","31","1","91","433","118","C1861829"
"1293","2","5","7","53","51","342","454","573","492","C1861829"
"4359","2","5","7","53","51","342","454","573","492","C1861866"
"6208","2","3","2","110","85","237","433","547","671","C1861866"
"2247","2","5","7","53","14","20","25","40","186","C1861866"
"7337","2","3","12","41","116","268","434","468","213","C1861866"
"154","2","5","4","68","96","326","427","548","669","C1861866"
"1719","2","3","2","76","153","40","116","54","75","C1861866"
"50814","2","3","2","69","221","73","360","86","119","C1861866"
"8139","2","3","12","41","116","268","434","468","213","C1861866"
"7355","2","3","2","78","206","324","430","429","544","C1861866"
"7546","2","5","3","19","221","321","79","560","373","C1861866"
"4157","2","5","4","68","96","326","427","548","672","C1861866"
"10128","2","3","2","48","170","50","119","444","556","C1861866"
"5923","2","5","7","53","14","20","25","40","186","C1861866"
"10020","2","3","2","89","124","204","42","452","258","C1861866"
"1778","2","3","7","76","153","40","38","54","75","C1861866"
"2318","2","5","7","53","45","23","103","464","187","C1861866"
"4602","2","3","12","19","31","1","155","287","116","C1861866"
"2218","2","5","2","53","123","194","255","560","373","C1861866"
"2719","2","5","7","53","51","342","454","573","492","C1861866"
"54361","2","5","3","68","221","197","259","560","422","C1861866"
"1298","2","5","7","53","51","342","454","573","492","C1861866"
"547","2","3","7","76","153","40","38","54","75","C1861866"
"5122","2","5","4","27","36","184","141","359","411","C1861866"
"7369","2","5","7","53","51","119","395","549","674","C1861901"
"1836","2","3","2","35","41","94","260","330","375","C1861901"
"2245","2","5","7","60","54","24","30","46","72","C1861901"
"10083","2","5","7","42","36","71","177","223","219","C1861901"
"23405","2","3","2","22","33","323","66","146","194","C1861901"
"29958","2","3","5","19","31","1","325","410","527","C1861901"
"919","2","5","7","53","14","119","25","40","186","C1861901"
"27324","2","3","12","19","221","321","38","541","75","C1861901"
"2488","2","5","4","68","96","326","427","548","672","C1861901"
"6776","2","5","7","53","14","20","25","40","186","C1861975"
"2673","2","3","2","110","94","178","226","297","380","C1861975"
"1991","2","5","7","34","52","216","395","549","674","C1861975"
"1605","2","5","7","53","51","342","454","573","492","C1861975"
"27125","2","3","12","19","31","261","116","159","211","C1861975"
"3845","2","5","7","60","54","24","30","46","72","C1861975"
"3887","2","1","6","11","142","225","142","220","298","C1861975"
"54809","2","5","7","50","30","193","306","148","624","C1861975"
"5328","2","5","7","34","52","216","395","549","674","C1861975"
"54345","2","5","3","19","221","321","428","541","667","C1861975"
"4990","2","3","3","19","221","321","428","541","667","C1861975"
"5241","2","3","3","19","151","276","91","433","118","C1861975"
"1387","2","3","12","19","31","276","91","433","118","C1861975"
"6938","2","3","12","19","31","1","426","55","78","C1861975"
"55750","2","3","2","42","18","184","118","543","214","C1861975"
"5428","2","3","2","48","170","50","119","167","593","C1861975"
"7015","2","3","12","19","31","1","426","55","78","C1861975"
"7456","2","5","7","60","14","20","25","40","215","C1862050"
"54541","2","3","2","48","57","110","141","359","462","C1862050"
"3835","2","3","12","76","153","40","38","54","75","C1862050"
"25937","2","3","12","19","36","143","177","236","321","C1862050"
"10654","2","3","3","72","151","276","91","433","118","C1862050"
"7476","2","5","3","68","221","197","259","560","422","C1862052"
"3861","2","1","6","11","142","225","142","220","298","C1862052"
"8086","2","3","12","22","33","323","66","101","664","C1862096"
"6709","2","5","7","34","52","216","395","572","158","C1862096"
"8924","2","3","12","41","116","268","434","468","213","C1862102"
"286","2","5","7","60","153","40","38","54","203","C1862102"
"2248","2","5","7","53","14","20","25","40","186","C1862102"
"8822","2","5","7","53","14","20","25","40","186","C1862102"
"6335","2","5","8","63","36","166","341","390","158","C1862103"
"10585","2","5","2","27","206","324","430","215","290","C1862103"
"80184","2","5","7","34","52","216","38","54","75","C1862112"
"6635","2","3","2","22","33","323","66","101","136","C1862112"
"652","2","5","7","53","51","342","454","573","492","C1862132"
"546","2","3","12","19","31","261","426","1","86","C1862132"
"1181","2","5","8","63","45","23","34","464","187","C1862132"
"50485","2","3","12","19","31","261","116","1","86","C1862132"
"10585","2","5","2","27","206","324","430","215","290","C1862132"
"5728","2","3","5","80","81","339","156","568","605","C1862132"
"5080","2","3","3","19","221","321","428","541","667","C1862132"
"3265","2","5","7","60","54","24","30","46","72","C1862132"
"4524","2","3","2","15","166","104","369","117","583","C1862132"
"23347","2","3","12","41","116","268","434","468","213","C1862132"
"4436","2","3","12","19","31","261","116","1","86","C1862132"
"258","2","5","7","53","51","342","454","573","492","C1862132"
"150094","2","3","3","53","14","20","34","540","68","C1862132"
"1080","2","3","12","41","219","339","156","544","669","C1862132"
"9049","2","3","3","41","151","276","378","271","356","C1862132"
"3575","2","5","7","53","51","184","341","544","669","C1862132"
"9968","2","4","3","24","119","330","214","454","144","C1862132"
"5896","2","3","12","41","116","268","434","568","605","C1862132"
"1482","2","3","3","19","221","321","428","541","667","C1862132"
"3861","2","1","6","11","142","225","142","220","298","C1862132"
"2697","2","3","7","76","153","40","38","54","75","C1862132"
"25978","2","3","2","48","57","110","141","359","462","C1862132"
"4763","2","5","7","60","54","24","30","46","214","C1862132"
"147409","2","1","6","11","142","225","142","220","298","C1862132"
"1106","2","3","12","19","31","1","426","55","78","C1862142"
"361","2","3","5","80","81","166","397","374","486","C1862142"
"29887","2","3","7","60","18","110","141","198","270","C1862142"
"1380","2","5","7","53","51","119","395","549","674","C1862142"
"2261","2","5","7","53","14","20","25","40","186","C1862142"
"23742","2","5","5","68","96","326","427","447","586","C1862142"
"24","2","3","12","41","116","268","423","536","445","C1862144"
"3426","2","5","7","53","51","119","395","549","674","C1862144"
"6638","2","3","2","22","33","323","66","101","136","C1862144"
"7849","2","3","3","19","221","321","428","541","667","C1862144"
"54499","2","3","2","48","170","50","119","444","593","C1862147"
"1837","2","5","8","63","45","23","103","464","187","C1862147"
"2932","2","3","12","19","14","197","34","540","68","C1862147"
"10815","2","5","7","60","36","71","341","223","666","C1862151"
"5313","2","3","2","90","167","321","428","541","115","C1862151"
"5781","2","5","7","53","14","20","25","40","186","C1862151"
"50485","2","3","12","19","31","261","116","1","86","C1862152"
"5015","2","3","3","19","221","321","428","541","667","C1862152"
"4852","2","5","4","68","96","326","427","548","672","C1862152"
"2720","2","3","7","34","52","216","395","21","599","C1862152"
"4627","2","5","7","63","45","184","103","572","658","C1862152"
"3845","2","5","7","60","54","24","30","46","72","C1862178"
"6295","2","3","4","68","45","272","427","518","621","C1862178"
"1301","2","5","7","53","51","342","454","573","492","C1862265"
"2628","2","3","8","45","94","199","240","415","666","C1862265"
"5332","2","3","4","68","96","326","427","548","672","C1862265"
"7369","2","5","7","53","51","119","395","549","674","C1862265"
"5568","2","3","12","53","14","20","34","540","68","C1862265"
"5373","2","3","2","90","167","123","158","207","278","C1862265"
"9131","2","3","12","41","219","339","347","271","356","C1862265"
"2672","2","3","3","19","221","321","259","423","389","C1862265"
"4322","2","5","7","53","51","342","454","573","492","C1862265"
"1956","2","5","7","53","14","184","45","544","669","C1862265"
"6390","2","3","2","48","170","50","119","444","556","C1862265"
"257","2","3","3","19","221","321","428","541","667","C1862265"
"5447","2","3","5","91","214","271","372","471","586","C1862265"
"3767","2","5","8","63","36","166","106","110","158","C1862265"
"9627","2","3","12","19","31","1","426","55","78","C1862265"
"4893","2","5","7","34","52","24","30","46","72","C1862304"
"2068","2","3","12","19","31","261","116","159","211","C1862304"
"5979","2","5","7","53","14","20","25","40","186","C1862304"
"4976","2","3","2","48","170","50","119","444","556","C1862313"
"7291","2","3","12","19","151","276","91","489","416","C1862313"
"5378","2","3","12","19","31","261","116","1","86","C1862313"
"9935","2","3","12","19","31","1","426","55","78","C1862313"
"23767","2","5","7","53","14","20","25","40","186","C1862313"
"5551","2","5","7","53","51","119","395","549","674","C1862314"
"6326","2","5","8","63","36","166","341","390","158","C1862314"
"27130","2","3","12","48","45","143","38","236","69","C1862314"
"6571","2","3","8","60","36","71","341","223","624","C1862314"
"5130","2","3","2","85","143","286","51","488","102","C1862314"
"6913","2","3","3","19","221","321","428","541","667","C1862314"
"6658","2","3","12","19","221","321","428","541","667","C1862314"
"860","2","3","12","19","31","276","91","433","118","C1862314"
"8517","2","3","12","41","219","339","156","568","697","C1862314"
"1848","2","3","5","42","81","296","399","201","274","C1862314"
"51010","2","3","2","110","85","237","433","547","671","C1862314"
"3954","2","3","2","48","170","67","119","444","593","C1862314"
"2074","2","3","12","19","31","1","426","55","78","C1862314"
"5800","2","5","7","53","81","296","399","201","274","C1862314"
"2778","2","5","4","68","96","326","427","548","672","C1862314"
"8813","2","3","2","48","116","142","136","280","363","C1862314"
"4625","2","3","8","63","45","23","103","464","187","C1862314"
"7066","2","5","7","53","51","119","25","573","416","C1862314"
"5053","2","3","5","80","81","166","236","308","390","C1862314"
"3897","2","5","7","53","51","335","444","560","373","C1862314"
"2131","2","3","2","74","58","112","148","181","416","C1862314"
"4256","2","5","7","53","51","342","454","573","492","C1862314"
"2099","2","3","12","19","151","276","91","433","118","C1862314"
"5728","2","3","5","80","81","339","156","568","605","C1862376"
"5979","2","5","7","53","14","20","25","40","186","C1862376"
"2255","2","5","7","53","14","20","25","40","186","C1862474"
"11285","2","3","2","74","205","191","396","408","620","C1862474"
"1559","2","3","5","91","214","226","11","348","172","C1862474"
"54585","2","3","12","76","153","76","38","54","75","C1862474"
"7078","2","5","7","53","51","342","454","573","702","C1862474"
"1154","2","3","12","41","116","268","434","468","213","C1862474"
"2516","2","3","3","19","151","276","91","433","118","C1862479"
"3248","2","3","2","69","83","133","167","224","301","C1862479"
"6655","2","5","7","60","54","24","30","46","72","C1862479"
"2563","2","5","8","27","70","99","162","216","290","C1862479"
"207","2","3","7","53","14","20","34","489","416","C1862479"
"5160","2","3","2","67","92","293","55","75","311","C1862481"
"2582","2","3","2","78","206","324","430","429","544","C1862481"
"2581","2","3","5","80","81","250","291","152","420","C1862689"
"5290","2","3","7","53","14","20","25","40","186","C1862689"
"3694","2","5","7","53","51","342","454","573","492","C1862697"
"5788","2","5","7","34","52","216","395","549","674","C1862697"
"54756","2","5","7","41","219","238","118","543","214","C1862697"
"6326","2","5","8","63","36","166","341","390","158","C1862697"
"22891","2","3","12","76","153","40","341","54","75","C1862761"
"1161","2","3","12","41","116","268","434","468","213","C1862761"
"1144","2","5","8","27","70","99","162","216","290","C1862761"
"6403","2","5","7","53","51","342","454","573","702","C1862761"
"3614","2","3","7","34","52","216","395","549","674","C1862761"
"51626","2","3","12","76","153","40","38","54","75","C1862761"
"9469","2","3","2","103","189","303","29","475","467","C1862761"
"3845","2","5","7","60","54","24","30","46","72","C1862761"
"6491","2","3","12","76","153","40","38","54","75","C1862761"
"9420","2","3","5","79","159","256","215","282","366","C1862761"
"1947","2","5","7","53","51","20","25","560","373","C1862761"
"3767","2","5","8","63","36","166","106","110","158","C1862761"
"1146","2","5","8","27","70","99","162","216","290","C1862761"
"2815","2","5","7","53","51","342","454","573","492","C1862761"
"54880","2","3","12","19","31","1","426","55","78","C1862761"
"5447","2","3","5","91","214","271","372","471","586","C1862761"
"54463","2","3","2","48","57","110","141","359","462","C1862761"
"6337","2","5","8","63","45","23","34","464","187","C1862761"
"3425","2","3","5","80","81","166","454","573","492","C1862761"
"443","2","3","5","80","81","189","182","509","409","C1862761"
"5149","2","3","5","68","38","16","477","596","725","C1862761"
"4512","2","3","2","48","170","110","141","359","8","C1862761"
"1947","2","5","7","53","51","20","25","560","373","C1862761"
"203286","2","5","7","50","30","193","306","148","624","C1862761"
"847","2","3","7","34","52","216","395","549","674","C1862761"
"4771","2","5","7","60","36","71","177","64","215","C1862761"
"2131","2","3","2","74","58","112","148","181","416","C1862761"
"4035","2","5","7","53","51","342","454","573","492","C1862839"
"1723","2","3","2","48","170","50","119","444","556","C1862839"
"23322","2","3","12","76","153","40","38","54","75","C1862855"
"1641","2","5","7","60","221","321","428","560","373","C1862855"
"673","2","5","7","53","14","20","34","540","68","C1862855"
"8076","2","5","7","53","51","342","454","573","492","C1862855"
"2353","2","3","12","19","31","1","91","489","416","C1862855"
"54880","2","3","12","19","31","1","426","55","78","C1862855"
"1280","2","5","7","53","51","342","454","573","492","C1862855"
"5468","2","3","3","19","151","276","91","433","118","C1862862"
"4000","2","3","12","26","105","178","226","297","156","C1862862"
"627","2","5","7","53","51","335","444","423","373","C1862862"
"2263","2","5","7","53","14","20","25","40","186","C1862862"
"4582","2","5","7","53","206","324","430","429","544","C1862862"
"10683","2","5","7","53","51","143","428","560","667","C1862863"
"1145","2","5","8","27","70","99","162","216","290","C1862863"
"3070","2","3","12","76","31","1","426","55","78","C1862863"
"6208","2","3","2","110","85","237","433","547","671","C1862863"
"26608","2","3","2","22","170","50","119","463","153","C1862863"
"2033","2","3","12","19","31","1","91","433","118","C1862863"
"23384","2","3","12","63","45","184","103","572","658","C1862863"
"2099","2","3","12","19","151","276","91","433","118","C1862863"
"23426","2","5","7","42","36","71","177","223","219","C1862863"
"6865","2","5","4","68","96","326","427","548","672","C1862863"
"5190","2","3","5","43","161","305","409","208","482","C1862863"
"8626","2","3","3","19","221","321","428","541","667","C1862863"
"8292","2","5","5","27","51","342","454","573","492","C1862863"
"2109","2","3","2","48","170","50","119","444","556","C1862863"
"4054","2","5","7","53","51","342","454","573","492","C1862863"
"2773","2","5","4","68","96","326","427","548","672","C1862863"
"930","2","5","7","53","14","119","25","40","186","C1862863"
"1188","2","5","8","63","45","23","34","464","187","C1862863"
"6229","2","3","2","110","85","237","433","547","671","C1862863"
"5728","2","3","5","80","81","339","156","568","605","C1862863"
"26012","2","3","12","19","31","261","116","159","211","C1862863"
"4157","2","5","4","68","96","326","427","548","672","C1862863"
"5994","2","3","12","19","31","276","91","491","118","C1862863"
"6595","2","3","12","19","31","1","426","55","78","C1862863"
"3070","2","3","12","76","31","1","426","55","78","C1862863"
"1134","2","5","8","27","70","99","162","216","290","C1862863"
"6496","2","3","3","19","221","321","428","541","667","C1862863"
"1281","2","5","7","53","51","342","454","573","492","C1862863"
"3914","2","5","7","53","51","342","454","573","492","C1862863"
"1741","2","5","7","60","36","71","341","223","219","C1862863"
"3553","2","5","7","53","51","119","25","489","416","C1862863"
"5696","2","3","12","41","116","268","156","568","116","C1862863"
"6299","2","3","12","19","221","321","428","541","667","C1862932"
"4159","2","5","4","68","96","326","427","548","672","C1862932"
"26580","2","5","8","27","70","99","162","216","290","C1862932"
"11315","2","3","2","48","170","50","399","201","229","C1862968"
"8208","2","3","12","19","31","1","426","55","78","C1862968"
"4292","2","3","12","19","31","261","116","1","86","C1862968"
"2690","2","5","7","53","14","20","25","40","186","C1862968"
"100","2","3","5","33","21","47","56","80","199","C1862968"
"2255","2","5","7","53","14","20","25","40","186","C1862968"
"5073","2","3","2","110","85","323","433","146","194","C1863008"
"26504","2","3","5","42","81","296","399","201","274","C1863008"
"2022","2","5","7","53","51","342","259","423","389","C1863008"
"4000","2","3","12","26","105","178","226","297","156","C1863051"
"6635","2","3","2","22","33","323","66","101","136","C1863051"
"1586","2","3","5","79","98","256","335","425","540","C1863051"
"2395","2","3","2","48","170","50","304","167","593","C1863051"
"8626","2","3","3","19","221","321","428","541","667","C1863051"
"7136","2","5","8","63","45","23","103","464","187","C1863062"
"348","2","5","7","53","51","342","454","573","492","C1863062"
"831","2","5","7","53","51","342","454","573","492","C1863184"
"7040","2","5","7","53","51","342","454","573","492","C1863184"
"9394","2","3","2","74","58","112","148","193","263","C1863198"
"6261","2","5","8","63","45","23","34","464","187","C1863198"
"23522","2","3","12","19","31","1","426","55","78","C1863200"
"54757","2","5","7","53","51","342","454","573","492","C1863200"
"2812","2","5","7","53","51","342","454","573","492","C1863200"
"7373","2","5","7","53","51","342","454","573","492","C1863351"
"10460","2","3","12","76","153","40","38","54","75","C1863351"
"5345","2","5","7","53","51","342","454","573","702","C1863351"
"23742","2","5","5","68","96","326","427","447","586","C1863351"
"28952","2","3","12","41","116","268","434","468","213","C1863351"
"7555","2","3","2","110","85","237","433","547","671","C1863353"
"8452","2","3","12","41","116","268","434","468","213","C1863353"
"6103","2","3","12","76","153","40","38","54","75","C1863353"
"3835","2","3","12","76","153","40","38","54","75","C1863353"
"3845","2","5","7","60","54","24","30","46","72","C1863353"
"23503","2","3","6","11","142","225","142","220","298","C1863353"
"2248","2","5","7","53","14","20","25","40","186","C1863353"
"10000","2","5","7","53","14","20","34","540","68","C1863360"
"845","2","5","8","63","45","23","34","464","187","C1863360"
"2239","2","3","2","74","51","342","454","573","492","C1863360"
"7138","2","5","8","63","45","23","103","464","187","C1863360"
"427","2","3","7","34","52","216","395","549","420","C1863360"
"10293","2","3","12","41","116","268","434","468","213","C1863360"
"871","2","5","7","53","51","342","454","573","492","C1863360"
"1896","2","5","12","41","219","339","156","568","697","C1863360"
"2737","2","3","12","19","116","321","428","54","667","C1863363"
"9215","2","5","2","27","36","150","430","215","628","C1863363"
"2697","2","3","7","76","153","40","38","54","75","C1863382"
"5961","2","5","7","27","51","326","126","414","702","C1863382"
"190","2","3","3","19","151","276","91","433","118","C1863402"
"801","2","5","8","63","45","23","103","464","187","C1863402"
"5290","2","3","7","53","14","20","25","40","186","C1863402"
"579","2","3","3","19","221","321","428","541","667","C1863406"
"7409","2","5","7","60","54","24","30","46","72","C1863406"
"28982","2","3","5","25","44","165","101","274","358","C1863411"
"8792","2","3","12","41","219","339","156","568","697","C1863411"
"10293","2","3","12","41","116","268","434","468","213","C1863715"
"132","2","3","2","110","85","237","433","80","394","C1863715"
"5195","2","3","5","43","161","305","409","208","482","C1863715"
"51010","2","3","2","110","85","237","433","547","671","C1863715"
"4843","2","3","5","43","161","305","409","489","416","C1863739"
"19","2","3","3","19","151","276","91","433","118","C1863739"
"3350","2","5","4","68","96","326","427","548","672","C1863749"
"9361","2","3","2","48","170","50","119","444","556","C1863749"
"774","2","5","8","63","36","166","341","390","158","C1863749"
"10087","2","3","7","50","47","39","100","321","255","C1863749"
"1269","2","5","4","68","96","326","427","548","672","C1863749"
"3549","2","5","3","53","51","197","259","560","422","C1863749"
"5255","2","3","7","34","45","23","103","464","187","C1863752"
"51741","2","3","2","22","33","323","66","101","127","C1863752"
"673","2","5","7","53","14","20","34","540","68","C1863752"
"2919","2","5","7","34","52","216","427","548","672","C1863872"
"7468","2","3","12","19","31","1","426","55","78","C1863872"
"538","2","3","8","63","45","23","103","464","187","C1863924"
"1062","2","3","12","76","153","40","38","54","75","C1863924"
"57728","2","3","12","76","153","40","38","54","75","C1863924"
"9394","2","3","2","74","58","112","148","193","263","C1863924"
"4053","2","5","7","53","51","342","454","573","492","C1864105"
"22931","2","5","7","34","54","24","30","46","72","C1864105"
"5525","2","3","12","76","153","40","38","54","75","C1864114"
"2022","2","5","7","53","51","342","259","423","389","C1864114"
"1280","2","5","7","53","51","342","454","573","492","C1864114"
"673","2","5","7","53","14","20","34","540","68","C1864205"
"10269","2","3","2","48","182","50","119","444","556","C1864205"
"8900","2","3","12","19","31","261","116","1","86","C1864205"
"2200","2","5","7","53","51","342","454","573","492","C1864205"
"3425","2","3","5","80","81","166","454","573","492","C1864205"
"2178","2","3","12","19","31","261","116","1","86","C1864205"
"4893","2","5","7","34","52","24","30","46","72","C1864205"
"58","2","5","8","63","45","23","103","464","187","C1864205"
"4683","2","3","12","19","31","261","116","1","86","C1864205"
"9841","2","3","6","11","142","225","142","220","298","C1864238"
"4436","2","3","12","19","31","261","116","1","86","C1864238"
"6899","2","5","7","53","184","335","259","560","373","C1864365"
"3757","2","5","8","63","36","166","106","110","158","C1864365"
"55193","2","3","12","19","31","1","426","55","78","C1864375"
"8220","2","3","2","22","33","323","66","101","136","C1864375"
"3763","2","5","8","63","36","166","106","110","158","C1864375"
"1399","2","5","7","53","14","20","25","40","186","C1864375"
"2719","2","5","7","53","51","342","454","573","492","C1864375"
"7084","2","3","2","72","109","115","62","268","353","C1864498"
"55704","2","3","12","76","153","40","38","54","75","C1864498"
"1588","2","3","5","79","159","256","350","27","44","C1864498"
"10801","2","3","12","76","108","293","141","305","387","C1864570"
"8803","2","3","8","67","92","293","55","75","311","C1864570"
"6997","2","5","3","53","221","321","259","423","389","C1864580"
"55315","2","3","5","80","81","296","62","94","150","C1864580"
"3953","2","5","7","53","14","20","25","40","186","C1864580"
"23025","2","5","7","60","36","71","341","223","624","C1864580"
"5573","2","3","12","19","184","118","155","287","116","C1864580"
"4609","2","3","12","19","31","1","160","107","416","C1864580"
"5339","2","5","7","53","51","342","454","573","492","C1864580"
"1289","2","5","7","53","51","342","454","573","492","C1864580"
"9569","2","3","12","19","31","276","91","433","118","C1864584"
"335","2","5","7","53","51","342","454","573","492","C1864584"
"567","2","5","7","34","52","119","395","549","674","C1864584"
"6911","2","5","6","19","142","335","259","560","373","C1864690"
"5373","2","3","2","90","167","123","158","207","278","C1864690"
"5447","2","3","5","91","214","271","372","471","586","C1864690"
"5605","2","5","7","53","14","20","34","540","68","C1864715"
"3763","2","5","8","63","36","166","106","110","158","C1864715"
"55280","2","3","2","22","33","323","66","101","136","C1864715"
"4846","2","3","5","41","219","75","243","44","64","C1864795"
"8328","2","3","12","19","31","1","426","55","78","C1864795"
"7015","2","3","12","19","31","1","426","55","78","C1864795"
"8200","2","5","7","53","51","342","259","423","389","C1864795"
"7547","2","3","3","19","221","321","428","541","667","C1864796"
"2033","2","3","12","19","31","1","91","433","118","C1864796"
"5243","2","3","12","41","116","268","423","536","445","C1864796"
"81839","2","3","2","41","36","71","259","64","422","C1864796"
"811","2","3","2","41","116","342","423","536","342","C1864796"
"54880","2","3","12","19","31","1","426","55","78","C1864825"
"10161","2","5","4","68","96","326","427","548","672","C1864825"
"5728","2","3","5","80","81","339","156","568","605","C1864826"
"7979","2","3","12","41","116","268","434","468","605","C1864826"
"776","2","5","8","63","36","166","341","390","158","C1864853"
"100","2","3","5","33","21","47","56","80","199","C1864853"
"3110","2","3","3","19","221","321","428","541","667","C1864853"
"26525","2","5","7","53","219","119","156","568","697","C1864853"
"54949","2","3","2","48","170","50","119","444","556","C1864873"
"6928","2","3","3","19","221","321","428","541","667","C1864873"
"4204","2","3","12","19","31","1","426","55","78","C1864887"
"1277","2","5","7","53","51","342","454","573","492","C1864887"
"8260","2","3","12","41","85","266","76","287","78","C1864903"
"175","2","3","7","34","52","216","395","549","674","C1864903"
"6443","2","5","8","63","45","23","103","464","187","C1864903"
"23767","2","5","7","53","14","20","25","40","186","C1864903"
"23508","2","3","12","41","219","339","347","271","356","C1864903"
"1292","2","5","7","53","51","342","454","573","492","C1864903"
"6662","2","3","3","19","221","321","428","541","667","C1864903"
"5479","2","3","2","53","51","342","454","573","492","C1864903"
"5265","2","5","7","34","52","216","395","573","702","C1864903"
"2707","2","3","12","76","153","40","38","54","75","C1864903"
"4851","2","3","12","19","221","143","428","236","667","C1864903"
"7054","2","3","5","80","81","166","34","258","345","C1864903"
"55033","2","3","2","110","105","178","226","297","380","C1864903"
"6696","2","5","7","53","51","342","454","573","492","C1864903"
"1678","2","3","2","48","170","50","304","167","593","C1864903"
"84343","2","5","7","60","18","184","341","544","669","C1864903"
"11330","2","5","7","68","51","119","395","549","674","C1864954"
"5830","2","3","5","43","161","305","409","208","482","C1864954"
"2623","2","3","12","19","31","1","155","287","116","C1864954"
"5805","2","3","2","43","91","75","204","267","352","C1864954"
"79803","2","5","7","60","18","184","341","544","669","C1864954"
"2998","2","3","2","28","22","48","232","82","114","C1864954"
"7508","2","3","12","19","31","261","116","1","664","C1864954"
"2483","2","3","2","22","33","323","66","101","136","C1865020"
"55505","2","3","2","110","85","237","433","547","671","C1865020"
"4261","2","3","12","53","184","119","156","287","116","C1865020"
"5429","2","3","12","19","31","261","116","1","86","C1865020"
"7476","2","5","3","68","221","197","259","560","422","C1865027"
"2314","2","3","12","63","45","184","103","572","658","C1865027"
"5605","2","5","7","53","14","20","34","540","68","C1865027"
"633","2","5","7","53","51","342","454","573","492","C1865027"
"8481","2","3","12","76","153","40","38","54","75","C1865027"
"5339","2","5","7","53","51","342","454","573","492","C1865027"
"5172","2","5","8","45","94","199","240","415","666","C1865027"
"2984","2","3","4","68","96","326","427","548","672","C1865027"
"2717","2","3","7","34","52","216","395","549","674","C1865027"
"23064","2","3","6","11","31","261","142","220","664","C1865027"
"5605","2","5","7","53","14","20","34","540","68","C1865027"
"55636","2","3","3","19","221","321","428","423","389","C1865027"
"9896","2","3","5","80","81","296","399","201","274","C1865027"
"5116","2","3","12","76","153","40","38","54","75","C1865027"
"22930","2","5","7","60","54","24","30","46","72","C1865027"
"774","2","5","8","63","36","166","341","390","158","C1865027"
"1031","2","3","12","19","31","1","426","55","78","C1865027"
"5631","2","3","2","72","119","109","266","336","452","C1865027"
"2651","2","3","2","78","184","202","124","337","434","C1865027"
"2260","2","5","7","53","14","20","25","40","186","C1865030"
"4540","2","3","2","48","170","50","119","444","556","C1865030"
"2623","2","3","12","19","31","1","155","287","116","C1865030"
"1584","2","3","5","79","159","256","276","353","456","C1865030"
"3162","2","3","5","53","51","119","402","489","416","C1865030"
"5443","2","5","4","68","96","326","427","548","672","C1865030"
"4094","2","3","12","19","31","276","91","433","118","C1865030"
"3481","2","5","7","53","51","342","454","573","492","C1865037"
"29110","2","3","12","41","219","339","156","568","697","C1865037"
"8200","2","5","7","53","51","342","259","423","389","C1865037"
"10555","2","3","7","34","52","216","395","549","622","C1865037"
"6102","2","3","2","76","109","182","235","307","506","C1865037"
"5728","2","3","5","80","81","339","156","568","605","C1865037"
"257","2","3","3","19","221","321","428","541","667","C1865037"
"4668","2","3","5","21","111","188","242","313","396","C1865037"
"27241","2","3","12","76","153","76","38","54","75","C1865037"
"6927","2","3","3","19","221","321","428","541","667","C1865037"
"7809","2","5","8","63","45","23","34","464","187","C1865037"
"50485","2","3","12","19","31","261","116","1","86","C1865037"
"5290","2","3","7","53","14","20","25","40","186","C1865037"
"2316","2","5","7","53","51","342","454","573","702","C1865037"
"473","2","3","12","19","31","1","426","55","78","C1865037"
"5660","2","5","7","34","52","326","427","548","702","C1865037"
"8086","2","3","12","22","33","323","66","101","664","C1865037"
"6571","2","3","8","60","36","71","341","223","624","C1865037"
"3569","2","5","7","53","51","342","454","573","416","C1865037"
"6532","2","5","8","45","94","199","240","415","666","C1865037"
"6469","2","5","3","53","221","197","259","560","422","C1865037"
"4810","2","3","2","76","57","110","444","560","373","C1865037"
"1482","2","3","3","19","221","321","428","541","667","C1865037"
"1280","2","5","7","53","51","342","454","573","492","C1865037"
"667","2","5","7","53","51","342","454","573","492","C1865038"
"9569","2","3","12","19","31","276","91","433","118","C1865038"
"2316","2","5","7","53","51","342","454","573","702","C1865038"
"2322","2","5","7","53","14","20","25","40","186","C1865038"
"1020","2","3","12","19","14","118","34","540","68","C1865038"
"51164","2","3","7","76","153","40","38","54","75","C1865039"
"338","2","5","7","53","51","342","454","573","492","C1865039"
"5627","2","5","7","53","51","342","454","573","702","C1865039"
"3764","2","5","8","63","36","166","106","110","158","C1865060"
"7274","2","3","5","43","161","99","162","216","290","C1865060"
"23742","2","5","5","68","96","326","427","447","586","C1865060"
"5443","2","5","4","68","96","326","427","548","672","C1865060"
"6775","2","5","7","53","14","119","25","40","186","C1865060"
"116","2","5","4","68","96","326","427","548","672","C1865060"
"2950","2","5","7","34","52","216","395","549","674","C1865060"
"6391","2","3","2","48","170","50","119","444","556","C1865060"
"51204","2","3","2","48","170","50","119","444","556","C1865060"
"582","2","3","12","76","153","76","38","54","75","C1865060"
"9469","2","3","2","103","189","303","29","475","467","C1865060"
"3284","2","3","2","69","98","169","299","183","243","C1865060"
"604","2","3","12","19","151","276","91","489","416","C1865143"
"5518","2","3","12","76","153","40","38","54","435","C1865143"
"5255","2","3","7","34","45","23","103","464","187","C1865186"
"50506","2","3","2","36","48","89","110","400","341","C1865186"
"8504","2","3","5","47","144","185","238","310","392","C1865186"
"3145","2","3","5","80","81","166","132","175","473","C1865186"
"4998","2","3","12","76","31","261","116","1","86","C1865186"
"2072","2","3","12","19","31","261","116","1","86","C1865186"
"2273","2","5","8","63","45","23","103","464","187","C1865186"
"6392","2","3","2","48","170","50","119","444","556","C1865186"
"10457","2","5","7","53","51","342","454","573","492","C1865186"
"8313","2","3","12","41","219","339","156","568","605","C1865186"
"1836","2","3","2","35","41","94","260","330","375","C1865200"
"5781","2","5","7","53","14","20","25","40","186","C1865200"
"60","2","3","12","60","45","184","155","287","78","C1865200"
"6121","2","3","2","69","83","101","126","170","224","C1865200"
"4722","2","3","2","48","170","50","119","444","556","C1865200"
"22930","2","5","7","60","54","24","30","46","72","C1865200"
"5354","2","5","7","27","36","150","341","223","628","C1865200"
"1499","2","3","12","19","221","197","259","560","422","C1865200"
"55315","2","3","5","80","81","296","62","94","150","C1865200"
"4148","2","5","7","53","51","342","454","573","492","C1865200"
"4615","2","3","12","41","219","339","156","568","697","C1865244"
"5961","2","5","7","27","51","326","126","414","702","C1865244"
"640","2","5","7","53","14","20","25","40","186","C1865244"
"6812","2","5","7","27","36","150","341","223","628","C1865244"
"5993","2","3","12","19","31","1","426","55","78","C1865244"
"3145","2","3","5","80","81","166","132","175","473","C1865244"
"2200","2","5","7","53","51","342","454","573","492","C1865244"
"5922","2","5","7","60","54","24","30","46","72","C1865244"
"2652","2","5","4","68","96","326","427","548","672","C1865244"
"8643","2","5","3","68","221","197","259","560","422","C1865244"
"2132","2","3","2","74","58","112","148","193","263","C1865244"
"7456","2","5","7","60","14","20","25","40","215","C1865244"
"2733","2","3","2","22","33","323","66","101","664","C1865244"
"4509","2","3","2","48","170","50","119","444","556","C1865270"
"3854","2","1","6","11","142","225","142","220","298","C1865270"
"3561","2","5","7","53","14","20","25","40","186","C1865270"
"3835","2","3","12","76","153","40","38","54","75","C1865279"
"8625","2","3","12","19","31","276","91","236","118","C1865279"
"1893","2","5","7","53","51","342","454","573","702","C1865279"
"84676","2","3","12","41","116","268","434","468","213","C1865279"
"5648","2","5","7","53","51","119","395","549","674","C1865279"
"54345","2","5","3","19","221","321","428","541","667","C1865279"
"8022","2","3","3","110","85","321","428","541","667","C1865279"
"5728","2","3","5","80","81","339","156","568","605","C1865279"
"3691","2","5","7","53","51","342","454","573","492","C1865292"
"4854","2","5","7","53","51","143","428","236","667","C1865292"
"1387","2","3","12","19","31","276","91","433","118","C1865292"
"55636","2","3","3","19","221","321","428","423","389","C1865292"
"1027","2","3","12","19","31","1","116","1","86","C1865292"
"975","2","5","7","53","51","119","395","549","674","C1865292"
"2260","2","5","7","53","14","20","25","40","186","C1865295"
"5073","2","3","2","110","85","323","433","146","194","C1865295"
"5189","2","3","5","43","161","305","409","208","482","C1865295"
"1890","2","3","5","80","81","296","62","94","150","C1865302"
"841","2","3","12","41","219","339","156","568","697","C1865302"
"6392","2","3","2","48","170","50","119","444","556","C1865304"
"6890","2","3","12","41","184","119","156","568","116","C1865304"
"5192","2","3","5","43","161","305","409","208","482","C1865304"
"207","2","3","7","53","14","20","34","489","416","C1865304"
"5015","2","3","3","19","221","321","428","541","667","C1865305"
"4538","2","3","2","48","170","50","119","444","556","C1865305"
"55505","2","3","2","110","85","237","433","547","671","C1865305"
"356","2","5","7","53","219","339","25","489","697","C1865305"
"1292","2","5","7","53","51","342","454","573","492","C1865313"
"5745","2","5","4","68","96","326","427","548","672","C1865313"
"368","2","3","12","41","116","268","423","536","445","C1865313"
"6337","2","5","8","63","45","23","34","464","187","C1865332"
"7355","2","3","2","78","206","324","430","429","544","C1865332"
"2255","2","5","7","53","14","20","25","40","186","C1865343"
"2629","2","3","5","80","81","250","291","152","420","C1865343"
"2705","2","3","12","76","153","40","38","54","75","C1865353"
"2538","2","3","5","90","216","333","438","561","689","C1865353"
"1030","2","3","12","19","31","1","426","55","78","C1865353"
"5573","2","3","12","19","184","118","155","287","116","C1865353"
"26503","2","3","2","89","124","204","272","347","442","C1865353"
"1136","2","5","8","27","70","99","162","216","290","C1865353"
"546","2","3","12","19","31","261","426","1","86","C1865377"
"1950","2","5","7","53","14","20","25","40","186","C1865377"
"1441","2","5","7","53","51","119","25","40","186","C1865384"
"23630","2","5","8","63","36","166","106","110","158","C1865384"
"3827","2","5","4","68","96","326","427","548","672","C1865412"
"5979","2","5","7","53","14","20","25","40","186","C1865412"
"4148","2","5","7","53","51","342","454","573","492","C1865412"
"8820","2","3","3","19","221","321","428","541","667","C1865412"
"4541","2","3","2","48","170","50","119","444","24","C1865412"
"4522","2","3","5","15","166","104","262","121","167","C1865412"
"4893","2","5","7","34","52","24","30","46","72","C1865417"
"2819","2","3","2","116","183","295","398","552","622","C1865417"
"6885","2","3","12","41","219","339","156","568","697","C1865571"
"3845","2","5","7","60","54","24","30","46","72","C1865571"
"3730","2","5","7","53","14","20","25","40","186","C1865571"
"8626","2","3","3","19","221","321","428","541","667","C1865572"
"2263","2","5","7","53","14","20","25","40","186","C1865572"
"435","2","3","8","84","97","167","210","278","360","C1865572"
"4000","2","3","12","26","105","178","226","297","156","C1865572"
"796","2","5","4","68","96","326","427","548","672","C1865572"
"55630","2","3","5","27","81","99","162","216","290","C1865572"
"3586","2","5","7","53","51","119","25","489","416","C1865572"
"2100","2","3","3","19","151","276","91","433","118","C1865572"
"987","2","3","6","48","94","279","347","330","304","C1865572"
"1302","2","5","7","53","51","342","454","573","492","C1865572"
"5830","2","3","5","43","161","305","409","208","482","C1865572"
"6786","2","5","8","63","45","23","103","464","187","C1865572"
"55670","2","3","5","43","161","305","409","208","482","C1865572"
"4322","2","5","7","53","51","342","454","573","492","C1865572"
"545","2","3","12","19","31","261","116","1","86","C1865572"
"5824","2","3","5","47","144","185","238","310","392","C1865572"
"7276","2","5","7","34","52","216","395","549","674","C1865572"
"6208","2","3","2","110","85","237","433","547","671","C1865598"
"2260","2","5","7","53","14","20","25","40","186","C1865598"
"9217","2","3","2","50","47","39","100","321","255","C1865614"
"5728","2","3","5","80","81","339","156","568","605","C1865614"
"6392","2","3","2","48","170","50","119","444","556","C1865702"
"26119","2","5","7","60","14","184","341","544","669","C1865702"
"2245","2","5","7","60","54","24","30","46","72","C1865702"
"9896","2","3","5","80","81","296","399","201","274","C1865841"
"1292","2","5","7","53","51","342","454","573","492","C1865841"
"2074","2","3","12","19","31","1","426","55","78","C1865841"
"26277","2","3","12","19","31","1","426","1","78","C1865841"
"5274","2","5","7","68","51","342","454","573","492","C1865841"
"9829","2","5","7","60","14","184","341","544","669","C1865841"
"7040","2","5","7","53","51","342","454","573","492","C1865841"
"6899","2","5","7","53","184","335","259","560","373","C1865841"
"1028","2","3","12","19","31","1","116","1","86","C1865841"
"1180","2","5","8","63","45","23","34","464","187","C1865841"
"10555","2","3","7","34","52","216","395","549","622","C1865841"
"56267","2","3","2","67","94","183","182","509","666","C1865841"
"1145","2","5","8","27","70","99","162","216","290","C1865841"
"11231","2","3","2","110","105","178","226","297","380","C1865847"
"5156","2","5","7","53","14","20","25","40","186","C1865847"
"5728","2","3","5","80","81","339","156","568","605","C1865847"
"26608","2","3","2","22","170","50","119","463","153","C1865847"
"25953","2","3","2","67","92","293","137","75","664","C1865847"
"8200","2","5","7","53","51","342","259","423","389","C1865847"
"1146","2","5","8","27","70","99","162","216","290","C1865847"
"3162","2","3","5","53","51","119","402","489","416","C1865847"
"1499","2","3","12","19","221","197","259","560","422","C1865847"
"153","2","5","4","68","96","326","427","548","672","C1865847"
"4512","2","3","2","48","170","110","141","359","8","C1865866"
"3845","2","5","7","60","54","24","30","46","72","C1865866"
"5429","2","3","12","19","31","261","116","1","86","C1865866"
"6532","2","5","8","45","94","199","240","415","666","C1865866"
"2812","2","5","7","53","51","342","454","573","492","C1865866"
"11136","2","3","5","80","94","199","240","415","666","C1865866"
"5332","2","3","4","68","96","326","427","548","672","C1865866"
"9131","2","3","12","41","219","339","347","271","356","C1865866"
"6736","2","3","12","19","31","276","91","433","667","C1865866"
"2153","2","5","7","53","51","342","454","573","492","C1865866"
"284","2","5","7","53","14","20","25","40","186","C1865866"
"5376","2","5","7","53","51","342","454","573","492","C1865866"
"3575","2","5","7","53","51","184","341","544","669","C1865871"
"50846","2","3","3","68","221","197","259","560","422","C1865871"
"5406","2","3","5","80","81","166","454","76","106","C1865871"
"3991","2","3","5","80","81","166","57","83","658","C1865872"
"10225","2","5","7","53","51","119","395","549","674","C1865872"
"9126","2","3","12","76","153","40","38","54","75","C1865872"
"6608","2","3","3","68","221","321","428","560","667","C1865872"
"6792","2","5","7","53","14","20","34","540","68","C1865872"
"10128","2","3","2","48","170","50","119","444","556","C1865877"
"551","2","5","4","68","96","326","427","548","672","C1865877"
"9049","2","3","3","41","151","276","378","271","356","C1865877"
"1565","2","3","5","91","214","226","326","413","530","C1865877"
"51057","2","3","12","76","153","40","38","54","75","C1865903"
"3265","2","5","7","60","54","24","30","46","72","C1865903"
"4038","2","5","7","53","51","342","454","573","492","C1865903"
"55704","2","3","12","76","153","40","38","54","75","C1865916"
"6440","2","5","5","68","96","185","238","310","272","C1865916"
"1201","2","3","2","48","170","50","304","167","593","C1865916"
"54361","2","5","3","68","221","197","259","560","422","C1865916"
"3845","2","5","7","60","54","24","30","46","72","C1865916"
"2688","2","5","7","53","51","119","25","40","186","C1865916"
"3596","2","5","7","53","51","119","25","489","416","C1865916"
"1535","2","5","7","34","52","216","395","549","674","C1865916"
"10585","2","5","2","27","206","324","430","215","290","C1865916"
"6326","2","5","8","63","36","166","341","390","158","C1865918"
"4968","2","3","12","19","31","261","116","1","86","C1865918"
"8085","2","3","12","19","31","1","426","55","78","C1865926"
"9657","2","3","12","76","153","40","38","54","75","C1865926"
"6261","2","5","8","63","45","23","34","464","187","C1865951"
"10046","2","3","12","19","31","143","428","236","667","C1865951"
"5830","2","3","5","43","161","305","409","208","482","C1865992"
"51702","2","3","12","19","31","1","426","55","78","C1865992"
"60529","2","3","3","19","221","321","428","541","667","C1865992"
"5828","2","3","5","43","161","305","409","208","482","C1865992"
"8878","2","3","12","41","219","339","156","568","697","C1865992"
"79139","2","3","12","41","116","268","423","536","445","C1865992"
"4088","2","3","12","19","219","339","259","423","605","C1865992"
"3636","2","3","5","80","14","20","25","40","186","C1865992"
"7508","2","3","12","19","31","261","116","1","664","C1865992"
"2998","2","3","2","28","22","48","232","82","114","C1865992"
"23545","2","3","5","29","88","132","85","222","346","C1865992"
"7415","2","3","7","34","52","216","395","536","445","C1865992"
"1910","2","5","4","68","96","326","427","548","672","C1865992"
"4247","2","3","2","68","67","320","98","180","279","C1865992"
"22978","2","3","5","80","81","296","373","341","150","C1865992"
"9056","2","3","8","45","94","199","240","415","666","C1865992"
"2147","2","5","7","68","51","342","454","573","492","C1866010"
"348","2","5","7","53","51","342","454","573","492","C1866010"
"9365","2","3","7","53","14","20","25","40","186","C1866010"
"8813","2","3","2","48","116","142","136","280","363","C1866010"
"1277","2","5","7","53","51","342","454","573","492","C1866010"
"7461","2","3","7","60","153","40","38","93","75","C1866012"
"2350","2","5","5","27","51","335","444","560","373","C1866012"
"1292","2","5","7","53","51","342","454","573","492","C1866013"
"9179","2","5","7","60","18","184","341","544","669","C1866013"
"2512","2","3","7","34","52","216","395","544","358","C1866021"
"7403","2","3","12","19","31","1","426","55","78","C1866021"
"5888","2","3","12","19","31","261","116","1","86","C1866021"
"2632","2","3","2","28","22","48","232","82","114","C1866021"
"153241","2","3","12","76","153","40","38","54","75","C1866021"
"5449","2","3","3","19","221","321","428","541","667","C1866021"
"3417","2","3","7","34","52","216","395","549","319","C1866021"
"5309","2","3","3","19","221","321","428","541","667","C1866032"
"51119","2","3","2","110","85","237","433","547","671","C1866032"
"9076","2","5","6","42","36","71","177","64","219","C1866032"
"9662","2","3","12","76","153","40","38","54","75","C1866129"
"4000","2","3","12","26","105","178","226","297","156","C1866129"
"215","2","3","5","47","144","185","238","310","392","C1866129"
"6628","2","3","2","22","33","323","66","101","136","C1866129"
"6144","2","3","2","110","85","237","433","547","671","C1866141"
"3930","2","3","2","22","33","323","66","3","464","C1866141"
"4255","2","3","12","19","31","261","116","1","86","C1866141"
"51259","2","3","2","76","153","40","38","54","75","C1866141"
"8036","2","5","7","60","54","296","399","359","658","C1866141"
"1717","2","3","2","19","151","276","48","69","204","C1866141"
"5176","2","5","7","53","51","342","454","573","492","C1866141"
"5932","2","3","12","19","31","261","116","1","86","C1866141"
"25915","2","3","2","48","170","50","119","444","556","C1866141"
"268","2","5","7","53","51","342","259","423","389","C1866141"
"3257","2","5","7","60","54","24","30","46","72","C1866141"
"1584","2","3","5","79","159","256","276","353","456","C1866141"
"8803","2","3","8","67","92","293","55","75","311","C1866141"
"51604","2","3","2","61","77","142","176","235","317","C1866141"
"16","2","3","2","110","85","237","433","547","154","C1866141"
"1285","2","5","7","53","51","342","454","573","492","C1866141"
"1387","2","3","12","19","31","276","91","433","118","C1866141"
"283989","2","3","12","22","33","323","66","101","664","C1866141"
"2317","2","5","7","63","45","23","103","287","664","C1866141"
"3569","2","5","7","53","51","342","454","573","416","C1866141"
"3425","2","3","5","80","81","166","454","573","492","C1866141"
"7021","2","3","12","19","31","261","91","433","664","C1866141"
"673","2","5","7","53","14","20","34","540","68","C1866141"
"27316","2","3","2","22","33","323","66","101","136","C1866141"
"22858","2","3","7","53","14","20","34","540","68","C1866141"
"25978","2","3","2","48","57","110","141","359","462","C1866141"
"4000","2","3","12","26","105","178","226","297","156","C1866141"
"7520","2","3","7","34","52","216","395","549","86","C1866180"
"4976","2","3","2","48","170","50","119","444","556","C1866180"
"182","2","5","7","53","51","143","428","236","667","C1866190"
"9569","2","3","12","19","31","276","91","433","118","C1866190"
"5155","2","5","7","53","51","342","454","573","186","C1866190"
"118856","2","5","7","53","51","342","454","573","492","C1866190"
"1281","2","5","7","53","51","342","454","573","492","C1866190"
"197322","2","3","2","67","92","265","35","49","174","C1866190"
"4715","2","3","2","48","170","50","119","444","556","C1866190"
"540","2","5","8","63","45","23","103","464","187","C1866190"
"1291","2","5","7","53","51","342","454","573","492","C1866190"
"2760","2","3","7","34","52","216","395","549","674","C1866190"
"3558","2","5","7","53","14","20","25","40","186","C1866190"
"6310","2","3","12","22","142","225","366","362","468","C1866190"
"8622","2","3","4","68","96","326","427","548","672","C1866190"
"4854","2","5","7","53","51","143","428","236","667","C1866190"
"56606","2","5","7","90","216","337","448","565","562","C1866190"
"2677","2","5","7","53","51","342","454","573","492","C1866190"
"5982","2","3","12","19","31","261","116","1","86","C1866190"
"331","2","3","12","41","219","339","156","568","697","C1866190"
"3047","2","3","12","19","31","118","155","287","116","C1866190"
"182","2","5","7","53","51","143","428","236","667","C1866190"
"3990","2","3","5","26","35","178","9","414","220","C1866190"
"6201","2","3","2","110","85","237","433","547","671","C1866190"
"9627","2","3","12","19","31","1","426","55","78","C1866190"
"11005","2","1","6","11","142","225","142","220","298","C1866227"
"2778","2","5","4","68","96","326","427","548","672","C1866227"
"5308","2","3","3","19","221","321","428","541","667","C1866227"
"5376","2","5","7","53","51","342","454","573","492","C1866227"
"5728","2","3","5","80","81","339","156","568","605","C1866227"
"10002","2","3","3","19","151","276","91","433","118","C1866227"
"51741","2","3","2","22","33","323","66","101","127","C1866241"
"8626","2","3","3","19","221","321","428","541","667","C1866241"
"23483","2","3","2","28","191","306","143","452","258","C1866241"
"7077","2","5","7","34","52","216","395","549","674","C1866241"
"23411","2","3","12","19","31","1","91","433","118","C1866241"
"65217","2","5","7","53","51","335","444","560","373","C1866241"
"6524","2","5","8","45","94","199","240","415","666","C1866241"
"5538","2","3","2","115","18","340","269","342","444","C1866241"
"841","2","3","12","41","219","339","156","568","697","C1866241"
"5824","2","3","5","47","144","185","238","310","392","C1866241"
"55670","2","3","5","43","161","305","409","208","482","C1866241"
"1409","2","3","12","76","153","40","38","54","75","C1866241"
"4221","2","3","12","19","31","342","454","573","492","C1866241"
"5604","2","5","7","53","14","20","34","540","68","C1866241"
"5828","2","3","5","43","161","305","409","208","482","C1866241"
"383","2","3","7","34","52","216","395","549","674","C1866241"
"25913","2","3","12","19","31","261","116","1","78","C1866241"
"8818","2","3","2","61","77","142","176","280","363","C1866241"
"1585","2","3","5","79","159","256","351","100","589","C1866241"
"6655","2","5","7","60","54","24","30","46","72","C1866282"
"3417","2","3","7","34","52","216","395","549","319","C1866282"
"89891","2","3","12","76","153","40","38","54","75","C1866282"
"1917","2","3","12","41","219","339","347","572","658","C1866282"
"1786","2","3","12","19","31","1","426","55","78","C1866282"
"5831","2","3","2","101","62","189","182","566","409","C1866282"
"860","2","3","12","19","31","276","91","433","118","C1866284"
"1280","2","5","7","53","51","342","454","573","492","C1866284"
"8864","2","3","3","19","151","276","91","433","118","C1866284"
"5631","2","3","2","72","119","109","266","336","452","C1866284"
"1187","2","5","8","63","45","23","34","464","187","C1866284"
"1301","2","5","7","53","51","342","454","573","492","C1866294"
"4724","2","3","2","48","170","50","119","444","556","C1866294"
"27249","2","3","2","48","182","50","119","186","245","C1866339"
"3991","2","3","5","80","81","166","57","83","658","C1866339"
"29851","2","5","7","53","14","20","25","40","186","C1866339"
"2317","2","5","7","63","45","23","103","287","664","C1866487"
"9215","2","5","2","27","36","150","430","215","628","C1866487"
"6576","2","3","2","45","94","199","240","569","666","C1866487"
"847","2","3","7","34","52","216","395","549","674","C1866487"
"6736","2","3","12","19","31","276","91","433","667","C1866487"
"5573","2","3","12","19","184","118","155","287","116","C1866495"
"4625","2","3","8","63","45","23","103","464","187","C1866495"
"7056","2","5","7","53","51","119","454","573","492","C1866495"
"1062","2","3","12","76","153","40","38","54","75","C1866496"
"5595","2","3","7","53","14","20","34","540","68","C1866496"
"54714","2","5","8","63","36","166","106","110","158","C1866498"
"4318","2","5","7","34","52","216","395","573","492","C1866498"
"9782","2","3","2","22","33","323","66","101","136","C1866500"
"5832","2","3","2","101","62","189","182","509","252","C1866500"
"860","2","3","12","19","31","276","91","433","118","C1866504"
"6925","2","3","12","19","31","225","142","220","298","C1866504"
"55670","2","3","5","43","161","305","409","208","482","C1866504"
"2896","2","5","7","34","52","216","395","549","674","C1866555"
"2071","2","3","12","19","31","261","116","159","211","C1866555"
"396","2","5","7","60","54","24","30","46","72","C1866558"
"8139","2","3","12","41","116","268","434","468","213","C1866558"
"5476","2","3","7","34","52","216","395","152","310","C1866558"
"673","2","5","7","53","14","20","34","540","68","C1866558"
"3426","2","5","7","53","51","119","395","549","674","C1866689"
"55851","2","5","7","53","14","143","428","236","667","C1866689"
"6926","2","5","7","53","51","335","259","560","373","C1866689"
"6571","2","3","8","60","36","71","341","223","624","C1866689"
"2670","2","5","7","27","36","150","341","223","628","C1866710"
"27316","2","3","2","22","33","323","66","101","136","C1866710"
"242","2","3","5","11","142","223","142","220","298","C1866710"
"50617","2","3","5","29","88","100","125","168","223","C1866730"
"1140","2","5","8","27","70","99","162","216","290","C1866730"
"389549","2","3","8","19","70","99","162","216","290","C1866730"
"9897","2","3","12","76","18","75","38","1","212","C1866730"
"8929","2","3","3","19","221","321","428","541","667","C1866730"
"5424","2","3","12","19","31","261","116","1","86","C1866730"
"11277","2","3","12","19","31","261","116","1","86","C1866730"
"1277","2","5","7","53","51","342","454","573","492","C1866730"
"23431","2","5","7","60","18","184","341","544","669","C1866730"
"675","2","3","12","19","31","261","116","1","86","C1866730"
"4668","2","3","5","21","111","188","242","313","396","C1866730"
"3851","2","3","12","76","153","40","38","54","75","C1866730"
"5444","2","3","5","80","147","236","328","411","229","C1866730"
"100","2","3","5","33","21","47","56","80","199","C1866730"
"55605","2","3","12","76","153","40","38","54","75","C1866730"
"1277","2","5","7","53","51","342","454","573","492","C1866730"
"5897","2","3","12","41","116","268","141","568","605","C1866730"
"8425","2","5","7","53","51","342","454","573","492","C1866730"
"1387","2","3","12","19","31","276","91","433","118","C1866730"
"5071","2","3","12","41","116","268","434","468","213","C1866730"
"7124","2","3","12","41","219","339","156","568","697","C1866730"
"1278","2","5","7","53","51","342","454","573","492","C1866730"
"2161","2","5","7","68","51","119","395","549","674","C1866730"
"9632","2","3","7","60","153","40","38","54","203","C1866730"
"81704","2","3","12","19","31","118","155","287","116","C1866730"
"1589","2","3","5","79","186","215","297","379","491","C1866751"
"2632","2","3","2","28","22","48","232","82","114","C1866751"
"392255","2","5","7","53","51","342","259","423","389","C1866751"
"4846","2","3","5","41","219","75","243","44","64","C1866751"
"5255","2","3","7","34","45","23","103","464","187","C1866753"
"29925","2","3","2","68","66","123","158","207","278","C1866753"
"5080","2","3","3","19","221","321","428","541","667","C1866753"
"2517","2","3","7","34","52","216","395","549","674","C1866753"
"1281","2","5","7","53","51","342","454","573","492","C1866753"
"2260","2","5","7","53","14","20","25","40","186","C1866753"
"55315","2","3","5","80","81","296","62","94","150","C1866772"
"1535","2","5","7","34","52","216","395","549","674","C1866772"
"7468","2","3","12","19","31","1","426","55","78","C1866772"
"84976","2","3","12","19","124","238","428","236","667","C1866772"
"2006","2","5","7","53","51","342","454","573","492","C1866863"
"5450","2","3","12","19","221","261","116","159","211","C1866863"
"5913","2","5","7","27","36","71","341","223","219","C1866863"
"2736","2","3","12","41","116","321","428","54","667","C1866863"
"8799","2","3","5","43","161","305","409","208","482","C1866863"
"55997","2","5","3","53","221","321","259","423","389","C1866863"
"10558","2","3","2","50","47","39","100","321","209","C1866863"
"4854","2","5","7","53","51","143","428","236","667","C1866863"
"5896","2","3","12","41","116","268","434","568","605","C1866959"
"348","2","5","7","53","51","342","454","573","492","C1866959"
"28952","2","3","12","41","116","268","434","468","213","C1866959"
"4703","2","5","7","60","45","23","103","464","187","C1867006"
"55505","2","3","2","110","85","237","433","547","671","C1867006"
"9469","2","3","2","103","189","303","29","475","467","C1867060"
"1286","2","5","7","53","51","342","454","573","492","C1867060"
"24","2","3","12","41","116","268","423","536","445","C1867060"
"2109","2","3","2","48","170","50","119","444","556","C1867060"
"537","2","3","5","29","88","132","85","222","346","C1867103"
"57817","2","5","7","34","51","342","350","243","561","C1867103"
"6598","2","3","12","19","31","1","426","55","78","C1867103"
"6662","2","3","3","19","221","321","428","541","667","C1867103"
"4803","2","5","7","60","54","24","30","46","72","C1867103"
"2710","2","3","2","72","43","179","88","125","382","C1867103"
"6657","2","3","12","19","221","321","428","541","667","C1867103"
"8322","2","5","3","68","221","184","259","544","669","C1867103"
"9927","2","3","12","19","31","118","155","287","116","C1867103"
"9210","2","5","7","53","51","342","454","573","492","C1867103"
"1828","2","5","7","34","52","216","142","220","298","C1867103"
"3565","2","5","7","53","51","119","25","489","416","C1867103"
"3479","2","5","7","53","51","342","454","573","492","C1867103"
"5073","2","3","2","110","85","323","433","146","194","C1867103"
"2322","2","5","7","53","14","20","25","40","186","C1867103"
"8743","2","5","12","41","219","339","156","568","697","C1867103"
"2780","2","5","4","68","96","326","427","548","672","C1867103"
"120892","2","3","2","110","85","28","164","85","522","C1867103"
"23742","2","5","5","68","96","326","427","447","586","C1867103"
"940","2","5","7","53","14","20","25","40","186","C1867114"
"5191","2","3","5","43","161","305","409","208","482","C1867114"
"6499","2","3","2","110","85","237","433","547","671","C1867114"
"4041","2","5","3","68","221","197","259","560","422","C1867131"
"3930","2","3","2","22","33","323","66","3","464","C1867131"
"8924","2","3","12","41","116","268","434","468","213","C1867131"
"7415","2","3","7","34","52","216","395","536","445","C1867131"
"1528","2","3","5","91","214","271","372","471","586","C1867131"
"7547","2","3","3","19","221","321","428","541","667","C1867131"
"3105","2","5","7","53","51","119","156","287","116","C1867131"
"215","2","3","5","47","144","185","238","310","392","C1867131"
"8924","2","3","12","41","116","268","434","468","213","C1867131"
"7390","2","3","5","80","81","166","132","175","473","C1867131"
"9049","2","3","3","41","151","276","378","271","356","C1867131"
"10806","2","3","12","76","153","40","38","54","75","C1867131"
"5034","2","5","7","53","51","342","454","573","492","C1867131"
"8195","2","3","12","76","153","76","38","54","75","C1867131"
"3569","2","5","7","53","51","342","454","573","416","C1867131"
"3630","2","5","7","53","14","20","25","40","186","C1867131"
"6868","2","5","7","53","51","342","454","236","492","C1867131"
"3209","2","3","3","19","221","321","428","541","667","C1867131"
"258","2","5","7","53","51","342","454","573","492","C1867131"
"4803","2","5","7","60","54","24","30","46","72","C1867131"
"2260","2","5","7","53","14","20","25","40","186","C1867131"
"9469","2","3","2","103","189","303","29","475","467","C1867131"
"4137","2","3","7","27","36","150","341","223","628","C1867131"
"4758","2","3","7","34","52","216","395","549","517","C1867131"
"4867","2","5","7","76","153","40","38","54","75","C1867131"
"6584","2","3","8","45","94","199","240","415","666","C1867131"
"7305","2","5","7","34","52","216","395","549","674","C1867131"
"5728","2","3","5","80","81","339","156","568","605","C1867131"
"7124","2","3","12","41","219","339","156","568","697","C1867131"
"3458","2","5","7","53","184","119","156","287","116","C1867132"
"7403","2","3","12","19","31","1","426","55","78","C1867132"
"25970","2","5","7","53","14","20","25","40","116","C1867138"
"26191","2","5","7","53","14","20","25","40","186","C1867138"
"27125","2","3","12","19","31","261","116","159","211","C1867423"
"2719","2","5","7","53","51","342","454","573","492","C1867423"
"5290","2","3","7","53","14","20","25","40","186","C1867423"
"2896","2","5","7","34","52","216","395","549","674","C1867439"
"641","2","3","12","19","31","261","116","1","86","C1867439"
"5832","2","3","2","101","62","189","182","509","252","C1867448"
"7124","2","3","12","41","219","339","156","568","697","C1867448"
"23395","2","3","2","110","85","67","76","252","154","C1867448"
"9213","2","5","7","68","96","184","219","380","666","C1867448"
"2773","2","5","4","68","96","326","427","548","672","C1867487"
"7468","2","3","12","19","31","1","426","55","78","C1867487"
"79719","2","5","7","60","181","184","341","544","669","C1867616"
"8086","2","3","12","22","33","323","66","101","664","C1867616"
"8292","2","5","5","27","51","342","454","573","492","C1867616"
"4204","2","3","12","19","31","1","426","55","78","C1867638"
"9992","2","5","8","63","36","166","341","110","158","C1867638"
"23384","2","3","12","63","45","184","103","572","658","C1867743"
"9723","2","5","7","53","51","342","79","560","373","C1867743"
"1906","2","5","4","68","96","326","427","548","672","C1867743"
"3930","2","3","2","22","33","323","66","3","464","C1867743"
"974","2","5","7","53","51","119","395","549","674","C1867743"
"23474","2","3","12","19","31","1","91","433","118","C1867743"
"2175","2","3","12","19","31","261","116","1","86","C1867863"
"4436","2","3","12","19","31","261","116","1","86","C1867863"
"5325","2","3","12","19","31","198","261","146","118","C1867863"
"2896","2","5","7","34","52","216","395","549","674","C1867863"
"1277","2","5","7","53","51","342","454","573","492","C1867863"
"1462","2","5","7","53","51","342","454","573","492","C1867863"
"23259","2","3","5","116","183","295","398","552","622","C1867863"
"3949","2","5","7","60","14","184","341","544","669","C1867864"
"4538","2","3","2","48","170","50","119","444","556","C1867864"
"1991","2","5","7","34","52","216","395","549","674","C1867864"
"4261","2","3","12","53","184","119","156","287","116","C1867864"
"1373","2","3","8","84","97","167","210","271","536","C1867955"
"163223","2","4","3","24","119","330","214","454","144","C1867955"
"9215","2","5","2","27","36","150","430","215","628","C1867955"
"2255","2","5","7","53","14","20","25","40","186","C1867955"
"9874","2","3","12","53","14","20","34","540","68","C1867955"
"2261","2","5","7","53","14","20","25","40","186","C1867955"
"2146","2","3","12","19","31","1","426","55","78","C1867955"
"3479","2","5","7","53","51","342","454","573","492","C1867955"
"7048","2","5","7","53","51","342","259","423","389","C1867955"
"2720","2","3","7","34","52","216","395","21","599","C1867955"
"5244","2","3","3","41","151","276","91","433","118","C1867955"
"5339","2","5","7","53","51","342","454","573","492","C1867955"
"1140","2","5","8","27","70","99","162","216","290","C1867955"
"1588","2","3","5","79","159","256","350","27","44","C1867955"
"3561","2","5","7","53","14","20","25","40","186","C1867955"
"145226","2","3","2","69","83","101","126","170","224","C1867955"
"4643","2","5","7","60","14","20","25","40","215","C1867955"
"54716","2","5","8","45","94","199","240","415","666","C1867955"
"266743","2","3","3","19","151","276","91","433","118","C1867955"
"7401","2","5","7","60","83","101","126","170","224","C1867955"
"4621","2","5","8","63","45","23","103","464","187","C1867955"
"6555","2","5","8","45","94","199","240","415","666","C1867955"
"1277","2","5","7","53","51","342","454","573","492","C1867955"
"8642","2","5","7","53","51","335","444","560","373","C1867955"
"7227","2","3","12","19","31","276","91","433","118","C1867955"
"9663","2","3","5","80","81","296","51","488","102","C1867955"
"5830","2","3","5","43","161","305","409","208","482","C1867955"
"2517","2","3","7","34","52","216","395","549","674","C1867971"
"57822","2","3","12","19","31","1","426","55","78","C1867971"
"2581","2","3","5","80","81","250","291","152","420","C1867981"
"440","2","3","2","101","62","189","182","509","154","C1867981"
"10749","2","3","7","76","153","40","38","54","75","C1867983"
"6331","2","5","8","63","36","166","341","223","158","C1867983"
"1186","2","5","8","63","45","23","34","464","187","C1868071"
"2516","2","3","3","19","151","276","91","433","118","C1868071"
"478","2","3","8","63","45","23","366","464","187","C1868071"
"2296","2","3","3","19","221","321","428","541","667","C1868085"
"23554","2","5","3","68","221","197","259","518","492","C1868085"
"10743","2","3","3","19","151","276","91","433","118","C1868085"
"4853","2","3","12","19","124","143","428","236","667","C1868085"
"10683","2","5","7","53","51","143","428","560","667","C1868085"
"9401","2","3","12","76","31","261","116","1","86","C1868085"
"4998","2","3","12","76","31","261","116","1","86","C1868085"
"9723","2","5","7","53","51","342","79","560","373","C1868085"
"4645","2","3","4","67","92","293","55","75","311","C1868085"
"7080","2","3","3","19","221","321","428","541","667","C1868085"
"4627","2","5","7","63","45","184","103","572","658","C1868085"
"7319","2","3","12","41","116","268","434","468","213","C1868114"
"7112","2","3","12","76","153","40","38","54","75","C1868114"
"7155","2","3","12","19","31","261","116","1","664","C1868394"
"4436","2","3","12","19","31","261","116","1","86","C1868394"
"6928","2","3","3","19","221","321","428","541","667","C1868394"
"6239","2","3","12","19","119","330","214","454","144","C1868528"
"10060","2","3","8","41","45","23","423","464","445","C1868528"
"1909","2","5","4","68","96","326","427","548","672","C1868528"
"9949","2","3","2","22","33","225","142","220","298","C1868528"
"1649","2","3","12","19","31","276","91","433","118","C1868528"
"10815","2","5","7","60","36","71","341","223","666","C1868556"
"8851","2","3","12","19","31","261","116","1","86","C1868556"
"2736","2","3","12","41","116","321","428","54","667","C1868556"
"9820","2","3","12","41","116","268","434","468","213","C1868569"
"2072","2","3","12","19","31","261","116","1","86","C1868569"
"2099","2","3","12","19","151","276","91","433","118","C1868577"
"2067","2","3","12","19","31","261","116","1","86","C1868577"
"25974","2","3","7","48","51","105","139","186","245","C1868577"
"5290","2","3","7","53","14","20","25","40","186","C1868577"
"2719","2","5","7","53","51","342","454","573","492","C1868577"
"1959","2","3","3","19","151","276","91","433","118","C1868577"
"4137","2","3","7","27","36","150","341","223","628","C1868577"
"9241","2","5","7","53","51","342","259","423","389","C1868577"
"226","2","5","7","34","52","216","395","549","702","C1868577"
"7422","2","5","7","53","51","342","454","573","702","C1868577"
"54790","2","3","12","19","31","1","426","55","78","C1868577"
"629","2","5","7","53","51","119","395","549","674","C1868577"
"9573","2","5","7","53","51","342","259","423","389","C1868578"
"5630","2","3","2","27","36","150","55","414","628","C1868578"
"5728","2","3","5","80","81","339","156","568","605","C1868578"
"6690","2","5","7","68","51","119","395","549","674","C1868578"
"1490","2","5","7","53","51","342","454","573","492","C1868578"
"2073","2","3","12","19","31","261","116","1","86","C1868578"
"440","2","3","2","101","62","189","182","509","154","C1868578"
"2516","2","3","3","19","151","276","91","433","118","C1868578"
"7048","2","5","7","53","51","342","259","423","389","C1868598"
"7169","2","5","8","63","45","23","103","464","187","C1868598"
"9742","2","3","12","76","153","40","38","54","75","C1868598"
"1187","2","5","8","63","45","23","34","464","187","C1868623"
"4508","2","3","2","48","170","50","119","444","556","C1868623"
"1317","2","3","7","25","44","165","101","274","358","C1868623"
"3549","2","5","3","53","51","197","259","560","422","C1868672"
"3909","2","5","7","53","51","342","454","573","492","C1868672"
"7415","2","3","7","34","52","216","395","536","445","C1868672"
"7466","2","5","7","53","51","342","454","573","492","C1868672"
"6495","2","3","3","19","221","321","428","541","667","C1868684"
"5428","2","3","2","48","170","50","119","167","593","C1868684"
"8092","2","3","3","19","221","321","428","541","667","C1868684"
"5832","2","3","2","101","62","189","182","509","252","C1868684"
"444","2","5","8","63","45","23","34","464","187","C1868684"
"1593","2","3","5","79","152","273","157","333","277","C1868684"
"4976","2","3","2","48","170","50","119","444","556","C1868684"
"7490","2","3","3","19","221","321","428","541","667","C1868720"
"51057","2","3","12","76","153","40","38","54","75","C1868720"
"54903","2","3","12","76","153","40","38","54","75","C1868720"
"776","2","5","8","63","36","166","341","390","158","C1869117"
"3845","2","5","7","60","54","24","30","46","72","C1869117"
"2492","2","5","4","68","96","326","427","548","672","C1869118"
"55505","2","3","2","110","85","237","433","547","671","C1869118"
"9968","2","4","3","24","119","330","214","454","144","C1869118"
"8892","2","3","2","110","85","237","433","547","671","C1869118"
"4625","2","3","8","63","45","23","103","464","187","C1869122"
"3814","2","5","4","68","96","326","427","548","672","C1869122"
"5310","2","5","7","53","51","335","444","560","373","C1873509"
"3664","2","5","7","53","184","119","156","287","116","C1873509"
"1268","2","5","4","68","96","326","427","548","672","C1873509"
"10312","2","3","7","34","52","216","395","549","674","C1873509"
"4436","2","3","12","19","31","261","116","1","86","C1873509"
"506","2","3","2","48","170","50","119","167","593","C1873509"
"1584","2","3","5","79","159","256","276","353","456","C1876165"
"3425","2","3","5","80","81","166","454","573","492","C1876165"
"7486","2","3","12","19","31","261","116","1","86","C1876165"
"8988","2","3","8","63","45","160","103","464","187","C1876165"
"9657","2","3","12","76","153","40","38","54","75","C1876165"
"208","2","5","7","53","14","20","34","540","68","C1876165"
"64072","2","5","7","53","51","335","444","560","373","C1876165"
"2253","2","5","7","53","14","20","25","40","186","C1876165"
"4000","2","3","12","26","105","178","226","297","156","C1876165"
"1991","2","5","7","34","52","216","395","549","674","C1876165"
"7421","2","3","3","19","151","276","91","433","118","C1876165"
"3630","2","5","7","53","14","20","25","40","186","C1876185"
"7737","2","3","12","22","33","268","434","468","213","C1876185"
"1312","2","3","2","87","79","105","426","129","25","C1876187"
"2289","2","3","12","76","219","339","347","271","356","C1876187"
"2919","2","5","7","34","52","216","427","548","672","C1876187"
"1387","2","3","12","19","31","276","91","433","118","C1876203"
"9094","2","5","7","27","36","150","341","331","624","C1876203"
"4920","2","5","7","53","14","20","259","560","373","C1876203"
"3586","2","5","7","53","51","119","25","489","416","C1876203"
"540","2","5","8","63","45","23","103","464","187","C1879286"
"10195","2","3","2","48","69","99","162","216","290","C1879286"
"977","2","5","7","53","51","342","454","573","492","C1879286"
"1778","2","3","7","76","153","40","38","54","75","C1879286"
"3952","2","5","3","53","151","276","91","433","118","C1879312"
"4361","2","3","12","19","31","261","116","1","86","C1879312"
"6495","2","3","3","19","221","321","428","541","667","C1879312"
"8647","2","3","5","46","158","252","352","449","563","C1879312"
"51259","2","3","2","76","153","40","38","54","75","C1879312"
"5993","2","3","12","19","31","1","426","55","78","C1879312"
"4148","2","5","7","53","51","342","454","573","492","C1879312"
"4763","2","5","7","60","54","24","30","46","214","C1879312"
"207","2","3","7","53","14","20","34","489","416","C1879312"
"29072","2","3","12","19","31","1","426","55","78","C1879312"
"4054","2","5","7","53","51","342","454","573","492","C1879312"
"1960","2","5","3","27","151","276","91","433","118","C1879312"
"50939","2","3","12","76","153","40","38","472","435","C1879312"
"2263","2","5","7","53","14","20","25","40","186","C1879312"
"1954","2","5","7","53","51","342","454","573","492","C1879312"
"60","2","3","12","60","45","184","155","287","78","C1879321"
"7291","2","3","12","19","151","276","91","489","416","C1879321"
"2299","2","3","3","19","221","321","428","541","667","C1879321"
"355","2","3","7","41","219","339","156","568","697","C1879362"
"8291","2","5","8","63","45","23","103","464","187","C1879362"
"2657","2","5","7","53","51","342","259","423","389","C1879362"
"9915","2","3","3","27","151","276","91","433","118","C1879526"
"999","2","5","7","53","51","342","444","560","373","C1879526"
"55703","2","3","2","22","33","261","116","159","211","C1879526"
"4540","2","3","2","48","170","50","119","444","556","C1879677"
"4914","2","3","2","22","18","266","202","252","252","C1879677"
"6334","2","5","8","63","36","166","341","223","158","C1955869"
"10269","2","3","2","48","182","50","119","444","556","C1955869"
"4683","2","3","12","19","31","261","116","1","86","C1955869"
"6251","2","3","7","80","45","23","103","188","701","C1955869"
"5308","2","3","3","19","221","321","428","541","667","C1955869"
"7545","2","5","3","34","52","216","142","220","298","C1955869"
"5745","2","5","4","68","96","326","427","548","672","C1955869"
"4286","2","3","12","19","31","261","116","1","664","C1955869"
"16","2","3","2","110","85","237","433","547","154","C1955869"
"90","2","5","7","53","51","342","259","423","389","C1955869"
"22931","2","5","7","34","54","24","30","46","72","C1955869"
"6813","2","5","7","53","51","342","454","573","702","C1955869"
"1281","2","5","7","53","51","342","454","573","492","C1955870"
"27077","2","3","12","76","153","40","38","54","75","C1955870"
"26227","2","3","2","41","137","44","208","81","108","C1955870"
"6223","2","3","2","110","85","237","433","547","671","C1955870"
"9702","2","3","12","76","153","40","38","54","75","C1955934"
"128178","2","3","12","41","219","339","156","568","697","C1955934"
"9640","2","3","12","19","31","261","116","159","211","C1955934"
"8085","2","3","12","19","31","1","426","55","78","C1955934"
"4540","2","3","2","48","170","50","119","444","556","C1955934"
"55131","2","3","2","110","85","237","433","547","671","C1955934"
"3480","2","5","7","53","14","20","25","40","186","C1956097"
"4286","2","3","12","19","31","261","116","1","664","C1956097"
"3931","2","3","5","116","183","295","454","243","327","C1956097"
"2956","2","3","12","19","31","261","116","1","86","C1956097"
"51","2","3","5","43","151","276","91","433","482","C1956147"
"4312","2","5","7","53","51","342","454","573","492","C1956147"
"11093","2","5","7","53","51","342","454","573","492","C1959620"
"1717","2","3","2","19","151","276","48","69","204","C1959620"
"3848","2","5","7","34","52","225","142","220","298","C1960469"
"9451","2","3","2","110","51","335","226","297","380","C1960469"
"2006","2","5","7","53","51","342","454","573","492","C1960469"
"4000","2","3","12","26","105","178","226","297","156","C1960469"
"4763","2","5","7","60","54","24","30","46","214","C1960469"
"2301","2","5","6","11","142","225","142","220","673","C1960469"
"5429","2","3","12","19","31","261","116","1","86","C1960469"
"50940","2","3","4","68","96","326","427","548","672","C1960469"
"3039","2","3","5","35","41","118","155","287","116","C1960469"
"4935","2","5","4","68","96","326","427","548","672","C1960469"
"5727","2","3","12","68","221","197","259","560","422","C1960469"
"5290","2","3","7","53","14","20","25","40","186","C1960469"
"3872","2","1","6","11","142","225","142","220","298","C1960469"
"5308","2","3","3","19","221","321","428","541","667","C1960469"
"1387","2","3","12","19","31","276","91","433","118","C1960546"
"4089","2","3","12","19","219","339","259","423","605","C1960546"
"5663","2","5","7","34","52","216","395","549","667","C1961099"
"3576","2","5","4","68","96","326","427","548","672","C1961099"
"4337","2","3","2","80","91","75","204","267","352","C1961099"
"25974","2","3","7","48","51","105","139","186","245","C1961099"
"8878","2","3","12","41","219","339","156","568","697","C1961099"
"1615","2","3","2","110","85","237","433","547","154","C1961099"
"2263","2","5","7","53","14","20","25","40","186","C1961099"
"5297","2","3","2","11","54","225","181","441","555","C1961099"
"5583","2","5","7","53","14","20","34","540","68","C1961099"
"5080","2","3","3","19","221","321","428","541","667","C1961099"
"5191","2","3","5","43","161","305","409","208","482","C1961099"
"9897","2","3","12","76","18","75","38","1","212","C1961099"
"2317","2","5","7","63","45","23","103","287","664","C1961099"
"26503","2","3","2","89","124","204","272","347","442","C1961099"
"51364","2","3","6","11","142","225","142","220","298","C1961099"
"9469","2","3","2","103","189","303","29","475","467","C1961099"
"7291","2","3","12","19","151","276","91","489","416","C1961835"
"4621","2","5","8","63","45","23","103","464","187","C1961835"
"3115","2","5","7","53","184","119","156","287","116","C1963946"
"59","2","5","8","63","45","23","103","464","187","C1963946"
"23414","2","3","12","19","31","118","155","287","116","C1963946"
"4093","2","3","12","19","221","342","259","423","389","C1963946"
"7476","2","5","3","68","221","197","259","560","422","C1963946"
"3240","2","5","7","34","52","216","395","549","674","C1968564"
"207","2","3","7","53","14","20","34","489","416","C1968564"
"673","2","5","7","53","14","20","34","540","68","C1968564"
"2009","2","3","12","76","153","40","38","54","75","C1968564"
"2658","2","5","7","53","51","342","259","423","389","C1968564"
"2261","2","5","7","53","14","20","25","40","186","C1968564"
"6926","2","5","7","53","51","335","259","560","373","C1968564"
"860","2","3","12","19","31","276","91","433","118","C1968565"
"9049","2","3","3","41","151","276","378","271","356","C1968565"
"7468","2","3","12","19","31","1","426","55","78","C1968565"
"3691","2","5","7","53","51","342","454","573","492","C1968565"
"1828","2","5","7","34","52","216","142","220","298","C1968574"
"5189","2","3","5","43","161","305","409","208","482","C1968574"
"9031","2","3","12","19","31","1","426","55","78","C1968574"
"51206","2","5","7","53","51","119","454","573","492","C1968592"
"8195","2","3","12","76","153","76","38","54","75","C1968592"
"4830","2","3","2","72","109","182","235","307","506","C1968593"
"1282","2","5","7","53","51","342","454","573","492","C1968593"
"6885","2","3","12","41","219","339","156","568","697","C1968602"
"7259","2","3","12","19","31","1","426","55","78","C1968602"
"55687","2","3","2","48","170","152","119","252","154","C1968602"
"5205","2","3","8","63","45","23","103","464","619","C1968611"
"582","2","3","12","76","153","76","38","54","75","C1968611"
"10555","2","3","7","34","52","216","395","549","622","C1968618"
"3818","2","5","7","68","51","119","395","549","674","C1968618"
"54880","2","3","12","19","31","1","426","55","78","C1968619"
"10225","2","5","7","53","51","119","395","549","674","C1968619"
"3045","2","3","12","19","31","118","155","287","116","C1968619"
"4148","2","5","7","53","51","342","454","573","492","C1968706"
"8291","2","5","8","63","45","23","103","464","187","C1968706"
"55636","2","3","3","19","221","321","428","423","389","C1968729"
"204","2","3","4","72","109","182","235","307","506","C1968729"
"5624","2","5","7","53","51","342","454","573","492","C1968729"
"4261","2","3","12","53","184","119","156","287","116","C1968790"
"50940","2","3","4","68","96","326","427","548","672","C1968790"
"23495","2","3","12","41","219","339","156","568","697","C1968790"
"6197","2","3","12","19","14","20","34","540","68","C1968790"
"2006","2","5","7","53","51","342","454","573","492","C1968790"
"23435","2","3","2","22","33","323","66","101","136","C1968790"
"7052","2","3","7","34","109","342","454","573","383","C1968790"
"3981","2","3","12","19","31","261","116","1","86","C1968851"
"389434","2","3","2","36","48","89","110","400","341","C1968851"
"5053","2","3","5","80","81","166","236","308","390","C1968851"
"8220","2","3","2","22","33","323","66","101","136","C1968851"
"5015","2","3","3","19","221","321","428","541","667","C1968852"
"3162","2","3","5","53","51","119","402","489","416","C1968852"
"11141","2","5","7","53","36","335","444","223","373","C1968852"
"9076","2","5","6","42","36","71","177","64","219","C1968852"
"5352","2","5","7","53","51","342","454","573","492","C1968855"
"1280","2","5","7","53","51","342","454","573","492","C1968855"
"3952","2","5","3","53","151","276","91","433","118","C1968958"
"51733","2","3","5","80","23","257","357","455","508","C1968958"
"5961","2","5","7","27","51","326","126","414","702","C1968959"
"6399","2","5","7","60","54","24","30","46","72","C1968959"
"673","2","5","7","53","14","20","34","540","68","C1968999"
"29110","2","3","12","41","219","339","156","568","697","C1968999"
"5190","2","3","5","43","161","305","409","208","482","C1968999"
"7421","2","3","3","19","151","276","91","433","118","C1968999"
"8799","2","3","5","43","161","305","409","208","482","C1968999"
"4322","2","5","7","53","51","342","454","573","492","C1968999"
"6392","2","3","2","48","170","50","119","444","556","C1968999"
"3569","2","5","7","53","51","342","454","573","416","C1968999"
"10682","2","5","4","68","96","326","48","69","204","C1969073"
"4351","2","3","2","90","167","266","367","500","577","C1969073"
"472","2","3","12","19","31","261","116","1","86","C1969073"
"6497","2","5","3","19","221","342","259","423","389","C1969073"
"10060","2","3","8","41","45","23","423","464","445","C1969073"
"6515","2","5","7","34","52","216","395","549","674","C1969144"
"8573","2","5","7","53","36","71","341","223","219","C1969144"
"3872","2","1","6","11","142","225","142","220","298","C1969144"
"8481","2","3","12","76","153","40","38","54","75","C1969144"
"2259","2","5","8","63","36","166","341","223","158","C1969176"
"207","2","3","7","53","14","20","34","489","416","C1969176"
"25974","2","3","7","48","51","105","139","186","245","C1969176"
"7450","2","5","7","53","51","342","454","573","492","C1969222"
"5813","2","3","12","19","31","1","116","159","211","C1969222"
"5077","2","3","3","19","221","321","428","541","667","C1969236"
"9394","2","3","2","74","58","112","148","193","263","C1969236"
"1293","2","5","7","53","51","342","454","573","492","C1969236"
"6913","2","3","3","19","221","321","428","541","667","C1969363"
"5860","2","3","2","69","91","75","204","267","352","C1969363"
"5970","2","3","12","19","31","276","91","433","118","C1969363"
"9640","2","3","12","19","31","261","116","159","211","C1969363"
"23432","2","3","12","41","116","268","38","54","75","C1969372"
"3982","2","5","8","63","45","23","103","464","187","C1969372"
"9031","2","3","12","19","31","1","426","55","78","C1969372"
"1376","2","3","2","19","151","276","91","433","118","C1969372"
"2130","2","3","2","22","33","323","66","491","609","C1969372"
"7547","2","3","3","19","221","321","428","541","667","C1969372"
"2876","2","3","5","80","81","110","378","173","229","C1969372"
"8092","2","3","3","19","221","321","428","541","667","C1969372"
"57107","2","3","2","48","170","50","119","444","556","C1969372"
"2811","2","5","7","53","51","1","454","573","78","C1969372"
"1548","2","3","5","91","214","226","326","447","586","C1969372"
"23363","2","3","12","41","116","268","434","468","213","C1969443"
"22909","2","3","12","19","31","261","116","1","86","C1969443"
"1106","2","3","12","19","31","1","426","55","78","C1969655"
"8924","2","3","12","41","116","268","434","468","213","C1969655"
"217","2","3","5","75","120","200","75","230","309","C1969680"
"7167","2","3","2","90","167","266","367","500","577","C1969680"
"2697","2","3","7","76","153","40","38","54","75","C1969738"
"2950","2","5","7","34","52","216","395","549","674","C1969738"
"22856","2","3","2","78","189","303","251","320","403","C1969875"
"5352","2","5","7","53","51","342","454","573","492","C1969875"
"5573","2","3","12","19","184","118","155","287","116","C1969875"
"5885","2","3","12","76","153","40","38","54","75","C1969875"
"5521","2","3","12","76","137","76","136","472","435","C1969875"
"6326","2","5","8","63","36","166","341","390","158","C1969879"
"8031","2","3","12","19","151","276","91","433","118","C1969879"
"5195","2","3","5","43","161","305","409","208","482","C1969879"
"1788","2","3","12","19","31","1","426","55","78","C1969879"
"1301","2","5","7","53","51","342","454","573","492","C1969879"
"9364","2","5","7","60","54","24","30","46","72","C1969879"
"5447","2","3","5","91","214","271","372","471","586","C1969913"
"27030","2","3","12","19","31","1","426","55","78","C1969913"
"26608","2","3","2","22","170","50","119","463","153","C1969913"
"5495","2","3","12","41","219","339","347","287","664","C1969913"
"3605","2","5","7","53","51","119","25","489","416","C1969913"
"5071","2","3","12","41","116","268","434","468","213","C1969913"
"25885","2","3","12","19","31","1","426","55","78","C1969913"
"8085","2","3","12","19","31","1","426","55","78","C1969913"
"7353","2","3","12","41","219","339","156","568","605","C1969913"
"8085","2","3","12","19","31","1","426","55","78","C1969913"
"3073","2","3","5","105","155","250","291","152","420","C1969913"
"1311","2","5","7","53","51","342","454","573","492","C1969913"
"4514","2","3","2","48","57","110","141","359","5","C1969913"
"4023","2","3","5","24","51","342","91","20","27","C1969913"
"10002","2","3","3","19","151","276","91","433","118","C1970095"
"5195","2","3","5","43","161","305","409","208","482","C1970095"
"8891","2","3","2","110","85","237","433","547","671","C1970112"
"4627","2","5","7","63","45","184","103","572","658","C1970112"
"2006","2","5","7","53","51","342","454","573","492","C1970167"
"2694","2","5","7","48","51","105","139","186","245","C1970167"
"9289","2","5","4","68","96","326","427","548","672","C1970167"
"9150","2","3","12","19","31","261","116","159","211","C1970168"
"5885","2","3","12","76","153","40","38","54","75","C1970168"
"3207","2","3","3","19","221","321","428","541","667","C1970168"
"9049","2","3","3","41","151","276","378","271","356","C1970187"
"2516","2","3","3","19","151","276","91","433","118","C1970187"
"5290","2","3","7","53","14","20","25","40","186","C1970257"
"6231","2","3","2","110","85","237","433","547","671","C1970257"
"5015","2","3","3","19","221","321","428","541","667","C1970257"
"8312","2","3","12","41","219","339","156","568","605","C1970257"
"7518","2","3","12","19","31","261","116","1","86","C1970263"
"2033","2","3","12","19","31","1","91","433","118","C1970263"
"3717","2","5","7","53","14","20","25","40","186","C1970263"
"5566","2","3","12","76","14","20","34","540","75","C1970263"
"7456","2","5","7","60","14","20","25","40","215","C1970308"
"975","2","5","7","53","51","119","395","549","674","C1970308"
"2705","2","3","12","76","153","40","38","54","75","C1970308"
"6663","2","3","3","19","221","321","428","541","667","C1970308"
"5310","2","5","7","53","51","335","444","560","373","C1970308"
"1759","2","5","7","60","14","184","341","544","669","C1970308"
"2697","2","3","7","76","153","40","38","54","75","C1970431"
"1814","2","5","4","68","96","326","427","548","672","C1970431"
"3914","2","5","7","53","51","342","454","573","492","C1970431"
"5592","2","5","4","53","14","20","34","540","68","C1970497"
"8022","2","3","3","110","85","321","428","541","667","C1970497"
"11285","2","3","2","74","205","191","396","408","620","C1970497"
"4988","2","5","4","68","96","326","427","548","672","C1970497"
"7018","2","5","7","53","51","342","454","573","669","C1970497"
"1723","2","3","2","48","170","50","119","444","556","C1970705"
"7471","2","5","3","68","221","197","259","560","422","C1970705"
"6663","2","3","3","19","221","321","428","541","667","C1970705"
"3675","2","5","7","53","51","342","454","573","492","C1970705"
"4692","2","5","7","53","51","119","402","489","416","C1970705"
"5979","2","5","7","53","14","20","25","40","186","C1970705"
"7431","2","3","12","41","45","23","103","489","416","C1970705"
"3718","2","5","7","53","14","20","25","40","186","C1970705"
"4915","2","5","7","53","14","20","25","40","186","C1970705"
"1030","2","3","12","19","31","1","426","55","78","C1970705"
"1302","2","5","7","53","51","342","454","573","492","C1970705"
"8625","2","3","12","19","31","276","91","236","118","C1970705"
"2771","2","5","4","68","96","326","427","548","672","C1970705"
"8195","2","3","12","76","153","76","38","54","75","C1970705"
"2071","2","3","12","19","31","261","116","159","211","C1970705"
"7227","2","3","12","19","31","276","91","433","118","C1970705"
"9241","2","5","7","53","51","342","259","423","389","C1970705"
"2188","2","3","12","19","31","261","116","1","86","C1970705"
"27286","2","5","7","53","51","342","444","560","492","C1970705"
"5617","2","5","12","19","31","1","426","55","78","C1970705"
"6843","2","5","7","60","36","71","341","223","203","C1970705"
"4313","2","5","7","53","51","342","454","573","492","C1970705"
"2516","2","3","3","19","151","276","91","433","118","C1970705"
"860","2","3","12","19","31","276","91","433","118","C1970705"
"2147","2","5","7","68","51","342","454","573","492","C1970705"
"2677","2","5","7","53","51","342","454","573","492","C1970777"
"4882","2","3","4","68","96","326","427","548","672","C1970777"
"5982","2","3","12","19","31","261","116","1","86","C1970816"
"9394","2","3","2","74","58","112","148","193","263","C1970816"
"4089","2","3","12","19","219","339","259","423","605","C1970883"
"6899","2","5","7","53","184","335","259","560","373","C1970883"
"6662","2","3","3","19","221","321","428","541","667","C1970883"
"55325","2","5","7","34","181","23","119","544","187","C1970883"
"7490","2","3","3","19","221","321","428","541","667","C1970883"
"2952","2","3","5","91","175","271","372","471","586","C1970883"
"673","2","5","7","53","14","20","34","540","68","C1970883"
"51364","2","3","6","11","142","225","142","220","298","C2048011"
"8241","2","3","2","22","33","323","66","101","136","C2048011"
"100","2","3","5","33","21","47","56","80","199","C2048011"
"9791","2","3","8","45","94","199","240","415","666","C2048011"
"79751","2","3","2","10","180","290","26","73","74","C2048011"
"5167","2","3","5","32","93","163","207","303","126","C2048011"
"2110","2","3","2","48","170","50","119","444","556","C2048011"
"857","2","5","7","53","45","23","57","83","422","C2048011"
"23590","2","3","2","48","170","50","119","444","556","C2048011"
"2668","2","5","7","53","14","20","25","40","186","C2063326"
"3611","2","5","7","53","14","20","103","188","701","C2063326"
"50484","2","3","5","80","109","182","235","307","506","C2063326"
"10804","2","3","12","76","153","40","38","54","75","C2063326"
"118856","2","5","7","53","51","342","454","573","492","C2063326"
"50617","2","3","5","29","88","100","125","168","223","C2063326"
"60","2","3","12","60","45","184","155","287","78","C2063326"
"2706","2","3","12","76","153","40","38","54","75","C2063866"
"768","2","3","5","35","41","77","40","370","303","C2063866"
"5604","2","5","7","53","14","20","34","540","68","C2063866"
"6899","2","5","7","53","184","335","259","560","373","C2063866"
"2260","2","5","7","53","14","20","25","40","186","C2063866"
"5781","2","5","7","53","14","20","25","40","186","C2063866"
"6710","2","5","7","60","14","20","25","40","186","C2112129"
"3481","2","5","7","53","51","342","454","573","492","C2112129"
"8504","2","3","5","47","144","185","238","310","392","C2112129"
"5993","2","3","12","19","31","1","426","55","78","C2112129"
"3683","2","5","7","53","51","119","395","549","674","C2112129"
"259232","2","5","8","63","45","23","34","464","187","C2112129"
"64699","2","5","7","68","51","119","395","549","674","C2112129"
"5728","2","3","5","80","81","339","156","568","605","C2112129"
"2073","2","3","12","19","31","261","116","1","86","C2112129"
"10939","2","3","2","48","170","50","119","444","593","C2112129"
"10166","2","3","2","84","97","167","210","278","360","C2112129"
"8893","2","3","2","110","85","237","433","547","671","C2112129"
"1144","2","5","8","27","70","99","162","216","290","C2112942"
"2074","2","3","12","19","31","1","426","55","78","C2112942"
"4548","2","3","2","15","85","105","139","186","245","C2112942"
"2160","2","5","7","68","51","119","395","549","674","C2128203"
"10280","2","3","2","110","85","52","57","86","119","C2128203"
"1281","2","5","7","53","51","342","454","573","492","C2169794"
"1145","2","5","8","27","70","99","162","216","290","C2169794"
"3516","2","3","12","19","31","143","428","236","667","C2169794"
"7403","2","3","12","19","31","1","426","55","78","C2169795"
"10743","2","3","3","19","151","276","91","433","118","C2169795"
"1234","2","5","4","68","96","326","427","548","672","C2176208"
"28952","2","3","12","41","116","268","434","468","213","C2176208"
"54880","2","3","12","19","31","1","426","55","78","C2216370"
"10733","2","3","12","76","153","40","38","54","75","C2216370"
"5663","2","5","7","34","52","216","395","549","667","C2216370"
"4541","2","3","2","48","170","50","119","444","24","C2216370"
"54716","2","5","8","45","94","199","240","415","666","C2216370"
"4784","2","3","2","22","33","261","116","159","211","C2216370"
"144811","2","3","6","11","142","225","417","128","298","C2216370"
"9950","2","5","7","60","54","40","98","66","203","C2219717"
"4763","2","5","7","60","54","24","30","46","214","C2219717"
"462","2","5","7","53","51","342","454","573","492","C2219717"
"2998","2","3","2","28","22","48","232","82","114","C2219717"
"3845","2","5","7","60","54","24","30","46","72","C2219717"
"1278","2","5","7","53","51","342","454","573","492","C2219717"
"3981","2","3","12","19","31","261","116","1","86","C2219717"
"3423","2","3","5","74","3","342","374","294","590","C2219717"
"4337","2","3","2","80","91","75","204","267","352","C2219717"
"3845","2","5","7","60","54","24","30","46","72","C2219717"
"6845","2","5","7","60","14","184","341","544","669","C2219717"
"5063","2","5","7","53","14","20","34","540","68","C2219717"
"7133","2","5","7","34","52","216","395","549","697","C2219717"
"5351","2","5","7","53","51","342","454","573","492","C2229182"
"2121","2","3","12","41","116","268","434","568","605","C2229182"
"5314","2","3","12","76","153","40","38","54","75","C2229182"
"8842","2","5","5","53","82","147","184","179","328","C2229182"
"4893","2","5","7","34","52","24","30","46","72","C2229182"
"1584","2","3","5","79","159","256","276","353","456","C2229182"
"3123","2","5","7","53","51","119","156","287","116","C2229182"
"551","2","5","4","68","96","326","427","548","672","C2229182"
"54361","2","5","3","68","221","197","259","560","422","C2229182"
"54453","2","5","7","60","54","24","30","46","72","C2229182"
"55612","2","5","7","60","36","71","177","560","701","C2229182"
"23414","2","3","12","19","31","118","155","287","116","C2229182"
"1075","2","5","7","34","52","216","395","549","674","C2229182"
"6736","2","3","12","19","31","276","91","433","667","C2229182"
"7415","2","3","7","34","52","216","395","536","445","C2235909"
"51085","2","3","2","48","57","110","141","359","462","C2235909"
"2316","2","5","7","53","51","342","454","573","702","C2235909"
"207","2","3","7","53","14","20","34","489","416","C2235909"
"23545","2","3","5","29","88","132","85","222","346","C2237142"
"4846","2","3","5","41","219","75","243","44","64","C2237142"
"2767","2","5","4","68","96","326","427","548","672","C2237142"
"4851","2","3","12","19","221","143","428","236","667","C2237142"
"3559","2","5","7","53","14","20","25","40","186","C2237142"
"50484","2","3","5","80","109","182","235","307","506","C2237142"
"6901","2","3","2","48","170","50","304","167","593","C2242472"
"6736","2","3","12","19","31","276","91","433","667","C2242472"
"8526","2","3","2","63","30","193","306","390","158","C2242472"
"51684","2","3","12","41","116","268","38","54","75","C2242472"
"80144","2","5","7","53","51","335","444","560","373","C2242472"
"5184","2","3","5","80","81","166","52","105","349","C2242472"
"658","2","5","7","53","51","342","259","423","389","C2242472"
"546","2","3","12","19","31","261","426","1","86","C2242472"
"4000","2","3","12","26","105","178","226","297","156","C2242472"
"1644","2","3","2","88","79","239","333","258","345","C2242472"
"55636","2","3","3","19","221","321","428","423","389","C2242472"
"10847","2","3","12","19","31","1","426","55","78","C2242472"
"5978","2","3","12","19","31","1","426","55","78","C2242472"
"1146","2","5","8","27","70","99","162","216","290","C2242472"
"2132","2","3","2","74","58","112","148","193","263","C2242472"
"4722","2","3","2","48","170","50","119","444","556","C2242472"
"54714","2","5","8","63","36","166","106","110","158","C2242472"
"2192","2","5","7","53","51","342","454","573","492","C2242577"
"1610","2","3","5","80","81","305","409","208","482","C2242577"
"6731","2","3","2","110","85","237","433","547","671","C2265792"
"2706","2","3","12","76","153","40","38","54","75","C2265792"
"658","2","5","7","53","51","342","259","423","389","C2265792"
"72","2","5","8","63","45","23","103","464","187","C2265792"
"5130","2","3","2","85","143","286","51","488","102","C2265792"
"51324","2","3","2","48","142","225","142","220","298","C2265792"
"5496","2","3","2","22","33","323","66","101","136","C2265792"
"2161","2","5","7","68","51","119","395","549","674","C2265792"
"8815","2","3","12","22","33","323","66","444","664","C2265792"
"861","2","3","12","19","31","1","426","55","78","C2265792"
"5328","2","5","7","34","52","216","395","549","674","C2265792"
"2218","2","5","2","53","123","194","255","560","373","C2265792"
"2773","2","5","4","68","96","326","427","548","672","C2265792"
"8496","2","5","7","50","30","193","306","148","624","C2265792"
"1312","2","3","2","87","79","105","426","129","25","C2265792"
"5190","2","3","5","43","161","305","409","208","482","C2265792"
"3930","2","3","2","22","33","323","66","3","464","C2266639"
"6622","2","3","7","27","36","150","341","223","628","C2266639"
"3691","2","5","7","53","51","342","454","573","492","C2266639"
"6389","2","3","2","48","170","50","119","444","556","C2266639"
"9770","2","3","2","48","57","110","141","359","72","C2266639"
"8314","2","3","12","41","31","1","426","55","78","C2266639"
"6687","2","3","2","48","170","50","119","444","593","C2266639"
"51053","2","3","12","41","116","261","116","1","86","C2266639"
"1636","2","3","5","80","81","166","397","418","568","C2266639"
"2702","2","3","12","76","153","40","38","54","75","C2266639"
"3115","2","5","7","53","184","119","156","287","116","C2266639"
"54567","2","5","7","53","51","143","428","236","667","C2266639"
"256646","2","3","3","11","221","73","79","560","373","C2266639"
"54808","2","3","12","76","153","40","38","54","75","C2266639"
"23417","2","3","2","43","161","305","409","208","482","C2266639"
"4853","2","3","12","19","124","143","428","236","667","C2266639"
"8195","2","3","12","76","153","76","38","54","75","C2266639"
"445","2","3","2","84","97","167","210","278","360","C2266639"
"1487","2","3","12","19","31","1","426","55","340","C2266639"
"5054","2","5","7","53","51","342","454","573","492","C2266639"
"2200","2","5","7","53","51","342","454","573","492","C2266639"
"5158","2","3","4","68","45","272","259","518","621","C2266639"
"58","2","5","8","63","45","23","103","464","187","C2266639"
"5130","2","3","2","85","143","286","51","488","102","C2266639"
"4318","2","5","7","34","52","216","395","573","492","C2266639"
"3593","2","5","7","53","51","119","25","489","416","C2266639"
"7421","2","3","3","19","151","276","91","433","118","C2266639"
"8626","2","3","3","19","221","321","428","541","667","C2266639"
"1959","2","3","3","19","151","276","91","433","118","C2266639"
"9896","2","3","5","80","81","296","399","201","274","C2266639"
"1786","2","3","12","19","31","1","426","55","78","C2266639"
"7450","2","5","7","53","51","342","454","573","492","C2315541"
"2189","2","3","12","19","31","261","116","1","86","C2315541"
"4221","2","3","12","19","31","342","454","573","492","C2316212"
"51626","2","3","12","76","153","40","38","54","75","C2316212"
"9321","2","3","12","76","153","40","38","54","203","C2316810"
"5970","2","3","12","19","31","276","91","433","118","C2316810"
"673","2","5","7","53","14","20","34","540","68","C2316810"
"4089","2","3","12","19","219","339","259","423","605","C2316810"
"2673","2","3","2","110","94","178","226","297","380","C2316810"
"10735","2","3","12","76","153","40","38","54","75","C2316810"
"59","2","5","8","63","45","23","103","464","187","C2316810"
"5009","2","3","2","48","97","50","304","167","593","C2316810"
"8722","2","3","7","76","153","40","38","54","75","C2316810"
"3605","2","5","7","53","51","119","25","489","416","C2316810"
"613","2","5","7","60","54","24","30","46","72","C2316810"
"27031","2","3","6","11","142","225","38","331","506","C2316810"
"3592","2","5","7","53","51","119","25","489","416","C2316810"
"1421","2","3","6","63","45","160","362","177","673","C2316810"
"2273","2","5","8","63","45","23","103","464","187","C2316810"
"8050","2","3","2","67","92","293","55","75","311","C2316810"
"5443","2","5","4","68","96","326","427","548","672","C2316810"
"5906","2","5","7","34","52","216","30","46","72","C2316810"
"6017","2","3","2","69","83","101","126","170","224","C2316810"
"54556","2","3","12","19","31","1","426","55","78","C2316810"
"2006","2","5","7","53","51","342","454","573","492","C2316810"
"3561","2","5","7","53","14","20","25","40","186","C2316810"
"4041","2","5","3","68","221","197","259","560","422","C2316810"
"10265","2","3","3","19","221","321","428","541","667","C2316810"
"1636","2","3","5","80","81","166","397","418","568","C2316810"
"29887","2","3","7","60","18","110","141","198","270","C2316810"
"6662","2","3","3","19","221","321","428","541","667","C2316810"
"5922","2","5","7","60","54","24","30","46","72","C2316810"
"5077","2","3","3","19","221","321","428","541","667","C2316810"
"8328","2","3","12","19","31","1","426","55","78","C2316810"
"1268","2","5","4","68","96","326","427","548","672","C2316810"
"10908","2","3","2","97","173","275","377","473","592","C2350233"
"4976","2","3","2","48","170","50","119","444","556","C2350233"
"25939","2","3","12","53","184","119","156","287","116","C2362324"
"4790","2","3","7","34","52","216","166","129","697","C2362324"
"7066","2","5","7","53","51","119","25","573","416","C2362324"
"5648","2","5","7","53","51","119","395","549","674","C2362324"
"1387","2","3","12","19","31","276","91","433","118","C2362914"
"23414","2","3","12","19","31","118","155","287","116","C2362914"
"1404","2","5","7","53","51","342","454","573","492","C2362914"
"5578","2","5","7","53","14","20","34","540","621","C2362914"
"23426","2","5","7","42","36","71","177","223","219","C2362914"
"5605","2","5","7","53","14","20","34","540","68","C2362914"
"11285","2","3","2","74","205","191","396","408","620","C2363129"
"4000","2","3","12","26","105","178","226","297","156","C2363129"
"1308","2","5","7","53","51","119","454","573","492","C2363129"
"5071","2","3","12","41","116","268","434","468","213","C2363903"
"55704","2","3","12","76","153","40","38","54","75","C2363903"
"4089","2","3","12","19","219","339","259","423","605","C2364082"
"4709","2","3","2","48","170","50","119","444","556","C2364082"
"3373","2","3","5","80","51","342","454","573","492","C2364082"
"7169","2","5","8","63","45","23","103","464","187","C2364082"
"5921","2","5","7","60","14","24","25","40","215","C2364082"
"355","2","3","7","41","219","339","156","568","697","C2364082"
"3172","2","3","3","19","151","276","91","433","118","C2364082"
"6329","2","5","8","63","36","166","341","390","158","C2364082"
"4854","2","5","7","53","51","143","428","236","667","C2364082"
"2155","2","5","7","53","51","119","454","549","674","C2364082"
"1184","2","5","8","63","45","23","34","464","187","C2364082"
"355","2","3","7","41","219","339","156","568","697","C2364082"
"51259","2","3","2","76","153","40","38","54","75","C2364082"
"7124","2","3","12","41","219","339","156","568","697","C2364082"
"3832","2","3","12","76","153","40","38","54","75","C2364082"
"7248","2","3","2","48","57","110","141","359","462","C2364082"
"10847","2","3","12","19","31","1","426","55","78","C2364082"
"1908","2","5","4","68","96","326","427","548","672","C2364082"
"51010","2","3","2","110","85","237","433","547","671","C2364082"
"2072","2","3","12","19","31","261","116","1","86","C2364082"
"23522","2","3","12","19","31","1","426","55","78","C2364082"
"1643","2","3","12","41","116","268","434","468","213","C2584774"
"2492","2","5","4","68","96","326","427","548","672","C2584774"
"617","2","3","2","48","170","50","304","167","593","C2584774"
"3426","2","5","7","53","51","119","395","549","674","C2607914"
"4629","2","5","8","63","45","23","103","464","187","C2607914"
"6591","2","3","12","19","31","1","426","55","78","C2607914"
"3949","2","5","7","60","14","184","341","544","669","C2607914"
"5053","2","3","5","80","81","166","236","308","390","C2607914"
"3763","2","5","8","63","36","166","106","110","158","C2609071"
"5728","2","3","5","80","81","339","156","568","605","C2609071"
"5290","2","3","7","53","14","20","25","40","186","C2613439"
"3000","2","5","4","68","96","326","427","548","672","C2613439"
"549","2","3","5","80","81","166","114","155","202","C2613439"
"2158","2","5","7","68","51","119","395","549","674","C2613439"
"5468","2","3","3","19","151","276","91","433","118","C2613439"
"396","2","5","7","60","54","24","30","46","72","C2673431"
"10371","2","5","7","53","51","342","79","560","373","C2673431"
"6103","2","3","12","76","153","40","38","54","75","C2673431"
"6314","2","3","12","19","31","1","426","568","78","C2673431"
"2263","2","5","7","53","14","20","25","40","186","C2673431"
"8625","2","3","12","19","31","276","91","236","118","C2673431"
"3655","2","5","7","53","51","342","454","573","492","C2673431"
"55240","2","3","5","29","88","132","402","489","551","C2673431"
"1106","2","3","12","19","31","1","426","55","78","C2673443"
"1583","2","3","5","79","152","273","375","100","589","C2673443"
"3207","2","3","3","19","221","321","428","541","667","C2673443"
"5077","2","3","3","19","221","321","428","541","667","C2673462"
"5327","2","5","7","53","51","342","454","573","492","C2673462"
"5251","2","3","5","80","81","296","474","593","722","C2673462"
"9563","2","3","5","13","10","212","294","373","485","C2673462"
"2290","2","3","3","19","221","321","428","541","667","C2673482"
"7297","2","5","7","53","184","119","25","40","186","C2673482"
"26191","2","5","7","53","14","20","25","40","186","C2673536"
"477","2","3","8","63","45","23","103","464","187","C2673536"
"8540","2","3","5","43","161","305","409","208","482","C2673597"
"4763","2","5","7","60","54","24","30","46","214","C2673597"
"54","2","3","5","80","81","178","195","256","342","C2673597"
"3479","2","5","7","53","51","342","454","573","492","C2673597"
"26504","2","3","5","42","81","296","399","201","274","C2673597"
"26154","2","3","5","47","144","185","238","310","392","C2673597"
"2694","2","5","7","48","51","105","139","186","245","C2673653"
"3791","2","5","7","53","51","342","454","573","492","C2673653"
"1188","2","5","8","63","45","23","34","464","187","C2673670"
"3479","2","5","7","53","51","342","454","573","492","C2673670"
"582","2","3","12","76","153","76","38","54","75","C2673670"
"6338","2","5","8","63","45","23","34","464","187","C2673670"
"7468","2","3","12","19","31","1","426","55","78","C2673670"
"1029","2","3","12","19","31","1","116","1","664","C2673670"
"3339","2","5","7","53","51","342","454","573","492","C2673700"
"5889","2","3","12","19","31","261","116","1","86","C2673700"
"1146","2","5","8","27","70","99","162","216","290","C2673700"
"5805","2","3","2","43","91","75","204","267","352","C2673759"
"5048","2","3","12","76","153","40","38","54","75","C2673759"
"5696","2","3","12","41","116","268","156","568","116","C2673759"
"673","2","5","7","53","14","20","34","540","68","C2673820"
"6607","2","3","2","22","33","323","66","101","664","C2673820"
"4261","2","3","12","53","184","119","156","287","116","C2673914"
"51085","2","3","2","48","57","110","141","359","462","C2673914"
"4534","2","3","5","80","81","296","399","362","468","C2673929"
"55636","2","3","3","19","221","321","428","423","389","C2673929"
"1298","2","5","7","53","51","342","454","573","492","C2673946"
"345","2","5","7","53","51","342","454","573","492","C2673946"
"2109","2","3","2","48","170","50","119","444","556","C2673946"
"5339","2","5","7","53","51","342","454","573","492","C2673946"
"847","2","3","7","34","52","216","395","549","674","C2673946"
"1497","2","5","2","63","182","50","103","297","628","C2673946"
"6218","2","3","2","110","85","237","433","547","671","C2673946"
"4512","2","3","2","48","170","110","141","359","8","C2673946"
"5190","2","3","5","43","161","305","409","208","482","C2673946"
"9786","2","3","12","76","153","40","38","54","75","C2674432"
"8328","2","3","12","19","31","1","426","55","78","C2674432"
"10269","2","3","2","48","182","50","119","444","556","C2674432"
"4722","2","3","2","48","170","50","119","444","556","C2674432"
"4683","2","3","12","19","31","261","116","1","86","C2674432"
"3569","2","5","7","53","51","342","454","573","416","C2674432"
"435","2","3","8","84","97","167","210","278","360","C2674432"
"1594","2","3","5","92","163","96","363","460","487","C2674432"
"4851","2","3","12","19","221","143","428","236","667","C2674432"
"8565","2","3","2","110","85","237","433","547","154","C2674432"
"3845","2","5","7","60","54","24","30","46","72","C2674432"
"7124","2","3","12","41","219","339","156","568","697","C2674432"
"2203","2","3","5","80","81","266","367","500","577","C2674432"
"54880","2","3","12","19","31","1","426","55","78","C2674432"
"4692","2","5","7","53","51","119","402","489","416","C2674432"
"8892","2","3","2","110","85","237","433","547","671","C2674432"
"2048","2","5","7","53","14","20","25","560","373","C2674432"
"5328","2","5","7","34","52","216","395","549","674","C2674432"
"25978","2","3","2","48","57","110","141","359","462","C2674432"
"1019","2","3","12","19","31","1","116","1","86","C2674432"
"3549","2","5","3","53","51","197","259","560","422","C2674432"
"1544","2","3","5","91","214","271","372","471","586","C2674432"
"1030","2","3","12","19","31","1","426","55","78","C2674432"
"8314","2","3","12","41","31","1","426","55","78","C2674432"
"23322","2","3","12","76","153","40","38","54","75","C2674432"
"667","2","5","7","53","51","342","454","573","492","C2674432"
"7051","2","1","6","11","142","225","142","220","298","C2674432"
"554","2","5","4","68","96","326","427","548","672","C2674432"
"23204","2","3","2","48","57","110","141","359","462","C2674432"
"930","2","5","7","53","14","119","25","40","186","C2674432"
"4540","2","3","2","48","170","50","119","444","556","C2674432"
"5424","2","3","12","19","31","261","116","1","86","C2674574"
"5551","2","5","7","53","51","119","395","549","674","C2674574"
"811","2","3","2","41","116","342","423","536","342","C2674574"
"2261","2","5","7","53","14","20","25","40","186","C2674574"
"1836","2","3","2","35","41","94","260","330","375","C2674574"
"26277","2","3","12","19","31","1","426","1","78","C2674574"
"4340","2","5","7","53","51","119","341","223","628","C2674574"
"8200","2","5","7","53","51","342","259","423","389","C2674574"
"51082","2","3","2","19","31","1","426","55","78","C2674574"
"1829","2","1","6","11","142","225","142","220","298","C2674574"
"6948","2","5","7","48","51","105","139","186","245","C2674574"
"9361","2","3","2","48","170","50","119","444","556","C2674574"
"7424","2","5","7","53","51","342","454","573","702","C2674574"
"3932","2","5","7","53","14","20","25","40","186","C2674723"
"1302","2","5","7","53","51","342","454","573","492","C2674723"
"9361","2","3","2","48","170","50","119","444","556","C2674737"
"2263","2","5","7","53","14","20","25","40","186","C2674737"
"2492","2","5","4","68","96","326","427","548","672","C2674737"
"5551","2","5","7","53","51","119","395","549","674","C2674738"
"10312","2","3","7","34","52","216","395","549","674","C2674738"
"26610","2","3","12","19","31","1","426","55","78","C2674738"
"6334","2","5","8","63","36","166","341","223","158","C2674738"
"9429","2","3","5","25","44","165","71","10","16","C2675111"
"3955","2","5","8","89","124","143","428","236","667","C2675111"
"1291","2","5","7","53","51","342","454","573","492","C2675111"
"2260","2","5","7","53","14","20","25","40","186","C2675111"
"1410","2","3","12","63","45","23","38","54","187","C2675111"
"6913","2","3","3","19","221","321","428","541","667","C2675111"
"7078","2","5","7","53","51","342","454","573","702","C2675111"
"1536","2","5","7","34","52","216","395","549","674","C2675111"
"7040","2","5","7","53","51","342","454","573","492","C2675111"
"8818","2","3","2","61","77","142","176","280","363","C2675111"
"23203","2","3","5","80","81","50","304","167","593","C2675111"
"4041","2","5","3","68","221","197","259","560","422","C2675111"
"1959","2","3","3","19","151","276","91","433","118","C2675111"
"7298","2","3","12","76","153","40","38","54","75","C2675334"
"5449","2","3","3","19","221","321","428","541","667","C2675334"
"51422","2","3","2","48","57","110","141","359","462","C2675334"
"7421","2","3","3","19","151","276","91","433","118","C2675334"
"2912","2","5","4","68","96","326","427","548","672","C2675334"
"351","2","5","4","68","96","326","188","145","193","C2675334"
"2629","2","3","5","80","81","250","291","152","420","C2675334"
"64375","2","3","3","19","119","330","214","454","144","C2675334"
"1493","2","5","7","53","51","119","25","40","186","C2675520"
"2629","2","3","5","80","81","250","291","152","420","C2675520"
"51360","2","3","3","26","35","276","91","433","203","C2675520"
"6445","2","5","8","63","45","23","103","464","187","C2675520"
"3664","2","5","7","53","184","119","156","287","116","C2675520"
"1612","2","3","12","53","14","20","34","540","68","C2675520"
"6775","2","5","7","53","14","119","25","40","186","C2675520"
"5594","2","5","7","34","14","20","34","540","274","C2675540"
"2056","2","5","7","53","51","119","25","40","186","C2675540"
"229","2","3","2","90","167","266","367","500","577","C2675540"
"8626","2","3","3","19","221","321","428","541","667","C2675624"
"6444","2","5","8","63","45","23","103","464","187","C2675624"
"4791","2","3","12","41","219","339","156","568","697","C2675627"
"100","2","3","5","33","21","47","56","80","199","C2675627"
"55572","2","3","2","48","170","50","119","444","556","C2675750"
"5080","2","3","3","19","221","321","428","541","667","C2675750"
"2896","2","5","7","34","52","216","395","549","674","C2675920"
"1636","2","3","5","80","81","166","397","418","568","C2675920"
"2067","2","3","12","19","31","261","116","1","86","C2675920"
"2147","2","5","7","68","51","342","454","573","492","C2675920"
"3553","2","5","7","53","51","119","25","489","416","C2676026"
"5119","2","3","2","48","57","110","141","359","462","C2676026"
"207","2","3","7","53","14","20","34","489","416","C2676026"
"6347","2","5","7","53","51","119","427","489","416","C2676026"
"421","2","5","7","42","51","335","444","560","373","C2676026"
"9289","2","5","4","68","96","326","427","548","672","C2676026"
"1763","2","3","12","19","31","261","116","1","86","C2676198"
"3955","2","5","8","89","124","143","428","236","667","C2676198"
"11154","2","5","7","60","18","184","341","544","669","C2676198"
"1896","2","5","12","41","219","339","156","568","697","C2676243"
"5465","2","3","3","19","151","276","91","433","118","C2676243"
"3845","2","5","7","60","54","24","30","46","72","C2676243"
"2799","2","3","7","34","52","216","395","549","33","C2676500"
"26229","2","3","2","74","205","191","396","408","257","C2676500"
"5828","2","3","5","43","161","305","409","208","482","C2676676"
"80149","2","3","12","41","219","339","156","568","697","C2676676"
"5096","2","3","2","48","40","130","166","127","173","C2676676"
"6310","2","3","12","22","142","225","366","362","468","C2676676"
"973","2","5","7","53","14","20","25","40","186","C2676676"
"6261","2","5","8","63","45","23","34","464","187","C2676676"
"23314","2","3","3","19","221","321","428","541","667","C2676676"
"5913","2","5","7","27","36","71","341","223","219","C2676676"
"9210","2","5","7","53","51","342","454","573","492","C2676676"
"26580","2","5","8","27","70","99","162","216","290","C2676676"
"4654","2","3","12","19","31","276","91","433","118","C2676676"
"7403","2","3","12","19","31","1","426","55","78","C2676676"
"3339","2","5","7","53","51","342","454","573","492","C2676832"
"1278","2","5","7","53","51","342","454","573","492","C2676832"
"383","2","3","7","34","52","216","395","549","674","C2676973"
"5328","2","5","7","34","52","216","395","549","674","C2676973"
"2316","2","5","7","53","51","342","454","573","702","C2676973"
"2074","2","3","12","19","31","1","426","55","78","C2676973"
"54790","2","3","12","19","31","1","426","55","78","C2676973"
"3315","2","3","12","41","181","160","362","402","215","C2676974"
"6638","2","3","2","22","33","323","66","101","136","C2676974"
"50964","2","5","3","68","221","197","259","423","422","C2676974"
"7345","2","3","12","41","116","268","341","223","628","C2676974"
"718","2","5","7","34","51","119","395","549","674","C2676974"
"3643","2","5","7","53","14","20","25","40","186","C2676974"
"11330","2","5","7","68","51","119","395","549","674","C2677002"
"5073","2","3","2","110","85","323","433","146","194","C2677002"
"51750","2","3","12","19","31","261","116","1","86","C2677180"
"5144","2","3","4","68","96","326","427","548","672","C2677180"
"4621","2","5","8","63","45","23","103","464","187","C2677328"
"8243","2","3","12","76","31","40","38","54","75","C2677328"
"9321","2","3","12","76","153","40","38","54","203","C2677328"
"1300","2","5","7","53","51","342","454","573","492","C2677328"
"50964","2","5","3","68","221","197","259","423","422","C2677328"
"10060","2","3","8","41","45","23","423","464","445","C2677328"
"860","2","3","12","19","31","276","91","433","118","C2677328"
"1814","2","5","4","68","96","326","427","548","672","C2677328"
"2166","2","3","2","11","142","152","142","570","298","C2677328"
"1594","2","3","5","92","163","96","363","460","487","C2677328"
"3239","2","3","3","19","221","321","428","541","667","C2677328"
"9210","2","5","7","53","51","342","454","573","492","C2677349"
"8869","2","3","2","89","124","204","272","347","451","C2677349"
"4277","2","5","7","53","51","119","395","549","674","C2677362"
"177","2","5","7","53","51","339","156","568","697","C2677362"
"3339","2","5","7","53","51","342","454","573","492","C2677362"
"51626","2","3","12","76","153","40","38","54","75","C2677378"
"9569","2","3","12","19","31","276","91","433","118","C2677378"
"6125","2","3","2","110","85","237","433","547","671","C2677378"
"139411","2","3","12","19","151","276","91","433","118","C2677378"
"4089","2","3","12","19","219","339","259","423","605","C2677378"
"3576","2","5","4","68","96","326","427","548","672","C2677378"
"54","2","3","5","80","81","178","195","256","342","C2677378"
"1729","2","5","7","34","52","216","395","549","674","C2677378"
"50814","2","3","2","69","221","73","360","86","119","C2677378"
"3984","2","5","7","53","14","20","34","540","68","C2677378"
"6335","2","5","8","63","36","166","341","390","158","C2677378"
"93","2","5","7","53","14","20","259","423","389","C2677378"
"3229","2","3","3","19","221","321","428","541","667","C2677378"
"4990","2","3","3","19","221","321","428","541","667","C2677378"
"29123","2","3","12","19","151","276","91","433","118","C2677378"
"1161","2","3","12","41","116","268","434","468","213","C2677378"
"22856","2","3","2","78","189","303","251","320","403","C2677485"
"60558","2","3","2","48","182","67","76","157","208","C2677485"
"4508","2","3","2","48","170","50","119","444","556","C2677637"
"23414","2","3","12","19","31","118","155","287","116","C2677637"
"545","2","3","12","19","31","261","116","1","86","C2677650"
"624","2","5","4","68","96","326","427","548","672","C2677650"
"5770","2","5","7","53","14","20","25","40","186","C2677869"
"9871","2","3","7","60","153","40","38","54","203","C2677869"
"2187","2","3","12","19","31","261","116","1","86","C2677869"
"54903","2","3","12","76","153","40","38","54","75","C2677869"
"7486","2","3","12","19","31","261","116","1","86","C2677869"
"5447","2","3","5","91","214","271","372","471","586","C2677869"
"5336","2","3","7","53","14","20","25","40","215","C2677869"
"4909","2","5","7","53","51","335","259","423","373","C2677869"
"55624","2","3","2","78","123","194","255","215","412","C2677869"
"429","2","3","3","19","221","321","428","541","667","C2677869"
"3098","2","3","2","90","167","266","367","500","577","C2677869"
"2074","2","3","12","19","31","1","426","55","78","C2677869"
"5479","2","3","2","53","51","342","454","573","492","C2677869"
"3918","2","5","7","53","51","342","454","573","492","C2677869"
"9132","2","5","8","63","36","166","106","110","158","C2677869"
"2706","2","3","12","76","153","40","38","54","75","C2677869"
"5518","2","3","12","76","153","40","38","54","435","C2677869"
"257","2","3","3","19","221","321","428","541","667","C2677869"
"54463","2","3","2","48","57","110","141","359","462","C2677869"
"23394","2","3","12","19","31","335","444","236","373","C2677869"
"4088","2","3","12","19","219","339","259","423","605","C2677869"
"2313","2","3","12","19","31","276","91","433","118","C2677869"
"3952","2","5","3","53","151","276","91","433","118","C2677869"
"2316","2","5","7","53","51","342","454","573","702","C2677869"
"2316","2","5","7","53","51","342","454","573","702","C2677869"
"5189","2","3","5","43","161","305","409","208","482","C2677869"
"2690","2","5","7","53","14","20","25","40","186","C2677869"
"11284","2","3","12","19","31","261","116","1","86","C2677869"
"3043","2","5","7","34","52","216","395","549","116","C2677869"
"8438","2","3","12","76","153","261","116","1","86","C2677869"
"51750","2","3","12","19","31","261","116","1","86","C2678065"
"50943","2","3","12","19","31","1","426","129","131","C2678065"
"183","2","5","4","68","96","326","427","548","672","C2678065"
"6911","2","5","6","19","142","335","259","560","373","C2678065"
"10345","2","5","8","63","45","23","34","464","187","C2678065"
"26504","2","3","5","42","81","296","399","201","274","C2678065"
"10166","2","3","2","84","97","167","210","278","360","C2678098"
"714","2","5","7","53","51","119","395","549","674","C2678098"
"2200","2","5","7","53","51","342","454","573","492","C2678248"
"11232","2","3","3","19","151","276","91","433","118","C2678248"
"6655","2","5","7","60","54","24","30","46","72","C2678303"
"6556","2","3","7","34","52","216","395","549","674","C2678303"
"54585","2","3","12","76","153","76","38","54","75","C2678303"
"3425","2","3","5","80","81","166","454","573","492","C2678303"
"3265","2","5","7","60","54","24","30","46","72","C2678303"
"10516","2","5","7","53","51","342","454","573","492","C2678397"
"8878","2","3","12","41","219","339","156","568","697","C2678397"
"54386","2","3","12","19","31","261","116","1","78","C2678480"
"126133","2","3","2","41","119","266","136","341","182","C2678480"
"207","2","3","7","53","14","20","34","489","416","C2678480"
"4000","2","3","12","26","105","178","226","297","156","C2697932"
"242","2","3","5","11","142","223","142","220","298","C2697932"
"3077","2","5","7","53","51","119","395","549","674","C2697932"
"2131","2","3","2","74","58","112","148","181","416","C2697932"
"1277","2","5","7","53","51","342","454","573","492","C2700265"
"710","2","5","7","53","51","342","454","573","702","C2700265"
"5395","2","3","12","19","31","261","116","1","86","C2700265"
"7157","2","3","12","19","31","261","402","489","551","C2700265"
"915","2","5","7","53","51","119","341","544","669","C2700553"
"2554","2","5","8","27","70","99","162","216","290","C2700553"
"7486","2","3","12","19","31","261","116","1","86","C2700553"
"1302","2","5","7","53","51","342","454","573","492","C2700553"
"5657","2","5","7","34","52","216","395","549","674","C2700553"
"51702","2","3","12","19","31","1","426","55","78","C2700553"
"1639","2","3","12","76","153","40","38","54","75","C2700553"
"658","2","5","7","53","51","342","259","423","389","C2700553"
"779","2","5","8","63","36","166","341","390","158","C2712334"
"5080","2","3","3","19","221","321","428","541","667","C2712334"
"5456","2","3","3","19","221","321","428","541","667","C2712334"
"4625","2","3","8","63","45","23","103","464","187","C2712334"
"11340","2","3","2","110","85","237","433","547","671","C2712334"
"1836","2","3","2","35","41","94","260","330","375","C2712334"
"6571","2","3","8","60","36","71","341","223","624","C2712334"
"23095","2","3","7","76","153","40","38","54","75","C2712334"
"617","2","3","2","48","170","50","304","167","593","C2712907"
"23630","2","5","8","63","36","166","106","110","158","C2712907"
"79798","2","3","2","34","52","75","347","271","356","C2712907"
"9896","2","3","5","80","81","296","399","201","274","C2717905"
"10891","2","3","3","19","151","276","91","433","118","C2717905"
"9049","2","3","3","41","151","276","378","271","356","C2717961"
"5373","2","3","2","90","167","123","158","207","278","C2717961"
"1906","2","5","4","68","96","326","427","548","672","C2718128"
"4935","2","5","4","68","96","326","427","548","672","C2718128"
"9897","2","3","12","76","18","75","38","1","212","C2718128"
"1636","2","3","5","80","81","166","397","418","568","C2718128"
"8284","2","3","12","19","31","1","426","55","78","C2718128"
"7042","2","5","7","53","51","342","454","573","492","C2718128"
"6299","2","3","12","19","221","321","428","541","667","C2718128"
"2705","2","3","12","76","153","40","38","54","75","C2745997"
"4625","2","3","8","63","45","23","103","464","187","C2745997"
"2146","2","3","12","19","31","1","426","55","78","C2745997"
"4854","2","5","7","53","51","143","428","236","667","C2745997"
"6913","2","3","3","19","221","321","428","541","667","C2745997"
"5189","2","3","5","43","161","305","409","208","482","C2745997"
"9126","2","3","12","76","153","40","38","54","75","C2745997"
"857","2","5","7","53","45","23","57","83","422","C2745997"
"51371","2","3","12","41","116","268","434","568","605","C2746066"
"6513","2","5","7","90","216","337","448","565","562","C2746066"
"1420","2","3","6","63","45","160","362","177","673","C2746066"
"29968","2","3","8","67","94","199","182","509","666","C2746066"
"5551","2","5","7","53","51","119","395","549","674","C2748518"
"2737","2","3","12","19","116","321","428","54","667","C2748518"
"2316","2","5","7","53","51","342","454","573","702","C2748531"
"6605","2","3","12","19","31","1","426","55","78","C2748531"
"51062","2","5","7","27","36","150","402","489","373","C2748571"
"79661","2","3","12","19","31","261","116","1","86","C2748571"
"22858","2","3","7","53","14","20","34","540","68","C2748610"
"7476","2","5","3","68","221","197","259","560","422","C2748610"
"34","2","3","2","19","151","276","91","433","118","C2748652"
"5053","2","3","5","80","81","166","236","308","390","C2748652"
"10516","2","5","7","53","51","342","454","573","492","C2748652"
"27429","2","3","12","41","219","339","156","568","697","C2748652"
"29123","2","3","12","19","151","276","91","433","118","C2748652"
"6622","2","3","7","27","36","150","341","223","628","C2748652"
"624","2","5","4","68","96","326","427","548","672","C2748652"
"6303","2","3","2","67","118","160","261","188","423","C2748895"
"1281","2","5","7","53","51","342","454","573","492","C2748895"
"4436","2","3","12","19","31","261","116","1","86","C2748910"
"4688","2","5","7","60","14","20","25","40","215","C2748910"
"5621","2","5","8","27","36","342","454","573","628","C2748910"
"11277","2","3","12","19","31","261","116","1","86","C2748910"
"3621","2","3","12","19","31","1","426","55","78","C2749369"
"51360","2","3","3","26","35","276","91","433","203","C2749369"
"6925","2","3","12","19","31","225","142","220","298","C2749369"
"3106","2","5","7","34","52","119","395","549","674","C2749463"
"1031","2","3","12","19","31","1","426","55","78","C2749463"
"5551","2","5","7","53","51","119","395","549","674","C2749463"
"6103","2","3","12","76","153","40","38","54","75","C2749463"
"4036","2","5","7","60","14","184","341","544","669","C2749463"
"6678","2","5","7","53","51","342","454","573","492","C2749463"
"2521","2","3","2","22","33","323","66","101","136","C2749463"
"94","2","5","7","53","51","342","259","423","389","C2749463"
"7015","2","3","12","19","31","1","426","55","78","C2749463"
"9640","2","3","12","19","31","261","116","159","211","C2749463"
"23384","2","3","12","63","45","184","103","572","658","C2749463"
"4286","2","3","12","19","31","261","116","1","664","C2749463"
"10269","2","3","2","48","182","50","119","444","556","C2749463"
"324","2","3","12","41","219","197","70","255","422","C2749463"
"50964","2","5","3","68","221","197","259","423","422","C2749463"
"1493","2","5","7","53","51","119","25","40","186","C2749463"
"3106","2","5","7","34","52","119","395","549","674","C2749463"
"10491","2","5","7","53","51","342","454","573","492","C2749463"
"5566","2","3","12","76","14","20","34","540","75","C2749463"
"11277","2","3","12","19","31","261","116","1","86","C2749463"
"9993","2","5","7","53","51","342","454","573","492","C2749463"
"3454","2","5","7","53","184","119","156","287","116","C2749463"
"240","2","3","7","34","52","216","395","489","416","C2749463"
"4536","2","3","2","48","170","50","119","444","556","C2749463"
"7353","2","3","12","41","219","339","156","568","605","C2749463"
"5648","2","5","7","53","51","119","395","549","674","C2749463"
"2932","2","3","12","19","14","197","34","540","68","C2749463"
"2122","2","3","12","19","31","1","426","55","78","C2749463"
"6513","2","5","7","90","216","337","448","565","562","C2749463"
"1075","2","5","7","34","52","216","395","549","674","C2749582"
"186","2","5","4","68","96","326","427","548","672","C2749582"
"5906","2","5","7","34","52","216","30","46","72","C2749582"
"4803","2","5","7","60","54","24","30","46","72","C2749582"
"5741","2","5","4","68","96","326","427","548","672","C2749604"
"5350","2","5","8","63","45","23","103","464","187","C2749604"
"4137","2","3","7","27","36","150","341","223","628","C2749604"
"1815","2","5","4","68","96","326","427","548","672","C2749604"
"6843","2","5","7","60","36","71","341","223","203","C2749604"
"151","2","5","4","68","96","326","427","548","672","C2749625"
"1292","2","5","7","53","51","342","454","573","492","C2749625"
"627","2","5","7","53","51","335","444","423","373","C2749625"
"4221","2","3","12","19","31","342","454","573","492","C2749675"
"374","2","5","7","60","153","40","202","66","203","C2749675"
"3239","2","3","3","19","221","321","428","541","667","C2749675"
"4313","2","5","7","53","51","342","454","573","492","C2749675"
"2316","2","5","7","53","51","342","454","573","702","C2749675"
"22995","2","3","12","76","153","40","38","54","75","C2749675"
"1286","2","5","7","53","51","342","454","573","492","C2749675"
"9997","2","3","2","48","170","50","119","444","556","C2749675"
"7737","2","3","12","22","33","268","434","468","213","C2749675"
"3043","2","5","7","34","52","216","395","549","116","C2749675"
"8892","2","3","2","110","85","237","433","547","671","C2749675"
"5172","2","5","8","45","94","199","240","415","666","C2749675"
"3516","2","3","12","19","31","143","428","236","667","C2749675"
"3105","2","5","7","53","51","119","156","287","116","C2749675"
"5077","2","3","3","19","221","321","428","541","667","C2749675"
"10262","2","3","2","22","33","323","66","101","136","C2749675"
"4689","2","5","7","60","14","20","25","40","215","C2749675"
"2668","2","5","7","53","14","20","25","40","186","C2749675"
"1717","2","3","2","19","151","276","48","69","204","C2749675"
"1785","2","5","7","60","14","184","341","544","669","C2749688"
"2798","2","5","4","68","96","326","427","548","672","C2749688"
"3815","2","5","7","53","14","20","25","40","186","C2749688"
"3730","2","5","7","53","14","20","25","40","186","C2749757"
"23545","2","3","5","29","88","132","85","222","346","C2749757"
"8792","2","3","12","41","219","339","156","568","697","C2749861"
"5447","2","3","5","91","214","271","372","471","586","C2749861"
"2592","2","3","2","68","117","196","257","326","419","C2749861"
"3643","2","5","7","53","14","20","25","40","186","C2750088"
"6870","2","5","4","68","96","326","427","548","672","C2750088"
"2261","2","5","7","53","14","20","25","40","186","C2750088"
"5604","2","5","7","53","14","20","34","540","68","C2750180"
"26040","2","3","12","19","31","1","116","297","78","C2750180"
"8241","2","3","2","22","33","323","66","101","136","C2750180"
"4803","2","5","7","60","54","24","30","46","72","C2750180"
"94","2","5","7","53","51","342","259","423","389","C2750180"
"768","2","3","5","35","41","77","40","370","303","C2750325"
"57105","2","5","4","68","96","326","427","548","672","C2750325"
"7015","2","3","12","19","31","1","426","55","78","C2750604"
"2273","2","5","8","63","45","23","103","464","187","C2750604"
"7531","2","3","2","48","170","110","329","251","533","C2750604"
"2737","2","3","12","19","116","321","428","54","667","C2750654"
"23322","2","3","12","76","153","40","38","54","75","C2750654"
"23431","2","5","7","60","18","184","341","544","669","C2750787"
"10804","2","3","12","76","153","40","38","54","75","C2750787"
"4669","2","3","5","80","81","166","454","453","492","C2750915"
"4988","2","5","4","68","96","326","427","548","672","C2750915"
"4538","2","3","2","48","170","50","119","444","556","C2750915"
"8878","2","3","12","41","219","339","156","568","697","C2751260"
"3717","2","5","7","53","14","20","25","40","186","C2751260"
"9429","2","3","5","25","44","165","71","10","16","C2751260"
"10682","2","5","4","68","96","326","48","69","204","C2751260"
"7056","2","5","7","53","51","119","454","573","492","C2751582"
"100","2","3","5","33","21","47","56","80","199","C2751582"
"3084","2","5","7","53","14","20","25","40","186","C2751582"
"2317","2","5","7","63","45","23","103","287","664","C2751582"
"1487","2","3","12","19","31","1","426","55","340","C2751582"
"3872","2","1","6","11","142","225","142","220","298","C2751582"
"2706","2","3","12","76","153","40","38","54","75","C2751582"
"79915","2","3","12","19","31","261","116","1","86","C2751582"
"240","2","3","7","34","52","216","395","489","416","C2751582"
"7439","2","5","8","63","45","23","34","464","187","C2751582"
"2628","2","3","8","45","94","199","240","415","666","C2751582"
"6092","2","5","7","53","51","335","444","560","373","C2751582"
"3293","2","3","2","69","83","169","94","133","70","C2751582"
"7490","2","3","3","19","221","321","428","541","667","C2751582"
"1605","2","5","7","53","51","342","454","573","492","C2751582"
"1277","2","5","7","53","51","342","454","573","492","C2751608"
"1109","2","3","2","46","51","227","168","225","490","C2751608"
"7415","2","3","7","34","52","216","395","536","445","C2751608"
"5290","2","3","7","53","14","20","25","40","186","C2751608"
"478","2","3","8","63","45","23","366","464","187","C2751608"
"5428","2","3","2","48","170","50","119","167","593","C2751608"
"3149","2","3","2","48","57","110","378","370","664","C2751824"
"9791","2","3","8","45","94","199","240","415","666","C2751824"
"1947","2","5","7","53","51","20","25","560","373","C2751824"
"7337","2","3","12","41","116","268","434","468","213","C2751898"
"1145","2","5","8","27","70","99","162","216","290","C2751898"
"4352","2","5","7","53","14","20","25","40","186","C2751938"
"29078","2","3","2","48","170","50","119","444","556","C2751938"
"3814","2","5","4","68","96","326","427","548","672","C2751938"
"1387","2","3","12","19","31","276","91","433","118","C2830004"
"673","2","5","7","53","14","20","34","540","68","C2830004"
"6913","2","3","3","19","221","321","428","541","667","C2830004"
"3954","2","3","2","48","170","67","119","444","593","C2830004"
"3766","2","5","8","63","36","166","106","110","158","C2830004"
"5193","2","3","5","43","161","305","409","208","482","C2830004"
"7415","2","3","7","34","52","216","395","536","445","C2830004"
"2147","2","5","7","68","51","342","454","573","492","C2830004"
"1301","2","5","7","53","51","342","454","573","492","C2830004"
"1376","2","3","2","19","151","276","91","433","118","C2830004"
"5592","2","5","4","53","14","20","34","540","68","C2830004"
"55703","2","3","2","22","33","261","116","159","211","C2830004"
"5449","2","3","3","19","221","321","428","541","667","C2830004"
"6329","2","5","8","63","36","166","341","390","158","C2830004"
"55670","2","3","5","43","161","305","409","208","482","C2830004"
"9096","2","5","7","53","51","335","259","560","373","C2919945"
"3239","2","3","3","19","221","321","428","541","667","C2919945"
"1352","2","3","2","48","170","50","119","444","556","C2919945"
"6786","2","5","8","63","45","23","103","464","187","C2930812"
"4893","2","5","7","34","52","24","30","46","72","C2930812"
"9896","2","3","5","80","81","296","399","201","274","C2930812"
"10269","2","3","2","48","182","50","119","444","556","C2930812"
"3845","2","5","7","60","54","24","30","46","72","C2930812"
"6334","2","5","8","63","36","166","341","223","158","C2930812"
"5956","2","5","4","68","96","326","427","548","672","C2930812"
"50814","2","3","2","69","221","73","360","86","119","C2930812"
"10555","2","3","7","34","52","216","395","549","622","C2930812"
"55612","2","5","7","60","36","71","177","560","701","C2930812"
"4286","2","3","12","19","31","261","116","1","664","C2930812"
"22926","2","3","12","19","31","276","91","433","118","C2930812"
"2006","2","5","7","53","51","342","454","573","492","C2930812"
"10804","2","3","12","76","153","40","38","54","75","C2930812"
"6519","2","3","5","45","94","199","240","415","666","C2930812"
"54332","2","3","2","60","170","40","98","66","203","C2930812"
"2737","2","3","12","19","116","321","428","54","667","C2930812"
"9516","2","3","2","48","116","110","141","152","462","C2930812"
"1605","2","5","7","53","51","342","454","573","492","C2930812"
"1278","2","5","7","53","51","342","454","573","492","C2930812"
"840","2","3","12","41","219","339","156","568","697","C2930812"
"2317","2","5","7","63","45","23","103","287","664","C2930812"
"29954","2","5","2","27","206","324","430","215","290","C2930812"
"2592","2","3","2","68","117","196","257","326","419","C2930812"
"4513","2","3","2","48","170","110","141","359","532","C2930821"
"26525","2","5","7","53","219","119","156","568","697","C2930821"
"23373","2","3","3","19","151","276","91","433","118","C2930821"
"5961","2","5","7","27","51","326","126","414","702","C2930821"
"4615","2","3","12","41","219","339","156","568","697","C2930821"
"3456","2","3","12","19","31","118","155","287","116","C2930821"
"4204","2","3","12","19","31","1","426","55","78","C2930865"
"2239","2","3","2","74","51","342","454","573","492","C2930865"
"6817","2","3","2","37","105","92","113","154","201","C2930865"
"11232","2","3","3","19","151","276","91","433","118","C2930865"
"6885","2","3","12","41","219","339","156","568","697","C2930865"
"6557","2","5","8","45","94","199","240","415","666","C2930865"
"5327","2","5","7","53","51","342","454","573","492","C2930865"
"3930","2","3","2","22","33","323","66","3","464","C2930865"
"5077","2","3","3","19","221","321","428","541","667","C2930930"
"5192","2","3","5","43","161","305","409","208","482","C2930930"
"9241","2","5","7","53","51","342","259","423","389","C2931035"
"2138","2","3","12","19","31","1","426","55","78","C2931035"
"9927","2","3","12","19","31","118","155","287","116","C2931038"
"54101","2","3","2","48","170","50","347","167","593","C2931038"
"5728","2","3","5","80","81","339","156","568","605","C2931038"
"7137","2","5","8","63","45","23","103","464","187","C2931038"
"7253","2","5","4","68","96","326","427","548","672","C2931038"
"472","2","3","12","19","31","261","116","1","86","C2931038"
"5339","2","5","7","53","51","342","454","573","492","C2931038"
"7026","2","3","3","19","151","276","91","433","118","C2931038"
"5332","2","3","4","68","96","326","427","548","672","C2931059"
"445","2","3","2","84","97","167","210","278","360","C2931059"
"10397","2","3","2","110","81","148","402","51","383","C2931082"
"845","2","5","8","63","45","23","34","464","187","C2931082"
"2200","2","5","7","53","51","342","454","573","492","C2931092"
"2316","2","5","7","53","51","342","454","573","702","C2931092"
"5573","2","3","12","19","184","118","155","287","116","C2931092"
"6342","2","3","5","80","161","305","409","208","482","C2931092"
"51715","2","5","7","60","54","24","30","46","72","C2931092"
"6913","2","3","3","19","221","321","428","541","667","C2931092"
"9076","2","5","6","42","36","71","177","64","219","C2931092"
"2205","2","5","7","53","51","119","25","568","186","C2931104"
"8600","2","5","7","41","219","339","156","568","697","C2931104"
"4010","2","3","3","19","221","321","428","541","667","C2931107"
"7035","2","5","7","68","51","119","395","549","674","C2931107"
"2261","2","5","7","53","14","20","25","40","186","C2931107"
"875","2","3","5","80","137","44","21","451","316","C2931107"
"64220","2","3","2","69","83","101","126","170","224","C2931122"
"5290","2","3","7","53","14","20","25","40","186","C2931122"
"7026","2","3","3","19","151","276","91","433","118","C2931122"
"1145","2","5","8","27","70","99","162","216","290","C2931132"
"4852","2","5","4","68","96","326","427","548","672","C2931132"
"25782","2","5","7","60","54","24","30","46","72","C2931189"
"2294","2","3","3","19","221","321","428","541","667","C2931189"
"4214","2","3","12","41","219","339","34","540","117","C2931189"
"23169","2","3","2","78","205","112","430","429","544","C2931189"
"55315","2","3","5","80","81","296","62","94","150","C2931189"
"6103","2","3","12","76","153","40","38","54","75","C2931189"
"7066","2","5","7","53","51","119","25","573","416","C2931189"
"6775","2","5","7","53","14","119","25","40","186","C2931196"
"6574","2","3","8","45","94","199","240","415","666","C2931196"
"1301","2","5","7","53","51","342","454","573","492","C2931208"
"7225","2","5","8","63","45","193","306","390","158","C2931208"
"249","2","3","5","27","51","335","444","560","373","C2931253"
"2720","2","3","7","34","52","216","395","21","599","C2931253"
"2475","2","3","2","48","57","110","141","359","462","C2931254"
"6663","2","3","3","19","221","321","428","541","667","C2931254"
"7157","2","3","12","19","31","261","402","489","551","C2931268"
"5015","2","3","3","19","221","321","428","541","667","C2931268"
"5889","2","3","12","19","31","261","116","1","86","C2931277"
"27077","2","3","12","76","153","40","38","54","75","C2931277"
"10134","2","3","2","41","219","339","156","536","342","C2931277"
"2778","2","5","4","68","96","326","427","548","672","C2931277"
"2068","2","3","12","19","31","261","116","159","211","C2931322"
"1056","2","3","5","98","194","309","415","524","645","C2931322"
"5428","2","3","2","48","170","50","119","167","593","C2931322"
"7167","2","3","2","90","167","266","367","500","577","C2931322"
"7044","2","5","7","53","51","342","454","573","702","C2931322"
"50846","2","3","3","68","221","197","259","560","422","C2931322"
"7518","2","3","12","19","31","261","116","1","86","C2931322"
"11093","2","5","7","53","51","342","454","573","492","C2931322"
"7157","2","3","12","19","31","261","402","489","551","C2931322"
"56623","2","3","5","80","81","296","118","543","214","C2931337"
"4987","2","5","4","68","96","326","427","548","672","C2931337"
"6330","2","5","8","63","36","166","341","223","158","C2931337"
"284","2","5","7","53","14","20","25","40","186","C2931367"
"4000","2","3","12","26","105","178","226","297","156","C2931367"
"4014","2","1","6","11","142","225","142","220","298","C2931367"
"3786","2","5","8","63","36","166","106","110","158","C2931367"
"701","2","3","12","76","153","40","38","54","75","C2931367"
"7157","2","3","12","19","31","261","402","489","551","C2931367"
"6223","2","3","2","110","85","237","433","547","671","C2931367"
"9031","2","3","12","19","31","1","426","55","78","C2931384"
"207","2","3","7","53","14","20","34","489","416","C2931384"
"2200","2","5","7","53","51","342","454","573","492","C2931416"
"4221","2","3","12","19","31","342","454","573","492","C2931416"
"30008","2","5","7","53","51","342","454","573","492","C2931418"
"7157","2","3","12","19","31","261","402","489","551","C2931418"
"1311","2","5","7","53","51","342","454","573","492","C2931418"
"55612","2","5","7","60","36","71","177","560","701","C2931418"
"8642","2","5","7","53","51","335","444","560","373","C2931434"
"10269","2","3","2","48","182","50","119","444","556","C2931434"
"5009","2","3","2","48","97","50","304","167","593","C2931456"
"259197","2","5","7","53","51","119","395","549","674","C2931456"
"3561","2","5","7","53","14","20","25","40","186","C2931456"
"3048","2","3","12","19","31","118","155","287","116","C2931456"
"3853","2","1","6","11","142","225","142","220","298","C2931456"
"2121","2","3","12","41","116","268","434","568","605","C2931456"
"2597","2","3","2","90","167","266","367","500","577","C2931456"
"4214","2","3","12","41","219","339","34","540","117","C2931456"
"85358","2","5","7","60","14","71","341","223","219","C2931456"
"9839","2","3","3","19","221","321","428","541","667","C2931456"
"3043","2","5","7","34","52","216","395","549","116","C2931456"
"7037","2","5","7","60","14","184","341","544","669","C2931456"
"6439","2","5","5","68","96","185","238","310","272","C2931456"
"51741","2","3","2","22","33","323","66","101","127","C2931459"
"25886","2","3","12","76","153","76","136","472","435","C2931459"
"5314","2","3","12","76","153","40","38","54","75","C2931482"
"54862","2","3","12","76","153","40","38","54","75","C2931482"
"9051","2","5","7","60","14","20","25","40","215","C2931574"
"3909","2","5","7","53","51","342","454","573","492","C2931574"
"4221","2","3","12","19","31","342","454","573","492","C2931673"
"8036","2","5","7","60","54","296","399","359","658","C2931673"
"9211","2","5","7","27","36","150","341","223","628","C2931673"
"7337","2","3","12","41","116","268","434","468","213","C2931673"
"344148","2","5","7","11","142","71","341","560","219","C2931673"
"5325","2","3","12","19","31","198","261","146","118","C2931673"
"2110","2","3","2","48","170","50","119","444","556","C2931673"
"11005","2","1","6","11","142","225","142","220","298","C2931673"
"10300","2","3","12","76","153","40","38","54","75","C2931673"
"3748","2","5","8","63","36","166","106","110","158","C2931673"
"7227","2","3","12","19","31","276","91","433","118","C2931713"
"1535","2","5","7","34","52","216","395","549","674","C2931713"
"8200","2","5","7","53","51","342","259","423","389","C2931735"
"51062","2","5","7","27","36","150","402","489","373","C2931735"
"8822","2","5","7","53","14","20","25","40","186","C2931735"
"7317","2","3","12","41","116","268","434","468","213","C2931753"
"6658","2","3","12","19","221","321","428","541","667","C2931753"
"6154","2","3","2","110","85","237","433","547","671","C2931758"
"4221","2","3","12","19","31","342","454","573","492","C2931758"
"10000","2","5","7","53","14","20","34","540","68","C2931781"
"5970","2","3","12","19","31","276","91","433","118","C2931781"
"4854","2","5","7","53","51","143","428","236","667","C2931788"
"6628","2","3","2","22","33","323","66","101","136","C2931788"
"59","2","5","8","63","45","23","103","464","187","C2931788"
"8089","2","3","12","19","31","1","426","55","78","C2931788"
"6283","2","5","7","34","52","216","395","549","674","C2931788"
"2006","2","5","7","53","51","342","454","573","492","C2931788"
"3748","2","5","8","63","36","166","106","110","158","C2931788"
"5970","2","3","12","19","31","276","91","433","118","C2931788"
"8928","2","3","12","19","221","321","259","423","389","C2931788"
"5818","2","5","7","53","51","335","444","560","373","C2931803"
"3119","2","5","7","53","153","119","156","287","116","C2931803"
"8647","2","3","5","46","158","252","352","449","563","C2931803"
"1291","2","5","7","53","51","342","454","573","492","C2931817"
"6121","2","3","2","69","83","101","126","170","224","C2931817"
"2705","2","3","12","76","153","40","38","54","75","C2931817"
"10008","2","5","8","63","36","166","341","223","158","C2931817"
"5582","2","5","7","53","14","20","34","540","68","C2931822"
"4990","2","3","3","19","221","321","428","541","667","C2931822"
"2072","2","3","12","19","31","261","116","1","86","C2931822"
"51604","2","3","2","61","77","142","176","235","317","C2931822"
"3952","2","5","3","53","151","276","91","433","118","C2931822"
"3543","2","5","7","53","51","119","395","549","674","C2931822"
"6392","2","3","2","48","170","50","119","444","556","C2931822"
"4982","2","5","12","41","219","339","156","568","697","C2931822"
"4286","2","3","12","19","31","261","116","1","664","C2931822"
"5077","2","3","3","19","221","321","428","541","667","C2931822"
"3565","2","5","7","53","51","119","25","489","416","C2931822"
"10046","2","3","12","19","31","143","428","236","667","C2931822"
"4318","2","5","7","34","52","216","395","573","492","C2931822"
"7068","2","3","3","19","151","276","91","433","118","C2931822"
"5745","2","5","4","68","96","326","427","548","672","C2931822"
"4615","2","3","12","41","219","339","156","568","697","C2931822"
"1201","2","3","2","48","170","50","304","167","593","C2931822"
"5193","2","3","5","43","161","305","409","208","482","C2931845"
"2731","2","3","2","106","104","214","234","67","53","C2931845"
"2542","2","3","5","80","81","296","399","500","577","C2931852"
"4629","2","5","8","63","45","23","103","464","187","C2931852"
"4988","2","5","4","68","96","326","427","548","672","C2931860"
"6469","2","5","3","53","221","197","259","560","422","C2931860"
"7040","2","5","7","53","51","342","454","573","492","C2931875"
"2911","2","5","4","68","96","326","427","548","672","C2931875"
"3209","2","3","3","19","221","321","428","541","667","C2931875"
"525","2","3","5","29","88","110","141","537","50","C2931875"
"51604","2","3","2","61","77","142","176","235","317","C2931875"
"6786","2","5","8","63","45","23","103","464","187","C2931875"
"8200","2","5","7","53","51","342","259","423","389","C2931875"
"7415","2","3","7","34","52","216","395","536","445","C2931884"
"974","2","5","7","53","51","119","395","549","674","C2931884"
"51062","2","5","7","27","36","150","402","489","373","C2931884"
"6658","2","3","12","19","221","321","428","541","667","C2931888"
"6314","2","3","12","19","31","1","426","568","78","C2931888"
"4041","2","5","3","68","221","197","259","560","422","C2932714"
"7043","2","5","7","53","51","342","454","573","492","C2932714"
"387","2","5","7","60","54","24","30","46","72","C2932714"
"2130","2","3","2","22","33","323","66","491","609","C2932714"
"8086","2","3","12","22","33","323","66","101","664","C2932714"
"8722","2","3","7","76","153","40","38","54","75","C2932715"
"2639","2","3","2","71","148","34","160","115","164","C2932715"
"5573","2","3","12","19","184","118","155","287","116","C2936346"
"2617","2","3","2","110","85","237","433","252","154","C2936346"
"6774","2","3","12","53","14","276","25","489","416","C2936346"
"387","2","5","7","60","54","24","30","46","72","C2936346"
"7297","2","5","7","53","184","119","25","40","186","C2936346"
"2067","2","3","12","19","31","261","116","1","86","C2936346"
"5506","2","3","12","76","137","76","136","82","658","C2936346"
"6154","2","3","2","110","85","237","433","547","671","C2936346"
"5979","2","5","7","53","14","20","25","40","186","C2936346"
"2516","2","3","3","19","151","276","91","433","118","C2936346"
"2261","2","5","7","53","14","20","25","40","186","C2936349"
"2109","2","3","2","48","170","50","119","444","556","C2936349"
"9361","2","3","2","48","170","50","119","444","556","C2936350"
"9829","2","5","7","60","14","184","341","544","669","C2936350"
"1236","2","5","4","68","96","326","427","548","672","C2936350"
"1289","2","5","7","53","51","342","454","573","492","C2936380"
"650","2","5","7","53","51","342","259","423","389","C2936380"
"846","2","5","4","68","96","326","427","548","672","C2936380"
"81839","2","3","2","41","36","71","259","64","422","C2936380"
"6654","2","5","7","60","54","24","30","46","72","C2936380"
"4668","2","3","5","21","111","188","242","313","396","C2936419"
"23230","2","5","7","11","142","71","341","560","219","C2936419"
"3630","2","5","7","53","14","20","25","40","186","C2936419"
"332","2","3","12","76","153","40","38","54","75","C2936476"
"2353","2","3","12","19","31","1","91","489","416","C2936476"
"10329","2","3","2","63","123","194","423","536","544","C2936694"
"567","2","5","7","34","52","119","395","549","674","C2936694"
"6863","2","5","4","68","96","326","427","548","672","C2936694"
"2263","2","5","7","53","14","20","25","40","186","C2936694"
"2688","2","5","7","53","51","119","25","40","186","C2936694"
"1272","2","5","7","53","51","335","444","236","373","C2936694"
"3600","2","5","7","53","51","119","25","40","186","C2936694"
"2706","2","3","12","76","153","40","38","54","75","C2936694"
"669","2","3","5","90","167","266","441","106","616","C2936786"
"7099","2","5","7","41","219","339","156","568","697","C2936786"
"7516","2","3","12","19","31","261","116","1","86","C2936786"
"7248","2","3","2","48","57","110","141","359","462","C2936786"
"9401","2","3","12","76","31","261","116","1","86","C2936786"
"3861","2","1","6","11","142","225","142","220","298","C2936791"
"652","2","5","7","53","51","342","454","573","492","C2936791"
"7273","2","5","7","53","51","342","103","464","702","C2936862"
"9896","2","3","5","80","81","296","399","201","274","C2936862"
"3028","2","3","2","67","92","152","32","252","154","C2936862"
"2778","2","5","4","68","96","326","427","548","672","C2936907"
"4204","2","3","12","19","31","1","426","55","78","C2936907"
"55729","2","3","12","19","31","1","426","55","78","C2936907"
"1073","2","3","8","63","45","184","103","572","658","C2936907"
"6497","2","5","3","19","221","342","259","423","389","C2936907"
"796","2","5","4","68","96","326","427","548","672","C2936907"
"1674","2","5","8","63","45","23","103","464","187","C2936907"
"348980","2","5","8","63","36","166","106","110","158","C2936907"
"5728","2","3","5","80","81","339","156","568","605","C2936907"
"2316","2","5","7","53","51","342","454","573","702","C2936907"
"10560","2","3","2","65","196","310","127","527","648","C2936907"
"11160","2","3","12","41","116","268","423","536","445","C2936907"
"3569","2","5","7","53","51","342","454","573","416","C2936907"
"51124","2","5","4","68","96","326","427","548","672","C2936907"
"383","2","3","7","34","52","216","395","549","674","C2936907"
"3952","2","5","3","53","151","276","91","433","118","C2936907"
"1719","2","3","2","76","153","40","116","54","75","C2936907"
"8799","2","3","5","43","161","305","409","208","482","C2936907"
"6571","2","3","8","60","36","71","341","223","624","C2936907"
"9839","2","3","3","19","221","321","428","541","667","C2936907"
"26608","2","3","2","22","170","50","119","463","153","C2936907"
"8915","2","3","12","41","219","339","156","568","697","C2936907"
"3557","2","3","12","41","219","339","156","568","697","C2936907"
"5591","2","3","12","19","31","261","116","1","86","C2936907"
"2099","2","3","12","19","151","276","91","433","118","C2936913"
"54209","2","5","7","53","51","119","395","549","674","C2936913"
"6324","2","5","7","63","36","166","341","223","158","C2937220"
"3358","2","5","4","68","96","326","427","548","672","C2937220"
"6239","2","3","12","19","119","330","214","454","144","C2937220"
"1376","2","3","2","19","151","276","91","433","118","C2937228"
"4256","2","5","7","53","51","342","454","573","492","C2937228"
"51422","2","3","2","48","57","110","141","359","462","C2937228"
"54903","2","3","12","76","153","40","38","54","75","C2937228"
"5727","2","3","12","68","221","197","259","560","422","C2937228"
"4921","2","5","7","53","14","20","25","573","186","C2937365"
"4535","2","3","2","48","170","50","119","444","556","C2937365"
"5604","2","5","7","53","14","20","34","540","68","C2937365"
"3845","2","5","7","60","54","24","30","46","72","C2937365"
"10752","2","5","7","53","51","335","444","560","373","C2937365"
"6329","2","5","8","63","36","166","341","390","158","C2937365"
"3552","2","3","12","53","51","119","156","489","416","C2937365"
"2859","2","2","1","9","15","21","28","42","62","C2937365"
"11255","2","5","4","68","96","326","427","548","672","C2937365"
"3921","2","3","2","110","85","237","433","547","671","C2937365"
"22954","2","3","12","41","116","268","434","468","213","C2937365"
"1958","2","3","12","19","31","276","91","433","116","C2937365"
"2774","2","2","1","9","15","21","28","42","62","C2937365"
"1301","2","5","7","53","51","342","454","573","492","C2937365"
"4882","2","3","4","68","96","326","427","548","672","C2937365"
"8398","2","3","5","116","183","40","38","352","455","C2937421"
"23363","2","3","12","41","116","268","434","468","213","C2937421"
"4204","2","3","12","19","31","1","426","55","78","C2937421"
"1758","2","5","7","53","51","342","454","573","492","C2937421"
"7299","2","3","5","23","18","138","250","332","407","C2939175"
"1280","2","5","7","53","51","342","454","573","492","C2939175"
"5824","2","3","5","47","144","185","238","310","392","C2939186"
"411","2","3","7","34","52","216","395","549","674","C2939186"
"4352","2","5","7","53","14","20","25","40","186","C2939186"
"10084","2","3","2","22","33","323","66","101","136","C2940786"
"2121","2","3","12","41","116","268","434","568","605","C2940786"
"5860","2","3","2","69","91","75","204","267","352","C2940786"
"2301","2","5","6","11","142","225","142","220","673","C2981140"
"79722","2","3","12","76","153","40","38","54","75","C2981140"
"1134","2","5","8","27","70","99","162","216","290","C2985290"
"10939","2","3","2","48","170","50","119","444","593","C2985290"
"51741","2","3","2","22","33","323","66","101","127","C2985290"
"3845","2","5","7","60","54","24","30","46","72","C2985290"
"4057","2","5","7","34","52","216","395","549","674","C2985290"
"2879","2","3","5","80","81","166","378","173","229","C2985290"
"1778","2","3","7","76","153","40","38","54","75","C2985290"
"1230","2","5","4","68","96","326","427","548","672","C2985290"
"29954","2","5","2","27","206","324","430","215","290","C2985290"
"4983","2","5","7","60","54","24","30","46","72","C2985290"
"2200","2","5","7","53","51","342","454","573","492","C2985290"
"2969","2","3","12","19","31","276","91","433","118","C2985290"
"4625","2","3","8","63","45","23","103","464","187","C2985290"
"249","2","3","5","27","51","335","444","560","373","C3149083"
"26040","2","3","12","19","31","1","116","297","78","C3149083"
"10535","2","3","12","76","153","40","38","54","75","C3149462"
"55572","2","3","2","48","170","50","119","444","556","C3149462"
"4254","2","5","7","53","14","20","25","40","186","C3149750"
"367","2","3","12","19","31","276","91","433","118","C3149750"
"4893","2","5","7","34","52","24","30","46","72","C3150077"
"55812","2","3","12","76","181","160","38","54","75","C3150077"
"6622","2","3","7","27","36","150","341","223","628","C3150077"
"7809","2","5","8","63","45","23","34","464","187","C3150077"
"7353","2","3","12","41","219","339","156","568","605","C3150077"
"3674","2","5","7","53","51","342","454","573","492","C3150077"
"6845","2","5","7","60","14","184","341","544","669","C3150077"
"9968","2","4","3","24","119","330","214","454","144","C3150077"
"54903","2","3","12","76","153","40","38","54","75","C3150077"
"22856","2","3","2","78","189","303","251","320","403","C3150077"
"6197","2","3","12","19","14","20","34","540","68","C3150077"
"3115","2","5","7","53","184","119","156","287","116","C3150077"
"5376","2","5","7","53","51","342","454","573","492","C3150077"
"3664","2","5","7","53","184","119","156","287","116","C3150086"
"427","2","3","7","34","52","216","395","549","420","C3150086"
"55315","2","3","5","80","81","296","62","94","150","C3150086"
"3953","2","5","7","53","14","20","25","40","186","C3150267"
"2954","2","3","5","91","175","271","372","471","586","C3150267"
"2261","2","5","7","53","14","20","25","40","186","C3150267"
"1287","2","5","2","53","51","342","454","573","492","C3150267"
"7305","2","5","7","34","52","216","395","549","674","C3150267"
"57521","2","3","2","48","57","110","141","359","462","C3150267"
"547","2","3","7","76","153","40","38","54","75","C3150267"
"1139","2","5","8","27","70","99","162","216","290","C3150267"
"8799","2","3","5","43","161","305","409","208","482","C3150281"
"3784","2","5","8","63","36","166","106","110","158","C3150281"
"9622","2","5","7","68","51","119","395","549","674","C3150281"
"5573","2","3","12","19","184","118","155","287","116","C3150281"
"5979","2","5","7","53","14","20","25","40","186","C3150281"
"1281","2","5","7","53","51","342","454","573","492","C3150281"
"355","2","3","7","41","219","339","156","568","697","C3150281"
"2483","2","3","2","22","33","323","66","101","136","C3150281"
"55505","2","3","2","110","85","237","433","547","671","C3150281"
"5296","2","5","7","53","14","20","25","40","186","C3150281"
"3240","2","5","7","34","52","216","395","549","674","C3150281"
"5932","2","3","12","19","31","261","116","1","86","C3150281"
"5155","2","5","7","53","51","342","454","573","186","C3150281"
"50964","2","5","3","68","221","197","259","423","422","C3150281"
"10804","2","3","12","76","153","40","38","54","75","C3150281"
"9990","2","5","8","45","94","199","240","415","666","C3150281"
"9343","2","3","2","22","33","323","66","101","136","C3150358"
"3988","2","3","5","98","174","277","379","476","42","C3150358"
"5125","2","5","6","11","51","225","142","220","298","C3150415"
"23400","2","5","8","63","45","23","103","464","187","C3150415"
"25939","2","3","12","53","184","119","156","287","116","C3150415"
"6335","2","5","8","63","36","166","341","390","158","C3150415"
"623","2","5","4","68","96","326","427","548","672","C3150415"
"3718","2","5","7","53","14","20","25","40","186","C3150415"
"55624","2","3","2","78","123","194","255","215","412","C3150415"
"1146","2","5","8","27","70","99","162","216","290","C3150416"
"5173","2","5","4","68","96","326","427","548","672","C3150416"
"2263","2","5","7","53","14","20","25","40","186","C3150416"
"6390","2","3","2","48","170","50","119","444","556","C3150416"
"27443","2","3","12","19","31","1","426","55","78","C3150416"
"10804","2","3","12","76","153","40","38","54","75","C3150416"
"2263","2","5","7","53","14","20","25","40","186","C3150416"
"3617","2","5","7","86","221","321","454","311","518","C3150607"
"2138","2","3","12","19","31","1","426","55","78","C3150607"
"1027","2","3","12","19","31","1","116","1","86","C3150613"
"1763","2","3","12","19","31","261","116","1","86","C3150613"
"1147","2","3","12","41","219","339","156","568","697","C3150613"
"5443","2","5","4","68","96","326","427","548","672","C3150613"
"53834","2","5","7","53","51","342","454","573","492","C3150613"
"54790","2","3","12","19","31","1","426","55","78","C3150620"
"3308","2","3","12","41","219","339","347","271","356","C3150620"
"4023","2","3","5","24","51","342","91","20","27","C3150659"
"5743","2","3","5","53","175","119","167","489","416","C3150659"
"9364","2","5","7","60","54","24","30","46","72","C3150659"
"54840","2","3","12","19","31","261","116","1","86","C3150659"
"6303","2","3","2","67","118","160","261","188","423","C3150659"
"8893","2","3","2","110","85","237","433","547","671","C3150659"
"2741","2","5","8","27","70","99","162","216","290","C3150659"
"652","2","5","7","53","51","342","454","573","492","C3150659"
"3240","2","5","7","34","52","216","395","549","674","C3150792"
"2969","2","3","12","19","31","276","91","433","118","C3150792"
"1131","2","5","4","68","96","326","427","548","672","C3150902"
"5818","2","5","7","53","51","335","444","560","373","C3150902"
"175","2","3","7","34","52","216","395","549","674","C3150914"
"3209","2","3","3","19","221","321","428","541","667","C3150914"
"54806","2","5","7","76","153","40","38","54","75","C3150914"
"54487","2","3","2","22","33","323","66","101","136","C3150968"
"4137","2","3","7","27","36","150","341","223","628","C3150968"
"23230","2","5","7","11","142","71","341","560","219","C3151082"
"9839","2","3","3","19","221","321","428","541","667","C3151082"
"4137","2","3","7","27","36","150","341","223","628","C3151111"
"3119","2","5","7","53","153","119","156","287","116","C3151111"
"10397","2","3","2","110","81","148","402","51","383","C3151380"
"5048","2","3","12","76","153","40","38","54","75","C3151380"
"11340","2","3","2","110","85","237","433","547","671","C3151513"
"54187","2","3","5","80","81","296","272","452","148","C3151513"
"5076","2","3","3","19","221","321","428","541","667","C3151513"
"26873","2","3","5","83","171","97","237","77","391","C3151513"
"865","2","3","12","19","31","1","426","55","78","C3151513"
"3954","2","3","2","48","170","67","119","444","593","C3151520"
"2166","2","3","2","11","142","152","142","570","298","C3151520"
"9573","2","5","7","53","51","342","259","423","389","C3151520"
"191","2","3","5","80","81","105","426","129","690","C3151520"
"1536","2","5","7","34","52","216","395","549","674","C3151520"
"4536","2","3","2","48","170","50","119","444","556","C3151520"
"7248","2","3","2","48","57","110","141","359","462","C3151520"
"10516","2","5","7","53","51","342","454","573","492","C3151520"
"111","2","5","4","68","96","326","427","548","672","C3151520"
"4803","2","5","7","60","54","24","30","46","72","C3151520"
"1643","2","3","12","41","116","268","434","468","213","C3151520"
"8504","2","3","5","47","144","185","238","310","392","C3151523"
"8820","2","3","3","19","221","321","428","541","667","C3151523"
"2897","2","5","8","63","36","166","106","110","158","C3151523"
"4210","2","3","12","41","219","339","156","568","697","C3151525"
"2153","2","5","7","53","51","342","454","573","492","C3151525"
"6662","2","3","3","19","221","321","428","541","667","C3151525"
"84153","2","3","12","76","153","40","38","54","75","C3151617"
"51601","2","3","2","67","92","293","55","75","311","C3151617"
"5194","2","3","5","43","161","305","409","208","482","C3151897"
"9227","2","3","2","69","51","101","126","170","224","C3151897"
"4157","2","5","4","68","96","326","427","548","672","C3151897"
"1145","2","5","8","27","70","99","162","216","290","C3152055"
"10149","2","5","5","63","36","166","332","220","158","C3152055"
"54968","2","3","2","48","170","50","119","444","556","C3152144"
"540","2","5","8","63","45","23","103","464","187","C3152144"
"596","2","3","12","19","219","339","402","489","416","C3152144"
"50640","2","3","5","116","183","295","398","243","327","C3152144"
"6473","2","3","3","19","221","321","428","541","667","C3152144"
"6496","2","3","3","19","221","321","428","541","667","C3152144"
"594","2","3","2","67","92","293","55","75","311","C3152144"
"2153","2","5","7","53","51","342","454","573","492","C3152144"
"4000","2","3","12","26","105","178","226","297","156","C3152182"
"650","2","5","7","53","51","342","259","423","389","C3152182"
"4830","2","3","2","72","109","182","235","307","506","C3152182"
"257","2","3","3","19","221","321","428","541","667","C3152182"
"2162","2","5","7","53","51","342","454","573","702","C3152231"
"8573","2","5","7","53","36","71","341","223","219","C3152231"
"2588","2","3","7","34","52","216","395","549","674","C3160718"
"7476","2","5","3","68","221","197","259","560","422","C3160718"
"3309","2","3","12","41","219","342","347","271","702","C3160718"
"8626","2","3","3","19","221","321","428","541","667","C3160718"
"22868","2","3","2","48","182","67","76","463","153","C3160718"
"7167","2","3","2","90","167","266","367","500","577","C3160718"
"4212","2","3","3","19","221","321","428","541","667","C3160718"
"5617","2","5","12","19","31","1","426","55","78","C3160718"
"1184","2","5","8","63","45","23","34","464","187","C3160718"
"3952","2","5","3","53","151","276","91","433","118","C3160718"
"4722","2","3","2","48","170","50","119","444","556","C3160718"
"5727","2","3","12","68","221","197","259","560","422","C3160814"
"6567","2","5","8","35","41","77","40","57","80","C3160814"
"7043","2","5","7","53","51","342","454","573","492","C3160814"
"4512","2","3","2","48","170","110","141","359","8","C3160814"
"1410","2","3","12","63","45","23","38","54","187","C3160814"
"7124","2","3","12","41","219","339","156","568","697","C3160814"
"546","2","3","12","19","31","261","426","1","86","C3161174"
"7076","2","5","7","53","51","342","454","573","492","C3161174"
"427","2","3","7","34","52","216","395","549","420","C3161174"
"11277","2","3","12","19","31","261","116","1","86","C3161330"
"3290","2","3","2","69","83","101","94","133","239","C3161330"
"6311","2","3","2","22","33","323","66","362","468","C3161330"
"5159","2","5","7","53","14","20","25","40","186","C3161330"
"4868","2","5","7","53","51","335","25","560","373","C3161330"
"4256","2","5","7","53","51","342","454","573","492","C3161330"
"8085","2","3","12","19","31","1","426","55","78","C3161330"
"7490","2","3","3","19","221","321","428","541","667","C3161330"
"8626","2","3","3","19","221","321","428","541","667","C3161330"
"6495","2","3","3","19","221","321","428","541","667","C3161330"
"4508","2","3","2","48","170","50","119","444","556","C3161330"
"5428","2","3","2","48","170","50","119","167","593","C3161330"
"7248","2","3","2","48","57","110","141","359","462","C3161330"
"1890","2","3","5","80","81","296","62","94","150","C3161330"
"3587","2","5","7","53","51","119","395","549","674","C3161330"
"6778","2","5","7","53","51","119","25","489","416","C3161330"
"3763","2","5","8","63","36","166","106","110","158","C3161330"
"10743","2","3","3","19","151","276","91","433","118","C3161330"
"4792","2","3","12","41","219","339","156","568","605","C3161330"
"4843","2","3","5","43","161","305","409","489","416","C3161330"
"4125","2","3","7","34","52","216","395","549","674","C3161330"
"2260","2","5","7","53","14","20","25","40","186","C3161330"
"1559","2","3","5","91","214","226","11","348","172","C3161330"
"2316","2","5","7","53","51","342","454","573","702","C3161330"
"1376","2","3","2","19","151","276","91","433","118","C3161330"
"9499","2","5","7","53","51","23","103","464","187","C3161330"
"26012","2","3","12","19","31","261","116","159","211","C3161330"
"4359","2","5","7","53","51","342","454","573","492","C3161330"
"6909","2","5","7","53","51","335","444","560","373","C3161330"
"51715","2","5","7","60","54","24","30","46","72","C3161330"
"51259","2","3","2","76","153","40","38","54","75","C3161330"
"114902","2","5","7","41","219","339","156","568","697","C3163798"
"5604","2","5","7","53","14","20","34","540","68","C3163798"
"26281","2","5","7","53","14","20","25","40","186","C3163798"
"3767","2","5","8","63","36","166","106","110","158","C3163798"
"6391","2","3","2","48","170","50","119","444","556","C3163798"
"3257","2","5","7","60","54","24","30","46","72","C3163798"
"11152","2","3","2","48","57","110","141","359","462","C3163798"
"58","2","5","8","63","45","23","103","464","187","C3163798"
"1311","2","5","7","53","51","342","454","573","492","C3163798"
"196","2","3","3","19","151","276","91","433","118","C3163798"
"55800","2","5","8","27","36","150","341","223","628","C3163798"
"4952","2","3","5","60","54","184","30","544","669","C3163798"
"6804","2","5","7","60","36","71","341","223","219","C3163801"
"673","2","5","7","53","14","20","34","540","68","C3163801"
"6469","2","5","3","53","221","197","259","560","422","C3163801"
"4724","2","3","2","48","170","50","119","444","556","C3163801"
"2317","2","5","7","63","45","23","103","287","664","C3163801"
"1075","2","5","7","34","52","216","395","549","674","C3163801"
"4763","2","5","7","60","54","24","30","46","214","C3163801"
"51128","2","5","7","60","153","24","38","46","72","C3163801"
"1643","2","3","12","41","116","268","434","468","213","C3163801"
"3265","2","5","7","60","54","24","30","46","72","C3164374"
"1654","2","3","7","34","52","216","395","549","674","C3164374"
"3764","2","5","8","63","36","166","106","110","158","C3164374"
"3123","2","5","7","53","51","119","156","287","116","C3164374"
"5728","2","3","5","80","81","339","156","568","605","C3164374"
"2720","2","3","7","34","52","216","395","21","599","C3164374"
"5745","2","5","4","68","96","326","427","548","672","C3164374"
"2255","2","5","7","53","14","20","25","40","186","C3164374"
"5116","2","3","12","76","153","40","38","54","75","C3164374"
"50940","2","3","4","68","96","326","427","548","672","C3164374"
"340024","2","3","8","45","94","199","240","415","666","C3164374"
"6303","2","3","2","67","118","160","261","188","423","C3164374"
"1261","2","5","8","63","36","166","106","110","158","C3164374"
"55612","2","5","7","60","36","71","177","560","701","C3164374"
"23411","2","3","12","19","31","1","91","433","118","C3164374"
"27031","2","3","6","11","142","225","38","331","506","C3164374"
"2243","2","5","7","53","51","342","454","573","492","C3164374"
"6772","2","3","12","53","184","119","156","287","116","C3164374"
"4535","2","3","2","48","170","50","119","444","556","C3164374"
"8547","2","5","7","53","51","342","454","573","492","C3164374"
"10060","2","3","8","41","45","23","423","464","445","C3164374"
"773","2","5","8","27","36","166","341","223","628","C3164374"
"10019","2","5","7","53","14","20","25","40","116","C3164374"
"6334","2","5","8","63","36","166","341","223","158","C3164445"
"7161","2","3","12","19","31","1","402","148","624","C3164445"
"4688","2","5","7","60","14","20","25","40","215","C3164445"
"200879","2","3","5","116","183","295","398","552","622","C3164445"
"51151","2","3","5","23","18","138","250","332","407","C3164445"
"2177","2","3","2","110","90","261","431","545","443","C3164445"
"7461","2","3","7","60","153","40","38","93","75","C3164445"
"1441","2","5","7","53","51","119","25","40","186","C3164445"
"1292","2","5","7","53","51","342","454","573","492","C3164445"
"2690","2","5","7","53","14","20","25","40","186","C3178803"
"1798","2","3","2","48","69","99","162","216","290","C3178803"
"1145","2","5","8","27","70","99","162","216","290","C3178805"
"9401","2","3","12","76","31","261","116","1","86","C3178805"
"2915","2","5","4","68","96","326","427","548","672","C3178805"
"3239","2","3","3","19","221","321","428","541","667","C3178805"
"2593","2","3","2","19","31","1","426","55","78","C3179508"
"6390","2","3","2","48","170","50","119","444","556","C3179508"
"5961","2","5","7","27","51","326","126","414","702","C3179508"
"55112","2","3","12","76","153","40","38","54","75","C3179508"
"5193","2","3","5","43","161","305","409","208","482","C3179508"
"2010","2","3","12","26","105","296","226","488","156","C3179508"
"359","2","3","5","80","81","166","397","374","486","C3179508"
"2260","2","5","7","53","14","20","25","40","186","C3179508"
"26160","2","3","12","76","153","40","38","54","75","C3179508"
"4644","2","5","7","60","54","184","141","359","411","C3203358"
"6662","2","3","3","19","221","321","428","541","667","C3203358"
"10743","2","3","3","19","151","276","91","433","118","C3203358"
"2313","2","3","12","19","31","276","91","433","118","C3203358"
"5663","2","5","7","34","52","216","395","549","667","C3203358"
"26249","2","3","12","41","116","268","434","468","213","C3203358"
"207","2","3","7","53","14","20","34","489","416","C3203358"
"26040","2","3","12","19","31","1","116","297","78","C3203358"
"9968","2","4","3","24","119","330","214","454","144","C3203358"
"26154","2","3","5","47","144","185","238","310","392","C3266101"
"8813","2","3","2","48","116","142","136","280","363","C3266101"
"8050","2","3","2","67","92","293","55","75","311","C3266101"
"4763","2","5","7","60","54","24","30","46","214","C3266101"
"249","2","3","5","27","51","335","444","560","373","C3266101"
"7227","2","3","12","19","31","276","91","433","118","C3266101"
"5156","2","5","7","53","14","20","25","40","186","C3266101"
"657","2","5","7","53","221","342","259","423","389","C3266101"
"2737","2","3","12","19","116","321","428","54","667","C3266101"
"10117","2","5","7","53","51","342","454","573","492","C3275417"
"10060","2","3","8","41","45","23","423","464","445","C3275417"
"10686","2","5","6","42","36","71","177","64","219","C3275417"
"2263","2","5","7","53","14","20","25","40","186","C3275417"
"6775","2","5","7","53","14","119","25","40","186","C3275417"
"3190","2","3","2","22","33","323","66","101","136","C3275417"
"23479","2","3","2","48","170","50","119","100","556","C3275417"
"2778","2","5","4","68","96","326","427","548","672","C3275417"
"1175","2","5","7","60","14","184","341","544","669","C3275417"
"8200","2","5","7","53","51","342","259","423","389","C3275417"
"8878","2","3","12","41","219","339","156","568","697","C3275417"
"25836","2","3","12","76","153","40","38","54","75","C3275417"
"226","2","5","7","34","52","216","395","549","702","C3275417"
"9361","2","3","2","48","170","50","119","444","556","C3275417"
"5238","2","3","2","80","141","221","111","385","501","C3275417"
"4613","2","3","12","19","31","1","426","55","78","C3275417"
"2053","2","3","5","80","81","305","409","208","482","C3275417"
"7681","2","3","12","41","116","268","434","468","213","C3275417"
"10008","2","5","8","63","36","166","341","223","158","C3275417"
"5663","2","5","7","34","52","216","395","549","667","C3275417"
"3767","2","5","8","63","36","166","106","110","158","C3275452"
"1290","2","5","7","53","51","342","454","573","492","C3275452"
"10804","2","3","12","76","153","40","38","54","75","C3275452"
"2215","2","5","7","34","52","216","395","549","674","C3275452"
"27229","2","3","12","76","153","40","38","54","75","C3275754"
"51025","2","3","2","48","170","50","304","167","593","C3275754"
"4519","2","3","2","48","170","50","119","508","312","C3275754"
"8518","2","3","12","19","31","1","426","55","78","C3275899"
"7290","2","3","12","19","31","1","426","55","78","C3275899"
"10413","2","3","12","19","36","143","177","236","321","C3275899"
"5566","2","3","12","76","14","20","34","540","75","C3275963"
"2658","2","5","7","53","51","342","259","423","389","C3275963"
"3861","2","1","6","11","142","225","142","220","298","C3275998"
"6514","2","5","7","90","216","337","448","565","562","C3275998"
"9496","2","5","6","11","142","225","142","220","673","C3275998"
"4978","2","5","7","27","51","335","444","560","373","C3276036"
"51164","2","3","7","76","153","40","38","54","75","C3276036"
"9247","2","5","7","53","221","197","259","423","389","C3276036"
"54551","2","3","12","41","219","197","156","568","422","C3276036"
"1594","2","3","5","92","163","96","363","460","487","C3276036"
"54209","2","5","7","53","51","119","395","549","674","C3276036"
"3273","2","5","7","53","51","342","454","573","702","C3276036"
"6335","2","5","8","63","36","166","341","390","158","C3276276"
"9364","2","5","7","60","54","24","30","46","72","C3276276"
"5506","2","3","12","76","137","76","136","82","658","C3276441"
"8200","2","5","7","53","51","342","259","423","389","C3276441"
"860","2","3","12","19","31","276","91","433","118","C3276441"
"5443","2","5","4","68","96","326","427","548","672","C3276441"
"7299","2","3","5","23","18","138","250","332","407","C3276441"
"5167","2","3","5","32","93","163","207","303","126","C3276539"
"2778","2","5","4","68","96","326","427","548","672","C3276539"
"5184","2","3","5","80","81","166","52","105","349","C3276623"
"4170","2","3","12","41","219","339","402","489","416","C3276623"
"4000","2","3","12","26","105","178","226","297","156","C3276623"
"24","2","3","12","41","116","268","423","536","445","C3276815"
"26503","2","3","2","89","124","204","272","347","442","C3276815"
"4477","2","5","6","11","119","50","142","220","452","C3276815"
"1298","2","5","7","53","51","342","454","573","492","C3276821"
"5354","2","5","7","27","36","150","341","223","628","C3276821"
"367","2","3","12","19","31","276","91","433","118","C3277019"
"10269","2","3","2","48","182","50","119","444","556","C3277019"
"128637","2","5","7","60","54","24","30","46","72","C3277019"
"2138","2","3","12","19","31","1","426","55","78","C3277019"
"3425","2","3","5","80","81","166","454","573","492","C3277019"
"2263","2","5","7","53","14","20","25","40","186","C3277226"
"22930","2","5","7","60","54","24","30","46","72","C3277226"
"1807","2","3","5","80","23","186","79","560","273","C3277226"
"9049","2","3","3","41","151","276","378","271","356","C3277226"
"1184","2","5","8","63","45","23","34","464","187","C3277226"
"2488","2","5","4","68","96","326","427","548","672","C3277226"
"9401","2","3","12","76","31","261","116","1","86","C3277226"
"5771","2","5","7","53","14","296","25","40","186","C3277226"
"27232","2","3","2","19","31","105","106","14","7","C3277226"
"4000","2","3","12","26","105","178","226","297","156","C3277226"
"3717","2","5","7","53","14","20","25","40","186","C3277226"
"1513","2","5","7","53","51","342","454","573","492","C3277376"
"6391","2","3","2","48","170","50","119","444","556","C3277376"
"2074","2","3","12","19","31","1","426","55","78","C3277376"
"1594","2","3","5","92","163","96","363","460","487","C3277376"
"22926","2","3","12","19","31","276","91","433","118","C3277376"
"1301","2","5","7","53","51","342","454","573","492","C3277418"
"1855","2","5","12","76","153","197","259","560","422","C3277418"
"23522","2","3","12","19","31","1","426","55","78","C3277418"
"10117","2","5","7","53","51","342","454","573","492","C3277418"
"23426","2","5","7","42","36","71","177","223","219","C3277418"
"5972","2","5","5","34","52","216","397","418","568","C3277418"
"4000","2","3","12","26","105","178","226","297","156","C3277418"
"23529","2","5","7","53","51","119","25","40","416","C3277418"
"7508","2","3","12","19","31","261","116","1","664","C3277418"
"351","2","5","4","68","96","326","188","145","193","C3277418"
"2492","2","5","4","68","96","326","427","548","672","C3277671"
"3674","2","5","7","53","51","342","454","573","492","C3277671"
"5396","2","3","3","19","221","321","428","541","667","C3277671"
"3440","2","3","12","19","184","118","155","287","116","C3277687"
"860","2","3","12","19","31","276","91","433","118","C3277687"
"613","2","5","7","60","54","24","30","46","72","C3277753"
"3339","2","5","7","53","51","342","454","573","492","C3277753"
"5244","2","3","3","41","151","276","91","433","118","C3278004"
"6910","2","3","12","19","51","335","444","560","373","C3278004"
"440","2","3","2","101","62","189","182","509","154","C3278004"
"2990","2","3","7","34","52","216","395","549","674","C3278004"
"7337","2","3","12","41","116","268","434","468","213","C3278024"
"1294","2","5","7","53","51","342","454","573","492","C3278024"
"4038","2","5","7","53","51","342","454","573","492","C3278024"
"2187","2","3","12","19","31","261","116","1","86","C3278307"
"4864","2","3","5","48","152","184","341","544","669","C3278307"
"4353","2","3","7","34","52","216","395","549","674","C3278307"
"1356","2","3","7","53","51","342","454","573","492","C3278322"
"1548","2","3","5","91","214","226","326","447","586","C3278322"
"51715","2","5","7","60","54","24","30","46","72","C3278322"
"54361","2","5","3","68","221","197","259","560","422","C3278322"
"7298","2","3","12","76","153","40","38","54","75","C3278322"
"5781","2","5","7","53","14","20","25","40","186","C3278322"
"3664","2","5","7","53","184","119","156","287","116","C3278322"
"7026","2","3","3","19","151","276","91","433","118","C3278322"
"5015","2","3","3","19","221","321","428","541","667","C3278401"
"4072","2","5","7","53","51","119","454","573","492","C3278401"
"4513","2","3","2","48","170","110","141","359","532","C3278401"
"5468","2","3","3","19","151","276","91","433","118","C3278401"
"79571","2","5","7","60","54","24","98","66","203","C3278401"
"1716","2","3","2","27","36","150","221","138","188","C3278401"
"10165","2","3","2","48","170","50","304","167","593","C3278401"
"1080","2","3","12","41","219","339","156","544","669","C3278401"
"5339","2","5","7","53","51","342","454","573","492","C3278401"
"5573","2","3","12","19","184","118","155","287","116","C3278401"
"5149","2","3","5","68","38","16","477","596","725","C3278401"
"2316","2","5","7","53","51","342","454","573","702","C3278401"
"368","2","3","12","41","116","268","423","536","445","C3278429"
"388552","2","5","7","60","18","184","341","544","669","C3278429"
"4540","2","3","2","48","170","50","119","444","556","C3278481"
"2146","2","3","12","19","31","1","426","55","78","C3278481"
"3559","2","5","7","53","14","20","25","40","186","C3278509"
"3930","2","3","2","22","33","323","66","3","464","C3278509"
"55704","2","3","12","76","153","40","38","54","75","C3278509"
"1967","2","3","2","110","85","237","433","547","671","C3278509"
"7416","2","3","2","48","170","339","304","167","593","C3278509"
"7428","2","3","12","41","116","268","434","468","213","C3278509"
"861","2","3","12","19","31","1","426","55","78","C3278509"
"50485","2","3","12","19","31","261","116","1","86","C3278509"
"3914","2","5","7","53","51","342","454","573","492","C3278509"
"26227","2","3","2","41","137","44","208","81","108","C3278509"
"9440","2","4","3","24","119","330","214","454","144","C3278509"
"1387","2","3","12","19","31","276","91","433","118","C3278509"
"773","2","5","8","27","36","166","341","223","628","C3278509"
"554","2","5","4","68","96","326","427","548","672","C3278509"
"3709","2","5","8","63","45","23","306","390","158","C3278509"
"3930","2","3","2","22","33","323","66","3","464","C3278509"
"51109","2","3","2","69","51","101","126","170","224","C3278509"
"3655","2","5","7","53","51","342","454","573","492","C3278509"
"30817","2","5","3","68","221","197","259","560","422","C3278509"
"4481","2","5","7","53","51","342","454","573","492","C3278509"
"7374","2","3","12","19","31","261","116","1","86","C3278509"
"7456","2","5","7","60","14","20","25","40","215","C3278509"
"7471","2","5","3","68","221","197","259","560","422","C3278509"
"22854","2","5","5","27","51","335","444","560","373","C3278509"
"2260","2","5","7","53","14","20","25","40","186","C3278509"
"9049","2","3","3","41","151","276","378","271","356","C3278636"
"257","2","3","3","19","221","321","428","541","667","C3278636"
"2688","2","5","7","53","51","119","25","40","186","C3278636"
"53904","2","5","7","53","14","20","34","540","68","C3278636"
"1493","2","5","7","53","51","119","25","40","186","C3278636"
"51715","2","5","7","60","54","24","30","46","72","C3278636"
"10585","2","5","2","27","206","324","430","215","290","C3278811"
"551","2","5","4","68","96","326","427","548","672","C3278811"
"204","2","3","4","72","109","182","235","307","506","C3278811"
"4921","2","5","7","53","14","20","25","573","186","C3278811"
"55699","2","3","2","110","85","67","76","252","154","C3278811"
"4595","2","3","12","19","31","261","116","1","86","C3278811"
"6335","2","5","8","63","36","166","341","390","158","C3278811"
"4000","2","3","12","26","105","178","226","297","156","C3278811"
"5604","2","5","7","53","14","20","34","540","68","C3278811"
"6663","2","3","3","19","221","321","428","541","667","C3278811"
"701","2","3","12","76","153","40","38","54","75","C3278811"
"6591","2","3","12","19","31","1","426","55","78","C3278811"
"6010","2","5","4","68","96","326","427","548","672","C3278811"
"10312","2","3","7","34","52","216","395","549","674","C3278811"
"3643","2","5","7","53","14","20","25","40","186","C3278811"
"1134","2","5","8","27","70","99","162","216","290","C3278811"
"54345","2","5","3","19","221","321","428","541","667","C3278865"
"5195","2","3","5","43","161","305","409","208","482","C3278865"
"3117","2","5","7","53","153","119","156","287","116","C3278975"
"26235","2","3","12","41","116","268","434","468","213","C3278975"
"7466","2","5","7","53","51","342","454","573","492","C3278975"
"37","2","3","2","110","105","178","226","297","380","C3278975"
"4535","2","3","2","48","170","50","119","444","556","C3278975"
"1311","2","5","7","53","51","342","454","573","492","C3278975"
"5627","2","5","7","53","51","342","454","573","702","C3278975"
"54583","2","3","12","41","116","268","434","568","605","C3278975"
"5663","2","5","7","34","52","216","395","549","667","C3278975"
"7124","2","3","12","41","219","339","156","568","697","C3278975"
"2737","2","3","12","19","116","321","428","54","667","C3278975"
"6598","2","3","12","19","31","1","426","55","78","C3278975"
"1103","2","3","2","67","92","293","55","75","311","C3278975"
"5728","2","3","5","80","81","339","156","568","605","C3278975"
"5194","2","3","5","43","161","305","409","208","482","C3278975"
"5832","2","3","2","101","62","189","182","509","252","C3278975"
"8443","2","3","5","43","161","305","409","208","482","C3278981"
"2239","2","3","2","74","51","342","454","573","492","C3278981"
"3712","2","3","2","48","170","50","119","444","556","C3278981"
"8517","2","3","12","41","219","339","156","568","697","C3278981"
"26608","2","3","2","22","170","50","119","463","153","C3278981"
"4854","2","5","7","53","51","143","428","236","667","C3278981"
"326","2","3","12","19","31","261","377","370","269","C3278981"
"10159","2","5","7","34","52","216","395","549","674","C3278981"
"2261","2","5","7","53","14","20","25","40","186","C3278981"
"22995","2","3","12","76","153","40","38","54","75","C3278981"
"10733","2","3","12","76","153","40","38","54","75","C3278981"
"7849","2","3","3","19","221","321","428","541","667","C3278981"
"10528","2","3","2","110","85","237","433","547","671","C3278981"
"4893","2","5","7","34","52","24","30","46","72","C3279149"
"2099","2","3","12","19","151","276","91","433","118","C3279149"
"2006","2","5","7","53","51","342","454","573","492","C3279149"
"5328","2","5","7","34","52","216","395","549","674","C3279149"
"3730","2","5","7","53","14","20","25","40","186","C3279149"
"650","2","5","7","53","51","342","259","423","389","C3279149"
"2316","2","5","7","53","51","342","454","573","702","C3279149"
"1387","2","3","12","19","31","276","91","433","118","C3279149"
"2316","2","5","7","53","51","342","454","573","702","C3279149"
"7504","2","5","4","68","96","326","427","548","672","C3279149"
"545","2","3","12","19","31","261","116","1","86","C3279149"
"10060","2","3","8","41","45","23","423","464","445","C3279149"
"6657","2","3","12","19","221","321","428","541","667","C3279149"
"10011","2","3","12","19","31","276","91","433","118","C3279149"
"4541","2","3","2","48","170","50","119","444","24","C3279149"
"5251","2","3","5","80","81","296","474","593","722","C3279149"
"5325","2","3","12","19","31","198","261","146","118","C3279149"
"7140","2","5","8","63","45","23","103","464","187","C3279149"
"27247","2","3","2","48","170","50","119","100","556","C3279149"
"7468","2","3","12","19","31","1","426","55","78","C3279149"
"50640","2","3","5","116","183","295","398","243","327","C3279149"
"2677","2","5","7","53","51","342","454","573","492","C3279149"
"9968","2","4","3","24","119","330","214","454","144","C3279149"
"1594","2","3","5","92","163","96","363","460","487","C3279149"
"1029","2","3","12","19","31","1","116","1","664","C3279191"
"23746","2","3","12","41","83","101","126","271","356","C3279191"
"10269","2","3","2","48","182","50","119","444","556","C3279191"
"2263","2","5","7","53","14","20","25","40","186","C3279191"
"9791","2","3","8","45","94","199","240","415","666","C3279191"
"2067","2","3","12","19","31","261","116","1","86","C3279336"
"275","2","3","5","106","104","214","70","377","488","C3279336"
"4791","2","3","12","41","219","339","156","568","697","C3279336"
"23522","2","3","12","19","31","1","426","55","78","C3279397"
"4621","2","5","8","63","45","23","103","464","187","C3279397"
"55505","2","3","2","110","85","237","433","547","671","C3279397"
"5194","2","3","5","43","161","305","409","208","482","C3279397"
"54101","2","3","2","48","170","50","347","167","593","C3279397"
"3815","2","5","7","53","14","20","25","40","186","C3279397"
"9992","2","5","8","63","36","166","341","110","158","C3279397"
"9409","2","3","5","43","161","305","409","208","482","C3279397"
"4538","2","3","2","48","170","50","119","444","556","C3279397"
"6925","2","3","12","19","31","225","142","220","298","C3279397"
"6297","2","3","12","41","116","266","402","489","416","C3279397"
"773","2","5","8","27","36","166","341","223","628","C3279397"
"3265","2","5","7","60","54","24","30","46","72","C3279397"
"7840","2","3","12","76","153","40","38","54","75","C3279571"
"7015","2","3","12","19","31","1","426","55","78","C3279571"
"9496","2","5","6","11","142","225","142","220","673","C3279571"
"9469","2","3","2","103","189","303","29","475","467","C3279571"
"3784","2","5","8","63","36","166","106","110","158","C3279571"
"2629","2","3","5","80","81","250","291","152","420","C3279571"
"10020","2","3","2","89","124","204","42","452","258","C3279575"
"1289","2","5","7","53","51","342","454","573","492","C3279575"
"5781","2","5","7","53","14","20","25","40","186","C3279575"
"7015","2","3","12","19","31","1","426","55","78","C3279575"
"773","2","5","8","27","36","166","341","223","628","C3279575"
"9217","2","3","2","50","47","39","100","321","255","C3279575"
"1832","2","5","7","34","52","225","142","220","298","C3279575"
"9533","2","3","2","19","31","1","426","55","78","C3279601"
"2261","2","5","7","53","14","20","25","40","186","C3279601"
"5803","2","5","7","53","36","296","399","201","373","C3279601"
"5368","2","5","4","68","96","326","427","548","672","C3279601"
"4724","2","3","2","48","170","50","119","444","556","C3279601"
"6655","2","5","7","60","54","24","30","46","72","C3279601"
"1232","2","5","4","68","96","326","427","548","672","C3279601"
"79932","2","5","7","53","51","335","444","549","373","C3279674"
"1717","2","3","2","19","151","276","48","69","204","C3279674"
"8642","2","5","7","53","51","335","444","560","373","C3279725"
"6532","2","5","8","45","94","199","240","415","666","C3279725"
"4784","2","3","2","22","33","261","116","159","211","C3279824"
"867","2","5","7","53","14","184","25","40","669","C3279824"
"8260","2","3","12","41","85","266","76","287","78","C3280131"
"540","2","5","8","63","45","23","103","464","187","C3280131"
"190","2","3","3","19","151","276","91","433","118","C3280303"
"161742","2","5","7","41","116","24","30","568","214","C3280303"
"7020","2","3","12","19","31","276","91","433","664","C3280303"
"5728","2","3","5","80","81","339","156","568","605","C3280303"
"5961","2","5","7","27","51","326","126","414","702","C3280303"
"55636","2","3","3","19","221","321","428","423","389","C3280742"
"2492","2","5","4","68","96","326","427","548","672","C3280742"
"10484","2","3","7","60","153","40","38","54","203","C3280770"
"50616","2","5","7","53","51","119","25","40","186","C3280770"
"1146","2","5","8","27","70","99","162","216","290","C3280770"
"2260","2","5","7","53","14","20","25","40","186","C3280770"
"554","2","5","4","68","96","326","427","548","672","C3280770"
"142","2","3","12","19","31","261","116","1","86","C3280770"
"3954","2","3","2","48","170","67","119","444","593","C3280770"
"4723","2","3","2","48","170","50","119","444","556","C3280770"
"8516","2","5","7","53","51","342","454","573","492","C3280770"
"3295","2","3","5","43","161","305","409","208","482","C3280770"
"1186","2","5","8","63","45","23","34","464","187","C3280770"
"5728","2","3","5","80","81","339","156","568","605","C3280770"
"1836","2","3","2","35","41","94","260","330","375","C3281059"
"10262","2","3","2","22","33","323","66","101","136","C3281059"
"7403","2","3","12","19","31","1","426","55","78","C3281059"
"30061","2","3","5","25","44","165","101","274","358","C3281125"
"10804","2","3","12","76","153","40","38","54","75","C3281125"
"8878","2","3","12","41","219","339","156","568","697","C3281125"
"8629","2","3","12","19","221","1","428","541","667","C3281138"
"11136","2","3","5","80","94","199","240","415","666","C3281138"
"1493","2","5","7","53","51","119","25","40","186","C3463992"
"2895","2","5","4","68","36","71","427","223","219","C3463992"
"1493","2","5","7","53","51","119","25","40","186","C3463992"
"23312","2","5","7","60","36","71","341","223","624","C3489393"
"650","2","5","7","53","51","342","259","423","389","C3489393"
"5190","2","3","5","43","161","305","409","208","482","C3489393"
"4990","2","3","3","19","221","321","428","541","667","C3489393"
"8565","2","3","2","110","85","237","433","547","154","C3489393"
"22999","2","5","7","60","36","71","341","223","219","C3489393"
"5982","2","3","12","19","31","261","116","1","86","C3489393"
"7048","2","5","7","53","51","342","259","423","389","C3489726"
"5290","2","3","7","53","14","20","25","40","186","C3489726"
"547","2","3","7","76","153","40","38","54","75","C3489726"
"27077","2","3","12","76","153","40","38","54","75","C3489733"
"9420","2","3","5","79","159","256","215","282","366","C3489733"
"6736","2","3","12","19","31","276","91","433","667","C3489733"
"5906","2","5","7","34","52","216","30","46","72","C3489733"
"860","2","3","12","19","31","276","91","433","118","C3489733"
"10577","2","5","7","34","52","216","395","549","674","C3489733"
"2261","2","5","7","53","14","20","25","40","186","C3489733"
"5745","2","5","4","68","96","326","427","548","672","C3489733"
"5657","2","5","7","34","52","216","395","549","674","C3489733"
"54880","2","3","12","19","31","1","426","55","78","C3489733"
"25974","2","3","7","48","51","105","139","186","245","C3489733"
"4519","2","3","2","48","170","50","119","508","312","C3489733"
"7201","2","5","4","68","96","326","427","548","672","C3489733"
"10743","2","3","3","19","151","276","91","433","118","C3489733"
"9966","2","5","12","41","219","339","156","568","697","C3489733"
"27125","2","3","12","19","31","261","116","159","211","C3489733"
"25974","2","3","7","48","51","105","139","186","245","C3489733"
"10228","2","5","7","60","54","24","98","66","203","C3489733"
"658","2","5","7","53","51","342","259","423","389","C3489733"
"10269","2","3","2","48","182","50","119","444","556","C3489733"
"26227","2","3","2","41","137","44","208","81","108","C3489733"
"4148","2","5","7","53","51","342","454","573","492","C3489733"
"2588","2","3","7","34","52","216","395","549","674","C3489733"
"51360","2","3","3","26","35","276","91","433","203","C3489733"
"54453","2","5","7","60","54","24","30","46","72","C3489733"
"29893","2","3","12","19","31","1","426","55","78","C3489789"
"1832","2","5","7","34","52","225","142","220","298","C3489789"
"145282","2","3","6","11","142","225","79","220","298","C3494187"
"546","2","3","12","19","31","261","426","1","86","C3494187"
"3651","2","3","3","19","221","321","428","541","667","C3494187"
"3798","2","3","7","76","153","40","38","54","75","C3494426"
"57190","2","5","7","11","142","71","341","560","219","C3494426"
"1471","2","5","7","34","52","216","395","549","492","C3494426"
"2896","2","5","7","34","52","216","395","549","674","C3495498"
"2245","2","5","7","60","54","24","30","46","72","C3495498"
"4621","2","5","8","63","45","23","103","464","187","C3495498"
"5979","2","5","7","53","14","20","25","40","186","C3495498"
"5428","2","3","2","48","170","50","119","167","593","C3495498"
"2697","2","3","7","76","153","40","38","54","75","C3495498"
"4210","2","3","12","41","219","339","156","568","697","C3495498"
"1432","2","3","7","34","52","216","34","540","68","C3495676"
"1134","2","5","8","27","70","99","162","216","290","C3495676"
"6869","2","5","4","68","96","326","427","548","672","C3495676"
"2697","2","3","7","76","153","40","38","54","75","C3495676"
"2187","2","3","12","19","31","261","116","1","86","C3495676"
"658","2","5","7","53","51","342","259","423","389","C3495676"
"3043","2","5","7","34","52","216","395","549","116","C3495676"
"9657","2","3","12","76","153","40","38","54","75","C3495676"
"10555","2","3","7","34","52","216","395","549","622","C3495801"
"5116","2","3","12","76","153","40","38","54","75","C3495801"
"26053","2","3","12","19","31","1","426","55","78","C3495801"
"2077","2","3","12","76","153","40","38","54","75","C3495801"
"1161","2","3","12","41","116","268","434","468","213","C3495801"
"3039","2","3","5","35","41","118","155","287","116","C3496069"
"5308","2","3","3","19","221","321","428","541","667","C3496069"
"27089","2","3","2","48","170","50","119","444","542","C3496069"
"1824","2","1","6","11","142","225","142","220","298","C3496069"
"3785","2","5","8","63","36","166","106","110","158","C3496069"
"7124","2","3","12","41","219","339","156","568","697","C3496069"
"22827","2","3","2","22","33","323","66","101","136","C3496069"
"2022","2","5","7","53","51","342","259","423","389","C3496069"
"7157","2","3","12","19","31","261","402","489","551","C3496069"
"1380","2","5","7","53","51","119","395","549","674","C3496069"
"1487","2","3","12","19","31","1","426","55","340","C3496069"
"728294","2","3","2","48","170","152","119","252","154","C3501843"
"546","2","3","12","19","31","261","426","1","86","C3501843"
"5468","2","3","3","19","151","276","91","433","118","C3501843"
"4540","2","3","2","48","170","50","119","444","556","C3501843"
"650","2","5","7","53","51","342","259","423","389","C3501843"
"4088","2","3","12","19","219","339","259","423","605","C3501843"
"2033","2","3","12","19","31","1","91","433","118","C3501843"
"3239","2","3","3","19","221","321","428","541","667","C3501843"
"5932","2","3","12","19","31","261","116","1","86","C3501843"
"975","2","5","7","53","51","119","395","549","674","C3501843"
"8864","2","3","3","19","151","276","91","433","118","C3502105"
"5429","2","3","12","19","31","261","116","1","86","C3502105"
"3674","2","5","7","53","51","342","454","573","492","C3536714"
"2332","2","3","2","22","33","71","373","466","609","C3536714"
"6295","2","3","4","68","45","272","427","518","621","C3536714"
"6708","2","5","7","60","14","20","25","40","186","C3536714"
"3908","2","5","7","53","51","342","454","573","492","C3536714"
"3954","2","3","2","48","170","67","119","444","593","C3536714"
"4288","2","3","12","76","153","40","38","54","75","C3536714"
"5604","2","5","7","53","14","20","34","540","68","C3536714"
"4000","2","3","12","26","105","178","226","297","156","C3536714"
"2690","2","5","7","53","14","20","25","40","186","C3536714"
"6310","2","3","12","22","142","225","366","362","468","C3536714"
"5727","2","3","12","68","221","197","259","560","422","C3536714"
"7124","2","3","12","41","219","339","156","568","697","C3536714"
"1644","2","3","2","88","79","239","333","258","345","C3536714"
"148738","2","5","7","53","51","342","444","560","373","C3536714"
"7249","2","3","7","60","57","110","141","359","462","C3536714"
"1138","2","5","8","27","70","99","162","216","290","C3536714"
"1302","2","5","7","53","51","342","454","573","492","C3536714"
"1137","2","5","8","27","70","99","162","216","290","C3536714"
"270","2","3","5","33","21","47","84","261","246","C3536714"
"10082","2","3","2","74","51","342","454","573","492","C3536714"
"80816","2","3","2","22","33","323","426","55","78","C3536714"
"54","2","3","5","80","81","178","195","256","342","C3536714"
"4313","2","5","7","53","51","342","454","573","492","C3536714"
"2517","2","3","7","34","52","216","395","549","674","C3536734"
"3786","2","5","8","63","36","166","106","110","158","C3536734"
"117155","2","5","8","63","142","225","306","390","158","C3536734"
"3508","2","3","12","19","31","261","116","1","86","C3536734"
"54806","2","5","7","76","153","40","38","54","75","C3536734"
"224","2","3","5","50","47","39","202","19","233","C3536734"
"3043","2","5","7","34","52","216","395","549","116","C3536734"
"2778","2","5","4","68","96","326","427","548","672","C3536734"
"6218","2","3","2","110","85","237","433","547","671","C3536734"
"5054","2","5","7","53","51","342","454","573","492","C3536741"
"4671","2","3","12","41","219","339","156","568","697","C3536741"
"22995","2","3","12","76","153","40","38","54","75","C3536741"
"9915","2","3","3","27","151","276","91","433","118","C3536741"
"6654","2","5","7","60","54","24","30","46","72","C3536741"
"1487","2","3","12","19","31","1","426","55","340","C3536741"
"3035","2","3","2","110","85","237","433","547","154","C3536741"
"6635","2","3","2","22","33","323","66","101","136","C3536741"
"5824","2","3","5","47","144","185","238","310","392","C3536741"
"1917","2","3","12","41","219","339","347","572","658","C3536741"
"3852","2","1","6","11","142","225","142","220","298","C3536741"
"6239","2","3","12","19","119","330","214","454","144","C3536741"
"3845","2","5","7","60","54","24","30","46","72","C3536741"
"5144","2","3","4","68","96","326","427","548","672","C3536741"
"2720","2","3","7","34","52","216","395","21","599","C3536741"
"51715","2","5","7","60","54","24","30","46","72","C3536741"
"359","2","3","5","80","81","166","397","374","486","C3536741"
"1813","2","5","4","68","96","326","427","548","672","C3536983"
"6938","2","3","12","19","31","1","426","55","78","C3536983"
"3763","2","5","8","63","36","166","106","110","158","C3538946"
"4000","2","3","12","26","105","178","226","297","156","C3538946"
"51684","2","3","12","41","116","268","38","54","75","C3544092"
"4878","2","3","12","19","31","1","426","55","78","C3544092"
"2798","2","5","4","68","96","326","427","548","672","C3544092"
"2261","2","5","7","53","14","20","25","40","186","C3544092"
"2239","2","3","2","74","51","342","454","573","492","C3544092"
"7133","2","5","7","34","52","216","395","549","697","C3544092"
"9531","2","3","12","41","219","339","347","271","356","C3544092"
"710","2","5","7","53","51","342","454","573","702","C3544092"
"3981","2","3","12","19","31","261","116","1","86","C3544092"
"9365","2","3","7","53","14","20","25","40","186","C3544092"
"2121","2","3","12","41","116","268","434","568","605","C3544092"
"8029","2","5","7","53","51","105","139","186","245","C3544092"
"4683","2","3","12","19","31","261","116","1","86","C3544092"
"361","2","3","5","80","81","166","397","374","486","C3544092"
"10806","2","3","12","76","153","40","38","54","75","C3544321"
"8891","2","3","2","110","85","237","433","547","671","C3544321"
"5788","2","5","7","34","52","216","395","549","674","C3544321"
"5154","2","5","7","53","51","342","454","573","186","C3549698"
"23522","2","3","12","19","31","1","426","55","78","C3549698"
"6473","2","3","3","19","221","321","428","541","667","C3549698"
"2261","2","5","7","53","14","20","25","40","186","C3549698"
"7276","2","5","7","34","52","216","395","549","674","C3549698"
"9056","2","3","8","45","94","199","240","415","666","C3549698"
"9897","2","3","12","76","18","75","38","1","212","C3549698"
"5624","2","5","7","53","51","342","454","573","492","C3549698"
"54487","2","3","2","22","33","323","66","101","136","C3549698"
"9895","2","3","2","48","57","110","141","359","462","C3549698"
"5290","2","3","7","53","14","20","25","40","186","C3549698"
"5618","2","5","7","53","51","119","25","40","186","C3549698"
"3115","2","5","7","53","184","119","156","287","116","C3549698"
"11093","2","5","7","53","51","342","454","573","492","C3549698"
"4893","2","5","7","34","52","24","30","46","72","C3549698"
"54941","2","3","12","41","116","268","434","468","213","C3549698"
"7840","2","3","12","76","153","40","38","54","75","C3549698"
"4312","2","5","7","53","51","342","454","573","492","C3549698"
"3569","2","5","7","53","51","342","454","573","416","C3549698"
"23064","2","3","6","11","31","261","142","220","664","C3549698"
"54714","2","5","8","63","36","166","106","110","158","C3549698"
"10000","2","5","7","53","14","20","34","540","68","C3549698"
"8139","2","3","12","41","116","268","434","468","213","C3549703"
"5080","2","3","3","19","221","321","428","541","667","C3549703"
"5744","2","5","4","68","96","326","427","548","672","C3549703"
"29893","2","3","12","19","31","1","426","55","78","C3549703"
"4524","2","3","2","15","166","104","369","117","583","C3549703"
"81620","2","3","12","76","31","261","116","1","86","C3549703"
"10908","2","3","2","97","173","275","377","473","592","C3549703"
"2353","2","3","12","19","31","1","91","489","416","C3549779"
"10935","2","3","5","80","81","110","378","173","229","C3549779"
"9289","2","5","4","68","96","326","427","548","672","C3549779"
"2719","2","5","7","53","51","342","454","573","492","C3549779"
"4853","2","3","12","19","124","143","428","236","667","C3550150"
"9719","2","5","7","53","51","342","454","573","492","C3550150"
"3930","2","3","2","22","33","323","66","3","464","C3550204"
"2260","2","5","7","53","14","20","25","40","186","C3550204"
"7124","2","3","12","41","219","339","156","568","697","C3550234"
"5832","2","3","2","101","62","189","182","509","252","C3550234"
"5788","2","5","7","34","52","216","395","549","674","C3550234"
"335","2","5","7","53","51","342","454","573","492","C3550234"
"5296","2","5","7","53","14","20","25","40","186","C3550234"
"10312","2","3","7","34","52","216","395","549","674","C3550658"
"5191","2","3","5","43","161","305","409","208","482","C3550658"
"3265","2","5","7","60","54","24","30","46","72","C3550658"
"4513","2","3","2","48","170","110","141","359","532","C3550658"
"3861","2","1","6","11","142","225","142","220","298","C3550658"
"1719","2","3","2","76","153","40","116","54","75","C3550658"
"5314","2","3","12","76","153","40","38","54","75","C3550658"
"9791","2","3","8","45","94","199","240","415","666","C3550658"
"6913","2","3","3","19","221","321","428","541","667","C3550658"
"2778","2","5","4","68","96","326","427","548","672","C3550658"
"2896","2","5","7","34","52","216","395","549","674","C3550658"
"5053","2","3","5","80","81","166","236","308","390","C3550658"
"6281","2","5","7","34","52","216","395","572","327","C3550658"
"23171","2","3","5","116","183","295","398","552","622","C3550658"
"79728","2","3","12","19","31","261","116","1","86","C3550658"
"7979","2","3","12","41","116","268","434","468","605","C3550658"
"7139","2","5","8","63","45","23","103","464","187","C3550658"
"5328","2","5","7","34","52","216","395","549","674","C3550658"
"6335","2","5","8","63","36","166","341","390","158","C3550658"
"4137","2","3","7","27","36","150","341","223","628","C3550658"
"79147","2","3","2","27","36","150","430","215","628","C3550658"
"473","2","3","12","19","31","1","426","55","78","C3550658"
"1028","2","3","12","19","31","1","116","1","86","C3550658"
"1727","2","3","7","34","52","216","395","549","197","C3550658"
"1153","2","3","2","22","33","323","66","101","136","C3550658"
"10804","2","3","12","76","153","40","38","54","75","C3550658"
"183","2","5","4","68","96","326","427","548","672","C3550658"
"2317","2","5","7","63","45","23","103","287","664","C3550658"
"5277","2","3","2","61","77","142","176","235","317","C3550658"
"1513","2","5","7","53","51","342","454","573","492","C3550658"
"1786","2","3","12","19","31","1","426","55","78","C3550658"
"3767","2","5","8","63","36","166","106","110","158","C3550658"
"1303","2","5","7","53","51","342","454","573","492","C3551052"
"6392","2","3","2","48","170","50","119","444","556","C3551052"
"23299","2","3","12","76","153","40","38","54","75","C3551052"
"7468","2","3","12","19","31","1","426","55","78","C3551052"
"9401","2","3","12","76","31","261","116","1","86","C3551052"
"367","2","3","12","19","31","276","91","433","118","C3551052"
"8481","2","3","12","76","153","40","38","54","75","C3551052"
"207","2","3","7","53","14","20","34","489","416","C3551052"
"26119","2","5","7","60","14","184","341","544","669","C3551052"
"1471","2","5","7","34","52","216","395","549","492","C3551052"
"4948","2","5","8","63","45","23","250","464","187","C3551173"
"5982","2","3","12","19","31","261","116","1","86","C3551173"
"229","2","3","2","90","167","266","367","500","577","C3551426"
"658","2","5","7","53","51","342","259","423","389","C3551426"
"54714","2","5","8","63","36","166","106","110","158","C3551426"
"351","2","5","4","68","96","326","188","145","193","C3551426"
"25970","2","5","7","53","14","20","25","40","116","C3551426"
"1581","2","3","5","19","151","276","91","433","118","C3551426"
"5621","2","5","8","27","36","342","454","573","628","C3551426"
"2657","2","5","7","53","51","342","259","423","389","C3551426"
"9632","2","3","7","60","153","40","38","54","203","C3551426"
"6870","2","5","4","68","96","326","427","548","672","C3551426"
"7498","2","3","5","80","157","187","159","209","282","C3551426"
"23545","2","3","5","29","88","132","85","222","346","C3551426"
"6530","2","5","8","45","94","199","240","415","666","C3551426"
"6390","2","3","2","48","170","50","119","444","556","C3551426"
"7486","2","3","12","19","31","261","116","1","86","C3551426"
"5727","2","3","12","68","221","197","259","560","422","C3551426"
"2688","2","5","7","53","51","119","25","40","186","C3551426"
"2488","2","5","4","68","96","326","427","548","672","C3551426"
"51715","2","5","7","60","54","24","30","46","72","C3551430"
"4221","2","3","12","19","31","342","454","573","492","C3551430"
"54386","2","3","12","19","31","261","116","1","78","C3551430"
"3417","2","3","7","34","52","216","395","549","319","C3551430"
"11285","2","3","2","74","205","191","396","408","620","C3551430"
"729330","2","5","2","67","92","293","55","75","205","C3551430"
"5340","2","5","7","53","51","342","454","573","492","C3551430"
"23314","2","3","3","19","221","321","428","541","667","C3551430"
"1528","2","3","5","91","214","271","372","471","586","C3551430"
"1836","2","3","2","35","41","94","260","330","375","C3551430"
"1287","2","5","2","53","51","342","454","573","492","C3551430"
"55240","2","3","5","29","88","132","402","489","551","C3551430"
"121391","2","1","6","11","142","225","142","220","298","C3551430"
"1021","2","3","12","19","31","1","426","55","78","C3551430"
"55612","2","5","7","60","36","71","177","560","701","C3551430"
"1584","2","3","5","79","159","256","276","353","456","C3551430"
"2645","2","3","2","90","167","266","367","101","664","C3551430"
"5889","2","3","12","19","31","261","116","1","86","C3551430"
"6687","2","3","2","48","170","50","119","444","593","C3551430"
"6239","2","3","12","19","119","330","214","454","144","C3551430"
"5568","2","3","12","53","14","20","34","540","68","C3551430"
"6926","2","5","7","53","51","335","259","560","373","C3551430"
"5290","2","3","7","53","14","20","25","40","186","C3551430"
"4835","2","3","5","80","130","114","290","367","475","C3551430"
"8671","2","5","8","45","94","199","240","415","666","C3551430"
"6323","2","5","8","63","36","166","341","390","158","C3551430"
"5230","2","3","12","72","167","266","367","500","577","C3551430"
"6567","2","5","8","35","41","77","40","57","80","C3551430"
"51057","2","3","12","76","153","40","38","54","75","C3551430"
"9313","2","5","7","53","51","342","454","573","492","C3551430"
"10329","2","3","2","63","123","194","423","536","544","C3551430"
"6138","2","3","2","110","85","237","433","547","671","C3551431"
"6310","2","3","12","22","142","225","366","362","468","C3551431"
"3757","2","5","8","63","36","166","106","110","158","C3551431"
"11277","2","3","12","19","31","261","116","1","86","C3551431"
"23334","2","3","5","48","179","289","133","179","476","C3551431"
"4514","2","3","2","48","57","110","141","359","5","C3551431"
"3897","2","5","7","53","51","335","444","560","373","C3551431"
"7174","2","3","12","41","116","268","434","468","213","C3551535"
"55636","2","3","3","19","221","321","428","423","389","C3551535"
"2512","2","3","7","34","52","216","395","544","358","C3551535"
"2184","2","3","5","76","153","138","236","332","407","C3551535"
"3251","2","3","4","68","96","326","427","341","150","C3551535"
"6392","2","3","2","48","170","50","119","444","556","C3551535"
"7421","2","3","3","19","151","276","91","433","118","C3551535"
"1027","2","3","12","19","31","1","116","1","86","C3551535"
"4852","2","5","4","68","96","326","427","548","672","C3551535"
"1299","2","5","7","53","51","342","454","573","492","C3551535"
"5354","2","5","7","27","36","150","341","223","628","C3551535"
"9791","2","3","8","45","94","199","240","415","666","C3551535"
"6299","2","3","12","19","221","321","428","541","667","C3551535"
"10371","2","5","7","53","51","342","79","560","373","C3551535"
"6792","2","5","7","53","14","20","34","540","68","C3551535"
"54567","2","5","7","53","51","143","428","236","667","C3551535"
"3299","2","3","12","42","81","296","399","201","274","C3551535"
"7084","2","3","2","72","109","115","62","268","353","C3551535"
"3981","2","3","12","19","31","261","116","1","86","C3551535"
"242","2","3","5","11","142","223","142","220","298","C3551535"
"1041","2","1","6","11","142","225","142","220","298","C3551535"
"2588","2","3","7","34","52","216","395","549","674","C3551535"
"673","2","5","7","53","14","20","34","540","68","C3551535"
"8642","2","5","7","53","51","335","444","560","373","C3551535"
"3329","2","3","2","48","170","50","304","167","593","C3551535"
"3953","2","5","7","53","14","20","25","40","186","C3551535"
"6598","2","3","12","19","31","1","426","55","78","C3551535"
"999","2","5","7","53","51","342","444","560","373","C3551535"
"4846","2","3","5","41","219","75","243","44","64","C3551535"
"3073","2","3","5","105","155","250","291","152","420","C3551535"
"210","2","3","7","34","52","216","395","549","674","C3551535"
"1293","2","5","7","53","51","342","454","573","492","C3551535"
"3239","2","3","3","19","221","321","428","541","667","C3551954"
"10262","2","3","2","22","33","323","66","101","136","C3551954"
"5578","2","5","7","53","14","20","34","540","621","C3551954"
"9451","2","3","2","110","51","335","226","297","380","C3551954"
"2006","2","5","7","53","51","342","454","573","492","C3551954"
"3832","2","3","12","76","153","40","38","54","75","C3551954"
"331","2","3","12","41","219","339","156","568","697","C3552099"
"5830","2","3","5","43","161","305","409","208","482","C3552099"
"2263","2","5","7","53","14","20","25","40","186","C3552099"
"23093","2","3","12","76","153","40","38","54","75","C3552099"
"5396","2","3","3","19","221","321","428","541","667","C3552099"
"26119","2","5","7","60","14","184","341","544","669","C3552099"
"5290","2","3","7","53","14","20","25","40","186","C3552526"
"2778","2","5","4","68","96","326","427","548","672","C3552526"
"857","2","5","7","53","45","23","57","83","422","C3552526"
"23028","2","3","12","19","31","1","426","55","78","C3552713"
"54499","2","3","2","48","170","50","119","444","593","C3552713"
"2296","2","3","3","19","221","321","428","541","667","C3552713"
"2239","2","3","2","74","51","342","454","573","492","C3552713"
"1535","2","5","7","34","52","216","395","549","674","C3552713"
"1947","2","5","7","53","51","20","25","560","373","C3552713"
"84197","2","5","2","53","14","20","25","215","186","C3552713"
"920","2","5","7","53","14","184","341","544","669","C3552713"
"4843","2","3","5","43","161","305","409","489","416","C3552713"
"1146","2","5","8","27","70","99","162","216","290","C3552713"
"8600","2","5","7","41","219","339","156","568","697","C3552713"
"2623","2","3","12","19","31","1","155","287","116","C3552713"
"2010","2","3","12","26","105","296","226","488","156","C3552713"
"6399","2","5","7","60","54","24","30","46","72","C3552713"
"23418","2","5","7","53","36","71","177","560","373","C3552713"
"9742","2","3","12","76","153","40","38","54","75","C3552713"
"2033","2","3","12","19","31","1","91","433","118","C3552713"
"9451","2","3","2","110","51","335","226","297","380","C3552713"
"4893","2","5","7","34","52","24","30","46","72","C3552713"
"6247","2","5","7","53","51","342","454","573","492","C3552713"
"6606","2","3","2","22","33","323","66","101","136","C3552853"
"1584","2","3","5","79","159","256","276","353","456","C3552853"
"5244","2","3","3","41","151","276","91","433","118","C3552853"
"9095","2","5","7","53","51","335","444","560","373","C3552853"
"3560","2","5","7","53","14","20","25","40","186","C3552853"
"9895","2","3","2","48","57","110","141","359","462","C3552853"
"1493","2","5","7","53","51","119","25","40","186","C3552853"
"2316","2","5","7","53","51","342","454","573","702","C3552853"
"1027","2","3","12","19","31","1","116","1","86","C3552853"
"84433","2","3","12","41","219","339","156","568","697","C3552853"
"4869","2","3","12","110","85","237","433","547","664","C3552853"
"3251","2","3","4","68","96","326","427","341","150","C3552853"
"7292","2","5","12","41","219","339","156","568","697","C3552853"
"10483","2","3","7","60","54","24","30","46","72","C3552853"
"7291","2","3","12","19","151","276","91","489","416","C3552853"
"7468","2","3","12","19","31","1","426","55","78","C3552853"
"57560","2","3","12","76","153","40","38","54","75","C3552853"
"6708","2","5","7","60","14","20","25","40","186","C3552853"
"4668","2","3","5","21","111","188","242","313","396","C3552853"
"811","2","3","2","41","116","342","423","536","342","C3552853"
"3146","2","5","7","34","52","216","395","549","674","C3552853"
"4256","2","5","7","53","51","342","454","573","492","C3552853"
"3280","2","3","12","19","31","143","428","236","667","C3552853"
"6786","2","5","8","63","45","23","103","464","187","C3552853"
"9444","2","3","2","22","33","323","66","101","214","C3552853"
"6519","2","3","5","45","94","199","240","415","666","C3552853"
"4763","2","5","7","60","54","24","30","46","214","C3552853"
"1184","2","5","8","63","45","23","34","464","187","C3552853"
"1499","2","3","12","19","221","197","259","560","422","C3552853"
"127833","2","5","7","60","14","184","341","544","669","C3552853"
"9215","2","5","2","27","36","150","430","215","628","C3552853"
"861","2","3","12","19","31","1","426","55","78","C3553016"
"3280","2","3","12","19","31","143","428","236","667","C3553016"
"7681","2","3","12","41","116","268","434","468","213","C3553368"
"9215","2","5","2","27","36","150","430","215","628","C3553368"
"5580","2","5","7","34","52","216","395","287","116","C3553368"
"4998","2","3","12","76","31","261","116","1","86","C3553368"
"3930","2","3","2","22","33","323","66","3","464","C3553395"
"9968","2","4","3","24","119","330","214","454","144","C3553395"
"3481","2","5","7","53","51","342","454","573","492","C3553395"
"6261","2","5","8","63","45","23","34","464","187","C3553395"
"57216","2","3","12","41","116","268","259","568","422","C3553397"
"10877","2","5","7","53","51","119","395","549","674","C3553397"
"10297","2","3","12","27","36","150","444","223","628","C3553450"
"2673","2","3","2","110","94","178","226","297","380","C3553450"
"9632","2","3","7","60","153","40","38","54","203","C3553450"
"9509","2","5","7","53","51","342","454","573","492","C3553450"
"9487","2","3","5","80","81","142","176","235","317","C3553450"
"11200","2","3","12","19","31","261","116","1","86","C3553450"
"4758","2","3","7","34","52","216","395","549","517","C3553450"
"22796","2","5","7","60","153","40","38","66","203","C3553450"
"1475","2","1","6","11","142","225","142","220","298","C3553450"
"3651","2","3","3","19","221","321","428","541","667","C3553450"
"10672","2","5","7","60","54","24","30","46","72","C3553450"
"4000","2","3","12","26","105","178","226","297","156","C3553450"
"1186","2","5","8","63","45","23","34","464","187","C3553450"
"84627","2","3","2","48","170","50","347","167","593","C3553450"
"2719","2","5","7","53","51","342","454","573","492","C3553450"
"4041","2","5","3","68","221","197","259","560","422","C3553450"
"4306","2","3","3","19","151","276","91","433","118","C3553450"
"5447","2","3","5","91","214","271","372","471","586","C3553720"
"5961","2","5","7","27","51","326","126","414","702","C3553720"
"335","2","5","7","53","51","342","454","573","492","C3553754"
"1145","2","5","8","27","70","99","162","216","290","C3553754"
"3508","2","3","12","19","31","261","116","1","86","C3553754"
"6687","2","3","2","48","170","50","119","444","593","C3553754"
"5184","2","3","5","80","81","166","52","105","349","C3554568"
"55863","2","3","2","48","170","50","119","444","556","C3554568"
"5728","2","3","5","80","81","339","156","568","605","C3554568"
"4534","2","3","5","80","81","296","399","362","468","C3554568"
"56262","2","5","2","63","182","50","103","297","628","C3554568"
"440","2","3","2","101","62","189","182","509","154","C3554568"
"5243","2","3","12","41","116","268","423","536","445","C3554612"
"1589","2","3","5","79","186","215","297","379","491","C3554612"
"2969","2","3","12","19","31","276","91","433","118","C3554617"
"4723","2","3","2","48","170","50","119","444","556","C3554617"
"5566","2","3","12","76","14","20","34","540","75","C3554617"
"2317","2","5","7","63","45","23","103","287","664","C3554617"
"2006","2","5","7","53","51","342","454","573","492","C3554617"
"226","2","5","7","34","52","216","395","549","702","C3554617"
"1644","2","3","2","88","79","239","333","258","345","C3554617"
"7461","2","3","7","60","153","40","38","93","75","C3554617"
"1896","2","5","12","41","219","339","156","568","697","C3554617"
"4948","2","5","8","63","45","23","250","464","187","C3554617"
"8243","2","3","12","76","31","40","38","54","75","C3554617"
"10908","2","3","2","97","173","275","377","473","592","C3554617"
"6774","2","3","12","53","14","276","25","489","416","C3554617"
"6777","2","5","7","53","14","20","25","40","186","C3554617"
"5604","2","5","7","53","14","20","34","540","68","C3554617"
"54808","2","3","12","76","153","40","38","54","75","C3554617"
"3172","2","3","3","19","151","276","91","433","118","C3554617"
"26191","2","5","7","53","14","20","25","40","186","C3554617"
"55651","2","3","2","110","85","237","433","547","671","C3554617"
"29110","2","3","12","41","219","339","156","568","697","C3554617"
"23426","2","5","7","42","36","71","177","223","219","C3554617"
"595","2","3","12","19","31","1","426","489","416","C3554617"
"5189","2","3","5","43","161","305","409","208","482","C3554724"
"1747","2","3","3","19","221","321","428","541","667","C3554724"
"51025","2","3","2","48","170","50","304","167","593","C3554724"
"4683","2","3","12","19","31","261","116","1","86","C3554724"
"57679","2","5","7","60","54","24","30","46","72","C3554724"
"2290","2","3","3","19","221","321","428","541","667","C3554724"
"10461","2","5","7","53","14","20","25","40","186","C3658267"
"54768","2","3","12","41","92","197","57","198","517","C3658267"
"3592","2","5","7","53","51","119","25","489","416","C3665333"
"7249","2","3","7","60","57","110","141","359","462","C3665333"
"538","2","3","8","63","45","23","103","464","187","C3665349"
"7040","2","5","7","53","51","342","454","573","492","C3665349"
"5913","2","5","7","27","36","71","341","223","219","C3665349"
"7439","2","5","8","63","45","23","34","464","187","C3665349"
"22943","2","5","3","68","221","197","259","560","422","C3665349"
"3209","2","3","3","19","221","321","428","541","667","C3665349"
"10225","2","5","7","53","51","119","395","549","674","C3665349"
"7552","2","4","3","24","119","330","214","454","144","C3665349"
"673","2","5","7","53","14","20","34","540","68","C3665349"
"5781","2","5","7","53","14","20","25","40","186","C3665349"
"6197","2","3","12","19","14","20","34","540","68","C3665349"
"9495","2","5","4","68","96","326","427","223","158","C3665349"
"4281","2","5","7","53","184","119","156","287","116","C3665349"
"8924","2","3","12","41","116","268","434","468","213","C3665349"
"2638","2","5","8","63","45","23","103","464","187","C3665358"
"6197","2","3","12","19","14","20","34","540","68","C3665358"
"6891","2","3","12","41","116","119","156","568","116","C3665358"
"4594","2","3","7","48","92","261","116","186","245","C3665358"
"10743","2","3","3","19","151","276","91","433","118","C3665358"
"103","2","3","2","110","184","119","156","287","116","C3665425"
"213","2","5","7","53","51","342","454","573","492","C3665425"
"23592","2","3","12","26","105","342","259","423","389","C3665425"
"843","2","3","12","41","219","339","156","568","697","C3665439"
"6690","2","5","7","68","51","119","395","549","674","C3665439"
"124997","2","3","2","48","81","266","369","117","583","C3665596"
"5076","2","3","3","19","221","321","428","541","667","C3665596"
"491","2","3","8","63","45","23","103","464","187","C3665596"
"9990","2","5","8","45","94","199","240","415","666","C3665596"
"10749","2","3","7","76","153","40","38","54","75","C3665596"
"5320","2","3","5","116","183","295","398","243","561","C3665596"
"9451","2","3","2","110","51","335","226","297","380","C3665596"
"3094","2","3","2","48","170","266","367","500","78","C3665596"
"2261","2","5","7","53","14","20","25","40","186","C3665596"
"4318","2","5","7","34","52","216","395","573","492","C3665596"
"1513","2","5","7","53","51","342","454","573","492","C3665628"
"207","2","3","7","53","14","20","34","489","416","C3665628"
"2121","2","3","12","41","116","268","434","568","605","C3665704"
"1585","2","3","5","79","159","256","351","100","589","C3665704"
"5888","2","3","12","19","31","261","116","1","86","C3671887"
"7048","2","5","7","53","51","342","259","423","389","C3671887"
"26128","2","3","12","76","153","40","38","54","154","C3671887"
"6239","2","3","12","19","119","330","214","454","144","C3671887"
"658","2","5","7","53","51","342","259","423","389","C3671887"
"3295","2","3","5","43","161","305","409","208","482","C3671887"
"11093","2","5","7","53","51","342","454","573","492","C3696376"
"1836","2","3","2","35","41","94","260","330","375","C3696376"
"5354","2","5","7","27","36","150","341","223","628","C3696376"
"5443","2","5","4","68","96","326","427","548","672","C3696376"
"5972","2","5","5","34","52","216","397","418","568","C3696376"
"3655","2","5","7","53","51","342","454","573","492","C3697248"
"1410","2","3","12","63","45","23","38","54","187","C3697248"
"3784","2","5","8","63","36","166","106","110","158","C3697248"
"2812","2","5","7","53","51","342","454","573","492","C3697248"
"5428","2","3","2","48","170","50","119","167","593","C3697248"
"55612","2","5","7","60","36","71","177","560","701","C3697248"
"51085","2","3","2","48","57","110","141","359","462","C3697248"
"10327","2","3","2","91","175","271","372","471","586","C3697248"
"1592","2","3","5","91","214","101","126","460","224","C3697248"
"686","2","3","5","80","81","166","166","127","173","C3698239"
"80254","2","3","12","76","153","40","38","54","75","C3698239"
"10564","2","5","7","60","54","24","30","46","72","C3698239"
"7170","2","5","8","63","45","23","103","464","187","C3710589"
"6331","2","5","8","63","36","166","341","223","158","C3710589"
"5443","2","5","4","68","96","326","427","548","672","C3711376"
"5189","2","3","5","43","161","305","409","208","482","C3711376"
"7305","2","5","7","34","52","216","395","549","674","C3711376"
"23111","2","3","12","41","219","339","156","568","697","C3711385"
"2632","2","3","2","28","22","48","232","82","114","C3711385"
"3767","2","5","8","63","36","166","106","110","158","C3714497"
"5277","2","3","2","61","77","142","176","235","317","C3714497"
"5290","2","3","7","53","14","20","25","40","186","C3714497"
"5105","2","3","3","67","151","276","91","433","118","C3714497"
"55704","2","3","12","76","153","40","38","54","75","C3714497"
"7157","2","3","12","19","31","261","402","489","551","C3714497"
"8076","2","5","7","53","51","342","454","573","492","C3714497"
"25814","2","3","2","48","170","110","119","444","462","C3714497"
"23495","2","3","12","41","219","339","156","568","697","C3714497"
"8490","2","5","4","68","96","326","427","548","672","C3714497"
"34","2","3","2","19","151","276","91","433","118","C3714497"
"7450","2","5","7","53","51","342","454","573","492","C3714497"
"22930","2","5","7","60","54","24","30","46","72","C3714497"
"54551","2","3","12","41","219","197","156","568","422","C3714497"
"1678","2","3","2","48","170","50","304","167","593","C3714497"
"6299","2","3","12","19","221","321","428","541","667","C3714497"
"5830","2","3","5","43","161","305","409","208","482","C3714497"
"2033","2","3","12","19","31","1","91","433","118","C3714497"
"3670","2","3","2","110","85","237","433","547","671","C3714497"
"2623","2","3","12","19","31","1","155","287","116","C3714497"
"79953","2","5","7","53","51","342","454","573","373","C3714497"
"8481","2","3","12","76","153","40","38","54","75","C3714514"
"1289","2","5","7","53","51","342","454","573","492","C3714514"
"7169","2","5","8","63","45","23","103","464","187","C3714514"
"348","2","5","7","53","51","342","454","573","492","C3714514"
"9640","2","3","12","19","31","261","116","159","211","C3714514"
"1718","2","3","2","54","90","84","48","69","204","C3714514"
"5604","2","5","7","53","14","20","34","540","68","C3714524"
"7020","2","3","12","19","31","276","91","433","664","C3714524"
"1032","2","3","12","19","31","1","426","55","78","C3714524"
"4644","2","5","7","60","54","184","141","359","411","C3714534"
"7809","2","5","8","63","45","23","34","464","187","C3714534"
"790","2","3","12","41","219","339","347","206","627","C3714534"
"6329","2","5","8","63","36","166","341","390","158","C3714580"
"3236","2","3","3","19","221","321","428","541","667","C3714580"
"5921","2","5","7","60","14","24","25","40","215","C3714580"
"29851","2","5","7","53","14","20","25","40","186","C3714757"
"1280","2","5","7","53","51","342","454","573","492","C3714757"
"8924","2","3","12","41","116","268","434","468","213","C3714757"
"29954","2","5","2","27","206","324","430","215","290","C3714757"
"5191","2","3","5","43","161","305","409","208","482","C3714757"
"10483","2","3","7","60","54","24","30","46","72","C3714757"
"3954","2","3","2","48","170","67","119","444","593","C3714757"
"2261","2","5","7","53","14","20","25","40","186","C3714757"
"1813","2","5","4","68","96","326","427","548","672","C3714757"
"10195","2","3","2","48","69","99","162","216","290","C3714757"
"7412","2","5","7","53","51","119","454","287","116","C3714757"
"1303","2","5","7","53","51","342","454","573","492","C3714796"
"1293","2","5","7","53","51","342","454","573","492","C3714796"
"1301","2","5","7","53","51","342","454","573","492","C3714796"
"2316","2","5","7","53","51","342","454","573","702","C3714796"
"8425","2","5","7","53","51","342","454","573","492","C3714796"
"567","2","5","7","34","52","119","395","549","674","C3714796"
"4524","2","3","2","15","166","104","369","117","583","C3714796"
"6503","2","5","7","53","14","20","25","40","186","C3714796"
"54888","2","3","2","110","85","152","129","252","154","C3714796"
"25978","2","3","2","48","57","110","141","359","462","C3714796"
"4747","2","5","7","27","36","150","341","223","628","C3714796"
"2239","2","3","2","74","51","342","454","573","492","C3714796"
"2263","2","5","7","53","14","20","25","40","186","C3714796"
"9401","2","3","12","76","31","261","116","1","86","C3714796"
"6833","2","5","8","45","36","166","240","415","666","C3714796"
"526","2","3","5","29","88","132","172","199","308","C3714796"
"7809","2","5","8","63","45","23","34","464","187","C3714796"
"2492","2","5","4","68","96","326","427","548","672","C3714796"
"3791","2","5","7","53","51","342","454","573","492","C3714796"
"551","2","5","4","68","96","326","427","548","672","C3714796"
"4552","2","3","7","48","81","105","139","186","245","C3714796"
"1293","2","5","7","53","51","342","454","573","492","C3714796"
"5728","2","3","5","80","81","339","156","568","605","C3714796"
"1717","2","3","2","19","151","276","48","69","204","C3714796"
"672","2","3","12","19","31","261","116","1","86","C3714796"
"3630","2","5","7","53","14","20","25","40","186","C3714796"
"595","2","3","12","19","31","1","426","489","416","C3714796"
"1896","2","5","12","41","219","339","156","568","697","C3714796"
"6833","2","5","8","45","36","166","240","415","666","C3714796"
"3207","2","3","3","19","221","321","428","541","667","C3714796"
"54888","2","3","2","110","85","152","129","252","154","C3714796"
"4313","2","5","7","53","51","342","454","573","492","C3714873"
"1139","2","5","8","27","70","99","162","216","290","C3714873"
"6262","2","5","8","63","45","23","34","464","187","C3714873"
"1663","2","3","12","76","105","178","226","297","380","C3714976"
"3954","2","3","2","48","170","67","119","444","593","C3714976"
"8643","2","5","3","68","221","197","259","560","422","C3715128"
"8481","2","3","12","76","153","40","38","54","75","C3715128"
"1910","2","5","4","68","96","326","427","548","672","C3804991"
"1294","2","5","7","53","51","342","454","573","492","C3804991"
"148022","2","3","12","41","219","339","156","568","697","C3805083"
"26580","2","5","8","27","70","99","162","216","290","C3805083"
"5828","2","3","5","43","161","305","409","208","482","C3805420"
"23095","2","3","7","76","153","40","38","54","75","C3805420"
"8647","2","3","5","46","158","252","352","449","563","C3805420"
"5351","2","5","7","53","51","342","454","573","492","C3805420"
"673","2","5","7","53","14","20","34","540","68","C3805715"
"367","2","3","12","19","31","276","91","433","118","C3805715"
"546","2","3","12","19","31","261","426","1","86","C3805715"
"5063","2","5","7","53","14","20","34","540","68","C3805715"
"9742","2","3","12","76","153","40","38","54","75","C3805715"
"55636","2","3","3","19","221","321","428","423","389","C3805839"
"54977","2","3","2","110","85","118","155","287","116","C3805839"
"5159","2","5","7","53","14","20","25","40","186","C3805839"
"59272","2","3","5","80","94","199","240","415","666","C3805839"
"287","2","5","7","76","153","40","38","54","203","C3805839"
"2316","2","5","7","53","51","342","454","573","702","C3805839"
"2296","2","3","3","19","221","321","428","541","667","C3805839"
"24","2","3","12","41","116","268","423","536","445","C3805839"
"6010","2","5","4","68","96","326","427","548","672","C3805877"
"3767","2","5","8","63","36","166","106","110","158","C3805877"
"2033","2","3","12","19","31","1","91","433","118","C3805887"
"5573","2","3","12","19","184","118","155","287","116","C3805887"
"22931","2","5","7","34","54","24","30","46","72","C3805887"
"54583","2","3","12","41","116","268","434","568","605","C3805887"
"6218","2","3","2","110","85","237","433","547","671","C3805887"
"59344","2","5","5","68","184","223","155","447","586","C3805887"
"4221","2","3","12","19","31","342","454","573","492","C3805919"
"249","2","3","5","27","51","335","444","560","373","C3805919"
"6121","2","3","2","69","83","101","126","170","224","C3805919"
"5980","2","3","12","19","31","261","116","1","86","C3805919"
"6497","2","5","3","19","221","342","259","423","389","C3806178"
"2668","2","5","7","53","14","20","25","40","186","C3806178"
"5189","2","3","5","43","161","305","409","208","482","C3806178"
"7476","2","5","3","68","221","197","259","560","422","C3806178"
"5130","2","3","2","85","143","286","51","488","102","C3806179"
"1639","2","3","12","76","153","40","38","54","75","C3806179"
"540","2","5","8","63","45","23","103","464","187","C3806179"
"2121","2","3","12","41","116","268","434","568","605","C3806216"
"5979","2","5","7","53","14","20","25","40","186","C3806216"
"10225","2","5","7","53","51","119","395","549","674","C3806218"
"54880","2","3","12","19","31","1","426","55","78","C3806218"
"10002","2","3","3","19","151","276","91","433","118","C3806218"
"7415","2","3","7","34","52","216","395","536","445","C3806218"
"3172","2","3","3","19","151","276","91","433","118","C3806218"
"51816","2","5","7","34","52","216","395","549","674","C3806218"
"5468","2","3","3","19","151","276","91","433","118","C3806218"
"2033","2","3","12","19","31","1","91","433","118","C3806221"
"54968","2","3","2","48","170","50","119","444","556","C3806221"
"5745","2","5","4","68","96","326","427","548","672","C3806221"
"25814","2","3","2","48","170","110","119","444","462","C3806221"
"2737","2","3","12","19","116","321","428","54","667","C3806280"
"5745","2","5","4","68","96","326","427","548","672","C3806280"
"2623","2","3","12","19","31","1","155","287","116","C3806301"
"8481","2","3","12","76","153","40","38","54","75","C3806301"
"5447","2","3","5","91","214","271","372","471","586","C3806301"
"8878","2","3","12","41","219","339","156","568","697","C3806301"
"2690","2","5","7","53","14","20","25","40","186","C3806301"
"2780","2","5","4","68","96","326","427","548","672","C3806301"
"54476","2","3","12","41","219","339","156","568","697","C3806301"
"2138","2","3","12","19","31","1","426","55","78","C3806301"
"10000","2","5","7","53","14","20","34","540","68","C3806301"
"2074","2","3","12","19","31","1","426","55","78","C3806301"
"2697","2","3","7","76","153","40","38","54","75","C3806301"
"1278","2","5","7","53","51","342","454","573","492","C3806301"
"5573","2","3","12","19","184","118","155","287","116","C3806301"
"8626","2","3","3","19","221","321","428","541","667","C3806306"
"9896","2","3","5","80","81","296","399","201","274","C3806306"
"4914","2","3","2","22","18","266","202","252","252","C3806330"
"5831","2","3","2","101","62","189","182","566","409","C3806330"
"5083","2","3","3","19","221","321","428","541","667","C3806330"
"1371","2","3","5","17","24","261","116","164","6","C3806330"
"4621","2","5","8","63","45","23","103","464","187","C3806347"
"9927","2","3","12","19","31","118","155","287","116","C3806347"
"2071","2","3","12","19","31","261","116","159","211","C3806347"
"2566","2","5","8","27","70","99","162","216","290","C3806347"
"7852","2","5","4","68","96","326","427","548","672","C3806347"
"7157","2","3","12","19","31","261","402","489","551","C3806347"
"546","2","3","12","19","31","261","426","1","86","C3806402"
"367","2","3","12","19","31","276","91","433","118","C3806402"
"6794","2","3","12","53","14","20","34","540","68","C3806442"
"79867","2","3","2","76","153","40","38","54","75","C3806442"
"10269","2","3","2","48","182","50","119","444","556","C3806447"
"6690","2","5","7","68","51","119","395","549","674","C3806447"
"4535","2","3","2","48","170","50","119","444","556","C3806462"
"50940","2","3","4","68","96","326","427","548","672","C3806462"
"5966","2","3","12","41","219","339","156","568","621","C3806462"
"6558","2","5","8","45","94","199","240","415","666","C3806510"
"23090","2","3","12","19","151","276","91","433","118","C3806510"
"4000","2","3","12","26","105","178","226","297","156","C3806510"
"8139","2","3","12","41","116","268","434","468","213","C3806510"
"2176","2","3","12","19","31","261","116","1","86","C3806510"
"3329","2","3","2","48","170","50","304","167","593","C3806554"
"4688","2","5","7","60","14","20","25","40","215","C3806554"
"6890","2","3","12","41","184","119","156","568","116","C3806554"
"4644","2","5","7","60","54","184","141","359","411","C3806554"
"2099","2","3","12","19","151","276","91","433","118","C3806554"
"5264","2","3","5","43","161","305","409","208","482","C3806554"
"25923","2","3","2","48","184","50","119","444","116","C3806554"
"9993","2","5","7","53","51","342","454","573","492","C3806554"
"728294","2","3","2","48","170","152","119","252","154","C3806554"
"54658","2","3","2","78","205","207","67","355","138","C3806554"
"5076","2","3","3","19","221","321","428","541","667","C3806554"
"8815","2","3","12","22","33","323","66","444","664","C3806554"
"1181","2","5","8","63","45","23","34","464","187","C3806554"
"3155","2","3","5","43","161","305","409","208","482","C3806634"
"1301","2","5","7","53","51","342","454","573","492","C3806634"
"1497","2","5","2","63","182","50","103","297","628","C3806644"
"9076","2","5","6","42","36","71","177","64","219","C3806644"
"7124","2","3","12","41","219","339","156","568","697","C3806644"
"4893","2","5","7","34","52","24","30","46","72","C3806644"
"5994","2","3","12","19","31","276","91","491","118","C3806644"
"5573","2","3","12","19","184","118","155","287","116","C3806644"
"8260","2","3","12","41","85","266","76","287","78","C3806644"
"763","2","3","5","35","41","77","40","526","647","C3806644"
"652","2","5","7","53","51","342","454","573","492","C3806917"
"9742","2","3","12","76","153","40","38","54","75","C3806917"
"1836","2","3","2","35","41","94","260","330","375","C3806917"
"50","2","3","5","80","81","50","304","167","593","C3807131"
"26191","2","5","7","53","14","20","25","40","186","C3807131"
"861","2","3","12","19","31","1","426","55","78","C3807306"
"10758","2","3","12","41","219","339","156","568","697","C3807306"
"9215","2","5","2","27","36","150","430","215","628","C3807327"
"28234","2","5","8","35","41","77","40","57","80","C3807327"
"7555","2","3","2","110","85","237","433","547","671","C3807327"
"51085","2","3","2","48","57","110","141","359","462","C3807980"
"55005","2","3","2","68","96","326","427","429","544","C3807980"
"2670","2","5","7","27","36","150","341","223","628","C3808022"
"5728","2","3","5","80","81","339","156","568","605","C3808022"
"51339","2","3","12","41","116","268","434","568","605","C3808022"
"4066","2","3","12","19","31","276","91","433","118","C3808022"
"2266","2","5","7","53","51","342","454","573","492","C3808022"
"10466","2","5","7","60","153","40","38","66","203","C3808022"
"4512","2","3","2","48","170","110","141","359","8","C3808022"
"9409","2","3","5","43","161","305","409","208","482","C3808022"
"421","2","5","7","42","51","335","444","560","373","C3808022"
"30061","2","3","5","25","44","165","101","274","358","C3808039"
"1497","2","5","2","63","182","50","103","297","628","C3808039"
"9640","2","3","12","19","31","261","116","159","211","C3808039"
"51360","2","3","3","26","35","276","91","433","203","C3808039"
"25","2","3","12","19","14","20","25","287","116","C3808039"
"7050","2","3","12","19","31","321","428","541","667","C3808039"
"126","2","3","2","75","120","200","263","251","425","C3808039"
"3909","2","5","7","53","51","342","454","573","492","C3808046"
"6833","2","5","8","45","36","166","240","415","666","C3808046"
"55636","2","3","3","19","221","321","428","423","389","C3808046"
"2290","2","3","3","19","221","321","428","541","667","C3808249"
"1201","2","3","2","48","170","50","304","167","593","C3808249"
"1497","2","5","2","63","182","50","103","297","628","C3808249"
"3458","2","5","7","53","184","119","156","287","116","C3808249"
"3426","2","5","7","53","51","119","395","549","674","C3808249"
"10815","2","5","7","60","36","71","341","223","666","C3808249"
"2483","2","3","2","22","33","323","66","101","136","C3808249"
"51524","2","5","7","45","94","199","240","415","666","C3808249"
"1586","2","3","5","79","98","256","335","425","540","C3808249"
"5740","2","3","5","91","175","279","167","224","301","C3808249"
"3981","2","3","12","19","31","261","116","1","86","C3808249"
"2588","2","3","7","34","52","216","395","549","674","C3808249"
"2516","2","3","3","19","151","276","91","433","118","C3808270"
"1415","2","3","6","63","45","160","362","177","673","C3808270"
"5025","2","5","8","63","45","23","306","390","158","C3808270"
"2155","2","5","7","53","51","119","454","549","674","C3808300"
"540","2","5","8","63","45","23","103","464","187","C3808300"
"3763","2","5","8","63","36","166","106","110","158","C3808377"
"9990","2","5","8","45","94","199","240","415","666","C3808377"
"1499","2","3","12","19","221","197","259","560","422","C3808377"
"6868","2","5","7","53","51","342","454","236","492","C3808377"
"286","2","5","7","60","153","40","38","54","203","C3808377"
"4221","2","3","12","19","31","342","454","573","492","C3808377"
"151648","2","3","12","76","153","40","38","54","75","C3808377"
"8516","2","5","7","53","51","342","454","573","492","C3808377"
"2717","2","3","7","34","52","216","395","549","674","C3808377"
"2176","2","3","12","19","31","261","116","1","86","C3808377"
"5362","2","5","7","53","51","342","79","560","373","C3808377"
"4323","2","5","7","53","51","342","454","573","492","C3808377"
"3265","2","5","7","60","54","24","30","46","72","C3808377"
"10312","2","3","7","34","52","216","395","549","674","C3808377"
"1585","2","3","5","79","159","256","351","100","589","C3808377"
"238","2","5","7","53","14","20","25","40","186","C3808403"
"1278","2","5","7","53","51","342","454","573","492","C3808403"
"1813","2","5","4","68","96","326","427","548","672","C3809221"
"595","2","3","12","19","31","1","426","489","416","C3809221"
"9759","2","3","12","19","31","276","91","433","118","C3809221"
"6616","2","5","7","34","52","216","341","223","628","C3809221"
"7837","2","3","5","80","51","342","454","573","492","C3809221"
"27249","2","3","2","48","182","50","119","186","245","C3809221"
"5529","2","3","12","76","153","40","38","54","75","C3809221"
"4155","2","5","7","27","36","150","341","223","628","C3809715"
"7227","2","3","12","19","31","276","91","433","118","C3809715"
"1187","2","5","8","63","45","23","34","464","187","C3809715"
"10908","2","3","2","97","173","275","377","473","592","C3809719"
"3815","2","5","7","53","14","20","25","40","186","C3809719"
"9215","2","5","2","27","36","150","430","215","628","C3809811"
"5826","2","3","7","48","161","105","139","186","245","C3809811"
"5264","2","3","5","43","161","305","409","208","482","C3809811"
"5080","2","3","3","19","221","321","428","541","667","C3809811"
"1643","2","3","12","41","116","268","434","468","213","C3809811"
"8139","2","3","12","41","116","268","434","468","213","C3809811"
"5155","2","5","7","53","51","342","454","573","186","C3809811"
"25974","2","3","7","48","51","105","139","186","245","C3809811"
"1340","2","3","2","48","170","50","141","359","462","C3809811"
"10522","2","3","12","19","221","197","259","236","422","C3809811"
"27063","2","3","3","19","151","276","91","433","118","C3810018"
"6342","2","3","5","80","161","305","409","208","482","C3810018"
"213","2","5","7","53","51","342","454","573","492","C3810018"
"396","2","5","7","60","54","24","30","46","72","C3810214"
"6331","2","5","8","63","36","166","341","223","158","C3810214"
"5745","2","5","4","68","96","326","427","548","672","C3810214"
"540","2","5","8","63","45","23","103","464","187","C3810471"
"5073","2","3","2","110","85","323","433","146","194","C3810471"
"5317","2","5","7","34","52","216","142","220","298","C3810487"
"5897","2","3","12","41","116","268","141","568","605","C3810487"
"7415","2","3","7","34","52","216","395","536","445","C3814530"
"1586","2","3","5","79","98","256","335","425","540","C3814530"
"6794","2","3","12","53","14","20","34","540","68","C3814530"
"4313","2","5","7","53","51","342","454","573","492","C3814530"
"9968","2","4","3","24","119","330","214","454","144","C3814530"
"1440","2","5","7","53","51","119","25","489","416","C3838883"
"355","2","3","7","41","219","339","156","568","697","C3838883"
"3827","2","5","4","68","96","326","427","548","672","C3839460"
"7020","2","3","12","19","31","276","91","433","664","C3839460"
"10516","2","5","7","53","51","342","454","573","492","C3839460"
"4784","2","3","2","22","33","261","116","159","211","C3839460"
"633","2","5","7","53","51","342","454","573","492","C3839460"
"6785","2","3","5","67","7","5","239","311","393","C3839460"
"5429","2","3","12","19","31","261","116","1","86","C3839460"
"23742","2","5","5","68","96","326","427","447","586","C3839460"
"9342","2","5","7","34","52","216","395","549","674","C3839460"
"150094","2","3","3","53","14","20","34","540","68","C3839460"
"9241","2","5","7","53","51","342","259","423","389","C3839460"
"55005","2","3","2","68","96","326","427","429","544","C3839460"
"54949","2","3","2","48","170","50","119","444","556","C3839753"
"6391","2","3","2","48","170","50","119","444","556","C3839753"
"10908","2","3","2","97","173","275","377","473","592","C3839753"
"9241","2","5","7","53","51","342","259","423","389","C3839753"
"6899","2","5","7","53","184","335","259","560","373","C3839753"
"7424","2","5","7","53","51","342","454","573","702","C3839753"
"196527","2","5","7","34","52","216","395","549","674","C3839753"
"4704","2","3","2","48","170","50","119","444","556","C3839753"
"23064","2","3","6","11","31","261","142","220","664","C3839753"
"7287","2","5","7","11","142","71","341","560","219","C3839753"
"5837","2","3","5","80","81","23","103","464","658","C3839753"
"1145","2","5","8","27","70","99","162","216","290","C3840083"
"92344","2","3","2","34","119","224","214","454","144","C3840083"
"1280","2","5","7","53","51","342","454","573","492","C3840083"
"8091","2","3","12","110","109","22","262","129","638","C3840083"
"6234","2","3","2","110","85","237","433","547","671","C3840083"
"1187","2","5","8","63","45","23","34","464","187","C3840083"
"4990","2","3","3","19","221","321","428","541","667","C3840083"
"2187","2","3","12","19","31","261","116","1","86","C3840083"
"701","2","3","12","76","153","40","38","54","75","C3840083"
"1436","2","5","7","53","14","20","25","40","186","C3840083"
"5080","2","3","3","19","221","321","428","541","667","C3840083"
"10265","2","3","3","19","221","321","428","541","667","C3854181"
"545","2","3","12","19","31","261","116","1","86","C3854181"
"5354","2","5","7","27","36","150","341","223","628","C3854181"
"8742","2","3","12","41","219","339","156","568","697","C3854388"
"5290","2","3","7","53","14","20","25","40","186","C3854388"
"1145","2","5","8","27","70","99","162","216","290","C3854388"
"9990","2","5","8","45","94","199","240","415","666","C3854388"
"10269","2","3","2","48","182","50","119","444","556","C3854388"
"3767","2","5","8","63","36","166","106","110","158","C3854388"
"3914","2","5","7","53","51","342","454","573","492","C3854388"
"6948","2","5","7","48","51","105","139","186","245","C3854388"
"29978","2","5","7","60","116","268","341","544","669","C3854388"
"2263","2","5","7","53","14","20","25","40","186","C3854388"
"4361","2","3","12","19","31","261","116","1","86","C3854388"
"846","2","5","4","68","96","326","427","548","672","C3854388"
"9101","2","3","12","41","219","339","156","568","605","C3854388"
"5428","2","3","2","48","170","50","119","167","593","C3854388"
"3977","2","5","7","53","51","119","25","40","416","C3854603"
"10907","2","3","2","22","33","323","66","101","136","C3854603"
"9829","2","5","7","60","14","184","341","544","669","C3854603"
"4878","2","3","12","19","31","1","426","55","78","C3854603"
"23742","2","5","5","68","96","326","427","447","586","C3854603"
"22948","2","3","12","76","137","76","136","472","435","C3854603"
"1585","2","3","5","79","159","256","351","100","589","C3887485"
"5159","2","5","7","53","14","20","25","40","186","C3887485"
"8518","2","3","12","19","31","1","426","55","78","C3887485"
"6303","2","3","2","67","118","160","261","188","423","C3887489"
"6687","2","3","2","48","170","50","119","444","593","C3887489"
"5350","2","5","8","63","45","23","103","464","187","C3887489"
"2700","2","3","6","76","153","40","38","54","75","C3887496"
"8803","2","3","8","67","92","293","55","75","311","C3887496"
"5913","2","5","7","27","36","71","341","223","219","C3887496"
"444","2","5","8","63","45","23","34","464","187","C3887496"
"2263","2","5","7","53","14","20","25","40","186","C3887496"
"55651","2","3","2","110","85","237","433","547","671","C3887496"
"2483","2","3","2","22","33","323","66","101","136","C3887499"
"29072","2","3","12","19","31","1","426","55","78","C3887499"
"26580","2","5","8","27","70","99","162","216","290","C3887499"
"3459","2","5","7","53","184","119","156","287","116","C3887499"
"7518","2","3","12","19","31","261","116","1","86","C3887499"
"7422","2","5","7","53","51","342","454","573","702","C3887499"
"26005","2","3","12","76","153","40","38","54","75","C3887499"
"3953","2","5","7","53","14","20","25","40","186","C3887499"
"5728","2","3","5","80","81","339","156","568","605","C3887499"
"8504","2","3","5","47","144","185","238","310","392","C3887499"
"6833","2","5","8","45","36","166","240","415","666","C3887499"
"6647","2","3","2","95","2","342","378","173","702","C3887499"
"54982","2","3","2","48","170","50","399","167","593","C3887499"
"54894","2","3","12","41","221","197","259","499","422","C3887499"
"4000","2","3","12","26","105","178","226","297","156","C3887499"
"6261","2","5","8","63","45","23","34","464","187","C3887499"
"26128","2","3","12","76","153","40","38","54","154","C3887499"
"7139","2","5","8","63","45","23","103","464","187","C3887499"
"1302","2","5","7","53","51","342","454","573","492","C3887499"
"3889","2","1","6","11","142","225","142","220","298","C3887499"
"2138","2","3","12","19","31","1","426","55","78","C3887499"
"4629","2","5","8","63","45","23","103","464","187","C3887499"
"4214","2","3","12","41","219","339","34","540","117","C3887499"
"4647","2","5","7","60","83","101","126","170","224","C3887499"
"5728","2","3","5","80","81","339","156","568","605","C3887499"
"7415","2","3","7","34","52","216","395","536","445","C3887499"
"3417","2","3","7","34","52","216","395","549","319","C3887499"
"7403","2","3","12","19","31","1","426","55","78","C3887499"
"5116","2","3","12","76","153","40","38","54","75","C3887499"
"2131","2","3","2","74","58","112","148","181","416","C3887499"
"6121","2","3","2","69","83","101","126","170","224","C3887524"
"116449","2","5","7","53","14","20","25","40","186","C3887524"
"23169","2","3","2","78","205","112","430","429","544","C3887524"
"139628","2","3","12","19","31","1","426","55","78","C3887524"
"3240","2","5","7","34","52","216","395","549","674","C3887524"
"51741","2","3","2","22","33","323","66","101","127","C3887524"
"2006","2","5","7","53","51","342","454","573","492","C3887524"
"5897","2","3","12","41","116","268","141","568","605","C3887524"
"3516","2","3","12","19","31","143","428","236","667","C3887524"
"4854","2","5","7","53","51","143","428","236","667","C3887524"
"5696","2","3","12","41","116","268","156","568","116","C3887524"
"65250","2","3","12","76","153","40","38","54","75","C3887524"
"7139","2","5","8","63","45","23","103","464","187","C3887525"
"9401","2","3","12","76","31","261","116","1","86","C3887525"
"3592","2","5","7","53","51","119","25","489","416","C3887527"
"27125","2","3","12","19","31","261","116","159","211","C3887527"
"6750","2","5","4","68","96","326","427","548","672","C3887527"
"6303","2","3","2","67","118","160","261","188","423","C3887527"
"2706","2","3","12","76","153","40","38","54","75","C3887527"
"6935","2","3","3","19","221","321","428","541","667","C3887611"
"590","2","3","5","85","143","286","51","488","604","C3887611"
"4088","2","3","12","19","219","339","259","423","605","C3887611"
"2178","2","3","12","19","31","261","116","1","86","C3887611"
"4524","2","3","2","15","166","104","369","117","583","C3887611"
"2033","2","3","12","19","31","1","91","433","118","C3887611"
"5428","2","3","2","48","170","50","119","167","593","C3887611"
"6662","2","3","3","19","221","321","428","541","667","C3887611"
"51422","2","3","2","48","57","110","141","359","462","C3887611"
"1140","2","5","8","27","70","99","162","216","290","C3887611"
"6439","2","5","5","68","96","185","238","310","272","C3887611"
"4540","2","3","2","48","170","50","119","444","556","C3887611"
"2159","2","5","7","68","51","119","454","549","674","C3887611"
"1736","2","3","2","110","85","237","433","547","671","C3887611"
"2263","2","5","7","53","14","20","25","40","186","C3887612"
"3785","2","5","8","63","36","166","106","110","158","C3887612"
"3081","2","3","2","91","51","3","267","308","429","C3887612"
"54902","2","3","2","48","182","50","119","444","556","C3887640"
"10381","2","3","12","76","153","40","38","54","75","C3887640"
"4935","2","5","4","68","96","326","427","548","672","C3887640"
"55630","2","3","5","27","81","99","162","216","290","C3887640"
"2263","2","5","7","53","14","20","25","40","186","C3887645"
"26277","2","3","12","19","31","1","426","1","78","C3887645"
"6017","2","3","2","69","83","101","126","170","224","C3887645"
"5950","2","5","7","53","51","101","126","170","224","C3887667"
"3481","2","5","7","53","51","342","454","573","492","C3887667"
"7020","2","3","12","19","31","276","91","433","664","C3887709"
"5428","2","3","2","48","170","50","119","167","593","C3887709"
"55212","2","3","12","76","153","76","38","54","75","C3887709"
"7048","2","5","7","53","51","342","259","423","389","C3887709"
"2516","2","3","3","19","151","276","91","433","118","C3887709"
"4117","2","5","7","53","14","20","34","540","68","C3887709"
"7249","2","3","7","60","57","110","141","359","462","C3887709"
"1586","2","3","5","79","98","256","335","425","540","C3887709"
"5373","2","3","2","90","167","123","158","207","278","C3887709"
"25886","2","3","12","76","153","76","136","472","435","C3887709"
"257","2","3","3","19","221","321","428","541","667","C3887709"
"7010","2","5","7","53","14","20","25","40","186","C3887709"
"1513","2","5","7","53","51","342","454","573","492","C3887875"
"10804","2","3","12","76","153","40","38","54","75","C3887875"
"1437","2","5","7","53","14","20","25","40","186","C3887875"
"7468","2","3","12","19","31","1","426","55","78","C3887875"
"6949","2","3","2","110","85","237","164","390","311","C3887875"
"4513","2","3","2","48","170","110","141","359","532","C3887875"
"10320","2","5","7","19","119","143","214","236","389","C3887875"
"55605","2","3","12","76","153","40","38","54","75","C3887875"
"2074","2","3","12","19","31","1","426","55","78","C3887875"
"2255","2","5","7","53","14","20","25","40","186","C3887875"
"2203","2","3","5","80","81","266","367","500","577","C3887875"
"7046","2","3","12","41","219","339","259","423","605","C3887875"
"26137","2","5","7","63","45","184","103","572","658","C3887875"
"5745","2","5","4","68","96","326","427","548","672","C3887875"
"650","2","5","7","53","51","342","259","423","389","C3887875"
"3569","2","5","7","53","51","342","454","573","416","C3887875"
"3480","2","5","7","53","14","20","25","40","186","C3887875"
"1663","2","3","12","76","105","178","226","297","380","C3887875"
"26276","2","3","7","60","81","184","341","66","203","C3887875"
"427","2","3","7","34","52","216","395","549","420","C3887892"
"8195","2","3","12","76","153","76","38","54","75","C3887892"
"857","2","5","7","53","45","23","57","83","422","C3887898"
"55605","2","3","12","76","153","40","38","54","75","C3887898"
"1728","2","3","2","41","116","268","434","568","605","C3887898"
"1292","2","5","7","53","51","342","454","573","492","C3887898"
"2556","2","5","8","27","70","99","162","216","290","C3887949"
"2812","2","5","7","53","51","342","454","573","492","C3887949"
"7403","2","3","12","19","31","1","426","55","78","C3888018"
"10913","2","3","12","41","219","339","156","568","697","C3888018"
"22845","2","3","2","48","68","125","161","214","288","C3888018"
"10522","2","3","12","19","221","197","259","236","422","C3891448"
"7003","2","3","12","19","31","276","91","433","118","C3891448"
"7351","2","3","2","20","29","98","123","166","221","C3891448"
"7319","2","3","12","41","116","268","434","468","213","C3891448"
"4893","2","5","7","34","52","24","30","46","72","C3891448"
"11285","2","3","2","74","205","191","396","408","620","C3891828"
"51715","2","5","7","60","54","24","30","46","72","C3891828"
"6888","2","3","2","90","167","266","367","500","577","C4011556"
"3043","2","5","7","34","52","216","395","549","116","C4011556"
"6657","2","3","12","19","221","321","428","541","667","C4011556"
"5728","2","3","5","80","81","339","156","568","605","C4011556"
"673","2","5","7","53","14","20","34","540","68","C4011556"
"427","2","3","7","34","52","216","395","549","420","C4011556"
"3081","2","3","2","91","51","3","267","308","429","C4011556"
"6736","2","3","12","19","31","276","91","433","667","C4011556"
"4000","2","3","12","26","105","178","226","297","156","C4011556"
"79722","2","3","12","76","153","40","38","54","75","C4011556"
"10195","2","3","2","48","69","99","162","216","290","C4011556"
"4952","2","3","5","60","54","184","30","544","669","C4011556"
"477","2","3","8","63","45","23","103","464","187","C4011788"
"4204","2","3","12","19","31","1","426","55","78","C4011788"
"54361","2","5","3","68","221","197","259","560","422","C4011788"
"1577","2","3","5","91","214","226","400","204","264","C4011788"
"4948","2","5","8","63","45","23","250","464","187","C4011788"
"3592","2","5","7","53","51","119","25","489","416","C4011788"
"5727","2","3","12","68","221","197","259","560","422","C4011788"
"10269","2","3","2","48","182","50","119","444","556","C4011788"
"348","2","5","7","53","51","342","454","573","492","C4011926"
"2560","2","5","8","27","70","99","162","216","290","C4011926"
"1663","2","3","12","76","105","178","226","297","380","C4012359"
"3868","2","1","6","11","142","225","142","220","298","C4012359"
"154064","2","5","5","27","51","335","444","560","373","C4012359"
"3481","2","5","7","53","51","342","454","573","492","C4012359"
"10060","2","3","8","41","45","23","423","464","445","C4012359"
"2109","2","3","2","48","170","50","119","444","556","C4012359"
"112398","2","3","12","41","116","268","434","568","605","C4012359"
"238","2","5","7","53","14","20","25","40","186","C4012359"
"2782","2","5","4","68","96","326","427","548","672","C4012968"
"9420","2","3","5","79","159","256","215","282","366","C4012968"
"2643","2","3","5","87","91","75","204","267","352","C4012968"
"11041","2","3","2","27","36","150","341","223","628","C4012968"
"26005","2","3","12","76","153","40","38","54","75","C4012968"
"2896","2","5","7","34","52","216","395","549","674","C4012968"
"1298","2","5","7","53","51","342","454","573","492","C4012968"
"9657","2","3","12","76","153","40","38","54","75","C4012968"
"7297","2","5","7","53","184","119","25","40","186","C4012968"
"6833","2","5","8","45","36","166","240","415","666","C4012968"
"1432","2","3","7","34","52","216","34","540","68","C4012968"
"585","2","3","12","76","153","40","38","54","75","C4012968"
"5327","2","5","7","53","51","342","454","573","492","C4012968"
"11005","2","1","6","11","142","225","142","220","298","C4012968"
"4524","2","3","2","15","166","104","369","117","583","C4013429"
"1644","2","3","2","88","79","239","333","258","345","C4013429"
"26040","2","3","12","19","31","1","116","297","78","C4014605"
"8398","2","3","5","116","183","40","38","352","455","C4014605"
"1440","2","5","7","53","51","119","25","489","416","C4014733"
"2952","2","3","5","91","175","271","372","471","586","C4014733"
"1301","2","5","7","53","51","342","454","573","492","C4014733"
"10758","2","3","12","41","219","339","156","568","697","C4014733"
"27329","2","5","7","53","51","342","454","573","492","C4015465"
"29954","2","5","2","27","206","324","430","215","290","C4015465"
"2332","2","3","2","22","33","71","373","466","609","C4018860"
"4929","2","3","3","19","151","276","91","433","118","C4018860"
"3756","2","5","8","63","36","166","106","110","158","C4018860"
"22948","2","3","12","76","137","76","136","472","435","C4018860"
"2812","2","5","7","53","51","342","454","573","492","C4018860"
"23363","2","3","12","41","116","268","434","468","213","C4018860"
"7941","2","3","5","7","218","338","450","567","696","C4018860"
"6736","2","3","12","19","31","276","91","433","667","C4018860"
"7133","2","5","7","34","52","216","395","549","697","C4018871"
"3691","2","5","7","53","51","342","454","573","492","C4018871"
"1282","2","5","7","53","51","342","454","573","492","C4018871"
"23534","2","3","2","22","33","323","66","101","136","C4018871"
"1001","2","5","7","53","51","335","444","560","373","C4019436"
"145282","2","3","6","11","142","225","79","220","298","C4019436"
"5828","2","3","5","43","161","305","409","208","482","C4019436"
"23417","2","3","2","43","161","305","409","208","482","C4019436"
"554","2","5","4","68","96","326","427","548","672","C4020690"
"1144","2","5","8","27","70","99","162","216","290","C4020690"
"22827","2","3","2","22","33","323","66","101","136","C4020690"
"26050","2","5","7","53","51","335","444","560","373","C4020690"
"2138","2","3","12","19","31","1","426","55","78","C4020691"
"2218","2","5","2","53","123","194","255","560","373","C4020691"
"23639","2","3","12","41","219","261","136","271","356","C4020691"
"10060","2","3","8","41","45","23","423","464","445","C4020695"
"5443","2","5","4","68","96","326","427","548","672","C4020695"
"23600","2","3","5","80","81","305","409","208","482","C4020697"
"27125","2","3","12","19","31","261","116","159","211","C4020697"
"6770","2","5","7","27","36","273","341","100","589","C4020700"
"3664","2","5","7","53","184","119","156","287","116","C4020700"
"1956","2","5","7","53","14","184","45","544","669","C4020707"
"2903","2","5","7","53","14","20","25","223","219","C4020707"
"6662","2","3","3","19","221","321","428","541","667","C4020713"
"8242","2","3","12","19","31","1","426","55","78","C4020713"
"1756","2","5","8","63","45","23","103","464","187","C4020713"
"9031","2","3","12","19","31","1","426","55","78","C4020718"
"2629","2","3","5","80","81","250","291","152","420","C4020718"
"4842","2","3","5","63","45","71","177","464","219","C4020730"
"617","2","3","2","48","170","50","304","167","593","C4020730"
"10210","2","3","12","41","116","268","434","468","213","C4020730"
"1387","2","3","12","19","31","276","91","433","118","C4020730"
"1308","2","5","7","53","51","119","454","573","492","C4020730"
"2731","2","3","2","106","104","214","234","67","53","C4020730"
"50485","2","3","12","19","31","261","116","1","86","C4020730"
"23639","2","3","12","41","219","261","136","271","356","C4020730"
"23414","2","3","12","19","31","118","155","287","116","C4020730"
"4629","2","5","8","63","45","23","103","464","187","C4020730"
"51684","2","3","12","41","116","268","38","54","75","C4020730"
"2984","2","3","4","68","96","326","427","548","672","C4020730"
"4261","2","3","12","53","184","119","156","287","116","C4020730"
"3949","2","5","7","60","14","184","341","544","669","C4020731"
"10019","2","5","7","53","14","20","25","40","116","C4020731"
"22891","2","3","12","76","153","40","341","54","75","C4020731"
"55636","2","3","3","19","221","321","428","423","389","C4020731"
"5800","2","5","7","53","81","296","399","201","274","C4020732"
"5573","2","3","12","19","184","118","155","287","116","C4020732"
"4015","2","5","7","53","51","342","454","573","492","C4020732"
"5354","2","5","7","27","36","150","341","223","628","C4020734"
"8985","2","5","7","53","51","342","454","573","492","C4020734"
"1497","2","5","2","63","182","50","103","297","628","C4020734"
"5332","2","3","4","68","96","326","427","548","672","C4020734"
"3845","2","5","7","60","54","24","30","46","72","C4020734"
"50814","2","3","2","69","221","73","360","86","119","C4020734"
"4591","2","3","12","41","116","268","434","468","213","C4020734"
"11005","2","1","6","11","142","225","142","220","298","C4020734"
"6576","2","3","2","45","94","199","240","569","666","C4020734"
"54187","2","3","5","80","81","296","272","452","148","C4020734"
"4311","2","5","7","34","52","216","395","549","674","C4020734"
"8822","2","5","7","53","14","20","25","40","186","C4020734"
"8091","2","3","12","110","109","22","262","129","638","C4020734"
"3329","2","3","2","48","170","50","304","167","593","C4020734"
"5193","2","3","5","43","161","305","409","208","482","C4020738"
"4998","2","3","12","76","31","261","116","1","86","C4020738"
"5020","2","5","4","68","96","326","427","548","672","C4020739"
"4935","2","5","4","68","96","326","427","548","672","C4020739"
"2033","2","3","12","19","31","1","91","433","118","C4020743"
"3930","2","3","2","22","33","323","66","3","464","C4020743"
"54209","2","5","7","53","51","119","395","549","674","C4020744"
"4292","2","3","12","19","31","261","116","1","86","C4020744"
"5993","2","3","12","19","31","1","426","55","78","C4020747"
"3423","2","3","5","74","3","342","374","294","590","C4020747"
"10128","2","3","2","48","170","50","119","444","556","C4020747"
"3709","2","5","8","63","45","23","306","390","158","C4020747"
"54344","2","3","2","61","77","142","176","280","363","C4020747"
"3284","2","3","2","69","98","169","299","183","243","C4020747"
"3915","2","5","7","53","51","342","454","573","492","C4020747"
"10269","2","3","2","48","182","50","119","444","556","C4020747"
"5995","2","5","4","68","96","326","427","548","672","C4020747"
"2187","2","3","12","19","31","261","116","1","86","C4020747"
"1280","2","5","7","53","51","342","454","573","492","C4020747"
"3039","2","3","5","35","41","118","155","287","116","C4020747"
"7468","2","3","12","19","31","1","426","55","78","C4020747"
"1301","2","5","7","53","51","342","454","573","492","C4020747"
"6657","2","3","12","19","221","321","428","541","667","C4020747"
"23322","2","3","12","76","153","40","38","54","75","C4020747"
"3977","2","5","7","53","51","119","25","40","416","C4020749"
"3663","2","3","12","53","184","119","156","287","116","C4020749"
"4214","2","3","12","41","219","339","34","540","117","C4020759"
"627","2","5","7","53","51","335","444","423","373","C4020759"
"5077","2","3","3","19","221","321","428","541","667","C4020759"
"3908","2","5","7","53","51","342","454","573","492","C4020759"
"2920","2","5","4","68","96","326","427","548","672","C4020759"
"6469","2","5","3","53","221","197","259","560","422","C4020759"
"3758","2","5","8","63","36","166","106","110","158","C4020765"
"6575","2","3","8","45","94","199","240","415","666","C4020765"
"367","2","3","12","19","31","276","91","433","118","C4020765"
"5728","2","3","5","80","81","339","156","568","605","C4020768"
"1490","2","5","7","53","51","342","454","573","492","C4020768"
"27077","2","3","12","76","153","40","38","54","75","C4020768"
"2263","2","5","7","53","14","20","25","40","186","C4020770"
"7157","2","3","12","19","31","261","402","489","551","C4020770"
"7132","2","3","12","41","219","339","156","568","697","C4020772"
"9131","2","3","12","41","219","339","347","271","356","C4020772"
"2121","2","3","12","41","116","268","434","568","605","C4020772"
"26154","2","3","5","47","144","185","238","310","392","C4020772"
"859","2","5","8","63","45","23","103","464","187","C4020773"
"8467","2","3","12","19","31","1","426","55","78","C4020773"
"51715","2","5","7","60","54","24","30","46","72","C4020778"
"9321","2","3","12","76","153","40","38","54","203","C4020778"
"4882","2","3","4","68","96","326","427","548","672","C4020778"
"1292","2","5","7","53","51","342","454","573","492","C4020779"
"2317","2","5","7","63","45","23","103","287","664","C4020779"
"282617","2","5","7","53","51","119","25","40","186","C4020779"
"478","2","3","8","63","45","23","366","464","187","C4020787"
"255520","2","5","7","60","14","20","25","40","72","C4020787"
"3651","2","3","3","19","221","321","428","541","667","C4020787"
"1947","2","5","7","53","51","20","25","560","373","C4020787"
"5318","2","1","6","11","142","225","142","220","298","C4020790"
"501","2","3","5","75","162","260","361","458","572","C4020790"
"57545","2","3","12","76","153","40","38","54","75","C4020790"
"7174","2","3","12","41","116","268","434","468","213","C4020791"
"6523","2","3","8","45","216","337","448","565","562","C4020791"
"3664","2","5","7","53","184","119","156","287","116","C4020801"
"1280","2","5","7","53","51","342","454","573","492","C4020801"
"9215","2","5","2","27","36","150","430","215","628","C4020801"
"64764","2","3","5","26","35","276","91","433","156","C4020805"
"1759","2","5","7","60","14","184","341","544","669","C4020805"
"4352","2","5","7","53","14","20","25","40","186","C4020805"
"1311","2","5","7","53","51","342","454","573","492","C4020805"
"26012","2","3","12","19","31","261","116","159","211","C4020805"
"2010","2","3","12","26","105","296","226","488","156","C4020806"
"6736","2","3","12","19","31","276","91","433","667","C4020806"
"3949","2","5","7","60","14","184","341","544","669","C4020810"
"1387","2","3","12","19","31","276","91","433","118","C4020810"
"3209","2","3","3","19","221","321","428","541","667","C4020810"
"51098","2","3","12","76","153","40","38","54","75","C4020810"
"367","2","3","12","19","31","276","91","433","118","C4020810"
"1285","2","5","7","53","51","342","454","573","492","C4020810"
"7169","2","5","8","63","45","23","103","464","187","C4020811"
"1286","2","5","7","53","51","342","454","573","492","C4020811"
"51360","2","3","3","26","35","276","91","433","203","C4020811"
"26580","2","5","8","27","70","99","162","216","290","C4020813"
"3853","2","1","6","11","142","225","142","220","298","C4020813"
"4538","2","3","2","48","170","50","119","444","556","C4020813"
"6389","2","3","2","48","170","50","119","444","556","C4020813"
"1581","2","3","5","19","151","276","91","433","118","C4020813"
"51010","2","3","2","110","85","237","433","547","671","C4020813"
"2623","2","3","12","19","31","1","155","287","116","C4020813"
"8813","2","3","2","48","116","142","136","280","363","C4020813"
"3303","2","3","7","34","52","216","395","271","356","C4020813"
"5824","2","3","5","47","144","185","238","310","392","C4020813"
"3717","2","5","7","53","14","20","25","40","186","C4020813"
"5727","2","3","12","68","221","197","259","560","422","C4020813"
"440","2","3","2","101","62","189","182","509","154","C4020813"
"1280","2","5","7","53","51","342","454","573","492","C4020813"
"860","2","3","12","19","31","276","91","433","118","C4020813"
"7066","2","5","7","53","51","119","25","573","416","C4020813"
"6622","2","3","7","27","36","150","341","223","628","C4020813"
"3845","2","5","7","60","54","24","30","46","72","C4020813"
"2627","2","3","12","19","31","118","155","287","116","C4020813"
"8929","2","3","3","19","221","321","428","541","667","C4020813"
"3592","2","5","7","53","51","119","25","489","416","C4020813"
"54657","2","3","2","78","205","207","67","355","138","C4020821"
"5728","2","3","5","80","81","339","156","568","605","C4020821"
"5982","2","3","12","19","31","261","116","1","86","C4020821"
"7486","2","3","12","19","31","261","116","1","86","C4020821"
"3872","2","1","6","11","142","225","142","220","298","C4020821"
"2253","2","5","7","53","14","20","25","40","186","C4020824"
"9742","2","3","12","76","153","40","38","54","75","C4020824"
"2206","2","3","12","41","14","20","25","40","186","C4020824"
"2645","2","3","2","90","167","266","367","101","664","C4020824"
"5264","2","3","5","43","161","305","409","208","482","C4020825"
"3094","2","3","2","48","170","266","367","500","78","C4020825"
"3763","2","5","8","63","36","166","106","110","158","C4020830"
"4353","2","3","7","34","52","216","395","549","674","C4020830"
"113189","2","3","2","103","112","197","249","318","97","C4020830"
"81037","2","3","2","48","170","50","119","444","556","C4020830"
"6575","2","3","8","45","94","199","240","415","666","C4020830"
"1134","2","5","8","27","70","99","162","216","290","C4020830"
"4204","2","3","12","19","31","1","426","55","78","C4020838"
"60468","2","3","12","19","31","276","91","433","118","C4020838"
"83550","2","3","4","68","221","197","259","499","422","C4020838"
"10516","2","5","7","53","51","342","454","573","492","C4020838"
"2303","2","5","3","19","221","321","428","541","667","C4020838"
"1717","2","3","2","19","151","276","48","69","204","C4020838"
"224","2","3","5","50","47","39","202","19","233","C4020838"
"650","2","5","7","53","51","342","259","423","389","C4020838"
"55654","2","3","2","22","33","323","66","198","270","C4020838"
"6804","2","5","7","60","36","71","341","223","219","C4020838"
"3558","2","5","7","53","14","20","25","40","186","C4020838"
"6392","2","3","2","48","170","50","119","444","556","C4020838"
"5506","2","3","12","76","137","76","136","82","658","C4020838"
"4247","2","3","2","68","67","320","98","180","279","C4020839"
"4089","2","3","12","19","219","339","259","423","605","C4020839"
"1493","2","5","7","53","51","119","25","40","186","C4020839"
"26119","2","5","7","60","14","184","341","544","669","C4020839"
"4000","2","3","12","26","105","178","226","297","156","C4020839"
"990","2","3","12","76","31","261","116","1","86","C4020839"
"23414","2","3","12","19","31","118","155","287","116","C4020839"
"3062","2","5","4","68","96","326","427","548","672","C4020839"
"5897","2","3","12","41","116","268","141","568","605","C4020839"
"4210","2","3","12","41","219","339","156","568","697","C4020839"
"29925","2","3","2","68","66","123","158","207","278","C4020839"
"3977","2","5","7","53","51","119","25","40","416","C4020839"
"6664","2","3","3","19","221","321","428","541","667","C4020839"
"1736","2","3","2","110","85","237","433","547","671","C4020839"
"3304","2","5","7","34","52","216","395","271","356","C4020839"
"275","2","3","5","106","104","214","70","377","488","C4020839"
"201163","2","3","2","34","57","110","141","271","356","C4020840"
"8626","2","3","3","19","221","321","428","541","667","C4020840"
"9241","2","5","7","53","51","342","259","423","389","C4020840"
"4893","2","5","7","34","52","24","30","46","72","C4020840"
"55135","2","3","12","76","137","76","136","472","435","C4020840"
"5742","2","3","5","91","175","134","167","224","301","C4020840"
"51715","2","5","7","60","54","24","30","46","72","C4020840"
"6662","2","3","3","19","221","321","428","541","667","C4020840"
"2645","2","3","2","90","167","266","367","101","664","C4020840"
"10939","2","3","2","48","170","50","119","444","593","C4020840"
"9051","2","5","7","60","14","20","25","40","215","C4020840"
"55135","2","3","12","76","137","76","136","472","435","C4020840"
"8867","2","3","5","60","14","184","341","544","669","C4020840"
"2218","2","5","2","53","123","194","255","560","373","C4020840"
"23594","2","3","12","76","153","261","116","1","86","C4020840"
"930","2","5","7","53","14","119","25","40","186","C4020840"
"3853","2","1","6","11","142","225","142","220","298","C4020841"
"1131","2","5","4","68","96","326","427","548","672","C4020841"
"6347","2","5","7","53","51","119","427","489","416","C4020841"
"2147","2","5","7","68","51","342","454","573","492","C4020841"
"3040","2","5","5","53","51","342","40","78","178","C4020844"
"3679","2","5","7","53","51","342","454","573","492","C4020844"
"875","2","3","5","80","137","44","21","451","316","C4020844"
"30813","2","3","3","19","221","321","428","541","667","C4020844"
"5573","2","3","12","19","184","118","155","287","116","C4020844"
"23314","2","3","3","19","221","321","428","541","667","C4020844"
"2767","2","5","4","68","96","326","427","548","672","C4020844"
"3481","2","5","7","53","51","342","454","573","492","C4020844"
"207","2","3","7","53","14","20","34","489","416","C4020844"
"9060","2","3","2","68","18","63","69","102","143","C4020844"
"5073","2","3","2","110","85","323","433","146","194","C4020844"
"6335","2","5","8","63","36","166","341","390","158","C4020844"
"7486","2","3","12","19","31","261","116","1","86","C4020844"
"5153","2","3","4","68","96","326","427","548","672","C4020844"
"8878","2","3","12","41","219","339","156","568","697","C4020844"
"8013","2","3","3","19","151","276","91","433","118","C4020844"
"6736","2","3","12","19","31","276","91","433","667","C4020844"
"54209","2","5","7","53","51","119","395","549","674","C4020848"
"26137","2","5","7","63","45","184","103","572","658","C4020848"
"5663","2","5","7","34","52","216","395","549","667","C4020848"
"23405","2","3","2","22","33","323","66","146","194","C4020848"
"5573","2","3","12","19","184","118","155","287","116","C4020848"
"3084","2","5","7","53","14","20","25","40","186","C4020848"
"2645","2","3","2","90","167","266","367","101","664","C4020850"
"207","2","3","7","53","14","20","34","489","416","C4020850"
"2736","2","3","12","41","116","321","428","54","667","C4020851"
"3208","2","5","7","27","36","150","341","223","628","C4020851"
"8086","2","3","12","22","33","323","66","101","664","C4020851"
"4233","2","5","7","53","14","20","25","40","186","C4020851"
"183","2","5","4","68","96","326","427","548","672","C4020851"
"421","2","5","7","42","51","335","444","560","373","C4020851"
"3569","2","5","7","53","51","342","454","573","416","C4020851"
"51259","2","3","2","76","153","40","38","54","75","C4020851"
"8575","2","3","2","22","33","323","66","101","194","C4020851"
"2539","2","3","2","48","57","110","141","359","383","C4020851"
"170302","2","3","3","19","221","321","428","541","667","C4020851"
"5290","2","3","7","53","14","20","25","40","186","C4020851"
"1280","2","5","7","53","51","342","454","573","492","C4020851"
"4221","2","3","12","19","31","342","454","573","492","C4020851"
"7415","2","3","7","34","52","216","395","536","445","C4020851"
"9742","2","3","12","76","153","40","38","54","75","C4020851"
"2706","2","3","12","76","153","40","38","54","75","C4020851"
"10269","2","3","2","48","182","50","119","444","556","C4020851"
"10743","2","3","3","19","151","276","91","433","118","C4020853"
"5096","2","3","2","48","40","130","166","127","173","C4020853"
"5251","2","3","5","80","81","296","474","593","722","C4020856"
"7466","2","5","7","53","51","342","454","573","492","C4020856"
"6926","2","5","7","53","51","335","259","560","373","C4020856"
"5914","2","3","3","19","151","276","91","433","118","C4020856"
"2022","2","5","7","53","51","342","259","423","389","C4020856"
"2516","2","3","3","19","151","276","91","433","118","C4020856"
"396","2","5","7","60","54","24","30","46","72","C4020856"
"1581","2","3","5","19","151","276","91","433","118","C4020856"
"2109","2","3","2","48","170","50","119","444","556","C4020856"
"10269","2","3","2","48","182","50","119","444","556","C4020856"
"26608","2","3","2","22","170","50","119","463","153","C4020856"
"1499","2","3","12","19","221","197","259","560","422","C4020856"
"1291","2","5","7","53","51","342","454","573","492","C4020856"
"6785","2","3","5","67","7","5","239","311","393","C4020856"
"54658","2","3","2","78","205","207","67","355","138","C4020856"
"2953","2","3","5","91","175","271","372","471","586","C4020856"
"2033","2","3","12","19","31","1","91","433","118","C4020856"
"57379","2","3","5","22","137","261","104","146","194","C4020856"
"54880","2","3","12","19","31","1","426","55","78","C4020856"
"4763","2","5","7","60","54","24","30","46","214","C4020856"
"170691","2","5","7","53","51","342","454","573","492","C4020857"
"6340","2","5","8","63","45","23","34","464","187","C4020857"
"2033","2","3","12","19","31","1","91","433","118","C4020857"
"1636","2","3","5","80","81","166","397","418","568","C4020857"
"6949","2","3","2","110","85","237","164","390","311","C4020857"
"4534","2","3","5","80","81","296","399","362","468","C4020857"
"885","2","5","4","68","96","326","427","548","672","C4020857"
"4287","2","3","12","41","116","268","434","468","215","C4020858"
"2535","2","5","3","68","221","197","259","560","422","C4020858"
"2736","2","3","12","41","116","321","428","54","667","C4020858"
"10293","2","3","12","41","116","268","434","468","213","C4020858"
"406","2","3","3","19","151","276","91","433","118","C4020858"
"182","2","5","7","53","51","143","428","236","667","C4020858"
"2074","2","3","12","19","31","1","426","55","78","C4020858"
"771","2","3","5","35","41","77","40","241","212","C4020858"
"5308","2","3","3","19","221","321","428","541","667","C4020858"
"23418","2","5","7","53","36","71","177","560","373","C4020858"
"2657","2","5","7","53","51","342","259","423","389","C4020858"
"3123","2","5","7","53","51","119","156","287","116","C4020858"
"6016","2","5","7","60","54","24","30","46","72","C4020858"
"3141","2","3","2","68","40","130","166","127","173","C4020858"
"4137","2","3","7","27","36","150","341","223","628","C4020858"
"3315","2","3","12","41","181","160","362","402","215","C4020858"
"1291","2","5","7","53","51","342","454","573","492","C4020858"
"1301","2","5","7","53","51","342","454","573","492","C4020858"
"5830","2","3","5","43","161","305","409","208","482","C4020858"
"6821","2","3","5","114","211","332","175","556","256","C4020858"
"10293","2","3","12","41","116","268","434","468","213","C4020858"
"3105","2","5","7","53","51","119","156","287","116","C4020858"
"3032","2","3","2","48","57","38","347","12","145","C4020858"
"2056","2","5","7","53","51","119","25","40","186","C4020858"
"3887","2","1","6","11","142","225","142","220","298","C4020858"
"9562","2","3","5","80","81","296","248","317","405","C4020858"
"1326","2","3","12","41","14","20","34","540","68","C4020858"
"54332","2","3","2","60","170","40","98","66","203","C4020858"
"3239","2","3","3","19","221","321","428","541","667","C4020859"
"6303","2","3","2","67","118","160","261","188","423","C4020859"
"51218","2","3","2","48","170","50","119","100","556","C4020859"
"213","2","5","7","53","51","342","454","573","492","C4020859"
"1836","2","3","2","35","41","94","260","330","375","C4020859"
"1636","2","3","5","80","81","166","397","418","568","C4020859"
"2321","2","5","7","53","14","20","25","40","186","C4020859"
"857","2","5","7","53","45","23","57","83","422","C4020859"
"5396","2","3","3","19","221","321","428","541","667","C4020859"
"196","2","3","3","19","151","276","91","433","118","C4020859"
"5443","2","5","4","68","96","326","427","548","672","C4020859"
"51741","2","3","2","22","33","323","66","101","127","C4020861"
"3814","2","5","4","68","96","326","427","548","672","C4020861"
"288","2","5","7","76","153","40","38","54","203","C4020861"
"7317","2","3","12","41","116","268","434","468","213","C4020861"
"6774","2","3","12","53","14","276","25","489","416","C4020861"
"4488","2","3","3","19","221","321","428","541","667","C4020861"
"5743","2","3","5","53","175","119","167","489","416","C4020861"
"8493","2","3","12","19","31","293","116","201","664","C4020861"
"6648","2","3","2","95","151","160","378","173","229","C4020861"
"2990","2","3","7","34","52","216","395","549","674","C4020861"
"4512","2","3","2","48","170","110","141","359","8","C4020861"
"6389","2","3","2","48","170","50","119","444","556","C4020861"
"10522","2","3","12","19","221","197","259","236","422","C4020861"
"3861","2","1","6","11","142","225","142","220","298","C4020861"
"4137","2","3","7","27","36","150","341","223","628","C4020861"
"3914","2","5","7","53","51","342","454","573","492","C4020861"
"175","2","3","7","34","52","216","395","549","674","C4020861"
"9627","2","3","12","19","31","1","426","55","78","C4020861"
"9419","2","5","7","60","36","71","341","223","219","C4020861"
"401","2","3","3","19","221","321","428","541","667","C4020861"
"3861","2","1","6","11","142","225","142","220","298","C4020861"
"19","2","3","3","19","151","276","91","433","118","C4020863"
"1813","2","5","4","68","96","326","427","548","672","C4020863"
"4920","2","5","7","53","14","20","259","560","373","C4020864"
"9563","2","3","5","13","10","212","294","373","485","C4020864"
"59272","2","3","5","80","94","199","240","415","666","C4020864"
"1828","2","5","7","34","52","216","142","220","298","C4020864"
"11155","2","5","7","63","45","23","103","464","187","C4020864"
"3766","2","5","8","63","36","166","106","110","158","C4020864"
"5621","2","5","8","27","36","342","454","573","628","C4020864"
"51422","2","3","2","48","57","110","141","359","462","C4020864"
"29123","2","3","12","19","151","276","91","433","118","C4020864"
"7249","2","3","7","60","57","110","141","359","462","C4020864"
"26608","2","3","2","22","170","50","119","463","153","C4020865"
"5781","2","5","7","53","14","20","25","40","186","C4020865"
"79621","2","3","2","22","137","76","149","195","435","C4020865"
"4221","2","3","12","19","31","342","454","573","492","C4020865"
"5189","2","3","5","43","161","305","409","208","482","C4020865"
"4908","2","5","7","53","51","342","259","423","389","C4020865"
"1291","2","5","7","53","51","342","454","573","492","C4020865"
"9915","2","3","3","27","151","276","91","433","118","C4020865"
"7547","2","3","3","19","221","321","428","541","667","C4020865"
"1439","2","5","7","53","14","20","25","40","186","C4020865"
"2693","2","5","4","68","96","326","427","548","672","C4020865"
"8085","2","3","12","19","31","1","426","55","78","C4020865"
"4436","2","3","12","19","31","261","116","1","86","C4020866"
"1184","2","5","8","63","45","23","34","464","187","C4020866"
"6786","2","5","8","63","45","23","103","464","187","C4020866"
"8139","2","3","12","41","116","268","434","468","213","C4020866"
"6334","2","5","8","63","36","166","341","223","158","C4020867"
"3458","2","5","7","53","184","119","156","287","116","C4020867"
"11284","2","3","12","19","31","261","116","1","86","C4020867"
"860","2","3","12","19","31","276","91","433","118","C4020867"
"1161","2","3","12","41","116","268","434","468","213","C4020867"
"54840","2","3","12","19","31","261","116","1","86","C4020867"
"6945","2","3","12","19","31","110","141","488","102","C4020867"
"6390","2","3","2","48","170","50","119","444","556","C4020867"
"6654","2","5","7","60","54","24","30","46","72","C4020867"
"5205","2","3","8","63","45","23","103","464","619","C4020867"
"8573","2","5","7","53","36","71","341","223","219","C4020867"
"1406","2","3","3","19","221","321","428","541","667","C4020867"
"1610","2","3","5","80","81","305","409","208","482","C4020867"
"1300","2","5","7","53","51","342","454","573","492","C4020867"
"2706","2","3","12","76","153","40","38","54","75","C4020867"
"5015","2","3","3","19","221","321","428","541","667","C4020867"
"7057","2","5","7","53","51","342","454","573","492","C4020867"
"695","2","5","7","53","14","20","25","40","186","C4020868"
"4998","2","3","12","76","31","261","116","1","86","C4020868"
"9896","2","3","5","80","81","296","399","201","274","C4020868"
"3954","2","3","2","48","170","67","119","444","593","C4020868"
"3458","2","5","7","53","184","119","156","287","116","C4020868"
"7531","2","3","2","48","170","110","329","251","533","C4020868"
"3954","2","3","2","48","170","67","119","444","593","C4020868"
"1499","2","3","12","19","221","197","259","560","422","C4020868"
"5205","2","3","8","63","45","23","103","464","619","C4020868"
"5745","2","5","4","68","96","326","427","548","672","C4020868"
"3756","2","5","8","63","36","166","106","110","158","C4020868"
"1356","2","3","7","53","51","342","454","573","492","C4020868"
"9103","2","5","7","53","142","71","341","560","219","C4020868"
"6390","2","3","2","48","170","50","119","444","556","C4020868"
"1639","2","3","12","76","153","40","38","54","75","C4020868"
"5116","2","3","12","76","153","40","38","54","75","C4020868"
"1280","2","5","7","53","51","342","454","573","492","C4020868"
"6389","2","3","2","48","170","50","119","444","556","C4020868"
"29089","2","3","12","41","116","268","434","468","213","C4020868"
"9131","2","3","12","41","219","339","347","271","356","C4020868"
"10320","2","5","7","19","119","143","214","236","389","C4020868"
"1030","2","3","12","19","31","1","426","55","78","C4020868"
"51741","2","3","2","22","33","323","66","101","127","C4020868"
"9993","2","5","7","53","51","342","454","573","492","C4020868"
"7051","2","1","6","11","142","225","142","220","298","C4020868"
"4982","2","5","12","41","219","339","156","568","697","C4020869"
"2332","2","3","2","22","33","71","373","466","609","C4020869"
"7422","2","5","7","53","51","342","454","573","702","C4020869"
"3339","2","5","7","53","51","342","454","573","492","C4020869"
"2218","2","5","2","53","123","194","255","560","373","C4020869"
"9966","2","5","12","41","219","339","156","568","697","C4020869"
"79147","2","3","2","27","36","150","430","215","628","C4020869"
"1499","2","3","12","19","221","197","259","560","422","C4020869"
"50937","2","5","7","53","51","335","444","560","373","C4020869"
"3730","2","5","7","53","14","20","25","40","186","C4020869"
"1967","2","3","2","110","85","237","433","547","671","C4020869"
"2990","2","3","7","34","52","216","395","549","674","C4020869"
"29920","2","3","2","101","62","189","182","497","617","C4020869"
"3949","2","5","7","60","14","184","341","544","669","C4020869"
"1161","2","3","12","41","116","268","434","468","213","C4020872"
"2833","2","5","4","68","96","326","427","548","672","C4020872"
"5979","2","5","7","53","14","20","25","40","186","C4020872"
"2950","2","5","7","34","52","216","395","549","674","C4020872"
"1586","2","3","5","79","98","256","335","425","540","C4020872"
"2316","2","5","7","53","51","342","454","573","702","C4020872"
"421","2","5","7","42","51","335","444","560","373","C4020872"
"8626","2","3","3","19","221","321","428","541","667","C4020878"
"4683","2","3","12","19","31","261","116","1","86","C4020878"
"26229","2","3","2","74","205","191","396","408","257","C4020878"
"5979","2","5","7","53","14","20","25","40","186","C4020878"
"1028","2","3","12","19","31","1","116","1","86","C4020878"
"2253","2","5","7","53","14","20","25","40","186","C4020878"
"1761","2","3","3","19","221","321","428","541","667","C4020878"
"3481","2","5","7","53","51","342","454","573","492","C4020878"
"2657","2","5","7","53","51","342","259","423","389","C4020878"
"4624","2","5","8","63","45","23","103","464","187","C4020878"
"2187","2","3","12","19","31","261","116","1","86","C4020878"
"55687","2","3","2","48","170","152","119","252","154","C4020878"
"3239","2","3","3","19","221","321","428","541","667","C4020878"
"4990","2","3","3","19","221","321","428","541","667","C4020878"
"7037","2","5","7","60","14","184","341","544","669","C4020878"
"5160","2","3","2","67","92","293","55","75","311","C4020878"
"2890","2","5","8","63","36","166","106","110","158","C4020878"
"8892","2","3","2","110","85","237","433","547","671","C4020878"
"5190","2","3","5","43","161","305","409","208","482","C4020878"
"5824","2","3","5","47","144","185","238","310","392","C4020878"
"22931","2","5","7","34","54","24","30","46","72","C4020879"
"23522","2","3","12","19","31","1","426","55","78","C4020879"
"54187","2","3","5","80","81","296","272","452","148","C4020879"
"2317","2","5","7","63","45","23","103","287","664","C4020879"
"427","2","3","7","34","52","216","395","549","420","C4020880"
"54469","2","3","5","43","161","305","409","208","482","C4020880"
"2876","2","3","5","80","81","110","378","173","229","C4020880"
"579","2","3","3","19","221","321","428","541","667","C4020880"
"54982","2","3","2","48","170","50","399","167","593","C4020882"
"9575","2","3","3","19","151","276","91","433","118","C4020882"
"58","2","5","8","63","45","23","103","464","187","C4020882"
"7124","2","3","12","41","219","339","156","568","697","C4020882"
"3077","2","5","7","53","51","119","395","549","674","C4020883"
"2200","2","5","7","53","51","342","454","573","492","C4020883"
"1512","2","5","7","34","52","216","395","549","674","C4020883"
"29925","2","3","2","68","66","123","158","207","278","C4020883"
"652","2","5","7","53","51","342","454","573","492","C4020883"
"9411","2","5","7","60","54","24","30","46","72","C4020886"
"26034","2","5","7","60","54","24","30","46","72","C4020886"
"2689","2","5","7","53","51","119","25","40","186","C4020886"
"6690","2","5","7","68","51","119","395","549","674","C4020886"
"6870","2","5","4","68","96","326","427","548","672","C4020886"
"5566","2","3","12","76","14","20","34","540","75","C4020886"
"2200","2","5","7","53","51","342","454","573","492","C4020886"
"4627","2","5","7","63","45","184","103","572","658","C4020886"
"5091","2","3","2","35","40","130","166","57","435","C4020886"
"6567","2","5","8","35","41","77","40","57","80","C4020886"
"4882","2","3","4","68","96","326","427","548","672","C4020886"
"10413","2","3","12","19","36","143","177","236","321","C4020886"
"701","2","3","12","76","153","40","38","54","75","C4020886"
"1594","2","3","5","92","163","96","363","460","487","C4020886"
"2673","2","3","2","110","94","178","226","297","380","C4020886"
"9451","2","3","2","110","51","335","226","297","380","C4020886"
"51750","2","3","12","19","31","261","116","1","86","C4020886"
"26503","2","3","2","89","124","204","272","347","442","C4020886"
"2317","2","5","7","63","45","23","103","287","664","C4020886"
"10555","2","3","7","34","52","216","395","549","622","C4020886"
"9569","2","3","12","19","31","276","91","433","118","C4020886"
"2629","2","3","5","80","81","250","291","152","420","C4020886"
"9652","2","3","2","110","85","237","433","547","671","C4020886"
"5193","2","3","5","43","161","305","409","208","482","C4020886"
"5189","2","3","5","43","161","305","409","208","482","C4020886"
"10262","2","3","2","22","33","323","66","101","136","C4020888"
"3835","2","3","12","76","153","40","38","54","75","C4020888"
"9569","2","3","12","19","31","276","91","433","118","C4020888"
"3887","2","1","6","11","142","225","142","220","298","C4020888"
"4358","2","3","5","43","161","305","409","208","482","C4020888"
"7486","2","3","12","19","31","261","116","1","86","C4020888"
"652","2","5","7","53","51","342","454","573","492","C4020888"
"2022","2","5","7","53","51","342","259","423","389","C4020888"
"23592","2","3","12","26","105","342","259","423","389","C4020888"
"3054","2","3","12","19","31","1","426","55","78","C4020888"
"79026","2","5","7","42","36","71","177","223","219","C4020888"
"51741","2","3","2","22","33","323","66","101","127","C4020888"
"2798","2","5","4","68","96","326","427","548","672","C4020889"
"7468","2","3","12","19","31","1","426","55","78","C4020889"
"7248","2","3","2","48","57","110","141","359","462","C4020889"
"4524","2","3","2","15","166","104","369","117","583","C4020889"
"51082","2","3","2","19","31","1","426","55","78","C4020889"
"2260","2","5","7","53","14","20","25","40","186","C4020889"
"5982","2","3","12","19","31","261","116","1","86","C4020890"
"10585","2","5","2","27","206","324","430","215","290","C4020890"
"23639","2","3","12","41","219","261","136","271","356","C4020890"
"4125","2","3","7","34","52","216","395","549","674","C4020890"
"1280","2","5","7","53","51","342","454","573","492","C4020891"
"999","2","5","7","53","51","342","444","560","373","C4020891"
"6777","2","5","7","53","14","20","25","40","186","C4020891"
"51324","2","3","2","48","142","225","142","220","298","C4020891"
"5468","2","3","3","19","151","276","91","433","118","C4020891"
"7051","2","1","6","11","142","225","142","220","298","C4020891"
"7389","2","3","2","17","24","51","132","210","123","C4020891"
"30062","2","3","3","19","221","321","428","541","667","C4020891"
"1717","2","3","2","19","151","276","48","69","204","C4020891"
"9978","2","3","12","41","116","268","434","468","213","C4020891"
"1146","2","5","8","27","70","99","162","216","290","C4020891"
"23203","2","3","5","80","81","50","304","167","593","C4020891"
"5465","2","3","3","19","151","276","91","433","118","C4020891"
"51103","2","3","2","48","170","50","119","444","556","C4020891"
"8905","2","5","7","60","153","184","341","544","669","C4020891"
"50846","2","3","3","68","221","197","259","560","422","C4020892"
"2290","2","3","3","19","221","321","428","541","667","C4020892"
"7468","2","3","12","19","31","1","426","55","78","C4020892"
"6833","2","5","8","45","36","166","240","415","666","C4020892"
"5604","2","5","7","53","14","20","34","540","68","C4020892"
"1497","2","5","2","63","182","50","103","297","628","C4020892"
"2018","2","3","3","19","221","321","428","541","667","C4020892"
"2629","2","3","5","80","81","250","291","152","420","C4020892"
"7439","2","5","8","63","45","23","34","464","187","C4020892"
"6535","2","5","8","45","94","199","240","415","666","C4020892"
"1030","2","3","12","19","31","1","426","55","78","C4020892"
"207","2","3","7","53","14","20","34","489","416","C4020892"
"7298","2","3","12","76","153","40","38","54","75","C4020892"
"3930","2","3","2","22","33","323","66","3","464","C4020892"
"4846","2","3","5","41","219","75","243","44","64","C4020892"
"7043","2","5","7","53","51","342","454","573","492","C4020892"
"5456","2","3","3","19","221","321","428","541","667","C4020892"
"3339","2","5","7","53","51","342","454","573","492","C4020894"
"10262","2","3","2","22","33","323","66","101","136","C4020894"
"100","2","3","5","33","21","47","56","80","199","C4020894"
"9049","2","3","3","41","151","276","378","271","356","C4020894"
"6208","2","3","2","110","85","237","433","547","671","C4020894"
"4893","2","5","7","34","52","24","30","46","72","C4020894"
"10683","2","5","7","53","51","143","428","560","667","C4020894"
"928","2","5","7","53","51","342","454","573","702","C4020894"
"8260","2","3","12","41","85","266","76","287","78","C4020894"
"2741","2","5","8","27","70","99","162","216","290","C4020895"
"2108","2","3","2","48","170","50","119","444","556","C4020895"
"3858","2","1","6","11","142","225","142","220","298","C4020895"
"54903","2","3","12","76","153","40","38","54","75","C4020895"
"5979","2","5","7","53","14","20","25","40","186","C4020895"
"183","2","5","4","68","96","326","427","548","672","C4020895"
"9451","2","3","2","110","51","335","226","297","380","C4020897"
"3861","2","1","6","11","142","225","142","220","298","C4020897"
"10560","2","3","2","65","196","310","127","527","648","C4020897"
"4038","2","5","7","53","51","342","454","573","492","C4020897"
"7026","2","3","3","19","151","276","91","433","118","C4020897"
"54806","2","5","7","76","153","40","38","54","75","C4020897"
"6662","2","3","3","19","221","321","428","541","667","C4020897"
"5745","2","5","4","68","96","326","427","548","672","C4020897"
"8314","2","3","12","41","31","1","426","55","78","C4020897"
"7040","2","5","7","53","51","342","454","573","492","C4020897"
"3814","2","5","4","68","96","326","427","548","672","C4020897"
"3918","2","5","7","53","51","342","454","573","492","C4020897"
"7428","2","3","12","41","116","268","434","468","213","C4020897"
"178","2","3","7","34","52","216","395","549","674","C4020897"
"4893","2","5","7","34","52","24","30","46","72","C4020897"
"860","2","3","12","19","31","276","91","433","118","C4020898"
"3691","2","5","7","53","51","342","454","573","492","C4020898"
"8450","2","3","12","41","116","268","434","468","213","C4020898"
"5591","2","3","12","19","31","261","116","1","86","C4020898"
"9333","2","1","6","11","142","225","142","220","298","C4020898"
"51741","2","3","2","22","33","323","66","101","127","C4020898"
"1643","2","3","12","41","116","268","434","468","213","C4020898"
"3728","2","5","7","34","52","225","142","220","298","C4020898"
"1543","2","3","5","91","151","276","91","433","118","C4020898"
"59344","2","5","5","68","184","223","155","447","586","C4020898"
"3239","2","3","3","19","221","321","428","541","667","C4020898"
"10559","2","3","2","89","124","204","272","347","451","C4020898"
"27249","2","3","2","48","182","50","119","186","245","C4020898"
"1312","2","3","2","87","79","105","426","129","25","C4020898"
"5906","2","5","7","34","52","216","30","46","72","C4020908"
"51684","2","3","12","41","116","268","38","54","75","C4020908"
"64421","2","3","12","19","31","261","116","1","86","C4020908"
"3575","2","5","7","53","51","184","341","544","669","C4020908"
"5979","2","5","7","53","14","20","25","40","186","C4020908"
"6709","2","5","7","34","52","216","395","572","158","C4020922"
"3784","2","5","8","63","36","166","106","110","158","C4020922"
"5781","2","5","7","53","14","20","25","40","186","C4020948"
"5830","2","3","5","43","161","305","409","208","482","C4020948"
"54903","2","3","12","76","153","40","38","54","75","C4020952"
"4669","2","3","5","80","81","166","454","453","492","C4020952"
"1636","2","3","5","80","81","166","397","418","568","C4020952"
"4049","2","3","12","41","219","339","156","568","697","C4020952"
"4000","2","3","12","26","105","178","226","297","156","C4020952"
"3954","2","3","2","48","170","67","119","444","593","C4020952"
"8626","2","3","3","19","221","321","428","541","667","C4020957"
"196","2","3","3","19","151","276","91","433","118","C4020957"
"3105","2","5","7","53","51","119","156","287","116","C4020957"
"7249","2","3","7","60","57","110","141","359","462","C4020957"
"1337","2","3","2","48","170","110","141","359","462","C4020957"
"9469","2","3","2","103","189","303","29","475","467","C4020957"
"9841","2","3","6","11","142","225","142","220","298","C4020958"
"27019","2","3","12","76","153","40","38","54","75","C4020958"
"3373","2","3","5","80","51","342","454","573","492","C4020958"
"3918","2","5","7","53","51","342","454","573","492","C4020958"
"6655","2","5","7","60","54","24","30","46","72","C4020958"
"3043","2","5","7","34","52","216","395","549","116","C4020958"
"176","2","5","7","53","51","342","454","573","492","C4020958"
"2677","2","5","7","53","51","342","454","573","492","C4020958"
"7737","2","3","12","22","33","268","434","468","213","C4020958"
"8626","2","3","3","19","221","321","428","541","667","C4020958"
"4593","2","5","7","53","14","20","454","573","492","C4020958"
"3592","2","5","7","53","51","119","25","489","416","C4020959"
"7018","2","5","7","53","51","342","454","573","669","C4020959"
"2658","2","5","7","53","51","342","259","423","389","C4020960"
"6748","2","3","2","110","85","237","433","547","671","C4020960"
"88","2","5","7","53","45","23","103","464","702","C4020960"
"2110","2","3","2","48","170","50","119","444","556","C4020960"
"9451","2","3","2","110","51","335","226","297","380","C4020960"
"28982","2","3","5","25","44","165","101","274","358","C4020961"
"5828","2","3","5","43","161","305","409","208","482","C4020961"
"8314","2","3","12","41","31","1","426","55","78","C4020961"
"2697","2","3","7","76","153","40","38","54","75","C4020962"
"2317","2","5","7","63","45","23","103","287","664","C4020962"
"1908","2","5","4","68","96","326","427","548","672","C4020962"
"5604","2","5","7","53","14","20","34","540","68","C4020962"
"6690","2","5","7","68","51","119","395","549","674","C4020962"
"1080","2","3","12","41","219","339","156","544","669","C4020962"
"462","2","5","7","53","51","342","454","573","492","C4020962"
"1956","2","5","7","53","14","184","45","544","669","C4020962"
"4893","2","5","7","34","52","24","30","46","72","C4020962"
"9321","2","3","12","76","153","40","38","54","203","C4020962"
"7290","2","3","12","19","31","1","426","55","78","C4020962"
"1280","2","5","7","53","51","342","454","573","492","C4020962"
"2626","2","3","12","19","31","118","155","287","116","C4020962"
"846","2","5","4","68","96","326","427","548","672","C4020962"
"4864","2","3","5","48","152","184","341","544","669","C4020962"
"5925","2","3","12","19","31","1","426","55","78","C4020962"
"5048","2","3","12","76","153","40","38","54","75","C4020962"
"6340","2","5","8","63","45","23","34","464","187","C4020962"
"6605","2","3","12","19","31","1","426","55","78","C4020963"
"19","2","3","3","19","151","276","91","433","118","C4020963"
"6891","2","3","12","41","116","119","156","568","116","C4020966"
"1536","2","5","7","34","52","216","395","549","674","C4020966"
"200879","2","3","5","116","183","295","398","552","622","C4020966"
"4952","2","3","5","60","54","184","30","544","669","C4020966"
"5781","2","5","7","53","14","20","25","40","186","C4020966"
"51119","2","3","2","110","85","237","433","547","671","C4020968"
"4041","2","5","3","68","221","197","259","560","422","C4020968"
"4359","2","5","7","53","51","342","454","573","492","C4020968"
"23729","2","3","2","90","167","148","36","51","383","C4020969"
"338","2","5","7","53","51","342","454","573","492","C4020969"
"6390","2","3","2","48","170","50","119","444","556","C4020969"
"2952","2","3","5","91","175","271","372","471","586","C4020969"
"1736","2","3","2","110","85","237","433","547","671","C4020969"
"8626","2","3","3","19","221","321","428","541","667","C4020969"
"8626","2","3","3","19","221","321","428","541","667","C4020969"
"5885","2","3","12","76","153","40","38","54","75","C4020969"
"2261","2","5","7","53","14","20","25","40","186","C4020969"
"3105","2","5","7","53","51","119","156","287","116","C4020969"
"773","2","5","8","27","36","166","341","223","628","C4021020"
"7840","2","3","12","76","153","40","38","54","75","C4021020"
"7169","2","5","8","63","45","23","103","464","187","C4021020"
"9775","2","3","2","22","33","323","66","101","136","C4021020"
"4629","2","5","8","63","45","23","103","464","187","C4021020"
"7480","2","5","3","68","221","197","259","560","422","C4021020"
"4668","2","3","5","21","111","188","242","313","396","C4021028"
"401","2","3","3","19","221","321","428","541","667","C4021028"
"6756","2","3","12","19","31","1","426","55","78","C4021029"
"2623","2","3","12","19","31","1","155","287","116","C4021029"
"23322","2","3","12","76","153","40","38","54","75","C4021038"
"10483","2","3","7","60","54","24","30","46","72","C4021038"
"658","2","5","7","53","51","342","259","423","389","C4021038"
"435","2","3","8","84","97","167","210","278","360","C4021038"
"847","2","3","7","34","52","216","395","549","674","C4021082"
"54714","2","5","8","63","36","166","106","110","158","C4021082"
"1410","2","3","12","63","45","23","38","54","187","C4021082"
"54463","2","3","2","48","57","110","141","359","462","C4021084"
"5595","2","3","7","53","14","20","34","540","68","C4021084"
"2317","2","5","7","63","45","23","103","287","664","C4021084"
"775","2","5","8","63","36","166","341","223","158","C4021095"
"1497","2","5","2","63","182","50","103","297","628","C4021095"
"5631","2","3","2","72","119","109","266","336","452","C4021095"
"8871","2","3","5","80","14","184","341","544","669","C4021097"
"5193","2","3","5","43","161","305","409","208","482","C4021097"
"9499","2","5","7","53","51","23","103","464","187","C4021100"
"3845","2","5","7","60","54","24","30","46","72","C4021100"
"3014","2","3","12","19","31","1","426","55","78","C4021100"
"9786","2","3","12","76","153","40","38","54","75","C4021100"
"8139","2","3","12","41","116","268","434","468","213","C4021107"
"6121","2","3","2","69","83","101","126","170","224","C4021107"
"5076","2","3","3","19","221","321","428","541","667","C4021107"
"3251","2","3","4","68","96","326","427","341","150","C4021107"
"3827","2","5","4","68","96","326","427","548","672","C4021107"
"7053","2","3","6","11","142","225","142","220","298","C4021107"
"3119","2","5","7","53","153","119","156","287","116","C4021107"
"10617","2","3","12","48","57","110","141","359","462","C4021107"
"6197","2","3","12","19","14","20","34","540","68","C4021107"
"796","2","5","4","68","96","326","427","548","672","C4021107"
"6218","2","3","2","110","85","237","433","547","671","C4021107"
"7124","2","3","12","41","219","339","156","568","697","C4021107"
"2673","2","3","2","110","94","178","226","297","380","C4021107"
"7248","2","3","2","48","57","110","141","359","462","C4021107"
"26227","2","3","2","41","137","44","208","81","108","C4021107"
"54982","2","3","2","48","170","50","399","167","593","C4021107"
"1187","2","5","8","63","45","23","34","464","187","C4021107"
"25942","2","3","12","19","31","1","426","55","78","C4021107"
"4210","2","3","12","41","219","339","156","568","697","C4021107"
"4292","2","3","12","19","31","261","116","1","86","C4021107"
"1723","2","3","2","48","170","50","119","444","556","C4021107"
"5601","2","3","12","19","14","20","34","540","68","C4021107"
"26277","2","3","12","19","31","1","426","1","78","C4021109"
"11200","2","3","12","19","31","261","116","1","86","C4021109"
"55650","2","3","2","61","77","142","176","235","557","C4021109"
"6648","2","3","2","95","151","160","378","173","229","C4021124"
"26012","2","3","12","19","31","261","116","159","211","C4021124"
"8481","2","3","12","76","153","40","38","54","75","C4021124"
"3981","2","3","12","19","31","261","116","1","86","C4021124"
"1161","2","3","12","41","116","268","434","468","213","C4021124"
"9184","2","3","12","76","153","40","38","54","75","C4021152"
"1277","2","5","7","53","51","342","454","573","492","C4021152"
"1545","2","3","5","91","175","271","372","443","558","C4021152"
"4157","2","5","4","68","96","326","427","548","672","C4021152"
"2554","2","5","8","27","70","99","162","216","290","C4021154"
"51422","2","3","2","48","57","110","141","359","462","C4021154"
"7547","2","3","3","19","221","321","428","541","667","C4021161"
"9394","2","3","2","74","58","112","148","193","263","C4021161"
"4508","2","3","2","48","170","50","119","444","556","C4021164"
"4322","2","5","7","53","51","342","454","573","492","C4021164"
"26235","2","3","12","41","116","268","434","468","213","C4021164"
"1066","2","3","5","80","130","114","290","367","623","C4021167"
"6736","2","3","12","19","31","276","91","433","667","C4021167"
"2778","2","5","4","68","96","326","427","548","672","C4021168"
"10161","2","5","4","68","96","326","427","548","672","C4021168"
"51741","2","3","2","22","33","323","66","101","127","C4021175"
"6346","2","5","4","68","96","326","427","548","672","C4021175"
"545","2","3","12","19","31","261","116","1","86","C4021175"
"831","2","5","7","53","51","342","454","573","492","C4021241"
"6578","2","3","5","35","41","77","40","57","80","C4021241"
"1499","2","3","12","19","221","197","259","560","422","C4021241"
"23411","2","3","12","19","31","1","91","433","118","C4021242"
"2261","2","5","7","53","14","20","25","40","186","C4021242"
"1829","2","1","6","11","142","225","142","220","298","C4021242"
"10564","2","5","7","60","54","24","30","46","72","C4021242"
"4519","2","3","2","48","170","50","119","508","312","C4021242"
"53630","2","3","5","91","51","342","454","573","492","C4021242"
"51360","2","3","3","26","35","276","91","433","203","C4021242"
"59067","2","5","7","53","51","119","25","40","186","C4021242"
"3123","2","5","7","53","51","119","156","287","116","C4021242"
"5015","2","3","3","19","221","321","428","541","667","C4021242"
"7809","2","5","8","63","45","23","34","464","187","C4021242"
"79728","2","3","12","19","31","261","116","1","86","C4021242"
"411","2","3","7","34","52","216","395","549","674","C4021242"
"1288","2","5","7","53","51","342","454","573","492","C4021242"
"1513","2","5","7","53","51","342","454","573","492","C4021242"
"2263","2","5","7","53","14","20","25","40","186","C4021242"
"9896","2","3","5","80","81","296","399","201","274","C4021242"
"4137","2","3","7","27","36","150","341","223","628","C4021242"
"1278","2","5","7","53","51","342","454","573","492","C4021242"
"5744","2","5","4","68","96","326","427","548","672","C4021242"
"8557","2","5","8","63","45","23","103","464","187","C4021242"
"1848","2","3","5","42","81","296","399","201","274","C4021242"
"2100","2","3","3","19","151","276","91","433","118","C4021243"
"2218","2","5","2","53","123","194","255","560","373","C4021243"
"6609","2","3","5","105","155","250","291","152","420","C4021244"
"9820","2","3","12","41","116","268","434","468","213","C4021244"
"7450","2","5","7","53","51","342","454","573","492","C4021249"
"1297","2","5","7","53","51","342","454","573","492","C4021249"
"9343","2","3","2","22","33","323","66","101","136","C4021249"
"5144","2","3","4","68","96","326","427","548","672","C4021249"
"2812","2","5","7","53","51","342","454","573","492","C4021249"
"6197","2","3","12","19","14","20","34","540","68","C4021249"
"7879","2","5","7","34","54","24","30","46","72","C4021250"
"1717","2","3","2","19","151","276","48","69","204","C4021250"
"2328","2","3","5","91","214","226","326","413","530","C4021254"
"2317","2","5","7","63","45","23","103","287","664","C4021254"
"2192","2","5","7","53","51","342","454","573","492","C4021254"
"7020","2","3","12","19","31","276","91","433","664","C4021254"
"2006","2","5","7","53","51","342","454","573","492","C4021254"
"7461","2","3","7","60","153","40","38","93","75","C4021254"
"4297","2","3","12","19","31","1","426","55","78","C4021254"
"358","2","3","5","80","81","166","397","374","486","C4021254"
"1026","2","3","12","19","31","1","116","489","416","C4021254"
"3426","2","5","7","53","51","119","395","549","674","C4021254"
"1778","2","3","7","76","153","40","38","54","75","C4021254"
"4715","2","3","2","48","170","50","119","444","556","C4021260"
"5885","2","3","12","76","153","40","38","54","75","C4021260"
"22","2","3","2","48","170","279","423","274","154","C4021262"
"930","2","5","7","53","14","119","25","40","186","C4021262"
"2074","2","3","12","19","31","1","426","55","78","C4021262"
"8799","2","3","5","43","161","305","409","208","482","C4021326"
"2731","2","3","2","106","104","214","234","67","53","C4021326"
"7314","2","3","12","41","219","261","409","208","482","C4021335"
"2200","2","5","7","53","51","342","454","573","492","C4021335"
"2799","2","3","7","34","52","216","395","549","33","C4021343"
"2040","2","5","7","34","52","216","395","549","674","C4021343"
"2936","2","3","2","48","57","110","141","359","229","C4021343"
"7015","2","3","12","19","31","1","426","55","78","C4021343"
"2706","2","3","12","76","153","40","38","54","75","C4021343"
"3663","2","3","12","53","184","119","156","287","116","C4021343"
"538","2","3","8","63","45","23","103","464","187","C4021343"
"26137","2","5","7","63","45","184","103","572","658","C4021343"
"50964","2","5","3","68","221","197","259","423","422","C4021360"
"1001","2","5","7","53","51","335","444","560","373","C4021360"
"617","2","3","2","48","170","50","304","167","593","C4021365"
"5894","2","5","7","60","54","23","34","464","187","C4021365"
"5621","2","5","8","27","36","342","454","573","628","C4021371"
"5626","2","3","3","19","221","321","428","541","667","C4021371"
"8139","2","3","12","41","116","268","434","468","213","C4021371"
"4358","2","3","5","43","161","305","409","208","482","C4021371"
"5829","2","5","7","53","14","20","25","40","701","C4021371"
"26503","2","3","2","89","124","204","272","347","442","C4021371"
"54463","2","3","2","48","57","110","141","359","462","C4021377"
"22953","2","5","8","63","45","23","306","390","158","C4021377"
"10058","2","3","5","44","50","209","68","11","141","C4021377"
"2668","2","5","7","53","14","20","25","40","186","C4021385"
"1811","2","5","8","35","41","199","40","415","666","C4021385"
"6239","2","3","12","19","119","330","214","454","144","C4021385"
"5317","2","5","7","34","52","216","142","220","298","C4021386"
"4487","2","3","3","19","221","321","428","541","667","C4021386"
"10806","2","3","12","76","153","40","38","54","75","C4021386"
"58","2","5","8","63","45","23","103","464","187","C4021386"
"29851","2","5","7","53","14","20","25","40","186","C4021386"
"2538","2","3","5","90","216","333","438","561","689","C4021386"
"54977","2","3","2","110","85","118","155","287","116","C4021390"
"6948","2","5","7","48","51","105","139","186","245","C4021390"
"2879","2","3","5","80","81","166","378","173","229","C4021390"
"3912","2","5","7","53","51","342","454","573","492","C4021390"
"1292","2","5","7","53","51","342","454","573","492","C4021390"
"8822","2","5","7","53","14","20","25","40","186","C4021391"
"6311","2","3","2","22","33","323","66","362","468","C4021391"
"3861","2","1","6","11","142","225","142","220","298","C4021395"
"6007","2","3","2","69","83","101","126","487","116","C4021395"
"2317","2","5","7","63","45","23","103","287","664","C4021395"
"4204","2","3","12","19","31","1","426","55","78","C4021395"
"25861","2","5","7","42","36","71","177","223","219","C4021395"
"65266","2","5","8","63","45","23","34","464","187","C4021395"
"6513","2","5","7","90","216","337","448","565","562","C4021395"
"7026","2","3","3","19","151","276","91","433","118","C4021395"
"28982","2","3","5","25","44","165","101","274","358","C4021395"
"1490","2","5","7","53","51","342","454","573","492","C4021395"
"2187","2","3","12","19","31","261","116","1","86","C4021398"
"5073","2","3","2","110","85","323","433","146","194","C4021398"
"10381","2","3","12","76","153","40","38","54","75","C4021398"
"1440","2","5","7","53","51","119","25","489","416","C4021418"
"8622","2","3","4","68","96","326","427","548","672","C4021418"
"6925","2","3","12","19","31","225","142","220","298","C4021418"
"3257","2","5","7","60","54","24","30","46","72","C4021427"
"2316","2","5","7","53","51","342","454","573","702","C4021427"
"1075","2","5","7","34","52","216","395","549","674","C4021435"
"291","2","3","2","48","170","50","304","167","593","C4021435"
"4683","2","3","12","19","31","261","116","1","86","C4021465"
"5921","2","5","7","60","14","24","25","40","215","C4021465"
"5189","2","3","5","43","161","305","409","208","482","C4021515"
"3098","2","3","2","90","167","266","367","500","577","C4021515"
"1959","2","3","3","19","151","276","91","433","118","C4021524"
"215","2","3","5","47","144","185","238","310","392","C4021524"
"5277","2","3","2","61","77","142","176","235","317","C4021524"
"4000","2","3","12","26","105","178","226","297","156","C4021525"
"478","2","3","8","63","45","23","366","464","187","C4021525"
"4609","2","3","12","19","31","1","160","107","416","C4021525"
"5447","2","3","5","91","214","271","372","471","586","C4021527"
"3630","2","5","7","53","14","20","25","40","186","C4021527"
"4322","2","5","7","53","51","342","454","573","492","C4021527"
"8517","2","3","12","41","219","339","156","568","697","C4021527"
"4313","2","5","7","53","51","342","454","573","492","C4021527"
"9966","2","5","12","41","219","339","156","568","697","C4021527"
"23095","2","3","7","76","153","40","38","54","75","C4021528"
"2799","2","3","7","34","52","216","395","549","33","C4021528"
"1723","2","3","2","48","170","50","119","444","556","C4021533"
"51601","2","3","2","67","92","293","55","75","311","C4021533"
"3481","2","5","7","53","51","342","454","573","492","C4021533"
"55572","2","3","2","48","170","50","119","444","556","C4021533"
"1261","2","5","8","63","36","166","106","110","158","C4021533"
"10225","2","5","7","53","51","119","395","549","674","C4021541"
"2239","2","3","2","74","51","342","454","573","492","C4021541"
"23534","2","3","2","22","33","323","66","101","136","C4021541"
"2314","2","3","12","63","45","184","103","572","658","C4021541"
"151","2","5","4","68","96","326","427","548","672","C4021545"
"5498","2","3","5","80","81","166","132","175","473","C4021545"
"29954","2","5","2","27","206","324","430","215","290","C4021545"
"55112","2","3","12","76","153","40","38","54","75","C4021546"
"11113","2","5","7","53","14","20","34","540","68","C4021546"
"3730","2","5","7","53","14","20","25","40","186","C4021546"
"10225","2","5","7","53","51","119","395","549","674","C4021546"
"8626","2","3","3","19","221","321","428","541","667","C4021546"
"5594","2","5","7","34","14","20","34","540","274","C4021546"
"6899","2","5","7","53","184","335","259","560","373","C4021546"
"8504","2","3","5","47","144","185","238","310","392","C4021546"
"415","2","3","5","105","155","250","291","152","420","C4021546"
"5034","2","5","7","53","51","342","454","573","492","C4021546"
"26123","2","3","2","76","153","40","38","54","75","C4021546"
"1130","2","5","7","60","54","326","141","359","462","C4021546"
"6347","2","5","7","53","51","119","427","489","416","C4021546"
"50964","2","5","3","68","221","197","259","423","422","C4021546"
"1586","2","3","5","79","98","256","335","425","540","C4021546"
"25836","2","3","12","76","153","40","38","54","75","C4021546"
"213","2","5","7","53","51","342","454","573","492","C4021546"
"4921","2","5","7","53","14","20","25","573","186","C4021546"
"9126","2","3","12","76","153","40","38","54","75","C4021546"
"1280","2","5","7","53","51","342","454","573","492","C4021546"
"51259","2","3","2","76","153","40","38","54","75","C4021550"
"7291","2","3","12","19","151","276","91","489","416","C4021550"
"5173","2","5","4","68","96","326","427","548","672","C4021550"
"7051","2","1","6","11","142","225","142","220","298","C4021550"
"488","2","5","8","63","45","23","103","464","187","C4021550"
"9394","2","3","2","74","58","112","148","193","263","C4021550"
"4166","2","3","2","89","60","99","7","211","217","C4021550"
"5274","2","5","7","68","51","342","454","573","492","C4021550"
"2317","2","5","7","63","45","23","103","287","664","C4021550"
"1312","2","3","2","87","79","105","426","129","25","C4021550"
"51594","2","3","7","76","153","40","38","54","75","C4021550"
"1139","2","5","8","27","70","99","162","216","290","C4021550"
"1836","2","3","2","35","41","94","260","330","375","C4021550"
"735","2","5","7","53","51","119","395","549","674","C4021550"
"6885","2","3","12","41","219","339","156","568","697","C4021550"
"2261","2","5","7","53","14","20","25","40","186","C4021551"
"7737","2","3","12","22","33","268","434","468","213","C4021551"
"7084","2","3","2","72","109","115","62","268","353","C4021551"
"867","2","5","7","53","14","184","25","40","669","C4021551"
"9569","2","3","12","19","31","276","91","433","118","C4021551"
"1593","2","3","5","79","152","273","157","333","277","C4021551"
"641","2","3","12","19","31","261","116","1","86","C4021551"
"847","2","3","7","34","52","216","395","549","674","C4021551"
"6678","2","5","7","53","51","342","454","573","492","C4021551"
"2736","2","3","12","41","116","321","428","54","667","C4021551"
"1756","2","5","8","63","45","23","103","464","187","C4021551"
"5971","2","3","12","41","219","339","156","568","621","C4021551"
"3479","2","5","7","53","51","342","454","573","492","C4021551"
"4233","2","5","7","53","14","20","25","40","186","C4021551"
"3060","2","5","4","68","96","326","427","548","672","C4021551"
"51010","2","3","2","110","85","237","433","547","671","C4021551"
"6234","2","3","2","110","85","237","433","547","671","C4021551"
"2316","2","5","7","53","51","342","454","573","702","C4021551"
"7421","2","3","3","19","151","276","91","433","118","C4021551"
"3481","2","5","7","53","51","342","454","573","492","C4021551"
"7169","2","5","8","63","45","23","103","464","187","C4021551"
"5159","2","5","7","53","14","20","25","40","186","C4021551"
"7018","2","5","7","53","51","342","454","573","669","C4021553"
"183","2","5","4","68","96","326","427","548","672","C4021553"
"4041","2","5","3","68","221","197","259","560","422","C4021553"
"5216","2","5","7","76","153","342","38","54","702","C4021553"
"5096","2","3","2","48","40","130","166","127","173","C4021553"
"9915","2","3","3","27","151","276","91","433","118","C4021553"
"7415","2","3","7","34","52","216","395","536","445","C4021553"
"1161","2","3","12","41","116","268","434","468","213","C4021559"
"9037","2","5","7","53","51","342","454","560","492","C4021559"
"5961","2","5","7","27","51","326","126","414","702","C4021560"
"6495","2","3","3","19","221","321","428","541","667","C4021560"
"6658","2","3","12","19","221","321","428","541","667","C4021560"
"3815","2","5","7","53","14","20","25","40","186","C4021564"
"27086","2","3","12","19","221","321","428","541","667","C4021564"
"10262","2","3","2","22","33","323","66","101","136","C4021564"
"10269","2","3","2","48","182","50","119","444","556","C4021565"
"6775","2","5","7","53","14","119","25","40","186","C4021565"
"3572","2","5","7","53","51","119","25","40","186","C4021565"
"5146","2","3","5","86","72","258","318","403","518","C4021568"
"6736","2","3","12","19","31","276","91","433","667","C4021568"
"9132","2","5","8","63","36","166","106","110","158","C4021569"
"6329","2","5","8","63","36","166","341","390","158","C4021569"
"1557","2","3","5","91","214","271","372","479","12","C4021569"
"3107","2","5","7","34","52","119","395","549","674","C4021569"
"1594","2","3","5","92","163","96","363","460","487","C4021569"
"9085","2","3","12","19","31","1","426","55","78","C4021569"
"4915","2","5","7","53","14","20","25","40","186","C4021569"
"3561","2","5","7","53","14","20","25","40","186","C4021569"
"6016","2","5","7","60","54","24","30","46","72","C4021569"
"6833","2","5","8","45","36","166","240","415","666","C4021570"
"641","2","3","12","19","31","261","116","1","86","C4021570"
"4001","2","3","12","76","31","40","38","54","75","C4021570"
"8891","2","3","2","110","85","237","433","547","671","C4021570"
"54101","2","3","2","48","170","50","347","167","593","C4021570"
"291","2","3","2","48","170","50","304","167","593","C4021570"
"2898","2","5","8","63","36","71","106","223","219","C4021578"
"4843","2","3","5","43","161","305","409","489","416","C4021578"
"4595","2","3","12","19","31","261","116","1","86","C4021581"
"4723","2","3","2","48","170","50","119","444","556","C4021581"
"1356","2","3","7","53","51","342","454","573","492","C4021584"
"5376","2","5","7","53","51","342","454","573","492","C4021584"
"6101","2","5","7","60","116","268","434","468","215","C4021584"
"4646","2","3","12","41","45","184","103","572","658","C4021584"
"4926","2","3","12","76","153","40","38","54","75","C4021584"
"1723","2","3","2","48","170","50","119","444","556","C4021584"
"91147","2","3","12","76","153","40","38","54","75","C4021584"
"7227","2","3","12","19","31","276","91","433","118","C4021584"
"2182","2","3","2","67","92","265","284","147","235","C4021585"
"5972","2","5","5","34","52","216","397","418","568","C4021585"
"1030","2","3","12","19","31","1","426","55","78","C4021592"
"1938","2","3","7","34","52","216","395","549","671","C4021592"
"8425","2","5","7","53","51","342","454","573","492","C4021592"
"2767","2","5","4","68","96","326","427","548","672","C4021592"
"2706","2","3","12","76","153","40","38","54","75","C4021592"
"7098","2","5","7","41","219","339","156","568","697","C4021606"
"5313","2","3","2","90","167","321","428","541","115","C4021606"
"6785","2","3","5","67","7","5","239","311","393","C4021606"
"5422","2","3","12","19","31","261","116","1","86","C4021606"
"2131","2","3","2","74","58","112","148","181","416","C4021607"
"4669","2","3","5","80","81","166","454","453","492","C4021607"
"3756","2","5","8","63","36","166","106","110","158","C4021626"
"1277","2","5","7","53","51","342","454","573","492","C4021626"
"9657","2","3","12","76","153","40","38","54","75","C4021626"
"2317","2","5","7","63","45","23","103","287","664","C4021626"
"4688","2","5","7","60","14","20","25","40","215","C4021626"
"5657","2","5","7","34","52","216","395","549","674","C4021626"
"4594","2","3","7","48","92","261","116","186","245","C4021627"
"1828","2","5","7","34","52","216","142","220","298","C4021627"
"23384","2","3","12","63","45","184","103","572","658","C4021627"
"1460","2","3","7","34","52","216","395","488","102","C4021629"
"6443","2","5","8","63","45","23","103","464","187","C4021629"
"4952","2","3","5","60","54","184","30","544","669","C4021630"
"3483","2","5","7","53","51","342","454","573","492","C4021630"
"23236","2","3","4","68","96","326","427","548","672","C4021630"
"51057","2","3","12","76","153","40","38","54","75","C4021630"
"8312","2","3","12","41","219","339","156","568","605","C4021630"
"29954","2","5","2","27","206","324","430","215","290","C4021631"
"7248","2","3","2","48","57","110","141","359","462","C4021631"
"30008","2","5","7","53","51","342","454","573","492","C4021632"
"2629","2","3","5","80","81","250","291","152","420","C4021632"
"4005","2","3","12","19","31","1","426","55","78","C4021633"
"9652","2","3","2","110","85","237","433","547","671","C4021633"
"5080","2","3","3","19","221","321","428","541","667","C4021633"
"958","2","5","7","53","51","119","156","568","697","C4021634"
"7020","2","3","12","19","31","276","91","433","664","C4021634"
"9509","2","5","7","53","51","342","454","573","492","C4021634"
"2657","2","5","7","53","51","342","259","423","389","C4021634"
"11186","2","5","7","60","54","24","30","46","72","C4021636"
"4261","2","3","12","53","184","119","156","287","116","C4021636"
"4221","2","3","12","19","31","342","454","573","492","C4021637"
"8600","2","5","7","41","219","339","156","568","697","C4021637"
"4976","2","3","2","48","170","50","119","444","556","C4021638"
"6310","2","3","12","22","142","225","366","362","468","C4021638"
"25978","2","3","2","48","57","110","141","359","462","C4021638"
"5832","2","3","2","101","62","189","182","509","252","C4021642"
"2263","2","5","7","53","14","20","25","40","186","C4021642"
"6812","2","5","7","27","36","150","341","223","628","C4021642"
"6495","2","3","3","19","221","321","428","541","667","C4021643"
"5336","2","3","7","53","14","20","25","40","215","C4021643"
"64220","2","3","2","69","83","101","126","170","224","C4021643"
"268","2","5","7","53","51","342","259","423","389","C4021646"
"4261","2","3","12","53","184","119","156","287","116","C4021646"
"2290","2","3","3","19","221","321","428","541","667","C4021649"
"3064","2","3","12","48","170","50","444","91","439","C4021649"
"185","2","5","4","68","96","326","427","548","672","C4021651"
"4629","2","5","8","63","45","23","103","464","187","C4021651"
"10225","2","5","7","53","51","119","395","549","674","C4021654"
"116461","2","3","12","22","33","323","66","101","664","C4021654"
"338","2","5","7","53","51","342","454","573","492","C4021654"
"4990","2","3","3","19","221","321","428","541","667","C4021654"
"1390","2","3","12","19","151","276","91","433","118","C4021656"
"11234","2","3","5","60","18","184","341","544","669","C4021656"
"85358","2","5","7","60","14","71","341","223","219","C4021656"
"5979","2","5","7","53","14","20","25","40","186","C4021656"
"4137","2","3","7","27","36","150","341","223","628","C4021656"
"26119","2","5","7","60","14","184","341","544","669","C4021656"
"8450","2","3","12","41","116","268","434","468","213","C4021657"
"5982","2","3","12","19","31","261","116","1","86","C4021657"
"949","2","5","5","45","94","199","240","415","666","C4021657"
"652","2","5","7","53","51","342","454","573","492","C4021657"
"55636","2","3","3","19","221","321","428","423","389","C4021657"
"4867","2","5","7","76","153","40","38","54","75","C4021664"
"4771","2","5","7","60","36","71","177","64","215","C4021664"
"3257","2","5","7","60","54","24","30","46","72","C4021664"
"55630","2","3","5","27","81","99","162","216","290","C4021664"
"23345","2","3","12","19","31","1","426","55","78","C4021664"
"3872","2","1","6","11","142","225","142","220","298","C4021664"
"4141","2","3","2","110","85","237","433","547","154","C4021664"
"83715","2","5","12","60","14","184","103","489","117","C4021664"
"699","2","3","12","76","153","40","38","54","75","C4021664"
"6658","2","3","12","19","221","321","428","541","667","C4021664"
"5654","2","5","7","53","51","342","454","573","492","C4021695"
"6736","2","3","12","19","31","276","91","433","667","C4021695"
"596","2","3","12","19","219","339","402","489","416","C4021723"
"1103","2","3","2","67","92","293","55","75","311","C4021723"
"411","2","3","7","34","52","216","395","549","674","C4021723"
"1499","2","3","12","19","221","197","259","560","422","C4021724"
"2956","2","3","12","19","31","261","116","1","86","C4021724"
"5830","2","3","5","43","161","305","409","208","482","C4021724"
"79001","2","5","2","48","52","342","240","569","666","C4021724"
"547","2","3","7","76","153","40","38","54","75","C4021724"
"5745","2","5","4","68","96","326","427","548","672","C4021724"
"3081","2","3","2","91","51","3","267","308","429","C4021724"
"843","2","3","12","41","219","339","156","568","697","C4021724"
"3123","2","5","7","53","51","119","156","287","116","C4021724"
"2548","2","3","7","34","52","216","395","549","674","C4021724"
"2247","2","5","7","53","14","20","25","40","186","C4021726"
"3295","2","3","5","43","161","305","409","208","482","C4021726"
"207","2","3","7","53","14","20","34","489","416","C4021726"
"1066","2","3","5","80","130","114","290","367","623","C4021726"
"1364","2","5","6","42","36","71","177","64","219","C4021726"
"1107","2","3","12","19","31","1","426","55","78","C4021726"
"1584","2","3","5","79","159","256","276","353","456","C4021726"
"1896","2","5","12","41","219","339","156","568","697","C4021726"
"10087","2","3","7","50","47","39","100","321","255","C4021726"
"6392","2","3","2","48","170","50","119","444","556","C4021726"
"1837","2","5","8","63","45","23","103","464","187","C4021726"
"1543","2","3","5","91","151","276","91","433","118","C4021726"
"2263","2","5","7","53","14","20","25","40","186","C4021726"
"3291","2","3","2","69","83","101","94","133","318","C4021726"
"3248","2","3","2","69","83","133","167","224","301","C4021726"
"3309","2","3","12","41","219","342","347","271","702","C4021726"
"1021","2","3","12","19","31","1","426","55","78","C4021726"
"5157","2","5","7","80","81","342","367","500","577","C4021726"
"6444","2","5","8","63","45","23","103","464","187","C4021726"
"23451","2","3","2","22","33","323","66","101","136","C4021726"
"7476","2","5","3","68","221","197","259","560","422","C4021726"
"942","2","5","7","53","51","119","25","40","186","C4021726"
"11081","2","3","2","89","60","342","430","429","544","C4021727"
"6342","2","3","5","80","161","305","409","208","482","C4021727"
"4583","2","3","3","89","206","324","430","429","544","C4021727"
"3043","2","5","7","34","52","216","395","549","116","C4021727"
"5328","2","5","7","34","52","216","395","549","674","C4021727"
"1053","2","3","12","19","31","276","91","433","118","C4021727"
"5621","2","5","8","27","36","342","454","573","628","C4021727"
"2516","2","3","3","19","151","276","91","433","118","C4021727"
"3048","2","3","12","19","31","118","155","287","116","C4021727"
"7287","2","5","7","11","142","71","341","560","219","C4021727"
"7456","2","5","7","60","14","20","25","40","215","C4021727"
"2492","2","5","4","68","96","326","427","548","672","C4021727"
"5728","2","3","5","80","81","339","156","568","605","C4021727"
"6866","2","5","4","68","96","326","427","548","672","C4021727"
"585","2","3","12","76","153","40","38","54","75","C4021727"
"23064","2","3","6","11","31","261","142","220","664","C4021727"
"11186","2","5","7","60","54","24","30","46","72","C4021728"
"7436","2","5","7","53","51","342","341","544","669","C4021728"
"10585","2","5","2","27","206","324","430","215","290","C4021728"
"208","2","5","7","53","14","20","34","540","68","C4021728"
"3265","2","5","7","60","54","24","30","46","72","C4021729"
"1859","2","3","7","53","14","20","34","540","68","C4021729"
"23426","2","5","7","42","36","71","177","223","219","C4021730"
"25978","2","3","2","48","57","110","141","359","462","C4021730"
"3575","2","5","7","53","51","184","341","544","669","C4021730"
"1293","2","5","7","53","51","342","454","573","492","C4021730"
"5828","2","3","5","43","161","305","409","208","482","C4021730"
"2052","2","3","5","91","130","114","290","367","475","C4021730"
"3949","2","5","7","60","14","184","341","544","669","C4021733"
"213","2","5","7","53","51","342","454","573","492","C4021733"
"6736","2","3","12","19","31","276","91","433","667","C4021733"
"6532","2","5","8","45","94","199","240","415","666","C4021734"
"5327","2","5","7","53","51","342","454","573","492","C4021734"
"29899","2","5","4","68","96","326","427","548","672","C4021734"
"1717","2","3","2","19","151","276","48","69","204","C4021734"
"7046","2","3","12","41","219","339","259","423","605","C4021734"
"843","2","3","12","41","219","339","156","568","697","C4021734"
"5739","2","5","4","68","96","326","427","548","672","C4021734"
"84295","2","3","2","110","85","237","426","101","78","C4021734"
"5376","2","5","7","53","51","342","454","573","492","C4021734"
"2200","2","5","7","53","51","342","454","573","492","C4021735"
"6519","2","3","5","45","94","199","240","415","666","C4021735"
"23347","2","3","12","41","116","268","434","468","213","C4021735"
"3082","2","5","7","53","51","342","25","40","186","C4021735"
"1080","2","3","12","41","219","339","156","544","669","C4021735"
"51371","2","3","12","41","116","268","434","568","605","C4021735"
"3586","2","5","7","53","51","119","25","489","416","C4021735"
"8842","2","5","5","53","82","147","184","179","328","C4021735"
"5626","2","3","3","19","221","321","428","541","667","C4021735"
"4000","2","3","12","26","105","178","226","297","156","C4021735"
"4312","2","5","7","53","51","342","454","573","492","C4021735"
"64135","2","3","12","41","219","339","156","568","605","C4021735"
"6391","2","3","2","48","170","50","119","444","556","C4021735"
"3575","2","5","7","53","51","184","341","544","669","C4021735"
"3621","2","3","12","19","31","1","426","55","78","C4021735"
"2703","2","3","12","76","153","40","38","54","75","C4021735"
"6336","2","5","8","63","36","166","341","390","158","C4021736"
"6683","2","3","12","76","153","40","38","54","75","C4021736"
"2623","2","3","12","19","31","1","155","287","116","C4021736"
"2255","2","5","7","53","14","20","25","40","186","C4021736"
"5290","2","3","7","53","14","20","25","40","186","C4021737"
"55670","2","3","5","43","161","305","409","208","482","C4021737"
"6774","2","3","12","53","14","276","25","489","416","C4021737"
"1440","2","5","7","53","51","119","25","489","416","C4021737"
"4524","2","3","2","15","166","104","369","117","583","C4021737"
"158","2","3","4","96","177","61","373","341","142","C4021739"
"8878","2","3","12","41","219","339","156","568","697","C4021739"
"7436","2","5","7","53","51","342","341","544","669","C4021740"
"1186","2","5","8","63","45","23","34","464","187","C4021740"
"317","2","5","7","34","52","216","395","549","674","C4021740"
"540","2","5","8","63","45","23","103","464","187","C4021740"
"3860","2","1","6","11","142","225","142","220","298","C4021740"
"3694","2","5","7","53","51","342","454","573","492","C4021740"
"9180","2","5","7","53","51","119","25","549","416","C4021740"
"8243","2","3","12","76","31","40","38","54","75","C4021740"
"6821","2","3","5","114","211","332","175","556","256","C4021741"
"2304","2","3","12","19","221","321","428","541","667","C4021741"
"7078","2","5","7","53","51","342","454","573","702","C4021741"
"1594","2","3","5","92","163","96","363","460","487","C4021741"
"4179","2","5","7","53","51","119","395","549","674","C4021741"
"7439","2","5","8","63","45","23","34","464","187","C4021741"
"6295","2","3","4","68","45","272","427","518","621","C4021741"
"54","2","3","5","80","81","178","195","256","342","C4021741"
"7476","2","5","3","68","221","197","259","560","422","C4021741"
"51360","2","3","3","26","35","276","91","433","203","C4021741"
"55624","2","3","2","78","123","194","255","215","412","C4021741"
"7468","2","3","12","19","31","1","426","55","78","C4021741"
"3440","2","3","12","19","184","118","155","287","116","C4021741"
"7274","2","3","5","43","161","99","162","216","290","C4021741"
"7299","2","3","5","23","18","138","250","332","407","C4021741"
"5476","2","3","7","34","52","216","395","152","310","C4021741"
"2627","2","3","12","19","31","118","155","287","116","C4021741"
"3339","2","5","7","53","51","342","454","573","492","C4021741"
"23522","2","3","12","19","31","1","426","55","78","C4021741"
"26276","2","3","7","60","81","184","341","66","203","C4021741"
"7994","2","3","12","19","31","1","426","55","78","C4021741"
"7421","2","3","3","19","151","276","91","433","118","C4021741"
"8517","2","3","12","41","219","339","156","568","697","C4021742"
"3110","2","3","3","19","221","321","428","541","667","C4021742"
"7253","2","5","4","68","96","326","427","548","672","C4021742"
"1001","2","5","7","53","51","335","444","560","373","C4021742"
"26608","2","3","2","22","170","50","119","463","153","C4021742"
"9896","2","3","5","80","81","296","399","201","274","C4021742"
"3730","2","5","7","53","14","20","25","40","186","C4021743"
"1499","2","3","12","19","221","197","259","560","422","C4021743"
"4137","2","3","7","27","36","150","341","223","628","C4021744"
"6678","2","5","7","53","51","342","454","573","492","C4021744"
"6165","2","3","2","110","85","237","433","547","671","C4021745"
"10345","2","5","8","63","45","23","34","464","187","C4021745"
"1736","2","3","2","110","85","237","433","547","671","C4021745"
"2799","2","3","7","34","52","216","395","549","33","C4021745"
"3766","2","5","8","63","36","166","106","110","158","C4021745"
"3815","2","5","7","53","14","20","25","40","186","C4021745"
"57096","2","3","12","76","153","40","38","54","75","C4021745"
"6311","2","3","2","22","33","323","66","362","468","C4021745"
"6640","2","5","7","42","36","71","177","223","219","C4021745"
"34","2","3","2","19","151","276","91","433","118","C4021745"
"25782","2","5","7","60","54","24","30","46","72","C4021745"
"27086","2","3","12","19","221","321","428","541","667","C4021745"
"4519","2","3","2","48","170","50","119","508","312","C4021745"
"3558","2","5","7","53","14","20","25","40","186","C4021745"
"10019","2","5","7","53","14","20","25","40","116","C4021745"
"9401","2","3","12","76","31","261","116","1","86","C4021745"
"1967","2","3","2","110","85","237","433","547","671","C4021749"
"3090","2","3","12","19","31","1","426","55","664","C4021749"
"3914","2","5","7","53","51","342","454","573","492","C4021750"
"2779","2","5","4","68","96","326","427","548","672","C4021750"
"2033","2","3","12","19","31","1","91","433","118","C4021750"
"9180","2","5","7","53","51","119","25","549","416","C4021750"
"5172","2","5","8","45","94","199","240","415","666","C4021750"
"26128","2","3","12","76","153","40","38","54","154","C4021750"
"6469","2","5","3","53","221","197","259","560","422","C4021751"
"6736","2","3","12","19","31","276","91","433","667","C4021751"
"3617","2","5","7","86","221","321","454","311","518","C4021751"
"1583","2","3","5","79","152","273","375","100","589","C4021752"
"5156","2","5","7","53","14","20","25","40","186","C4021752"
"3081","2","3","2","91","51","3","267","308","429","C4021752"
"7040","2","5","7","53","51","342","454","573","492","C4021753"
"1593","2","3","5","79","152","273","157","333","277","C4021753"
"4001","2","3","12","76","31","40","38","54","75","C4021753"
"767","2","3","5","35","41","87","93","149","196","C4021753"
"3954","2","3","2","48","170","67","119","444","593","C4021753"
"8777","2","5","7","42","36","71","177","223","219","C4021753"
"5621","2","5","8","27","36","342","454","573","628","C4021753"
"857","2","5","7","53","45","23","57","83","422","C4021753"
"23495","2","3","12","41","219","339","156","568","697","C4021753"
"5081","2","3","3","19","221","321","428","541","667","C4021753"
"11154","2","5","7","60","18","184","341","544","669","C4021753"
"8803","2","3","8","67","92","293","55","75","311","C4021753"
"5828","2","3","5","43","161","305","409","208","482","C4021753"
"2316","2","5","7","53","51","342","454","573","702","C4021753"
"2313","2","3","12","19","31","276","91","433","118","C4021753"
"4137","2","3","7","27","36","150","341","223","628","C4021753"
"1610","2","3","5","80","81","305","409","208","482","C4021753"
"1301","2","5","7","53","51","342","454","573","492","C4021753"
"1789","2","3","12","19","31","1","426","55","78","C4021756"
"54101","2","3","2","48","170","50","347","167","593","C4021756"
"2778","2","5","4","68","96","326","427","548","672","C4021758"
"445","2","3","2","84","97","167","210","278","360","C4021758"
"2189","2","3","12","19","31","261","116","1","86","C4021758"
"673","2","5","7","53","14","20","34","540","68","C4021758"
"2299","2","3","3","19","221","321","428","541","667","C4021758"
"55120","2","3","12","19","31","261","116","1","86","C4021758"
"1311","2","5","7","53","51","342","454","573","492","C4021761"
"368","2","3","12","41","116","268","423","536","445","C4021761"
"4692","2","5","7","53","51","119","402","489","416","C4021761"
"3251","2","3","4","68","96","326","427","341","150","C4021761"
"2006","2","5","7","53","51","342","454","573","492","C4021761"
"5428","2","3","2","48","170","50","119","167","593","C4021761"
"50964","2","5","3","68","221","197","259","423","422","C4021761"
"9401","2","3","12","76","31","261","116","1","86","C4021761"
"28514","2","5","7","53","51","143","428","236","667","C4021761"
"5277","2","3","2","61","77","142","176","235","317","C4021761"
"2691","2","5","4","68","96","326","427","548","672","C4021761"
"54209","2","5","7","53","51","119","395","549","674","C4021762"
"8431","2","3","3","19","151","276","91","433","118","C4021762"
"25","2","3","12","19","14","20","25","287","116","C4021762"
"3418","2","3","2","67","151","276","33","48","155","C4021767"
"716","2","5","7","53","51","119","395","549","674","C4021767"
"1130","2","5","7","60","54","326","141","359","462","C4021770"
"3953","2","5","7","53","14","20","25","40","186","C4021770"
"5189","2","3","5","43","161","305","409","208","482","C4021770"
"3786","2","5","8","63","36","166","106","110","158","C4021771"
"3758","2","5","8","63","36","166","106","110","158","C4021771"
"1543","2","3","5","91","151","276","91","433","118","C4021772"
"2253","2","5","7","53","14","20","25","40","186","C4021772"
"7157","2","3","12","19","31","261","402","489","551","C4021772"
"25836","2","3","12","76","153","40","38","54","75","C4021774"
"25861","2","5","7","42","36","71","177","223","219","C4021774"
"6598","2","3","12","19","31","1","426","55","78","C4021774"
"7432","2","5","4","68","96","326","427","548","672","C4021774"
"7474","2","5","3","68","221","184","259","544","669","C4021775"
"973","2","5","7","53","14","20","25","40","186","C4021775"
"4487","2","3","3","19","221","321","428","541","667","C4021777"
"182","2","5","7","53","51","143","428","236","667","C4021777"
"94","2","5","7","53","51","342","259","423","389","C4021777"
"3033","2","3","2","67","80","145","179","239","618","C4021777"
"3284","2","3","2","69","98","169","299","183","243","C4021777"
"7042","2","5","7","53","51","342","454","573","492","C4021777"
"3912","2","5","7","53","51","342","454","573","492","C4021780"
"2109","2","3","2","48","170","50","119","444","556","C4021780"
"51085","2","3","2","48","57","110","141","359","462","C4021780"
"56606","2","5","7","90","216","337","448","565","562","C4021780"
"2243","2","5","7","53","51","342","454","573","492","C4021780"
"3587","2","5","7","53","51","119","395","549","674","C4021780"
"51259","2","3","2","76","153","40","38","54","75","C4021780"
"242","2","3","5","11","142","223","142","220","298","C4021780"
"182","2","5","7","53","51","143","428","236","667","C4021780"
"2263","2","5","7","53","14","20","25","40","186","C4021780"
"26137","2","5","7","63","45","184","103","572","658","C4021780"
"191","2","3","5","80","81","105","426","129","690","C4021780"
"7399","2","5","7","53","51","342","454","573","492","C4021780"
"10102","2","3","2","48","182","67","76","463","153","C4021780"
"1565","2","3","5","91","214","226","326","413","530","C4021780"
"9244","2","5","7","53","51","119","25","40","416","C4021780"
"8675","2","5","7","60","54","24","98","66","203","C4021780"
"1031","2","3","12","19","31","1","426","55","78","C4021780"
"3178","2","3","2","22","33","323","66","101","136","C4021780"
"6863","2","5","4","68","96","326","427","548","672","C4021780"
"8195","2","3","12","76","153","76","38","54","75","C4021780"
"2706","2","3","12","76","153","40","38","54","75","C4021781"
"51360","2","3","3","26","35","276","91","433","203","C4021781"
"3851","2","3","12","76","153","40","38","54","75","C4021781"
"6845","2","5","7","60","14","184","341","544","669","C4021785"
"5626","2","3","3","19","221","321","428","541","667","C4021785"
"2542","2","3","5","80","81","296","399","500","577","C4021785"
"10512","2","5","3","53","51","342","79","560","373","C4021785"
"10631","2","5","7","53","51","342","454","573","492","C4021785"
"9627","2","3","12","19","31","1","426","55","78","C4021785"
"5015","2","3","3","19","221","321","428","541","667","C4021785"
"3251","2","3","4","68","96","326","427","341","150","C4021785"
"2697","2","3","7","76","153","40","38","54","75","C4021785"
"7169","2","5","8","63","45","23","103","464","187","C4021785"
"5745","2","5","4","68","96","326","427","548","672","C4021785"
"7337","2","3","12","41","116","268","434","468","213","C4021785"
"11005","2","1","6","11","142","225","142","220","298","C4021785"
"6390","2","3","2","48","170","50","119","444","556","C4021785"
"2261","2","5","7","53","14","20","25","40","186","C4021785"
"51293","2","5","7","48","51","105","139","186","245","C4021785"
"55315","2","3","5","80","81","296","62","94","150","C4021785"
"2023","2","3","5","80","81","266","367","500","577","C4021787"
"5727","2","3","12","68","221","197","259","560","422","C4021787"
"3758","2","5","8","63","36","166","106","110","158","C4021787"
"3784","2","5","8","63","36","166","106","110","158","C4021787"
"23630","2","5","8","63","36","166","106","110","158","C4021787"
"7390","2","3","5","80","81","166","132","175","473","C4021789"
"7518","2","3","12","19","31","261","116","1","86","C4021789"
"7490","2","3","3","19","221","321","428","541","667","C4021789"
"50484","2","3","5","80","109","182","235","307","506","C4021789"
"2239","2","3","2","74","51","342","454","573","492","C4021790"
"274","2","5","7","60","14","184","341","544","669","C4021790"
"60482","2","5","8","45","94","199","240","415","666","C4021790"
"4914","2","3","2","22","18","266","202","252","252","C4021790"
"10661","2","3","12","19","31","1","426","55","78","C4021790"
"54714","2","5","8","63","36","166","106","110","158","C4021790"
"4036","2","5","7","60","14","184","341","544","669","C4021790"
"7353","2","3","12","41","219","339","156","568","605","C4021790"
"8803","2","3","8","67","92","293","55","75","311","C4021790"
"7351","2","3","2","20","29","98","123","166","221","C4021790"
"3043","2","5","7","34","52","216","395","549","116","C4021790"
"51360","2","3","3","26","35","276","91","433","203","C4021792"
"2108","2","3","2","48","170","50","119","444","556","C4021792"
"999","2","5","7","53","51","342","444","560","373","C4021792"
"2539","2","3","2","48","57","110","141","359","383","C4021792"
"9419","2","5","7","60","36","71","341","223","219","C4021792"
"5428","2","3","2","48","170","50","119","167","593","C4021792"
"253017","2","3","2","67","92","29","35","49","174","C4021792"
"6473","2","3","3","19","221","321","428","541","667","C4021792"
"2317","2","5","7","63","45","23","103","287","664","C4021792"
"4292","2","3","12","19","31","261","116","1","86","C4021792"
"29925","2","3","2","68","66","123","158","207","278","C4021792"
"4784","2","3","2","22","33","261","116","159","211","C4021792"
"3736","2","5","8","63","36","166","106","110","158","C4021792"
"6016","2","5","7","60","54","24","30","46","72","C4021792"
"6010","2","5","4","68","96","326","427","548","672","C4021796"
"4288","2","3","12","76","153","40","38","54","75","C4021796"
"3549","2","5","3","53","51","197","259","560","422","C4021796"
"6638","2","3","2","22","33","323","66","101","136","C4021796"
"567","2","5","7","34","52","119","395","549","674","C4021797"
"5925","2","3","12","19","31","1","426","55","78","C4021797"
"11128","2","3","2","22","33","261","116","159","211","C4021797"
"5970","2","3","12","19","31","276","91","433","118","C4021797"
"6529","2","5","8","45","94","199","240","415","666","C4021797"
"9150","2","3","12","19","31","261","116","159","211","C4021797"
"5551","2","5","7","53","51","119","395","549","674","C4021797"
"2071","2","3","12","19","31","261","116","159","211","C4021797"
"7040","2","5","7","53","51","342","454","573","492","C4021797"
"4854","2","5","7","53","51","143","428","236","667","C4021797"
"15","2","3","2","11","142","225","142","87","673","C4021797"
"1908","2","5","4","68","96","326","427","548","672","C4021797"
"411","2","3","7","34","52","216","395","549","674","C4021797"
"4893","2","5","7","34","52","24","30","46","72","C4021797"
"6899","2","5","7","53","184","335","259","560","373","C4021797"
"7157","2","3","12","19","31","261","402","489","551","C4021797"
"8989","2","5","8","63","45","193","306","390","158","C4021797"
"71","2","5","7","60","14","184","103","544","669","C4021797"
"5251","2","3","5","80","81","296","474","593","722","C4021797"
"5261","2","5","7","53","14","20","34","540","68","C4021799"
"5940","2","3","2","22","33","323","66","101","136","C4021799"
"2253","2","5","7","53","14","20","25","40","186","C4021799"
"1280","2","5","7","53","51","342","454","573","492","C4021799"
"6103","2","3","12","76","153","40","38","54","75","C4021799"
"2961","2","3","12","19","31","261","116","159","211","C4021799"
"4548","2","3","2","15","85","105","139","186","245","C4021799"
"5771","2","5","7","53","14","296","25","40","186","C4021799"
"2022","2","5","7","53","51","342","259","423","389","C4021800"
"640","2","5","7","53","14","20","25","40","186","C4021800"
"4976","2","3","2","48","170","50","119","444","556","C4021800"
"5631","2","3","2","72","119","109","266","336","452","C4021800"
"9711","2","3","2","48","57","110","141","359","462","C4021800"
"7043","2","5","7","53","51","342","454","573","492","C4021800"
"6683","2","3","12","76","153","40","38","54","75","C4021800"
"6775","2","5","7","53","14","119","25","40","186","C4021800"
"23247","2","3","12","76","153","71","34","540","68","C4021800"
"5932","2","3","12","19","31","261","116","1","86","C4021800"
"1278","2","5","7","53","51","342","454","573","492","C4021800"
"2316","2","5","7","53","51","342","454","573","702","C4021800"
"51021","2","3","2","48","182","67","76","463","153","C4021800"
"847","2","3","7","34","52","216","395","549","674","C4021800"
"9445","2","3","12","19","31","1","426","55","78","C4021800"
"2483","2","3","2","22","33","323","66","101","136","C4021800"
"1501","2","5","7","27","36","150","341","223","628","C4021800"
"7291","2","3","12","19","151","276","91","489","416","C4021800"
"9652","2","3","2","110","85","237","433","547","671","C4021800"
"4000","2","3","12","26","105","178","226","297","156","C4021800"
"25814","2","3","2","48","170","110","119","444","462","C4021800"
"2317","2","5","7","63","45","23","103","287","664","C4021800"
"673","2","5","7","53","14","20","34","540","68","C4021800"
"1769","2","3","12","76","153","40","38","54","75","C4021800"
"2178","2","3","12","19","31","261","116","1","86","C4021800"
"7010","2","5","7","53","14","20","25","40","186","C4021800"
"6833","2","5","8","45","36","166","240","415","666","C4021800"
"658","2","5","7","53","51","342","259","423","389","C4021800"
"23534","2","3","2","22","33","323","66","101","136","C4021800"
"7476","2","5","3","68","221","197","259","560","422","C4021800"
"8200","2","5","7","53","51","342","259","423","389","C4021800"
"7157","2","3","12","19","31","261","402","489","551","C4021801"
"2290","2","3","3","19","221","321","428","541","667","C4021801"
"3728","2","5","7","34","52","225","142","220","298","C4021801"
"6863","2","5","4","68","96","326","427","548","672","C4021801"
"5213","2","3","2","90","167","266","367","500","577","C4021806"
"10907","2","3","2","22","33","323","66","101","136","C4021806"
"8892","2","3","2","110","85","237","433","547","671","C4021806"
"4803","2","5","7","60","54","24","30","46","72","C4021806"
"5122","2","5","4","27","36","184","141","359","411","C4021806"
"1675","2","5","7","34","52","216","395","549","674","C4021808"
"8200","2","5","7","53","51","342","259","423","389","C4021808"
"57817","2","5","7","34","51","342","350","243","561","C4021808"
"9968","2","4","3","24","119","330","214","454","144","C4021808"
"2254","2","5","7","53","14","20","25","40","186","C4021808"
"4929","2","3","3","19","151","276","91","433","118","C4021809"
"3054","2","3","12","19","31","1","426","55","78","C4021809"
"4312","2","5","7","53","51","342","454","573","492","C4021812"
"23322","2","3","12","76","153","40","38","54","75","C4021812"
"6559","2","5","8","45","94","199","240","415","666","C4021813"
"11277","2","3","12","19","31","261","116","1","86","C4021813"
"5624","2","5","7","53","51","342","454","573","492","C4021813"
"4000","2","3","12","26","105","178","226","297","156","C4021813"
"3053","2","5","7","53","51","342","454","573","492","C4021813"
"1737","2","3","2","67","92","293","55","75","311","C4021813"
"4750","2","5","12","76","14","20","34","540","68","C4021813"
"5122","2","5","4","27","36","184","141","359","411","C4021813"
"1487","2","3","12","19","31","1","426","55","340","C4021813"
"25978","2","3","2","48","57","110","141","359","462","C4021813"
"9871","2","3","7","60","153","40","38","54","203","C4021813"
"9451","2","3","2","110","51","335","226","297","380","C4021813"
"595","2","3","12","19","31","1","426","489","416","C4021813"
"8643","2","5","3","68","221","197","259","560","422","C4021813"
"6497","2","5","3","19","221","342","259","423","389","C4021813"
"51741","2","3","2","22","33","323","66","101","127","C4021813"
"6595","2","3","12","19","31","1","426","55","78","C4021813"
"860","2","3","12","19","31","276","91","433","118","C4021813"
"4792","2","3","12","41","219","339","156","568","605","C4021814"
"6794","2","3","12","53","14","20","34","540","68","C4021814"
"1605","2","5","7","53","51","342","454","573","492","C4021814"
"175","2","3","7","34","52","216","395","549","674","C4021815"
"51259","2","3","2","76","153","40","38","54","75","C4021815"
"54949","2","3","2","48","170","50","119","444","556","C4021815"
"4758","2","3","7","34","52","216","395","549","517","C4021815"
"10558","2","3","2","50","47","39","100","321","209","C4021815"
"4351","2","3","2","90","167","266","367","500","577","C4021815"
"23229","2","5","7","60","54","24","30","46","72","C4021815"
"5376","2","5","7","53","51","342","454","573","492","C4021815"
"811","2","3","2","41","116","342","423","536","342","C4021815"
"4508","2","3","2","48","170","50","119","444","556","C4021815"
"4843","2","3","5","43","161","305","409","489","416","C4021815"
"1299","2","5","7","53","51","342","454","573","492","C4021815"
"10395","2","5","7","60","54","24","30","46","72","C4021815"
"7461","2","3","7","60","153","40","38","93","75","C4021815"
"23414","2","3","12","19","31","118","155","287","116","C4021815"
"859","2","5","8","63","45","23","103","464","187","C4021815"
"51601","2","3","2","67","92","293","55","75","311","C4021815"
"25782","2","5","7","60","54","24","30","46","72","C4021821"
"51119","2","3","2","110","85","237","433","547","671","C4021821"
"7461","2","3","7","60","153","40","38","93","75","C4021821"
"3856","2","1","6","11","142","225","142","220","298","C4021821"
"4654","2","3","12","19","31","276","91","433","118","C4021821"
"7040","2","5","7","53","51","342","454","573","492","C4021821"
"6261","2","5","8","63","45","23","34","464","187","C4021821"
"1186","2","5","8","63","45","23","34","464","187","C4021821"
"6310","2","3","12","22","142","225","366","362","468","C4021821"
"1493","2","5","7","53","51","119","25","40","186","C4021821"
"207","2","3","7","53","14","20","34","489","416","C4021821"
"652","2","5","7","53","51","342","454","573","492","C4021821"
"4771","2","5","7","60","36","71","177","64","215","C4021821"
"6391","2","3","2","48","170","50","119","444","556","C4021821"
"1288","2","5","7","53","51","342","454","573","492","C4021821"
"55120","2","3","12","19","31","261","116","1","86","C4021821"
"1848","2","3","5","42","81","296","399","201","274","C4021821"
"2263","2","5","7","53","14","20","25","40","186","C4021821"
"4854","2","5","7","53","51","143","428","236","667","C4021821"
"3752","2","5","8","63","36","166","106","110","158","C4021821"
"5447","2","3","5","91","214","271","372","471","586","C4021821"
"7227","2","3","12","19","31","276","91","433","118","C4021822"
"10243","2","3","2","27","91","71","204","267","352","C4021822"
"4436","2","3","12","19","31","261","116","1","86","C4021822"
"6786","2","5","8","63","45","23","103","464","187","C4021822"
"11277","2","3","12","19","31","261","116","1","86","C4021822"
"7436","2","5","7","53","51","342","341","544","669","C4021822"
"26229","2","3","2","74","205","191","396","408","257","C4021822"
"5167","2","3","5","32","93","163","207","303","126","C4021822"
"2629","2","3","5","80","81","250","291","152","420","C4021823"
"3861","2","1","6","11","142","225","142","220","298","C4021823"
"5745","2","5","4","68","96","326","427","548","672","C4021823"
"7018","2","5","7","53","51","342","454","573","669","C4021823"
"2690","2","5","7","53","14","20","25","40","186","C4021823"
"4137","2","3","7","27","36","150","341","223","628","C4021823"
"91039","2","3","2","80","85","148","129","252","154","C4021823"
"23322","2","3","12","76","153","40","38","54","75","C4021823"
"8504","2","3","5","47","144","185","238","310","392","C4021823"
"55325","2","5","7","34","181","23","119","544","187","C4021826"
"7200","2","5","4","68","96","326","427","548","672","C4021826"
"10105","2","3","2","48","170","50","304","167","593","C4021826"
"8085","2","3","12","19","31","1","426","55","78","C4021826"
"5428","2","3","2","48","170","50","119","167","593","C4021826"
"51085","2","3","2","48","57","110","141","359","462","C4021826"
"1184","2","5","8","63","45","23","34","464","187","C4021826"
"2707","2","3","12","76","153","40","38","54","75","C4021849"
"2582","2","3","2","78","206","324","430","429","544","C4021849"
"9244","2","5","7","53","51","119","25","40","416","C4021849"
"6017","2","3","2","69","83","101","126","170","224","C4021849"
"2073","2","3","12","19","31","261","116","1","86","C4021849"
"1026","2","3","12","19","31","1","116","489","416","C4021849"
"10801","2","3","12","76","108","293","141","305","387","C4021849"
"1406","2","3","3","19","221","321","428","541","667","C4021882"
"6391","2","3","2","48","170","50","119","444","556","C4021882"
"4292","2","3","12","19","31","261","116","1","86","C4021883"
"2072","2","3","12","19","31","261","116","1","86","C4021883"
"6571","2","3","8","60","36","71","341","223","624","C4021899"
"1298","2","5","7","53","51","342","454","573","492","C4021899"
"4261","2","3","12","53","184","119","156","287","116","C4021910"
"6622","2","3","7","27","36","150","341","223","628","C4021910"
"6204","2","3","2","110","85","237","433","547","671","C4021910"
"5096","2","3","2","48","40","130","166","127","173","C4021910"
"26503","2","3","2","89","124","204","272","347","442","C4021910"
"4976","2","3","2","48","170","50","119","444","556","C4021956"
"5922","2","5","7","60","54","24","30","46","72","C4021956"
"7169","2","5","8","63","45","23","103","464","187","C4021956"
"1387","2","3","12","19","31","276","91","433","118","C4021956"
"2720","2","3","7","34","52","216","395","21","599","C4021956"
"5447","2","3","5","91","214","271","372","471","586","C4021956"
"5428","2","3","2","48","170","50","119","167","593","C4021956"
"6223","2","3","2","110","85","237","433","547","671","C4021956"
"4221","2","3","12","19","31","342","454","573","492","C4021956"
"4286","2","3","12","19","31","261","116","1","664","C4021956"
"2290","2","3","3","19","221","321","428","541","667","C4021956"
"4318","2","5","7","34","52","216","395","573","492","C4021956"
"6390","2","3","2","48","170","50","119","444","556","C4021956"
"10472","2","3","12","19","31","268","426","468","213","C4021956"
"6513","2","5","7","90","216","337","448","565","562","C4021956"
"51025","2","3","2","48","170","50","304","167","593","C4021956"
"6910","2","3","12","19","51","335","444","560","373","C4021956"
"2147","2","5","7","68","51","342","454","573","492","C4021956"
"477","2","3","8","63","45","23","103","464","187","C4021956"
"567","2","5","7","34","52","119","395","549","674","C4021956"
"10049","2","3","12","22","219","339","347","271","356","C4021956"
"51103","2","3","2","48","170","50","119","444","556","C4021956"
"23780","2","5","7","53","51","342","454","216","290","C4021956"
"5146","2","3","5","86","72","258","318","403","518","C4021956"
"9401","2","3","12","76","31","261","116","1","86","C4021956"
"7314","2","3","12","41","219","261","409","208","482","C4021956"
"6834","2","3","2","48","170","50","119","444","556","C4021956"
"2671","2","3","2","48","170","50","304","167","593","C4021956"
"9719","2","5","7","53","51","342","454","573","492","C4021956"
"26012","2","3","12","19","31","261","116","159","211","C4021956"
"2643","2","3","5","87","91","75","204","267","352","C4021956"
"1134","2","5","8","27","70","99","162","216","290","C4021957"
"25974","2","3","7","48","51","105","139","186","245","C4021957"
"3972","2","5","4","68","96","326","427","548","672","C4021957"
"8675","2","5","7","60","54","24","98","66","203","C4021957"
"9096","2","5","7","53","51","335","259","560","373","C4021959"
"1674","2","5","8","63","45","23","103","464","187","C4021959"
"4534","2","3","5","80","81","296","399","362","468","C4021959"
"6845","2","5","7","60","14","184","341","544","669","C4021959"
"4359","2","5","7","53","51","342","454","573","492","C4021971"
"2538","2","3","5","90","216","333","438","561","689","C4021971"
"2563","2","5","8","27","70","99","162","216","290","C4021971"
"5889","2","3","12","19","31","261","116","1","86","C4021972"
"5894","2","5","7","60","54","23","34","464","187","C4021972"
"51524","2","5","7","45","94","199","240","415","666","C4021972"
"4929","2","3","3","19","151","276","91","433","118","C4021972"
"5308","2","3","3","19","221","321","428","541","667","C4021972"
"1778","2","3","7","76","153","40","38","54","75","C4021972"
"9940","2","3","5","68","221","321","428","447","586","C4021972"
"4591","2","3","12","41","116","268","434","468","213","C4021972"
"3043","2","5","7","34","52","216","395","549","116","C4021972"
"8260","2","3","12","41","85","266","76","287","78","C4021972"
"3614","2","3","7","34","52","216","395","549","674","C4021972"
"2263","2","5","7","53","14","20","25","40","186","C4021972"
"3553","2","5","7","53","51","119","25","489","416","C4021972"
"7042","2","5","7","53","51","342","454","573","492","C4021972"
"5130","2","3","2","85","143","286","51","488","102","C4021972"
"23426","2","5","7","42","36","71","177","223","219","C4021973"
"2799","2","3","7","34","52","216","395","549","33","C4021973"
"53834","2","5","7","53","51","342","454","573","492","C4021975"
"7084","2","3","2","72","109","115","62","268","353","C4021975"
"3845","2","5","7","60","54","24","30","46","72","C4021975"
"54551","2","3","12","41","219","197","156","568","422","C4021975"
"1908","2","5","4","68","96","326","427","548","672","C4021975"
"3988","2","3","5","98","174","277","379","476","42","C4021975"
"10342","2","3","7","60","219","40","202","66","203","C4021975"
"9992","2","5","8","63","36","166","341","110","158","C4021975"
"6875","2","3","12","19","31","261","116","159","211","C4021975"
"526","2","3","5","29","88","132","172","199","308","C4021975"
"5550","2","3","2","68","96","326","427","548","672","C4021976"
"56652","2","3","3","19","151","276","91","433","118","C4021976"
"6341","2","3","2","48","170","50","119","444","556","C4021976"
"7415","2","3","7","34","52","216","395","536","445","C4021976"
"6208","2","3","2","110","85","237","433","547","671","C4021976"
"2010","2","3","12","26","105","296","226","488","156","C4021976"
"7534","2","3","2","48","57","110","141","359","411","C4021976"
"1956","2","5","7","53","14","184","45","544","669","C4021976"
"5264","2","3","5","43","161","305","409","208","482","C4021976"
"7353","2","3","12","41","219","339","156","568","605","C4021976"
"51715","2","5","7","60","54","24","30","46","72","C4021976"
"2720","2","3","7","34","52","216","395","21","599","C4021976"
"51259","2","3","2","76","153","40","38","54","75","C4021976"
"8518","2","3","12","19","31","1","426","55","78","C4021976"
"94","2","5","7","53","51","342","259","423","389","C4021977"
"1836","2","3","2","35","41","94","260","330","375","C4021977"
"6338","2","5","8","63","45","23","34","464","187","C4021977"
"51733","2","3","5","80","23","257","357","455","508","C4021977"
"6469","2","5","3","53","221","197","259","560","422","C4021977"
"2629","2","3","5","80","81","250","291","152","420","C4021977"
"55612","2","5","7","60","36","71","177","560","701","C4021977"
"4693","2","5","7","53","51","342","454","573","492","C4021977"
"4838","2","5","3","53","221","321","259","423","389","C4021977"
"5073","2","3","2","110","85","323","433","146","194","C4021977"
"5339","2","5","7","53","51","342","454","573","492","C4021977"
"5328","2","5","7","34","52","216","395","549","674","C4021977"
"8822","2","5","7","53","14","20","25","40","186","C4021977"
"4538","2","3","2","48","170","50","119","444","556","C4021984"
"1281","2","5","7","53","51","342","454","573","492","C4021984"
"1789","2","3","12","19","31","1","426","55","78","C4021984"
"4643","2","5","7","60","14","20","25","40","215","C4021986"
"8517","2","3","12","41","219","339","156","568","697","C4021986"
"2915","2","5","4","68","96","326","427","548","672","C4021998"
"4625","2","3","8","63","45","23","103","464","187","C4021998"
"65250","2","3","12","76","153","40","38","54","75","C4021998"
"3592","2","5","7","53","51","119","25","489","416","C4021998"
"3576","2","5","4","68","96","326","427","548","672","C4021998"
"5604","2","5","7","53","14","20","34","540","68","C4021998"
"7124","2","3","12","41","219","339","156","568","697","C4021998"
"2255","2","5","7","53","14","20","25","40","186","C4021998"
"10371","2","5","7","53","51","342","79","560","373","C4021998"
"10312","2","3","7","34","52","216","395","549","674","C4021998"
"3857","2","1","6","11","142","225","142","220","298","C4022001"
"3481","2","5","7","53","51","342","454","573","492","C4022001"
"4694","2","3","2","48","170","50","119","444","556","C4022001"
"6470","2","3","5","15","166","104","369","117","281","C4022001"
"55624","2","3","2","78","123","194","255","215","412","C4022001"
"10644","2","3","2","22","33","323","66","101","136","C4022001"
"242","2","3","5","11","142","223","142","220","298","C4022003"
"7450","2","5","7","53","51","342","454","573","492","C4022003"
"5095","2","3","2","48","40","130","166","127","173","C4022003"
"1969","2","5","7","53","14","20","25","560","186","C4022003"
"1893","2","5","7","53","51","342","454","573","702","C4022003"
"1836","2","3","2","35","41","94","260","330","375","C4022003"
"8200","2","5","7","53","51","342","259","423","389","C4022003"
"5830","2","3","5","43","161","305","409","208","482","C4022003"
"5897","2","3","12","41","116","268","141","568","605","C4022003"
"23534","2","3","2","22","33","323","66","101","136","C4022003"
"1301","2","5","7","53","51","342","454","573","492","C4022003"
"4853","2","3","12","19","124","143","428","236","667","C4022003"
"8481","2","3","12","76","153","40","38","54","75","C4022003"
"25782","2","5","7","60","54","24","30","46","72","C4022003"
"2263","2","5","7","53","14","20","25","40","186","C4022003"
"51057","2","3","12","76","153","40","38","54","75","C4022003"
"1031","2","3","12","19","31","1","426","55","78","C4022012"
"1594","2","3","5","92","163","96","363","460","487","C4022012"
"5378","2","3","12","19","31","261","116","1","86","C4022012"
"10049","2","3","12","22","219","339","347","271","356","C4022012"
"5663","2","5","7","34","52","216","395","549","667","C4022012"
"11107","2","3","12","19","31","1","426","55","78","C4022012"
"2073","2","3","12","19","31","261","116","1","86","C4022012"
"149233","2","5","7","53","51","119","25","489","416","C4022012"
"1717","2","3","2","19","151","276","48","69","204","C4022012"
"598","2","3","12","41","219","339","402","489","416","C4022012"
"5617","2","5","12","19","31","1","426","55","78","C4022012"
"54790","2","3","12","19","31","1","426","55","78","C4022012"
"7169","2","5","8","63","45","23","103","464","187","C4022012"
"1947","2","5","7","53","51","20","25","560","373","C4022012"
"2263","2","5","7","53","14","20","25","40","186","C4022012"
"1352","2","3","2","48","170","50","119","444","556","C4022012"
"6529","2","5","8","45","94","199","240","415","666","C4022012"
"240","2","3","7","34","52","216","395","489","416","C4022012"
"6833","2","5","8","45","36","166","240","415","666","C4022012"
"358","2","3","5","80","81","166","397","374","486","C4022012"
"5450","2","3","12","19","221","261","116","159","211","C4022012"
"7852","2","5","4","68","96","326","427","548","672","C4022012"
"6391","2","3","2","48","170","50","119","444","556","C4022012"
"8242","2","3","12","19","31","1","426","55","78","C4022012"
"9652","2","3","2","110","85","237","433","547","671","C4022015"
"26137","2","5","7","63","45","184","103","572","658","C4022015"
"1186","2","5","8","63","45","23","34","464","187","C4022020"
"5972","2","5","5","34","52","216","397","418","568","C4022020"
"3290","2","3","2","69","83","101","94","133","239","C4022020"
"3358","2","5","4","68","96","326","427","548","672","C4022020"
"5159","2","5","7","53","14","20","25","40","186","C4022020"
"7486","2","3","12","19","31","261","116","1","86","C4022020"
"35","2","3","2","67","148","70","456","575","704","C4022020"
"2566","2","5","8","27","70","99","162","216","290","C4022020"
"4982","2","5","12","41","219","339","156","568","697","C4022020"
"6390","2","3","2","48","170","50","119","444","556","C4022020"
"2990","2","3","7","34","52","216","395","549","674","C4022020"
"2554","2","5","8","27","70","99","162","216","290","C4022020"
"8842","2","5","5","53","82","147","184","179","328","C4022020"
"1296","2","5","7","53","51","342","454","573","492","C4022020"
"1629","2","3","2","67","92","293","55","75","311","C4022024"
"4000","2","3","12","26","105","178","226","297","156","C4022024"
"3845","2","5","7","60","54","24","30","46","72","C4022024"
"4000","2","3","12","26","105","178","226","297","156","C4022025"
"9575","2","3","3","19","151","276","91","433","118","C4022025"
"2074","2","3","12","19","31","1","426","55","78","C4022025"
"1584","2","3","5","79","159","256","276","353","456","C4022025"
"1186","2","5","8","63","45","23","34","464","187","C4022025"
"1959","2","3","3","19","151","276","91","433","118","C4022031"
"4313","2","5","7","53","51","342","454","573","492","C4022031"
"7128","2","3","12","41","219","339","156","568","697","C4022031"
"7469","2","3","12","19","31","261","116","159","211","C4022031"
"54463","2","3","2","48","57","110","141","359","462","C4022107"
"6887","2","3","12","19","31","1","426","55","78","C4022107"
"5605","2","5","7","53","14","20","34","540","68","C4022157"
"2317","2","5","7","63","45","23","103","287","664","C4022157"
"4703","2","5","7","60","45","23","103","464","187","C4022159"
"9469","2","3","2","103","189","303","29","475","467","C4022159"
"6635","2","3","2","22","33","323","66","101","136","C4022159"
"7015","2","3","12","19","31","1","426","55","78","C4022159"
"4694","2","3","2","48","170","50","119","444","556","C4022169"
"27164","2","3","3","19","221","321","428","541","667","C4022169"
"3977","2","5","7","53","51","119","25","40","416","C4022183"
"146227","2","3","12","34","52","216","347","61","83","C4022183"
"581","2","3","12","41","219","339","402","489","551","C4022386"
"4524","2","3","2","15","166","104","369","117","583","C4022386"
"8241","2","3","2","22","33","323","66","101","136","C4022386"
"7518","2","3","12","19","31","261","116","1","86","C4022386"
"1233","2","5","4","68","96","326","427","548","672","C4022386"
"4015","2","5","7","53","51","342","454","573","492","C4022386"
"9968","2","4","3","24","119","330","214","454","144","C4022386"
"3596","2","5","7","53","51","119","25","489","416","C4022386"
"2767","2","5","4","68","96","326","427","548","672","C4022448"
"7473","2","5","3","68","221","197","259","560","422","C4022448"
"3043","2","5","7","34","52","216","395","549","116","C4022448"
"6528","2","5","8","45","94","199","240","415","666","C4022448"
"857","2","5","7","53","45","23","57","83","422","C4022448"
"429","2","3","3","19","221","321","428","541","667","C4022448"
"7040","2","5","7","53","51","342","454","573","492","C4022448"
"2658","2","5","7","53","51","342","259","423","389","C4022546"
"1644","2","3","2","88","79","239","333","258","345","C4022546"
"4513","2","3","2","48","170","110","141","359","532","C4022547"
"1356","2","3","7","53","51","342","454","573","492","C4022547"
"613","2","5","7","60","54","24","30","46","72","C4022547"
"50964","2","5","3","68","221","197","259","423","422","C4022554"
"2517","2","3","7","34","52","216","395","549","674","C4022554"
"445","2","3","2","84","97","167","210","278","360","C4022554"
"1536","2","5","7","34","52","216","395","549","674","C4022587"
"9031","2","3","12","19","31","1","426","55","78","C4022587"
"10060","2","3","8","41","45","23","423","464","445","C4022587"
"3759","2","5","8","63","36","166","106","110","158","C4022587"
"29954","2","5","2","27","206","324","430","215","290","C4022587"
"6392","2","3","2","48","170","50","119","444","556","C4022587"
"2074","2","3","12","19","31","1","426","55","78","C4022587"
"3930","2","3","2","22","33","323","66","3","464","C4022587"
"3981","2","3","12","19","31","261","116","1","86","C4022587"
"5832","2","3","2","101","62","189","182","509","252","C4022587"
"23322","2","3","12","76","153","40","38","54","75","C4022587"
"4860","2","3","7","34","52","216","395","549","150","C4022587"
"7048","2","5","7","53","51","342","259","423","389","C4022587"
"3265","2","5","7","60","54","24","30","46","72","C4022587"
"26191","2","5","7","53","14","20","25","40","186","C4022587"
"50640","2","3","5","116","183","295","398","243","327","C4022587"
"25978","2","3","2","48","57","110","141","359","462","C4022587"
"5340","2","5","7","53","51","342","454","573","492","C4022587"
"132","2","3","2","110","85","237","433","80","394","C4022587"
"7043","2","5","7","53","51","342","454","573","492","C4022587"
"4163","2","3","2","110","167","266","367","500","577","C4022587"
"242","2","3","5","11","142","223","142","220","298","C4022587"
"6473","2","3","3","19","221","321","428","541","667","C4022587"
"54205","2","3","2","48","170","50","119","444","556","C4022587"
"65250","2","3","12","76","153","40","38","54","75","C4022587"
"3868","2","1","6","11","142","225","142","220","298","C4022587"
"4625","2","3","8","63","45","23","103","464","187","C4022587"
"374","2","5","7","60","153","40","202","66","203","C4022587"
"4952","2","3","5","60","54","184","30","544","669","C4022588"
"7248","2","3","2","48","57","110","141","359","462","C4022588"
"5195","2","3","5","43","161","305","409","208","482","C4022588"
"4166","2","3","2","89","60","99","7","211","217","C4022588"
"10269","2","3","2","48","182","50","119","444","556","C4022588"
"673","2","5","7","53","14","20","34","540","68","C4022588"
"4512","2","3","2","48","170","110","141","359","8","C4022588"
"859","2","5","8","63","45","23","103","464","187","C4022588"
"6334","2","5","8","63","36","166","341","223","158","C4022588"
"2693","2","5","4","68","96","326","427","548","672","C4022588"
"5443","2","5","4","68","96","326","427","548","672","C4022588"
"3592","2","5","7","53","51","119","25","489","416","C4022588"
"7476","2","5","3","68","221","197","259","560","422","C4022588"
"1272","2","5","7","53","51","335","444","236","373","C4022588"
"7169","2","5","8","63","45","23","103","464","187","C4022588"
"4314","2","5","7","53","51","342","454","573","492","C4022588"
"2934","2","5","7","34","52","216","395","549","674","C4022588"
"55651","2","3","2","110","85","237","433","547","671","C4022588"
"2178","2","3","12","19","31","261","116","1","86","C4022588"
"55636","2","3","3","19","221","321","428","423","389","C4022588"
"4860","2","3","7","34","52","216","395","549","150","C4022588"
"8438","2","3","12","76","153","261","116","1","86","C4022588"
"1617","2","3","2","22","33","323","66","101","468","C4022588"
"9782","2","3","2","22","33","323","66","101","136","C4022588"
"4851","2","3","12","19","221","143","428","236","667","C4022588"
"23742","2","5","5","68","96","326","427","447","586","C4022588"
"1499","2","3","12","19","221","197","259","560","422","C4022588"
"10134","2","3","2","41","219","339","156","536","342","C4022588"
"7249","2","3","7","60","57","110","141","359","462","C4022675"
"25814","2","3","2","48","170","110","119","444","462","C4022675"
"4915","2","5","7","53","14","20","25","40","186","C4022675"
"5264","2","3","5","43","161","305","409","208","482","C4022675"
"27245","2","3","6","22","142","225","366","362","468","C4022675"
"213","2","5","7","53","51","342","454","573","492","C4022675"
"472","2","3","12","19","31","261","116","1","86","C4022675"
"4952","2","3","5","60","54","184","30","544","669","C4022675"
"3209","2","3","3","19","221","321","428","541","667","C4022675"
"6535","2","5","8","45","94","199","240","415","666","C4022675"
"641","2","3","12","19","31","261","116","1","86","C4022675"
"9197","2","3","2","67","92","293","55","75","311","C4022675"
"3815","2","5","7","53","14","20","25","40","186","C4022675"
"7035","2","5","7","68","51","119","395","549","674","C4022676"
"2266","2","5","7","53","51","342","454","573","492","C4022676"
"6390","2","3","2","48","170","50","119","444","556","C4022676"
"51119","2","3","2","110","85","237","433","547","671","C4022695"
"4609","2","3","12","19","31","1","160","107","416","C4022695"
"183","2","5","4","68","96","326","427","548","672","C4022707"
"2517","2","3","7","34","52","216","395","549","674","C4022707"
"4308","2","5","8","63","45","193","306","390","158","C4022729"
"919","2","5","7","53","14","119","25","40","186","C4022729"
"1106","2","3","12","19","31","1","426","55","78","C4022754"
"1815","2","5","4","68","96","326","427","548","672","C4022754"
"2273","2","5","8","63","45","23","103","464","187","C4022754"
"2200","2","5","7","53","51","342","454","573","492","C4022754"
"1144","2","5","8","27","70","99","162","216","290","C4022798"
"5290","2","3","7","53","14","20","25","40","186","C4022798"
"7124","2","3","12","41","219","339","156","568","697","C4022798"
"9968","2","4","3","24","119","330","214","454","144","C4022798"
"3481","2","5","7","53","51","342","454","573","492","C4022798"
"9817","2","3","12","41","116","268","434","468","213","C4022798"
"3752","2","5","8","63","36","166","106","110","158","C4022798"
"778","2","5","8","63","36","166","341","223","158","C4022798"
"4669","2","3","5","80","81","166","454","453","492","C4022798"
"5594","2","5","7","34","14","20","34","540","274","C4022810"
"55612","2","5","7","60","36","71","177","560","701","C4022810"
"4853","2","3","12","19","124","143","428","236","667","C4022846"
"7461","2","3","7","60","153","40","38","93","75","C4022846"
"958","2","5","7","53","51","119","156","568","697","C4022848"
"1277","2","5","7","53","51","342","454","573","492","C4022848"
"55209","2","3","12","11","142","225","142","220","298","C4022858"
"3949","2","5","7","60","14","184","341","544","669","C4022858"
"9049","2","3","3","41","151","276","378","271","356","C4022878"
"7461","2","3","7","60","153","40","38","93","75","C4022878"
"29940","2","5","7","53","51","342","454","573","492","C4022878"
"6870","2","5","4","68","96","326","427","548","672","C4022878"
"2316","2","5","7","53","51","342","454","573","702","C4022878"
"9378","2","5","7","27","36","71","341","223","219","C4022878"
"2260","2","5","7","53","14","20","25","40","186","C4022878"
"3973","2","5","4","68","96","326","427","548","672","C4022878"
"4041","2","5","3","68","221","197","259","560","422","C4022878"
"2702","2","3","12","76","153","40","38","54","75","C4022878"
"613","2","5","7","60","54","24","30","46","72","C4022878"
"4340","2","5","7","53","51","119","341","223","628","C4022878"
"7490","2","3","3","19","221","321","428","541","667","C4022878"
"3952","2","5","3","53","151","276","91","433","118","C4022891"
"4535","2","3","2","48","170","50","119","444","556","C4022891"
"5476","2","3","7","34","52","216","395","152","310","C4022947"
"5443","2","5","4","68","96","326","427","548","672","C4022947"
"25939","2","3","12","53","184","119","156","287","116","C4022947"
"7319","2","3","12","41","116","268","434","468","213","C4022947"
"22954","2","3","12","41","116","268","434","468","213","C4022983"
"3501","2","5","7","53","51","119","395","549","674","C4022983"
"4920","2","5","7","53","14","20","259","560","373","C4022995"
"3557","2","3","12","41","219","339","156","568","697","C4022995"
"429","2","3","3","19","221","321","428","541","667","C4022995"
"7015","2","3","12","19","31","1","426","55","78","C4022995"
"6929","2","3","12","19","31","1","426","55","78","C4022995"
"1535","2","5","7","34","52","216","395","549","674","C4022995"
"3952","2","5","3","53","151","276","91","433","118","C4022995"
"7422","2","5","7","53","51","342","454","573","702","C4022995"
"9990","2","5","8","45","94","199","240","415","666","C4022995"
"8799","2","3","5","43","161","305","409","208","482","C4022995"
"10459","2","3","12","76","31","261","116","1","86","C4022996"
"2760","2","3","7","34","52","216","395","549","674","C4022996"
"4352","2","5","7","53","14","20","25","40","186","C4022996"
"4137","2","3","7","27","36","150","341","223","628","C4022996"
"23532","2","3","12","41","116","152","129","252","154","C4022996"
"538","2","3","8","63","45","23","103","464","187","C4022996"
"23594","2","3","12","76","153","261","116","1","86","C4022996"
"368","2","3","12","41","116","268","423","536","445","C4022996"
"1380","2","5","7","53","51","119","395","549","674","C4022996"
"2702","2","3","12","76","153","40","38","54","75","C4022996"
"871","2","5","7","53","51","342","454","573","492","C4022996"
"3190","2","3","2","22","33","323","66","101","136","C4023004"
"1277","2","5","7","53","51","342","454","573","492","C4023004"
"3423","2","3","5","74","3","342","374","294","590","C4023004"
"2629","2","3","5","80","81","250","291","152","420","C4023004"
"3284","2","3","2","69","98","169","299","183","243","C4023009"
"1535","2","5","7","34","52","216","395","549","674","C4023009"
"1636","2","3","5","80","81","166","397","418","568","C4023026"
"3852","2","1","6","11","142","225","142","220","298","C4023026"
"4519","2","3","2","48","170","50","119","508","312","C4023027"
"1482","2","3","3","19","221","321","428","541","667","C4023027"
"427","2","3","7","34","52","216","395","549","420","C4023031"
"785","2","5","8","63","36","166","106","110","158","C4023031"
"4508","2","3","2","48","170","50","119","444","556","C4023042"
"1617","2","3","2","22","33","323","66","101","468","C4023042"
"50943","2","3","12","19","31","1","426","129","131","C4023042"
"5193","2","3","5","43","161","305","409","208","482","C4023060"
"9031","2","3","12","19","31","1","426","55","78","C4023060"
"2147","2","5","7","68","51","342","454","573","492","C4023060"
"112755","2","5","7","60","36","71","341","223","203","C4023065"
"5518","2","3","12","76","153","40","38","54","435","C4023065"
"3123","2","5","7","53","51","119","156","287","116","C4023068"
"55636","2","3","3","19","221","321","428","423","389","C4023068"
"1557","2","3","5","91","214","271","372","479","12","C4023071"
"10555","2","3","7","34","52","216","395","549","622","C4023071"
"2159","2","5","7","68","51","119","454","549","674","C4023071"
"3845","2","5","7","60","54","24","30","46","72","C4023096"
"55315","2","3","5","80","81","296","62","94","150","C4023096"
"10518","2","3","2","22","170","50","119","444","556","C4023101"
"2483","2","3","2","22","33","323","66","101","136","C4023101"
"2517","2","3","7","34","52","216","395","549","674","C4023101"
"11231","2","3","2","110","105","178","226","297","380","C4023101"
"5566","2","3","12","76","14","20","34","540","75","C4023101"
"3952","2","5","3","53","151","276","91","433","118","C4023101"
"10060","2","3","8","41","45","23","423","464","445","C4023101"
"2192","2","5","7","53","51","342","454","573","492","C4023101"
"4247","2","3","2","68","67","320","98","180","279","C4023101"
"217","2","3","5","75","120","200","75","230","309","C4023101"
"3758","2","5","8","63","36","166","106","110","158","C4023101"
"5894","2","5","7","60","54","23","34","464","187","C4023101"
"1836","2","3","2","35","41","94","260","330","375","C4023101"
"4976","2","3","2","48","170","50","119","444","556","C4023101"
"5591","2","3","12","19","31","261","116","1","86","C4023106"
"9499","2","5","7","53","51","23","103","464","187","C4023106"
"26580","2","5","8","27","70","99","162","216","290","C4023106"
"10982","2","3","12","76","153","40","38","54","75","C4023106"
"9719","2","5","7","53","51","342","454","573","492","C4023106"
"10516","2","5","7","53","51","342","454","573","492","C4023116"
"11285","2","3","2","74","205","191","396","408","620","C4023116"
"5193","2","3","5","43","161","305","409","208","482","C4023124"
"7291","2","3","12","19","151","276","91","489","416","C4023124"
"6833","2","5","8","45","36","166","240","415","666","C4023133"
"7136","2","5","8","63","45","23","103","464","187","C4023133"
"10344","2","5","4","68","96","326","427","548","672","C4023136"
"8314","2","3","12","41","31","1","426","55","78","C4023136"
"760","2","3","5","35","41","77","40","78","178","C4023136"
"4625","2","3","8","63","45","23","103","464","187","C4023136"
"8481","2","3","12","76","153","40","38","54","75","C4023137"
"3977","2","5","7","53","51","119","25","40","416","C4023137"
"3627","2","5","4","68","96","326","427","548","672","C4023159"
"5994","2","3","12","19","31","276","91","491","118","C4023159"
"5000","2","3","12","76","31","261","116","1","86","C4023159"
"5077","2","3","3","19","221","321","428","541","667","C4023169"
"4915","2","5","7","53","14","20","25","40","186","C4023169"
"128674","2","5","4","68","96","326","427","548","672","C4023169"
"54968","2","3","2","48","170","50","119","444","556","C4023170"
"3425","2","3","5","80","81","166","454","573","492","C4023170"
"5518","2","3","12","76","153","40","38","54","435","C4023170"
"2200","2","5","7","53","51","342","454","573","492","C4023175"
"4038","2","5","7","53","51","342","454","573","492","C4023175"
"4534","2","3","5","80","81","296","399","362","468","C4023205"
"1130","2","5","7","60","54","326","141","359","462","C4023205"
"3990","2","3","5","26","35","178","9","414","220","C4023209"
"1910","2","5","4","68","96","326","427","548","672","C4023209"
"5961","2","5","7","27","51","326","126","414","702","C4023211"
"3060","2","5","4","68","96","326","427","548","672","C4023211"
"22","2","3","2","48","170","279","423","274","154","C4023211"
"9896","2","3","5","80","81","296","399","201","274","C4023211"
"3552","2","3","12","53","51","119","156","489","416","C4023338"
"1311","2","5","7","53","51","342","454","573","492","C4023338"
"4990","2","3","3","19","221","321","428","541","667","C4023338"
"8813","2","3","2","48","116","142","136","280","363","C4023338"
"9180","2","5","7","53","51","119","25","549","416","C4023351"
"2138","2","3","12","19","31","1","426","55","78","C4023351"
"4524","2","3","2","15","166","104","369","117","583","C4023383"
"5468","2","3","3","19","151","276","91","433","118","C4023383"
"7044","2","5","7","53","51","342","454","573","702","C4023383"
"23746","2","3","12","41","83","101","126","271","356","C4023383"
"84634","2","5","4","68","96","326","427","548","672","C4023383"
"23594","2","3","12","76","153","261","116","1","86","C4023383"
"1297","2","5","7","53","51","342","454","573","492","C4023383"
"7306","2","5","5","23","18","138","250","332","407","C4023383"
"6870","2","5","4","68","96","326","427","548","672","C4023397"
"4867","2","5","7","76","153","40","38","54","75","C4023397"
"1277","2","5","7","53","51","342","454","573","492","C4023397"
"324","2","3","12","41","219","197","70","255","422","C4023397"
"2760","2","3","7","34","52","216","395","549","674","C4023397"
"9031","2","3","12","19","31","1","426","55","78","C4023397"
"6399","2","5","7","60","54","24","30","46","72","C4023397"
"3026","2","5","7","68","51","119","395","549","674","C4023397"
"367","2","3","12","19","31","276","91","433","118","C4023397"
"2815","2","5","7","53","51","342","454","573","492","C4023397"
"26277","2","3","12","19","31","1","426","1","78","C4023397"
"9096","2","5","7","53","51","335","259","560","373","C4023397"
"23451","2","3","2","22","33","323","66","101","136","C4023397"
"2720","2","3","7","34","52","216","395","21","599","C4023397"
"23503","2","3","6","11","142","225","142","220","298","C4023397"
"135","2","5","4","68","96","326","427","548","672","C4023397"
"3560","2","5","7","53","14","20","25","40","186","C4023400"
"7490","2","3","3","19","221","321","428","541","667","C4023400"
"11285","2","3","2","74","205","191","396","408","620","C4023400"
"5914","2","3","3","19","151","276","91","433","118","C4023400"
"4952","2","3","5","60","54","184","30","544","669","C4023400"
"23171","2","3","5","116","183","295","398","552","622","C4023401"
"1282","2","5","7","53","51","342","454","573","492","C4023401"
"667","2","5","7","53","51","342","454","573","492","C4023438"
"9187","2","5","8","45","94","199","240","415","666","C4023438"
"5663","2","5","7","34","52","216","395","549","667","C4023438"
"55065","2","3","5","38","242","230","312","395","511","C4023438"
"51715","2","5","7","60","54","24","30","46","72","C4023438"
"2571","2","3","2","67","142","71","152","197","219","C4023438"
"1277","2","5","7","53","51","342","454","573","492","C4023438"
"8106","2","3","2","22","33","323","66","101","136","C4023452"
"5160","2","3","2","67","92","293","55","75","311","C4023452"
"6399","2","5","7","60","54","24","30","46","72","C4023452"
"2259","2","5","8","63","36","166","341","223","158","C4023452"
"3757","2","5","8","63","36","166","106","110","158","C4023452"
"1674","2","5","8","63","45","23","103","464","187","C4023452"
"51082","2","3","2","19","31","1","426","55","78","C4023452"
"6647","2","3","2","95","2","342","378","173","702","C4023452"
"1756","2","5","8","63","45","23","103","464","187","C4023452"
"3593","2","5","7","53","51","119","25","489","416","C4023452"
"973","2","5","7","53","14","20","25","40","186","C4023452"
"5447","2","3","5","91","214","271","372","471","586","C4023452"
"2512","2","3","7","34","52","216","395","544","358","C4023452"
"26154","2","3","5","47","144","185","238","310","392","C4023452"
"3872","2","1","6","11","142","225","142","220","298","C4023452"
"1804","2","5","7","27","36","150","341","223","628","C4023457"
"3920","2","5","7","34","52","216","395","549","674","C4023457"
"6928","2","3","3","19","221","321","428","541","667","C4023457"
"351","2","5","4","68","96","326","188","145","193","C4023457"
"9469","2","3","2","103","189","303","29","475","467","C4023470"
"54499","2","3","2","48","170","50","119","444","593","C4023470"
"338","2","5","7","53","51","342","454","573","492","C4023470"
"23236","2","3","4","68","96","326","427","548","672","C4023470"
"5290","2","3","7","53","14","20","25","40","186","C4023470"
"10491","2","5","7","53","51","342","454","573","492","C4023470"
"8626","2","3","3","19","221","321","428","541","667","C4023470"
"56729","2","5","7","34","52","216","395","549","674","C4023471"
"9990","2","5","8","45","94","199","240","415","666","C4023471"
"4137","2","3","7","27","36","150","341","223","628","C4023479"
"4000","2","3","12","26","105","178","226","297","156","C4023479"
"7046","2","3","12","41","219","339","259","423","605","C4023479"
"2592","2","3","2","68","117","196","257","326","419","C4023479"
"1594","2","3","5","92","163","96","363","460","487","C4023479"
"1415","2","3","6","63","45","160","362","177","673","C4023511"
"3918","2","5","7","53","51","342","454","573","492","C4023511"
"29108","2","5","7","34","52","216","395","549","674","C4023511"
"8450","2","3","12","41","116","268","434","468","213","C4023511"
"25974","2","3","7","48","51","105","139","186","245","C4023511"
"1440","2","5","7","53","51","119","25","489","416","C4023511"
"641","2","3","12","19","31","261","116","1","86","C4023511"
"2700","2","3","6","76","153","40","38","54","75","C4023521"
"7469","2","3","12","19","31","261","116","159","211","C4023521"
"5328","2","5","7","34","52","216","395","549","674","C4023551"
"9451","2","3","2","110","51","335","226","297","380","C4023551"
"7084","2","3","2","72","109","115","62","268","353","C4023551"
"6295","2","3","4","68","45","272","427","518","621","C4023551"
"6833","2","5","8","45","36","166","240","415","666","C4023551"
"10225","2","5","7","53","51","119","395","549","674","C4023577"
"3814","2","5","4","68","96","326","427","548","672","C4023577"
"7840","2","3","12","76","153","40","38","54","75","C4023577"
"3845","2","5","7","60","54","24","30","46","72","C4023577"
"7040","2","5","7","53","51","342","454","573","492","C4023577"
"29925","2","3","2","68","66","123","158","207","278","C4023577"
"4868","2","5","7","53","51","335","25","560","373","C4023577"
"4001","2","3","12","76","31","40","38","54","75","C4023577"
"3284","2","3","2","69","98","169","299","183","243","C4023579"
"10262","2","3","2","22","33","323","66","101","136","C4023579"
"5896","2","3","12","41","116","268","434","568","605","C4023583"
"6833","2","5","8","45","36","166","240","415","666","C4023583"
"2896","2","5","7","34","52","216","395","549","674","C4023616"
"1188","2","5","8","63","45","23","34","464","187","C4023616"
"1186","2","5","8","63","45","23","34","464","187","C4023616"
"9227","2","3","2","69","51","101","126","170","224","C4023616"
"6647","2","3","2","95","2","342","378","173","702","C4023616"
"57502","2","5","7","60","36","71","341","223","219","C4023616"
"867","2","5","7","53","14","184","25","40","669","C4023616"
"50640","2","3","5","116","183","295","398","243","327","C4023616"
"1409","2","3","12","76","153","40","38","54","75","C4023616"
"30008","2","5","7","53","51","342","454","573","492","C4023616"
"8398","2","3","5","116","183","40","38","352","455","C4023616"
"7681","2","3","12","41","116","268","434","468","213","C4023616"
"182","2","5","7","53","51","143","428","236","667","C4023616"
"3798","2","3","7","76","153","40","38","54","75","C4023616"
"3239","2","3","3","19","221","321","428","541","667","C4023616"
"5327","2","5","7","53","51","342","454","573","492","C4023616"
"3431","2","3","12","53","184","119","156","287","116","C4023620"
"23400","2","5","8","63","45","23","103","464","187","C4023620"
"7399","2","5","7","53","51","342","454","573","492","C4023676"
"1301","2","5","7","53","51","342","454","573","492","C4023676"
"4313","2","5","7","53","51","342","454","573","492","C4023676"
"5605","2","5","7","53","14","20","34","540","68","C4023676"
"4668","2","3","5","21","111","188","242","313","396","C4023676"
"6495","2","3","3","19","221","321","428","541","667","C4023676"
"1785","2","5","7","60","14","184","341","544","669","C4023684"
"4998","2","3","12","76","31","261","116","1","86","C4023684"
"7507","2","3","12","19","31","261","116","1","86","C4023684"
"10021","2","5","8","63","36","166","106","110","158","C4023698"
"10733","2","3","12","76","153","40","38","54","75","C4023698"
"773","2","5","8","27","36","166","341","223","628","C4023698"
"9992","2","5","8","63","36","166","341","110","158","C4023698"
"26137","2","5","7","63","45","184","103","572","658","C4023701"
"7249","2","3","7","60","57","110","141","359","462","C4023701"
"50814","2","3","2","69","221","73","360","86","119","C4023703"
"9445","2","3","12","19","31","1","426","55","78","C4023703"
"472","2","3","12","19","31","261","116","1","86","C4023722"
"51738","2","5","4","68","96","326","427","548","672","C4023722"
"5824","2","3","5","47","144","185","238","310","392","C4023722"
"28982","2","3","5","25","44","165","101","274","358","C4023722"
"2260","2","5","7","53","14","20","25","40","186","C4023722"
"570","2","3","5","43","161","305","409","255","56","C4023734"
"3636","2","3","5","80","14","20","25","40","186","C4023734"
"7518","2","3","12","19","31","261","116","1","86","C4023734"
"6514","2","5","7","90","216","337","448","565","562","C4023786"
"1736","2","3","2","110","85","237","433","547","671","C4023786"
"3918","2","5","7","53","51","342","454","573","492","C4023786"
"7305","2","5","7","34","52","216","395","549","674","C4023786"
"6774","2","3","12","53","14","276","25","489","416","C4023786"
"2239","2","3","2","74","51","342","454","573","492","C4023786"
"2130","2","3","2","22","33","323","66","491","609","C4023786"
"10060","2","3","8","41","45","23","423","464","445","C4023786"
"7287","2","5","7","11","142","71","341","560","219","C4023786"
"4318","2","5","7","34","52","216","395","573","492","C4023786"
"2969","2","3","12","19","31","276","91","433","118","C4023786"
"3605","2","5","7","53","51","119","25","489","416","C4023786"
"776","2","5","8","63","36","166","341","390","158","C4023786"
"7043","2","5","7","53","51","342","454","573","492","C4023786"
"3952","2","5","3","53","151","276","91","433","118","C4023786"
"72","2","5","8","63","45","23","103","464","187","C4023796"
"3766","2","5","8","63","36","166","106","110","158","C4023796"
"3984","2","5","7","53","14","20","34","540","68","C4023796"
"1908","2","5","4","68","96","326","427","548","672","C4023796"
"1767","2","3","12","76","153","40","38","54","75","C4023801"
"2624","2","3","12","19","31","1","155","287","116","C4023801"
"2779","2","5","4","68","96","326","427","548","672","C4023801"
"6928","2","3","3","19","221","321","428","541","667","C4023801"
"4129","2","3","5","63","63","120","197","203","350","C4023801"
"5604","2","5","7","53","14","20","34","540","68","C4023812"
"5913","2","5","7","27","36","71","341","223","219","C4023812"
"7337","2","3","12","41","116","268","434","468","213","C4023812"
"23414","2","3","12","19","31","118","155","287","116","C4023814"
"51098","2","3","12","76","153","40","38","54","75","C4023814"
"6683","2","3","12","76","153","40","38","54","75","C4023814"
"2147","2","5","7","68","51","342","454","573","492","C4023909"
"4537","2","3","2","48","170","50","119","444","556","C4023909"
"1440","2","5","7","53","51","119","25","489","416","C4023909"
"8504","2","3","5","47","144","185","238","310","392","C4023909"
"2697","2","3","7","76","153","40","38","54","75","C4023909"
"5728","2","3","5","80","81","339","156","568","605","C4023909"
"9401","2","3","12","76","31","261","116","1","86","C4023909"
"4288","2","3","12","76","153","40","38","54","75","C4023909"
"6833","2","5","8","45","36","166","240","415","666","C4023909"
"2736","2","3","12","41","116","321","428","54","667","C4023909"
"6575","2","3","8","45","94","199","240","415","666","C4023909"
"3190","2","3","2","22","33","323","66","101","136","C4023909"
"3293","2","3","2","69","83","169","94","133","70","C4023909"
"3689","2","5","7","34","52","216","395","549","674","C4023909"
"6499","2","3","2","110","85","237","433","547","671","C4023909"
"9274","2","3","12","19","31","1","426","55","78","C4023909"
"627","2","5","7","53","51","335","444","423","373","C4023909"
"9987","2","3","2","22","33","323","66","101","136","C4023911"
"4916","2","5","7","53","14","20","25","447","186","C4023911"
"5897","2","3","12","41","116","268","141","568","605","C4023911"
"55699","2","3","2","110","85","67","76","252","154","C4023911"
"2617","2","3","2","110","85","237","433","252","154","C4023911"
"182","2","5","7","53","51","143","428","236","667","C4023911"
"4920","2","5","7","53","14","20","259","560","373","C4023911"
"8030","2","3","12","76","137","76","136","472","435","C4023911"
"6462","2","5","7","63","45","23","444","464","373","C4023911"
"5696","2","3","12","41","116","268","156","568","116","C4023911"
"10999","2","3","8","45","94","298","401","506","626","C4023915"
"23431","2","5","7","60","18","184","341","544","669","C4023915"
"183","2","5","4","68","96","326","427","548","672","C4023915"
"2641","2","5","4","68","96","326","427","548","672","C4023915"
"5189","2","3","5","43","161","305","409","208","482","C4023915"
"2301","2","5","6","11","142","225","142","220","673","C4023915"
"24","2","3","12","41","116","268","423","536","445","C4023918"
"8867","2","3","5","60","14","184","341","544","669","C4023918"
"3028","2","3","2","67","92","152","32","252","154","C4023918"
"54765","2","3","12","48","182","50","119","444","556","C4023918"
"5465","2","3","3","19","151","276","91","433","118","C4023976"
"51761","2","5","8","63","45","23","103","464","187","C4023976"
"2316","2","5","7","53","51","342","454","573","702","C4023976"
"3339","2","5","7","53","51","342","454","573","492","C4023976"
"2147","2","5","7","68","51","342","454","573","492","C4023976"
"23529","2","5","7","53","51","119","25","40","416","C4023987"
"2263","2","5","7","53","14","20","25","40","186","C4023987"
"4763","2","5","7","60","54","24","30","46","214","C4024098"
"5824","2","3","5","47","144","185","238","310","392","C4024098"
"55112","2","3","12","76","153","40","38","54","75","C4024159"
"6899","2","5","7","53","184","335","259","560","373","C4024159"
"3356","2","5","4","68","96","326","427","548","672","C4024159"
"3930","2","3","2","22","33","323","66","3","464","C4024159"
"5277","2","3","2","61","77","142","176","235","317","C4024159"
"5972","2","5","5","34","52","216","397","418","568","C4024166"
"5172","2","5","8","45","94","199","240","415","666","C4024166"
"6010","2","5","4","68","96","326","427","548","672","C4024166"
"4621","2","5","8","63","45","23","103","464","187","C4024167"
"55065","2","3","5","38","242","230","312","395","511","C4024167"
"55636","2","3","3","19","221","321","428","423","389","C4024167"
"4893","2","5","7","34","52","24","30","46","72","C4024167"
"284119","2","3","7","53","51","342","454","573","492","C4024167"
"29929","2","3","2","48","69","99","162","216","290","C4024171"
"940","2","5","7","53","14","20","25","40","186","C4024171"
"9935","2","3","12","19","31","1","426","55","78","C4024171"
"2318","2","5","7","53","45","23","103","464","187","C4024171"
"10280","2","3","2","110","85","52","57","86","119","C4024171"
"7461","2","3","7","60","153","40","38","93","75","C4024171"
"3845","2","5","7","60","54","24","30","46","72","C4024174"
"2668","2","5","7","53","14","20","25","40","186","C4024174"
"100","2","3","5","33","21","47","56","80","199","C4024188"
"3557","2","3","12","41","219","339","156","568","697","C4024188"
"1769","2","3","12","76","153","40","38","54","75","C4024202"
"1414","2","5","6","11","45","160","362","177","673","C4024202"
"2812","2","5","7","53","51","342","454","573","492","C4024202"
"326","2","3","12","19","31","261","377","370","269","C4024202"
"7169","2","5","8","63","45","23","103","464","187","C4024202"
"11284","2","3","12","19","31","261","116","1","86","C4024202"
"5080","2","3","3","19","221","321","428","541","667","C4024202"
"9401","2","3","12","76","31","261","116","1","86","C4024202"
"8626","2","3","3","19","221","321","428","541","667","C4024202"
"356","2","5","7","53","219","339","25","489","697","C4024202"
"216","2","3","2","75","120","101","102","31","249","C4024202"
"65018","2","3","2","48","57","110","34","359","462","C4024202"
"4771","2","5","7","60","36","71","177","64","215","C4024202"
"6495","2","3","3","19","221","321","428","541","667","C4024202"
"6223","2","3","2","110","85","237","433","547","671","C4024202"
"10678","2","3","2","89","206","324","430","429","544","C4024202"
"4535","2","3","2","48","170","50","119","444","556","C4024202"
"3105","2","5","7","53","51","119","156","287","116","C4024202"
"4893","2","5","7","34","52","24","30","46","72","C4024202"
"1291","2","5","7","53","51","342","454","573","492","C4024202"
"11232","2","3","3","19","151","276","91","433","118","C4024202"
"55703","2","3","2","22","33","261","116","159","211","C4024213"
"5518","2","3","12","76","153","40","38","54","435","C4024213"
"3115","2","5","7","53","184","119","156","287","116","C4024215"
"3081","2","3","2","91","51","3","267","308","429","C4024215"
"6335","2","5","8","63","36","166","341","390","158","C4024215"
"10046","2","3","12","19","31","143","428","236","667","C4024220"
"9101","2","3","12","41","219","339","156","568","605","C4024220"
"5158","2","3","4","68","45","272","259","518","621","C4024220"
"23418","2","5","7","53","36","71","177","560","373","C4024221"
"2033","2","3","12","19","31","1","91","433","118","C4024221"
"26281","2","5","7","53","14","20","25","40","186","C4024221"
"26227","2","3","2","41","137","44","208","81","108","C4024222"
"2316","2","5","7","53","51","342","454","573","702","C4024222"
"857","2","5","7","53","45","23","57","83","422","C4024224"
"4864","2","3","5","48","152","184","341","544","669","C4024224"
"54832","2","5","12","34","52","216","429","321","255","C4024235"
"546","2","3","12","19","31","261","426","1","86","C4024235"
"10907","2","3","2","22","33","323","66","101","136","C4024283"
"2517","2","3","7","34","52","216","395","549","674","C4024283"
"5015","2","3","3","19","221","321","428","541","667","C4024283"
"4313","2","5","7","53","51","342","454","573","492","C4024318"
"5913","2","5","7","27","36","71","341","223","219","C4024318"
"4692","2","5","7","53","51","119","402","489","416","C4024318"
"1584","2","3","5","79","159","256","276","353","456","C4024345"
"50814","2","3","2","69","221","73","360","86","119","C4024345"
"867","2","5","7","53","14","184","25","40","669","C4024345"
"10483","2","3","7","60","54","24","30","46","72","C4024345"
"2670","2","5","7","27","36","150","341","223","628","C4024507"
"100","2","3","5","33","21","47","56","80","199","C4024507"
"6335","2","5","8","63","36","166","341","390","158","C4024507"
"11280","2","5","8","63","36","166","341","390","158","C4024507"
"2067","2","3","12","19","31","261","116","1","86","C4024507"
"4000","2","3","12","26","105","178","226","297","156","C4024536"
"6885","2","3","12","41","219","339","156","568","697","C4024536"
"27229","2","3","12","76","153","40","38","54","75","C4024536"
"7466","2","5","7","53","51","342","454","573","492","C4024552"
"1938","2","3","7","34","52","216","395","549","671","C4024552"
"26160","2","3","12","76","153","40","38","54","75","C4024552"
"462","2","5","7","53","51","342","454","573","492","C4024583"
"81693","2","5","7","48","51","105","139","186","245","C4024583"
"10479","2","5","7","27","36","150","341","223","628","C4024583"
"6010","2","5","4","68","96","326","427","548","672","C4024589"
"10102","2","3","2","48","182","67","76","463","153","C4024589"
"4621","2","5","8","63","45","23","103","464","187","C4024589"
"1967","2","3","2","110","85","237","433","547","671","C4024595"
"3053","2","5","7","53","51","342","454","573","492","C4024595"
"4204","2","3","12","19","31","1","426","55","78","C4024597"
"2548","2","3","7","34","52","216","395","549","674","C4024597"
"5443","2","5","4","68","96","326","427","548","672","C4024598"
"1387","2","3","12","19","31","276","91","433","118","C4024598"
"1736","2","3","2","110","85","237","433","547","671","C4024598"
"9215","2","5","2","27","36","150","430","215","628","C4024598"
"5781","2","5","7","53","14","20","25","40","186","C4024606"
"2697","2","3","7","76","153","40","38","54","75","C4024606"
"28960","2","3","2","22","33","323","433","146","194","C4024606"
"55704","2","3","12","76","153","40","38","54","75","C4024606"
"4000","2","3","12","26","105","178","226","297","156","C4024609"
"367","2","3","12","19","31","276","91","433","118","C4024609"
"1387","2","3","12","19","31","276","91","433","118","C4024609"
"5075","2","3","3","19","221","321","428","541","667","C4024609"
"8195","2","3","12","76","153","76","38","54","75","C4024609"
"6683","2","3","12","76","153","40","38","54","75","C4024610"
"2796","2","5","4","68","96","326","427","548","672","C4024610"
"4313","2","5","7","53","51","342","454","573","492","C4024610"
"54968","2","3","2","48","170","50","119","444","556","C4024612"
"2261","2","5","7","53","14","20","25","40","186","C4024612"
"5696","2","3","12","41","116","268","156","568","116","C4024613"
"1848","2","3","5","42","81","296","399","201","274","C4024613"
"2317","2","5","7","63","45","23","103","287","664","C4024615"
"1193","2","5","8","63","45","23","34","464","187","C4024615"
"4010","2","3","3","19","221","321","428","541","667","C4024615"
"22954","2","3","12","41","116","268","434","468","213","C4024631"
"7337","2","3","12","41","116","268","434","468","213","C4024631"
"421","2","5","7","42","51","335","444","560","373","C4024640"
"7486","2","3","12","19","31","261","116","1","86","C4024640"
"9582","2","3","12","76","153","40","38","54","75","C4024640"
"2010","2","3","12","26","105","296","226","488","156","C4024640"
"6926","2","5","7","53","51","335","259","560","373","C4024641"
"1962","2","3","5","43","161","305","409","208","482","C4024641"
"2354","2","3","12","19","31","1","426","55","78","C4024641"
"5173","2","5","4","68","96","326","427","548","672","C4024641"
"695","2","5","7","53","14","20","25","40","186","C4024641"
"26353","2","3","12","76","45","160","347","271","356","C4024641"
"5648","2","5","7","53","51","119","395","549","674","C4024641"
"5443","2","5","4","68","96","326","427","548","672","C4024641"
"10329","2","3","2","63","123","194","423","536","544","C4024641"
"8635","2","5","7","34","52","216","395","549","674","C4024641"
"6261","2","5","8","63","45","23","34","464","187","C4024644"
"3717","2","5","7","53","14","20","25","40","186","C4024644"
"3479","2","5","7","53","51","342","454","573","492","C4024644"
"58508","2","3","12","19","31","1","426","55","78","C4024646"
"2353","2","3","12","19","31","1","91","489","416","C4024646"
"5328","2","5","7","34","52","216","395","549","674","C4024654"
"2261","2","5","7","53","14","20","25","40","186","C4024654"
"659","2","5","7","53","14","20","259","423","389","C4024655"
"4193","2","3","12","19","31","1","116","89","605","C4024655"
"861","2","3","12","19","31","1","426","55","78","C4024656"
"1311","2","5","7","53","51","342","454","573","492","C4024656"
"2006","2","5","7","53","51","342","454","573","492","C4024660"
"4000","2","3","12","26","105","178","226","297","156","C4024660"
"6663","2","3","3","19","221","321","428","541","667","C4024665"
"2074","2","3","12","19","31","1","426","55","78","C4024665"
"3827","2","5","4","68","96","326","427","548","672","C4024665"
"617","2","3","2","48","170","50","304","167","593","C4024665"
"4763","2","5","7","60","54","24","30","46","214","C4024665"
"6473","2","3","3","19","221","321","428","541","667","C4024665"
"22954","2","3","12","41","116","268","434","468","213","C4024665"
"27089","2","3","2","48","170","50","119","444","542","C4024665"
"2299","2","3","3","19","221","321","428","541","667","C4024665"
"25959","2","3","3","19","151","276","91","433","118","C4024665"
"1893","2","5","7","53","51","342","454","573","702","C4024665"
"54101","2","3","2","48","170","50","347","167","593","C4024665"
"55005","2","3","2","68","96","326","427","429","544","C4024665"
"779","2","5","8","63","36","166","341","390","158","C4024665"
"3766","2","5","8","63","36","166","106","110","158","C4024665"
"5192","2","3","5","43","161","305","409","208","482","C4024665"
"51119","2","3","2","110","85","237","433","547","671","C4024665"
"7439","2","5","8","63","45","23","34","464","187","C4024665"
"5167","2","3","5","32","93","163","207","303","126","C4024665"
"7039","2","3","12","19","31","1","426","55","203","C4024665"
"54808","2","3","12","76","153","40","38","54","75","C4024665"
"23090","2","3","12","19","151","276","91","433","118","C4024665"
"29893","2","3","12","19","31","1","426","55","78","C4024665"
"1297","2","5","7","53","51","342","454","573","492","C4024665"
"55704","2","3","12","76","153","40","38","54","75","C4024667"
"3845","2","5","7","60","54","24","30","46","72","C4024667"
"8289","2","3","12","19","31","1","426","55","78","C4024678"
"6550","2","3","2","45","94","199","240","415","163","C4024678"
"540","2","5","8","63","45","23","103","464","187","C4024679"
"84818","2","5","5","41","219","238","252","489","416","C4024679"
"27316","2","3","2","22","33","323","66","101","136","C4024682"
"3845","2","5","7","60","54","24","30","46","72","C4024682"
"4582","2","5","7","53","206","324","430","429","544","C4024682"
"6901","2","3","2","48","170","50","304","167","593","C4024682"
"348","2","5","7","53","51","342","454","573","492","C4024682"
"9255","2","3","2","110","85","237","433","547","154","C4024689"
"2896","2","5","7","34","52","216","395","549","674","C4024689"
"8985","2","5","7","53","51","342","454","573","492","C4024692"
"4255","2","3","12","19","31","261","116","1","86","C4024692"
"7124","2","3","12","41","219","339","156","568","697","C4024692"
"10269","2","3","2","48","182","50","119","444","556","C4024692"
"760","2","3","5","35","41","77","40","78","178","C4024692"
"673","2","5","7","53","14","20","34","540","68","C4024697"
"2255","2","5","7","53","14","20","25","40","186","C4024697"
"10804","2","3","12","76","153","40","38","54","75","C4024697"
"5727","2","3","12","68","221","197","259","560","422","C4024701"
"51218","2","3","2","48","170","50","119","100","556","C4024701"
"23545","2","3","5","29","88","132","85","222","346","C4024702"
"4000","2","3","12","26","105","178","226","297","156","C4024702"
"26160","2","3","12","76","153","40","38","54","75","C4024705"
"1292","2","5","7","53","51","342","454","573","492","C4024705"
"5290","2","3","7","53","14","20","25","40","186","C4024705"
"3952","2","5","3","53","151","276","91","433","118","C4024709"
"5897","2","3","12","41","116","268","141","568","605","C4024709"
"54808","2","3","12","76","153","40","38","54","75","C4024716"
"23495","2","3","12","41","219","339","156","568","697","C4024716"
"1559","2","3","5","91","214","226","11","348","172","C4024722"
"3423","2","3","5","74","3","342","374","294","590","C4024722"
"11178","2","5","4","63","96","23","103","464","373","C4024726"
"2623","2","3","12","19","31","1","155","287","116","C4024726"
"7855","2","5","3","68","221","197","259","560","422","C4024726"
"1371","2","3","5","17","24","261","116","164","6","C4024730"
"3845","2","5","7","60","54","24","30","46","72","C4024730"
"9700","2","3","12","76","153","40","38","54","75","C4024734"
"23426","2","5","7","42","36","71","177","223","219","C4024734"
"2303","2","5","3","19","221","321","428","541","667","C4024735"
"6598","2","3","12","19","31","1","426","55","78","C4024735"
"3845","2","5","7","60","54","24","30","46","72","C4024737"
"142","2","3","12","19","31","261","116","1","86","C4024737"
"203228","2","3","2","48","57","110","141","359","462","C4024737"
"9037","2","5","7","53","51","342","454","560","492","C4024737"
"843","2","3","12","41","219","339","156","568","697","C4024737"
"9049","2","3","3","41","151","276","378","271","356","C4024737"
"6622","2","3","7","27","36","150","341","223","628","C4024737"
"3918","2","5","7","53","51","342","454","573","492","C4024737"
"26277","2","3","12","19","31","1","426","1","78","C4024737"
"3576","2","5","4","68","96","326","427","548","672","C4024737"
"51360","2","3","3","26","35","276","91","433","203","C4024737"
"1292","2","5","7","53","51","342","454","573","492","C4024737"
"1235","2","5","4","68","96","326","427","548","672","C4024737"
"4810","2","3","2","76","57","110","444","560","373","C4024737"
"5728","2","3","5","80","81","339","156","568","605","C4024737"
"8557","2","5","8","63","45","23","103","464","187","C4024737"
"4000","2","3","12","26","105","178","226","297","156","C4024742"
"5193","2","3","5","43","161","305","409","208","482","C4024742"
"2623","2","3","12","19","31","1","155","287","116","C4024742"
"54453","2","5","7","60","54","24","30","46","72","C4024742"
"1184","2","5","8","63","45","23","34","464","187","C4024742"
"112","2","5","4","68","96","326","427","548","672","C4024742"
"87","2","5","7","53","51","342","454","573","702","C4024742"
"1848","2","3","5","42","81","296","399","201","274","C4024742"
"1639","2","3","12","76","153","40","38","54","75","C4024748"
"29925","2","3","2","68","66","123","158","207","278","C4024748"
"6391","2","3","2","48","170","50","119","444","556","C4024748"
"85480","2","3","12","53","14","20","25","40","186","C4024748"
"6314","2","3","12","19","31","1","426","568","78","C4024748"
"6331","2","5","8","63","36","166","341","223","158","C4024748"
"5428","2","3","2","48","170","50","119","167","593","C4024748"
"7048","2","5","7","53","51","342","259","423","389","C4024748"
"4514","2","3","2","48","57","110","141","359","5","C4024748"
"5450","2","3","12","19","221","261","116","159","211","C4024748"
"4137","2","3","7","27","36","150","341","223","628","C4024756"
"440","2","3","2","101","62","189","182","509","154","C4024756"
"10060","2","3","8","41","45","23","423","464","445","C4024756"
"10585","2","5","2","27","206","324","430","215","290","C4024756"
"5805","2","3","2","43","91","75","204","267","352","C4024756"
"5743","2","3","5","53","175","119","167","489","416","C4024756"
"26580","2","5","8","27","70","99","162","216","290","C4024756"
"89884","2","3","3","110","221","321","428","541","667","C4024756"
"79663","2","3","12","11","36","150","362","448","304","C4024756"
"8318","2","3","12","76","31","261","116","1","86","C4024756"
"1947","2","5","7","53","51","20","25","560","373","C4024756"
"860","2","3","12","19","31","276","91","433","118","C4024756"
"9353","2","5","7","53","51","342","444","560","373","C4024756"
"2566","2","5","8","27","70","99","162","216","290","C4024756"
"1282","2","5","7","53","51","342","454","573","492","C4024756"
"5255","2","3","7","34","45","23","103","464","187","C4024756"
"55612","2","5","7","60","36","71","177","560","701","C4024760"
"1340","2","3","2","48","170","50","141","359","462","C4024760"
"5396","2","3","3","19","221","321","428","541","667","C4024760"
"3954","2","3","2","48","170","67","119","444","593","C4024765"
"9255","2","3","2","110","85","237","433","547","154","C4024765"
"29893","2","3","12","19","31","1","426","55","78","C4024780"
"2006","2","5","7","53","51","342","454","573","492","C4024780"
"4990","2","3","3","19","221","321","428","541","667","C4024780"
"1991","2","5","7","34","52","216","395","549","674","C4024780"
"1376","2","3","2","19","151","276","91","433","118","C4024780"
"3425","2","3","5","80","81","166","454","573","492","C4024780"
"83546","2","3","12","41","116","268","434","468","213","C4024780"
"4509","2","3","2","48","170","50","119","444","556","C4024780"
"2778","2","5","4","68","96","326","427","548","672","C4024780"
"1407","2","3","3","19","151","276","91","433","118","C4024780"
"9451","2","3","2","110","51","335","226","297","380","C4024780"
"11277","2","3","12","19","31","261","116","1","86","C4024780"
"10535","2","3","12","76","153","40","38","54","75","C4024780"
"2316","2","5","7","53","51","342","454","573","702","C4024780"
"10300","2","3","12","76","153","40","38","54","75","C4024780"
"4921","2","5","7","53","14","20","25","573","186","C4024780"
"4035","2","5","7","53","51","342","454","573","492","C4024780"
"2184","2","3","5","76","153","138","236","332","407","C4024780"
"726","2","5","7","53","51","342","454","573","492","C4024780"
"3043","2","5","7","34","52","216","395","549","116","C4024780"
"10743","2","3","3","19","151","276","91","433","118","C4024780"
"1758","2","5","7","53","51","342","454","573","492","C4024780"
"147","2","5","4","68","96","326","427","548","672","C4024780"
"1811","2","5","8","35","41","199","40","415","666","C4024780"
"2896","2","5","7","34","52","216","395","549","674","C4024790"
"3930","2","3","2","22","33","323","66","3","464","C4024790"
"2733","2","3","2","22","33","323","66","101","664","C4024806"
"4221","2","3","12","19","31","342","454","573","492","C4024806"
"1301","2","5","7","53","51","342","454","573","492","C4024809"
"26137","2","5","7","63","45","184","103","572","658","C4024809"
"3586","2","5","7","53","51","119","25","489","416","C4024817"
"4001","2","3","12","76","31","40","38","54","75","C4024817"
"2074","2","3","12","19","31","1","426","55","78","C4024817"
"346288","2","3","12","76","108","225","141","305","387","C4024817"
"9896","2","3","5","80","81","296","399","201","274","C4024822"
"7040","2","5","7","53","51","342","454","573","492","C4024822"
"16","2","3","2","110","85","237","433","547","154","C4024822"
"1015","2","5","7","53","51","335","444","560","373","C4024831"
"3075","2","5","7","53","51","119","395","549","674","C4024831"
"54938","2","3","2","110","85","67","76","252","154","C4024848"
"11041","2","3","2","27","36","150","341","223","628","C4024848"
"4998","2","3","12","76","31","261","116","1","86","C4024853"
"2073","2","3","12","19","31","261","116","1","86","C4024853"
"2535","2","5","3","68","221","197","259","560","422","C4024855"
"4976","2","3","2","48","170","50","119","444","556","C4024855"
"30008","2","5","7","53","51","342","454","573","492","C4024862"
"5193","2","3","5","43","161","305","409","208","482","C4024862"
"5260","2","5","7","53","14","20","34","540","68","C4024867"
"25974","2","3","7","48","51","105","139","186","245","C4024867"
"6891","2","3","12","41","116","119","156","568","116","C4024867"
"7169","2","5","8","63","45","23","103","464","187","C4024867"
"9213","2","5","7","68","96","184","219","380","666","C4024876"
"641","2","3","12","19","31","261","116","1","86","C4024876"
"7068","2","3","3","19","151","276","91","433","118","C4024876"
"7136","2","5","8","63","45","23","103","464","187","C4024878"
"3845","2","5","7","60","54","24","30","46","72","C4024878"
"215","2","3","5","47","144","185","238","310","392","C4024878"
"6664","2","3","3","19","221","321","428","541","667","C4024878"
"5277","2","3","2","61","77","142","176","235","317","C4024878"
"1513","2","5","7","53","51","342","454","573","492","C4024878"
"1161","2","3","12","41","116","268","434","468","213","C4024878"
"6597","2","3","12","19","31","1","426","55","78","C4024878"
"5940","2","3","2","22","33","323","66","101","136","C4024878"
"5961","2","5","7","27","51","326","126","414","702","C4024878"
"5159","2","5","7","53","14","20","25","40","186","C4024878"
"2969","2","3","12","19","31","276","91","433","118","C4024878"
"8289","2","3","12","19","31","1","426","55","78","C4024878"
"90","2","5","7","53","51","342","259","423","389","C4024878"
"4508","2","3","2","48","170","50","119","444","556","C4024878"
"5339","2","5","7","53","51","342","454","573","492","C4024878"
"124583","2","3","7","34","52","216","395","549","674","C4024878"
"6341","2","3","2","48","170","50","119","444","556","C4024878"
"5728","2","3","5","80","81","339","156","568","605","C4024878"
"1639","2","3","12","76","153","40","38","54","75","C4024878"
"5781","2","5","7","53","14","20","25","40","186","C4024878"
"2775","2","5","4","68","36","150","341","223","628","C4024878"
"8813","2","3","2","48","116","142","136","280","363","C4024890"
"9719","2","5","7","53","51","342","454","573","492","C4024890"
"9364","2","5","7","60","54","24","30","46","72","C4024890"
"54","2","3","5","80","81","178","195","256","342","C4024890"
"80326","2","5","3","68","221","197","259","560","422","C4024890"
"6005","2","3","2","16","197","45","155","78","695","C4024890"
"29954","2","5","2","27","206","324","430","215","290","C4024890"
"7518","2","3","12","19","31","261","116","1","86","C4024890"
"4854","2","5","7","53","51","143","428","236","667","C4024890"
"1543","2","3","5","91","151","276","91","433","118","C4024890"
"2328","2","3","5","91","214","226","326","413","530","C4024890"
"10611","2","5","7","60","36","71","177","223","219","C4024890"
"23746","2","3","12","41","83","101","126","271","356","C4024890"
"2158","2","5","7","68","51","119","395","549","674","C4024890"
"4054","2","5","7","53","51","342","454","573","492","C4024890"
"51715","2","5","7","60","54","24","30","46","72","C4024890"
"3026","2","5","7","68","51","119","395","549","674","C4024900"
"9126","2","3","12","76","153","40","38","54","75","C4024900"
"5590","2","5","7","53","14","20","34","540","68","C4024912"
"5573","2","3","12","19","184","118","155","287","116","C4024912"
"9213","2","5","7","68","96","184","219","380","666","C4024912"
"5429","2","3","12","19","31","261","116","1","86","C4024912"
"7403","2","3","12","19","31","1","426","55","78","C4024912"
"3929","2","5","7","53","51","119","25","489","416","C4024912"
"6927","2","3","3","19","221","321","428","541","667","C4024912"
"2218","2","5","2","53","123","194","255","560","373","C4024912"
"2697","2","3","7","76","153","40","38","54","75","C4024924"
"9126","2","3","12","76","153","40","38","54","75","C4024924"
"5339","2","5","7","53","51","342","454","573","492","C4024924"
"4283","2","5","4","68","96","326","427","548","672","C4024927"
"2697","2","3","7","76","153","40","38","54","75","C4024927"
"4534","2","3","5","80","81","296","399","362","468","C4024927"
"51259","2","3","2","76","153","40","38","54","75","C4024927"
"1144","2","5","8","27","70","99","162","216","290","C4024927"
"11019","2","3","2","67","92","293","55","75","311","C4024927"
"6424","2","5","7","53","51","342","454","573","492","C4024927"
"203228","2","3","2","48","57","110","141","359","462","C4024929"
"6329","2","5","8","63","36","166","341","390","158","C4024929"
"5781","2","5","7","53","14","20","25","40","186","C4024930"
"7341","2","3","12","19","31","261","116","1","664","C4024930"
"1954","2","5","7","53","51","342","454","573","492","C4024936"
"6657","2","3","12","19","221","321","428","541","667","C4024936"
"2261","2","5","7","53","14","20","25","40","186","C4024936"
"5172","2","5","8","45","94","199","240","415","666","C4024936"
"93","2","5","7","53","14","20","259","423","389","C4024936"
"8398","2","3","5","116","183","40","38","352","455","C4024936"
"4358","2","3","5","43","161","305","409","208","482","C4024943"
"134701","2","3","12","19","219","1","426","55","78","C4024943"
"3553","2","5","7","53","51","119","25","489","416","C4024946"
"6716","2","3","2","69","98","169","299","50","494","C4024946"
"54903","2","3","12","76","153","40","38","54","75","C4024946"
"5339","2","5","7","53","51","342","454","573","492","C4024956"
"23096","2","5","7","60","54","24","30","46","72","C4024956"
"1027","2","3","12","19","31","1","116","1","86","C4024956"
"2737","2","3","12","19","116","321","428","54","667","C4024956"
"4582","2","5","7","53","206","324","430","429","544","C4024956"
"25792","2","3","12","22","31","261","195","256","340","C4024956"
"2296","2","3","3","19","221","321","428","541","667","C4024970"
"9487","2","3","5","80","81","142","176","235","317","C4024970"
"860","2","3","12","19","31","276","91","433","118","C4024970"
"5076","2","3","3","19","221","321","428","541","667","C4024970"
"10743","2","3","3","19","151","276","91","433","118","C4024970"
"2706","2","3","12","76","153","40","38","54","75","C4024979"
"1736","2","3","2","110","85","237","433","547","671","C4024979"
"2261","2","5","7","53","14","20","25","40","186","C4024979"
"5020","2","5","4","68","96","326","427","548","672","C4024979"
"9652","2","3","2","110","85","237","433","547","671","C4024979"
"9719","2","5","7","53","51","342","454","573","492","C4024989"
"7490","2","3","3","19","221","321","428","541","667","C4024989"
"148014","2","3","12","41","219","339","347","271","356","C4024989"
"23639","2","3","12","41","219","261","136","271","356","C4024989"
"2263","2","5","7","53","14","20","25","40","186","C4024989"
"112476","2","3","2","48","170","50","119","444","556","C4024989"
"55687","2","3","2","48","170","152","119","252","154","C4024989"
"10483","2","3","7","60","54","24","30","46","72","C4024989"
"6310","2","3","12","22","142","225","366","362","468","C4024989"
"51360","2","3","3","26","35","276","91","433","203","C4024989"
"5626","2","3","3","19","221","321","428","541","667","C4024989"
"51574","2","3","2","22","33","323","66","101","136","C4024989"
"8625","2","3","12","19","31","276","91","236","118","C4024989"
"4688","2","5","7","60","14","20","25","40","215","C4024989"
"1301","2","5","7","53","51","342","454","573","492","C4024989"
"5352","2","5","7","53","51","342","454","573","492","C4024989"
"6870","2","5","4","68","96","326","427","548","672","C4024989"
"6945","2","3","12","19","31","110","141","488","102","C4024989"
"5447","2","3","5","91","214","271","372","471","586","C4024993"
"5604","2","5","7","53","14","20","34","540","68","C4024993"
"7249","2","3","7","60","57","110","141","359","462","C4024996"
"9342","2","5","7","34","52","216","395","549","674","C4024996"
"1340","2","3","2","48","170","50","141","359","462","C4024996"
"8546","2","5","7","60","18","184","341","544","669","C4024996"
"1027","2","3","12","19","31","1","116","1","86","C4024996"
"6938","2","3","12","19","31","1","426","55","78","C4024996"
"2138","2","3","12","19","31","1","426","55","78","C4024996"
"6647","2","3","2","95","2","342","378","173","702","C4024996"
"8243","2","3","12","76","31","40","38","54","75","C4024996"
"3559","2","5","7","53","14","20","25","40","186","C4024996"
"7466","2","5","7","53","51","342","454","573","492","C4024996"
"8493","2","3","12","19","31","293","116","201","664","C4024996"
"3423","2","3","5","74","3","342","374","294","590","C4024996"
"1471","2","5","7","34","52","216","395","549","492","C4025000"
"7290","2","3","12","19","31","1","426","55","78","C4025000"
"1747","2","3","3","19","221","321","428","541","667","C4025000"
"2627","2","3","12","19","31","118","155","287","116","C4025008"
"6689","2","3","12","19","31","276","91","433","118","C4025008"
"26012","2","3","12","19","31","261","116","159","211","C4025008"
"9241","2","5","7","53","51","342","259","423","389","C4025008"
"10142","2","3","12","76","153","40","38","54","75","C4025008"
"596","2","3","12","19","219","339","402","489","416","C4025021"
"5015","2","3","3","19","221","321","428","541","667","C4025021"
"4089","2","3","12","19","219","339","259","423","605","C4025021"
"4000","2","3","12","26","105","178","226","297","156","C4025021"
"26227","2","3","2","41","137","44","208","81","108","C4025021"
"7466","2","5","7","53","51","342","454","573","492","C4025021"
"6949","2","3","2","110","85","237","164","390","311","C4025021"
"23230","2","5","7","11","142","71","341","560","219","C4025040"
"5332","2","3","4","68","96","326","427","548","672","C4025040"
"7415","2","3","7","34","52","216","395","536","445","C4025043"
"114609","2","3","12","41","219","339","156","568","697","C4025043"
"6926","2","5","7","53","51","335","259","560","373","C4025043"
"1134","2","5","8","27","70","99","162","216","290","C4025043"
"3265","2","5","7","60","54","24","30","46","72","C4025050"
"9533","2","3","2","19","31","1","426","55","78","C4025050"
"2161","2","5","7","68","51","119","395","549","674","C4025077"
"51082","2","3","2","19","31","1","426","55","78","C4025077"
"3033","2","3","2","67","80","145","179","239","618","C4025078"
"22995","2","3","12","76","153","40","38","54","75","C4025078"
"1513","2","5","7","53","51","342","454","573","492","C4025078"
"51204","2","3","2","48","170","50","119","444","556","C4025086"
"2737","2","3","12","19","116","321","428","54","667","C4025086"
"6495","2","3","3","19","221","321","428","541","667","C4025089"
"5932","2","3","12","19","31","261","116","1","86","C4025089"
"23742","2","5","5","68","96","326","427","447","586","C4025095"
"6340","2","5","8","63","45","23","34","464","187","C4025095"
"7136","2","5","8","63","45","23","103","464","187","C4025095"
"2261","2","5","7","53","14","20","25","40","186","C4025100"
"5551","2","5","7","53","51","119","395","549","674","C4025100"
"2200","2","5","7","53","51","342","454","573","492","C4025100"
"28982","2","3","5","25","44","165","101","274","358","C4025109"
"3339","2","5","7","53","51","342","454","573","492","C4025109"
"5314","2","3","12","76","153","40","38","54","75","C4025111"
"7274","2","3","5","43","161","99","162","216","290","C4025111"
"23476","2","3","12","19","31","1","426","159","211","C4025117"
"9343","2","3","2","22","33","323","66","101","136","C4025117"
"10806","2","3","12","76","153","40","38","54","75","C4025167"
"3265","2","5","7","60","54","24","30","46","72","C4025167"
"7035","2","5","7","68","51","119","395","549","674","C4025167"
"93","2","5","7","53","14","20","259","423","389","C4025167"
"2147","2","5","7","68","51","342","454","573","492","C4025167"
"1137","2","5","8","27","70","99","162","216","290","C4025170"
"9662","2","3","12","76","153","40","38","54","75","C4025170"
"59","2","5","8","63","45","23","103","464","187","C4025170"
"4722","2","3","2","48","170","50","119","444","556","C4025170"
"4014","2","1","6","11","142","225","142","220","298","C4025170"
"242","2","3","5","11","142","223","142","220","298","C4025175"
"4054","2","5","7","53","51","342","454","573","492","C4025175"
"5000","2","3","12","76","31","261","116","1","86","C4025187"
"2624","2","3","12","19","31","1","155","287","116","C4025187"
"1813","2","5","4","68","96","326","427","548","672","C4025187"
"3030","2","3","2","48","57","339","44","65","31","C4025187"
"9197","2","3","2","67","92","293","55","75","311","C4025187"
"51604","2","3","2","61","77","142","176","235","317","C4025187"
"1548","2","3","5","91","214","226","326","447","586","C4025193"
"673","2","5","7","53","14","20","34","540","68","C4025193"
"6870","2","5","4","68","96","326","427","548","672","C4025202"
"760","2","3","5","35","41","77","40","78","178","C4025202"
"595","2","3","12","19","31","1","426","489","416","C4025202"
"1311","2","5","7","53","51","342","454","573","492","C4025202"
"54790","2","3","12","19","31","1","426","55","78","C4025203"
"3596","2","5","7","53","51","119","25","489","416","C4025203"
"1583","2","3","5","79","152","273","375","100","589","C4025203"
"84790","2","3","12","76","153","40","38","54","75","C4025203"
"5277","2","3","2","61","77","142","176","235","317","C4025204"
"5626","2","3","3","19","221","321","428","541","667","C4025204"
"2671","2","3","2","48","170","50","304","167","593","C4025207"
"5648","2","5","7","53","51","119","395","549","674","C4025207"
"2876","2","3","5","80","81","110","378","173","229","C4025208"
"249","2","3","5","27","51","335","444","560","373","C4025208"
"3110","2","3","3","19","221","321","428","541","667","C4025212"
"5053","2","3","5","80","81","166","236","308","390","C4025212"
"5519","2","3","12","76","153","40","38","54","75","C4025234"
"4621","2","5","8","63","45","23","103","464","187","C4025234"
"6655","2","5","7","60","54","24","30","46","72","C4025240"
"367","2","3","12","19","31","276","91","433","118","C4025240"
"5949","2","3","2","69","83","101","126","170","224","C4025249"
"25942","2","3","12","19","31","1","426","55","78","C4025249"
"54809","2","5","7","50","30","193","306","148","624","C4025250"
"4125","2","3","7","34","52","216","395","549","674","C4025250"
"4524","2","3","2","15","166","104","369","117","583","C4025250"
"547","2","3","7","76","153","40","38","54","75","C4025250"
"2200","2","5","7","53","51","342","454","573","492","C4025250"
"103","2","3","2","110","184","119","156","287","116","C4025252"
"7545","2","5","3","34","52","216","142","220","298","C4025252"
"3949","2","5","7","60","14","184","341","544","669","C4025252"
"3329","2","3","2","48","170","50","304","167","593","C4025252"
"1736","2","3","2","110","85","237","433","547","671","C4025252"
"55157","2","3","2","110","85","67","76","252","154","C4025252"
"8644","2","3","2","46","175","227","167","224","301","C4025252"
"2033","2","3","12","19","31","1","91","433","118","C4025252"
"8945","2","3","12","41","116","268","434","468","213","C4025252"
"60482","2","5","8","45","94","199","240","415","666","C4025252"
"116","2","5","4","68","96","326","427","548","672","C4025252"
"545","2","3","12","19","31","261","116","1","86","C4025252"
"1230","2","5","4","68","96","326","427","548","672","C4025252"
"3636","2","3","5","80","14","20","25","40","186","C4025252"
"3845","2","5","7","60","54","24","30","46","72","C4025252"
"5961","2","5","7","27","51","326","126","414","702","C4025252"
"55109","2","5","7","42","81","184","118","543","214","C4025253"
"6473","2","3","3","19","221","321","428","541","667","C4025253"
"72","2","5","8","63","45","23","103","464","187","C4025261"
"2261","2","5","7","53","14","20","25","40","186","C4025261"
"5023","2","5","7","34","52","216","395","549","674","C4025270"
"440","2","3","2","101","62","189","182","509","154","C4025270"
"3690","2","5","7","53","51","342","454","573","492","C4025270"
"51151","2","3","5","23","18","138","250","332","407","C4025272"
"2796","2","5","4","68","96","326","427","548","672","C4025272"
"4867","2","5","7","76","153","40","38","54","75","C4025272"
"875","2","3","5","80","137","44","21","451","316","C4025272"
"8626","2","3","3","19","221","321","428","541","667","C4025278"
"6135","2","3","2","110","85","237","433","547","671","C4025278"
"3239","2","3","3","19","221","321","428","541","667","C4025284"
"10743","2","3","3","19","151","276","91","433","118","C4025284"
"525","2","3","5","29","88","110","141","537","50","C4025301"
"10290","2","5","7","53","14","20","34","540","68","C4025301"
"3767","2","5","8","63","36","166","106","110","158","C4025309"
"6885","2","3","12","41","219","339","156","568","697","C4025309"
"26154","2","3","5","47","144","185","238","310","392","C4025317"
"3117","2","5","7","53","153","119","156","287","116","C4025317"
"1727","2","3","7","34","52","216","395","549","197","C4025319"
"6863","2","5","4","68","96","326","427","548","672","C4025319"
"2006","2","5","7","53","51","342","454","573","492","C4025319"
"1161","2","3","12","41","116","268","434","468","213","C4025319"
"488","2","5","8","63","45","23","103","464","187","C4025319"
"5313","2","3","2","90","167","321","428","541","115","C4025320"
"1717","2","3","2","19","151","276","48","69","204","C4025320"
"2159","2","5","7","68","51","119","454","549","674","C4025320"
"58","2","5","8","63","45","23","103","464","187","C4025320"
"1832","2","5","7","34","52","225","142","220","298","C4025320"
"190","2","3","3","19","151","276","91","433","118","C4025327"
"7273","2","5","7","53","51","342","103","464","702","C4025327"
"652","2","5","7","53","51","342","454","573","492","C4025327"
"8985","2","5","7","53","51","342","454","573","492","C4025329"
"6870","2","5","4","68","96","326","427","548","672","C4025329"
"3784","2","5","8","63","36","166","106","110","158","C4025329"
"4000","2","3","12","26","105","178","226","297","156","C4025329"
"3617","2","5","7","86","221","321","454","311","518","C4025329"
"11041","2","3","2","27","36","150","341","223","628","C4025329"
"673","2","5","7","53","14","20","34","540","68","C4025350"
"3431","2","3","12","53","184","119","156","287","116","C4025350"
"2077","2","3","12","76","153","40","38","54","75","C4025356"
"5728","2","3","5","80","81","339","156","568","605","C4025356"
"8573","2","5","7","53","36","71","341","223","219","C4025362"
"4292","2","3","12","19","31","261","116","1","86","C4025362"
"3766","2","5","8","63","36","166","106","110","158","C4025374"
"9420","2","3","5","79","159","256","215","282","366","C4025374"
"55670","2","3","5","43","161","305","409","208","482","C4025374"
"2263","2","5","7","53","14","20","25","40","186","C4025401"
"355","2","3","7","41","219","339","156","568","697","C4025401"
"51114","2","5","5","68","96","326","162","216","290","C4025411"
"3440","2","3","12","19","184","118","155","287","116","C4025411"
"19","2","3","3","19","151","276","91","433","118","C4025411"
"2294","2","3","3","19","221","321","428","541","667","C4025424"
"1593","2","3","5","79","152","273","157","333","277","C4025424"
"2483","2","3","2","22","33","323","66","101","136","C4025424"
"2006","2","5","7","53","51","342","454","573","492","C4025565"
"4638","2","5","7","53","45","23","103","464","187","C4025565"
"81848","2","5","7","53","14","20","25","40","186","C4025565"
"2290","2","3","3","19","221","321","428","541","667","C4025569"
"2512","2","3","7","34","52","216","395","544","358","C4025569"
"5566","2","3","12","76","14","20","34","540","75","C4025569"
"6866","2","5","4","68","96","326","427","548","672","C4025569"
"4318","2","5","7","34","52","216","395","573","492","C4025569"
"5982","2","3","12","19","31","261","116","1","86","C4025569"
"7283","2","3","12","76","153","40","38","54","75","C4025569"
"6556","2","3","7","34","52","216","395","549","674","C4025569"
"2022","2","5","7","53","51","342","259","423","389","C4025569"
"1292","2","5","7","53","51","342","454","573","492","C4025569"
"1081","2","5","4","68","96","326","427","548","672","C4025569"
"255239","2","5","8","67","36","71","177","75","311","C4025569"
"3032","2","3","2","48","57","38","347","12","145","C4025569"
"6513","2","5","7","90","216","337","448","565","562","C4025569"
"2719","2","5","7","53","51","342","454","573","492","C4025571"
"5339","2","5","7","53","51","342","454","573","492","C4025571"
"8838","2","5","7","53","51","342","259","423","389","C4025571"
"5447","2","3","5","91","214","271","372","471","586","C4025571"
"2673","2","3","2","110","94","178","226","297","380","C4025571"
"2200","2","5","7","53","51","342","454","573","492","C4025572"
"2558","2","5","8","27","70","99","162","216","290","C4025572"
"4512","2","3","2","48","170","110","141","359","8","C4025572"
"2719","2","5","7","53","51","342","454","573","492","C4025572"
"7401","2","5","7","60","83","101","126","170","224","C4025573"
"7287","2","5","7","11","142","71","341","560","219","C4025573"
"4868","2","5","7","53","51","335","25","560","373","C4025573"
"54463","2","3","2","48","57","110","141","359","462","C4025573"
"3594","2","5","7","53","51","119","25","560","373","C4025574"
"10165","2","3","2","48","170","50","304","167","593","C4025574"
"11186","2","5","7","60","54","24","30","46","72","C4025578"
"3119","2","5","7","53","153","119","156","287","116","C4025578"
"1954","2","5","7","53","51","342","454","573","492","C4025579"
"3239","2","3","3","19","221","321","428","541","667","C4025579"
"6535","2","5","8","45","94","199","240","415","666","C4025579"
"1629","2","3","2","67","92","293","55","75","311","C4025579"
"7291","2","3","12","19","151","276","91","489","416","C4025579"
"1836","2","3","2","35","41","94","260","330","375","C4025582"
"29893","2","3","12","19","31","1","426","55","78","C4025582"
"5896","2","3","12","41","116","268","434","568","605","C4025586"
"10528","2","3","2","110","85","237","433","547","671","C4025586"
"5125","2","5","6","11","51","225","142","220","298","C4025586"
"8260","2","3","12","41","85","266","76","287","78","C4025593"
"6938","2","3","12","19","31","1","426","55","78","C4025593"
"3481","2","5","7","53","51","342","454","573","492","C4025594"
"4247","2","3","2","68","67","320","98","180","279","C4025594"
"6348","2","5","4","68","96","326","427","548","672","C4025594"
"990","2","3","12","76","31","261","116","1","86","C4025594"
"6927","2","3","3","19","221","321","428","541","667","C4025594"
"10370","2","3","12","19","31","276","91","433","118","C4025597"
"948","2","5","7","34","52","216","91","433","702","C4025597"
"4297","2","3","12","19","31","1","426","55","78","C4025597"
"3110","2","3","3","19","221","321","428","541","667","C4025597"
"3814","2","5","4","68","96","326","427","548","672","C4025598"
"3815","2","5","7","53","14","20","25","40","186","C4025598"
"11284","2","3","12","19","31","261","116","1","86","C4025600"
"4041","2","5","3","68","221","197","259","560","422","C4025600"
"2200","2","5","7","53","51","342","454","573","492","C4025602"
"1806","2","3","2","49","23","186","149","195","61","C4025602"
"3920","2","5","7","34","52","216","395","549","674","C4025603"
"1301","2","5","7","53","51","342","454","573","492","C4025603"
"1282","2","5","7","53","51","342","454","573","492","C4025603"
"26504","2","3","5","42","81","296","399","201","274","C4025603"
"4893","2","5","7","34","52","24","30","46","72","C4025608"
"11285","2","3","2","74","205","191","396","408","620","C4025608"
"4893","2","5","7","34","52","24","30","46","72","C4025608"
"1594","2","3","5","92","163","96","363","460","487","C4025610"
"5327","2","5","7","53","51","342","454","573","492","C4025610"
"4000","2","3","12","26","105","178","226","297","156","C4025610"
"25782","2","5","7","60","54","24","30","46","72","C4025614"
"617","2","3","2","48","170","50","304","167","593","C4025614"
"3481","2","5","7","53","51","342","454","573","492","C4025614"
"55997","2","5","3","53","221","321","259","423","389","C4025614"
"23600","2","3","5","80","81","305","409","208","482","C4025615"
"4000","2","3","12","26","105","178","226","297","156","C4025615"
"6648","2","3","2","95","151","160","378","173","229","C4025615"
"3476","2","3","12","76","137","76","136","472","435","C4025615"
"779","2","5","8","63","36","166","341","390","158","C4025616"
"3949","2","5","7","60","14","184","341","544","669","C4025616"
"50964","2","5","3","68","221","197","259","423","422","C4025616"
"7078","2","5","7","53","51","342","454","573","702","C4025616"
"1908","2","5","4","68","96","326","427","548","672","C4025616"
"9896","2","3","5","80","81","296","399","201","274","C4025616"
"4000","2","3","12","26","105","178","226","297","156","C4025616"
"6913","2","3","3","19","221","321","428","541","667","C4025616"
"547","2","3","7","76","153","40","38","54","75","C4025616"
"64072","2","5","7","53","51","335","444","560","373","C4025616"
"5449","2","3","3","19","221","321","428","541","667","C4025616"
"5449","2","3","3","19","221","321","428","541","667","C4025616"
"3295","2","3","5","43","161","305","409","208","482","C4025616"
"3242","2","3","5","67","92","293","55","308","390","C4025616"
"2717","2","3","7","34","52","216","395","549","674","C4025616"
"1290","2","5","7","53","51","342","454","573","492","C4025616"
"3081","2","3","2","91","51","3","267","308","429","C4025616"
"9049","2","3","3","41","151","276","378","271","356","C4025619"
"1258","2","5","4","68","45","272","106","518","621","C4025619"
"9060","2","3","2","68","18","63","69","102","143","C4025619"
"2969","2","3","12","19","31","276","91","433","118","C4025619"
"270","2","3","5","33","21","47","84","261","246","C4025626"
"4337","2","3","2","80","91","75","204","267","352","C4025626"
"6529","2","5","8","45","94","199","240","415","666","C4025626"
"2260","2","5","7","53","14","20","25","40","186","C4025626"
"60528","2","3","12","22","33","323","66","101","664","C4025626"
"10060","2","3","8","41","45","23","423","464","445","C4025628"
"4514","2","3","2","48","57","110","141","359","5","C4025628"
"8074","2","5","7","53","14","20","25","40","186","C4025628"
"7276","2","5","7","34","52","216","395","549","674","C4025629"
"6341","2","3","2","48","170","50","119","444","556","C4025629"
"3479","2","5","7","53","51","342","454","573","492","C4025630"
"2990","2","3","7","34","52","216","395","549","674","C4025630"
"8243","2","3","12","76","31","40","38","54","75","C4025630"
"60529","2","3","3","19","221","321","428","541","667","C4025630"
"788","2","3","2","45","151","199","240","415","666","C4025635"
"2778","2","5","4","68","96","326","427","548","672","C4025635"
"22948","2","3","12","76","137","76","136","472","435","C4025639"
"860","2","3","12","19","31","276","91","433","118","C4025639"
"4914","2","3","2","22","18","266","202","252","252","C4025639"
"55315","2","3","5","80","81","296","62","94","150","C4025639"
"124590","2","3","3","19","221","321","428","541","667","C4025640"
"2548","2","3","7","34","52","216","395","549","674","C4025640"
"3690","2","5","7","53","51","342","454","573","492","C4025640"
"5296","2","5","7","53","14","20","25","40","186","C4025640"
"5897","2","3","12","41","116","268","141","568","605","C4025644"
"2563","2","5","8","27","70","99","162","216","290","C4025644"
"2332","2","3","2","22","33","71","373","466","609","C4025644"
"1589","2","3","5","79","186","215","297","379","491","C4025644"
"948","2","5","7","34","52","216","91","433","702","C4025644"
"3691","2","5","7","53","51","342","454","573","492","C4025644"
"51715","2","5","7","60","54","24","30","46","72","C4025644"
"3952","2","5","3","53","151","276","91","433","118","C4025644"
"5052","2","3","5","80","81","110","141","359","229","C4025644"
"4088","2","3","12","19","219","339","259","423","605","C4025644"
"2778","2","5","4","68","96","326","427","548","672","C4025644"
"8224","2","5","7","60","36","71","341","223","624","C4025644"
"2688","2","5","7","53","51","119","25","40","186","C4025644"
"10262","2","3","2","22","33","323","66","101","136","C4025644"
"1292","2","5","7","53","51","342","454","573","492","C4025648"
"213","2","5","7","53","51","342","454","573","492","C4025648"
"4846","2","3","5","41","219","75","243","44","64","C4025649"
"1201","2","3","2","48","170","50","304","167","593","C4025649"
"10002","2","3","3","19","151","276","91","433","118","C4025649"
"3889","2","1","6","11","142","225","142","220","298","C4025650"
"1859","2","3","7","53","14","20","34","540","68","C4025650"
"3815","2","5","7","53","14","20","25","40","186","C4025650"
"2200","2","5","7","53","51","342","454","573","492","C4025650"
"3558","2","5","7","53","14","20","25","40","186","C4025650"
"2176","2","3","12","19","31","261","116","1","86","C4025650"
"7428","2","3","12","41","116","268","434","468","213","C4025650"
"7042","2","5","7","53","51","342","454","573","492","C4025650"
"54822","2","5","8","63","45","193","306","390","158","C4025650"
"348","2","5","7","53","51","342","454","573","492","C4025651"
"27130","2","3","12","48","45","143","38","236","69","C4025651"
"2562","2","5","8","27","70","99","162","216","290","C4025651"
"5745","2","5","4","68","96","326","427","548","672","C4025651"
"8813","2","3","2","48","116","142","136","280","363","C4025651"
"26608","2","3","2","22","170","50","119","463","153","C4025651"
"4436","2","3","12","19","31","261","116","1","86","C4025651"
"6606","2","3","2","22","33","323","66","101","136","C4025656"
"3155","2","3","5","43","161","305","409","208","482","C4025656"
"2697","2","3","7","76","153","40","38","54","75","C4025656"
"4722","2","3","2","48","170","50","119","444","556","C4025659"
"6389","2","3","2","48","170","50","119","444","556","C4025659"
"2271","2","3","5","80","81","166","170","226","305","C4025660"
"10082","2","3","2","74","51","342","454","573","492","C4025660"
"4358","2","3","5","43","161","305","409","208","482","C4025660"
"617","2","3","2","48","170","50","304","167","593","C4025660"
"1741","2","5","7","60","36","71","341","223","219","C4025660"
"6905","2","3","12","76","153","40","38","54","75","C4025662"
"4000","2","3","12","26","105","178","226","297","156","C4025662"
"2177","2","3","2","110","90","261","431","545","443","C4025662"
"9652","2","3","2","110","85","237","433","547","671","C4025662"
"60","2","3","12","60","45","184","155","287","78","C4025662"
"3611","2","5","7","53","14","20","103","188","701","C4025662"
"3339","2","5","7","53","51","342","454","573","492","C4025662"
"4625","2","3","8","63","45","23","103","464","187","C4025662"
"6391","2","3","2","48","170","50","119","444","556","C4025662"
"6399","2","5","7","60","54","24","30","46","72","C4025662"
"7124","2","3","12","41","219","339","156","568","697","C4025663"
"1027","2","3","12","19","31","1","116","1","86","C4025663"
"3909","2","5","7","53","51","342","454","573","492","C4025663"
"5744","2","5","4","68","96","326","427","548","672","C4025663"
"6845","2","5","7","60","14","184","341","544","669","C4025663"
"269","2","5","7","53","14","20","259","423","389","C4025663"
"9927","2","3","12","19","31","118","155","287","116","C4025663"
"7461","2","3","7","60","153","40","38","93","75","C4025663"
"7167","2","3","2","90","167","266","367","500","577","C4025663"
"1548","2","3","5","91","214","226","326","447","586","C4025669"
"7166","2","3","5","80","81","166","307","258","345","C4025669"
"2108","2","3","2","48","170","50","119","444","556","C4025669"
"5894","2","5","7","60","54","23","34","464","187","C4025669"
"6335","2","5","8","63","36","166","341","390","158","C4025669"
"79797","2","3","2","11","142","225","214","220","144","C4025669"
"23495","2","3","12","41","219","339","156","568","697","C4025669"
"3835","2","3","12","76","153","40","38","54","75","C4025669"
"4846","2","3","5","41","219","75","243","44","64","C4025669"
"443","2","3","5","80","81","189","182","509","409","C4025669"
"412","2","3","5","105","155","250","291","152","420","C4025669"
"673","2","5","7","53","14","20","34","540","68","C4025669"
"10043","2","5","7","34","52","216","395","549","674","C4025670"
"8644","2","3","2","46","175","227","167","224","301","C4025670"
"4784","2","3","2","22","33","261","116","159","211","C4025670"
"2972","2","3","2","19","33","261","116","159","211","C4025671"
"8481","2","3","12","76","153","40","38","54","75","C4025671"
"103","2","3","2","110","184","119","156","287","116","C4025672"
"7421","2","3","3","19","151","276","91","433","118","C4025672"
"3295","2","3","5","43","161","305","409","208","482","C4025672"
"5167","2","3","5","32","93","163","207","303","126","C4025673"
"5290","2","3","7","53","14","20","25","40","186","C4025673"
"6335","2","5","8","63","36","166","341","390","158","C4025673"
"2316","2","5","7","53","51","342","454","573","702","C4025674"
"5894","2","5","7","60","54","23","34","464","187","C4025674"
"2697","2","3","7","76","153","40","38","54","75","C4025675"
"4729","2","3","2","48","170","50","119","444","556","C4025675"
"2720","2","3","7","34","52","216","395","21","599","C4025675"
"5317","2","5","7","34","52","216","142","220","298","C4025676"
"7015","2","3","12","19","31","1","426","55","78","C4025676"
"4854","2","5","7","53","51","143","428","236","667","C4025676"
"55109","2","5","7","42","81","184","118","543","214","C4025676"
"5468","2","3","3","19","151","276","91","433","118","C4025676"
"4683","2","3","12","19","31","261","116","1","86","C4025676"
"987","2","3","6","48","94","279","347","330","304","C4025679"
"7124","2","3","12","41","219","339","156","568","697","C4025679"
"23334","2","3","5","48","179","289","133","179","476","C4025681"
"1373","2","3","8","84","97","167","210","271","536","C4025681"
"1675","2","5","7","34","52","216","395","549","674","C4025682"
"7249","2","3","7","60","57","110","141","359","462","C4025682"
"4668","2","3","5","21","111","188","242","313","396","C4025682"
"3763","2","5","8","63","36","166","106","110","158","C4025683"
"1911","2","3","12","19","31","1","426","55","78","C4025683"
"2737","2","3","12","19","116","321","428","54","667","C4025690"
"147409","2","1","6","11","142","225","142","220","298","C4025690"
"1824","2","1","6","11","142","225","142","220","298","C4025690"
"249","2","3","5","27","51","335","444","560","373","C4025693"
"4157","2","5","4","68","96","326","427","548","672","C4025693"
"7020","2","3","12","19","31","276","91","433","664","C4025693"
"338","2","5","7","53","51","342","454","573","492","C4025695"
"6611","2","3","2","58","55","25","46","329","198","C4025695"
"1387","2","3","12","19","31","276","91","433","118","C4025695"
"3162","2","3","5","53","51","119","402","489","416","C4025695"
"2259","2","5","8","63","36","166","341","223","158","C4025695"
"4583","2","3","3","89","206","324","430","429","544","C4025696"
"6774","2","3","12","53","14","276","25","489","416","C4025696"
"5961","2","5","7","27","51","326","126","414","702","C4025698"
"4867","2","5","7","76","153","40","38","54","75","C4025698"
"23426","2","5","7","42","36","71","177","223","219","C4025699"
"3257","2","5","7","60","54","24","30","46","72","C4025699"
"7299","2","3","5","23","18","138","250","332","407","C4025700"
"2314","2","3","12","63","45","184","103","572","658","C4025700"
"8291","2","5","8","63","45","23","103","464","187","C4025703"
"1586","2","3","5","79","98","256","335","425","540","C4025703"
"51741","2","3","2","22","33","323","66","101","127","C4025703"
"5091","2","3","2","35","40","130","166","57","435","C4025720"
"7053","2","3","6","11","142","225","142","220","298","C4025720"
"7259","2","3","12","19","31","1","426","55","78","C4025720"
"4763","2","5","7","60","54","24","30","46","214","C4025723"
"23322","2","3","12","76","153","40","38","54","75","C4025723"
"5648","2","5","7","53","51","119","395","549","674","C4025723"
"1675","2","5","7","34","52","216","395","549","674","C4025723"
"2033","2","3","12","19","31","1","91","433","118","C4025723"
"3592","2","5","7","53","51","119","25","489","416","C4025723"
"9509","2","5","7","53","51","342","454","573","492","C4025723"
"3977","2","5","7","53","51","119","25","40","416","C4025723"
"10815","2","5","7","60","36","71","341","223","666","C4025723"
"2592","2","3","2","68","117","196","257","326","419","C4025723"
"56729","2","5","7","34","52","216","395","549","674","C4025723"
"5468","2","3","3","19","151","276","91","433","118","C4025728"
"1736","2","3","2","110","85","237","433","547","671","C4025728"
"1991","2","5","7","34","52","216","395","549","674","C4025728"
"10087","2","3","7","50","47","39","100","321","255","C4025728"
"3939","2","3","2","62","37","28","52","105","349","C4025728"
"2056","2","5","7","53","51","119","25","40","186","C4025728"
"367","2","3","12","19","31","276","91","433","118","C4025728"
"257019","2","5","7","60","36","71","378","64","436","C4025731"
"10815","2","5","7","60","36","71","341","223","666","C4025731"
"26191","2","5","7","53","14","20","25","40","186","C4025731"
"7518","2","3","12","19","31","261","116","1","86","C4025731"
"2719","2","5","7","53","51","342","454","573","492","C4025731"
"5745","2","5","4","68","96","326","427","548","672","C4025731"
"5696","2","3","12","41","116","268","156","568","116","C4025733"
"2218","2","5","2","53","123","194","255","560","373","C4025733"
"355","2","3","7","41","219","339","156","568","697","C4025735"
"11277","2","3","12","19","31","261","116","1","86","C4025735"
"54806","2","5","7","76","153","40","38","54","75","C4025735"
"1289","2","5","7","53","51","342","454","573","492","C4025735"
"1186","2","5","8","63","45","23","34","464","187","C4025735"
"5395","2","3","12","19","31","261","116","1","86","C4025735"
"583","2","3","12","76","153","40","38","54","75","C4025735"
"6662","2","3","3","19","221","321","428","541","667","C4025736"
"1027","2","3","12","19","31","1","116","1","86","C4025736"
"182","2","5","7","53","51","143","428","236","667","C4025736"
"595","2","3","12","19","31","1","426","489","416","C4025737"
"6514","2","5","7","90","216","337","448","565","562","C4025737"
"55135","2","3","12","76","137","76","136","472","435","C4025738"
"9791","2","3","8","45","94","199","240","415","666","C4025738"
"1548","2","3","5","91","214","226","326","447","586","C4025739"
"1545","2","3","5","91","175","271","372","443","558","C4025739"
"26580","2","5","8","27","70","99","162","216","290","C4025740"
"6495","2","3","3","19","221","321","428","541","667","C4025740"
"10280","2","3","2","110","85","52","57","86","119","C4025741"
"79659","2","3","12","76","153","40","38","54","75","C4025741"
"84976","2","3","12","19","124","238","428","236","667","C4025741"
"54903","2","3","12","76","153","40","38","54","75","C4025741"
"1075","2","5","7","34","52","216","395","549","674","C4025741"
"2623","2","3","12","19","31","1","155","287","116","C4025741"
"3753","2","5","8","63","36","166","341","223","158","C4025744"
"2152","2","5","7","53","51","119","454","549","674","C4025744"
"4536","2","3","2","48","170","50","119","444","556","C4025744"
"8565","2","3","2","110","85","237","433","547","154","C4025744"
"6647","2","3","2","95","2","342","378","173","702","C4025744"
"9378","2","5","7","27","36","71","341","223","219","C4025749"
"3845","2","5","7","60","54","24","30","46","72","C4025749"
"673","2","5","7","53","14","20","34","540","68","C4025749"
"54209","2","5","7","53","51","119","395","549","674","C4025749"
"4204","2","3","12","19","31","1","426","55","78","C4025749"
"2495","2","3","7","34","52","216","395","274","358","C4025749"
"4041","2","5","3","68","221","197","259","560","422","C4025749"
"29072","2","3","12","19","31","1","426","55","78","C4025749"
"545","2","3","12","19","31","261","116","1","86","C4025749"
"5192","2","3","5","43","161","305","409","208","482","C4025749"
"1292","2","5","7","53","51","342","454","573","492","C4025749"
"846","2","5","4","68","96","326","427","548","672","C4025749"
"6687","2","3","2","48","170","50","119","444","593","C4025749"
"5728","2","3","5","80","81","339","156","568","605","C4025750"
"5897","2","3","12","41","116","268","141","568","605","C4025750"
"3766","2","5","8","63","36","166","106","110","158","C4025750"
"4853","2","3","12","19","124","143","428","236","667","C4025750"
"3295","2","3","5","43","161","305","409","208","482","C4025750"
"23321","2","5","7","53","184","119","156","287","116","C4025750"
"5979","2","5","7","53","14","20","25","40","186","C4025750"
"5727","2","3","12","68","221","197","259","560","422","C4025750"
"1289","2","5","7","53","51","342","454","573","492","C4025750"
"8260","2","3","12","41","85","266","76","287","78","C4025751"
"207","2","3","7","53","14","20","34","489","416","C4025751"
"3481","2","5","7","53","51","342","454","573","492","C4025753"
"11093","2","5","7","53","51","342","454","573","492","C4025753"
"4703","2","5","7","60","45","23","103","464","187","C4025755"
"185","2","5","4","68","96","326","427","548","672","C4025755"
"3176","2","3","2","19","31","1","426","55","78","C4025755"
"1280","2","5","7","53","51","342","454","573","492","C4025759"
"10269","2","3","2","48","182","50","119","444","556","C4025759"
"7080","2","3","3","19","221","321","428","541","667","C4025759"
"5573","2","3","12","19","184","118","155","287","116","C4025760"
"7042","2","5","7","53","51","342","454","573","492","C4025760"
"8643","2","5","3","68","221","197","259","560","422","C4025760"
"55572","2","3","2","48","170","50","119","444","556","C4025760"
"6716","2","3","2","69","98","169","299","50","494","C4025761"
"5885","2","3","12","76","153","40","38","54","75","C4025761"
"1836","2","3","2","35","41","94","260","330","375","C4025763"
"4088","2","3","12","19","219","339","259","423","605","C4025763"
"9126","2","3","12","76","153","40","38","54","75","C4025763"
"5073","2","3","2","110","85","323","433","146","194","C4025763"
"27089","2","3","2","48","170","50","119","444","542","C4025763"
"54209","2","5","7","53","51","119","395","549","674","C4025763"
"1513","2","5","7","53","51","342","454","573","492","C4025763"
"1380","2","5","7","53","51","119","395","549","674","C4025763"
"22858","2","3","7","53","14","20","34","540","68","C4025763"
"6571","2","3","8","60","36","71","341","223","624","C4025763"
"54539","2","3","2","48","170","50","119","444","556","C4025763"
"26160","2","3","12","76","153","40","38","54","75","C4025763"
"4929","2","3","3","19","151","276","91","433","118","C4025777"
"633","2","5","7","53","51","342","454","573","492","C4025777"
"274","2","5","7","60","14","184","341","544","669","C4025787"
"2516","2","3","3","19","151","276","91","433","118","C4025787"
"1281","2","5","7","53","51","342","454","573","492","C4025787"
"7051","2","1","6","11","142","225","142","220","298","C4025787"
"5727","2","3","12","68","221","197","259","560","422","C4025787"
"10020","2","3","2","89","124","204","42","452","258","C4025787"
"23236","2","3","4","68","96","326","427","548","672","C4025787"
"2255","2","5","7","53","14","20","25","40","186","C4025787"
"10269","2","3","2","48","182","50","119","444","556","C4025787"
"286","2","5","7","60","153","40","38","54","203","C4025787"
"176","2","5","7","53","51","342","454","573","492","C4025788"
"51524","2","5","7","45","94","199","240","415","666","C4025788"
"9939","2","3","2","22","33","323","66","101","136","C4025788"
"50939","2","3","12","76","153","40","38","472","435","C4025788"
"23400","2","5","8","63","45","23","103","464","187","C4025788"
"948","2","5","7","34","52","216","91","433","702","C4025788"
"3479","2","5","7","53","51","342","454","573","492","C4025788"
"5573","2","3","12","19","184","118","155","287","116","C4025788"
"4988","2","5","4","68","96","326","427","548","672","C4025788"
"5727","2","3","12","68","221","197","259","560","422","C4025789"
"57670","2","5","7","42","81","184","118","543","214","C4025789"
"5896","2","3","12","41","116","268","434","568","605","C4025796"
"2895","2","5","4","68","36","71","427","223","219","C4025796"
"5818","2","5","7","53","51","335","444","560","373","C4025799"
"2108","2","3","2","48","170","50","119","444","556","C4025799"
"538","2","3","8","63","45","23","103","464","187","C4025799"
"1836","2","3","2","35","41","94","260","330","375","C4025799"
"10225","2","5","7","53","51","119","395","549","674","C4025799"
"7124","2","3","12","41","219","339","156","568","697","C4025799"
"4089","2","3","12","19","219","339","259","423","605","C4025805"
"2566","2","5","8","27","70","99","162","216","290","C4025805"
"1269","2","5","4","68","96","326","427","548","672","C4025806"
"3339","2","5","7","53","51","342","454","573","492","C4025806"
"257","2","3","3","19","221","321","428","541","667","C4025810"
"28952","2","3","12","41","116","268","434","468","213","C4025810"
"7066","2","5","7","53","51","119","25","573","416","C4025811"
"5599","2","3","12","19","31","1","34","540","68","C4025811"
"84100","2","5","7","60","54","24","30","46","72","C4025811"
"4830","2","3","2","72","109","182","235","307","506","C4025811"
"5159","2","5","7","53","14","20","25","40","186","C4025819"
"4538","2","3","2","48","170","50","119","444","556","C4025819"
"10117","2","5","7","53","51","342","454","573","492","C4025819"
"29123","2","3","12","19","151","276","91","433","118","C4025819"
"25778","2","3","2","41","51","138","79","160","385","C4025819"
"3074","2","3","7","34","52","216","395","549","607","C4025819"
"220","2","3","5","75","120","10","165","432","297","C4025819"
"7040","2","5","7","53","51","342","454","573","492","C4025819"
"10087","2","3","7","50","47","39","100","321","255","C4025819"
"2799","2","3","7","34","52","216","395","549","33","C4025819"
"54585","2","3","12","76","153","76","38","54","75","C4025819"
"3339","2","5","7","53","51","342","454","573","492","C4025819"
"26012","2","3","12","19","31","261","116","159","211","C4025821"
"5972","2","5","5","34","52","216","397","418","568","C4025821"
"1848","2","3","5","42","81","296","399","201","274","C4025821"
"4851","2","3","12","19","221","143","428","236","667","C4025821"
"8242","2","3","12","19","31","1","426","55","78","C4025821"
"3458","2","5","7","53","184","119","156","287","116","C4025821"
"8600","2","5","7","41","219","339","156","568","697","C4025821"
"55112","2","3","12","76","153","40","38","54","75","C4025821"
"1301","2","5","7","53","51","342","454","573","492","C4025821"
"7078","2","5","7","53","51","342","454","573","702","C4025821"
"2200","2","5","7","53","51","342","454","573","492","C4025821"
"1294","2","5","7","53","51","342","454","573","492","C4025821"
"1041","2","1","6","11","142","225","142","220","298","C4025821"
"6092","2","5","7","53","51","335","444","560","373","C4025821"
"6499","2","3","2","110","85","237","433","547","671","C4025821"
"6567","2","5","8","35","41","77","40","57","80","C4025821"
"4502","2","5","7","53","184","119","156","287","116","C4025821"
"25977","2","5","7","60","14","184","341","544","669","C4025821"
"2719","2","5","7","53","51","342","454","573","492","C4025823"
"51083","2","5","4","68","96","326","427","548","672","C4025823"
"801","2","5","8","63","45","23","103","464","187","C4025823"
"1408","2","3","3","19","151","276","91","433","118","C4025823"
"7084","2","3","2","72","109","115","62","268","353","C4025823"
"57082","2","3","12","76","153","40","38","54","75","C4025823"
"3848","2","5","7","34","52","225","142","220","298","C4025823"
"3329","2","3","2","48","170","50","304","167","593","C4025823"
"23529","2","5","7","53","51","119","25","40","416","C4025823"
"1280","2","5","7","53","51","342","454","573","492","C4025828"
"2260","2","5","7","53","14","20","25","40","186","C4025828"
"1536","2","5","7","34","52","216","395","549","674","C4025828"
"930","2","5","7","53","14","119","25","40","186","C4025829"
"4359","2","5","7","53","51","342","454","573","492","C4025829"
"5325","2","3","12","19","31","198","261","146","118","C4025830"
"668","2","3","12","19","221","321","428","541","664","C4025830"
"54949","2","3","2","48","170","50","119","444","556","C4025830"
"8086","2","3","12","22","33","323","66","101","664","C4025830"
"1280","2","5","7","53","51","342","454","573","492","C4025831"
"2353","2","3","12","19","31","1","91","489","416","C4025831"
"26227","2","3","2","41","137","44","208","81","108","C4025835"
"8200","2","5","7","53","51","342","259","423","389","C4025835"
"11128","2","3","2","22","33","261","116","159","211","C4025836"
"55280","2","3","2","22","33","323","66","101","136","C4025836"
"23169","2","3","2","78","205","112","430","429","544","C4025836"
"348","2","5","7","53","51","342","454","573","492","C4025836"
"8216","2","3","12","41","119","330","214","454","144","C4025836"
"1410","2","3","12","63","45","23","38","54","187","C4025836"
"26191","2","5","7","53","14","20","25","40","186","C4025836"
"6331","2","5","8","63","36","166","341","223","158","C4025838"
"1436","2","5","7","53","14","20","25","40","186","C4025838"
"3981","2","3","12","19","31","261","116","1","86","C4025838"
"5922","2","5","7","60","54","24","30","46","72","C4025838"
"2146","2","3","12","19","31","1","426","55","78","C4025838"
"3077","2","5","7","53","51","119","395","549","674","C4025838"
"6674","2","3","12","48","57","50","38","54","462","C4025838"
"2263","2","5","7","53","14","20","25","40","186","C4025838"
"1312","2","3","2","87","79","105","426","129","25","C4025838"
"540","2","5","8","63","45","23","103","464","187","C4025838"
"2773","2","5","4","68","96","326","427","548","672","C4025838"
"4726","2","3","2","48","170","50","119","444","556","C4025838"
"9469","2","3","2","103","189","303","29","475","467","C4025838"
"4157","2","5","4","68","96","326","427","548","672","C4025838"
"55275","2","5","7","60","54","24","98","66","203","C4025838"
"23630","2","5","8","63","36","166","106","110","158","C4025838"
"7389","2","3","2","17","24","51","132","210","123","C4025838"
"3480","2","5","7","53","14","20","25","40","186","C4025838"
"3949","2","5","7","60","14","184","341","544","669","C4025838"
"6401","2","5","7","53","51","119","454","573","492","C4025841"
"1499","2","3","12","19","221","197","259","560","422","C4025841"
"10293","2","3","12","41","116","268","434","468","213","C4025843"
"8289","2","3","12","19","31","1","426","55","78","C4025843"
"6334","2","5","8","63","36","166","341","223","158","C4025844"
"1490","2","5","7","53","51","342","454","573","492","C4025844"
"999","2","5","7","53","51","342","444","560","373","C4025844"
"8802","2","3","8","67","92","293","55","75","311","C4025844"
"2625","2","3","12","19","31","339","155","287","116","C4025844"
"2705","2","3","12","76","153","40","38","54","75","C4025844"
"23474","2","3","12","19","31","1","91","433","118","C4025844"
"8626","2","3","3","19","221","321","428","541","667","C4025844"
"8260","2","3","12","41","85","266","76","287","78","C4025844"
"190","2","3","3","19","151","276","91","433","118","C4025844"
"26503","2","3","2","89","124","204","272","347","442","C4025844"
"4292","2","3","12","19","31","261","116","1","86","C4025844"
"4722","2","3","2","48","170","50","119","444","556","C4025844"
"686","2","3","5","80","81","166","166","127","173","C4025844"
"4688","2","5","7","60","14","20","25","40","215","C4025844"
"2516","2","3","3","19","151","276","91","433","118","C4025844"
"948","2","5","7","34","52","216","91","433","702","C4025844"
"5290","2","3","7","53","14","20","25","40","186","C4025844"
"5832","2","3","2","101","62","189","182","509","252","C4025844"
"1289","2","5","7","53","51","342","454","573","492","C4025844"
"144717","2","5","7","60","54","24","30","46","72","C4025844"
"3229","2","3","3","19","221","321","428","541","667","C4025845"
"1134","2","5","8","27","70","99","162","216","290","C4025845"
"2812","2","5","7","53","51","342","454","573","492","C4025845"
"3115","2","5","7","53","184","119","156","287","116","C4025845"
"8626","2","3","3","19","221","321","428","541","667","C4025845"
"10381","2","3","12","76","153","40","38","54","75","C4025845"
"5443","2","5","4","68","96","326","427","548","672","C4025845"
"7528","2","3","12","19","31","1","426","55","78","C4025845"
"7039","2","3","12","19","31","1","426","55","203","C4025845"
"6890","2","3","12","41","184","119","156","568","116","C4025845"
"7353","2","3","12","41","219","339","156","568","605","C4025845"
"9790","2","3","2","110","85","237","433","547","671","C4025845"
"23594","2","3","12","76","153","261","116","1","86","C4025845"
"5251","2","3","5","80","81","296","474","593","722","C4025845"
"3329","2","3","2","48","170","50","304","167","593","C4025847"
"7099","2","5","7","41","219","339","156","568","697","C4025847"
"5906","2","5","7","34","52","216","30","46","72","C4025849"
"594","2","3","2","67","92","293","55","75","311","C4025849"
"7248","2","3","2","48","57","110","141","359","462","C4025849"
"10743","2","3","3","19","151","276","91","433","118","C4025849"
"6885","2","3","12","41","219","339","156","568","697","C4025849"
"1292","2","5","7","53","51","342","454","573","492","C4025850"
"9791","2","3","8","45","94","199","240","415","666","C4025850"
"10087","2","3","7","50","47","39","100","321","255","C4025853"
"34","2","3","2","19","151","276","91","433","118","C4025853"
"4524","2","3","2","15","166","104","369","117","583","C4025857"
"715","2","5","7","53","51","119","395","549","674","C4025857"
"2778","2","5","4","68","96","326","427","548","672","C4025857"
"9499","2","5","7","53","51","23","103","464","187","C4025858"
"7177","2","3","5","80","51","119","454","549","674","C4025858"
"673","2","5","7","53","14","20","34","540","68","C4025858"
"3949","2","5","7","60","14","184","341","544","669","C4025858"
"23411","2","3","12","19","31","1","91","433","118","C4025858"
"4914","2","3","2","22","18","266","202","252","252","C4025858"
"3043","2","5","7","34","52","216","395","549","116","C4025860"
"6648","2","3","2","95","151","160","378","173","229","C4025860"
"478","2","3","8","63","45","23","366","464","187","C4025860"
"224","2","3","5","50","47","39","202","19","233","C4025860"
"673","2","5","7","53","14","20","34","540","68","C4025860"
"215","2","3","5","47","144","185","238","310","392","C4025860"
"7473","2","5","3","68","221","197","259","560","422","C4025860"
"7846","2","3","12","76","153","40","38","54","75","C4025860"
"4843","2","3","5","43","161","305","409","489","416","C4025860"
"6352","2","5","4","68","96","326","427","548","672","C4025860"
"1893","2","5","7","53","51","342","454","573","702","C4025860"
"3075","2","5","7","53","51","119","395","549","674","C4025860"
"55149","2","3","2","110","221","321","428","167","593","C4025871"
"2688","2","5","7","53","51","119","25","40","186","C4025871"
"811","2","3","2","41","116","342","423","536","342","C4025871"
"1080","2","3","12","41","219","339","156","544","669","C4025871"
"4593","2","5","7","53","14","20","454","573","492","C4025871"
"4747","2","5","7","27","36","150","341","223","628","C4025871"
"4893","2","5","7","34","52","24","30","46","72","C4025871"
"4693","2","5","7","53","51","342","454","573","492","C4025871"
"4041","2","5","3","68","221","197","259","560","422","C4025871"
"51360","2","3","3","26","35","276","91","433","203","C4025871"
"5743","2","3","5","53","175","119","167","489","416","C4025876"
"2736","2","3","12","41","116","321","428","54","667","C4025876"
"1778","2","3","7","76","153","40","38","54","75","C4025878"
"5573","2","3","12","19","184","118","155","287","116","C4025878"
"6899","2","5","7","53","184","335","259","560","373","C4025881"
"2316","2","5","7","53","51","342","454","573","702","C4025881"
"10682","2","5","4","68","96","326","48","69","204","C4025881"
"7403","2","3","12","19","31","1","426","55","78","C4025881"
"54567","2","5","7","53","51","143","428","236","667","C4025881"
"4920","2","5","7","53","14","20","259","560","373","C4025881"
"4920","2","5","7","53","14","20","259","560","373","C4025881"
"11155","2","5","7","63","45","23","103","464","187","C4025884"
"79147","2","3","2","27","36","150","430","215","628","C4025884"
"8643","2","5","3","68","221","197","259","560","422","C4025884"
"332","2","3","12","76","153","40","38","54","75","C4025884"
"3481","2","5","7","53","51","342","454","573","492","C4025887"
"1440","2","5","7","53","51","119","25","489","416","C4025887"
"2796","2","5","4","68","96","326","427","548","672","C4025887"
"4000","2","3","12","26","105","178","226","297","156","C4025887"
"9487","2","3","5","80","81","142","176","235","317","C4025888"
"1387","2","3","12","19","31","276","91","433","118","C4025888"
"26229","2","3","2","74","205","191","396","408","257","C4025888"
"6718","2","3","2","46","136","227","168","225","490","C4025888"
"8220","2","3","2","22","33","323","66","101","136","C4025891"
"7227","2","3","12","19","31","276","91","433","118","C4025891"
"2316","2","5","7","53","51","342","454","573","702","C4025891"
"5728","2","3","5","80","81","339","156","568","605","C4025891"
"355","2","3","7","41","219","339","156","568","697","C4025891"
"4540","2","3","2","48","170","50","119","444","556","C4025891"
"196","2","3","3","19","151","276","91","433","118","C4025891"
"1836","2","3","2","35","41","94","260","330","375","C4025891"
"3717","2","5","7","53","14","20","25","40","186","C4025891"
"3248","2","3","2","69","83","133","167","224","301","C4025892"
"11141","2","5","7","53","36","335","444","223","373","C4025892"
"5573","2","3","12","19","184","118","155","287","116","C4025892"
"1277","2","5","7","53","51","342","454","573","492","C4025892"
"23224","2","3","12","19","31","1","426","55","78","C4025892"
"3551","2","3","12","41","219","339","156","568","697","C4025892"
"7173","2","3","5","36","48","89","110","400","400","C4025892"
"4000","2","3","12","26","105","178","226","297","156","C4025892"
"857","2","5","7","53","45","23","57","83","422","C4025892"
"547","2","3","7","76","153","40","38","54","75","C4025893"
"987","2","3","6","48","94","279","347","330","304","C4025893"
"4221","2","3","12","19","31","342","454","573","492","C4025893"
"208","2","5","7","53","14","20","34","540","68","C4025895"
"57055","2","3","2","22","33","323","66","101","136","C4025895"
"25782","2","5","7","60","54","24","30","46","72","C4025895"
"7132","2","3","12","41","219","339","156","568","697","C4025895"
"23426","2","5","7","42","36","71","177","223","219","C4025895"
"57674","2","3","12","41","116","268","434","468","213","C4025895"
"2253","2","5","7","53","14","20","25","40","186","C4025895"
"2677","2","5","7","53","51","342","454","573","492","C4025895"
"2688","2","5","7","53","51","119","25","40","186","C4025895"
"4784","2","3","2","22","33","261","116","159","211","C4025896"
"4313","2","5","7","53","51","342","454","573","492","C4025896"
"50640","2","3","5","116","183","295","398","243","327","C4025896"
"2155","2","5","7","53","51","119","454","549","674","C4025896"
"130340","2","5","7","60","153","184","341","544","669","C4025896"
"23347","2","3","12","41","116","268","434","468","213","C4025896"
"5144","2","3","4","68","96","326","427","548","672","C4025896"
"1145","2","5","8","27","70","99","162","216","290","C4025899"
"8890","2","3","2","110","85","237","433","547","671","C4025899"
"7421","2","3","3","19","151","276","91","433","118","C4025899"
"54345","2","5","3","19","221","321","428","541","667","C4025899"
"4089","2","3","12","19","219","339","259","423","605","C4025900"
"2033","2","3","12","19","31","1","91","433","118","C4025900"
"1301","2","5","7","53","51","342","454","573","492","C4025900"
"26012","2","3","12","19","31","261","116","159","211","C4025900"
"5979","2","5","7","53","14","20","25","40","186","C4025900"
"3077","2","5","7","53","51","119","395","549","674","C4025900"
"3337","2","3","12","41","219","339","347","271","356","C4025900"
"5979","2","5","7","53","14","20","25","40","186","C4025900"
"2736","2","3","12","41","116","321","428","54","667","C4025900"
"3930","2","3","2","22","33","323","66","3","464","C4025900"
"8260","2","3","12","41","85","266","76","287","78","C4025900"
"10269","2","3","2","48","182","50","119","444","556","C4025900"
"7015","2","3","12","19","31","1","426","55","78","C4025900"
"8425","2","5","7","53","51","342","454","573","492","C4025901"
"5351","2","5","7","53","51","342","454","573","492","C4025901"
"4536","2","3","2","48","170","50","119","444","556","C4025901"
"54","2","3","5","80","81","178","195","256","342","C4025901"
"54880","2","3","12","19","31","1","426","55","78","C4025901"
"6683","2","3","12","76","153","40","38","54","75","C4025901"
"3119","2","5","7","53","153","119","156","287","116","C4025901"
"2290","2","3","3","19","221","321","428","541","667","C4025901"
"5580","2","5","7","34","52","216","395","287","116","C4025901"
"217","2","3","5","75","120","200","75","230","309","C4025901"
"54209","2","5","7","53","51","119","395","549","674","C4025901"
"1134","2","5","8","27","70","99","162","216","290","C4025901"
"94","2","5","7","53","51","342","259","423","389","C4025901"
"8985","2","5","7","53","51","342","454","573","492","C4042891"
"1778","2","3","7","76","153","40","38","54","75","C4042891"
"6154","2","3","2","110","85","237","433","547","671","C4042891"
"6324","2","5","7","63","36","166","341","223","158","C4042891"
"5156","2","5","7","53","14","20","25","40","186","C4042891"
"6584","2","3","8","45","94","199","240","415","666","C4042891"
"4720","2","3","2","48","170","50","119","444","556","C4048199"
"5444","2","3","5","80","147","236","328","411","229","C4048199"
"658","2","5","7","53","51","342","259","423","389","C4048199"
"1312","2","3","2","87","79","105","426","129","25","C4048199"
"231","2","3","2","90","216","273","246","100","589","C4048268"
"3123","2","5","7","53","51","119","156","287","116","C4048268"
"1294","2","5","7","53","51","342","454","573","492","C4048268"
"7136","2","5","8","63","45","23","103","464","187","C4048268"
"25782","2","5","7","60","54","24","30","46","72","C4048268"
"4513","2","3","2","48","170","110","141","359","532","C4048268"
"6628","2","3","2","22","33","323","66","101","136","C4048268"
"1490","2","5","7","53","51","342","454","573","492","C4048268"
"9935","2","3","12","19","31","1","426","55","78","C4048268"
"2316","2","5","7","53","51","342","454","573","702","C4048268"
"843","2","3","12","41","219","339","156","568","697","C4048268"
"672","2","3","12","19","31","261","116","1","86","C4048268"
"8647","2","3","5","46","158","252","352","449","563","C4048268"
"5308","2","3","3","19","221","321","428","541","667","C4048268"
"2944","2","3","5","91","175","271","372","471","586","C4048268"
"5530","2","3","4","63","45","23","402","518","621","C4048268"
"23345","2","3","12","19","31","1","426","55","78","C4048268"
"23314","2","3","3","19","221","321","428","541","667","C4048268"
"55135","2","3","12","76","137","76","136","472","435","C4048268"
"3930","2","3","2","22","33","323","66","3","464","C4048268"
"79571","2","5","7","60","54","24","98","66","203","C4048268"
"7456","2","5","7","60","14","20","25","40","215","C4048268"
"2632","2","3","2","28","22","48","232","82","114","C4048268"
"5728","2","3","5","80","81","339","156","568","605","C4048268"
"1281","2","5","7","53","51","342","454","573","492","C4048273"
"3614","2","3","7","34","52","216","395","549","674","C4048273"
"144568","2","3","6","11","142","225","142","220","298","C4048273"
"9049","2","3","3","41","151","276","378","271","356","C4048273"
"3759","2","5","8","63","36","166","106","110","158","C4048273"
"8820","2","3","3","19","221","321","428","541","667","C4048273"
"2261","2","5","7","53","14","20","25","40","186","C4048273"
"4750","2","5","12","76","14","20","34","540","68","C4048273"
"23729","2","3","2","90","167","148","36","51","383","C4048273"
"8924","2","3","12","41","116","268","434","468","213","C4048273"
"4352","2","5","7","53","14","20","25","40","186","C4048273"
"3757","2","5","8","63","36","166","106","110","158","C4048705"
"1490","2","5","7","53","51","342","454","573","492","C4048705"
"7040","2","5","7","53","51","342","454","573","492","C4048705"
"1308","2","5","7","53","51","119","454","573","492","C4048798"
"6772","2","3","12","53","184","119","156","287","116","C4048798"
"1052","2","3","3","19","151","276","91","433","118","C4048798"
"10166","2","3","2","84","97","167","210","278","360","C4048798"
"201163","2","3","2","34","57","110","141","271","356","C4048798"
"84433","2","3","12","41","219","339","156","568","697","C4048798"
"51684","2","3","12","41","116","268","38","54","75","C4048798"
"5626","2","3","3","19","221","321","428","541","667","C4048798"
"54903","2","3","12","76","153","40","38","54","75","C4048798"
"1487","2","3","12","19","31","1","426","55","340","C4048798"
"3569","2","5","7","53","51","342","454","573","416","C4048800"
"641","2","3","12","19","31","261","116","1","86","C4048800"
"4540","2","3","2","48","170","50","119","444","556","C4048801"
"23169","2","3","2","78","205","112","430","429","544","C4048801"
"1286","2","5","7","53","51","342","454","573","492","C4048801"
"2623","2","3","12","19","31","1","155","287","116","C4048801"
"9049","2","3","3","41","151","276","378","271","356","C4048801"
"4128","2","3","5","80","81","119","402","489","416","C4049796"
"3265","2","5","7","60","54","24","30","46","72","C4049796"
"3553","2","5","7","53","51","119","25","489","416","C4049796"
"3756","2","5","8","63","36","166","106","110","158","C4049796"
"1001","2","5","7","53","51","335","444","560","373","C4049796"
"3476","2","3","12","76","137","76","136","472","435","C4049796"
"760","2","3","5","35","41","77","40","78","178","C4049796"
"54808","2","3","12","76","153","40","38","54","75","C4049796"
"4137","2","3","7","27","36","150","341","223","628","C4049796"
"2260","2","5","7","53","14","20","25","40","186","C4049796"
"1555","2","3","5","91","214","271","372","480","598","C4049796"
"1728","2","3","2","41","116","268","434","568","605","C4049796"
"29954","2","5","2","27","206","324","430","215","290","C4049796"
"10398","2","5","8","53","45","23","103","464","187","C4049796"
"4359","2","5","7","53","51","342","454","573","492","C4049796"
"783","2","5","8","63","36","166","106","110","158","C4049796"
"3762","2","5","8","63","36","166","106","110","158","C4049796"
"10060","2","3","8","41","45","23","423","464","445","C4049796"
"3675","2","5","7","53","51","342","454","573","492","C4049796"
"7003","2","3","12","19","31","276","91","433","118","C4049796"
"7415","2","3","7","34","52","216","395","536","445","C4049796"
"7032","2","3","12","19","156","251","349","437","78","C4049796"
"54982","2","3","2","48","170","50","399","167","593","C4049796"
"7957","2","3","5","42","81","296","399","201","274","C4053775"
"1184","2","5","8","63","45","23","34","464","187","C4053775"
"23639","2","3","12","41","219","261","136","271","356","C4053775"
"4726","2","3","2","48","170","50","119","444","556","C4053775"
"3039","2","3","5","35","41","118","155","287","116","C4053775"
"5728","2","3","5","80","81","339","156","568","605","C4053775"
"6144","2","3","2","110","85","237","433","547","671","C4053775"
"55102","2","3","12","76","153","266","367","500","462","C4072826"
"1806","2","3","2","49","23","186","149","195","61","C4072826"
"27019","2","3","12","76","153","40","38","54","75","C4072826"
"2737","2","3","12","19","116","321","428","54","667","C4072826"
"5979","2","5","7","53","14","20","25","40","186","C4072826"
"9993","2","5","7","53","51","342","454","573","492","C4072826"
"2033","2","3","12","19","31","1","91","433","118","C4072826"
"353500","2","5","7","53","51","342","259","423","389","C4072826"
"10459","2","3","12","76","31","261","116","1","86","C4072826"
"4709","2","3","2","48","170","50","119","444","556","C4072826"
"3845","2","5","7","60","54","24","30","46","72","C4072826"
"2121","2","3","12","41","116","268","434","568","605","C4072826"
"1440","2","5","7","53","51","119","25","489","416","C4072826"
"128674","2","5","4","68","96","326","427","548","672","C4072826"
"2175","2","3","12","19","31","261","116","1","86","C4072826"
"2736","2","3","12","41","116","321","428","54","667","C4072826"
"2261","2","5","7","53","14","20","25","40","186","C4072826"
"4952","2","3","5","60","54","184","30","544","669","C4072826"
"51135","2","3","12","53","219","20","156","568","697","C4072826"
"596","2","3","12","19","219","339","402","489","416","C4072827"
"5173","2","5","4","68","96","326","427","548","672","C4072827"
"6913","2","3","3","19","221","321","428","541","667","C4072827"
"4313","2","5","7","53","51","342","454","573","492","C4072827"
"8085","2","3","12","19","31","1","426","55","78","C4072827"
"355","2","3","7","41","219","339","156","568","697","C4072827"
"9241","2","5","7","53","51","342","259","423","389","C4072827"
"6648","2","3","2","95","151","160","378","173","229","C4072827"
"25978","2","3","2","48","57","110","141","359","462","C4072827"
"26191","2","5","7","53","14","20","25","40","186","C4072827"
"7456","2","5","7","60","14","20","25","40","215","C4072827"
"7051","2","1","6","11","142","225","142","220","298","C4072827"
"668","2","3","12","19","221","321","428","541","664","C4072827"
"5744","2","5","4","68","96","326","427","548","672","C4072827"
"26040","2","3","12","19","31","1","116","297","78","C4072827"
"1027","2","3","12","19","31","1","116","1","86","C4072827"
"7545","2","5","3","34","52","216","142","220","298","C4072827"
"9723","2","5","7","53","51","342","79","560","373","C4072827"
"4255","2","3","12","19","31","261","116","1","86","C4072827"
"6899","2","5","7","53","184","335","259","560","373","C4072827"
"1349","2","3","2","48","170","110","141","359","462","C4072830"
"152330","2","5","7","27","51","335","444","560","373","C4072830"
"4512","2","3","2","48","170","110","141","359","8","C4072830"
"23529","2","5","7","53","51","119","25","40","416","C4072830"
"7476","2","5","3","68","221","197","259","560","422","C4072830"
"5728","2","3","5","80","81","339","156","568","605","C4072830"
"2798","2","5","4","68","96","326","427","548","672","C4072830"
"3123","2","5","7","53","51","119","156","287","116","C4072830"
"7248","2","3","2","48","57","110","141","359","462","C4072830"
"1832","2","5","7","34","52","225","142","220","298","C4072830"
"7681","2","3","12","41","116","268","434","468","213","C4072830"
"54487","2","3","2","22","33","323","66","101","136","C4072830"
"4750","2","5","12","76","14","20","34","540","68","C4072830"
"8546","2","5","7","60","18","184","341","544","669","C4072830"
"25978","2","3","2","48","57","110","141","359","462","C4072830"
"5116","2","3","12","76","153","40","38","54","75","C4072830"
"4148","2","5","7","53","51","342","454","573","492","C4072830"
"6469","2","5","3","53","221","197","259","560","422","C4072830"
"1908","2","5","4","68","96","326","427","548","672","C4072830"
"2778","2","5","4","68","96","326","427","548","672","C4072830"
"7015","2","3","12","19","31","1","426","55","78","C4072831"
"6253","2","5","4","27","36","326","402","489","187","C4072831"
"3178","2","3","2","22","33","323","66","101","136","C4072831"
"9247","2","5","7","53","221","197","259","423","389","C4072831"
"3039","2","3","5","35","41","118","155","287","116","C4072831"
"3730","2","5","7","53","14","20","25","40","186","C4072831"
"1501","2","5","7","27","36","150","341","223","628","C4072831"
"4519","2","3","2","48","170","50","119","508","312","C4072831"
"4745","2","5","7","53","51","342","454","573","492","C4072831"
"326","2","3","12","19","31","261","377","370","269","C4072831"
"2263","2","5","7","53","14","20","25","40","186","C4072831"
"26119","2","5","7","60","14","184","341","544","669","C4072834"
"3117","2","5","7","53","153","119","156","287","116","C4072834"
"84529","2","3","12","19","31","1","426","55","78","C4072834"
"7169","2","5","8","63","45","23","103","464","187","C4072834"
"4882","2","3","4","68","96","326","427","548","672","C4072834"
"2551","2","3","3","19","151","276","91","433","118","C4072834"
"1285","2","5","7","53","51","342","454","573","492","C4072834"
"6347","2","5","7","53","51","119","427","489","416","C4072834"
"4879","2","5","4","68","96","326","427","548","672","C4072834"
"4148","2","5","7","53","51","342","454","573","492","C4072834"
"4720","2","3","2","48","170","50","119","444","556","C4072834"
"3845","2","5","7","60","54","24","30","46","72","C4072834"
"6949","2","3","2","110","85","237","164","390","311","C4072834"
"4173","2","3","12","76","31","261","116","1","86","C4072834"
"6792","2","5","7","53","14","20","34","540","68","C4072834"
"220136","2","3","12","11","142","225","38","220","298","C4072834"
"5034","2","5","7","53","51","342","454","573","492","C4072834"
"3592","2","5","7","53","51","119","25","489","416","C4072834"
"22954","2","3","12","41","116","268","434","468","213","C4072834"
"1490","2","5","7","53","51","342","454","573","492","C4072834"
"10683","2","5","7","53","51","143","428","560","667","C4072834"
"7248","2","3","2","48","57","110","141","359","462","C4072834"
"5443","2","5","4","68","96","326","427","548","672","C4072834"
"10804","2","3","12","76","153","40","38","54","75","C4072834"
"3651","2","3","3","19","221","321","428","541","667","C4072834"
"546","2","3","12","19","31","261","426","1","86","C4072834"
"6689","2","3","12","19","31","276","91","433","118","C4072834"
"3508","2","3","12","19","31","261","116","1","86","C4072834"
"3251","2","3","4","68","96","326","427","341","150","C4072834"
"55651","2","3","2","110","85","237","433","547","671","C4072834"
"7084","2","3","2","72","109","115","62","268","353","C4072834"
"9569","2","3","12","19","31","276","91","433","118","C4072835"
"6342","2","3","5","80","161","305","409","208","482","C4072835"
"50814","2","3","2","69","221","73","360","86","119","C4072835"
"4609","2","3","12","19","31","1","160","107","416","C4072835"
"2218","2","5","2","53","123","194","255","560","373","C4072835"
"2737","2","3","12","19","116","321","428","54","667","C4072835"
"4208","2","3","12","19","151","276","91","433","118","C4072835"
"3939","2","3","2","62","37","28","52","105","349","C4072835"
"3741","2","5","8","63","36","166","106","110","158","C4072835"
"438","2","3","2","69","31","1","38","87","54","C4072835"
"5290","2","3","7","53","14","20","25","40","186","C4072835"
"5993","2","3","12","19","31","1","426","55","78","C4072835"
"8092","2","3","3","19","221","321","428","541","667","C4072835"
"2176","2","3","12","19","31","261","116","1","86","C4072836"
"55636","2","3","3","19","221","321","428","423","389","C4072836"
"5573","2","3","12","19","184","118","155","287","116","C4072836"
"2033","2","3","12","19","31","1","91","433","118","C4072836"
"208","2","5","7","53","14","20","34","540","68","C4072836"
"7849","2","3","3","19","221","321","428","541","667","C4072836"
"7337","2","3","12","41","116","268","434","468","213","C4072836"
"3082","2","5","7","53","51","342","25","40","186","C4072836"
"6899","2","5","7","53","184","335","259","560","373","C4072836"
"4318","2","5","7","34","52","216","395","573","492","C4072836"
"10013","2","3","12","19","31","143","91","236","311","C4072836"
"4358","2","3","5","43","161","305","409","208","482","C4072836"
"6899","2","5","7","53","184","335","259","560","373","C4072836"
"55120","2","3","12","19","31","261","116","1","86","C4072837"
"3643","2","5","7","53","14","20","25","40","186","C4072837"
"1409","2","3","12","76","153","40","38","54","75","C4072837"
"472","2","3","12","19","31","261","116","1","86","C4072837"
"387","2","5","7","60","54","24","30","46","72","C4072837"
"2006","2","5","7","53","51","342","454","573","492","C4072837"
"4842","2","3","5","63","45","71","177","464","219","C4072837"
"5073","2","3","2","110","85","323","433","146","194","C4072837"
"2131","2","3","2","74","58","112","148","181","416","C4072837"
"1289","2","5","7","53","51","342","454","573","492","C4072837"
"3329","2","3","2","48","170","50","304","167","593","C4072837"
"1301","2","5","7","53","51","342","454","573","492","C4072837"
"7043","2","5","7","53","51","342","454","573","492","C4072837"
"2316","2","5","7","53","51","342","454","573","702","C4072837"
"9364","2","5","7","60","54","24","30","46","72","C4072837"
"9786","2","3","12","76","153","40","38","54","75","C4072837"
"1896","2","5","12","41","219","339","156","568","697","C4072837"
"8890","2","3","2","110","85","237","433","547","671","C4072837"
"207","2","3","7","53","14","20","34","489","416","C4072837"
"7046","2","3","12","41","219","339","259","423","605","C4072837"
"999","2","5","7","53","51","342","444","560","373","C4072837"
"6888","2","3","2","90","167","266","367","500","577","C4072837"
"3559","2","5","7","53","14","20","25","40","186","C4072837"
"1387","2","3","12","19","31","276","91","433","118","C4072837"
"686","2","3","5","80","81","166","166","127","173","C4072837"
"7124","2","3","12","41","219","339","156","568","697","C4072841"
"81839","2","3","2","41","36","71","259","64","422","C4072841"
"5447","2","3","5","91","214","271","372","471","586","C4072841"
"2798","2","5","4","68","96","326","427","548","672","C4072841"
"51741","2","3","2","22","33","323","66","101","127","C4072841"
"55651","2","3","2","110","85","237","433","547","671","C4072841"
"3930","2","3","2","22","33","323","66","3","464","C4072842"
"355","2","3","7","41","219","339","156","568","697","C4072842"
"324","2","3","12","41","219","197","70","255","422","C4072842"
"3141","2","3","2","68","40","130","166","127","173","C4072842"
"6945","2","3","12","19","31","110","141","488","102","C4072842"
"811","2","3","2","41","116","342","423","536","342","C4072842"
"10342","2","3","7","60","219","40","202","66","203","C4072847"
"2690","2","5","7","53","14","20","25","40","186","C4072847"
"10892","2","5","7","53","219","119","156","568","697","C4072847"
"3543","2","5","7","53","51","119","395","549","674","C4072847"
"23532","2","3","12","41","116","152","129","252","154","C4072847"
"4148","2","5","7","53","51","342","454","573","492","C4072848"
"7469","2","3","12","19","31","261","116","159","211","C4072848"
"5317","2","5","7","34","52","216","142","220","298","C4072848"
"6892","2","3","12","41","116","119","156","568","116","C4072848"
"285","2","5","7","53","51","342","454","573","492","C4072848"
"55624","2","3","2","78","123","194","255","215","412","C4072849"
"4512","2","3","2","48","170","110","141","359","8","C4072849"
"5932","2","3","12","19","31","261","116","1","86","C4072849"
"6424","2","5","7","53","51","342","454","573","492","C4072849"
"6528","2","5","8","45","94","199","240","415","666","C4072849"
"58","2","5","8","63","45","23","103","464","187","C4072849"
"5373","2","3","2","90","167","123","158","207","278","C4072849"
"4089","2","3","12","19","219","339","259","423","605","C4072849"
"718","2","5","7","34","51","119","395","549","674","C4072849"
"3636","2","3","5","80","14","20","25","40","186","C4072849"
"4038","2","5","7","53","51","342","454","573","492","C4072849"
"5828","2","3","5","43","161","305","409","208","482","C4072849"
"7042","2","5","7","53","51","342","454","573","492","C4072849"
"1131","2","5","4","68","96","326","427","548","672","C4072849"
"10019","2","5","7","53","14","20","25","40","116","C4072849"
"5146","2","3","5","86","72","258","318","403","518","C4072849"
"23474","2","3","12","19","31","1","91","433","118","C4072849"
"2629","2","3","5","80","81","250","291","152","420","C4072849"
"477","2","3","8","63","45","23","103","464","187","C4072849"
"7273","2","5","7","53","51","342","103","464","702","C4072849"
"4313","2","5","7","53","51","342","454","573","492","C4072849"
"5187","2","3","3","19","151","276","91","433","118","C4072849"
"9780","2","3","2","48","96","326","246","444","666","C4072849"
"4000","2","3","12","26","105","178","226","297","156","C4072853"
"7454","2","5","7","60","14","20","25","40","215","C4072853"
"4534","2","3","5","80","81","296","399","362","468","C4072857"
"1727","2","3","7","34","52","216","395","549","197","C4072857"
"2556","2","5","8","27","70","99","162","216","290","C4072857"
"2767","2","5","4","68","96","326","427","548","672","C4072857"
"5949","2","3","2","69","83","101","126","170","224","C4072857"
"4000","2","3","12","26","105","178","226","297","156","C4072858"
"81858","2","5","7","60","36","71","341","223","219","C4072858"
"546","2","3","12","19","31","261","426","1","86","C4072858"
"50943","2","3","12","19","31","1","426","129","131","C4072858"
"5160","2","3","2","67","92","293","55","75","311","C4072858"
"51626","2","3","12","76","153","40","38","54","75","C4072863"
"3507","2","5","7","53","51","119","395","549","674","C4072863"
"3265","2","5","7","60","54","24","30","46","72","C4072863"
"7547","2","3","3","19","221","321","428","541","667","C4072863"
"2672","2","3","3","19","221","321","259","423","389","C4072863"
"6658","2","3","12","19","221","321","428","541","667","C4072863"
"4893","2","5","7","34","52","24","30","46","72","C4072863"
"3984","2","5","7","53","14","20","34","540","68","C4072863"
"3767","2","5","8","63","36","166","106","110","158","C4072863"
"7518","2","3","12","19","31","261","116","1","86","C4072873"
"7461","2","3","7","60","153","40","38","93","75","C4072873"
"2178","2","3","12","19","31","261","116","1","86","C4072873"
"3730","2","5","7","53","14","20","25","40","186","C4072877"
"7555","2","3","2","110","85","237","433","547","671","C4072877"
"4247","2","3","2","68","67","320","98","180","279","C4072878"
"3815","2","5","7","53","14","20","25","40","186","C4072878"
"6138","2","3","2","110","85","237","433","547","671","C4072879"
"6390","2","3","2","48","170","50","119","444","556","C4072879"
"26160","2","3","12","76","153","40","38","54","75","C4072879"
"55869","2","3","12","19","153","40","38","54","75","C4072879"
"1855","2","5","12","76","153","197","259","560","422","C4072879"
"11277","2","3","12","19","31","261","116","1","86","C4072879"
"59","2","5","8","63","45","23","103","464","187","C4072879"
"5034","2","5","7","53","51","342","454","573","492","C4072879"
"2071","2","3","12","19","31","261","116","159","211","C4072879"
"355","2","3","7","41","219","339","156","568","697","C4072879"
"57017","2","3","2","48","170","50","119","444","556","C4072879"
"2332","2","3","2","22","33","71","373","466","609","C4072879"
"1001","2","5","7","53","51","335","444","560","373","C4072879"
"3115","2","5","7","53","184","119","156","287","116","C4072879"
"9652","2","3","2","110","85","237","433","547","671","C4072879"
"1634","2","5","7","53","51","342","454","573","492","C4072879"
"6496","2","3","3","19","221","321","428","541","667","C4072879"
"4088","2","3","12","19","219","339","259","423","605","C4072879"
"3897","2","5","7","53","51","335","444","560","373","C4072879"
"4868","2","5","7","53","51","335","25","560","373","C4072879"
"9060","2","3","2","68","18","63","69","102","143","C4072879"
"1301","2","5","7","53","51","342","454","573","492","C4072879"
"196","2","3","3","19","151","276","91","433","118","C4072880"
"6654","2","5","7","60","54","24","30","46","72","C4072880"
"29072","2","3","12","19","31","1","426","55","78","C4072880"
"2317","2","5","7","63","45","23","103","287","664","C4072880"
"5982","2","3","12","19","31","261","116","1","86","C4072880"
"2969","2","3","12","19","31","276","91","433","118","C4072881"
"9180","2","5","7","53","51","119","25","549","416","C4072881"
"2146","2","3","12","19","31","1","426","55","78","C4072881"
"2697","2","3","7","76","153","40","38","54","75","C4072881"
"2651","2","3","2","78","184","202","124","337","434","C4072881"
"4692","2","5","7","53","51","119","402","489","416","C4072884"
"7809","2","5","8","63","45","23","34","464","187","C4072884"
"6247","2","5","7","53","51","342","454","573","492","C4072885"
"5422","2","3","12","19","31","261","116","1","86","C4072885"
"54487","2","3","2","22","33","323","66","101","136","C4072885"
"24","2","3","12","41","116","268","423","536","445","C4072885"
"22954","2","3","12","41","116","268","434","468","213","C4072897"
"4358","2","3","5","43","161","305","409","208","482","C4072897"
"4000","2","3","12","26","105","178","226","297","156","C4072897"
"3479","2","5","7","53","51","342","454","573","492","C4072928"
"1278","2","5","7","53","51","342","454","573","492","C4072928"
"1294","2","5","7","53","51","342","454","573","492","C4072928"
"189","2","3","5","43","161","305","409","208","482","C4072928"
"2023","2","3","5","80","81","266","367","500","577","C4072928"
"10194","2","5","7","53","221","321","259","423","389","C4072928"
"57369","2","3","12","76","153","40","38","54","75","C4072980"
"5195","2","3","5","43","161","305","409","208","482","C4072980"
"255239","2","5","8","67","36","71","177","75","311","C4072980"
"2571","2","3","2","67","142","71","152","197","219","C4072980"
"3094","2","3","2","48","170","266","367","500","78","C4072987"
"7296","2","3","2","48","151","276","91","433","118","C4072987"
"3350","2","5","4","68","96","326","427","548","672","C4072987"
"7415","2","3","7","34","52","216","395","536","445","C4072987"
"1312","2","3","2","87","79","105","426","129","25","C4072987"
"6868","2","5","7","53","51","342","454","236","492","C4073127"
"5728","2","3","5","80","81","339","156","568","605","C4073127"
"472","2","3","12","19","31","261","116","1","86","C4073137"
"1813","2","5","4","68","96","326","427","548","672","C4073137"
"6598","2","3","12","19","31","1","426","55","78","C4073137"
"111","2","5","4","68","96","326","427","548","672","C4073137"
"6948","2","5","7","48","51","105","139","186","245","C4073145"
"5354","2","5","7","27","36","150","341","223","628","C4073145"
"2314","2","3","12","63","45","184","103","572","658","C4073162"
"7050","2","3","12","19","31","321","428","541","667","C4073162"
"8214","2","3","6","11","142","225","142","220","298","C4073168"
"974","2","5","7","53","51","119","395","549","674","C4073168"
"5982","2","3","12","19","31","261","116","1","86","C4073245"
"3753","2","5","8","63","36","166","341","223","158","C4073245"
"29089","2","3","12","41","116","268","434","468","213","C4073290"
"2271","2","3","5","80","81","166","170","226","305","C4073290"
"2138","2","3","12","19","31","1","426","55","78","C4073290"
"2022","2","5","7","53","51","342","259","423","389","C4073290"
"1134","2","5","8","27","70","99","162","216","290","C4073290"
"111","2","5","4","68","96","326","427","548","672","C4073291"
"5744","2","5","4","68","96","326","427","548","672","C4073291"
"2033","2","3","12","19","31","1","91","433","118","C4073291"
"4893","2","5","7","34","52","24","30","46","72","C4073291"
"2243","2","5","7","53","51","342","454","573","492","C4073291"
"4582","2","5","7","53","206","324","430","429","544","C4073291"
"54567","2","5","7","53","51","143","428","236","667","C4073292"
"25782","2","5","7","60","54","24","30","46","72","C4073292"
"7545","2","5","3","34","52","216","142","220","298","C4073292"
"26277","2","3","12","19","31","1","426","1","78","C4073292"
"8292","2","5","5","27","51","342","454","573","492","C4073292"
"7157","2","3","12","19","31","261","402","489","551","C4073292"
"2516","2","3","3","19","151","276","91","433","118","C4073292"
"26154","2","3","5","47","144","185","238","310","392","C4073292"
"4694","2","3","2","48","170","50","119","444","556","C4073292"
"3835","2","3","12","76","153","40","38","54","75","C4073292"
"10345","2","5","8","63","45","23","34","464","187","C4073292"
"7043","2","5","7","53","51","342","454","573","492","C4073292"
"1421","2","3","6","63","45","160","362","177","673","C4073292"
"10743","2","3","3","19","151","276","91","433","118","C4082168"
"1280","2","5","7","53","51","342","454","573","492","C4082168"
"22931","2","5","7","34","54","24","30","46","72","C4082168"
"1586","2","3","5","79","98","256","335","425","540","C4082168"
"23742","2","5","5","68","96","326","427","447","586","C4082168"
"2896","2","5","7","34","52","216","395","549","674","C4082168"
"5328","2","5","7","34","52","216","395","549","674","C4082169"
"7415","2","3","7","34","52","216","395","536","445","C4082169"
"29072","2","3","12","19","31","1","426","55","78","C4082169"
"5506","2","3","12","76","137","76","136","82","658","C4082169"
"2697","2","3","7","76","153","40","38","54","75","C4082169"
"6514","2","5","7","90","216","337","448","565","562","C4082169"
"5339","2","5","7","53","51","342","454","573","492","C4082169"
"9241","2","5","7","53","51","342","259","423","389","C4082169"
"4854","2","5","7","53","51","143","428","236","667","C4082169"
"2556","2","5","8","27","70","99","162","216","290","C4082169"
"760","2","3","5","35","41","77","40","78","178","C4082169"
"5828","2","3","5","43","161","305","409","208","482","C4082169"
"5663","2","5","7","34","52","216","395","549","667","C4082169"
"5192","2","3","5","43","161","305","409","208","482","C4082169"
"8842","2","5","5","53","82","147","184","179","328","C4082169"
"5346","2","3","3","19","151","276","91","433","118","C4082169"
"546","2","3","12","19","31","261","426","1","86","C4082169"
"9223","2","5","7","42","36","71","177","223","219","C4082169"
"9414","2","5","7","42","36","71","177","223","219","C4082169"
"23592","2","3","12","26","105","342","259","423","389","C4082169"
"1736","2","3","2","110","85","237","433","547","671","C4082169"
"55975","2","3","12","41","116","36","43","63","664","C4082169"
"7704","2","3","12","41","116","268","434","468","213","C4082169"
"4893","2","5","7","34","52","24","30","46","72","C4082169"
"1594","2","3","5","92","163","96","363","460","487","C4082173"
"1499","2","3","12","19","221","197","259","560","422","C4082173"
"10020","2","3","2","89","124","204","42","452","258","C4082173"
"54567","2","5","7","53","51","143","428","236","667","C4082173"
"6392","2","3","2","48","170","50","119","444","556","C4082173"
"3081","2","3","2","91","51","3","267","308","429","C4082173"
"8820","2","3","3","19","221","321","428","541","667","C4082173"
"7547","2","3","3","19","221","321","428","541","667","C4082173"
"1497","2","5","2","63","182","50","103","297","628","C4082173"
"2271","2","3","5","80","81","166","170","226","305","C4082173"
"11200","2","3","12","19","31","261","116","1","86","C4082173"
"2778","2","5","4","68","96","326","427","548","672","C4082173"
"7291","2","3","12","19","151","276","91","489","416","C4082173"
"341640","2","5","7","53","51","335","444","560","373","C4082173"
"7454","2","5","7","60","14","20","25","40","215","C4082173"
"55315","2","3","5","80","81","296","62","94","150","C4082173"
"54716","2","5","8","45","94","199","240","415","666","C4082173"
"326","2","3","12","19","31","261","377","370","269","C4082299"
"2177","2","3","2","110","90","261","431","545","443","C4082299"
"1893","2","5","7","53","51","342","454","573","702","C4082299"
"2263","2","5","7","53","14","20","25","40","186","C4082299"
"1294","2","5","7","53","51","342","454","573","492","C4082299"
"5579","2","5","7","53","14","20","34","540","68","C4082299"
"54757","2","5","7","53","51","342","454","573","492","C4082299"
"2627","2","3","12","19","31","118","155","287","116","C4082299"
"55651","2","3","2","110","85","237","433","547","671","C4082299"
"10981","2","5","7","60","54","24","30","46","72","C4082299"
"1813","2","5","4","68","96","326","427","548","672","C4082299"
"1807","2","3","5","80","23","186","79","560","273","C4082299"
"23767","2","5","7","53","14","20","25","40","186","C4082299"
"5311","2","5","8","63","45","166","306","390","158","C4082299"
"3239","2","3","3","19","221","321","428","541","667","C4082299"
"5696","2","3","12","41","116","268","156","568","116","C4082299"
"6391","2","3","2","48","170","50","119","444","556","C4082299"
"4626","2","5","8","63","45","23","103","464","187","C4082299"
"3590","2","5","7","53","51","119","25","40","416","C4082299"
"8514","2","5","7","34","52","216","395","549","674","C4082304"
"421","2","5","7","42","51","335","444","560","373","C4082304"
"3375","2","5","4","68","96","326","427","548","672","C4082304"
"23400","2","5","8","63","45","23","103","464","187","C4082304"
"4920","2","5","7","53","14","20","259","560","373","C4082304"
"2395","2","3","2","48","170","50","304","167","593","C4082304"
"5077","2","3","3","19","221","321","428","541","667","C4082304"
"26191","2","5","7","53","14","20","25","40","186","C4082304"
"2626","2","3","12","19","31","118","155","287","116","C4082304"
"2990","2","3","7","34","52","216","395","549","674","C4082304"
"347733","2","3","12","76","153","40","38","54","75","C4082304"
"8425","2","5","7","53","51","342","454","573","492","C4082304"
"1080","2","3","12","41","219","339","156","544","669","C4082304"
"10166","2","3","2","84","97","167","210","278","360","C4082304"
"8642","2","5","7","53","51","335","444","560","373","C4082304"
"2178","2","3","12","19","31","261","116","1","86","C4082304"
"2138","2","3","12","19","31","1","426","55","78","C4082304"
"22999","2","5","7","60","36","71","341","223","219","C4082304"
"10686","2","5","6","42","36","71","177","64","219","C4082304"
"348","2","5","7","53","51","342","454","573","492","C4082304"
"1141","2","5","8","27","70","99","162","216","290","C4082304"
"23203","2","3","5","80","81","50","304","167","593","C4082304"
"931","2","5","7","53","14","119","156","287","116","C4082304"
"6870","2","5","4","68","96","326","427","548","672","C4082304"
"1376","2","3","2","19","151","276","91","433","118","C4082764"
"7840","2","3","12","76","153","40","38","54","75","C4082764"
"2255","2","5","7","53","14","20","25","40","186","C4082764"
"673","2","5","7","53","14","20","34","540","68","C4082764"
"2057","2","5","7","53","14","20","25","40","186","C4083046"
"26090","2","3","2","80","81","166","397","361","466","C4083046"
"3845","2","5","7","60","54","24","30","46","72","C4083046"
"4047","2","3","3","19","151","276","91","433","118","C4083048"
"9896","2","3","5","80","81","296","399","201","274","C4083048"
"7042","2","5","7","53","51","342","454","573","492","C4083050"
"5450","2","3","12","19","221","261","116","159","211","C4083050"
"23534","2","3","2","22","33","323","66","101","136","C4083050"
"10733","2","3","12","76","153","40","38","54","75","C4083050"
"23095","2","3","7","76","153","40","38","54","75","C4083050"
"1133","2","5","4","68","96","326","427","548","672","C4083050"
"7486","2","3","12","19","31","261","116","1","86","C4083050"
"4512","2","3","2","48","170","110","141","359","8","C4083050"
"51196","2","3","7","60","54","24","30","46","72","C4083050"
"64127","2","3","12","41","219","339","156","568","697","C4083050"
"23247","2","3","12","76","153","71","34","540","68","C4083050"
"2033","2","3","12","19","31","1","91","433","118","C4083050"
"1106","2","3","12","19","31","1","426","55","78","C4083050"
"4867","2","5","7","76","153","40","38","54","75","C4083050"
"9049","2","3","3","41","151","276","378","271","356","C4083050"
"3458","2","5","7","53","184","119","156","287","116","C4083050"
"9401","2","3","12","76","31","261","116","1","86","C4083050"
"4843","2","3","5","43","161","305","409","489","416","C4083050"
"19","2","3","3","19","151","276","91","433","118","C4083050"
"9215","2","5","2","27","36","150","430","215","628","C4083050"
"3575","2","5","7","53","51","184","341","544","669","C4083050"
"6121","2","3","2","69","83","101","126","170","224","C4083212"
"3417","2","3","7","34","52","216","395","549","319","C4083212"
"4792","2","3","12","41","219","339","156","568","605","C4083212"
"3339","2","5","7","53","51","342","454","573","492","C4225426"
"7140","2","5","8","63","45","23","103","464","187","C4225426"
"2159","2","5","7","68","51","119","454","549","674","C4225426"
"668","2","3","12","19","221","321","428","541","664","C4225426"
"2778","2","5","4","68","96","326","427","548","672","C4225427"
"23495","2","3","12","41","219","339","156","568","697","C4225427"
"4436","2","3","12","19","31","261","116","1","86","C4225429"
"6662","2","3","3","19","221","321","428","541","667","C4225429"
"864","2","3","12","19","31","276","91","236","605","C4225429"
"2629","2","3","5","80","81","250","291","152","420","C4225669"
"4582","2","5","7","53","206","324","430","429","544","C4225669"
"23742","2","5","5","68","96","326","427","447","586","C4228227"
"8243","2","3","12","76","31","40","38","54","75","C4228227"
"6654","2","5","7","60","54","24","30","46","72","C4228227"
"9950","2","5","7","60","54","40","98","66","203","C4228227"
"4487","2","3","3","19","221","321","428","541","667","C4228227"
"5567","2","3","12","53","14","20","34","540","68","C4228227"
"4728","2","3","2","48","170","50","119","444","556","C4228227"
"4998","2","3","12","76","31","261","116","1","86","C4228227"
"4621","2","5","8","63","45","23","103","464","187","C4228227"
"2677","2","5","7","53","51","342","454","573","492","C4228227"
"1277","2","5","7","53","51","342","454","573","492","C4228227"
"1832","2","5","7","34","52","225","142","220","298","C4228227"
"5318","2","1","6","11","142","225","142","220","298","C4228227"
"1909","2","5","4","68","96","326","427","548","672","C4228933"
"55670","2","3","5","43","161","305","409","208","482","C4228933"
"4654","2","3","12","19","31","276","91","433","118","C4228933"
"5828","2","3","5","43","161","305","409","208","482","C4228933"
"3767","2","5","8","63","36","166","106","110","158","C4228933"
"2218","2","5","2","53","123","194","255","560","373","C4229090"
"4041","2","5","3","68","221","197","259","560","422","C4229090"
"5605","2","5","7","53","14","20","34","540","68","C4229090"
"5728","2","3","5","80","81","339","156","568","605","C4229090"
"4952","2","3","5","60","54","184","30","544","669","C4255098"
"5781","2","5","7","53","14","20","25","40","186","C4255098"
"54808","2","3","12","76","153","40","38","54","75","C4255098"
"5897","2","3","12","41","116","268","141","568","605","C4273730"
"2255","2","5","7","53","14","20","25","40","186","C4273730"
"5604","2","5","7","53","14","20","34","540","68","C4273730"
"23495","2","3","12","41","219","339","156","568","697","C4273730"
"1280","2","5","7","53","51","342","454","573","492","C4273730"
"51085","2","3","2","48","57","110","141","359","462","C4274077"
"582","2","3","12","76","153","76","38","54","75","C4274077"
"3984","2","5","7","53","14","20","34","540","68","C4274118"
"23495","2","3","12","41","219","339","156","568","697","C4274118"
"29887","2","3","7","60","18","110","141","198","270","C4274118"
"1301","2","5","7","53","51","342","454","573","492","C4274118"
"6928","2","3","3","19","221","321","428","541","667","C4274324"
"3575","2","5","7","53","51","184","341","544","669","C4274324"
"6833","2","5","8","45","36","166","240","415","666","C4274324"
"2629","2","3","5","80","81","250","291","152","420","C4274354"
"5592","2","5","4","53","14","20","34","540","68","C4274354"
"54209","2","5","7","53","51","119","395","549","674","C4274354"
"8792","2","3","12","41","219","339","156","568","697","C4274354"
"4625","2","3","8","63","45","23","103","464","187","C4274355"
"4952","2","3","5","60","54","184","30","544","669","C4274355"
"6569","2","3","8","45","94","199","240","415","666","C4274355"
"2670","2","5","7","27","36","150","341","223","628","C4274355"
"5352","2","5","7","53","51","342","454","573","492","C4274355"
"1716","2","3","2","27","36","150","221","138","188","C4274355"
"7849","2","3","3","19","221","321","428","541","667","C4274355"
"9487","2","3","5","80","81","142","176","235","317","C4275179"
"1415","2","3","6","63","45","160","362","177","673","C4275179"
"7421","2","3","3","19","151","276","91","433","118","C4275179"
"768","2","3","5","35","41","77","40","370","303","C4275179"
"9343","2","3","2","22","33","323","66","101","136","C4275179"
"9896","2","3","5","80","81","296","399","201","274","C4275179"
"1644","2","3","2","88","79","239","333","258","345","C4275179"
"5885","2","3","12","76","153","40","38","54","75","C4275179"
"23600","2","3","5","80","81","305","409","208","482","C4275179"
"5921","2","5","7","60","14","24","25","40","215","C4275179"
"617","2","3","2","48","170","50","304","167","593","C4280251"
"3549","2","5","3","53","51","197","259","560","422","C4280251"
"2260","2","5","7","53","14","20","25","40","186","C4280251"
"224","2","3","5","50","47","39","202","19","233","C4280251"
"50846","2","3","3","68","221","197","259","560","422","C4280251"
"332","2","3","12","76","153","40","38","54","75","C4280251"
"1836","2","3","2","35","41","94","260","330","375","C4280252"
"2068","2","3","12","19","31","261","116","159","211","C4280252"
"9241","2","5","7","53","51","342","259","423","389","C4280252"
"2697","2","3","7","76","153","40","38","54","75","C4280253"
"23534","2","3","2","22","33","323","66","101","136","C4280253"
"7169","2","5","8","63","45","23","103","464","187","C4280258"
"9968","2","4","3","24","119","330","214","454","144","C4280258"
"54903","2","3","12","76","153","40","38","54","75","C4280258"
"3073","2","3","5","105","155","250","291","152","420","C4280258"
"5476","2","3","7","34","52","216","395","152","310","C4280258"
"2316","2","5","7","53","51","342","454","573","702","C4280261"
"54888","2","3","2","110","85","152","129","252","154","C4280261"
"2261","2","5","7","53","14","20","25","40","186","C4280261"
"2776","2","5","4","68","96","326","427","548","672","C4280262"
"23411","2","3","12","19","31","1","91","433","118","C4280262"
"26278","2","3","12","41","116","268","347","271","356","C4280262"
"1001","2","5","7","53","51","335","444","560","373","C4280262"
"1723","2","3","2","48","170","50","119","444","556","C4280262"
"1594","2","3","5","92","163","96","363","460","487","C4280262"
"4645","2","3","4","67","92","293","55","75","311","C4280262"
"25836","2","3","12","76","153","40","38","54","75","C4280262"
"6390","2","3","2","48","170","50","119","444","556","C4280262"
"229","2","3","2","90","167","266","367","500","577","C4280262"
"54982","2","3","2","48","170","50","399","167","593","C4280262"
"5979","2","5","7","53","14","20","25","40","186","C4280262"
"2626","2","3","12","19","31","118","155","287","116","C4280262"
"2512","2","3","7","34","52","216","395","544","358","C4280262"
"23522","2","3","12","19","31","1","426","55","78","C4280262"
"8092","2","3","3","19","221","321","428","541","667","C4280262"
"4023","2","3","5","24","51","342","91","20","27","C4280262"
"23556","2","3","2","61","77","142","176","235","317","C4280262"
"23746","2","3","12","41","83","101","126","271","356","C4280262"
"5144","2","3","4","68","96","326","427","548","672","C4280262"
"5048","2","3","12","76","153","40","38","54","75","C4280262"
"5269","2","5","7","34","52","216","395","549","674","C4280262"
"3239","2","3","3","19","221","321","428","541","667","C4280262"
"6911","2","5","6","19","142","335","259","560","373","C4280262"
"54806","2","5","7","76","153","40","38","54","75","C4280262"
"6948","2","5","7","48","51","105","139","186","245","C4280262"
"5888","2","3","12","19","31","261","116","1","86","C4280262"
"5346","2","3","3","19","151","276","91","433","118","C4280262"
"5830","2","3","5","43","161","305","409","208","482","C4280262"
"7124","2","3","12","41","219","339","156","568","697","C4280262"
"2263","2","5","7","53","14","20","25","40","186","C4280262"
"84282","2","3","12","41","219","339","156","568","697","C4280263"
"4921","2","5","7","53","14","20","25","573","186","C4280263"
"26022","2","5","8","68","45","110","98","66","203","C4280263"
"54790","2","3","12","19","31","1","426","55","78","C4280264"
"2033","2","3","12","19","31","1","91","433","118","C4280264"
"558","2","5","7","53","14","20","25","40","186","C4280264"
"9095","2","5","7","53","51","335","444","560","373","C4280264"
"1161","2","3","12","41","116","268","434","468","213","C4280267"
"2657","2","5","7","53","51","342","259","423","389","C4280267"
"3561","2","5","7","53","14","20","25","40","186","C4280268"
"11277","2","3","12","19","31","261","116","1","86","C4280268"
"7275","2","5","7","53","14","20","25","40","186","C4280268"
"3767","2","5","8","63","36","166","106","110","158","C4280268"
"2517","2","3","7","34","52","216","395","549","674","C4280269"
"23175","2","3","5","80","81","296","51","488","102","C4280269"
"7046","2","3","12","41","219","339","259","423","605","C4280269"
"2703","2","3","12","76","153","40","38","54","75","C4280269"
"6774","2","3","12","53","14","276","25","489","416","C4280269"
"5339","2","5","7","53","51","342","454","573","492","C4280269"
"11200","2","3","12","19","31","261","116","1","86","C4280269"
"3735","2","3","2","110","85","237","433","252","154","C4280269"
"10686","2","5","6","42","36","71","177","64","219","C4280269"
"51750","2","3","12","19","31","261","116","1","86","C4280269"
"6391","2","3","2","48","170","50","119","444","556","C4280269"
"10907","2","3","2","22","33","323","66","101","136","C4280269"
"10293","2","3","12","41","116","268","434","468","213","C4280269"
"650","2","5","7","53","51","342","259","423","389","C4280269"
"1908","2","5","4","68","96","326","427","548","672","C4280269"
"2767","2","5","4","68","96","326","427","548","672","C4280269"
"1813","2","5","4","68","96","326","427","548","672","C4280269"
"7461","2","3","7","60","153","40","38","93","75","C4280269"
"190","2","3","3","19","151","276","91","433","118","C4280269"
"8626","2","3","3","19","221","321","428","541","667","C4280269"
"10269","2","3","2","48","182","50","119","444","556","C4280269"
"2778","2","5","4","68","96","326","427","548","672","C4280269"
"2741","2","5","8","27","70","99","162","216","290","C4280269"
"5728","2","3","5","80","81","339","156","568","605","C4280269"
"5649","2","5","7","53","51","342","444","560","373","C4280269"
"6654","2","5","7","60","54","24","30","46","72","C4280269"
"203286","2","5","7","50","30","193","306","148","624","C4280269"
"2760","2","3","7","34","52","216","395","549","674","C4280269"
"5932","2","3","12","19","31","261","116","1","86","C4280288"
"686","2","3","5","80","81","166","166","127","173","C4280288"
"23321","2","5","7","53","184","119","156","287","116","C4280288"
"3753","2","5","8","63","36","166","341","223","158","C4280288"
"5745","2","5","4","68","96","326","427","548","672","C4280288"
"11311","2","3","12","19","31","118","155","287","116","C4280289"
"5979","2","5","7","53","14","20","25","40","186","C4280289"
"2741","2","5","8","27","70","99","162","216","290","C4280333"
"54884","2","5","7","53","51","342","454","573","492","C4280333"
"55997","2","5","3","53","221","321","259","423","389","C4280333"
"10166","2","3","2","84","97","167","210","278","360","C4280333"
"54344","2","3","2","61","77","142","176","280","363","C4280333"
"55209","2","3","12","11","142","225","142","220","298","C4280333"
"2184","2","3","5","76","153","138","236","332","407","C4280333"
"3752","2","5","8","63","36","166","106","110","158","C4280333"
"3752","2","5","8","63","36","166","106","110","158","C4280333"
"6559","2","5","8","45","94","199","240","415","666","C4280333"
"7046","2","3","12","41","219","339","259","423","605","C4280333"
"6391","2","3","2","48","170","50","119","444","556","C4280333"
"91147","2","3","12","76","153","40","38","54","75","C4280333"
"6326","2","5","8","63","36","166","341","390","158","C4280333"
"2538","2","3","5","90","216","333","438","561","689","C4280333"
"2354","2","3","12","19","31","1","426","55","78","C4280333"
"6340","2","5","8","63","45","23","34","464","187","C4280333"
"23522","2","3","12","19","31","1","426","55","78","C4280333"
"4286","2","3","12","19","31","261","116","1","664","C4280333"
"7466","2","5","7","53","51","342","454","573","492","C4280333"
"2260","2","5","7","53","14","20","25","40","186","C4280333"
"8878","2","3","12","41","219","339","156","568","697","C4280333"
"2645","2","3","2","90","167","266","367","101","664","C4280335"
"10087","2","3","7","50","47","39","100","321","255","C4280335"
"6910","2","3","12","19","51","335","444","560","373","C4280335"
"3815","2","5","7","53","14","20","25","40","186","C4280341"
"1019","2","3","12","19","31","1","116","1","86","C4280341"
"10060","2","3","8","41","45","23","423","464","445","C4280341"
"9968","2","4","3","24","119","330","214","454","144","C4280341"
"547","2","3","7","76","153","40","38","54","75","C4280341"
"4524","2","3","2","15","166","104","369","117","583","C4280341"
"1528","2","3","5","91","214","271","372","471","586","C4280342"
"10733","2","3","12","76","153","40","38","54","75","C4280342"
"1302","2","5","7","53","51","342","454","573","492","C4280342"
"4709","2","3","2","48","170","50","119","444","556","C4280342"
"5077","2","3","3","19","221","321","428","541","667","C4280342"
"11285","2","3","2","74","205","191","396","408","620","C4280342"
"5145","2","3","4","68","45","272","259","518","621","C4280363"
"10133","2","3","12","76","153","40","38","54","75","C4280363"
"54345","2","5","3","19","221","321","428","541","667","C4280363"
"11253","2","3","2","41","116","268","423","536","445","C4280363"
"4784","2","3","2","22","33","261","116","159","211","C4280365"
"26047","2","5","7","27","36","335","341","223","373","C4280365"
"4036","2","5","7","60","14","184","341","544","669","C4280365"
"6392","2","3","2","48","170","50","119","444","556","C4280365"
"5077","2","3","3","19","221","321","428","541","667","C4280367"
"7490","2","3","3","19","221","321","428","541","667","C4280367"
"9775","2","3","2","22","33","323","66","101","136","C4280367"
"10269","2","3","2","48","182","50","119","444","556","C4280368"
"5376","2","5","7","53","51","342","454","573","492","C4280368"
"7157","2","3","12","19","31","261","402","489","551","C4280368"
"2138","2","3","12","19","31","1","426","55","78","C4280368"
"55130","2","3","12","76","153","76","38","54","75","C4280368"
"4780","2","3","12","19","31","276","91","433","118","C4280368"
"1062","2","3","12","76","153","40","38","54","75","C4280368"
"55033","2","3","2","110","105","178","226","297","380","C4280368"
"538","2","3","8","63","45","23","103","464","187","C4280368"
"6938","2","3","12","19","31","1","426","55","78","C4280368"
"54806","2","5","7","76","153","40","38","54","75","C4280368"
"8260","2","3","12","41","85","266","76","287","78","C4280368"
"29954","2","5","2","27","206","324","430","215","290","C4280368"
"6647","2","3","2","95","2","342","378","173","702","C4280368"
"1026","2","3","12","19","31","1","116","489","416","C4280368"
"4693","2","5","7","53","51","342","454","573","492","C4280368"
"1441","2","5","7","53","51","119","25","40","186","C4280368"
"1589","2","3","5","79","186","215","297","379","491","C4280368"
"3425","2","3","5","80","81","166","454","573","492","C4280368"
"2670","2","5","7","27","36","150","341","223","628","C4280368"
"3691","2","5","7","53","51","342","454","573","492","C4280368"
"3551","2","3","12","41","219","339","156","568","697","C4280368"
"6662","2","3","3","19","221","321","428","541","667","C4280369"
"55670","2","3","5","43","161","305","409","208","482","C4280369"
"6662","2","3","3","19","221","321","428","541","667","C4280369"
"875","2","3","5","80","137","44","21","451","316","C4280369"
"3630","2","5","7","53","14","20","25","40","186","C4280369"
"54903","2","3","12","76","153","40","38","54","75","C4280369"
"1594","2","3","5","92","163","96","363","460","487","C4280369"
"3481","2","5","7","53","51","342","454","573","492","C4280369"
"55612","2","5","7","60","36","71","177","560","701","C4280369"
"1280","2","5","7","53","51","342","454","573","492","C4280369"
"51684","2","3","12","41","116","268","38","54","75","C4280369"
"5314","2","3","12","76","153","40","38","54","75","C4280369"
"567","2","5","7","34","52","119","395","549","674","C4280369"
"9968","2","4","3","24","119","330","214","454","144","C4280369"
"2073","2","3","12","19","31","261","116","1","86","C4280369"
"4126","2","3","7","34","52","216","395","549","674","C4280369"
"5077","2","3","3","19","221","321","428","541","667","C4280369"
"3636","2","3","5","80","14","20","25","40","186","C4280369"
"2516","2","3","3","19","151","276","91","433","118","C4280369"
"291","2","3","2","48","170","50","304","167","593","C4280369"
"8878","2","3","12","41","219","339","156","568","697","C4280369"
"5774","2","5","7","60","81","296","399","201","274","C4280369"
"4713","2","3","2","48","170","50","119","444","556","C4280370"
"7046","2","3","12","41","219","339","259","423","605","C4280370"
"26235","2","3","12","41","116","268","434","468","213","C4280370"
"207","2","3","7","53","14","20","34","489","416","C4280370"
"6495","2","3","3","19","221","321","428","541","667","C4280370"
"579","2","3","3","19","221","321","428","541","667","C4280370"
"716","2","5","7","53","51","119","395","549","674","C4280370"
"3868","2","1","6","11","142","225","142","220","298","C4280370"
"5080","2","3","3","19","221","321","428","541","667","C4280370"
"6134","2","3","2","110","85","237","433","547","671","C4280370"
"1081","2","5","4","68","96","326","427","548","672","C4280370"
"6640","2","5","7","42","36","71","177","223","219","C4280370"
"673","2","5","7","53","14","20","34","540","68","C4280370"
"2737","2","3","12","19","116","321","428","54","667","C4280370"
"27019","2","3","12","76","153","40","38","54","75","C4280370"
"1278","2","5","7","53","51","342","454","573","492","C4280370"
"23400","2","5","8","63","45","23","103","464","187","C4280370"
"2006","2","5","7","53","51","342","454","573","492","C4280370"
"6330","2","5","8","63","36","166","341","223","158","C4280370"
"6929","2","3","12","19","31","1","426","55","78","C4280370"
"4000","2","3","12","26","105","178","226","297","156","C4280370"
"2992","2","3","7","34","52","216","395","549","674","C4280370"
"9131","2","3","12","41","219","339","347","271","356","C4280374"
"54903","2","3","12","76","153","40","38","54","75","C4280374"
"4125","2","3","7","34","52","216","395","549","674","C4280374"
"1119","2","3","2","85","143","286","51","488","102","C4280374"
"2261","2","5","7","53","14","20","25","40","186","C4280378"
"1736","2","3","2","110","85","237","433","547","671","C4280378"
"1763","2","3","12","19","31","261","116","1","86","C4280380"
"3053","2","5","7","53","51","342","454","573","492","C4280380"
"2626","2","3","12","19","31","118","155","287","116","C4280380"
"1407","2","3","3","19","151","276","91","433","118","C4280380"
"8241","2","3","2","22","33","323","66","101","136","C4280380"
"54332","2","3","2","60","170","40","98","66","203","C4280380"
"1289","2","5","7","53","51","342","454","573","492","C4280380"
"5727","2","3","12","68","221","197","259","560","422","C4280380"
"23534","2","3","2","22","33","323","66","101","136","C4280380"
"4867","2","5","7","76","153","40","38","54","75","C4280391"
"1301","2","5","7","53","51","342","454","573","492","C4280391"
"175","2","3","7","34","52","216","395","549","674","C4280392"
"1475","2","1","6","11","142","225","142","220","298","C4280392"
"2517","2","3","7","34","52","216","395","549","674","C4280392"
"2263","2","5","7","53","14","20","25","40","186","C4280392"
"6638","2","3","2","22","33","323","66","101","136","C4280392"
"8216","2","3","12","41","119","330","214","454","144","C4280395"
"871","2","5","7","53","51","342","454","573","492","C4280395"
"249","2","3","5","27","51","335","444","560","373","C4280395"
"7136","2","5","8","63","45","23","103","464","187","C4280395"
"2254","2","5","7","53","14","20","25","40","186","C4280401"
"860","2","3","12","19","31","276","91","433","118","C4280401"
"356","2","5","7","53","219","339","25","489","697","C4280401"
"6609","2","3","5","105","155","250","291","152","420","C4280402"
"6657","2","3","12","19","221","321","428","541","667","C4280402"
"2303","2","5","3","19","221","321","428","541","667","C4280402"
"229","2","3","2","90","167","266","367","500","577","C4280411"
"10512","2","5","3","53","51","342","79","560","373","C4280411"
"5290","2","3","7","53","14","20","25","40","186","C4280411"
"7841","2","3","2","41","116","178","423","536","445","C4280417"
"5157","2","5","7","80","81","342","367","500","577","C4280417"
"5396","2","3","3","19","221","321","428","541","667","C4280418"
"7100","2","5","7","53","219","119","156","568","697","C4280418"
"3596","2","5","7","53","51","119","25","489","416","C4280421"
"1585","2","3","5","79","159","256","351","100","589","C4280421"
"22930","2","5","7","60","54","24","30","46","72","C4280421"
"435","2","3","8","84","97","167","210","278","360","C4280421"
"5728","2","3","5","80","81","339","156","568","605","C4280421"
"2316","2","5","7","53","51","342","454","573","702","C4280422"
"2254","2","5","7","53","14","20","25","40","186","C4280422"
"9126","2","3","12","76","153","40","38","54","75","C4280422"
"8328","2","3","12","19","31","1","426","55","78","C4280422"
"9113","2","5","7","53","14","20","34","540","68","C4280422"
"3845","2","5","7","60","54","24","30","46","72","C4280423"
"2776","2","5","4","68","96","326","427","548","672","C4280423"
"10166","2","3","2","84","97","167","210","278","360","C4280424"
"1103","2","3","2","67","92","293","55","75","311","C4280424"
"7048","2","5","7","53","51","342","259","423","389","C4280425"
"2703","2","3","12","76","153","40","38","54","75","C4280425"
"7043","2","5","7","53","51","342","454","573","492","C4280426"
"633","2","5","7","53","51","342","454","573","492","C4280426"
"1387","2","3","12","19","31","276","91","433","118","C4280427"
"28514","2","5","7","53","51","143","428","236","667","C4280427"
"94","2","5","7","53","51","342","259","423","389","C4280428"
"3251","2","3","4","68","96","326","427","341","150","C4280428"
"1733","2","3","5","69","83","101","126","57","224","C4280429"
"9215","2","5","2","27","36","150","430","215","628","C4280429"
"7157","2","3","12","19","31","261","402","489","551","C4280430"
"9702","2","3","12","76","153","40","38","54","75","C4280430"
"5373","2","3","2","90","167","123","158","207","278","C4280431"
"4593","2","5","7","53","14","20","454","573","492","C4280431"
"2812","2","5","7","53","51","342","454","573","492","C4280432"
"1910","2","5","4","68","96","326","427","548","672","C4280432"
"1281","2","5","7","53","51","342","454","573","492","C4280433"
"3930","2","3","2","22","33","323","66","3","464","C4280433"
"4867","2","5","7","76","153","40","38","54","75","C4280434"
"7053","2","3","6","11","142","225","142","220","298","C4280434"
"4548","2","3","2","15","85","105","139","186","245","C4280435"
"3949","2","5","7","60","14","184","341","544","669","C4280435"
"5024","2","5","8","63","45","23","306","390","158","C4280436"
"3887","2","1","6","11","142","225","142","220","298","C4280436"
"6899","2","5","7","53","184","335","259","560","373","C4280437"
"3458","2","5","7","53","184","119","156","287","116","C4280437"
"7042","2","5","7","53","51","342","454","573","492","C4280443"
"9401","2","3","12","76","31","261","116","1","86","C4280443"
"367","2","3","12","19","31","276","91","433","118","C4280443"
"776","2","5","8","63","36","166","341","390","158","C4280443"
"4312","2","5","7","53","51","342","454","573","492","C4280444"
"3032","2","3","2","48","57","38","347","12","145","C4280444"
"57096","2","3","12","76","153","40","38","54","75","C4280460"
"1062","2","3","12","76","153","40","38","54","75","C4280460"
"79728","2","3","12","19","31","261","116","1","86","C4280461"
"659","2","5","7","53","14","20","259","423","389","C4280461"
"6708","2","5","7","60","14","20","25","40","186","C4280476"
"5015","2","3","3","19","221","321","428","541","667","C4280476"
"27019","2","3","12","76","153","40","38","54","75","C4280476"
"185","2","5","4","68","96","326","427","548","672","C4280476"
"27019","2","3","12","76","153","40","38","54","75","C4280476"
"5818","2","5","7","53","51","335","444","560","373","C4280482"
"1387","2","3","12","19","31","276","91","433","118","C4280482"
"9891","2","3","12","53","14","20","34","540","68","C4280482"
"7040","2","5","7","53","51","342","454","573","492","C4280482"
"1807","2","3","5","80","23","186","79","560","273","C4280482"
"6299","2","3","12","19","221","321","428","541","667","C4280482"
"3614","2","3","7","34","52","216","395","549","674","C4280482"
"2248","2","5","7","53","14","20","25","40","186","C4280482"
"3913","2","5","7","53","51","342","454","573","492","C4280482"
"3552","2","3","12","53","51","119","156","489","416","C4280482"
"11136","2","3","5","80","94","199","240","415","666","C4280482"
"1106","2","3","12","19","31","1","426","55","78","C4280482"
"2678","2","3","5","80","175","271","400","471","20","C4280482"
"7319","2","3","12","41","116","268","434","468","213","C4280482"
"6605","2","3","12","19","31","1","426","55","78","C4280482"
"9569","2","3","12","19","31","276","91","433","118","C4280482"
"1291","2","5","7","53","51","342","454","573","492","C4280482"
"5604","2","5","7","53","14","20","34","540","68","C4280482"
"2068","2","3","12","19","31","261","116","159","211","C4280482"
"1586","2","3","5","79","98","256","335","425","540","C4280482"
"3845","2","5","7","60","54","24","30","46","72","C4280482"
"1080","2","3","12","41","219","339","156","544","669","C4280482"
"4952","2","3","5","60","54","184","30","544","669","C4280482"
"54880","2","3","12","19","31","1","426","55","78","C4280482"
"8242","2","3","12","19","31","1","426","55","78","C4280482"
"5728","2","3","5","80","81","339","156","568","605","C4280482"
"55005","2","3","2","68","96","326","427","429","544","C4280485"
"857","2","5","7","53","45","23","57","83","422","C4280485"
"641","2","3","12","19","31","261","116","1","86","C4280486"
"4359","2","5","7","53","51","342","454","573","492","C4280486"
"1778","2","3","7","76","153","40","38","54","75","C4280487"
"4153","2","5","7","53","51","119","395","549","674","C4280487"
"121278","2","3","5","80","81","166","307","258","345","C4280498"
"359","2","3","5","80","81","166","397","374","486","C4280498"
"2720","2","3","7","34","52","216","395","21","599","C4280498"
"4893","2","5","7","34","52","24","30","46","72","C4280499"
"1910","2","5","4","68","96","326","427","548","672","C4280499"
"1738","2","3","2","67","92","293","55","75","311","C4280499"
"2188","2","3","12","19","31","261","116","1","86","C4280500"
"8398","2","3","5","116","183","40","38","352","455","C4280500"
"59","2","5","8","63","45","23","103","464","187","C4280500"
"11020","2","5","7","60","54","24","30","46","72","C4280501"
"4089","2","3","12","19","219","339","259","423","605","C4280501"
"5889","2","3","12","19","31","261","116","1","86","C4280501"
"10560","2","3","2","65","196","310","127","527","648","C4280503"
"5961","2","5","7","27","51","326","126","414","702","C4280503"
"1674","2","5","8","63","45","23","103","464","187","C4280503"
"2773","2","5","4","68","96","326","427","548","672","C4280503"
"5159","2","5","7","53","14","20","25","40","186","C4280503"
"6514","2","5","7","90","216","337","448","565","562","C4280504"
"1355","2","3","2","48","170","50","119","444","556","C4280504"
"3858","2","1","6","11","142","225","142","220","298","C4280504"
"5889","2","3","12","19","31","261","116","1","86","C4280505"
"23479","2","3","2","48","170","50","119","100","556","C4280505"
"5076","2","3","3","19","221","321","428","541","667","C4280505"
"3033","2","3","2","67","80","145","179","239","618","C4280506"
"51259","2","3","2","76","153","40","38","54","75","C4280506"
"6134","2","3","2","110","85","237","433","547","671","C4280506"
"3717","2","5","7","53","14","20","25","40","186","C4280506"
"5290","2","3","7","53","14","20","25","40","186","C4280506"
"2239","2","3","2","74","51","342","454","573","492","C4280506"
"25978","2","3","2","48","57","110","141","359","462","C4280512"
"3691","2","5","7","53","51","342","454","573","492","C4280512"
"5727","2","3","12","68","221","197","259","560","422","C4280516"
"3691","2","5","7","53","51","342","454","573","492","C4280516"
"22931","2","5","7","34","54","24","30","46","72","C4280516"
"6785","2","3","5","67","7","5","239","311","393","C4280516"
"7291","2","3","12","19","151","276","91","489","416","C4280516"
"7298","2","3","12","76","153","40","38","54","75","C4280516"
"53834","2","5","7","53","51","342","454","573","492","C4280516"
"712","2","5","7","53","51","119","395","549","674","C4280516"
"9361","2","3","2","48","170","50","119","444","556","C4280516"
"3567","2","5","7","53","14","20","25","40","186","C4280516"
"1062","2","3","12","76","153","40","38","54","75","C4280516"
"2260","2","5","7","53","14","20","25","40","186","C4280517"
"2318","2","5","7","53","45","23","103","464","187","C4280517"
"4233","2","5","7","53","14","20","25","40","186","C4280517"
"10733","2","3","12","76","153","40","38","54","75","C4280517"
"3339","2","5","7","53","51","342","454","573","492","C4280517"
"1487","2","3","12","19","31","1","426","55","340","C4280517"
"30817","2","5","3","68","221","197","259","560","422","C4280517"
"8481","2","3","12","76","153","40","38","54","75","C4280517"
"11315","2","3","2","48","170","50","399","201","229","C4280517"
"2178","2","3","12","19","31","261","116","1","86","C4280517"
"5913","2","5","7","27","36","71","341","223","219","C4280517"
"2731","2","3","2","106","104","214","234","67","53","C4280518"
"7167","2","3","2","90","167","266","367","500","577","C4280518"
"9851","2","3","12","76","153","40","38","54","75","C4280518"
"1649","2","3","12","19","31","276","91","433","118","C4280518"
"5290","2","3","7","53","14","20","25","40","186","C4280518"
"4729","2","3","2","48","170","50","119","444","556","C4280518"
"5158","2","3","4","68","45","272","259","518","621","C4280518"
"5728","2","3","5","80","81","339","156","568","605","C4280518"
"6868","2","5","7","53","51","342","454","236","492","C4280518"
"2706","2","3","12","76","153","40","38","54","75","C4280518"
"1029","2","3","12","19","31","1","116","1","664","C4280518"
"3930","2","3","2","22","33","323","66","3","464","C4280519"
"1629","2","3","2","67","92","293","55","75","311","C4280519"
"2731","2","3","2","106","104","214","234","67","53","C4280519"
"1848","2","3","5","42","81","296","399","201","274","C4280519"
"64175","2","5","7","53","51","342","454","573","492","C4280519"
"8241","2","3","2","22","33","323","66","101","136","C4280520"
"23529","2","5","7","53","51","119","25","40","416","C4280520"
"5476","2","3","7","34","52","216","395","152","310","C4280520"
"5594","2","5","7","34","14","20","34","540","274","C4280520"
"6945","2","3","12","19","31","110","141","488","102","C4280520"
"2263","2","5","7","53","14","20","25","40","186","C4280528"
"1559","2","3","5","91","214","226","11","348","172","C4280528"
"51422","2","3","2","48","57","110","141","359","462","C4280528"
"1277","2","5","7","53","51","342","454","573","492","C4280528"
"1131","2","5","4","68","96","326","427","548","672","C4280528"
"6297","2","3","12","41","116","266","402","489","416","C4280528"
"3984","2","5","7","53","14","20","34","540","68","C4280528"
"3758","2","5","8","63","36","166","106","110","158","C4280529"
"5830","2","3","5","43","161","305","409","208","482","C4280529"
"7422","2","5","7","53","51","342","454","573","702","C4280529"
"5468","2","3","3","19","151","276","91","433","118","C4280529"
"54880","2","3","12","19","31","1","426","55","78","C4280529"
"9632","2","3","7","60","153","40","38","54","203","C4280529"
"5130","2","3","2","85","143","286","51","488","102","C4280529"
"2033","2","3","12","19","31","1","91","433","118","C4280530"
"2072","2","3","12","19","31","261","116","1","86","C4280530"
"2294","2","3","3","19","221","321","428","541","667","C4280530"
"84197","2","5","2","53","14","20","25","215","186","C4280530"
"4292","2","3","12","19","31","261","116","1","86","C4280530"
"3909","2","5","7","53","51","342","454","573","492","C4280530"
"4541","2","3","2","48","170","50","119","444","24","C4280530"
"7314","2","3","12","41","219","261","409","208","482","C4280531"
"3122","2","5","7","53","184","119","156","287","116","C4280531"
"3284","2","3","2","69","98","169","299","183","243","C4280531"
"8260","2","3","12","41","85","266","76","287","78","C4280531"
"1120","2","3","2","85","143","286","51","488","102","C4280531"
"51095","2","3","12","22","33","323","66","101","664","C4280531"
"4000","2","3","12","26","105","178","226","297","156","C4280531"
"3431","2","3","12","53","184","119","156","287","116","C4280532"
"3106","2","5","7","34","52","119","395","549","674","C4280532"
"84168","2","5","7","53","51","342","454","573","492","C4280532"
"6775","2","5","7","53","14","119","25","40","186","C4280532"
"8200","2","5","7","53","51","342","259","423","389","C4280532"
"10913","2","3","12","41","219","339","156","568","697","C4280532"
"2263","2","5","7","53","14","20","25","40","186","C4280532"
"1031","2","3","12","19","31","1","426","55","78","C4280532"
"3703","2","3","2","78","26","54","283","118","124","C4280532"
"4921","2","5","7","53","14","20","25","573","186","C4280532"
"2811","2","5","7","53","51","1","454","573","78","C4280532"
"8314","2","3","12","41","31","1","426","55","78","C4280532"
"6863","2","5","4","68","96","326","427","548","672","C4280532"
"3284","2","3","2","69","98","169","299","183","243","C4280532"
"1890","2","3","5","80","81","296","62","94","150","C4280532"
"1509","2","5","7","34","52","216","395","549","568","C4280532"
"3460","2","5","7","53","184","119","156","287","116","C4280532"
"6648","2","3","2","95","151","160","378","173","229","C4280532"
"2260","2","5","7","53","14","20","25","40","186","C4280532"
"5654","2","5","7","53","51","342","454","573","492","C4280532"
"25978","2","3","2","48","57","110","141","359","462","C4280532"
"11330","2","5","7","68","51","119","395","549","674","C4280532"
"5444","2","3","5","80","147","236","328","411","229","C4280532"
"4952","2","3","5","60","54","184","30","544","669","C4280532"
"5889","2","3","12","19","31","261","116","1","86","C4280532"
"5173","2","5","4","68","96","326","427","548","672","C4280532"
"617","2","3","2","48","170","50","304","167","593","C4280532"
"2812","2","5","7","53","51","342","454","573","492","C4280532"
"118","2","3","2","63","105","178","226","297","380","C4280533"
"6337","2","5","8","63","45","23","34","464","187","C4280533"
"54903","2","3","12","76","153","40","38","54","75","C4280533"
"8573","2","5","7","53","36","71","341","223","219","C4280533"
"5573","2","3","12","19","184","118","155","287","116","C4280533"
"3592","2","5","7","53","51","119","25","489","416","C4280533"
"3000","2","5","4","68","96","326","427","548","672","C4280533"
"25836","2","3","12","76","153","40","38","54","75","C4280533"
"1717","2","3","2","19","151","276","48","69","204","C4280533"
"10312","2","3","7","34","52","216","395","549","674","C4280533"
"175","2","3","7","34","52","216","395","549","674","C4280536"
"5077","2","3","3","19","221","321","428","541","667","C4280536"
"427","2","3","7","34","52","216","395","549","420","C4280537"
"4539","2","3","2","53","184","86","107","560","195","C4280537"
"4338","2","3","2","110","85","75","204","267","352","C4280539"
"6909","2","5","7","53","51","335","444","560","373","C4280539"
"54919","2","3","2","41","96","279","304","370","257","C4280539"
"6535","2","5","8","45","94","199","240","415","666","C4280545"
"857","2","5","7","53","45","23","57","83","422","C4280545"
"667","2","5","7","53","51","342","454","573","492","C4280548"
"2690","2","5","7","53","14","20","25","40","186","C4280548"
"9966","2","5","12","41","219","339","156","568","697","C4280548"
"1836","2","3","2","35","41","94","260","330","375","C4280548"
"3559","2","5","7","53","14","20","25","40","186","C4280548"
"3039","2","3","5","35","41","118","155","287","116","C4280548"
"1861","2","5","7","60","14","184","341","544","669","C4280549"
"1277","2","5","7","53","51","342","454","573","492","C4280549"
"4041","2","5","3","68","221","197","259","560","422","C4280549"
"1081","2","5","4","68","96","326","427","548","672","C4280549"
"1300","2","5","7","53","51","342","454","573","492","C4280549"
"1019","2","3","12","19","31","1","116","1","86","C4280549"
"2950","2","5","7","34","52","216","395","549","674","C4280554"
"4359","2","5","7","53","51","342","454","573","492","C4280554"
"5351","2","5","7","53","51","342","454","573","492","C4280554"
"6697","2","3","2","69","91","75","204","267","352","C4280554"
"5897","2","3","12","41","116","268","141","568","605","C4280554"
"673","2","5","7","53","14","20","34","540","68","C4280554"
"2626","2","3","12","19","31","118","155","287","116","C4280555"
"4952","2","3","5","60","54","184","30","544","669","C4280555"
"5290","2","3","7","53","14","20","25","40","186","C4280555"
"5314","2","3","12","76","153","40","38","54","75","C4280555"
"58508","2","3","12","19","31","1","426","55","78","C4280555"
"22943","2","5","3","68","221","197","259","560","422","C4280555"
"3930","2","3","2","22","33","323","66","3","464","C4280557"
"950","2","5","7","60","14","184","341","544","669","C4280557"
"5428","2","3","2","48","170","50","119","167","593","C4280557"
"9487","2","3","5","80","81","142","176","235","317","C4280557"
"94","2","5","7","53","51","342","259","423","389","C4280558"
"6392","2","3","2","48","170","50","119","444","556","C4280558"
"930","2","5","7","53","14","119","25","40","186","C4280558"
"54768","2","3","12","41","92","197","57","198","517","C4280558"
"81693","2","5","7","48","51","105","139","186","245","C4280559"
"617","2","3","2","48","170","50","304","167","593","C4280559"
"2121","2","3","12","41","116","268","434","568","605","C4280559"
"23742","2","5","5","68","96","326","427","447","586","C4280559"
"6335","2","5","8","63","36","166","341","390","158","C4280559"
"1499","2","3","12","19","221","197","259","560","422","C4280559"
"3625","2","5","7","53","51","342","259","423","389","C4280559"
"1717","2","3","2","19","151","276","48","69","204","C4280559"
"54938","2","3","2","110","85","67","76","252","154","C4280560"
"6647","2","3","2","95","2","342","378","173","702","C4280560"
"10806","2","3","12","76","153","40","38","54","75","C4280560"
"23095","2","3","7","76","153","40","38","54","75","C4280560"
"5982","2","3","12","19","31","261","116","1","86","C4280560"
"7273","2","5","7","53","51","342","103","464","702","C4280560"
"1144","2","5","8","27","70","99","162","216","290","C4280560"
"2720","2","3","7","34","52","216","395","21","599","C4280560"
"3418","2","3","2","67","151","276","33","48","155","C4280560"
"801","2","5","8","63","45","23","103","464","187","C4280560"
"5961","2","5","7","27","51","326","126","414","702","C4280560"
"175","2","3","7","34","52","216","395","549","674","C4280560"
"7415","2","3","7","34","52","216","395","536","445","C4280560"
"7148","2","5","7","53","51","342","454","573","492","C4280560"
"3265","2","5","7","60","54","24","30","46","72","C4280560"
"8242","2","3","12","19","31","1","426","55","78","C4280560"
"9968","2","4","3","24","119","330","214","454","144","C4280560"
"25923","2","3","2","48","184","50","119","444","116","C4280562"
"3565","2","5","7","53","51","119","25","489","416","C4280562"
"2158","2","5","7","68","51","119","395","549","674","C4280562"
"10269","2","3","2","48","182","50","119","444","556","C4280563"
"3845","2","5","7","60","54","24","30","46","72","C4280563"
"10522","2","3","12","19","221","197","259","236","422","C4280563"
"3991","2","3","5","80","81","166","57","83","658","C4280564"
"11285","2","3","2","74","205","191","396","408","620","C4280564"
"4359","2","5","7","53","51","342","454","573","492","C4280564"
"545","2","3","12","19","31","261","116","1","86","C4280564"
"4143","2","3","5","80","81","105","426","129","2","C4280564"
"5080","2","3","3","19","221","321","428","541","667","C4280564"
"3000","2","5","4","68","96","326","427","548","672","C4280565"
"27031","2","3","6","11","142","225","38","331","506","C4280565"
"2064","2","5","7","53","14","20","25","40","186","C4280565"
"999","2","5","7","53","51","342","444","560","373","C4280565"
"4593","2","5","7","53","14","20","454","573","492","C4280565"
"3694","2","5","7","53","51","342","454","573","492","C4280565"
"675","2","3","12","19","31","261","116","1","86","C4280565"
"7422","2","5","7","53","51","342","454","573","702","C4280565"
"570","2","3","5","43","161","305","409","255","56","C4280565"
"472","2","3","12","19","31","261","116","1","86","C4280565"
"23426","2","5","7","42","36","71","177","223","219","C4280566"
"6809","2","5","7","60","153","184","341","66","203","C4280566"
"5648","2","5","7","53","51","119","395","549","674","C4280566"
"6892","2","3","12","41","116","119","156","568","116","C4280566"
"579","2","3","3","19","221","321","428","541","667","C4280566"
"10564","2","5","7","60","54","24","30","46","72","C4280566"
"5077","2","3","3","19","221","321","428","541","667","C4280566"
"3712","2","3","2","48","170","50","119","444","556","C4280566"
"3315","2","3","12","41","181","160","362","402","215","C4280566"
"3290","2","3","2","69","83","101","94","133","239","C4280566"
"950","2","5","7","60","14","184","341","544","669","C4280566"
"3190","2","3","2","22","33","323","66","101","136","C4280566"
"51750","2","3","12","19","31","261","116","1","86","C4280566"
"1487","2","3","12","19","31","1","426","55","340","C4280566"
"26040","2","3","12","19","31","1","116","297","78","C4280568"
"4908","2","5","7","53","51","342","259","423","389","C4280568"
"4998","2","3","12","76","31","261","116","1","86","C4280568"
"2584","2","3","2","72","117","196","257","326","46","C4280568"
"4893","2","5","7","34","52","24","30","46","72","C4280568"
"25978","2","3","2","48","57","110","141","359","462","C4280568"
"338917","2","3","3","19","221","321","428","541","667","C4280569"
"9051","2","5","7","60","14","20","25","40","215","C4280569"
"9451","2","3","2","110","51","335","226","297","380","C4280569"
"3592","2","5","7","53","51","119","25","489","416","C4280569"
"4627","2","5","7","63","45","184","103","572","658","C4280569"
"4204","2","3","12","19","31","1","426","55","78","C4280572"
"368","2","3","12","41","116","268","423","536","445","C4280572"
"10516","2","5","7","53","51","342","454","573","492","C4280572"
"4148","2","5","7","53","51","342","454","573","492","C4280572"
"2259","2","5","8","63","36","166","341","223","158","C4280572"
"6523","2","3","8","45","216","337","448","565","562","C4280572"
"3991","2","3","5","80","81","166","57","83","658","C4280573"
"5450","2","3","12","19","221","261","116","159","211","C4280573"
"720","2","5","7","53","51","342","454","573","492","C4280575"
"4221","2","3","12","19","31","342","454","573","492","C4280575"
"29940","2","5","7","53","51","342","454","573","492","C4280575"
"2108","2","3","2","48","170","50","119","444","556","C4280575"
"10300","2","3","12","76","153","40","38","54","75","C4280575"
"1280","2","5","7","53","51","342","454","573","492","C4280575"
"9927","2","3","12","19","31","118","155","287","116","C4280576"
"10280","2","3","2","110","85","52","57","86","119","C4280576"
"6609","2","3","5","105","155","250","291","152","420","C4280576"
"3868","2","1","6","11","142","225","142","220","298","C4280576"
"249","2","3","5","27","51","335","444","560","373","C4280576"
"64778","2","5","7","53","51","335","444","560","373","C4280576"
"4054","2","5","7","53","51","342","454","573","492","C4280576"
"10537","2","3","12","41","116","268","434","468","213","C4280576"
"2260","2","5","7","53","14","20","25","40","186","C4280577"
"4534","2","3","5","80","81","296","399","362","468","C4280577"
"9990","2","5","8","45","94","199","240","415","666","C4280577"
"538","2","3","8","63","45","23","103","464","187","C4280577"
"1591","2","3","5","92","163","262","136","460","566","C4280578"
"3909","2","5","7","53","51","342","454","573","492","C4280578"
"51099","2","3","2","67","92","293","55","75","311","C4280578"
"5449","2","3","3","19","221","321","428","541","667","C4280578"
"5116","2","3","12","76","153","40","38","54","75","C4280578"
"4929","2","3","3","19","151","276","91","433","118","C4280579"
"6648","2","3","2","95","151","160","378","173","229","C4280579"
"6134","2","3","2","110","85","237","433","547","671","C4280579"
"2178","2","3","12","19","31","261","116","1","86","C4280579"
"5080","2","3","3","19","221","321","428","541","667","C4280579"
"546","2","3","12","19","31","261","426","1","86","C4280580"
"215","2","3","5","47","144","185","238","310","392","C4280580"
"7048","2","5","7","53","51","342","259","423","389","C4280580"
"4000","2","3","12","26","105","178","226","297","156","C4280580"
"4038","2","5","7","53","51","342","454","573","492","C4280580"
"4068","2","5","7","53","51","119","25","549","674","C4280581"
"6138","2","3","2","110","85","237","433","547","671","C4280581"
"3123","2","5","7","53","51","119","156","287","116","C4280581"
"5297","2","3","2","11","54","225","181","441","555","C4280581"
"595","2","3","12","19","31","1","426","489","416","C4280581"
"2912","2","5","4","68","96","326","427","548","672","C4280581"
"54551","2","3","12","41","219","197","156","568","422","C4280581"
"7068","2","3","3","19","151","276","91","433","118","C4280581"
"4125","2","3","7","34","52","216","395","549","674","C4280581"
"8313","2","3","12","41","219","339","156","568","605","C4280581"
"26873","2","3","5","83","171","97","237","77","391","C4280581"
"6261","2","5","8","63","45","23","34","464","187","C4280581"
"1636","2","3","5","80","81","166","397","418","568","C4280581"
"5032","2","5","4","68","96","326","427","548","672","C4280582"
"30008","2","5","7","53","51","342","454","573","492","C4280582"
"9215","2","5","2","27","36","150","430","215","628","C4280582"
"1610","2","3","5","80","81","305","409","208","482","C4280582"
"8642","2","5","7","53","51","335","444","560","373","C4280582"
"85358","2","5","7","60","14","71","341","223","219","C4280582"
"54806","2","5","7","76","153","40","38","54","75","C4280582"
"7124","2","3","12","41","219","339","156","568","697","C4280582"
"23363","2","3","12","41","116","268","434","468","213","C4280582"
"5828","2","3","5","43","161","305","409","208","482","C4280582"
"2108","2","3","2","48","170","50","119","444","556","C4280582"
"6391","2","3","2","48","170","50","119","444","556","C4280582"
"326","2","3","12","19","31","261","377","370","269","C4280582"
"6261","2","5","8","63","45","23","34","464","187","C4280583"
"30008","2","5","7","53","51","342","454","573","492","C4280583"
"6473","2","3","3","19","221","321","428","541","667","C4280583"
"3265","2","5","7","60","54","24","30","46","72","C4280584"
"60506","2","5","7","53","51","342","444","560","373","C4280584"
"9150","2","3","12","19","31","261","116","159","211","C4280584"
"760","2","3","5","35","41","77","40","78","178","C4280585"
"8626","2","3","3","19","221","321","428","541","667","C4280585"
"2720","2","3","7","34","52","216","395","21","599","C4280585"
"7428","2","3","12","41","116","268","434","468","213","C4280585"
"5191","2","3","5","43","161","305","409","208","482","C4280585"
"6870","2","5","4","68","96","326","427","548","672","C4280585"
"2934","2","5","7","34","52","216","395","549","674","C4280585"
"23556","2","3","2","61","77","142","176","235","317","C4280586"
"4720","2","3","2","48","170","50","119","444","556","C4280586"
"7038","2","5","7","60","18","184","98","66","203","C4280586"
"27077","2","3","12","76","153","40","38","54","75","C4280586"
"4703","2","5","7","60","45","23","103","464","187","C4280586"
"3909","2","5","7","53","51","342","454","573","492","C4280586"
"29954","2","5","2","27","206","324","430","215","290","C4280587"
"6775","2","5","7","53","14","119","25","40","186","C4280587"
"2121","2","3","12","41","116","268","434","568","605","C4280587"
"9820","2","3","12","41","116","268","434","468","213","C4280590"
"3659","2","3","12","19","184","119","156","287","116","C4280590"
"1956","2","5","7","53","14","184","45","544","669","C4280591"
"126410","2","3","5","91","188","291","394","495","613","C4280591"
"50640","2","3","5","116","183","295","398","243","327","C4280592"
"1630","2","5","7","53","51","335","444","560","373","C4280592"
"10686","2","5","6","42","36","71","177","64","219","C4280593"
"546","2","3","12","19","31","261","426","1","86","C4280593"
"5447","2","3","5","91","214","271","372","471","586","C4280594"
"7066","2","5","7","53","51","119","25","573","416","C4280594"
"2261","2","5","7","53","14","20","25","40","186","C4280594"
"29123","2","3","12","19","151","276","91","433","118","C4280594"
"5255","2","3","7","34","45","23","103","464","187","C4280594"
"3039","2","3","5","35","41","118","155","287","116","C4280594"
"8398","2","3","5","116","183","40","38","352","455","C4280595"
"207","2","3","7","53","14","20","34","489","416","C4280595"
"3113","2","5","7","53","184","119","156","287","116","C4280595"
"3728","2","5","7","34","52","225","142","220","298","C4280595"
"9723","2","5","7","53","51","342","79","560","373","C4280595"
"3030","2","3","2","48","57","339","44","65","31","C4280595"
"9227","2","3","2","69","51","101","126","170","224","C4280595"
"8481","2","3","12","76","153","40","38","54","75","C4280595"
"16","2","3","2","110","85","237","433","547","154","C4280595"
"3181","2","3","2","22","33","323","66","101","136","C4280595"
"3593","2","5","7","53","51","119","25","489","416","C4280596"
"7353","2","3","12","41","219","339","156","568","605","C4280596"
"673","2","5","7","53","14","20","34","540","68","C4280596"
"23426","2","5","7","42","36","71","177","223","219","C4280596"
"2896","2","5","7","34","52","216","395","549","674","C4280596"
"22868","2","3","2","48","182","67","76","463","153","C4280596"
"3753","2","5","8","63","36","166","341","223","158","C4280596"
"2879","2","3","5","80","81","166","378","173","229","C4280596"
"7490","2","3","3","19","221","321","428","541","667","C4280596"
"10194","2","5","7","53","221","321","259","423","389","C4280596"
"6845","2","5","7","60","14","184","341","544","669","C4280597"
"54903","2","3","12","76","153","40","38","54","75","C4280597"
"2056","2","5","7","53","51","119","25","40","186","C4280597"
"7050","2","3","12","19","31","321","428","541","667","C4280597"
"3730","2","5","7","53","14","20","25","40","186","C4280597"
"274","2","5","7","60","14","184","341","544","669","C4280597"
"3590","2","5","7","53","51","119","25","40","416","C4280597"
"3717","2","5","7","53","14","20","25","40","186","C4280597"
"7941","2","3","5","7","218","338","450","567","696","C4280597"
"10243","2","3","2","27","91","71","204","267","352","C4280597"
"5830","2","3","5","43","161","305","409","208","482","C4280597"
"240","2","3","7","34","52","216","395","489","416","C4280597"
"6399","2","5","7","60","54","24","30","46","72","C4280597"
"5290","2","3","7","53","14","20","25","40","186","C4280597"
"5832","2","3","2","101","62","189","182","509","252","C4280597"
"2131","2","3","2","74","58","112","148","181","416","C4280597"
"51305","2","5","8","63","36","166","106","110","158","C4280597"
"26137","2","5","7","63","45","184","103","572","658","C4280597"
"9049","2","3","3","41","151","276","378","271","356","C4280597"
"2629","2","3","5","80","81","250","291","152","420","C4280597"
"23522","2","3","12","19","31","1","426","55","78","C4280598"
"2121","2","3","12","41","116","268","434","568","605","C4280598"
"4233","2","5","7","53","14","20","25","40","186","C4280598"
"3479","2","5","7","53","51","342","454","573","492","C4280598"
"2072","2","3","12","19","31","261","116","1","86","C4280598"
"2334","2","5","7","53","14","20","25","40","186","C4280598"
"1277","2","5","7","53","51","342","454","573","492","C4280598"
"11254","2","3","8","45","94","199","240","415","666","C4280598"
"2796","2","5","4","68","96","326","427","548","672","C4280598"
"10815","2","5","7","60","36","71","341","223","666","C4280598"
"5521","2","3","12","76","137","76","136","472","435","C4280598"
"4598","2","3","2","19","151","276","198","259","427","C4280598"
"871","2","5","7","53","51","342","454","573","492","C4280598"
"6598","2","3","12","19","31","1","426","55","78","C4280598"
"1301","2","5","7","53","51","342","454","573","492","C4280598"
"3576","2","5","4","68","96","326","427","548","672","C4280598"
"1583","2","3","5","79","152","273","375","100","589","C4280598"
"6597","2","3","12","19","31","1","426","55","78","C4280598"
"4072","2","5","7","53","51","119","454","573","492","C4280598"
"5728","2","3","5","80","81","339","156","568","605","C4280598"
"23534","2","3","2","22","33","323","66","101","136","C4280599"
"7099","2","5","7","41","219","339","156","568","697","C4280599"
"8425","2","5","7","53","51","342","454","573","492","C4280599"
"427","2","3","7","34","52","216","395","549","420","C4280599"
"8557","2","5","8","63","45","23","103","464","187","C4280601"
"1181","2","5","8","63","45","23","34","464","187","C4280601"
"2239","2","3","2","74","51","342","454","573","492","C4280601"
"2121","2","3","12","41","116","268","434","568","605","C4280601"
"1244","2","3","12","41","116","268","423","536","445","C4280601"
"7454","2","5","7","60","14","20","25","40","215","C4280602"
"959","2","5","7","53","51","119","395","549","674","C4280602"
"51085","2","3","2","48","57","110","141","359","462","C4280602"
"8942","2","3","5","52","212","183","307","391","507","C4280602"
"3981","2","3","12","19","31","261","116","1","86","C4280602"
"5663","2","5","7","34","52","216","395","549","667","C4280603"
"2175","2","3","12","19","31","261","116","1","86","C4280603"
"54332","2","3","2","60","170","40","98","66","203","C4280603"
"5908","2","5","7","34","52","216","30","46","72","C4280603"
"3730","2","5","7","53","14","20","25","40","186","C4280603"
"10815","2","5","7","60","36","71","341","223","666","C4280603"
"2626","2","3","12","19","31","118","155","287","116","C4280603"
"5979","2","5","7","53","14","20","25","40","186","C4280603"
"773","2","5","8","27","36","166","341","223","628","C4280603"
"1536","2","5","7","34","52","216","395","549","674","C4280604"
"3991","2","3","5","80","81","166","57","83","658","C4280604"
"5095","2","3","2","48","40","130","166","127","173","C4280604"
"51741","2","3","2","22","33","323","66","101","127","C4280604"
"595","2","3","12","19","31","1","426","489","416","C4280606"
"6576","2","3","2","45","94","199","240","569","666","C4280606"
"6792","2","5","7","53","14","20","34","540","68","C4280606"
"9215","2","5","2","27","36","150","430","215","628","C4280606"
"9342","2","5","7","34","52","216","395","549","674","C4280606"
"9949","2","3","2","22","33","225","142","220","298","C4280606"
"8106","2","3","2","22","33","323","66","101","136","C4280606"
"6913","2","3","3","19","221","321","428","541","667","C4280606"
"4137","2","3","7","27","36","150","341","223","628","C4280606"
"4536","2","3","2","48","170","50","119","444","556","C4280606"
"3861","2","1","6","11","142","225","142","220","298","C4280606"
"1280","2","5","7","53","51","342","454","573","492","C4280606"
"10075","2","3","12","34","52","216","434","468","213","C4280606"
"7555","2","3","2","110","85","237","433","547","671","C4280606"
"51199","2","3","12","76","153","40","38","54","75","C4280606"
"2074","2","3","12","19","31","1","426","55","78","C4280606"
"5314","2","3","12","76","153","40","38","54","75","C4280606"
"627","2","5","7","53","51","335","444","423","373","C4280606"
"4948","2","5","8","63","45","23","250","464","187","C4280606"
"6340","2","5","8","63","45","23","34","464","187","C4280606"
"1727","2","3","7","34","52","216","395","549","197","C4280606"
"51360","2","3","3","26","35","276","91","433","203","C4280606"
"3651","2","3","3","19","221","321","428","541","667","C4280606"
"54806","2","5","7","76","153","40","38","54","75","C4280606"
"324","2","3","12","41","219","197","70","255","422","C4280607"
"4683","2","3","12","19","31","261","116","1","86","C4280607"
"4038","2","5","7","53","51","342","454","573","492","C4280607"
"8754","2","5","7","53","51","342","454","573","492","C4280607"
"7080","2","3","3","19","221","321","428","541","667","C4280607"
"7124","2","3","12","41","219","339","156","568","697","C4280607"
"5573","2","3","12","19","184","118","155","287","116","C4280607"
"2261","2","5","7","53","14","20","25","40","186","C4280607"
"2243","2","5","7","53","51","342","454","573","492","C4280607"
"7428","2","3","12","41","116","268","434","468","213","C4280607"
"25793","2","3","12","41","116","268","434","468","213","C4280607"
"6635","2","3","2","22","33","323","66","101","136","C4280607"
"3032","2","3","2","48","57","38","347","12","145","C4280610"
"84627","2","3","2","48","170","50","347","167","593","C4280610"
"4286","2","3","12","19","31","261","116","1","664","C4280610"
"8891","2","3","2","110","85","237","433","547","671","C4280610"
"3606","2","5","7","53","51","119","156","489","416","C4280610"
"805","2","5","8","53","45","20","34","464","187","C4280610"
"673","2","5","7","53","14","20","34","540","68","C4280610"
"1146","2","5","8","27","70","99","162","216","290","C4280610"
"22845","2","3","2","48","68","125","161","214","288","C4280615"
"3984","2","5","7","53","14","20","34","540","68","C4280615"
"9997","2","3","2","48","170","50","119","444","556","C4280615"
"9126","2","3","12","76","153","40","38","54","75","C4280615"
"2121","2","3","12","41","116","268","434","568","605","C4280615"
"3673","2","5","7","53","51","342","454","573","492","C4280615"
"6607","2","3","2","22","33","323","66","101","664","C4280615"
"1299","2","5","7","53","51","342","454","573","492","C4280615"
"4929","2","3","3","19","151","276","91","433","118","C4280615"
"1813","2","5","4","68","96","326","427","548","672","C4280615"
"2263","2","5","7","53","14","20","25","40","186","C4280615"
"10342","2","3","7","60","219","40","202","66","203","C4280615"
"5728","2","3","5","80","81","339","156","568","605","C4280615"
"10743","2","3","3","19","151","276","91","433","118","C4280615"
"1349","2","3","2","48","170","110","141","359","462","C4280615"
"55703","2","3","2","22","33","261","116","159","211","C4280615"
"5745","2","5","4","68","96","326","427","548","672","C4280615"
"1292","2","5","7","53","51","342","454","573","492","C4280615"
"29929","2","3","2","48","69","99","162","216","290","C4280615"
"51119","2","3","2","110","85","237","433","547","671","C4280615"
"7051","2","1","6","11","142","225","142","220","298","C4280615"
"5173","2","5","4","68","96","326","427","548","672","C4280615"
"3559","2","5","7","53","14","20","25","40","186","C4280615"
"26503","2","3","2","89","124","204","272","347","442","C4280615"
"1387","2","3","12","19","31","276","91","433","118","C4280615"
"8233","2","3","2","22","33","323","66","101","136","C4280615"
"1280","2","5","7","53","51","342","454","573","492","C4280615"
"857","2","5","7","53","45","23","57","83","422","C4280615"
"7124","2","3","12","41","219","339","156","568","697","C4280615"
"3315","2","3","12","41","181","160","362","402","215","C4280615"
"4041","2","5","3","68","221","197","259","560","422","C4280615"
"5096","2","3","2","48","40","130","166","127","173","C4280616"
"5896","2","3","12","41","116","268","434","568","605","C4280616"
"7535","2","5","7","53","14","20","25","40","186","C4280616"
"54880","2","3","12","19","31","1","426","55","78","C4280616"
"6121","2","3","2","69","83","101","126","170","224","C4280616"
"6885","2","3","12","41","219","339","156","568","697","C4280616"
"6845","2","5","7","60","14","184","341","544","669","C4280616"
"4921","2","5","7","53","14","20","25","573","186","C4280616"
"5332","2","3","4","68","96","326","427","548","672","C4280616"
"5447","2","3","5","91","214","271","372","471","586","C4280616"
"5617","2","5","12","19","31","1","426","55","78","C4280616"
"3955","2","5","8","89","124","143","428","236","667","C4280616"
"4000","2","3","12","26","105","178","226","297","156","C4280616"
"1280","2","5","7","53","51","342","454","573","492","C4280616"
"2317","2","5","7","63","45","23","103","287","664","C4280619"
"54209","2","5","7","53","51","119","395","549","674","C4280619"
"3425","2","3","5","80","81","166","454","573","492","C4280619"
"3178","2","3","2","22","33","323","66","101","136","C4280619"
"6909","2","5","7","53","51","335","444","560","373","C4280619"
"10481","2","3","3","19","221","321","428","541","667","C4280619"
"1311","2","5","7","53","51","342","454","573","492","C4280619"
"5447","2","3","5","91","214","271","372","471","586","C4280619"
"1277","2","5","7","53","51","342","454","573","492","C4280619"
"207","2","3","7","53","14","20","34","489","416","C4280619"
"2538","2","3","5","90","216","333","438","561","689","C4280619"
"8504","2","3","5","47","144","185","238","310","392","C4280619"
"721","2","5","7","53","51","342","454","573","492","C4280619"
"1760","2","5","8","63","14","20","34","540","68","C4280619"
"10269","2","3","2","48","182","50","119","444","556","C4280619"
"3014","2","3","12","19","31","1","426","55","78","C4280619"
"3717","2","5","7","53","14","20","25","40","186","C4280619"
"51085","2","3","2","48","57","110","141","359","462","C4280619"
"6495","2","3","3","19","221","321","428","541","667","C4280619"
"7169","2","5","8","63","45","23","103","464","187","C4280619"
"3651","2","3","3","19","221","321","428","541","667","C4280619"
"7140","2","5","8","63","45","23","103","464","187","C4280619"
"3159","2","3","12","19","31","276","91","433","664","C4280620"
"3694","2","5","7","53","51","342","454","573","492","C4280620"
"1361","2","5","7","53","51","119","395","549","674","C4280620"
"7681","2","3","12","41","116","268","434","468","213","C4280621"
"7428","2","3","12","41","116","268","434","468","213","C4280621"
"4210","2","3","12","41","219","339","156","568","697","C4280621"
"5443","2","5","4","68","96","326","427","548","672","C4280622"
"23321","2","5","7","53","184","119","156","287","116","C4280622"
"6640","2","5","7","42","36","71","177","223","219","C4280622"
"875","2","3","5","80","137","44","21","451","316","C4280624"
"1896","2","5","12","41","219","339","156","568","697","C4280624"
"51360","2","3","3","26","35","276","91","433","203","C4280624"
"3798","2","3","7","76","153","40","38","54","75","C4280624"
"4221","2","3","12","19","31","342","454","573","492","C4280624"
"9427","2","5","5","53","51","119","252","489","416","C4280624"
"2074","2","3","12","19","31","1","426","55","78","C4280624"
"2157","2","5","7","53","51","342","454","573","702","C4280624"
"53834","2","5","7","53","51","342","454","573","492","C4280624"
"7424","2","5","7","53","51","342","454","573","702","C4280624"
"2643","2","3","5","87","91","75","204","267","352","C4280624"
"3033","2","3","2","67","80","145","179","239","618","C4280624"
"19","2","3","3","19","151","276","91","433","118","C4280624"
"1730","2","3","12","76","153","40","38","54","75","C4280624"
"2161","2","5","7","68","51","119","395","549","674","C4280624"
"51204","2","3","2","48","170","50","119","444","556","C4280624"
"2200","2","5","7","53","51","342","454","573","492","C4280624"
"6648","2","3","2","95","151","160","378","173","229","C4280624"
"5122","2","5","4","27","36","184","141","359","411","C4280624"
"2632","2","3","2","28","22","48","232","82","114","C4280624"
"410","2","3","7","34","52","216","395","549","674","C4280624"
"1277","2","5","7","53","51","342","454","573","492","C4280626"
"5743","2","3","5","53","175","119","167","489","416","C4280626"
"4914","2","3","2","22","18","266","202","252","252","C4280626"
"2263","2","5","7","53","14","20","25","40","186","C4280626"
"9915","2","3","3","27","151","276","91","433","118","C4280626"
"1080","2","3","12","41","219","339","156","544","669","C4280626"
"6335","2","5","8","63","36","166","341","390","158","C4280626"
"345","2","5","7","53","51","342","454","573","492","C4280626"
"1737","2","3","2","67","92","293","55","75","311","C4280626"
"7476","2","5","3","68","221","197","259","560","422","C4280626"
"836","2","3","12","41","219","339","402","489","697","C4280626"
"7421","2","3","3","19","151","276","91","433","118","C4280626"
"3753","2","5","8","63","36","166","341","223","158","C4280626"
"2273","2","5","8","63","45","23","103","464","187","C4280626"
"6674","2","3","12","48","57","50","38","54","462","C4280626"
"4221","2","3","12","19","31","342","454","573","492","C4280626"
"1147","2","3","12","41","219","339","156","568","697","C4280627"
"27245","2","3","6","22","142","225","366","362","468","C4280627"
"6390","2","3","2","48","170","50","119","444","556","C4280627"
"3835","2","3","12","76","153","40","38","54","75","C4280627"
"8302","2","5","7","53","51","119","395","549","674","C4280627"
"3123","2","5","7","53","51","119","156","287","116","C4280627"
"6597","2","3","12","19","31","1","426","55","78","C4280627"
"4352","2","5","7","53","14","20","25","40","186","C4280627"
"8379","2","3","12","76","153","40","38","54","75","C4280627"
"10128","2","3","2","48","170","50","119","444","556","C4280627"
"26229","2","3","2","74","205","191","396","408","257","C4280627"
"6521","2","5","8","35","41","199","40","415","666","C4280627"
"7020","2","3","12","19","31","276","91","433","664","C4280627"
"23474","2","3","12","19","31","1","91","433","118","C4280627"
"2736","2","3","12","41","116","321","428","54","667","C4280627"
"4924","2","5","7","53","51","342","454","573","492","C4280627"
"4705","2","3","2","48","170","50","119","444","556","C4280628"
"1026","2","3","12","19","31","1","116","489","416","C4280628"
"5277","2","3","2","61","77","142","176","235","317","C4280628"
"4000","2","3","12","26","105","178","226","297","156","C4280628"
"55315","2","3","5","80","81","296","62","94","150","C4280628"
"8989","2","5","8","63","45","193","306","390","158","C4280628"
"103","2","3","2","110","184","119","156","287","116","C4280628"
"2332","2","3","2","22","33","71","373","466","609","C4280628"
"6495","2","3","3","19","221","321","428","541","667","C4280628"
"547","2","3","7","76","153","40","38","54","75","C4280628"
"26608","2","3","2","22","170","50","119","463","153","C4280628"
"4548","2","3","2","15","85","105","139","186","245","C4280628"
"6662","2","3","3","19","221","321","428","541","667","C4280628"
"1497","2","5","2","63","182","50","103","297","628","C4280628"
"3664","2","5","7","53","184","119","156","287","116","C4280628"
"4514","2","3","2","48","57","110","141","359","5","C4280628"
"10491","2","5","7","53","51","342","454","573","492","C4280628"
"6622","2","3","7","27","36","150","341","223","628","C4280628"
"4023","2","3","5","24","51","342","91","20","27","C4280628"
"26610","2","3","12","19","31","1","426","55","78","C4280629"
"50814","2","3","2","69","221","73","360","86","119","C4280629"
"5468","2","3","3","19","151","276","91","433","118","C4280629"
"5096","2","3","2","48","40","130","166","127","173","C4280629"
"4099","2","5","7","27","51","150","444","223","628","C4280629"
"8195","2","3","12","76","153","76","38","54","75","C4280629"
"23639","2","3","12","41","219","261","136","271","356","C4280629"
"7227","2","3","12","19","31","276","91","433","118","C4280629"
"2626","2","3","12","19","31","118","155","287","116","C4280629"
"5743","2","3","5","53","175","119","167","489","416","C4280629"
"27286","2","5","7","53","51","342","444","560","492","C4280629"
"93","2","5","7","53","14","20","259","423","389","C4280629"
"7337","2","3","12","41","116","268","434","468","213","C4280629"
"4514","2","3","2","48","57","110","141","359","5","C4280629"
"11322","2","5","7","34","52","216","395","549","674","C4280629"
"50944","2","5","7","60","36","71","341","223","219","C4280629"
"579","2","3","3","19","221","321","428","541","667","C4280629"
"4329","2","3","2","67","92","293","229","381","496","C4280629"
"3592","2","5","7","53","51","119","25","489","416","C4280629"
"1586","2","3","5","79","98","256","335","425","540","C4280629"
"3458","2","5","7","53","184","119","156","287","116","C4280629"
"3091","2","3","12","41","116","276","91","433","605","C4280629"
"4846","2","3","5","41","219","75","243","44","64","C4280629"
"3265","2","5","7","60","54","24","30","46","72","C4280630"
"5395","2","3","12","19","31","261","116","1","86","C4280630"
"55630","2","3","5","27","81","99","162","216","290","C4280630"
"3984","2","5","7","53","14","20","34","540","68","C4280630"
"5982","2","3","12","19","31","261","116","1","86","C4280630"
"24","2","3","12","41","116","268","423","536","445","C4280630"
"931","2","5","7","53","14","119","156","287","116","C4280630"
"1030","2","3","12","19","31","1","426","55","78","C4280630"
"55624","2","3","2","78","123","194","255","215","412","C4280630"
"4688","2","5","7","60","14","20","25","40","215","C4280630"
"6165","2","3","2","110","85","237","433","547","671","C4280630"
"6567","2","5","8","35","41","77","40","57","80","C4280630"
"51807","2","3","12","76","153","40","38","54","75","C4280630"
"7466","2","5","7","53","51","342","454","573","492","C4280630"
"6690","2","5","7","68","51","119","395","549","674","C4280630"
"7054","2","3","5","80","81","166","34","258","345","C4280633"
"1029","2","3","12","19","31","1","116","1","664","C4280633"
"843","2","3","12","41","219","339","156","568","697","C4280634"
"1650","2","5","7","34","52","216","395","549","674","C4280634"
"3106","2","5","7","34","52","119","395","549","674","C4280635"
"2720","2","3","7","34","52","216","395","21","599","C4280635"
"51364","2","3","6","11","142","225","142","220","298","C4280635"
"4615","2","3","12","41","219","339","156","568","697","C4280635"
"5745","2","5","4","68","96","326","427","548","672","C4280635"
"51360","2","3","3","26","35","276","91","433","203","C4280635"
"2253","2","5","7","53","14","20","25","40","186","C4280636"
"5179","2","5","4","68","96","326","427","548","672","C4280636"
"421","2","5","7","42","51","335","444","560","373","C4280636"
"9939","2","3","2","22","33","323","66","101","136","C4280636"
"367","2","3","12","19","31","276","91","433","118","C4280636"
"51268","2","3","5","43","161","305","409","208","30","C4280636"
"6235","2","3","2","110","85","237","433","547","671","C4280636"
"1406","2","3","3","19","221","321","428","541","667","C4280636"
"51204","2","3","2","48","170","50","119","444","556","C4280636"
"9509","2","5","7","53","51","342","454","573","492","C4280636"
"6687","2","3","2","48","170","50","119","444","593","C4280636"
"9126","2","3","12","76","153","40","38","54","75","C4280636"
"2677","2","5","7","53","51","342","454","573","492","C4280636"
"3931","2","3","5","116","183","295","454","243","327","C4280636"
"7461","2","3","7","60","153","40","38","93","75","C4280636"
"3123","2","5","7","53","51","119","156","287","116","C4280636"
"58","2","5","8","63","45","23","103","464","187","C4280636"
"8924","2","3","12","41","116","268","434","468","213","C4280636"
"7132","2","3","12","41","219","339","156","568","697","C4280636"
"1187","2","5","8","63","45","23","34","464","187","C4280637"
"2071","2","3","12","19","31","261","116","159","211","C4280637"
"1495","2","5","7","53","51","335","444","560","373","C4280637"
"8878","2","3","12","41","219","339","156","568","697","C4280637"
"8243","2","3","12","76","31","40","38","54","75","C4280637"
"6591","2","3","12","19","31","1","426","55","78","C4280637"
"6833","2","5","8","45","36","166","240","415","666","C4280637"
"5728","2","3","5","80","81","339","156","568","605","C4280637"
"3784","2","5","8","63","36","166","106","110","158","C4280637"
"2588","2","3","7","34","52","216","395","549","674","C4280637"
"7148","2","5","7","53","51","342","454","573","492","C4280637"
"1020","2","3","12","19","14","118","34","540","68","C4280637"
"5159","2","5","7","53","14","20","25","40","186","C4280637"
"7415","2","3","7","34","52","216","395","536","445","C4280637"
"4340","2","5","7","53","51","119","341","223","628","C4280637"
"6505","2","3","2","45","94","199","240","415","666","C4280637"
"5816","2","5","5","63","36","166","332","175","158","C4280637"
"779","2","5","8","63","36","166","341","390","158","C4280637"
"2177","2","3","2","110","90","261","431","545","443","C4280637"
"9723","2","5","7","53","51","342","79","560","373","C4280638"
"9839","2","3","3","19","221","321","428","541","667","C4280638"
"27031","2","3","6","11","142","225","38","331","506","C4280638"
"54903","2","3","12","76","153","40","38","54","75","C4280638"
"3141","2","3","2","68","40","130","166","127","173","C4280638"
"1535","2","5","7","34","52","216","395","549","674","C4280638"
"5626","2","3","3","19","221","321","428","541","667","C4280638"
"7403","2","3","12","19","31","1","426","55","78","C4280638"
"3123","2","5","7","53","51","119","156","287","116","C4280638"
"55209","2","3","12","11","142","225","142","220","298","C4280638"
"331","2","3","12","41","219","339","156","568","697","C4280638"
"3064","2","3","12","48","170","50","444","91","439","C4280638"
"51360","2","3","3","26","35","276","91","433","203","C4280638"
"6187","2","3","2","110","85","237","433","547","671","C4280638"
"710","2","5","7","53","51","342","454","573","702","C4280638"
"1134","2","5","8","27","70","99","162","216","290","C4280638"
"1187","2","5","8","63","45","23","34","464","187","C4280638"
"4598","2","3","2","19","151","276","198","259","427","C4280638"
"4899","2","3","3","19","151","276","91","433","118","C4280638"
"5617","2","5","12","19","31","1","426","55","78","C4280639"
"6696","2","5","7","53","51","342","454","573","492","C4280639"
"1910","2","5","4","68","96","326","427","548","672","C4280639"
"158","2","3","4","96","177","61","373","341","142","C4280639"
"4688","2","5","7","60","14","20","25","40","215","C4280639"
"3977","2","5","7","53","51","119","25","40","416","C4280639"
"5605","2","5","7","53","14","20","34","540","68","C4280639"
"26229","2","3","2","74","205","191","396","408","257","C4280639"
"9037","2","5","7","53","51","342","454","560","492","C4280639"
"1956","2","5","7","53","14","184","45","544","669","C4280639"
"6261","2","5","8","63","45","23","34","464","187","C4280639"
"8626","2","3","3","19","221","321","428","541","667","C4280639"
"30008","2","5","7","53","51","342","454","573","492","C4280639"
"2697","2","3","7","76","153","40","38","54","75","C4280639"
"1583","2","3","5","79","152","273","375","100","589","C4280639"
"10269","2","3","2","48","182","50","119","444","556","C4280639"
"3195","2","3","3","19","221","321","428","541","667","C4280639"
"8643","2","5","3","68","221","197","259","560","422","C4280639"
"1584","2","3","5","79","159","256","276","353","456","C4280639"
"1475","2","1","6","11","142","225","142","220","298","C4280646"
"4088","2","3","12","19","219","339","259","423","605","C4280646"
"36","2","3","2","48","170","50","119","444","556","C4280646"
"10225","2","5","7","53","51","119","395","549","674","C4280652"
"3592","2","5","7","53","51","119","25","489","416","C4280652"
"3845","2","5","7","60","54","24","30","46","72","C4280652"
"763","2","3","5","35","41","77","40","526","647","C4280652"
"2261","2","5","7","53","14","20","25","40","186","C4280652"
"657","2","5","7","53","221","342","259","423","389","C4280652"
"673","2","5","7","53","14","20","34","540","68","C4280652"
"204","2","3","4","72","109","182","235","307","506","C4280652"
"23414","2","3","12","19","31","118","155","287","116","C4280652"
"23169","2","3","2","78","205","112","430","429","544","C4280652"
"4921","2","5","7","53","14","20","25","573","186","C4280652"
"22854","2","5","5","27","51","335","444","560","373","C4280652"
"8139","2","3","12","41","116","268","434","468","213","C4280652"
"1062","2","3","12","76","153","40","38","54","75","C4280652"
"1536","2","5","7","34","52","216","395","549","674","C4280652"
"137814","2","5","7","53","184","335","259","560","373","C4280652"
"2316","2","5","7","53","51","342","454","573","702","C4280652"
"5982","2","3","12","19","31","261","116","1","86","C4280652"
"55624","2","3","2","78","123","194","255","215","412","C4280652"
"338","2","5","7","53","51","342","454","573","492","C4280652"
"8942","2","3","5","52","212","183","307","391","507","C4280652"
"5265","2","5","7","34","52","216","395","573","702","C4280657"
"955","2","3","5","64","42","80","328","135","181","C4280657"
"2033","2","3","12","19","31","1","91","433","118","C4280657"
"5277","2","3","2","61","77","142","176","235","317","C4280657"
"4487","2","3","3","19","221","321","428","541","667","C4280657"
"5159","2","5","7","53","14","20","25","40","186","C4280658"
"2918","2","5","4","68","96","326","427","548","672","C4280658"
"3257","2","5","7","60","54","24","30","46","72","C4280658"
"549","2","3","5","80","81","166","114","155","202","C4280658"
"7046","2","3","12","41","219","339","259","423","605","C4280658"
"4998","2","3","12","76","31","261","116","1","86","C4280659"
"1289","2","5","7","53","51","342","454","573","492","C4280659"
"7157","2","3","12","19","31","261","402","489","551","C4280659"
"2730","2","3","2","83","171","97","381","478","597","C4280659"
"5644","2","5","7","68","51","119","395","549","674","C4280659"
"8091","2","3","12","110","109","22","262","129","638","C4280660"
"3045","2","3","12","19","31","118","155","287","116","C4280660"
"6100","2","3","2","22","33","323","66","101","136","C4280660"
"1749","2","3","3","19","221","321","428","541","667","C4280660"
"249","2","3","5","27","51","335","444","560","373","C4280660"
"55630","2","3","5","27","81","99","162","216","290","C4280661"
"8803","2","3","8","67","92","293","55","75","311","C4280661"
"857","2","5","7","53","45","23","57","83","422","C4280661"
"7476","2","5","3","68","221","197","259","560","422","C4280661"
"1806","2","3","2","49","23","186","149","195","61","C4280661"
"9607","2","5","4","68","96","326","427","548","672","C4280662"
"5376","2","5","7","53","51","342","454","573","492","C4280662"
"5956","2","5","4","68","96","326","427","548","672","C4280662"
"23746","2","3","12","41","83","101","126","271","356","C4280662"
"8675","2","5","7","60","54","24","98","66","203","C4280662"
"3689","2","5","7","34","52","216","395","549","674","C4280665"
"5195","2","3","5","43","161","305","409","208","482","C4280665"
"5160","2","3","2","67","92","293","55","75","311","C4280665"
"356","2","5","7","53","219","339","25","489","697","C4280665"
"7473","2","5","3","68","221","197","259","560","422","C4280665"
"85358","2","5","7","60","14","71","341","223","219","C4280665"
"57526","2","5","7","53","51","335","444","560","373","C4280665"
"3835","2","3","12","76","153","40","38","54","75","C4280665"
"54808","2","3","12","76","153","40","38","54","75","C4280665"
"2353","2","3","12","19","31","1","91","489","416","C4280665"
"3976","2","5","7","53","51","119","25","489","416","C4280666"
"474","2","3","12","11","142","225","142","488","673","C4280666"
"5290","2","3","7","53","14","20","25","40","186","C4280666"
"5318","2","1","6","11","142","225","142","220","298","C4280666"
"7099","2","5","7","41","219","339","156","568","697","C4280666"
"4281","2","5","7","53","184","119","156","287","116","C4280666"
"5894","2","5","7","60","54","23","34","464","187","C4280666"
"4322","2","5","7","53","51","342","454","573","492","C4280666"
"22897","2","3","12","76","153","40","38","54","75","C4280666"
"7292","2","5","12","41","219","339","156","568","697","C4280666"
"2697","2","3","7","76","153","40","38","54","75","C4280668"
"875","2","3","5","80","137","44","21","451","316","C4280668"
"7337","2","3","12","41","116","268","434","468","213","C4280669"
"6261","2","5","8","63","45","23","34","464","187","C4280669"
"7040","2","5","7","53","51","342","454","573","492","C4280669"
"9031","2","3","12","19","31","1","426","55","78","C4280669"
"641","2","3","12","19","31","261","116","1","86","C4280669"
"1535","2","5","7","34","52","216","395","549","674","C4280669"
"1789","2","3","12","19","31","1","426","55","78","C4280669"
"9469","2","3","2","103","189","303","29","475","467","C4280669"
"1737","2","3","2","67","92","293","55","75","311","C4280670"
"4791","2","3","12","41","219","339","156","568","697","C4280670"
"4359","2","5","7","53","51","342","454","573","492","C4280670"
"2778","2","5","4","68","96","326","427","548","672","C4280670"
"3845","2","5","7","60","54","24","30","46","72","C4280671"
"2896","2","5","7","34","52","216","395","549","674","C4280671"
"27235","2","3","2","48","170","50","304","167","593","C4280671"
"5144","2","3","4","68","96","326","427","548","672","C4280671"
"6323","2","5","8","63","36","166","341","390","158","C4280672"
"6442","2","5","8","63","45","23","103","464","187","C4280672"
"160851","2","3","2","60","30","193","306","148","624","C4280672"
"5979","2","5","7","53","14","20","25","40","186","C4280672"
"2335","2","5","7","53","51","342","454","573","492","C4280672"
"2064","2","5","7","53","14","20","25","40","186","C4280674"
"7305","2","5","7","34","52","216","395","549","674","C4280674"
"8200","2","5","7","53","51","342","259","423","389","C4280674"
"4352","2","5","7","53","14","20","25","40","186","C4280674"
"5979","2","5","7","53","14","20","25","40","186","C4280675"
"3759","2","5","8","63","36","166","106","110","158","C4280675"
"4552","2","3","7","48","81","105","139","186","245","C4280675"
"50964","2","5","3","68","221","197","259","423","422","C4280676"
"3984","2","5","7","53","14","20","34","540","68","C4280676"
"3691","2","5","7","53","51","342","454","573","492","C4280677"
"2677","2","5","7","53","51","342","454","573","492","C4280677"
"2876","2","3","5","80","81","110","378","173","229","C4280677"
"275","2","3","5","106","104","214","70","377","488","C4280677"
"2122","2","3","12","19","31","1","426","55","78","C4280677"
"2645","2","3","2","90","167","266","367","101","664","C4280677"
"6496","2","3","3","19","221","321","428","541","667","C4280677"
"7476","2","5","3","68","221","197","259","560","422","C4280677"
"9469","2","3","2","103","189","303","29","475","467","C4280678"
"8076","2","5","7","53","51","342","454","573","492","C4280678"
"338","2","5","7","53","51","342","454","573","492","C4280678"
"10682","2","5","4","68","96","326","48","69","204","C4280678"
"29954","2","5","2","27","206","324","430","215","290","C4280678"
"1281","2","5","7","53","51","342","454","573","492","C4280678"
"2073","2","3","12","19","31","261","116","1","86","C4280678"
"4547","2","5","7","53","51","342","454","573","492","C4280678"
"5295","2","5","7","53","14","20","25","40","186","C4280678"
"26005","2","3","12","76","153","40","38","54","75","C4280678"
"2697","2","3","7","76","153","40","38","54","75","C4280679"
"10320","2","5","7","19","119","143","214","236","389","C4280679"
"1028","2","3","12","19","31","1","116","1","86","C4280679"
"1639","2","3","12","76","153","40","38","54","75","C4280679"
"9841","2","3","6","11","142","225","142","220","298","C4280679"
"23529","2","5","7","53","51","119","25","40","416","C4280679"
"8518","2","3","12","19","31","1","426","55","78","C4280679"
"23229","2","5","7","60","54","24","30","46","72","C4280679"
"23594","2","3","12","76","153","261","116","1","86","C4280679"
"207","2","3","7","53","14","20","34","489","416","C4280679"
"2073","2","3","12","19","31","261","116","1","86","C4280679"
"1824","2","1","6","11","142","225","142","220","298","C4280679"
"3845","2","5","7","60","54","24","30","46","72","C4280679"
"9210","2","5","7","53","51","342","454","573","492","C4280679"
"4914","2","3","2","22","18","266","202","252","252","C4280679"
"2706","2","3","12","76","153","40","38","54","75","C4280679"
"472","2","3","12","19","31","261","116","1","86","C4280679"
"1144","2","5","8","27","70","99","162","216","290","C4280679"
"1277","2","5","7","53","51","342","454","573","492","C4280679"
"23347","2","3","12","41","116","268","434","468","213","C4280679"
"9394","2","3","2","74","58","112","148","193","263","C4280679"
"8878","2","3","12","41","219","339","156","568","697","C4280803"
"8139","2","3","12","41","116","268","434","468","213","C4280803"
"7486","2","3","12","19","31","261","116","1","86","C4280803"
"3561","2","5","7","53","14","20","25","40","186","C4280805"
"7422","2","5","7","53","51","342","454","573","702","C4280805"
"10815","2","5","7","60","36","71","341","223","666","C4280805"
"4982","2","5","12","41","219","339","156","568","697","C4280806"
"3269","2","5","4","68","96","326","427","548","672","C4280806"
"3897","2","5","7","53","51","335","444","560","373","C4280806"
"55699","2","3","2","110","85","67","76","252","154","C4280806"
"2072","2","3","12","19","31","261","116","1","86","C4280806"
"8629","2","3","12","19","221","1","428","541","667","C4280807"
"1437","2","5","7","53","14","20","25","40","186","C4280807"
"11155","2","5","7","63","45","23","103","464","187","C4280807"
"5660","2","5","7","34","52","326","427","548","702","C4280807"
"410","2","3","7","34","52","216","395","549","674","C4280807"
"54903","2","3","12","76","153","40","38","54","75","C4280807"
"6390","2","3","2","48","170","50","119","444","556","C4280807"
"8626","2","3","3","19","221","321","428","541","667","C4280807"
"4540","2","3","2","48","170","50","119","444","556","C4280807"
"1281","2","5","7","53","51","342","454","573","492","C4280807"
"27235","2","3","2","48","170","50","304","167","593","C4280807"
"547","2","3","7","76","153","40","38","54","75","C4280807"
"9049","2","3","3","41","151","276","378","271","356","C4280807"
"368","2","3","12","41","116","268","423","536","445","C4280807"
"2146","2","3","12","19","31","1","426","55","78","C4280807"
"55636","2","3","3","19","221","321","428","423","389","C4280807"
"1387","2","3","12","19","31","276","91","433","118","C4280807"
"23245","2","3","12","76","137","76","136","472","435","C4280807"
"54551","2","3","12","41","219","197","156","568","422","C4280807"
"51259","2","3","2","76","153","40","38","54","75","C4280807"
